#Time_ps,0,0.5,1,2,3,5,10,20,30,50,100,200,
1,2e-07,0.0024128,0.0163002,0.034276,0.0646646,0.0347179,0.0671578,0.0244536,0.0498433,0.057188,0.0578427,0.0406496,
2,1e-07,0.0017574,0.010217,0.0539594,0.1010674,0.0488434,0.1042852,0.0668378,0.0422524,0.0482025,0.0508712,0.0420944,
3,1e-07,0.0014368,0.0130639,0.04901,0.0871818,0.044633,0.0929427,0.041693,0.0273038,0.04662,0.0637083,0.0311851,
4,1e-07,0.0023062,0.021865,0.0133974,0.0855049,0.0064927,0.0638705,0.0357286,0.0182518,0.0486562,0.0626039,0.0319279,
5,0.0,0.0048709,0.019592,0.0207714,0.0740023,0.0251074,0.0420058,0.028567,0.0509045,0.0605627,0.1056826,0.0385915,
6,1e-07,0.0095397,0.0341894,0.0387948,0.0180173,0.0344291,0.0150141,0.0883816,0.0737467,0.0736853,0.1049258,0.0521498,
7,0.0,0.0080089,0.0380605,0.0341677,0.0549487,0.0128188,0.0312472,0.0414609,0.0412532,0.0853135,0.0597677,0.0071334,
8,1e-07,0.0040944,0.0203485,0.0222327,0.0050601,0.0446572,0.0623251,0.0377384,0.0441187,0.0830282,0.1030094,0.0059565,
9,0.0,0.0016082,0.0213712,0.0361735,0.0272765,0.0510247,0.065747,0.0261662,0.0409989,0.1105582,0.0451167,0.0374868,
10,0.0,0.003003,0.0196981,0.0654714,0.058651,0.0399498,0.0389425,0.0259051,0.044267,0.0683971,0.0361606,0.0298072,
11,0.0,0.0017649,0.0233656,0.0452141,0.0569961,0.0376019,0.0674884,0.0365361,0.0603499,0.0600409,0.0356999,0.0382246,
12,1e-07,0.0013774,0.0139463,0.081373,0.0210969,0.0224043,0.0379977,0.0479902,0.0665866,0.0780632,0.0458481,0.0801222,
13,1e-07,0.0020512,0.0331148,0.0656813,0.0331493,0.0394346,0.0550282,0.0895713,0.0224603,0.0087744,0.0338026,0.0712908,
14,1e-07,0.0029152,0.0517002,0.0442082,0.0823208,0.0353833,0.046857,0.0554297,0.0609432,0.0437806,0.0211926,0.0235804,
15,1e-07,0.0070318,0.0190488,0.0671326,0.1314409,0.0597775,0.0915716,0.0525704,0.083337,0.0405786,0.0272172,0.0626277,
16,1e-07,0.0183357,0.0074431,0.0670726,0.0576695,0.0314313,0.036842,0.0437891,0.0784659,0.0547174,0.0220733,0.0963506,
17,1e-07,0.0111088,0.0065588,0.038677,0.0525424,0.0305788,0.0435712,0.0270376,0.036386,0.071404,0.0235905,0.0571648,
18,1e-07,0.0110492,0.0215337,0.0298305,0.0457002,0.0344663,0.0542401,0.0321621,0.031718,0.0565286,0.0306589,0.0471315,
19,2e-07,0.0053861,0.0332383,0.0225052,0.0436501,0.0654642,0.0525539,0.0377884,0.0254802,0.0670824,0.0609386,0.0564495,
20,3e-07,0.0147249,0.0386,0.0460761,0.0136829,0.0512134,0.0350696,0.0666953,0.0232159,0.0417835,0.0631513,0.0883581,
21,3e-07,0.0213711,0.0345304,0.0617638,0.0492649,0.0315847,0.0387028,0.081533,0.0282858,0.0363311,0.0644718,0.106831,
22,3e-07,0.0192287,0.0231837,0.0391218,0.0752333,0.0703188,0.0599453,0.0706743,0.0185933,0.0200653,0.0579703,0.1685425,
23,3e-07,0.0353681,0.073187,0.1048667,0.045741,0.1045459,0.0684156,0.1352535,0.055982,0.0528327,0.1025876,0.2538479,
24,3e-07,0.0389955,0.1248898,0.1129909,0.0860961,0.0958146,0.110407,0.1440926,0.0668823,0.071758,0.069297,0.2697649,
25,3e-07,0.0156603,0.0338083,0.0393394,0.0265092,0.0421776,0.0564294,0.0940609,0.055053,0.0480957,0.0480396,0.132982,
26,3e-07,0.0613042,0.0715834,0.0349272,0.0228233,0.0600389,0.0711673,0.1091846,0.0251888,0.0527435,0.0443339,0.0888155,
27,3e-07,0.0374013,0.0467579,0.0244999,0.0384914,0.0331774,0.0349264,0.0893678,0.0566423,0.0504435,0.0501469,0.0608454,
28,2e-07,0.0208336,0.0379027,0.0487548,0.0286605,0.062712,0.0345926,0.0691108,0.0738856,0.0179563,0.0546086,0.0351626,
29,2e-07,0.0155883,0.0186913,0.0307676,0.0341066,0.0665565,0.0869689,0.0470669,0.0228636,0.023556,0.0901977,0.0484043,
30,1e-07,0.0045941,0.0290607,0.0275304,0.0319036,0.0259852,0.0323124,0.013221,0.0352262,0.0343637,0.0738739,0.0513069,
31,1e-07,0.0039013,0.0125117,0.0386326,0.0389726,0.0371462,0.0352089,0.0303157,0.027964,0.0352275,0.0649229,0.0702316,
32,1e-07,0.0008943,0.0332868,0.0550626,0.0355156,0.0475376,0.0666951,0.0300641,0.0654226,0.0122116,0.068739,0.0946004,
33,2e-07,0.0063148,0.0347516,0.0515348,0.0206394,0.0665716,0.0176087,0.0514648,0.0626351,0.008882,0.096186,0.127306,
34,2e-07,0.003054,0.030453,0.0353023,0.0424595,0.0675147,0.1057113,0.0547075,0.0714741,0.0239868,0.0449006,0.1045302,
35,2e-07,0.0029669,0.0168679,0.0273815,0.0528824,0.0759862,0.059713,0.0352639,0.0392947,0.0065265,0.055441,0.1016414,
36,2e-07,0.0055563,0.0136502,0.0474653,0.0262522,0.0433396,0.0453541,0.0365211,0.0443424,0.0146231,0.0681635,0.0429244,
37,2e-07,0.0040466,0.0166539,0.0397126,0.0449093,0.0517764,0.0435795,0.0298479,0.0422367,0.0410762,0.0987677,0.0043875,
38,2e-07,0.0073759,0.031308,0.0317948,0.0236826,0.0343556,0.0376232,0.0172174,0.0221775,0.0569028,0.1294941,0.0383363,
39,2e-07,0.0279372,0.0114677,0.038016,0.0349323,0.0532851,0.0377775,0.0409353,0.0780069,0.0812419,0.0497105,0.0518119,
40,2e-07,0.0051788,0.0137948,0.0169004,0.0444442,0.0803466,0.032991,0.0599186,0.0765748,0.0861461,0.0717774,0.0470917,
41,2e-07,0.0063306,0.0320292,0.0481435,0.0828953,0.0818957,0.0902726,0.0935371,0.0918006,0.0631558,0.100434,0.0658255,
42,3e-07,0.0100164,0.0529319,0.0406349,0.0755139,0.0733951,0.0735154,0.0767088,0.0759025,0.0795621,0.0894111,0.0823196,
43,3e-07,0.0042977,0.0536115,0.0239289,0.0622256,0.0873969,0.0961181,0.0875706,0.0871658,0.0785292,0.1105283,0.1345124,
44,3e-07,0.0290125,0.0770039,0.0658818,0.0776573,0.1455588,0.1368366,0.1290424,0.053068,0.0661923,0.1077527,0.1836979,
45,3e-07,0.0803765,0.1116791,0.0865257,0.0872587,0.1772863,0.1560431,0.1867646,0.0539247,0.085657,0.14468,0.2354582,
46,3e-07,0.0837417,0.0841894,0.1062557,0.0920901,0.1832318,0.1782427,0.220694,0.1233719,0.1317803,0.2062568,0.2273024,
47,5e-07,0.0460996,0.0685464,0.1243335,0.1509148,0.2378604,0.1845441,0.3044401,0.141534,0.0843063,0.2638429,0.169822,
48,5e-07,0.0207354,0.0452364,0.0897026,0.1370409,0.1884968,0.1488608,0.2570516,0.1045772,0.0992906,0.188265,0.1268861,
49,5e-07,0.0154285,0.0615959,0.0833058,0.1546102,0.100264,0.127362,0.2189596,0.1317232,0.1649511,0.1037359,0.0565144,
50,5e-07,0.0243364,0.0303407,0.127183,0.1845061,0.1281424,0.1143452,0.251489,0.1396169,0.1937205,0.1293273,0.0760385,
51,5e-07,0.0183078,0.062401,0.107923,0.1858477,0.1504366,0.0801733,0.2708238,0.1486144,0.2116059,0.1665419,0.0514023,
52,5e-07,0.0119623,0.0313127,0.1027215,0.2055776,0.1249258,0.0742023,0.2519004,0.1227604,0.0866646,0.1307493,0.0790521,
53,5e-07,0.009928,0.0643836,0.0440061,0.1607786,0.1326252,0.0448439,0.3052872,0.1098712,0.0743497,0.1080556,0.1056836,
54,5e-07,0.0082354,0.043744,0.0410506,0.0585266,0.0436146,0.0433344,0.1447963,0.0426051,0.0732176,0.1434759,0.0712378,
55,5e-07,0.0069779,0.0235626,0.0551287,0.0750431,0.1206376,0.0969879,0.1704168,0.0769764,0.0969018,0.1444139,0.204118,
56,5e-07,0.0060544,0.036998,0.043049,0.1104381,0.1503697,0.1396598,0.1721664,0.1004707,0.0834853,0.1060639,0.1040846,
57,5e-07,0.0083243,0.0260123,0.0380679,0.0511767,0.0785574,0.047354,0.1540267,0.0403239,0.0330217,0.0978772,0.0750564,
58,5e-07,0.0011551,0.0440468,0.0674729,0.0426315,0.050489,0.0629437,0.159857,0.0778195,0.0785699,0.0833882,0.0427888,
59,5e-07,0.0067714,0.0575846,0.0717018,0.0684231,0.1234177,0.0909028,0.1284996,0.0797628,0.0658752,0.0504001,0.0877241,
60,5e-07,0.0103507,0.011694,0.0582016,0.0664493,0.0837153,0.0340709,0.0978306,0.076567,0.0335283,0.0447472,0.0539673,
61,5e-07,0.0051752,0.0629595,0.0401148,0.0339467,0.0370367,0.0423434,0.1345636,0.0818795,0.0422492,0.1192699,0.1303809,
62,5e-07,0.0059399,0.0359656,0.044151,0.0496185,0.0491794,0.0485439,0.0918771,0.0599045,0.0093158,0.0950786,0.1361137,
63,3e-07,0.0150298,0.0328031,0.0499678,0.0316073,0.0721236,0.0523867,0.0731004,0.0627172,0.0429733,0.0739379,0.1262986,
64,3e-07,0.0189437,0.0214635,0.0224013,0.044613,0.0707201,0.0506097,0.0736319,0.0630536,0.0939263,0.0570179,0.1302482,
65,3e-07,0.0097609,0.0096189,0.044793,0.0409499,0.0997643,0.0326598,0.0541598,0.0806483,0.0547119,0.0328765,0.1316262,
66,3e-07,0.024625,0.0183933,0.0365939,0.0544734,0.1356162,0.0290411,0.0819153,0.0315839,0.0616249,0.1119131,0.1002135,
67,3e-07,0.0156297,0.037411,0.0552409,0.0561552,0.1094432,0.0601761,0.0764237,0.0425691,0.0860215,0.0978242,0.1355591,
68,3e-07,0.0030743,0.0364438,0.0540066,0.0569603,0.1035585,0.0276635,0.0182105,0.0461691,0.0477584,0.0401099,0.0826167,
69,2e-07,0.0019649,0.0336977,0.0676173,0.0918636,0.087634,0.0594781,0.0237811,0.0417618,0.0739256,0.1567117,0.0422604,
70,2e-07,0.0058348,0.0986456,0.077976,0.0924562,0.0286217,0.1341933,0.0637905,0.063654,0.1323556,0.1079363,0.0971923,
71,2e-07,0.0072416,0.0966678,0.1318016,0.067055,0.0791504,0.1968854,0.0626197,0.2143583,0.2332927,0.0921224,0.1422876,
72,1e-07,0.0079,0.0517249,0.1203509,0.0552682,0.1441329,0.2531933,0.1487549,0.0660973,0.2486706,0.1359912,0.1238088,
73,2e-07,0.0053151,0.0302012,0.0686534,0.1052447,0.0860824,0.0785172,0.0514789,0.0537472,0.0947784,0.0788995,0.0950831,
74,2e-07,0.0050746,0.0355987,0.0330583,0.050184,0.0694799,0.0359359,0.0620694,0.0527605,0.0480038,0.0698086,0.0862547,
75,3e-07,0.0119829,0.0313206,0.0379622,0.0719872,0.0742377,0.0457977,0.0534559,0.0404592,0.0813973,0.0848628,0.0549148,
76,3e-07,0.0081852,0.0393884,0.0380684,0.0647569,0.0459618,0.0404534,0.0903419,0.0510723,0.126858,0.1565144,0.0725941,
77,2e-07,0.0039804,0.0235806,0.0375278,0.0312802,0.0278023,0.0482228,0.1012276,0.0486374,0.0593951,0.1149178,0.1033025,
78,2e-07,0.0024342,0.0417071,0.0333867,0.0449016,0.0739874,0.052046,0.0832099,0.0367799,0.0759638,0.0674191,0.0779247,
79,2e-07,0.0055655,0.028703,0.0441753,0.0427339,0.0925539,0.0785642,0.057129,0.0904242,0.0743984,0.0499776,0.0913179,
80,2e-07,0.0060279,0.0719936,0.057329,0.0332627,0.0812049,0.0369828,0.0451731,0.0403694,0.089034,0.0631247,0.0556979,
81,2e-07,0.0095532,0.0422363,0.0367743,0.0386178,0.0941897,0.0450384,0.0386595,0.051231,0.0895991,0.0759645,0.0907292,
82,2e-07,0.003856,0.029389,0.0420155,0.0440598,0.0987988,0.0738649,0.0289549,0.0697553,0.050293,0.1119508,0.1002144,
83,3e-07,0.0053706,0.0088052,0.0466158,0.0226498,0.0555873,0.0664498,0.0536737,0.0561027,0.0398093,0.0136608,0.0482756,
84,2e-07,0.0097401,0.0291584,0.0294154,0.0544901,0.0983698,0.0281129,0.0609345,0.0625479,0.0629827,0.0559771,0.0574725,
85,2e-07,0.006702,0.0300685,0.0390185,0.0495909,0.0871424,0.0470538,0.0531721,0.0907177,0.0318486,0.0591794,0.0133913,
86,2e-07,0.0072958,0.0225736,0.0506435,0.0159386,0.0326648,0.0438546,0.0413724,0.0709522,0.0325757,0.0951689,0.0197229,
87,2e-07,0.0026406,0.0096288,0.0364325,0.018388,0.0459685,0.0297808,0.0550059,0.0500256,0.0329199,0.0776387,0.0694301,
88,2e-07,0.0064473,0.0192806,0.0350451,0.0147749,0.0466015,0.0566773,0.0672749,0.0329554,0.0680586,0.063252,0.0572739,
89,2e-07,0.0016408,0.0120915,0.0481058,0.0221777,0.053989,0.0483163,0.0711375,0.0298109,0.0486959,0.0526608,0.1007868,
90,2e-07,0.0020218,0.0118546,0.0545182,0.0282508,0.0338196,0.0373554,0.0809933,0.0162644,0.0138307,0.0405964,0.0955484,
91,2e-07,0.0047612,0.0237407,0.0471246,0.0211528,0.0420062,0.0687786,0.0915108,0.0307856,0.0173967,0.1337984,0.0894877,
92,2e-07,0.00309,0.0407999,0.0621568,0.0555308,0.0620328,0.0556771,0.1202026,0.0630161,0.0123619,0.2410344,0.1578137,
93,2e-07,0.008987,0.0286752,0.0793455,0.0818178,0.0850201,0.0477929,0.0717468,0.0573052,0.059774,0.2035824,0.1254134,
94,1e-07,0.0053378,0.032763,0.0308603,0.0300629,0.0218519,0.0546446,0.0935269,0.0619464,0.0276711,0.0891696,0.162179,
95,1e-07,0.0016559,0.0255315,0.0425372,0.0428239,0.0309778,0.0480166,0.0437027,0.0329526,0.0654161,0.0752305,0.1453208,
96,1e-07,0.0003257,0.0160048,0.0765614,0.06392,0.0525676,0.1195423,0.1023202,0.0950299,0.0639831,0.146521,0.1673414,
97,1e-07,0.0045404,0.020249,0.0856176,0.0451688,0.0486562,0.0492022,0.0679111,0.0665729,0.021694,0.110865,0.1325562,
98,1e-07,0.0038527,0.0126956,0.0796857,0.022344,0.0631086,0.0690556,0.0451556,0.0968487,0.0408239,0.0940478,0.1134264,
99,1e-07,0.0021002,0.0422409,0.0825622,0.0484937,0.0733556,0.044231,0.0456899,0.0596656,0.0360037,0.1063473,0.1218793,
100,2e-07,0.0024366,0.0524242,0.0546178,0.0505144,0.0358608,0.044751,0.0566628,0.0424238,0.0594107,0.1312913,0.1143336,
101,2e-07,0.0016298,0.0424299,0.0265518,0.0413068,0.0479692,0.0602016,0.0388545,0.0631354,0.0414292,0.0951103,0.0717717,
102,2e-07,0.0082274,0.0267314,0.0218113,0.0599317,0.0308312,0.0650735,0.0918226,0.0353555,0.0590739,0.1259179,0.062892,
103,3e-07,0.0052082,0.0160562,0.0526076,0.0613473,0.0469133,0.0595627,0.0867352,0.067346,0.0459687,0.1316386,0.0608347,
104,3e-07,0.0031312,0.0237558,0.0478945,0.0380682,0.0481428,0.0639956,0.070103,0.0776215,0.0501621,0.1358673,0.0882594,
105,3e-07,0.0048242,0.0154748,0.0502826,0.0243188,0.071342,0.069941,0.0478941,0.0742995,0.0703079,0.1250147,0.0898179,
106,3e-07,0.002832,0.0289242,0.0388284,0.0155781,0.0816841,0.0767248,0.0169719,0.0492155,0.0524382,0.0621517,0.1307723,
107,3e-07,0.005109,0.0281602,0.0323304,0.0409484,0.1159912,0.0825902,0.0453139,0.0482052,0.0476467,0.0786268,0.1792354,
108,3e-07,0.0043676,0.0236576,0.0320039,0.0586169,0.1157004,0.1084223,0.0123486,0.0190244,0.0317645,0.0756672,0.1334843,
109,2e-07,0.0042761,0.0258178,0.0504207,0.061949,0.127729,0.1242164,0.0517988,0.0417304,0.0469779,0.0593029,0.101617,
110,2e-07,0.0028831,0.0115493,0.0510138,0.0385291,0.1238517,0.1228317,0.0290399,0.0558807,0.0587039,0.0682665,0.0788041,
111,2e-07,0.0020908,0.0355274,0.046844,0.071902,0.1143896,0.1012511,0.0364091,0.0409811,0.0500856,0.0860339,0.0177447,
112,1e-07,0.0013724,0.0167554,0.0387508,0.0364159,0.0955519,0.0448643,0.036524,0.0356465,0.0344156,0.0363884,0.0262034,
113,1e-07,0.0059012,0.0028661,0.0359459,0.0359794,0.0816228,0.0473292,0.0410556,0.0423256,0.0435353,0.0334121,0.0196172,
114,1e-07,0.0057195,0.0043054,0.0259869,0.0627356,0.0593858,0.0351099,0.0337616,0.068439,0.0097709,0.0434327,0.0448605,
115,1e-07,0.0046097,0.0192115,0.045997,0.0570366,0.0548965,0.0309653,0.0441492,0.0517517,0.0165623,0.0090841,0.0283823,
116,1e-07,0.0069949,0.0292157,0.0280803,0.0362861,0.0358154,0.0266718,0.0226896,0.0474375,0.0521493,0.0131875,0.0439715,
117,2e-07,0.0052243,0.0358524,0.0561309,0.0379853,0.0528964,0.0223023,0.0468208,0.0576629,0.0755063,0.0282235,0.0666434,
118,2e-07,0.0140863,0.0056349,0.0280554,0.0700425,0.0328334,0.0229234,0.0453463,0.0574515,0.0561001,0.030379,0.0889277,
119,2e-07,0.0053285,0.0242124,0.0629055,0.0734028,0.0952928,0.0243966,0.1235543,0.0419053,0.0636801,0.0336812,0.1668048,
120,2e-07,0.0098681,0.042584,0.0630951,0.0630087,0.0838362,0.0279183,0.0735024,0.0312118,0.0364801,0.0574179,0.132046,
121,1e-07,0.0110835,0.0238989,0.0629274,0.062932,0.0614494,0.033528,0.0590143,0.0538819,0.0814821,0.0450049,0.120829,
122,1e-07,0.0085984,0.0276762,0.0245688,0.051335,0.0273457,0.0517002,0.0589364,0.0155501,0.0894615,0.0248951,0.0668211,
123,1e-07,0.011921,0.0109586,0.0395811,0.0441534,0.0569865,0.0214328,0.0244131,0.0391672,0.0944039,0.0603665,0.0381975,
124,1e-07,0.0058191,0.0166255,0.0308362,0.0314024,0.032249,0.0507723,0.0463042,0.0332663,0.0062283,0.0502745,0.0354264,
125,0.0,0.006753,0.0072457,0.0283929,0.0148143,0.0366156,0.0215703,0.0572408,0.016506,0.0439867,0.0249854,0.0161005,
126,1e-07,0.0044288,0.0098182,0.0346125,0.0353462,0.0233538,0.0165892,0.0371077,0.0548907,0.0446586,0.0298141,0.0055736,
127,1e-07,0.002162,0.0240275,0.0391032,0.0332618,0.0435295,0.0436103,0.0567292,0.036631,0.0480948,0.0194298,0.0365653,
128,1e-07,0.0023093,0.0225935,0.0171231,0.0231982,0.0362079,0.1005452,0.0250234,0.0403738,0.0416058,0.0157628,0.0214071,
129,1e-07,0.0015012,0.0168755,0.0417485,0.0332812,0.1197614,0.1187382,0.0326871,0.0390383,0.0352727,0.0490827,0.0551182,
130,1e-07,0.0025186,0.0329551,0.0374868,0.0258548,0.0995671,0.1076396,0.0139486,0.0179637,0.0474525,0.0576568,0.077287,
131,2e-07,0.0077929,0.0306244,0.0168855,0.0332766,0.0955599,0.111338,0.0588038,0.0184888,0.04149,0.046422,0.0977558,
132,3e-07,0.0108745,0.0250621,0.0175095,0.0117943,0.1044053,0.0653538,0.075046,0.0206267,0.0232561,0.1029018,0.102493,
133,2e-07,0.0146419,0.0205171,0.0320098,0.0768084,0.0858577,0.0709329,0.099091,0.0576198,0.04363,0.0344959,0.0781581,
134,2e-07,0.0115557,0.0195586,0.0274091,0.0735268,0.0765058,0.0658204,0.0802269,0.0593698,0.0591337,0.0456497,0.0650478,
135,2e-07,0.0163283,0.0141274,0.0519368,0.0471368,0.0590879,0.0361644,0.0765846,0.0503787,0.0417866,0.0208514,0.074482,
136,1e-07,0.0133863,0.0254381,0.0554523,0.0121261,0.0230842,0.105231,0.0639205,0.0019391,0.0518499,0.0239395,0.0398741,
137,1e-07,0.009263,0.0040975,0.0330329,0.0691043,0.0462033,0.0992014,0.0352429,0.0377528,0.0605716,0.0490833,0.0663137,
138,1e-07,0.0129848,0.0125194,0.0358354,0.0799402,0.0638546,0.0232897,0.0630442,0.0347414,0.0408733,0.0436174,0.0989674,
139,1e-07,0.020973,0.0183024,0.0224644,0.0285882,0.0232694,0.025192,0.0573113,0.0259097,0.0192806,0.0442318,0.0441754,
140,2e-07,0.0403231,0.0331997,0.0181974,0.0088038,0.0246068,0.0147255,0.072544,0.0174675,0.0224584,0.0397021,0.0559237,
141,2e-07,0.0275615,0.0318293,0.0327442,0.0282361,0.0262671,0.0168128,0.0476942,0.0314635,0.0337462,0.0261244,0.0766119,
142,3e-07,0.0963267,0.0785986,0.1137586,0.1390953,0.0620714,0.0873194,0.0441095,0.0283679,0.0460958,0.048279,0.1737296,
143,3e-07,0.1358406,0.0431965,0.1929582,0.1278468,0.1245203,0.092638,0.0523563,0.039289,0.0405538,0.0434053,0.1781995,
144,2e-07,0.0196037,0.0143535,0.1018745,0.01779,0.020077,0.0383976,0.0350999,0.0336837,0.0193778,0.0499591,0.0810854,
145,2e-07,0.0431224,0.0374256,0.0863171,0.0380884,0.0251628,0.043822,0.0512097,0.0528333,0.0356659,0.0886458,0.03789,
146,2e-07,0.0406557,0.0308998,0.051999,0.0282202,0.0271257,0.0693969,0.0370302,0.0838412,0.0137101,0.0246744,0.0235112,
147,1e-07,0.0054382,0.0238531,0.0311179,0.038434,0.0234257,0.0465155,0.025603,0.0486102,0.0259735,0.0683961,0.041967,
148,1e-07,0.0080966,0.0266593,0.0213627,0.0529236,0.043832,0.0415153,0.0416454,0.0491598,0.0543877,0.0446756,0.0277166,
149,1e-07,0.0090864,0.0379939,0.0368622,0.0558438,0.057772,0.0781917,0.0321984,0.0541367,0.0498044,0.0481802,0.054913,
150,1e-07,0.0028312,0.0160075,0.0070354,0.0328139,0.0812365,0.1470634,0.0320714,0.0264725,0.0310535,0.041461,0.0469633,
151,2e-07,0.004203,0.0119,0.0186673,0.0350508,0.0981471,0.117042,0.0488491,0.0437066,0.0184355,0.0450242,0.0332792,
152,1e-07,0.0046237,0.0171395,0.0395013,0.0515318,0.0657066,0.0812024,0.0585217,0.0445851,0.0471969,0.0939841,0.0236681,
153,1e-07,0.0043269,0.0293889,0.0257351,0.053733,0.0498062,0.0344632,0.0756712,0.0356196,0.0552927,0.1334217,0.0589027,
154,1e-07,0.0046023,0.0420762,0.0395957,0.0449508,0.052443,0.0259195,0.1205616,0.064738,0.0887132,0.1651659,0.1057539,
155,1e-07,0.0088797,0.0458932,0.0594019,0.0286891,0.0472554,0.0240469,0.1130866,0.0745416,0.0820555,0.0956951,0.1200407,
156,2e-07,0.0040804,0.0071893,0.0420712,0.0219429,0.0379621,0.0443395,0.0671406,0.0549399,0.0706631,0.101436,0.0629187,
157,2e-07,0.003922,0.0197907,0.0585461,0.0384702,0.0449099,0.0516887,0.0602499,0.0336044,0.0586796,0.0767416,0.0525603,
158,2e-07,0.0036854,0.0212493,0.0377195,0.0560933,0.0374574,0.0604105,0.0446488,0.0475854,0.0590687,0.0514689,0.0504466,
159,1e-07,0.0065509,0.0148975,0.0654489,0.0549783,0.0524129,0.0566158,0.0673009,0.0163207,0.0302179,0.050428,0.060526,
160,3e-07,0.0102416,0.0159669,0.0406702,0.0808391,0.0606303,0.0408839,0.0541785,0.0383173,0.035136,0.0565652,0.0760774,
161,3e-07,0.0150098,0.0141302,0.0337421,0.0359717,0.0439795,0.0411029,0.0317594,0.0949818,0.0477393,0.0532647,0.0472073,
162,2e-07,0.0120611,0.024837,0.0423821,0.0374611,0.0145149,0.0332013,0.0294177,0.1115543,0.037777,0.0626757,0.0306484,
163,2e-07,0.0445489,0.0325928,0.0233,0.0709264,0.0407139,0.0094425,0.0142953,0.0691957,0.0419382,0.0344368,0.0373712,
164,2e-07,0.0388918,0.0125889,0.0360481,0.0568076,0.0346676,0.0500076,0.0599443,0.0774314,0.0552347,0.0896485,0.0876491,
165,2e-07,0.0274136,0.0308581,0.0366133,0.0621112,0.0190712,0.0220009,0.0632378,0.0847131,0.0380839,0.0794135,0.0912815,
166,2e-07,0.0367626,0.0151401,0.0466343,0.028839,0.0122413,0.0422502,0.0558744,0.1000058,0.0557946,0.0767679,0.1002526,
167,2e-07,0.0377452,0.0196189,0.0447079,0.0458561,0.0809554,0.038049,0.0639394,0.0761337,0.1006893,0.0496275,0.0865631,
168,3e-07,0.0297171,0.0558393,0.0621814,0.0477321,0.1059725,0.0648254,0.0939183,0.0439627,0.190062,0.0802767,0.0887361,
169,2e-07,0.0206824,0.0451324,0.0517867,0.0461818,0.0734196,0.0475528,0.0486796,0.0620285,0.0747698,0.1141736,0.0596721,
170,1e-07,0.0194476,0.0260616,0.0689633,0.0603256,0.0852028,0.059956,0.1387342,0.0575111,0.0856911,0.1177794,0.0881194,
171,2e-07,0.0080445,0.0098143,0.0214688,0.0528019,0.0622776,0.0318005,0.0543508,0.0276766,0.0647835,0.0775485,0.1008982,
172,2e-07,0.0252159,0.0208394,0.0305363,0.0215202,0.0337522,0.0142248,0.0342358,0.0326161,0.0267546,0.0444457,0.0681178,
173,2e-07,0.0209375,0.0236816,0.040167,0.0651956,0.0255808,0.0500168,0.0677472,0.0379167,0.0218702,0.0326588,0.0806488,
174,2e-07,0.0103093,0.0160931,0.046315,0.0766327,0.0135271,0.073318,0.091275,0.0628587,0.0497865,0.0824096,0.0914598,
175,2e-07,0.0148136,0.0250051,0.045994,0.0602644,0.0262577,0.0488904,0.072387,0.0947476,0.0182994,0.0464627,0.0453721,
176,2e-07,0.0094016,0.0293545,0.037908,0.0301015,0.0466396,0.0608505,0.0544205,0.0761599,0.0496694,0.0618241,0.0618082,
177,2e-07,0.005884,0.0122166,0.0571156,0.0241666,0.0375667,0.0830782,0.0292719,0.0289751,0.0311977,0.0699552,0.0716151,
178,3e-07,0.006166,0.0237851,0.0549175,0.050396,0.0318473,0.0990898,0.0379797,0.0679837,0.0642571,0.0827562,0.0896773,
179,3e-07,0.00835,0.0257251,0.074938,0.0604803,0.0884293,0.0676085,0.0363767,0.0915705,0.0157946,0.0762481,0.0381626,
180,2e-07,0.0070122,0.0250465,0.0421865,0.0592402,0.0175032,0.0245908,0.041363,0.066811,0.0228762,0.0668604,0.0555674,
181,3e-07,0.0136545,0.0308589,0.037611,0.0814873,0.0288503,0.049385,0.073911,0.0376663,0.0262526,0.0460534,0.0788464,
182,2e-07,0.0079193,0.0309054,0.0154502,0.0457694,0.0274533,0.0734103,0.0490256,0.0408858,0.0159418,0.0209696,0.1056393,
183,2e-07,0.0118914,0.0445396,0.0223757,0.0673302,0.0444403,0.1051877,0.0604579,0.0750005,0.0170642,0.0624192,0.1235038,
184,3e-07,0.0075193,0.049929,0.0326221,0.0422745,0.070707,0.0443135,0.0889237,0.0175642,0.0602738,0.0705171,0.0397581,
185,2e-07,0.0088609,0.0367901,0.0275474,0.0863319,0.0567376,0.0620907,0.0368606,0.0582229,0.037451,0.024601,0.0861399,
186,2e-07,0.0136358,0.0236686,0.062298,0.0421357,0.0320787,0.0509345,0.0720215,0.0491493,0.066796,0.0537829,0.1099119,
187,2e-07,0.0064189,0.0314295,0.0532388,0.0635231,0.0516967,0.0823184,0.1193916,0.0527213,0.0533757,0.0789845,0.0491093,
188,2e-07,0.012033,0.024373,0.0537733,0.0776948,0.0512053,0.0746165,0.2063828,0.0371996,0.0774807,0.1227984,0.1331508,
189,3e-07,0.0353565,0.0288201,0.0872874,0.1164864,0.1113503,0.1436069,0.1943039,0.1432553,0.0923395,0.1284683,0.1700854,
190,5e-07,0.0216501,0.0523132,0.1111128,0.1483364,0.1201787,0.1588663,0.1287604,0.1398751,0.0876989,0.1077872,0.1356376,
191,5e-07,0.0283205,0.0395305,0.017552,0.0736671,0.0617281,0.1016902,0.0425298,0.1460556,0.0567479,0.1239867,0.0836658,
192,2e-07,0.0295927,0.0280617,0.0519771,0.0649989,0.077135,0.1204114,0.0402764,0.0231753,0.0376032,0.054168,0.0785833,
193,2e-07,0.0110901,0.0356173,0.0976849,0.0383503,0.0475257,0.0895593,0.0675716,0.0548182,0.0292193,0.0417898,0.0910001,
194,2e-07,0.0091394,0.0376286,0.068098,0.0296923,0.0197946,0.0701913,0.0927394,0.1309266,0.0509274,0.0712567,0.0766459,
195,2e-07,0.0112041,0.0082356,0.0646215,0.0674826,0.0542643,0.0775344,0.0682088,0.1603788,0.0357753,0.08805,0.0772712,
196,3e-07,0.0130421,0.016661,0.0383991,0.0509901,0.034029,0.0576674,0.0704653,0.1556014,0.0679379,0.1403009,0.0656583,
197,2e-07,0.0044976,0.0327076,0.0445785,0.0645316,0.0691195,0.0927419,0.0726506,0.0892651,0.0278148,0.1474542,0.0993092,
198,3e-07,0.0158199,0.0312999,0.0516221,0.0325919,0.0615269,0.0146,0.0375187,0.0499936,0.0282733,0.1258875,0.1027726,
199,2e-07,0.008216,0.0255013,0.0161478,0.0280267,0.0931416,0.0636533,0.068182,0.0286018,0.0619095,0.0713978,0.0840973,
200,2e-07,0.0026871,0.0168728,0.0295893,0.0332907,0.0912798,0.0727444,0.0440918,0.0183154,0.0441491,0.0698514,0.0838302,
201,2e-07,0.0031583,0.0139831,0.0454361,0.0296884,0.0590324,0.0585491,0.0252341,0.0113087,0.0483216,0.1214747,0.0674659,
202,3e-07,0.0056747,0.0069053,0.0333923,0.0436459,0.0748868,0.1027215,0.0585407,0.0433591,0.054998,0.1074123,0.0486072,
203,1e-07,0.0017466,0.0152366,0.0323895,0.054741,0.0572446,0.0807136,0.0466682,0.0531607,0.046801,0.0524083,0.0392806,
204,1e-07,0.0019865,0.0198477,0.0274385,0.0351218,0.0539112,0.0536927,0.0204997,0.0526353,0.0319355,0.0730956,0.0270238,
205,2e-07,0.0022717,0.0228348,0.0369056,0.0419489,0.0389332,0.0415788,0.0380476,0.0307163,0.0409671,0.0261218,0.0303362,
206,2e-07,0.0021681,0.0191779,0.0076997,0.0238861,0.045241,0.0509911,0.072008,0.0484616,0.0642401,0.0215164,0.0172981,
207,1e-07,0.0003175,0.0070986,0.0486327,0.0230498,0.0257539,0.0338663,0.0403576,0.0692659,0.0354184,0.0689666,0.0182155,
208,1e-07,0.0015825,0.0083994,0.0525059,0.0221788,0.039795,0.0404568,0.0470426,0.034272,0.0311272,0.0543822,0.0344979,
209,2e-07,0.0014204,0.0129177,0.0451687,0.0433519,0.0453528,0.0480676,0.0785016,0.0483622,0.0361871,0.039254,0.0317262,
210,1e-07,0.0021828,0.0125431,0.0390727,0.0474011,0.0380773,0.0160989,0.0691473,0.0625914,0.0722403,0.0220956,0.0101843,
211,1e-07,0.0022965,0.0147259,0.0161204,0.0237063,0.0440126,0.035809,0.1178978,0.0442554,0.0489428,0.0452459,0.0497148,
212,2e-07,0.0031939,0.0291121,0.0209068,0.0177859,0.0629742,0.0445008,0.0599433,0.0578506,0.0626569,0.0313438,0.0512377,
213,3e-07,0.002295,0.0292674,0.019625,0.0275954,0.0855367,0.0429206,0.0950917,0.0519965,0.0740564,0.0783345,0.063764,
214,2e-07,0.0016059,0.037835,0.0278298,0.0415608,0.1349424,0.0345616,0.0695276,0.0393163,0.0688815,0.0834143,0.0771772,
215,2e-07,0.0036412,0.0538748,0.0280813,0.0541077,0.1151853,0.0593954,0.1027411,0.1206444,0.0869464,0.0753832,0.0521471,
216,2e-07,0.0042162,0.0447777,0.027353,0.0444796,0.0802018,0.0309439,0.0876506,0.1070412,0.1250822,0.0693578,0.0594953,
217,1e-07,0.0044782,0.028597,0.0476098,0.0536686,0.0708736,0.0503495,0.0913108,0.0691381,0.1026525,0.0539516,0.0506257,
218,1e-07,0.0012683,0.0085753,0.0330536,0.0413966,0.0731778,0.0822736,0.0963834,0.034101,0.1022888,0.0164656,0.0590601,
219,1e-07,0.0014163,0.0088427,0.02278,0.0535135,0.0522508,0.0433027,0.0823328,0.0499273,0.0718545,0.0535622,0.0682354,
220,2e-07,0.0014113,0.0049245,0.0229787,0.0431843,0.0377619,0.0481638,0.0653654,0.083519,0.091552,0.0557897,0.0502922,
221,2e-07,0.0034463,0.0052664,0.062386,0.0429735,0.0413474,0.0324018,0.0657887,0.0859621,0.0528751,0.0697036,0.0402753,
222,2e-07,0.001451,0.004971,0.0288746,0.0548756,0.044752,0.050439,0.0375185,0.0892924,0.0539681,0.1057112,0.0983848,
223,2e-07,0.002544,0.0035387,0.0266103,0.0650565,0.0586591,0.0582835,0.0689587,0.1431146,0.067088,0.067625,0.0577186,
224,2e-07,0.0056957,0.0551376,0.0409428,0.0792994,0.0478032,0.0652252,0.0681444,0.1431844,0.0653596,0.0992699,0.1076281,
225,2e-07,0.0026028,0.0254079,0.0321934,0.0887201,0.0629109,0.0769826,0.0393488,0.1545405,0.0455092,0.0870155,0.1114834,
226,3e-07,0.0034966,0.0164093,0.0465156,0.0644958,0.0227189,0.1175756,0.027617,0.1419759,0.0814075,0.0926627,0.123978,
227,3e-07,0.0003232,0.008654,0.0347912,0.0725446,0.0290475,0.1226179,0.0320044,0.0844913,0.0920528,0.1165116,0.1197867,
228,3e-07,0.0035606,0.0312348,0.0354591,0.0979734,0.0717915,0.1296205,0.0240796,0.0911009,0.0951381,0.0932777,0.1799217,
229,3e-07,0.0023992,0.0152471,0.025161,0.1141368,0.0880045,0.11114,0.0418465,0.1259151,0.0612118,0.1128841,0.0992688,
230,3e-07,0.0012699,0.0090166,0.0269639,0.0920122,0.0891157,0.1262338,0.0398332,0.1158938,0.0895851,0.105932,0.1060149,
231,3e-07,0.0033519,0.0213612,0.0268219,0.0535031,0.0603162,0.1310304,0.0381484,0.1194998,0.0898231,0.1064358,0.1949759,
232,3e-07,0.0045072,0.0323151,0.0428357,0.0438275,0.0145268,0.1319465,0.0282621,0.1207099,0.0789742,0.1612339,0.1820829,
233,3e-07,0.0025738,0.0246817,0.0777577,0.0702997,0.0945968,0.1538631,0.0315404,0.1249066,0.0690699,0.1795917,0.1779917,
234,2e-07,0.0036029,0.0154398,0.0920534,0.1154932,0.061725,0.1499033,0.0738381,0.081599,0.0808315,0.0247107,0.1323213,
235,3e-07,0.0023666,0.0271422,0.0643586,0.1285589,0.0847354,0.124891,0.1066216,0.1562548,0.1237683,0.1920612,0.1656056,
236,3e-07,0.0068337,0.0431746,0.0547685,0.0459388,0.113179,0.1600822,0.089755,0.0988964,0.1377803,0.0908704,0.1596457,
237,2e-07,0.0079323,0.0465284,0.0359102,0.0527831,0.0795641,0.0317234,0.061308,0.0435678,0.0895995,0.0345745,0.1675749,
238,2e-07,0.0081558,0.0428195,0.0223592,0.0809307,0.0408405,0.0637935,0.0628054,0.0557933,0.0485033,0.1256454,0.1323145,
239,2e-07,0.0059591,0.0247462,0.0364354,0.0329672,0.0376607,0.0338118,0.0459766,0.0203992,0.0604712,0.1091689,0.1237495,
240,3e-07,0.0073986,0.0260374,0.0329352,0.0186325,0.0863083,0.0670573,0.0389472,0.0254074,0.0781073,0.1162225,0.1338281,
241,3e-07,0.0050117,0.0280261,0.1260386,0.0229641,0.0915829,0.1147306,0.0445153,0.0403401,0.0964192,0.0968768,0.1159375,
242,3e-07,0.0040059,0.0155855,0.0559088,0.0100881,0.0861389,0.1111462,0.0810344,0.0353845,0.0846991,0.0681571,0.1115563,
243,3e-07,0.0024409,0.0180653,0.0670691,0.0281199,0.0561032,0.169028,0.050102,0.0236443,0.1010514,0.1502668,0.1150436,
244,3e-07,0.0022689,0.0071245,0.0654352,0.0218523,0.0515105,0.1595589,0.0353668,0.0449848,0.0906963,0.0985431,0.1561036,
245,3e-07,0.0034291,0.0295284,0.0487272,0.0657094,0.0652297,0.1627578,0.0265228,0.0439991,0.0918464,0.0622889,0.1865211,
246,3e-07,0.0003218,0.0222343,0.0375086,0.0464749,0.0399648,0.1696788,0.0170842,0.0631706,0.0833928,0.0735073,0.1599262,
247,3e-07,0.0028388,0.0463831,0.0262226,0.0417438,0.0330519,0.1179564,0.0383866,0.0809439,0.0717483,0.0483507,0.1508872,
248,3e-07,0.0024423,0.0447291,0.0309943,0.0576916,0.0704044,0.1464853,0.0390341,0.065391,0.0780506,0.0312923,0.1328957,
249,3e-07,0.0026909,0.0325469,0.0425958,0.0585241,0.054938,0.1400274,0.0511951,0.0402849,0.0812062,0.0313556,0.1253332,
250,2e-07,0.0019365,0.0108855,0.0442526,0.0344311,0.0401634,0.1064426,0.0477264,0.0250726,0.0277763,0.0532982,0.0785911,
251,2e-07,0.0029482,0.0085895,0.0729585,0.0329642,0.0489338,0.1080963,0.0537178,0.057129,0.0472151,0.0321303,0.1499309,
252,2e-07,0.0027419,0.0362918,0.0810359,0.0575054,0.0833006,0.069597,0.0383642,0.0815292,0.042892,0.0039859,0.1281938,
253,2e-07,0.0022784,0.0231559,0.0444065,0.0316803,0.0690019,0.1045089,0.0505353,0.0598344,0.0126524,0.0203833,0.0720882,
254,2e-07,0.0040316,0.0136078,0.0680396,0.0503204,0.0217055,0.1264362,0.0427827,0.0658349,0.02333,0.0401144,0.1109154,
255,2e-07,0.0042715,0.0052418,0.0630999,0.0829177,0.0857808,0.1279891,0.0380968,0.084476,0.0503366,0.0417482,0.1107819,
256,2e-07,0.0017849,0.0173595,0.040364,0.0431697,0.0741789,0.1281847,0.0277738,0.1001005,0.0520436,0.0468521,0.1449351,
257,2e-07,0.0012861,0.0208964,0.0244805,0.0534739,0.0645291,0.1400311,0.0340585,0.06439,0.0093475,0.0836814,0.138489,
258,2e-07,0.0022688,0.048892,0.0431979,0.0529804,0.0740739,0.1485243,0.0880395,0.075889,0.0565084,0.0940977,0.1036703,
259,2e-07,0.0021405,0.010743,0.0625565,0.0576875,0.0407434,0.1212789,0.0612722,0.0910131,0.0938908,0.0967357,0.1229869,
260,2e-07,0.0023047,0.0089109,0.0606536,0.011672,0.047186,0.1139979,0.07833,0.0705479,0.0523885,0.0864595,0.1155188,
261,2e-07,0.002593,0.0160485,0.0339689,0.0150185,0.0211734,0.1069231,0.0631872,0.0758885,0.0731959,0.0690535,0.0963642,
262,2e-07,0.0033498,0.0189524,0.0176073,0.016547,0.0319224,0.11206,0.037095,0.0422645,0.0797796,0.1218346,0.1182187,
263,2e-07,0.0027439,0.0213856,0.0174451,0.0365731,0.0302486,0.0842429,0.0367278,0.1149938,0.0788346,0.0939059,0.1064786,
264,2e-07,0.0011833,0.0221796,0.0259824,0.0476614,0.0463622,0.0614307,0.0530235,0.0538622,0.0642495,0.040171,0.0585528,
265,2e-07,0.0009604,0.0142882,0.0218256,0.0513709,0.0494729,0.081594,0.0435305,0.0713823,0.0410707,0.0460144,0.0760719,
266,2e-07,0.0017519,0.0077662,0.0246479,0.0595623,0.0604029,0.0912421,0.0638976,0.09896,0.0215193,0.0384821,0.0797333,
267,2e-07,0.0015654,0.0057246,0.0261718,0.047315,0.0678184,0.0890349,0.0461841,0.1075676,0.0314804,0.0598388,0.05661,
268,2e-07,0.0007701,0.0104335,0.0405553,0.0350961,0.0642601,0.0883993,0.0481551,0.088388,0.0210543,0.0313847,0.0513483,
269,2e-07,0.0007712,0.0138963,0.0510243,0.0576871,0.0712926,0.0815035,0.0449282,0.1180774,0.0124549,0.0268892,0.0320978,
270,2e-07,0.0011211,0.0177921,0.0493046,0.0309245,0.1076554,0.0826019,0.0352937,0.1342523,0.0631738,0.0359158,0.0393075,
271,1e-07,0.0025153,0.0114935,0.0273508,0.0622994,0.0989088,0.0534821,0.0340819,0.1285184,0.1284416,0.0316246,0.0803511,
272,1e-07,0.0044957,0.0074834,0.0940991,0.1281598,0.1082705,0.0450315,0.0638084,0.1288444,0.0918626,0.0365583,0.1105023,
273,1e-07,0.0012076,0.031227,0.1070638,0.1620465,0.0718988,0.0701228,0.0306884,0.0823894,0.1069071,0.0329804,0.0846312,
274,1e-07,0.0022794,0.0308509,0.1102171,0.1803777,0.0855125,0.0665437,0.0359463,0.1031156,0.1740735,0.0374531,0.1168691,
275,1e-07,0.0039083,0.0329246,0.0722697,0.1144121,0.1002527,0.1208038,0.0622884,0.1107706,0.0889611,0.0735871,0.1186795,
276,1e-07,0.0026809,0.0321136,0.0955676,0.0933532,0.0693973,0.1243158,0.0472265,0.0981287,0.0782464,0.1656889,0.0710825,
277,1e-07,0.007258,0.044049,0.1079931,0.0866384,0.0787667,0.0899466,0.0517033,0.1020898,0.1174579,0.1565781,0.1043422,
278,1e-07,0.0031408,0.0395291,0.1035704,0.0995487,0.0768277,0.0839084,0.0843445,0.1122758,0.1064876,0.0743275,0.0737753,
279,1e-07,0.0009238,0.0085833,0.077948,0.0857409,0.08431,0.1056111,0.0541106,0.0439968,0.0537842,0.0510911,0.0265896,
280,1e-07,0.0022966,0.0229555,0.0715454,0.0587405,0.0523511,0.0622152,0.0588094,0.0517366,0.0597195,0.0670622,0.0363337,
281,1e-07,0.0026952,0.0262209,0.043352,0.0319268,0.0377212,0.0582022,0.0441559,0.0627563,0.0347484,0.0664096,0.0421495,
282,1e-07,0.0011626,0.0191234,0.0628145,0.023762,0.0320389,0.0527988,0.0413509,0.0658308,0.0950245,0.0438197,0.0309612,
283,1e-07,0.0069351,0.0413556,0.0657646,0.0345543,0.0311021,0.0652003,0.0526173,0.0713548,0.1237837,0.0490486,0.046642,
284,0.0,0.0070804,0.0333751,0.0736189,0.0600671,0.0392871,0.0548844,0.0871732,0.0994496,0.0911148,0.0468333,0.021801,
285,0.0,0.0068034,0.0327055,0.0772833,0.0368653,0.0435581,0.0500434,0.0459199,0.0945818,0.0824792,0.0681373,0.0590021,
286,1e-07,0.0076293,0.0288038,0.0591728,0.0363162,0.0340536,0.039662,0.0339786,0.0629785,0.0926037,0.0795557,0.0874162,
287,1e-07,0.0039459,0.0331871,0.0358627,0.0541241,0.050039,0.0195991,0.0449697,0.0723155,0.0512516,0.0849821,0.0901156,
288,1e-07,0.0026048,0.0240525,0.0481107,0.0469091,0.0509806,0.0759935,0.0430667,0.0515438,0.0301806,0.0770508,0.0843043,
289,1e-07,0.0048841,0.0087306,0.0353603,0.0249964,0.0796742,0.0837698,0.0454798,0.0673368,0.023266,0.0757989,0.0432935,
290,1e-07,0.0016374,0.0109808,0.0433892,0.0528635,0.0799568,0.050447,0.0496597,0.0502478,0.0347577,0.0792466,0.0134854,
291,1e-07,0.002653,0.0167285,0.0413339,0.0747329,0.0600644,0.0532217,0.085468,0.0604041,0.0405983,0.0668958,0.046332,
292,1e-07,0.0020586,0.0258748,0.0189288,0.0489489,0.0455332,0.0560639,0.0670713,0.0543946,0.0342983,0.041075,0.0308848,
293,2e-07,0.0024902,0.0173294,0.0406794,0.0402906,0.0300308,0.0446305,0.0931466,0.0526461,0.0623784,0.0567314,0.0226161,
294,2e-07,0.0086079,0.0155243,0.0231257,0.0536315,0.0397104,0.0680834,0.0701599,0.0613127,0.0620952,0.0842595,0.040545,
295,1e-07,0.0059654,0.0223602,0.0262877,0.0306622,0.0554719,0.0617504,0.0854604,0.0252147,0.0563846,0.0671311,0.0437529,
296,1e-07,0.0034615,0.0223467,0.0696584,0.0150985,0.0690957,0.0476323,0.0840966,0.0064828,0.059734,0.0699935,0.0539709,
297,2e-07,0.0030806,0.013955,0.0689491,0.0335251,0.0815311,0.058171,0.085517,0.0395545,0.0745494,0.0523855,0.0645615,
298,1e-07,0.0070122,0.0181311,0.0649364,0.0308795,0.0745583,0.0643832,0.1331418,0.0399856,0.0796295,0.0199755,0.0652481,
299,1e-07,0.0048809,0.0101466,0.049696,0.0329408,0.0254363,0.0513213,0.1309855,0.0342427,0.0738335,0.0418772,0.0600084,
300,1e-07,0.0028711,0.0229541,0.0433082,0.0545299,0.0535183,0.0592004,0.127337,0.066596,0.0151749,0.0158097,0.0899612,
301,2e-07,0.0049982,0.0384368,0.0632102,0.0638923,0.0394778,0.0919036,0.1100849,0.1167777,0.0535964,0.0706171,0.0869048,
302,1e-07,0.0056362,0.0146704,0.0552702,0.0228044,0.049933,0.084694,0.0862961,0.0905548,0.0893984,0.136612,0.0889259,
303,1e-07,0.0011483,0.0170711,0.0453114,0.0150728,0.0305058,0.0122284,0.0601085,0.0361337,0.0940096,0.083016,0.0674664,
304,1e-07,0.0015354,0.0178158,0.037607,0.0462267,0.0288786,0.0287161,0.0514467,0.0098905,0.0448539,0.0722282,0.0473488,
305,1e-07,0.0011684,0.016418,0.0448713,0.0922845,0.0526143,0.03996,0.023869,0.0419373,0.0257119,0.0623413,0.0914001,
306,1e-07,0.0011655,0.0338634,0.0625513,0.0298619,0.0432275,0.0494057,0.0832829,0.0390293,0.0263754,0.1192563,0.087037,
307,2e-07,0.046435,0.0190547,0.0247517,0.0673037,0.0575942,0.044729,0.0868282,0.0577376,0.0274628,0.0907767,0.1084489,
308,2e-07,0.0174048,0.065079,0.0573354,0.0780944,0.0527731,0.0340236,0.0765716,0.0091487,0.0297635,0.0736264,0.0697282,
309,1e-07,0.0050615,0.0141776,0.0469723,0.0612622,0.0594006,0.0677515,0.0821736,0.0393433,0.0149005,0.0891832,0.0587906,
310,1e-07,0.0066033,0.0093171,0.0284436,0.0473118,0.047164,0.0415483,0.0939079,0.0448853,0.0318397,0.0763078,0.058926,
311,1e-07,0.0052336,0.0220814,0.0440617,0.0814843,0.0729972,0.0373788,0.0985362,0.0388709,0.0473407,0.0813001,0.0570351,
312,1e-07,0.0031038,0.0170714,0.0438667,0.0729735,0.0491959,0.0472936,0.0611801,0.0387906,0.0391091,0.0590579,0.0135766,
313,1e-07,0.0040126,0.0077574,0.0559279,0.0722221,0.0593926,0.0344563,0.0742099,0.0574552,0.0157115,0.0523512,0.0344438,
314,1e-07,0.0003263,0.0110036,0.0468316,0.085557,0.0549203,0.0510192,0.0635918,0.0526523,0.0480932,0.0422701,0.0323266,
315,1e-07,0.0009102,0.0165638,0.0236735,0.0344391,0.039145,0.0540377,0.0271498,0.0779005,0.0561877,0.0462846,0.0339201,
316,0.0,0.0007801,0.0079689,0.0360681,0.0416343,0.0529514,0.0322952,0.0628935,0.05011,0.0618082,0.0270441,0.0377039,
317,0.0,0.0016409,0.0171586,0.0807615,0.0527255,0.0325114,0.0447112,0.0697181,0.0365319,0.0658822,0.0397611,0.0688809,
318,1e-07,0.0031149,0.0279337,0.0613576,0.0519838,0.0392783,0.0096076,0.0396766,0.0261848,0.0434473,0.0432608,0.0560938,
319,1e-07,0.0011582,0.028669,0.0509578,0.0760758,0.0326659,0.0252343,0.0747111,0.0268483,0.0372343,0.0411831,0.0700182,
320,1e-07,0.0011638,0.019697,0.0389228,0.0694999,0.04016,0.0312149,0.0825527,0.027009,0.0759541,0.024589,0.0703043,
321,1e-07,0.001156,0.017821,0.0298866,0.082783,0.038068,0.1123715,0.0432155,0.053187,0.1136214,0.0583188,0.0933875,
322,1e-07,0.00077,0.0228888,0.028582,0.0331417,0.036805,0.0384728,0.0399988,0.0378122,0.0672941,0.0201628,0.0493754,
323,1e-07,0.0016331,0.0056928,0.0252433,0.0152458,0.0368477,0.0219442,0.0245912,0.0359932,0.0574661,0.0283871,0.0666355,
324,1e-07,0.0009448,0.0225473,0.0373253,0.0314963,0.017816,0.0458736,0.0321864,0.0691086,0.0576423,0.0165806,0.0303349,
325,2e-07,0.0030093,0.020787,0.0376777,0.066761,0.0595845,0.036879,0.0234536,0.0622488,0.0803209,0.0473178,0.0213312,
326,3e-07,0.001454,0.0101897,0.0388831,0.043896,0.0621771,0.0558358,0.0227021,0.0270465,0.0678094,0.0669643,0.0326928,
327,3e-07,0.0009132,0.0189666,0.0601311,0.0611398,0.0449979,0.0682103,0.0204117,0.0864179,0.0945403,0.0841885,0.0479222,
328,3e-07,0.0011864,0.0433705,0.0545057,0.0364043,0.0771824,0.053868,0.0478356,0.0798742,0.1013496,0.0704097,0.0293636,
329,3e-07,0.0018994,0.0524965,0.0686754,0.0508418,0.1164367,0.077529,0.0604615,0.1910811,0.1441141,0.0244999,0.1126936,
330,3e-07,0.0011514,0.037465,0.0873303,0.0865374,0.1188171,0.0365015,0.0813025,0.2138608,0.1791089,0.1317447,0.1080138,
331,3e-07,0.0017981,0.0197415,0.036356,0.0435923,0.1023155,0.05765,0.0640474,0.1300081,0.0709499,0.0695221,0.0740962,
332,3e-07,0.0019413,0.0109505,0.0394553,0.0596956,0.0784613,0.0277518,0.0409511,0.0793583,0.0628941,0.0376368,0.0516626,
333,3e-07,0.0003112,0.0155616,0.0428422,0.0400236,0.0459118,0.0681139,0.0736595,0.0803476,0.0578854,0.0345143,0.0248455,
334,2e-07,0.0011395,0.0174693,0.0392705,0.0334307,0.0237163,0.0319524,0.0615395,0.0837675,0.0398377,0.0300601,0.0404563,
335,2e-07,0.0011369,0.0167813,0.0393991,0.0576949,0.0264777,0.0464008,0.0514905,0.0919818,0.0459077,0.0780041,0.0319923,
336,1e-07,0.0013362,0.0164052,0.0252593,0.0356528,0.057963,0.032465,0.0343137,0.0759965,0.0411007,0.0587823,0.0334842,
337,1e-07,0.0011386,0.0067599,0.0239784,0.0311871,0.0312839,0.058993,0.0229274,0.0753064,0.0548268,0.0557455,0.045823,
338,1e-07,0.0014004,0.0057364,0.0194025,0.0601732,0.0224722,0.0347263,0.0330688,0.0624298,0.0812132,0.0535982,0.0752324,
339,1e-07,0.0015036,0.0186101,0.0236393,0.0454713,0.0883265,0.0172648,0.0425489,0.0955656,0.1206976,0.0891398,0.074237,
340,2e-07,0.0053265,0.0139326,0.0425629,0.0489532,0.0567679,0.0367327,0.0511952,0.05592,0.1021521,0.0827341,0.0855177,
341,2e-07,0.0032803,0.0211423,0.0381125,0.0330962,0.0555929,0.0758443,0.032898,0.0590397,0.0955583,0.0564485,0.056435,
342,2e-07,0.0007619,0.0166553,0.0448451,0.0264107,0.0527908,0.076433,0.0303284,0.050478,0.0422618,0.0555086,0.0600496,
343,2e-07,0.0011291,0.0112704,0.0332024,0.0289012,0.0467419,0.0428991,0.0264214,0.0534538,0.041588,0.0414867,0.0514183,
344,2e-07,0.0017101,0.0098331,0.028189,0.0311329,0.0311208,0.0514528,0.0485864,0.0438772,0.037568,0.0573541,0.0477318,
345,2e-07,0.0011797,0.0157121,0.0173568,0.0394816,0.0432042,0.0524961,0.0281671,0.0473767,0.0469954,0.0853853,0.0565304,
346,2e-07,0.0032428,0.0138549,0.0462277,0.0628799,0.01781,0.0499532,0.0134507,0.044106,0.0466401,0.0698211,0.0482349,
347,2e-07,0.001308,0.0246079,0.0484234,0.0508167,0.038648,0.0302246,0.0229258,0.0541436,0.0600991,0.0787234,0.0383821,
348,3e-07,0.0020999,0.0201183,0.0214005,0.0297514,0.0614737,0.0337286,0.0606155,0.0446004,0.0226146,0.1051419,0.0619282,
349,3e-07,0.0007442,0.0122886,0.0214336,0.0258938,0.0634242,0.0412226,0.0739435,0.040031,0.0548921,0.1100449,0.1151574,
350,3e-07,0.0042925,0.035738,0.0294756,0.0160123,0.0493462,0.0266539,0.0545021,0.0269512,0.0290146,0.1430041,0.1032004,
351,3e-07,0.0017305,0.0276022,0.0852273,0.0329111,0.0546083,0.0850746,0.0431903,0.0418953,0.086892,0.1867936,0.1277006,
352,3e-07,0.0011475,0.0587096,0.0750626,0.0956205,0.0423926,0.1184385,0.0607622,0.0914407,0.0909918,0.2106849,0.1041198,
353,5e-07,0.0011446,0.0593875,0.0689707,0.1008678,0.0685664,0.1179014,0.0923558,0.0495056,0.0874265,0.22531,0.0711747,
354,5e-07,0.0016642,0.0374395,0.0533398,0.0817652,0.0480772,0.0782241,0.079539,0.0502805,0.0613827,0.1690397,0.0815617,
355,5e-07,0.0028066,0.0170851,0.0664431,0.0790692,0.0615585,0.0948882,0.0157981,0.0450927,0.0562891,0.1564057,0.0946585,
356,5e-07,0.0029489,0.0098895,0.0466584,0.0775805,0.0928952,0.1056858,0.0541755,0.038,0.0645884,0.1540923,0.127592,
357,5e-07,0.0030923,0.0245192,0.0373181,0.0800152,0.1015924,0.0915524,0.0354842,0.0341215,0.0620789,0.1510637,0.067298,
358,5e-07,0.0050614,0.0139965,0.0413329,0.0579072,0.1259389,0.1023599,0.0771716,0.0748041,0.0864558,0.1498452,0.1205784,
359,5e-07,0.0058553,0.0411359,0.0782421,0.043126,0.0786635,0.1082379,0.075042,0.0627907,0.0784705,0.1504534,0.1020671,
360,5e-07,0.0042938,0.0358477,0.0677101,0.0610883,0.0528468,0.081876,0.0562316,0.0382178,0.102951,0.1419222,0.1221334,
361,5e-07,0.0026057,0.0081418,0.0566977,0.0490883,0.0574401,0.0804898,0.0564747,0.0474211,0.0760092,0.1231927,0.1113229,
362,5e-07,0.0052798,0.0121271,0.0282817,0.0532377,0.0414569,0.1185697,0.0785134,0.056509,0.0694985,0.1782678,0.0879957,
363,5e-07,0.0035808,0.0318304,0.026916,0.0698277,0.0330562,0.0884776,0.0612331,0.0604713,0.0579209,0.1583436,0.0806222,
364,5e-07,0.004338,0.0205856,0.0243884,0.0657022,0.0749879,0.0380596,0.0616522,0.0947412,0.0577425,0.1492817,0.0584677,
365,5e-07,0.0052831,0.0265201,0.04853,0.0691963,0.0373687,0.080458,0.0422208,0.1074978,0.1438168,0.1509888,0.0606104,
366,5e-07,0.0027278,0.0315267,0.0712486,0.086958,0.0439275,0.0611561,0.0142628,0.0977185,0.1714846,0.1385788,0.064735,
367,5e-07,0.0028394,0.0270351,0.0518815,0.0942761,0.0695705,0.071782,0.0210803,0.1254354,0.1031673,0.1302736,0.0582955,
368,5e-07,0.0007431,0.0413741,0.0636082,0.1010767,0.1172576,0.1856627,0.0437929,0.1008977,0.0901884,0.0932465,0.0863226,
369,3e-07,0.0034716,0.0299969,0.0436757,0.0943912,0.0976022,0.0749563,0.0365284,0.0665427,0.0709802,0.1083737,0.0837084,
370,3e-07,0.0015507,0.0239906,0.0307859,0.07753,0.0894767,0.0591902,0.0413871,0.0351959,0.051195,0.1034107,0.10327,
371,3e-07,0.0032766,0.0126423,0.0332042,0.0669211,0.0733979,0.0221912,0.0530666,0.0591169,0.0776288,0.1169841,0.0817791,
372,3e-07,0.0022008,0.0209512,0.0141471,0.0480353,0.109586,0.0543816,0.0544799,0.0562489,0.1108909,0.0873708,0.0828684,
373,3e-07,0.0018762,0.0303384,0.0235421,0.0509936,0.0805923,0.0832607,0.035547,0.046568,0.1024095,0.0801989,0.0853615,
374,3e-07,0.0015985,0.0233833,0.0134928,0.068004,0.0319127,0.0254383,0.0353271,0.0533922,0.0592566,0.0778781,0.0725109,
375,2e-07,0.0022286,0.0146834,0.0454749,0.0280508,0.0402013,0.0247475,0.0356325,0.0400795,0.0539344,0.0684043,0.0584855,
376,2e-07,0.0003134,0.0439175,0.078554,0.0143374,0.0939285,0.0420776,0.0169696,0.0666957,0.0287202,0.0684735,0.0296107,
377,1e-07,0.0007606,0.0290646,0.1200685,0.0397347,0.1337314,0.0642513,0.1049577,0.0990431,0.128101,0.0744387,0.0633725,
378,2e-07,0.0014488,0.0276952,0.053379,0.1078463,0.0986338,0.1031063,0.1161992,0.1091286,0.1671643,0.2017171,0.3117263,
379,2e-07,0.0007569,0.0216784,0.0205647,0.0275879,0.0413241,0.0454878,0.0815009,0.1224514,0.1229462,0.1180558,0.0875444,
380,2e-07,0.002396,0.0086115,0.0363264,0.0375671,0.0312152,0.0819447,0.0749043,0.0508962,0.0624299,0.0999507,0.1028953,
381,3e-07,0.0029473,0.0215225,0.0439905,0.065036,0.0516707,0.0678454,0.0211322,0.0568448,0.0101553,0.1133478,0.0494802,
382,3e-07,0.0023422,0.0309055,0.0738352,0.0404245,0.0422519,0.0547813,0.049497,0.0704241,0.05673,0.1194186,0.0943432,
383,2e-07,0.0027086,0.0346748,0.0546583,0.0607184,0.0733037,0.0663856,0.0486714,0.0458461,0.0602215,0.0930319,0.0822356,
384,2e-07,0.0039747,0.0291206,0.036998,0.0564221,0.0836871,0.0651225,0.0632791,0.070963,0.1140258,0.0626577,0.1137056,
385,2e-07,0.006547,0.0263247,0.0552322,0.0800449,0.0952837,0.0658665,0.0957156,0.084235,0.0619357,0.055936,0.1069505,
386,2e-07,0.0047361,0.0207162,0.0499651,0.0535881,0.0248738,0.0728951,0.1042184,0.0842813,0.0503609,0.02811,0.1201216,
387,2e-07,0.0040215,0.0288065,0.0192913,0.0312779,0.0361983,0.0606466,0.083403,0.1085524,0.0393073,0.0387365,0.0888756,
388,2e-07,0.007433,0.0242443,0.0282813,0.0200381,0.0427586,0.0650972,0.0494208,0.0733641,0.0701466,0.066063,0.1167567,
389,3e-07,0.0046007,0.0181418,0.0517788,0.0428664,0.0500344,0.0538253,0.038562,0.0454589,0.0679278,0.1155611,0.0564866,
390,3e-07,0.0073464,0.01239,0.0427184,0.075713,0.0558699,0.0405945,0.0386134,0.081426,0.0723533,0.0844079,0.1060503,
391,2e-07,0.0046456,0.0174513,0.0751277,0.0448492,0.0541189,0.0575197,0.0446034,0.051012,0.0724814,0.0727519,0.0793961,
392,2e-07,0.0024905,0.0098182,0.0652557,0.0279098,0.0500481,0.0583916,0.0360551,0.0521363,0.0729022,0.0901445,0.0843677,
393,2e-07,0.0029411,0.0225984,0.058505,0.0267319,0.0481326,0.0576616,0.0527657,0.022525,0.038798,0.0489048,0.0808896,
394,2e-07,0.0023648,0.0190747,0.0583021,0.0275474,0.0444398,0.0702434,0.0411129,0.0482905,0.0021603,0.0388259,0.0784992,
395,2e-07,0.0029454,0.0206593,0.0347872,0.0229516,0.0577132,0.0625714,0.0291514,0.0586493,0.0259235,0.0431363,0.0852533,
396,2e-07,0.0035369,0.0265891,0.0277162,0.03033,0.0554141,0.0416802,0.0462601,0.0617548,0.0543968,0.0663375,0.0996546,
397,2e-07,0.0029191,0.0255929,0.0629783,0.0458407,0.059162,0.0664419,0.0521686,0.0628634,0.0772296,0.0800088,0.1022308,
398,2e-07,0.0016689,0.0125438,0.0833385,0.0586287,0.0679467,0.0818271,0.0536863,0.0677142,0.0517759,0.1150953,0.126856,
399,1e-07,0.0016131,0.0329129,0.0380342,0.1064537,0.0510076,0.0692499,0.0290394,0.0879051,0.1208633,0.1546735,0.091368,
400,1e-07,0.0028804,0.0408652,0.0345665,0.0952953,0.1054993,0.0695556,0.0401369,0.122907,0.1614921,0.0933904,0.0961584,
401,1e-07,0.0064216,0.0338619,0.0247454,0.0566394,0.0722961,0.0473658,0.0384823,0.1151992,0.1584852,0.0422435,0.0400217,
402,1e-07,0.0067956,0.0325858,0.0549442,0.1165044,0.0409529,0.1031015,0.0393305,0.1490693,0.2133258,0.0414218,0.0637431,
403,1e-07,0.004547,0.0383301,0.0451626,0.0629338,0.0241183,0.0649689,0.0268198,0.081531,0.1643906,0.0873163,0.065743,
404,1e-07,0.0025142,0.0246428,0.0431742,0.061214,0.0124657,0.0707821,0.0239423,0.0501043,0.1080047,0.1021566,0.0516716,
405,1e-07,0.004016,0.0138483,0.0514937,0.0733716,0.0378934,0.0434199,0.0354637,0.0284439,0.0901243,0.0814723,0.0522889,
406,2e-07,0.0068444,0.0183436,0.0101649,0.0415687,0.020955,0.0312262,0.0648453,0.0888446,0.0880343,0.0357508,0.0386652,
407,2e-07,0.0069422,0.0314485,0.0325076,0.046044,0.0225449,0.0665789,0.0730221,0.0830552,0.0767109,0.0333528,0.0393434,
408,2e-07,0.0012368,0.0288214,0.0269873,0.0394795,0.0353302,0.0585255,0.0317612,0.0579909,0.0570128,0.0695753,0.0372676,
409,3e-07,0.002051,0.0268564,0.0343639,0.0344642,0.0133278,0.0393179,0.0121449,0.0434098,0.0528004,0.0771038,0.0494338,
410,3e-07,0.0023102,0.011037,0.0426083,0.048024,0.0158339,0.032619,0.0238922,0.0689591,0.0473476,0.0615193,0.0177348,
411,3e-07,0.0024188,0.0219809,0.056972,0.0433216,0.0229809,0.0258175,0.0253882,0.0458483,0.0572876,0.0443408,0.0222613,
412,3e-07,0.0024239,0.0231139,0.0556655,0.068807,0.0311826,0.0544545,0.030935,0.1122472,0.0410529,0.0569484,0.0520134,
413,3e-07,0.0025839,0.0166346,0.0713025,0.0656975,0.021886,0.0707382,0.0466294,0.0894985,0.0361398,0.1060755,0.0437501,
414,3e-07,0.0012019,0.0120426,0.0625949,0.0436351,0.0256413,0.0540763,0.039562,0.0916761,0.0387421,0.0665093,0.0187899,
415,2e-07,0.0012652,0.013491,0.0655504,0.0536635,0.0187497,0.0250011,0.079246,0.080218,0.0642659,0.0704389,0.0549106,
416,2e-07,0.0044176,0.0182628,0.0354421,0.0661945,0.0237357,0.0203292,0.0639727,0.0610937,0.0491221,0.0470832,0.0621141,
417,2e-07,0.001734,0.0221122,0.0183669,0.0499486,0.0245489,0.006327,0.0329668,0.0687261,0.0463906,0.0570398,0.0519594,
418,1e-07,0.0014801,0.0111817,0.0085497,0.0521729,0.0329471,0.0276348,0.0498929,0.0763816,0.0607129,0.0454833,0.0518955,
419,1e-07,0.0011929,0.0038316,0.0058819,0.0376163,0.0269526,0.0328307,0.0368347,0.0949035,0.0256442,0.0310995,0.0587542,
420,1e-07,0.0007724,0.0099649,0.0207058,0.031043,0.0456577,0.0182094,0.0228259,0.0819408,0.0230137,0.0226143,0.0287433,
421,1e-07,0.0007712,0.0125843,0.0349977,0.0216377,0.0742223,0.0430478,0.0245015,0.060372,0.0200244,0.025139,0.0476061,
422,1e-07,0.0007663,0.0038939,0.0427537,0.013129,0.0480914,0.0533372,0.0314377,0.0528934,0.0242868,0.0717648,0.052804,
423,2e-07,0.0016195,0.006777,0.0550722,0.024312,0.0392617,0.0510125,0.0433983,0.0596904,0.0258775,0.0251272,0.0340708,
424,2e-07,0.0013416,0.0089253,0.0338289,0.0505644,0.0077996,0.0482101,0.0268159,0.0474155,0.0296488,0.0539623,0.0440981,
425,2e-07,0.0024131,0.0136118,0.0776776,0.0773002,0.0022833,0.0597011,0.0239571,0.0392572,0.0729226,0.0273221,0.0603132,
426,2e-07,0.0011474,0.0214314,0.1024617,0.0790946,0.0543412,0.0425396,0.0569433,0.047092,0.0738032,0.025627,0.0600176,
427,1e-07,0.0012709,0.0270312,0.0949725,0.0361611,0.0310276,0.0355645,0.0081757,0.0493201,0.0691211,0.0492526,0.0612133,
428,1e-07,0.0011612,0.0091465,0.0729746,0.0536987,0.0199703,0.0554063,0.0496827,0.0362037,0.0689588,0.0589531,0.0510709,
429,1e-07,0.0028447,0.0223478,0.0492734,0.0375836,0.0284019,0.0566407,0.035013,0.0474827,0.0523082,0.0661708,0.0557679,
430,1e-07,0.0034179,0.0118961,0.053554,0.0398834,0.0408635,0.0504726,0.0099679,0.0569066,0.0870183,0.05481,0.0291706,
431,0.0,0.0034203,0.010692,0.0270465,0.0318092,0.0400131,0.026296,0.0088754,0.0463348,0.0621524,0.0342662,0.0165952,
432,0.0,0.0003204,0.0138338,0.0241193,0.038868,0.048087,0.0533952,0.0211937,0.0712862,0.0536746,0.0245173,0.0228184,
433,1e-07,0.0014346,0.0063217,0.031813,0.0224041,0.0506977,0.0568942,0.049363,0.0708723,0.045358,0.0370457,0.0355994,
434,1e-07,0.0011362,0.0049109,0.0329526,0.0401544,0.0523077,0.0211342,0.0541132,0.0735388,0.0801568,0.0874441,0.0466523,
435,1e-07,0.0009279,0.0048556,0.0075224,0.0338399,0.0285528,0.027757,0.0610496,0.0681086,0.0462558,0.0805218,0.0546082,
436,1e-07,0.0011708,0.0040692,0.0346758,0.0173319,0.0354742,0.014062,0.0606671,0.0796272,0.0382527,0.0455523,0.0634835,
437,2e-07,0.0014328,0.0087574,0.0298147,0.028276,0.0501371,0.0307219,0.0696999,0.0595185,0.0193331,0.027221,0.1047053,
438,3e-07,0.0011951,0.003243,0.0469885,0.0469948,0.065179,0.0404408,0.0600325,0.0779768,0.0197208,0.0464288,0.1143799,
439,2e-07,0.001642,0.0075961,0.047513,0.0430735,0.0611628,0.0227608,0.0816237,0.0629451,0.0634557,0.0345602,0.0851411,
440,2e-07,0.0009488,0.0068429,0.028624,0.0230309,0.0456744,0.0380434,0.0781634,0.0703517,0.0720577,0.0574388,0.0341296,
441,2e-07,0.000765,0.0188088,0.0296113,0.0315828,0.0450745,0.0179401,0.0344068,0.0745531,0.089713,0.0639211,0.0435385,
442,1e-07,0.0015207,0.0183394,0.0273472,0.0105155,0.0421491,0.0291448,0.0135621,0.0723288,0.061331,0.0562339,0.0457566,
443,1e-07,0.0014365,0.0266469,0.0381027,0.0141776,0.0194098,0.0308234,0.0247702,0.0950681,0.0348563,0.036319,0.0741486,
444,1e-07,0.0045749,0.0087546,0.0372992,0.0302328,0.0216295,0.038395,0.1167527,0.0954392,0.0821696,0.0220883,0.0329751,
445,1e-07,0.0056554,0.0093992,0.0249335,0.0587789,0.0219574,0.0295588,0.090711,0.083007,0.0234236,0.0275524,0.0415921,
446,2e-07,0.0018958,0.023675,0.0382392,0.0592064,0.0626585,0.0286463,0.0286173,0.0352863,0.0560887,0.0199116,0.0176451,
447,2e-07,0.0020671,0.0369049,0.052889,0.0357317,0.0168006,0.0254663,0.0626933,0.0528713,0.0470012,0.0744934,0.0819258,
448,3e-07,0.0013319,0.0220938,0.045631,0.0595033,0.0455223,0.0386019,0.0735661,0.0566641,0.077664,0.0797143,0.078211,
449,3e-07,0.0011406,0.0091836,0.0192909,0.034371,0.0229138,0.0366852,0.0746279,0.0715893,0.0514982,0.0251302,0.0899731,
450,2e-07,0.000758,0.0083452,0.0375922,0.047711,0.0098994,0.0829333,0.0534663,0.045193,0.0699027,0.039951,0.0574416,
451,2e-07,0.0003125,0.0091666,0.0395439,0.0618068,0.0305444,0.0548099,0.074531,0.0162358,0.054371,0.045365,0.0514841,
452,2e-07,0.0011385,0.0085916,0.0232097,0.0049,0.0350243,0.0325072,0.044669,0.0353749,0.0624702,0.0338276,0.0628223,
453,1e-07,0.0012623,0.0080282,0.0226201,0.0334648,0.0553431,0.0191924,0.029437,0.0382756,0.0451347,0.0597363,0.0565586,
454,1e-07,0.0009402,0.0043246,0.0043698,0.0305632,0.0455969,0.0657973,0.0489658,0.0443565,0.0261531,0.0514016,0.0379871,
455,1e-07,0.0011929,0.0123755,0.0511695,0.0334502,0.045398,0.0600611,0.0430671,0.062363,0.0194406,0.0651312,0.0276745,
456,1e-07,0.0022654,0.0291399,0.0363718,0.0378574,0.027627,0.0151692,0.0315349,0.0727861,0.0153249,0.0427617,0.0895109,
457,2e-07,0.0034544,0.0306379,0.0388613,0.04827,0.039541,0.0347753,0.031939,0.0719437,0.0119978,0.034023,0.0920269,
458,1e-07,0.0032361,0.0307439,0.0340107,0.057108,0.0158001,0.0439163,0.0627882,0.0507329,0.0341538,0.0489266,0.0806848,
459,2e-07,0.0045615,0.0439655,0.0385722,0.0976662,0.0431128,0.0724863,0.0726859,0.0615987,0.091027,0.0731476,0.0666706,
460,2e-07,0.0052432,0.0281315,0.0356939,0.0836303,0.0556148,0.0625281,0.0635902,0.1181005,0.0537666,0.0417854,0.1067187,
461,1e-07,0.0042038,0.0076939,0.0460011,0.0914787,0.0321091,0.0568354,0.041438,0.0582688,0.0315367,0.0698461,0.0582324,
462,1e-07,0.0027648,0.0170884,0.0323591,0.0265313,0.0621848,0.0201088,0.0668675,0.0351003,0.0552916,0.0552192,0.0504658,
463,2e-07,0.0022564,0.0316953,0.0238141,0.0459122,0.0238842,0.0415305,0.0451837,0.0477262,0.0179142,0.0459463,0.0389204,
464,2e-07,0.0016811,0.0256751,0.0264386,0.0133097,0.0181985,0.0362279,0.0417303,0.0618539,0.0307911,0.0381852,0.0353252,
465,2e-07,0.0003225,0.0254875,0.0412822,0.0347901,0.0250798,0.0458394,0.0280245,0.0631369,0.056655,0.0405046,0.0442173,
466,3e-07,0.0020437,0.0232087,0.0365645,0.0497869,0.0231381,0.0111812,0.0460156,0.0578541,0.0466423,0.0316708,0.0416997,
467,3e-07,0.0015508,0.0068356,0.0342953,0.0598243,0.0240826,0.0136294,0.0333873,0.033716,0.0277487,0.0535803,0.0141784,
468,2e-07,0.0011298,0.0134029,0.0301094,0.0629758,0.0477231,0.0348636,0.0403243,0.0481247,0.0479089,0.0636683,0.0209129,
469,2e-07,0.0017494,0.0116464,0.0569602,0.0456648,0.0421559,0.0603564,0.0219889,0.0358692,0.0469975,0.068109,0.0388133,
470,2e-07,0.0029492,0.0182696,0.036783,0.0571763,0.0443753,0.0498624,0.0263289,0.0314532,0.0318416,0.0412591,0.0518344,
471,2e-07,0.0022182,0.0256507,0.0289768,0.0557481,0.0397618,0.06602,0.0333889,0.0310635,0.0535219,0.0253036,0.0357058,
472,2e-07,0.0027774,0.030037,0.0342671,0.044774,0.0240886,0.0662317,0.036219,0.0366773,0.0649287,0.014392,0.0516439,
473,2e-07,0.0019604,0.0149441,0.0392788,0.025858,0.012577,0.0698981,0.0461074,0.0202394,0.0972132,0.0284547,0.1020854,
474,3e-07,0.003545,0.0232932,0.044446,0.0388311,0.0374431,0.1017829,0.0612158,0.0233927,0.1079343,0.0204572,0.1349434,
475,2e-07,0.0019568,0.0208545,0.044573,0.0264318,0.0404412,0.1069125,0.0366832,0.1016615,0.094556,0.0226245,0.1054026,
476,2e-07,0.0017471,0.0267552,0.0394759,0.0352161,0.0761374,0.0829948,0.0520067,0.0825799,0.0806354,0.0510312,0.048531,
477,2e-07,0.0003135,0.0443573,0.0545052,0.0485197,0.060197,0.0676129,0.0131954,0.0499209,0.0975961,0.0707127,0.0368695,
478,2e-07,0.0011444,0.0086536,0.0512296,0.04031,0.0287503,0.0387359,0.0380657,0.060098,0.1018365,0.071431,0.0449189,
479,2e-07,0.0011385,0.0166827,0.0380631,0.0129451,0.037276,0.0507252,0.0248465,0.0600064,0.0905146,0.0659246,0.0274498,
480,2e-07,0.0011842,0.0058818,0.015876,0.0507425,0.0648617,0.0337312,0.0342997,0.0317342,0.0666943,0.0665012,0.0425532,
481,2e-07,0.00165,0.0081387,0.0412906,0.0711121,0.0550036,0.0123264,0.0271024,0.0322398,0.0472033,0.0639042,0.026104,
482,2e-07,0.0019732,0.0111121,0.0703406,0.0828715,0.0634813,0.0305386,0.0206983,0.0449715,0.0552411,0.0659103,0.0263733,
483,2e-07,0.0040712,0.0255797,0.068968,0.0663507,0.0652836,0.0668839,0.0240424,0.0325067,0.068104,0.0641297,0.0449685,
484,2e-07,0.0021032,0.032409,0.05192,0.116162,0.0564866,0.0464498,0.0638948,0.0533781,0.0535185,0.0458666,0.0483135,
485,3e-07,0.0042856,0.0328698,0.0525547,0.1211719,0.0604504,0.0137782,0.079238,0.1041698,0.032697,0.0270842,0.0705728,
486,2e-07,0.0021801,0.0208302,0.0254874,0.0616721,0.0601899,0.0364563,0.0666385,0.0497242,0.0668342,0.0215898,0.0772519,
487,3e-07,0.0014455,0.0347274,0.0154321,0.1012917,0.0472028,0.0482265,0.0129704,0.0515931,0.0565892,0.0667205,0.0338219,
488,2e-07,0.0022878,0.0195075,0.0413349,0.0852978,0.0556177,0.0371483,0.0181903,0.0525713,0.0813078,0.0986037,0.0404294,
489,2e-07,0.001563,0.0176914,0.0670301,0.0721335,0.0663038,0.0295745,0.0266111,0.027969,0.0868135,0.1249007,0.054571,
490,2e-07,0.000315,0.0165199,0.0509925,0.0407721,0.0483745,0.0136345,0.0497718,0.0452641,0.0775973,0.0298328,0.0802943,
491,2e-07,0.0003138,0.031254,0.0465528,0.0153329,0.0387552,0.0321194,0.0127811,0.0414346,0.0516205,0.0670103,0.0610767,
492,2e-07,0.0021213,0.0111704,0.0389621,0.0554518,0.0416683,0.0246251,0.0409919,0.0299148,0.0401433,0.0489692,0.0878644,
493,2e-07,0.0037966,0.0130627,0.0269255,0.0803097,0.0290899,0.0549148,0.014423,0.0297278,0.0641889,0.0188299,0.0754752,
494,2e-07,0.0031455,0.0389465,0.0349674,0.0667054,0.0392565,0.0804635,0.03322,0.0377493,0.0359358,0.1081219,0.0693499,
495,3e-07,0.0019391,0.0154777,0.0446939,0.0561679,0.041882,0.0610936,0.0283675,0.0380956,0.0221106,0.1611232,0.0375083,
496,2e-07,0.0021325,0.00559,0.0322752,0.0384716,0.0469365,0.0805477,0.0466504,0.0613233,0.1198763,0.1944827,0.0498379,
497,3e-07,0.0029856,0.007589,0.0435041,0.0507726,0.0551767,0.1011604,0.0856269,0.0643875,0.2274049,0.1853029,0.0969775,
498,2e-07,0.002943,0.0255788,0.0550859,0.055704,0.0445596,0.0541345,0.075946,0.0257414,0.1230062,0.0481947,0.0916992,
499,2e-07,0.0013547,0.0155248,0.1363977,0.0494513,0.0629527,0.0869085,0.1611729,0.2252407,0.1198339,0.0622163,0.0607617,
500,2e-07,0.000313,0.0243773,0.1229315,0.1302084,0.1025771,0.1301253,0.169602,0.1950256,0.1219745,0.0285237,0.0302792,
501,2e-07,0.0019272,0.0756028,0.1255168,0.1599469,0.1294863,0.2002759,0.1556783,0.1898522,0.231532,0.0415646,0.0698666,
502,2e-07,0.0014769,0.0507309,0.0668973,0.1018732,0.1622726,0.1816464,0.1874356,0.1105852,0.2333238,0.1109493,0.1927587,
503,3e-07,0.003177,0.0086501,0.0630791,0.0539711,0.0432921,0.0742005,0.0736175,0.080331,0.0778973,0.0546771,0.1372575,
504,3e-07,0.0021001,0.019129,0.0246192,0.0540448,0.0272613,0.072155,0.0594654,0.0810172,0.0776718,0.0981785,0.093858,
505,2e-07,0.0021866,0.0374968,0.0449214,0.0681946,0.0150369,0.078416,0.0534316,0.046305,0.07603,0.0342768,0.1114463,
506,2e-07,0.0023524,0.0340232,0.0637756,0.0648108,0.0185846,0.0332144,0.0495124,0.0423422,0.0762374,0.0223824,0.1151502,
507,2e-07,0.0021162,0.0122575,0.0126141,0.0696628,0.0451924,0.0271496,0.0716537,0.0722134,0.0747853,0.0117851,0.050166,
508,3e-07,0.0025719,0.0338291,0.0198327,0.0642778,0.0438317,0.0344006,0.0845888,0.085696,0.0922025,0.0335479,0.0185103,
509,1e-07,0.0033241,0.0218532,0.0034283,0.0851867,0.0065429,0.0370225,0.0491496,0.0620994,0.063078,0.0382615,0.0084882,
510,1e-07,0.0031837,0.0166724,0.028953,0.0421776,0.0229905,0.0620312,0.0466266,0.0654377,0.0123315,0.0246856,0.047394,
511,2e-07,0.0031921,0.0205363,0.0614698,0.0414336,0.0100598,0.0622403,0.0527643,0.0442886,0.0381494,0.0371959,0.0489611,
512,2e-07,0.0039107,0.0068494,0.0238625,0.0229431,0.0308341,0.0905845,0.0606193,0.0463023,0.0955007,0.0413441,0.0914204,
513,1e-07,0.005733,0.013963,0.0267137,0.053998,0.0220989,0.0700405,0.0615203,0.0532042,0.0462896,0.0311257,0.0863384,
514,1e-07,0.0039434,0.0135815,0.0309386,0.0383009,0.0377755,0.0905754,0.0684455,0.0233272,0.0522069,0.0254838,0.1208563,
515,2e-07,0.0035049,0.0100009,0.0220897,0.0426,0.03443,0.095246,0.0538003,0.0429784,0.0781729,0.0252544,0.1315004,
516,1e-07,0.0068672,0.0151991,0.0204569,0.0564524,0.0529746,0.086651,0.0618793,0.0738874,0.0225755,0.0503627,0.1021383,
517,1e-07,0.0054926,0.0294773,0.0495195,0.0183567,0.0640268,0.0682681,0.0634263,0.0642291,0.0624469,0.0532359,0.1543131,
518,2e-07,0.0052484,0.0282204,0.0318899,0.0567428,0.0587666,0.0742153,0.0703432,0.0581773,0.0741773,0.0440333,0.2182895,
519,2e-07,0.0163043,0.0075309,0.0528818,0.076292,0.0810972,0.0574242,0.0842713,0.0759674,0.0837886,0.0501801,0.1200062,
520,2e-07,0.0209164,0.0528549,0.059119,0.0773022,0.0897151,0.0263181,0.1072919,0.0635784,0.0420251,0.0421719,0.080005,
521,2e-07,0.0272947,0.0375364,0.0979024,0.1249419,0.0663687,0.092862,0.1976414,0.0997701,0.0789117,0.0854143,0.1313658,
522,2e-07,0.0221309,0.0509249,0.0688564,0.0990199,0.1141253,0.0640594,0.1182679,0.0557365,0.0776151,0.1236798,0.0867477,
523,3e-07,0.0209576,0.0203586,0.0542523,0.1131226,0.1156735,0.0679364,0.1180824,0.0392108,0.0705334,0.1018023,0.0629556,
524,1e-07,0.0215692,0.0137366,0.0758115,0.0935568,0.1858172,0.0902113,0.146355,0.0938028,0.0595746,0.0820086,0.0896614,
525,1e-07,0.0049886,0.0190188,0.0606335,0.0390959,0.1666366,0.0555414,0.0593583,0.0770513,0.0508424,0.0345311,0.1299046,
526,2e-07,0.0062916,0.0290641,0.0688715,0.0587029,0.1221813,0.0409446,0.0530798,0.1119104,0.0351568,0.0699304,0.1433004,
527,2e-07,0.0114684,0.027867,0.089132,0.0963662,0.1597792,0.0383382,0.0741503,0.1063187,0.0350692,0.0446169,0.2000472,
528,2e-07,0.0120519,0.0226287,0.0600559,0.0770328,0.1627047,0.0493664,0.0532264,0.0861289,0.0782414,0.0936091,0.3081765,
529,2e-07,0.0030751,0.0304317,0.0679687,0.0837401,0.128179,0.0934805,0.0623911,0.0922048,0.1017035,0.093806,0.2316983,
530,2e-07,0.0026385,0.0355083,0.0358089,0.0302947,0.0733708,0.1027238,0.0629518,0.0662379,0.0787769,0.0538855,0.1655982,
531,3e-07,0.0039647,0.0230084,0.050181,0.0676266,0.067428,0.079928,0.0625914,0.0139778,0.0623545,0.066262,0.1507896,
532,3e-07,0.0014099,0.0091998,0.0437419,0.0589387,0.0680092,0.0969753,0.0471443,0.0718204,0.0537535,0.0685058,0.1648462,
533,3e-07,0.0020191,0.0170437,0.0448565,0.0516416,0.0210727,0.0806089,0.0688897,0.0707037,0.0724104,0.1210876,0.1364429,
534,3e-07,0.0018583,0.0256442,0.0391935,0.0508275,0.042233,0.0704529,0.0782188,0.0927705,0.0689873,0.1144782,0.1605099,
535,3e-07,0.0011711,0.0291932,0.0331869,0.0717463,0.014922,0.1030542,0.0844613,0.0816195,0.0414353,0.1074034,0.1590772,
536,3e-07,0.0008627,0.0186923,0.0519935,0.0874682,0.0205704,0.0659824,0.0318482,0.0642553,0.0177398,0.0445781,0.0676422,
537,3e-07,0.0014078,0.0234843,0.0887858,0.0885497,0.031459,0.0798913,0.05921,0.1191937,0.0896042,0.0780674,0.1137917,
538,3e-07,0.0003272,0.0150966,0.1003765,0.1086781,0.0490768,0.0812082,0.1024476,0.1199562,0.1765237,0.075449,0.1351403,
539,3e-07,0.0012037,0.0139655,0.0476418,0.0752802,0.0375471,0.034681,0.0896574,0.0865552,0.0782332,0.0698971,0.0542519,
540,3e-07,0.0014823,0.0184751,0.0466081,0.0768421,0.0363628,0.0346508,0.0307079,0.1042712,0.050178,0.0577177,0.0794648,
541,3e-07,0.0007771,0.0453715,0.0241611,0.1260121,0.0695652,0.0697581,0.0570212,0.1123948,0.1313198,0.1115921,0.0523998,
542,3e-07,0.0019898,0.0114162,0.0215421,0.0774448,0.1041616,0.0968226,0.0934968,0.111912,0.1683328,0.0387632,0.0703834,
543,3e-07,0.0040204,0.0171172,0.023357,0.0700557,0.072072,0.0663468,0.1012781,0.0912282,0.155675,0.1085834,0.0471208,
544,3e-07,0.0040512,0.0200183,0.0407189,0.0896,0.0366713,0.0707001,0.104943,0.1015699,0.1800268,0.0853082,0.0261515,
545,2e-07,0.0032039,0.0158371,0.0092861,0.0855858,0.0354304,0.048004,0.0586329,0.1058538,0.1412262,0.0725779,0.0270112,
546,3e-07,0.0021121,0.0152771,0.0122956,0.0783122,0.0379913,0.059178,0.068352,0.0888776,0.1259334,0.0800695,0.0885706,
547,3e-07,0.0027267,0.0103258,0.0558625,0.1092908,0.0207916,0.0584414,0.0891417,0.0900237,0.0744626,0.1080367,0.0971691,
548,3e-07,0.0052785,0.0065614,0.0349035,0.0891608,0.0594345,0.0825203,0.0912363,0.0770392,0.0539546,0.0549727,0.1318848,
549,3e-07,0.0047622,0.0455552,0.0531777,0.0838921,0.0695774,0.0806257,0.070678,0.0707336,0.1168991,0.0441239,0.1797358,
550,3e-07,0.0012346,0.0647618,0.0315157,0.0954611,0.0634355,0.0472466,0.0775668,0.0481785,0.0997951,0.0913839,0.1926945,
551,3e-07,0.0056262,0.0295972,0.0834922,0.0923383,0.1034113,0.0642913,0.1040483,0.0551216,0.1790278,0.0925618,0.1970833,
552,3e-07,0.0056208,0.0152961,0.0465238,0.0672095,0.0397686,0.0647187,0.0297193,0.0526987,0.1559355,0.0637229,0.1698001,
553,3e-07,0.004845,0.0151085,0.0507951,0.0886694,0.0795094,0.0317025,0.0478583,0.0857713,0.2071044,0.0598721,0.1657745,
554,3e-07,0.0058476,0.0208383,0.0706003,0.1045929,0.0768412,0.082119,0.0664672,0.0839446,0.280681,0.1168452,0.1739895,
555,3e-07,0.0034549,0.026892,0.0499222,0.0806454,0.0997187,0.0504092,0.0244408,0.0339622,0.1755076,0.0519858,0.1227242,
556,2e-07,0.0060282,0.0230134,0.0482307,0.0759481,0.0645279,0.0883422,0.0820507,0.0456021,0.1798478,0.0396129,0.1190436,
557,2e-07,0.0100355,0.0374091,0.0901304,0.1162371,0.0811815,0.0912262,0.0891725,0.0574831,0.1604983,0.0181343,0.1345889,
558,2e-07,0.0149349,0.0391319,0.1007041,0.0924876,0.0763566,0.0974907,0.0888186,0.0742044,0.2055148,0.0268297,0.1618822,
559,2e-07,0.0092745,0.0248807,0.0421789,0.0373483,0.041536,0.0931293,0.0554615,0.0658318,0.1895822,0.0344934,0.120417,
560,2e-07,0.0096992,0.0471407,0.0160414,0.0576763,0.0243178,0.0527099,0.0730983,0.0289526,0.1727121,0.0291751,0.1190679,
561,2e-07,0.0124023,0.0497183,0.0463645,0.0409153,0.0947786,0.1312296,0.1311432,0.053006,0.1475696,0.0580961,0.1528504,
562,2e-07,0.019293,0.0245877,0.0402235,0.0548447,0.1106984,0.1709085,0.1167975,0.0792713,0.2121017,0.0477912,0.1563579,
563,2e-07,0.0132637,0.0234691,0.0430171,0.0764487,0.0735336,0.0902517,0.04434,0.0473873,0.1861848,0.0576918,0.1371156,
564,2e-07,0.0053224,0.1151299,0.0563205,0.0606195,0.040564,0.0727503,0.0923457,0.0636498,0.2179565,0.0921241,0.0842976,
565,2e-07,0.0059892,0.0345096,0.1067833,0.0915266,0.0165437,0.0358849,0.0326105,0.0791595,0.169974,0.0749515,0.1264415,
566,2e-07,0.0106216,0.031496,0.0743187,0.0924383,0.0447373,0.0729206,0.055231,0.0327626,0.1392396,0.0745864,0.1675018,
567,2e-07,0.0057587,0.0290556,0.0456201,0.0591302,0.0767403,0.0279544,0.0592857,0.0481502,0.1203098,0.0423869,0.1286542,
568,3e-07,0.0033097,0.0093863,0.038528,0.04558,0.0572957,0.0312943,0.0445229,0.0511827,0.0694002,0.0426091,0.1275898,
569,2e-07,0.0097461,0.0363814,0.0392449,0.0396715,0.0711673,0.0536735,0.0608451,0.0528472,0.1163853,0.0365006,0.1609477,
570,2e-07,0.0034494,0.0352229,0.036514,0.0365916,0.0384491,0.0342754,0.0611312,0.0357778,0.1025446,0.0442916,0.0863443,
571,3e-07,0.0025151,0.0255307,0.0460541,0.0350038,0.0616303,0.0208243,0.0565935,0.0421508,0.0629956,0.0494532,0.0836336,
572,2e-07,0.0033301,0.031049,0.0401551,0.0269334,0.0876801,0.0303819,0.0547612,0.0447117,0.0685549,0.0396776,0.1396458,
573,2e-07,0.0035462,0.0251073,0.0380451,0.0447157,0.0829888,0.0396875,0.0529617,0.0365799,0.0363641,0.0141679,0.1213583,
574,2e-07,0.0024694,0.0147601,0.0426368,0.0173068,0.0594934,0.0431129,0.0544108,0.0381685,0.0099676,0.0119131,0.1199875,
575,3e-07,0.0003301,0.0135313,0.0379137,0.0673682,0.0822187,0.036836,0.0357571,0.0537218,0.046666,0.047037,0.138106,
576,1e-07,0.0024068,0.0173488,0.0534746,0.0980138,0.1293445,0.0862969,0.0523812,0.0576081,0.0851961,0.0847326,0.1725821,
577,1e-07,0.0035094,0.0190741,0.0511227,0.0396359,0.1601234,0.0574267,0.0846318,0.0764728,0.0745675,0.1430755,0.1362883,
578,2e-07,0.0022789,0.0094125,0.0370194,0.0354383,0.1341247,0.151674,0.1352578,0.1200727,0.1217306,0.1508164,0.1321972,
579,2e-07,0.0058715,0.0249658,0.0573128,0.0451281,0.1761131,0.1963448,0.1673272,0.1726146,0.1366317,0.1038818,0.1387962,
580,1e-07,0.0089998,0.023018,0.0819328,0.1004494,0.181234,0.2420175,0.1390206,0.1371131,0.1611761,0.1539108,0.1163056,
581,1e-07,0.0131736,0.0426735,0.0480671,0.0726568,0.0851535,0.1700668,0.0973974,0.1249205,0.1790219,0.1248964,0.0426537,
582,1e-07,0.012996,0.0227337,0.0671675,0.016446,0.0622815,0.1246464,0.0293442,0.100688,0.2185101,0.1359576,0.0159983,
583,1e-07,0.0130268,0.0184192,0.0915626,0.0132384,0.074462,0.2069522,0.0460722,0.2117066,0.2910913,0.2173739,0.0817666,
584,1e-07,0.016147,0.065039,0.0511702,0.0713442,0.0536803,0.2383253,0.0798563,0.1881515,0.1290835,0.1393883,0.1154577,
585,1e-07,0.0148327,0.0339673,0.0870832,0.0548856,0.0633546,0.138889,0.0685504,0.1259461,0.1149366,0.1260189,0.0877349,
586,1e-07,0.0150049,0.0351188,0.076434,0.0233843,0.0510175,0.0835745,0.0454855,0.1231163,0.0891447,0.1258838,0.1121769,
587,1e-07,0.0059437,0.0217638,0.0451951,0.026014,0.0815493,0.0772203,0.0360116,0.1234992,0.0777679,0.0910752,0.1278049,
588,1e-07,0.0045821,0.0321941,0.0613862,0.0604164,0.0802685,0.1296333,0.0713037,0.1076103,0.0979147,0.0635627,0.1681444,
589,1e-07,0.004701,0.0186547,0.0895219,0.0171776,0.0911846,0.1708082,0.0870118,0.1957018,0.1697804,0.0538576,0.1779249,
590,0.0,0.0042143,0.0215582,0.0777645,0.0215674,0.0614308,0.0889451,0.0235196,0.1296139,0.0905444,0.0708491,0.0923288,
591,0.0,0.0064782,0.0344431,0.0789647,0.0362476,0.0695222,0.0366609,0.0111913,0.1208497,0.0901494,0.0746286,0.0655009,
592,1e-07,0.0061194,0.0244617,0.0369989,0.0244556,0.0823618,0.021338,0.0415832,0.1008571,0.0921101,0.0849248,0.0499767,
593,1e-07,0.0033185,0.0210639,0.0575121,0.0769127,0.0661871,0.0253807,0.0559205,0.0354564,0.0726099,0.0311034,0.0438134,
594,1e-07,0.0074026,0.0109693,0.0241523,0.0826253,0.025376,0.0393582,0.0371751,0.0590844,0.0520554,0.0381028,0.0783962,
595,1e-07,0.0043027,0.0153534,0.0329637,0.0530411,0.021622,0.0614378,0.0238075,0.0605762,0.0501056,0.0408182,0.0734319,
596,1e-07,0.0021551,0.0167515,0.0278119,0.0611801,0.0382925,0.0565311,0.0122181,0.0345327,0.0343502,0.0525478,0.041401,
597,1e-07,0.0031246,0.0280405,0.0570632,0.092468,0.0181743,0.0661082,0.0844973,0.0188101,0.0338469,0.0496095,0.031835,
598,1e-07,0.0035972,0.0232919,0.0379081,0.0737895,0.0351781,0.0862756,0.0644889,0.0433412,0.0763682,0.0559687,0.0393063,
599,2e-07,0.0025374,0.041581,0.0383004,0.0617093,0.0503892,0.1011831,0.0491821,0.0548493,0.1161761,0.0487245,0.0633837,
600,2e-07,0.0027783,0.0301232,0.0156814,0.0329981,0.0314306,0.071044,0.099984,0.041287,0.1383325,0.0132877,0.0671306,
601,1e-07,0.0037108,0.0128076,0.0432403,0.0615442,0.0260191,0.0844333,0.0982742,0.031736,0.0951203,0.0197887,0.0431158,
602,1e-07,0.0021647,0.0127554,0.0351564,0.0561232,0.030758,0.0738215,0.0611834,0.0529575,0.054938,0.0228128,0.0465126,
603,2e-07,0.0081253,0.0216211,0.0167988,0.0547896,0.0767585,0.0385688,0.0537745,0.0581197,0.0378813,0.0363799,0.078796,
604,2e-07,0.0073054,0.0116562,0.0577633,0.0727056,0.0861159,0.021096,0.0559073,0.0754214,0.0721129,0.0265751,0.0504157,
605,1e-07,0.0103375,0.0139754,0.0524412,0.0638601,0.0411376,0.0442879,0.0782549,0.0423012,0.0647491,0.0534398,0.0378868,
606,2e-07,0.0174557,0.0178132,0.0440112,0.0948223,0.0643962,0.0456563,0.0829345,0.0540416,0.021569,0.0412675,0.0477459,
607,2e-07,0.0309771,0.0503645,0.0335751,0.1158032,0.0695245,0.0427268,0.1002056,0.0464664,0.069219,0.0273348,0.0520986,
608,1e-07,0.054891,0.0531577,0.0397832,0.067452,0.0375316,0.0125324,0.1034516,0.0317823,0.1576963,0.0547724,0.0493756,
609,1e-07,0.0105802,0.0223958,0.0260683,0.0646764,0.0237528,0.028807,0.0748333,0.03968,0.1244299,0.0342058,0.0536878,
610,1e-07,0.0092283,0.0115473,0.0370586,0.0491835,0.031059,0.0180915,0.0526586,0.0487827,0.0454781,0.0426769,0.0356037,
611,1e-07,0.0083804,0.01629,0.0324591,0.0426866,0.0276111,0.0571851,0.0526171,0.048124,0.0961645,0.05509,0.0636932,
612,1e-07,0.0033165,0.0192215,0.0565565,0.062434,0.0454562,0.065029,0.0694128,0.0969808,0.0995244,0.0584623,0.0545799,
