#Time_ps,0,0.5,1,2,3,5,10,20,30,50,100,200,
1,0.0,0.0013246,0.0292791,0.0312811,0.0064951,0.0633712,0.0606588,0.0390725,0.0480272,0.0703188,0.0247833,0.043044,
2,0.0,0.0027766,0.0267406,0.0340396,0.053573,0.0893785,0.0965691,0.0154656,0.0395929,0.0518765,0.0375049,0.0500107,
3,0.0,0.001261,0.0232419,0.0433604,0.0404818,0.0489233,0.0649106,0.0464608,0.0425883,0.0723512,0.0463856,0.0760218,
4,0.0,0.0016232,0.0178609,0.054714,0.0603515,0.0496198,0.0478657,0.0386823,0.0772415,0.0629928,0.0578498,0.0779002,
5,0.0,0.0012648,0.0193971,0.069429,0.0304428,0.0553585,0.0907856,0.022176,0.0701679,0.0215533,0.0371973,0.0716397,
6,0.0,0.0011677,0.0098564,0.089788,0.0249938,0.0995889,0.0880172,0.0687126,0.0597371,0.0398951,0.0148447,0.0711953,
7,0.0,0.0022198,0.0101841,0.0729866,0.0258242,0.0547911,0.0569629,0.045365,0.0316298,0.0370979,0.0358652,0.0387105,
8,0.0,0.0014005,0.0031867,0.0134201,0.0312538,0.0413539,0.0157487,0.0406771,0.0318123,0.0339109,0.0948258,0.0416533,
9,0.0,0.0013971,0.017317,0.0326885,0.0797688,0.0369693,0.0297161,0.0434948,0.0508216,0.0222618,0.1208497,0.0871441,
10,0.0,0.0013426,0.0237453,0.0297554,0.0658513,0.0106009,0.0298429,0.0344052,0.0741889,0.0346128,0.1110912,0.0782612,
11,0.0,0.0039609,0.0292123,0.070931,0.0614918,0.0159664,0.0344475,0.0459991,0.1037502,0.0483896,0.0971465,0.0852998,
12,0.0,0.0028612,0.0280904,0.0568315,0.0430888,0.0220424,0.0551562,0.0487167,0.0548859,0.0540769,0.0618789,0.0707505,
13,0.0,0.0043617,0.0079146,0.0776137,0.053724,0.0106861,0.0460263,0.0514872,0.0930096,0.0363745,0.1206647,0.0419604,
14,0.0,0.0041771,0.013521,0.0870858,0.0373535,0.0383492,0.0256097,0.0365809,0.0592679,0.0370887,0.1162175,0.0497563,
15,0.0,0.0079898,0.0179525,0.1715091,0.0576118,0.1167982,0.038168,0.0626712,0.0488849,0.0513534,0.0871156,0.0491343,
16,0.0,0.0064128,0.01592,0.0806203,0.0372246,0.0530965,0.0451939,0.0289847,0.0653777,0.046498,0.0533205,0.0664566,
17,0.0,0.0127066,0.0174222,0.0585536,0.0437982,0.0759593,0.0572304,0.034884,0.0886686,0.0566229,0.0290894,0.0456822,
18,0.0,0.0108048,0.0333039,0.0725812,0.0454894,0.068546,0.0664942,0.0510926,0.0949508,0.0411012,0.019713,0.0426919,
19,0.0,0.0113709,0.0230474,0.0731268,0.0532448,0.0552866,0.0674812,0.0547512,0.0998997,0.0543543,0.0293699,0.0529424,
20,0.0,0.0210158,0.0081952,0.0732314,0.0484279,0.0472848,0.0790624,0.0379177,0.0724084,0.0627228,0.0394466,0.0669646,
21,0.0,0.0285263,0.0315349,0.058407,0.0300727,0.0884949,0.1021929,0.0325656,0.0515035,0.0310329,0.0776314,0.0566699,
22,0.0,0.0329726,0.0286957,0.0824797,0.0716776,0.1146808,0.0887014,0.0151882,0.0509423,0.0554452,0.0498199,0.0593251,
23,0.0,0.035045,0.0541234,0.0743483,0.0690756,0.0957895,0.0753046,0.0985698,0.089021,0.1537568,0.0549135,0.0801955,
24,0.0,0.0431624,0.0661508,0.0472402,0.0581966,0.0894811,0.0416986,0.1501725,0.0347541,0.1515287,0.0851159,0.0930497,
25,0.0,0.0209797,0.0190006,0.03877,0.0417099,0.0546749,0.0710913,0.1168673,0.0661657,0.0983162,0.1170505,0.043314,
26,0.0,0.0175541,0.0065934,0.0588433,0.0415594,0.0502999,0.0954275,0.0813623,0.0429378,0.0393434,0.0626603,0.0641095,
27,0.0,0.0238206,0.0089184,0.094595,0.0379424,0.0769075,0.1070137,0.1062902,0.0490684,0.1163469,0.0179677,0.0996744,
28,0.0,0.0244545,0.0141168,0.0890968,0.0367241,0.0571952,0.0417016,0.0421986,0.0425863,0.0762506,0.0258521,0.0809893,
29,0.0,0.0154747,0.0309561,0.0807729,0.0494466,0.0705921,0.0387916,0.0271088,0.0917662,0.0610198,0.0360416,0.0630505,
30,0.0,0.0032725,0.0214609,0.0749558,0.0422694,0.0595365,0.0366613,0.0532752,0.080684,0.0628177,0.0358159,0.0584475,
31,0.0,0.0019985,0.0242707,0.0385034,0.0585805,0.0659885,0.0184571,0.0636171,0.0524659,0.0458442,0.0414648,0.0407391,
32,0.0,0.0034099,0.0215139,0.0671897,0.0545502,0.0475176,0.0146076,0.0733805,0.042864,0.0642265,0.0572928,0.0659274,
33,0.0,0.0051774,0.0160688,0.0569261,0.0550971,0.0334075,0.0390593,0.1317676,0.1341495,0.0640313,0.078225,0.0350138,
34,0.0,0.0035877,0.0285344,0.0589859,0.0823435,0.0820949,0.0487836,0.1415466,0.1222775,0.0486323,0.0996181,0.0548854,
35,0.0,0.0060981,0.0236288,0.0330058,0.0455264,0.072514,0.0584868,0.0803332,0.0915449,0.0764101,0.0909817,0.0421823,
36,0.0,0.004485,0.0160251,0.0353968,0.028968,0.0735668,0.0158824,0.052375,0.0432499,0.0537846,0.0616688,0.0142585,
37,0.0,0.0021321,0.0153568,0.0357732,0.0573562,0.0573996,0.0492439,0.0621529,0.0734414,0.0784131,0.0352718,0.048557,
38,0.0,0.0075896,0.0096571,0.0179014,0.030446,0.0245272,0.0479862,0.0207139,0.0687694,0.0461482,0.0182932,0.0413241,
39,0.0,0.0166069,0.0200701,0.0386024,0.0128053,0.0223689,0.0729277,0.0372809,0.0608237,0.0922853,0.0208557,0.0437689,
40,0.0,0.019568,0.0298827,0.0409514,0.0100442,0.0285453,0.0617311,0.032877,0.0601812,0.1112069,0.069791,0.0264597,
41,1e-07,0.0235726,0.0322495,0.0572476,0.041035,0.1126645,0.0857129,0.0178031,0.0329848,0.11189,0.090838,0.0341695,
42,1e-07,0.0147404,0.0258573,0.0292945,0.0498581,0.1509686,0.0298476,0.0935977,0.1027075,0.160733,0.0463669,0.0937525,
43,0.0,0.0184607,0.0198341,0.0380299,0.0695134,0.0997885,0.0389225,0.1168792,0.0893496,0.1295107,0.0344334,0.1068444,
44,0.0,0.0157613,0.0231721,0.0493164,0.0922867,0.0698727,0.0759801,0.0982508,0.0524232,0.0906167,0.130034,0.0557314,
45,0.0,0.035844,0.0543795,0.0929305,0.1007604,0.1111711,0.1023867,0.0432117,0.096652,0.0935997,0.0897979,0.0745105,
46,0.0,0.0127917,0.0875301,0.1276493,0.0848878,0.1345941,0.1400018,0.0878973,0.1684581,0.136695,0.0480293,0.0820335,
47,0.0,0.0192432,0.0382735,0.0722588,0.0951374,0.1022026,0.0974901,0.0390278,0.1307956,0.0832009,0.0651624,0.1007809,
48,0.0,0.013989,0.0492055,0.0304131,0.0565006,0.0478438,0.0313438,0.0835177,0.1051396,0.0389712,0.1024201,0.0673295,
49,0.0,0.003837,0.0367524,0.0657207,0.0629712,0.0366001,0.0742145,0.1328452,0.1161101,0.1480711,0.0762407,0.0948656,
50,1e-07,0.0079407,0.0474815,0.0595891,0.0621509,0.038471,0.0467248,0.1316726,0.1448297,0.1610994,0.080457,0.1485027,
51,1e-07,0.0083034,0.0341409,0.0469414,0.0226244,0.0420863,0.0704317,0.1027663,0.1256937,0.1626588,0.114989,0.1502321,
52,0.0,0.0116896,0.0415242,0.0590065,0.0384003,0.0612196,0.0443704,0.1085515,0.076726,0.1702762,0.1051816,0.1258702,
53,1e-07,0.0117077,0.0411716,0.0685622,0.0857764,0.118065,0.0680902,0.1323296,0.060347,0.1584542,0.0817689,0.1075311,
54,1e-07,0.0107184,0.0295449,0.0378121,0.0996853,0.0547385,0.0487964,0.0651318,0.0656083,0.0957605,0.0704096,0.0699757,
55,0.0,0.0023955,0.03972,0.0501012,0.0966511,0.041723,0.0629895,0.047591,0.0629432,0.0848973,0.0714879,0.1119793,
56,1e-07,0.0128745,0.0435285,0.0806753,0.0977092,0.0602328,0.1300369,0.0630053,0.0614368,0.13506,0.0626392,0.0975162,
57,1e-07,0.0067326,0.035744,0.0388562,0.0968478,0.0554392,0.1173382,0.0335958,0.0645653,0.0870259,0.1509252,0.0691731,
58,1e-07,0.0045165,0.0223485,0.048032,0.0858985,0.0686572,0.0614326,0.0512103,0.0400653,0.0645791,0.0835005,0.0780245,
59,1e-07,0.004517,0.0504548,0.0862065,0.0966899,0.0417867,0.0943633,0.0426123,0.0670677,0.1239135,0.187267,0.1281045,
60,1e-07,0.0064507,0.0369653,0.1102732,0.1089176,0.0290013,0.1165785,0.0588299,0.0851099,0.0791499,0.2657577,0.1242708,
61,1e-07,0.0051731,0.0224358,0.0948293,0.1014606,0.0649901,0.0608523,0.0678392,0.068862,0.0980135,0.2128677,0.1534508,
62,1e-07,0.0060847,0.0245082,0.077664,0.0956573,0.0596795,0.081843,0.1038907,0.0590867,0.0675716,0.2258773,0.0989226,
63,1e-07,0.0122603,0.0232659,0.0830276,0.085637,0.0558724,0.1475956,0.0319023,0.0828001,0.1010986,0.2185419,0.0384204,
64,0.0,0.0144351,0.028313,0.0877423,0.1028294,0.0846787,0.2022472,0.1303388,0.1092113,0.1569784,0.2020323,0.0475189,
65,0.0,0.0160751,0.0502731,0.0328737,0.0907011,0.0816191,0.1350741,0.0236485,0.1011097,0.0993462,0.2038893,0.0489554,
66,0.0,0.0118073,0.0360391,0.033114,0.0443727,0.0401797,0.1181077,0.0437868,0.0802634,0.1117626,0.1161165,0.0577193,
67,0.0,0.0091428,0.016728,0.0392501,0.0319858,0.0658385,0.0748559,0.0402598,0.0942926,0.0966456,0.1077579,0.0906908,
68,0.0,0.0169476,0.0268079,0.0436026,0.033972,0.1065758,0.0378549,0.0481322,0.15509,0.0950205,0.0583248,0.0450495,
69,0.0,0.0089773,0.0580928,0.0698994,0.0776681,0.0808164,0.0480809,0.0409232,0.1976489,0.0736228,0.0733409,0.0281464,
70,0.0,0.0047558,0.0267146,0.0518804,0.0461751,0.1506064,0.0851168,0.0657903,0.1755254,0.128879,0.1003199,0.1375687,
71,0.0,0.0089588,0.0188492,0.0304989,0.0906817,0.1679316,0.118185,0.0612203,0.3016557,0.2935414,0.184311,0.1830059,
72,0.0,0.0104709,0.047968,0.043689,0.1018923,0.1101987,0.0932771,0.1194935,0.25697,0.2533755,0.1609712,0.0670222,
73,0.0,0.0041765,0.0648794,0.0429909,0.1055361,0.0960705,0.0420912,0.0679523,0.1976364,0.1720713,0.1039423,0.115504,
74,0.0,0.008293,0.0331952,0.048679,0.1103249,0.0971589,0.0839767,0.0916014,0.1980323,0.1284838,0.0491746,0.0686576,
75,0.0,0.0078272,0.0148318,0.0611423,0.1049548,0.0948508,0.0543689,0.1575023,0.1770245,0.1335872,0.0386043,0.015292,
76,0.0,0.0028918,0.0248753,0.0520059,0.0624981,0.0991409,0.0824269,0.1235312,0.1892954,0.1360321,0.0209427,0.0305248,
77,0.0,0.0006242,0.0184952,0.033605,0.0795941,0.1143883,0.0820773,0.1227063,0.1836632,0.0953554,0.1031088,0.0392148,
78,0.0,0.0018578,0.0103306,0.0128333,0.097675,0.1280677,0.1158,0.1261529,0.1977681,0.0810129,0.1239808,0.0447031,
79,0.0,0.0037822,0.0397186,0.0253251,0.0693764,0.1163317,0.1060967,0.078437,0.1678165,0.0411385,0.1474164,0.024793,
80,0.0,0.0016263,0.0359654,0.0351598,0.0658979,0.1030597,0.1246717,0.1192937,0.1132879,0.0185852,0.1348427,0.0365043,
81,0.0,0.0022329,0.0235631,0.0460159,0.0912519,0.029333,0.0848465,0.053596,0.0792075,0.0374504,0.0360908,0.0560435,
82,0.0,0.003601,0.0272969,0.0331883,0.0904403,0.0326898,0.045399,0.0480464,0.1021785,0.0489333,0.0206366,0.0541206,
83,0.0,0.0080584,0.0182014,0.0131251,0.0765591,0.0452683,0.0551794,0.0561596,0.0150221,0.0640158,0.0556246,0.0471148,
84,0.0,0.005493,0.0148335,0.017715,0.0709397,0.0675195,0.0633907,0.0626597,0.0290417,0.0579405,0.05998,0.0812684,
85,0.0,0.0022765,0.0218829,0.0332033,0.041274,0.0577602,0.051193,0.0668133,0.0509813,0.0782746,0.048693,0.0906318,
86,0.0,0.0044138,0.021597,0.0410391,0.0597077,0.0116451,0.0338789,0.0696479,0.0565852,0.0668957,0.0595745,0.0382319,
87,0.0,0.0026829,0.0154445,0.0460245,0.0493802,0.0328347,0.0561264,0.0179083,0.0460804,0.0802181,0.0556947,0.0405332,
88,0.0,0.0024923,0.0188482,0.042215,0.0523864,0.055718,0.0836449,0.0665559,0.084335,0.0687411,0.0667037,0.0354267,
89,0.0,0.0048414,0.0178148,0.0314082,0.0709381,0.0489386,0.0592099,0.0761659,0.0919837,0.0483037,0.091349,0.0413802,
90,0.0,0.003261,0.0310957,0.0525154,0.0830714,0.0861091,0.0741418,0.1024438,0.0972692,0.0518753,0.1084711,0.0246993,
91,0.0,0.0030032,0.0238851,0.0561178,0.1143602,0.1112049,0.0664445,0.1362986,0.1191659,0.0589989,0.0634896,0.0195129,
92,0.0,0.0014205,0.0309454,0.062772,0.0836162,0.129077,0.0822266,0.1270916,0.1689494,0.0628062,0.1393634,0.0226349,
93,0.0,0.0033817,0.0231663,0.0925572,0.1009044,0.2211036,0.0754989,0.1784459,0.156471,0.0837578,0.0766864,0.0332425,
94,0.0,0.005556,0.0163439,0.0686525,0.0986356,0.1176815,0.0082168,0.1649872,0.1220271,0.0896396,0.0950124,0.0138411,
95,0.0,0.0026918,0.0163539,0.0792475,0.0845777,0.1083165,0.0130067,0.0913116,0.1027636,0.1167592,0.0825678,0.0423876,
96,0.0,0.0014219,0.0309817,0.0801898,0.1287484,0.0889257,0.0511253,0.0908113,0.1738822,0.1467955,0.1085339,0.0599663,
97,0.0,0.0026986,0.0335694,0.0416366,0.0971391,0.056506,0.0583427,0.0649335,0.1292922,0.1041833,0.078564,0.0558038,
98,0.0,0.0029029,0.0163453,0.0545918,0.0787682,0.0246711,0.0266239,0.0599226,0.1213024,0.0699017,0.0709348,0.0395469,
99,0.0,0.0017462,0.0256704,0.0370502,0.0546944,0.0240341,0.0689574,0.0768836,0.0700136,0.0314096,0.073751,0.0682466,
100,0.0,0.0021573,0.01961,0.0367245,0.0633699,0.0344019,0.0716825,0.090137,0.0445737,0.0738574,0.0659145,0.0682021,
101,0.0,0.0011679,0.028897,0.0619449,0.0638714,0.0079189,0.0634216,0.1140481,0.0531066,0.0808528,0.1201931,0.0831499,
102,0.0,0.0017192,0.0233028,0.0880298,0.0529194,0.0182417,0.0554687,0.1029941,0.0583139,0.0466156,0.1096188,0.0957932,
103,0.0,0.0022353,0.0272039,0.054046,0.0406673,0.0758955,0.094509,0.0594775,0.0743243,0.0552885,0.1159642,0.0634182,
104,0.0,0.0024374,0.0369723,0.0415,0.0295726,0.0637757,0.1250216,0.0492789,0.0083849,0.0390971,0.0731805,0.1007314,
105,0.0,0.0037755,0.0282254,0.0410866,0.0368012,0.0442391,0.0984596,0.0311899,0.0446879,0.0444855,0.0783583,0.1081684,
106,0.0,0.004853,0.0421172,0.0405147,0.0799769,0.0267447,0.0582434,0.082556,0.1045372,0.0539316,0.0731086,0.0724247,
107,0.0,0.0046075,0.0456218,0.0441185,0.0603305,0.0651532,0.0712441,0.1550949,0.0876264,0.0688955,0.0562414,0.115784,
108,0.0,0.0118574,0.0402467,0.0482903,0.03987,0.0560328,0.0526243,0.0628113,0.0719672,0.1052732,0.025741,0.072367,
109,0.0,0.0140014,0.0294028,0.0363277,0.0382533,0.0636285,0.0554335,0.1056952,0.0604348,0.1166656,0.0352053,0.0536244,
110,0.0,0.002604,0.0099251,0.0152125,0.048425,0.0848768,0.0738296,0.0391925,0.0468427,0.0854012,0.0278546,0.0273942,
111,0.0,0.0038231,0.0258919,0.0232909,0.0597425,0.0505544,0.0585582,0.0440605,0.0834105,0.0812575,0.0556909,0.0899547,
112,0.0,0.0012646,0.0335109,0.0173722,0.0620313,0.0205402,0.071263,0.0494312,0.0643401,0.0446159,0.0314979,0.0715534,
113,0.0,0.0040929,0.0158235,0.0265466,0.0137996,0.0401136,0.0512268,0.0706523,0.038672,0.0789455,0.0411055,0.0419409,
114,0.0,0.0039626,0.0219122,0.0559738,0.0389706,0.0578377,0.0561672,0.0696772,0.0390537,0.0841467,0.0473514,0.0248065,
115,0.0,0.0061963,0.0339504,0.0581291,0.062313,0.0455669,0.0582343,0.0549844,0.0363907,0.0674535,0.0323748,0.0602073,
116,0.0,0.0133192,0.0316941,0.0216211,0.0229125,0.0468816,0.0747151,0.041614,0.054562,0.0846146,0.1024897,0.0562184,
117,0.0,0.0145766,0.0353661,0.0278258,0.0743677,0.0710298,0.0203183,0.0531996,0.0511867,0.088384,0.0574345,0.0380985,
118,0.0,0.0137573,0.0140003,0.0385624,0.068479,0.0754521,0.0308965,0.0734884,0.078898,0.0914993,0.0653378,0.0260927,
119,0.0,0.0404847,0.0566997,0.0628307,0.0501305,0.107143,0.0572182,0.0826491,0.0742185,0.0809541,0.0339203,0.1831057,
120,0.0,0.043008,0.0491151,0.0776053,0.0573476,0.1078184,0.0483249,0.0707175,0.0960036,0.0925894,0.0309424,0.0547253,
121,0.0,0.0296896,0.0333025,0.0796854,0.0563565,0.0484815,0.0263061,0.0645314,0.0775315,0.1117995,0.0539874,0.050095,
122,0.0,0.0189427,0.0248168,0.0542086,0.0333877,0.070261,0.0089267,0.0171632,0.0742182,0.0592238,0.0465206,0.0715874,
123,0.0,0.0128914,0.0098418,0.0401742,0.0334632,0.0785828,0.0570525,0.0813005,0.1344914,0.0876395,0.0396108,0.0897936,
124,0.0,0.0089148,0.012624,0.0473408,0.0495292,0.0537024,0.0612912,0.1321629,0.0623484,0.0671225,0.0484389,0.1184286,
125,0.0,0.0069723,0.0143125,0.0286519,0.0543301,0.0632066,0.0707289,0.0813218,0.0323923,0.0892723,0.0398462,0.0673038,
126,0.0,0.0044829,0.0246871,0.0311859,0.0721707,0.0263469,0.056747,0.0579813,0.0675299,0.0650233,0.0314871,0.065016,
127,0.0,0.0016226,0.018082,0.0389858,0.0749419,0.0417794,0.0552506,0.0368722,0.0495748,0.0303351,0.0482222,0.0644636,
128,0.0,0.0046878,0.0159064,0.0333951,0.0436705,0.0451095,0.0954713,0.0403084,0.027757,0.0207412,0.0520107,0.0791473,
129,0.0,0.0034014,0.0138325,0.0405086,0.018902,0.0297539,0.0961653,0.0092417,0.0530868,0.0445696,0.0561412,0.0661821,
130,0.0,0.0037374,0.0221135,0.0311937,0.0152576,0.0429014,0.0783804,0.013285,0.0725212,0.0767768,0.0644078,0.0523764,
131,0.0,0.0024942,0.0265115,0.0488537,0.0252197,0.0231282,0.0347319,0.0207855,0.0957166,0.061992,0.0509737,0.0644986,
132,0.0,0.0020062,0.0231339,0.0612862,0.0771847,0.0473713,0.0244336,0.0693865,0.0874386,0.0553557,0.0643326,0.0501805,
133,0.0,0.0035549,0.0278443,0.0633463,0.0737839,0.034875,0.016147,0.0979675,0.077847,0.0900069,0.1093106,0.1093128,
134,0.0,0.0076466,0.0134123,0.0710785,0.0432833,0.0179138,0.0241796,0.0769585,0.0634174,0.1003318,0.1282626,0.076598,
135,0.0,0.009492,0.0249977,0.0523844,0.0442039,0.0443234,0.0276272,0.0424437,0.0676173,0.0766094,0.1232097,0.1024672,
136,0.0,0.006669,0.0078235,0.0453102,0.0356767,0.0335379,0.0511455,0.0235202,0.075283,0.0430931,0.0979901,0.1048285,
137,0.0,0.002724,0.0292084,0.088968,0.0364827,0.0349267,0.0565597,0.0300819,0.0638047,0.0252162,0.1207766,0.1305738,
138,0.0,0.011607,0.0489731,0.0972802,0.0692901,0.0477927,0.0477894,0.0431137,0.0667053,0.0279534,0.0888221,0.0969579,
139,0.0,0.0110539,0.0354321,0.027734,0.0728984,0.0139059,0.0440829,0.017104,0.0922516,0.0341554,0.1101773,0.1107365,
140,0.0,0.0230197,0.0561694,0.0446544,0.0255013,0.0166104,0.0487249,0.0127888,0.0981209,0.0722098,0.0930608,0.0396363,
141,0.0,0.0440244,0.0289843,0.0337829,0.0773329,0.0501139,0.0367647,0.0685472,0.1190454,0.1383926,0.0757208,0.0789667,
142,0.0,0.0618901,0.0478348,0.0510232,0.0502143,0.0838783,0.0437898,0.0777914,0.078842,0.1169636,0.0482509,0.088855,
143,0.0,0.0437172,0.0352414,0.0909668,0.1201564,0.0850363,0.1224638,0.0780306,0.0763541,0.1105976,0.0672946,0.1885321,
144,0.0,0.0686198,0.0439403,0.0346017,0.0199189,0.0541906,0.0749048,0.0630804,0.0218152,0.0922981,0.0617184,0.084954,
145,0.0,0.071041,0.0643524,0.0819378,0.0111693,0.0940068,0.0442646,0.0830252,0.0472775,0.1178312,0.0765024,0.0521073,
146,0.0,0.0666104,0.0413961,0.0668926,0.0149006,0.0229964,0.0598732,0.0684191,0.0439608,0.0712014,0.0525911,0.0327714,
147,0.0,0.0267353,0.0208811,0.0273979,0.0197558,0.0280405,0.03187,0.0542466,0.0293334,0.0913213,0.0961202,0.0479797,
148,0.0,0.0176145,0.0174218,0.0186561,0.0152193,0.059802,0.0590026,0.0611481,0.0473143,0.0902494,0.0305991,0.0302027,
149,0.0,0.018609,0.0423625,0.0159664,0.0244139,0.0612425,0.0865181,0.0523542,0.0187155,0.0909155,0.0675679,0.0250356,
150,0.0,0.0028945,0.0275183,0.0240609,0.0280372,0.0450837,0.0702768,0.0498924,0.0386431,0.0444484,0.0734743,0.043833,
151,0.0,0.0025584,0.0264482,0.0147795,0.0497755,0.0466461,0.0650088,0.0601091,0.1088398,0.0257538,0.0394924,0.0465594,
152,0.0,0.0027449,0.0262265,0.0543588,0.0754656,0.0498387,0.0639805,0.0732666,0.0782478,0.016419,0.0276689,0.087581,
153,0.0,0.0022213,0.0165911,0.0618123,0.0860753,0.0418986,0.0637919,0.0863955,0.0406568,0.0390871,0.0501147,0.1501886,
154,0.0,0.0033777,0.0042692,0.0337001,0.1040598,0.0566153,0.0359772,0.1078951,0.0463974,0.0732105,0.0577641,0.1099941,
155,0.0,0.0021223,0.0278342,0.0270919,0.1022499,0.0473635,0.0417255,0.1168698,0.0612771,0.0736174,0.0591303,0.0887275,
156,0.0,0.0006363,0.0345321,0.0218696,0.0858977,0.0578185,0.0547537,0.1228545,0.0293972,0.0653509,0.0658951,0.0625888,
157,0.0,0.0012626,0.0213502,0.023229,0.0299572,0.0271416,0.0518954,0.0875925,0.0427751,0.0646997,0.0610566,0.06575,
158,0.0,0.0016098,0.018032,0.040261,0.0494653,0.0192899,0.0548196,0.0434943,0.0494743,0.0492316,0.042076,0.0640943,
159,0.0,0.0013517,0.0112149,0.0284921,0.0147557,0.031259,0.0659121,0.0775571,0.0515188,0.0367189,0.0412664,0.0296615,
160,0.0,0.004327,0.0165158,0.0549142,0.0418148,0.0336899,0.0745586,0.0452879,0.0149124,0.0261686,0.0417382,0.0603267,
161,0.0,0.0072209,0.0250547,0.0485485,0.0273252,0.0157827,0.040016,0.050331,0.0367011,0.0355389,0.0599014,0.0491708,
162,0.0,0.0107982,0.0202116,0.048273,0.0303887,0.0493445,0.0536074,0.0714589,0.0349832,0.0289403,0.0333087,0.0309128,
163,0.0,0.0246657,0.0398566,0.0481514,0.0652124,0.0385856,0.0290842,0.0561001,0.0165161,0.0667013,0.0779665,0.0542751,
164,0.0,0.0239135,0.0396114,0.0600681,0.0343515,0.0628991,0.0567403,0.0655835,0.05982,0.0344748,0.1149208,0.1381411,
165,0.0,0.0234387,0.0247943,0.0301108,0.0600662,0.0923688,0.0686322,0.0229002,0.1013828,0.0656122,0.1368233,0.1263433,
166,0.0,0.0216852,0.0214709,0.0291274,0.0566257,0.0597511,0.0554999,0.0207524,0.0655998,0.0741344,0.1396431,0.0747429,
167,0.0,0.0232305,0.0402276,0.0402927,0.0402034,0.0588196,0.0204608,0.0551444,0.0129733,0.06786,0.0488541,0.0647414,
168,0.0,0.0581975,0.0664679,0.059052,0.0540625,0.0933367,0.1065045,0.088362,0.0474989,0.0406179,0.0753799,0.0746104,
169,0.0,0.0385316,0.0744562,0.0759441,0.044589,0.0872455,0.0840806,0.0119558,0.0375904,0.0201199,0.1179528,0.1138679,
170,0.0,0.0621492,0.0554249,0.0788482,0.0319567,0.0768221,0.1176402,0.0599886,0.0423875,0.026816,0.1140453,0.0855432,
171,0.0,0.0259273,0.0127996,0.0622167,0.0271498,0.0294088,0.0483774,0.0249262,0.0403554,0.0345119,0.1069103,0.0905931,
172,0.0,0.0145824,0.0264695,0.021621,0.0444444,0.0237017,0.0342902,0.0470793,0.0466451,0.0499035,0.0923363,0.1076709,
173,0.0,0.0197297,0.02225,0.0597578,0.0409672,0.0487586,0.0399383,0.0217982,0.04807,0.0865301,0.0841902,0.115376,
174,0.0,0.0124576,0.0254573,0.0166271,0.0588715,0.0807215,0.0648769,0.0349689,0.0585393,0.08495,0.0884057,0.1075335,
175,0.0,0.0102639,0.0117143,0.0182088,0.0254664,0.041959,0.0757491,0.059643,0.0413652,0.0674173,0.084503,0.0864667,
176,0.0,0.0144165,0.0197282,0.0325148,0.0709288,0.0277942,0.1173481,0.0248735,0.0519669,0.0373003,0.0542438,0.0461338,
177,0.0,0.0085522,0.030191,0.0596382,0.0635139,0.040226,0.1178599,0.0306343,0.0657914,0.0441092,0.0935325,0.0532372,
178,0.0,0.005028,0.0311671,0.0835159,0.0580179,0.0818457,0.1072091,0.0459257,0.0701496,0.0856251,0.1171551,0.041091,
179,0.0,0.0067707,0.0457513,0.0720122,0.0684889,0.0531057,0.1202301,0.0487961,0.0554207,0.052841,0.1441857,0.0322848,
180,1e-07,0.0111658,0.0158477,0.0304415,0.0689559,0.0992212,0.080146,0.0256963,0.0289092,0.0535424,0.1088502,0.096922,
181,0.0,0.0059707,0.0172843,0.0292876,0.0552737,0.0850872,0.0813348,0.029627,0.0444062,0.0805723,0.1123902,0.1016781,
182,0.0,0.0071097,0.0221237,0.044643,0.0178073,0.0923202,0.0544484,0.0555174,0.0295902,0.0896049,0.0793399,0.1144962,
183,1e-07,0.0197471,0.0399432,0.0841815,0.0277396,0.107794,0.1046991,0.0631986,0.0657232,0.1291217,0.0964189,0.154791,
184,1e-07,0.0097328,0.0478888,0.1105256,0.0490759,0.0921745,0.0966701,0.0559258,0.0635947,0.0719163,0.1299724,0.1722455,
185,0.0,0.0171715,0.0321057,0.0631786,0.0122882,0.0724527,0.0955315,0.0445949,0.0835078,0.0427201,0.0817091,0.1449544,
186,0.0,0.0102905,0.0247485,0.0740464,0.075605,0.0885513,0.0302216,0.0277801,0.0492474,0.0475051,0.0731624,0.1308593,
187,0.0,0.0068509,0.0226425,0.0641968,0.0728309,0.0867048,0.061184,0.0586444,0.0680795,0.1121069,0.0669225,0.1126205,
188,1e-07,0.0255311,0.0666049,0.0718965,0.0966603,0.0531377,0.0720026,0.0636108,0.0746313,0.119372,0.0999041,0.1217731,
189,1e-07,0.0212518,0.0939932,0.1375392,0.1650069,0.0884375,0.1967231,0.2335776,0.2361487,0.2149062,0.218668,0.1502755,
190,1e-07,0.0250224,0.0953077,0.1560265,0.1453016,0.0979499,0.2071788,0.2967651,0.2144213,0.1627639,0.2369912,0.0864421,
191,1e-07,0.0258553,0.0725021,0.1777649,0.1786551,0.1068524,0.15528,0.1973846,0.1586554,0.0853866,0.1972905,0.0902127,
192,0.0,0.0376978,0.0688202,0.1047232,0.0482898,0.0492263,0.0749215,0.1134482,0.0851756,0.024275,0.0788545,0.1139032,
193,0.0,0.0133733,0.0638179,0.0718772,0.0335307,0.0536646,0.0505015,0.1034816,0.0739492,0.0857248,0.1078966,0.1095509,
194,0.0,0.0262544,0.0228198,0.0210565,0.0118973,0.0409363,0.0592692,0.0816901,0.0545261,0.0835721,0.1719202,0.1254832,
195,0.0,0.0067915,0.0947267,0.0542618,0.0212622,0.0720319,0.0959233,0.0820034,0.1137512,0.0681765,0.0962803,0.0741931,
196,0.0,0.0037076,0.0387068,0.0421377,0.0438307,0.0652819,0.0706799,0.0451162,0.0801929,0.0851775,0.081027,0.0683093,
197,0.0,0.0082125,0.0222677,0.0238855,0.0488087,0.0087893,0.0362908,0.0664,0.1079525,0.0722575,0.1095526,0.0463637,
198,0.0,0.0095406,0.0497875,0.0570611,0.0418635,0.0520983,0.0447447,0.071359,0.1074947,0.0375479,0.0506556,0.0399407,
199,0.0,0.0119197,0.0527442,0.0325012,0.047214,0.0489809,0.0174899,0.071222,0.0474112,0.0455939,0.0566937,0.0742377,
200,0.0,0.0094903,0.0156796,0.0297999,0.0502564,0.0362447,0.0517772,0.0710048,0.0362435,0.0657659,0.0347675,0.0747855,
201,0.0,0.0016236,0.0222937,0.0341646,0.0514929,0.0225215,0.0442098,0.0622424,0.0577914,0.0735479,0.0347876,0.0591309,
202,0.0,0.0039326,0.0397133,0.0386934,0.0102407,0.0179147,0.0560024,0.0772585,0.0524507,0.0699205,0.0426587,0.0511149,
203,0.0,0.0016693,0.0141568,0.0477889,0.0151336,0.0407381,0.0322728,0.0602414,0.044685,0.0562838,0.0559514,0.0724079,
204,0.0,0.0021077,0.0149332,0.0392975,0.021907,0.0476524,0.0316771,0.0623683,0.02437,0.0373584,0.0540375,0.0642201,
205,0.0,0.0010118,0.0218731,0.0333726,0.0217864,0.0383183,0.0197987,0.0667852,0.0295078,0.08065,0.024305,0.0551117,
206,0.0,0.0011782,0.0254529,0.046098,0.0111917,0.0369018,0.0465641,0.0705129,0.0306565,0.1067418,0.0741323,0.0533586,
207,0.0,0.0022777,0.0051891,0.0383822,0.025788,0.0418096,0.0446288,0.0514505,0.0500929,0.0922189,0.0846099,0.0370653,
208,0.0,0.0010794,0.0127889,0.0257073,0.0324984,0.0564194,0.0455447,0.0728309,0.0428688,0.0817042,0.0478622,0.0499622,
209,0.0,0.0013526,0.0143642,0.0198639,0.0215398,0.066838,0.048603,0.0822211,0.0344279,0.0865815,0.0471277,0.0738111,
210,0.0,0.0014333,0.0032402,0.0124749,0.0205677,0.0577775,0.043663,0.0842239,0.0452721,0.091006,0.0659485,0.0471841,
211,0.0,0.0020515,0.0083546,0.0364769,0.0524685,0.0594546,0.0927633,0.0763748,0.0564409,0.0879672,0.0803446,0.1056758,
212,0.0,0.0004331,0.0049861,0.0427004,0.0374592,0.0873525,0.0665054,0.0751616,0.0720033,0.0847562,0.115755,0.0928332,
213,0.0,0.0010717,0.0331572,0.0220899,0.03005,0.0827848,0.0544434,0.0578028,0.0620719,0.0801751,0.1092329,0.0897109,
214,0.0,0.0038377,0.0346518,0.0132771,0.0658298,0.0806615,0.0831835,0.0457825,0.0629302,0.0811417,0.1043517,0.157302,
215,0.0,0.002845,0.0299643,0.0446705,0.0641991,0.0672075,0.0542755,0.0412936,0.0719943,0.1194708,0.1111234,0.1861342,
216,0.0,0.0025224,0.0091461,0.0289637,0.0619805,0.0591437,0.0732468,0.018456,0.0530178,0.0593339,0.1068737,0.2043989,
217,0.0,0.0020691,0.0123959,0.0726891,0.0330784,0.0566843,0.108453,0.0858506,0.0860911,0.0991967,0.1700214,0.2158401,
218,0.0,0.0035441,0.0115129,0.035769,0.0237061,0.0397017,0.0994442,0.0838951,0.0739396,0.0977275,0.200758,0.2120094,
219,0.0,0.0025721,0.0110742,0.0387333,0.0605232,0.0467344,0.074071,0.0739545,0.0466081,0.0729022,0.1640078,0.1628125,
220,0.0,0.0016094,0.0264842,0.0359815,0.0426637,0.0300299,0.0495611,0.0860819,0.0429349,0.0668671,0.1461859,0.148627,
221,0.0,0.0046891,0.0269932,0.0472984,0.0463024,0.0428839,0.0994507,0.1271687,0.0227721,0.0422061,0.1005563,0.1721713,
222,0.0,0.002106,0.0236701,0.0617636,0.0243847,0.0460167,0.1007174,0.0737064,0.0411323,0.1384799,0.16607,0.2765107,
223,0.0,0.003712,0.020004,0.0777063,0.0367208,0.1007472,0.207677,0.1295406,0.0635825,0.0430846,0.2135853,0.2276013,
224,0.0,0.004321,0.0222614,0.0719636,0.0850912,0.1466907,0.1783044,0.1352482,0.0938362,0.2030684,0.2119962,0.2354975,
225,0.0,0.0022749,0.0274028,0.0648665,0.0612913,0.1292562,0.1173189,0.1213258,0.0341245,0.0697103,0.1978419,0.2331094,
226,0.0,0.0081996,0.0459799,0.0361517,0.0505414,0.0916946,0.0837639,0.1450321,0.056288,0.0620561,0.1965605,0.1846954,
227,0.0,0.0062187,0.0352664,0.0368743,0.0138039,0.0861189,0.0640333,0.171931,0.0535767,0.0932685,0.1268082,0.2016341,
228,0.0,0.0053704,0.0376678,0.0553253,0.0470643,0.0751368,0.0572761,0.1640957,0.0666603,0.0892869,0.1969259,0.2217017,
229,0.0,0.0029033,0.0411143,0.0260286,0.0625836,0.0872418,0.0742813,0.1717825,0.0317939,0.0443617,0.2032352,0.2169901,
230,0.0,0.005675,0.0352639,0.0525304,0.0786715,0.1014875,0.0555907,0.1200758,0.052307,0.0543614,0.1232603,0.182967,
231,0.0,0.0079767,0.0374874,0.0523384,0.0791068,0.0944455,0.0531931,0.0755179,0.0890105,0.0380196,0.1507561,0.177388,
232,0.0,0.0053964,0.0264423,0.060695,0.0580778,0.0656363,0.0658134,0.1222072,0.1170216,0.0635541,0.2268444,0.1952791,
233,0.0,0.0043129,0.0269901,0.0767228,0.0860242,0.1021697,0.0649555,0.0618213,0.1091728,0.0564606,0.2151146,0.1863071,
234,0.0,0.0031268,0.0390256,0.050926,0.0970676,0.0383027,0.054438,0.0417637,0.0883576,0.097166,0.1331587,0.1593248,
235,0.0,0.006544,0.0415854,0.0554371,0.0952109,0.0475715,0.0715981,0.0824944,0.032212,0.0661828,0.1551258,0.1234904,
236,0.0,0.0044161,0.0476801,0.0931875,0.0457842,0.1417428,0.0781101,0.1171685,0.0475608,0.072874,0.1127245,0.1620273,
237,0.0,0.0080917,0.0343957,0.090822,0.0645242,0.1118499,0.0316677,0.1263545,0.0838687,0.0706882,0.163253,0.1307638,
238,0.0,0.0057414,0.0317787,0.0185042,0.0444201,0.0834732,0.04323,0.0987459,0.055783,0.0865699,0.1156692,0.1001035,
239,0.0,0.0042273,0.0452805,0.0361364,0.0444573,0.0393827,0.043147,0.0739853,0.0625576,0.0670916,0.100797,0.0783879,
240,0.0,0.0034136,0.0471925,0.0331629,0.0259499,0.0142648,0.0606634,0.0701876,0.0479426,0.0697562,0.0953677,0.0982703,
241,0.0,0.0028062,0.0179263,0.0296754,0.0310662,0.0439886,0.063393,0.0700372,0.0676291,0.0883526,0.0737831,0.0938149,
242,0.0,0.003619,0.0210705,0.0455765,0.0206164,0.0686072,0.0429929,0.1290523,0.0634058,0.1610564,0.0915041,0.1019153,
243,0.0,0.0028097,0.0440365,0.0370882,0.0270575,0.0891285,0.0759825,0.1372743,0.0992852,0.1850465,0.167721,0.1225799,
244,0.0,0.0046002,0.0474594,0.0179384,0.0516865,0.0794902,0.0563606,0.1439568,0.1008411,0.1378029,0.2712153,0.1542076,
245,0.0,0.003007,0.0388391,0.0367271,0.0382843,0.0852747,0.0749109,0.1227479,0.0878989,0.1002263,0.2918657,0.1463426,
246,0.0,0.0024351,0.0496173,0.0314532,0.0555683,0.0901179,0.0517124,0.1076923,0.1222367,0.1180883,0.1989645,0.1800444,
247,0.0,0.0020522,0.0499686,0.0531762,0.039316,0.0729276,0.0323756,0.1204649,0.1419746,0.1222854,0.1648889,0.1834721,
248,1e-07,0.0035321,0.0550947,0.0491574,0.0421251,0.077838,0.0644207,0.0986956,0.0997485,0.1389107,0.1634747,0.2130155,
249,0.0,0.0060595,0.0360244,0.0363693,0.0341686,0.08441,0.0862213,0.0496598,0.0422133,0.1404522,0.2082505,0.2187992,
250,0.0,0.0035091,0.0256816,0.0386431,0.0531735,0.1066227,0.067297,0.0961656,0.0734215,0.1143304,0.1223271,0.1658672,
251,0.0,0.0027801,0.0266027,0.0410475,0.1029603,0.0937179,0.1377806,0.1252846,0.1031232,0.1225353,0.1614212,0.221741,
252,0.0,0.0033596,0.047862,0.0275745,0.0891553,0.0876415,0.1904718,0.1350743,0.1143209,0.083831,0.1943328,0.202739,
253,0.0,0.0025987,0.031085,0.031123,0.0583725,0.0913138,0.1289464,0.1273157,0.1039732,0.0720428,0.1212605,0.118629,
254,0.0,0.0024503,0.0300019,0.0518655,0.0134309,0.0677074,0.0822757,0.0886669,0.0580545,0.1145579,0.1087706,0.1288374,
255,0.0,0.0021192,0.019421,0.0543184,0.0425076,0.015034,0.1595426,0.0507538,0.1032573,0.1330539,0.1491832,0.1604468,
256,0.0,0.0012064,0.0094929,0.0449282,0.0558986,0.0160272,0.2017704,0.0676322,0.1182059,0.1178232,0.1532938,0.1513926,
257,0.0,0.0011042,0.0176491,0.0151109,0.0253734,0.0749411,0.1249336,0.1150595,0.1035745,0.1391205,0.1174051,0.0712771,
258,0.0,0.0006475,0.0399999,0.0300047,0.0567919,0.0660966,0.0460446,0.1162198,0.098822,0.1675747,0.1625781,0.0955186,
259,0.0,0.0020614,0.03159,0.0215054,0.0296582,0.0878367,0.0472412,0.1438266,0.0611847,0.1043754,0.0628282,0.0494229,
260,0.0,0.0004242,0.0332818,0.0286893,0.0604308,0.0830681,0.025003,0.1297677,0.0510982,0.0882171,0.0542214,0.1174674,
261,0.0,0.0010957,0.0360808,0.0329785,0.0513635,0.0701183,0.0430612,0.1316406,0.0551396,0.1147159,0.140745,0.1430017,
262,0.0,0.0018902,0.0232146,0.0324074,0.0531659,0.0507382,0.0536994,0.1500323,0.0430751,0.1419705,0.1578338,0.158062,
263,0.0,0.0010938,0.0319201,0.0540682,0.0483428,0.0374621,0.0678248,0.1344182,0.036129,0.1368746,0.1066206,0.097479,
264,0.0,0.0010165,0.0248555,0.0199221,0.0561818,0.0520187,0.0510059,0.1041491,0.0177993,0.0713354,0.0903352,0.1295951,
265,0.0,0.0022479,0.0214338,0.018608,0.0301684,0.0415366,0.0168928,0.067998,0.0362193,0.0995667,0.1036488,0.1583195,
266,0.0,0.0010918,0.0228973,0.0477871,0.0439738,0.0221793,0.0566039,0.0719062,0.045256,0.1160897,0.1020883,0.1651461,
267,0.0,0.001346,0.0114457,0.0531192,0.0554032,0.0479328,0.0544827,0.0713828,0.0192558,0.0712717,0.0875744,0.1780974,
268,0.0,0.0008929,0.0237462,0.0472399,0.0624632,0.04972,0.0099937,0.0552423,0.0197665,0.0396997,0.1259423,0.1327148,
269,0.0,0.0006454,0.0314123,0.0511301,0.0509991,0.0779862,0.0410378,0.0396636,0.0272405,0.0763057,0.105713,0.1449678,
270,0.0,0.0020606,0.0197523,0.0822705,0.0339407,0.0762005,0.1049157,0.0871166,0.042582,0.068099,0.1417542,0.1456113,
271,0.0,0.0048967,0.0080836,0.0419835,0.0144352,0.093732,0.0953856,0.1416858,0.0336815,0.1164848,0.1578773,0.1305844,
272,0.0,0.0080238,0.0091447,0.0460492,0.0381796,0.0951963,0.0639964,0.1451818,0.0247823,0.1282084,0.1912291,0.1633775,
273,0.0,0.0060225,0.0226758,0.0408802,0.0749331,0.0968718,0.0420094,0.1596966,0.0171269,0.1130263,0.3458608,0.2116399,
274,0.0,0.0024439,0.021093,0.0276667,0.0745747,0.1413988,0.0354244,0.0807355,0.0471136,0.1474302,0.3376127,0.2158598,
275,0.0,0.0039566,0.0161592,0.0237416,0.0132682,0.0955884,0.0364438,0.0689701,0.061012,0.1274905,0.3610674,0.2098298,
276,0.0,0.0068877,0.0405708,0.0494413,0.0633298,0.0483255,0.0850089,0.0301926,0.032624,0.0958693,0.3588074,0.1924774,
277,0.0,0.0040242,0.0382121,0.0502708,0.0595948,0.0372548,0.1367272,0.1232042,0.0384495,0.0942487,0.3207,0.1256067,
278,0.0,0.0026129,0.0362761,0.0308649,0.0518603,0.0736555,0.201167,0.2586921,0.1530597,0.1414274,0.3969719,0.1925463,
279,0.0,0.0062676,0.011453,0.0699033,0.0355402,0.0629078,0.1280295,0.0867814,0.102986,0.06891,0.3100924,0.1410512,
280,0.0,0.0033759,0.0109979,0.0481661,0.0218758,0.0610388,0.1330517,0.1328355,0.0871954,0.052481,0.1251829,0.0714416,
281,0.0,0.0017189,0.0154994,0.0365123,0.0278856,0.0550268,0.0880396,0.0903574,0.0882441,0.0435203,0.0912574,0.07565,
282,0.0,0.0006371,0.0246199,0.0583563,0.0348226,0.0562106,0.0856133,0.0805876,0.0929477,0.0361639,0.0934754,0.0908755,
283,0.0,0.0037878,0.0293553,0.0727709,0.0310097,0.117676,0.1556342,0.0509943,0.08396,0.0317115,0.1039729,0.1027126,
284,0.0,0.002278,0.0243175,0.0449596,0.0451994,0.0475249,0.0893735,0.0645216,0.0495577,0.0610356,0.1422064,0.0492163,
285,0.0,0.0036846,0.0145956,0.0397367,0.0488409,0.0450783,0.0755308,0.1040869,0.0275272,0.0755287,0.1068056,0.0601193,
286,0.0,0.0037399,0.0420464,0.039909,0.0531637,0.0351774,0.0472741,0.1123867,0.063422,0.061636,0.0708315,0.0901482,
287,0.0,0.0076494,0.0568979,0.0416371,0.0467326,0.0532098,0.0923215,0.0898297,0.0312475,0.0545858,0.0599314,0.0860517,
288,0.0,0.0047727,0.0446035,0.026344,0.0322245,0.0819427,0.0957618,0.0991118,0.0448864,0.0594004,0.0735261,0.0829956,
289,0.0,0.0050397,0.0186922,0.0391808,0.0340686,0.0892163,0.0734104,0.1047621,0.0322315,0.0533222,0.0521164,0.0385664,
290,0.0,0.0061533,0.0097927,0.0140721,0.0405086,0.0810707,0.0774216,0.0850245,0.0292792,0.0597865,0.0627339,0.1123952,
291,0.0,0.0022344,0.0122808,0.0238974,0.0228968,0.0799826,0.06515,0.0741956,0.069542,0.0792534,0.027654,0.0404039,
292,0.0,0.0021111,0.0296236,0.0384169,0.0596915,0.0626301,0.0557579,0.083189,0.0678282,0.0940096,0.037259,0.0474111,
293,0.0,0.0010116,0.0126889,0.0464288,0.0334506,0.0552583,0.041129,0.0607063,0.0454089,0.0653861,0.0619272,0.0318169,
294,0.0,0.0010114,0.0125618,0.0846671,0.0323185,0.0819286,0.0423532,0.0681378,0.0578614,0.0562385,0.0487745,0.0492924,
295,0.0,0.0014319,0.0135269,0.0341708,0.029831,0.0600079,0.0457494,0.0180079,0.0193215,0.0596399,0.0353884,0.0487669,
296,0.0,0.0016835,0.008024,0.0264968,0.0226872,0.0560559,0.0429798,0.0334656,0.0314925,0.1001963,0.0574056,0.0719712,
297,0.0,0.0015934,0.0086978,0.0535148,0.05522,0.0580878,0.0421537,0.0281951,0.0643943,0.0907439,0.0354512,0.1026346,
298,0.0,0.00255,0.0169589,0.0569789,0.0258897,0.0789467,0.042817,0.0540117,0.0699662,0.0960462,0.0620882,0.0786018,
299,0.0,0.0011681,0.0199888,0.0468871,0.0393137,0.0793145,0.0446196,0.0488229,0.0971118,0.1404967,0.0440835,0.0738843,
300,0.0,0.00064,0.0175496,0.0374067,0.0375845,0.0780962,0.036586,0.0435295,0.0553749,0.1315815,0.0210899,0.0659009,
301,0.0,0.0014398,0.0226219,0.0499859,0.0418048,0.0597935,0.1109924,0.0679037,0.0672058,0.0775495,0.0576591,0.1196067,
302,0.0,0.0031725,0.0480443,0.0519202,0.0347392,0.0992138,0.1028574,0.0884466,0.0591187,0.066129,0.1321913,0.1415025,
303,0.0,0.0026156,0.0189791,0.0446128,0.0775004,0.0726083,0.045563,0.0845879,0.0269212,0.0995943,0.086321,0.0911284,
304,0.0,0.0039978,0.0170255,0.0299006,0.07112,0.0490433,0.0476857,0.0644249,0.0335317,0.1221505,0.0547118,0.0500773,
305,0.0,0.0047499,0.0333529,0.0435967,0.0751295,0.0590173,0.0150262,0.1206177,0.0289062,0.0925493,0.0728237,0.1111929,
306,0.0,0.0041927,0.0352529,0.0513607,0.0643641,0.0830494,0.0209369,0.1332393,0.0426985,0.1293121,0.0824116,0.1373515,
307,0.0,0.0271336,0.0446838,0.0354509,0.0551715,0.0346479,0.0800016,0.0422452,0.1031703,0.0895503,0.1194248,0.101842,
308,0.0,0.0160341,0.0463654,0.028813,0.072472,0.0452066,0.0696361,0.0661222,0.1029856,0.0332169,0.1337594,0.1488203,
309,0.0,0.0232159,0.0316606,0.0469654,0.0855779,0.0372593,0.0675835,0.062663,0.0933,0.0574663,0.1311031,0.1849127,
310,0.0,0.0068776,0.0182021,0.029737,0.0883155,0.0296207,0.0507907,0.0454579,0.0765893,0.0405726,0.1321262,0.125813,
311,0.0,0.0041373,0.0145998,0.0276432,0.1033872,0.0297939,0.0129755,0.0263242,0.0684023,0.0518455,0.1442963,0.1261555,
312,0.0,0.0034776,0.0186682,0.0365586,0.0626926,0.0749643,0.0454433,0.0224646,0.0832939,0.0460768,0.0757107,0.1314156,
313,0.0,0.0032178,0.0122405,0.0148173,0.0612342,0.0365856,0.0295245,0.0455278,0.0437141,0.021195,0.0376971,0.0436168,
314,0.0,0.0017797,0.0088755,0.0257608,0.0531,0.0319516,0.0115581,0.0512039,0.0748625,0.0519003,0.0790407,0.0271736,
315,0.0,0.000993,0.0176557,0.024085,0.1170753,0.0363564,0.005386,0.0559433,0.0792426,0.0401874,0.1087325,0.062216,
316,0.0,0.0010746,0.0163305,0.0168219,0.0445091,0.0249714,0.0357409,0.0285379,0.078121,0.0347024,0.1486531,0.0480784,
317,0.0,0.0018788,0.0032906,0.0429693,0.0501171,0.0567626,0.0503733,0.0115429,0.0946118,0.0371636,0.0951407,0.0293239,
318,0.0,0.0051114,0.0287663,0.0550252,0.0706391,0.060942,0.051804,0.0543199,0.1015486,0.0489886,0.0782132,0.0230456,
319,0.0,0.0033131,0.0141081,0.0362018,0.0563235,0.0574891,0.0606253,0.0297614,0.0729121,0.0521587,0.0827935,0.0601248,
320,0.0,0.004248,0.0268167,0.0623652,0.0558685,0.0524141,0.0612829,0.0301183,0.0943286,0.0314421,0.1334699,0.0597672,
321,0.0,0.0063346,0.0347473,0.0724422,0.0657646,0.061171,0.0988406,0.0703882,0.1316158,0.0422054,0.23986,0.0538781,
322,0.0,0.0015927,0.021325,0.0519141,0.0619995,0.0496671,0.0185056,0.045157,0.0920678,0.0389801,0.1385339,0.0330518,
323,0.0,0.0021609,0.0225536,0.0469624,0.0691812,0.0635093,0.0206366,0.0696505,0.0515711,0.0283922,0.1251521,0.0451807,
324,0.0,0.0026962,0.0069389,0.0140563,0.0533574,0.0471777,0.0106735,0.0720441,0.0576264,0.0152202,0.1177891,0.0445054,
325,0.0,0.0027241,0.028876,0.0393114,0.0356691,0.0349826,0.0176558,0.0275962,0.0428716,0.060528,0.1094576,0.0717846,
326,0.0,0.0040221,0.0313575,0.0299536,0.03813,0.0634414,0.0141817,0.0112637,0.0278783,0.0503512,0.0882457,0.0962951,
327,0.0,0.0041226,0.0297182,0.0216981,0.0523503,0.0745588,0.0366228,0.0620704,0.0439893,0.0517025,0.0826994,0.1361069,
328,0.0,0.0072059,0.0346569,0.0549584,0.0522198,0.0415259,0.0461492,0.0938469,0.0565401,0.0764362,0.0788348,0.0974836,
329,0.0,0.0115067,0.0771914,0.114803,0.0636356,0.139423,0.0235205,0.1269655,0.0750471,0.1499083,0.1232056,0.0369558,
330,0.0,0.0040926,0.0578795,0.0936415,0.1099448,0.1483177,0.1096467,0.1605736,0.0854975,0.1417964,0.21247,0.0772548,
331,0.0,0.0013941,0.0228043,0.0198957,0.0723208,0.0678471,0.0550326,0.0890727,0.0706506,0.0910192,0.0948244,0.1233055,
332,0.0,0.0017975,0.0070651,0.0282258,0.0599562,0.0708289,0.0374931,0.0679831,0.0444559,0.0610957,0.0748557,0.1083556,
333,0.0,0.0012579,0.0194803,0.0248328,0.0516978,0.0785632,0.0369412,0.0315042,0.020896,0.0528977,0.0730851,0.0633403,
334,0.0,0.0004458,0.0211245,0.0166483,0.0474728,0.0638486,0.031329,0.0305895,0.0285117,0.0459023,0.0696586,0.029264,
335,0.0,0.0011503,0.014436,0.0156673,0.0412111,0.0691087,0.021732,0.0576693,0.0325601,0.0280267,0.066825,0.0612218,
336,0.0,0.0018744,0.0118994,0.0277114,0.0209923,0.05559,0.029598,0.0319355,0.0669154,0.0265031,0.069044,0.0672339,
337,0.0,0.000999,0.0192283,0.0316116,0.0269844,0.0220986,0.0402947,0.033028,0.0746857,0.0175689,0.0932561,0.0259925,
338,0.0,0.0018947,0.0145648,0.0233545,0.038242,0.0417121,0.08303,0.0582739,0.071933,0.0374033,0.0843104,0.0200285,
339,0.0,0.0024405,0.0087973,0.0239849,0.0493454,0.0768043,0.0892747,0.0539943,0.1206789,0.083225,0.056599,0.0909427,
340,0.0,0.0011394,0.0183411,0.0243886,0.0509343,0.0555852,0.0688193,0.0435945,0.1004102,0.022159,0.0804015,0.0633935,
341,0.0,0.0006271,0.0300284,0.0265967,0.0278667,0.0513638,0.0648689,0.0482668,0.0946186,0.0512152,0.0748532,0.0339795,
342,0.0,0.0013132,0.0117475,0.0218184,0.0764987,0.033688,0.0317669,0.0506958,0.0820308,0.0239189,0.0951413,0.0636216,
343,0.0,0.0013843,0.0138042,0.0112504,0.0326367,0.0316218,0.0253479,0.0682446,0.0718097,0.0169238,0.0762076,0.071589,
344,0.0,0.0019968,0.0074185,0.0323136,0.0556069,0.0272948,0.0388444,0.0665503,0.0607829,0.034969,0.0862947,0.0369905,
345,0.0,0.0011316,0.0086457,0.0117566,0.0492064,0.0569931,0.0374474,0.0337232,0.0421697,0.0491973,0.0574206,0.0537801,
346,0.0,0.000448,0.0065735,0.0539771,0.0538065,0.0336772,0.0281017,0.0651166,0.037228,0.074626,0.0373738,0.0618733,
347,1e-07,0.002477,0.0191775,0.0559214,0.0744095,0.0314993,0.0354421,0.0563193,0.0117836,0.1007804,0.0429922,0.0829356,
348,1e-07,0.0009012,0.0209477,0.07482,0.0573805,0.0403943,0.0588531,0.0816506,0.0415078,0.0757101,0.065348,0.1017179,
349,1e-07,0.0030579,0.0312447,0.0679526,0.0380347,0.0500677,0.0316008,0.0481475,0.0277981,0.0667163,0.0753464,0.142504,
350,0.0,0.0021405,0.0305568,0.0565839,0.0484672,0.0418147,0.0251704,0.0788938,0.0577469,0.1015508,0.1075033,0.1742978,
351,0.0,0.0025113,0.0224207,0.114093,0.1718333,0.0122086,0.0182623,0.0766903,0.0714716,0.1181373,0.1830589,0.1687788,
352,0.0,0.007818,0.0274847,0.1412849,0.1985715,0.0465078,0.0658749,0.0469467,0.16402,0.1258987,0.2167605,0.3247246,
353,0.0,0.0053432,0.0148326,0.0892794,0.0988309,0.0492812,0.08638,0.067791,0.0340447,0.0775077,0.2094813,0.3876066,
354,0.0,0.0062204,0.0069133,0.0424235,0.0678733,0.0489702,0.0641662,0.108398,0.0811496,0.075009,0.1274421,0.2830347,
355,0.0,0.0041855,0.0148061,0.0547578,0.0932793,0.047085,0.0827522,0.1566221,0.0744355,0.0610786,0.1431649,0.2418578,
356,0.0,0.0041347,0.005335,0.0652119,0.097729,0.0866607,0.070953,0.1353079,0.0879505,0.065309,0.1274458,0.1909298,
357,1e-07,0.0049694,0.0275509,0.0654402,0.0936287,0.0901343,0.0440963,0.0714815,0.0962929,0.0375866,0.1073024,0.2211993,
358,0.0,0.0039665,0.0325793,0.0202117,0.1039531,0.0576461,0.0347484,0.043991,0.1234189,0.1301128,0.0677116,0.1752985,
359,1e-07,0.0004468,0.0325691,0.0324697,0.0573025,0.0496248,0.0589064,0.057504,0.1090948,0.0622207,0.0770455,0.2093858,
360,0.0,0.0030461,0.0432035,0.044148,0.0587625,0.0417034,0.074047,0.0671825,0.1242634,0.1268705,0.0594482,0.1734926,
361,1e-07,0.0058191,0.0414558,0.0472445,0.0533685,0.0521149,0.0708299,0.0262121,0.1177939,0.1202914,0.0285596,0.1774565,
362,1e-07,0.0023608,0.0535841,0.0480354,0.0565342,0.0543908,0.0742831,0.0135504,0.1295994,0.0603294,0.0361058,0.2074804,
363,1e-07,0.0021482,0.0278609,0.0529797,0.0495386,0.0737992,0.065362,0.0361173,0.127148,0.0575093,0.0439504,0.2040819,
364,1e-07,0.0020486,0.0285406,0.0427909,0.0539877,0.1056717,0.0648791,0.0564293,0.0959648,0.076483,0.0215564,0.2011063,
365,1e-07,0.0030124,0.0318897,0.0408432,0.0919173,0.1188431,0.0557193,0.0623717,0.1463539,0.0376205,0.1695074,0.3389489,
366,0.0,0.0048476,0.0280644,0.0407463,0.0961437,0.1324089,0.0592737,0.0791475,0.1025494,0.0503394,0.244628,0.3465751,
367,0.0,0.0060567,0.0233686,0.0572249,0.0704407,0.1051562,0.0598606,0.0950067,0.0735952,0.1003851,0.2558732,0.316134,
368,1e-07,0.0073177,0.0235259,0.1357301,0.084539,0.0738015,0.067744,0.0959458,0.1157087,0.0866407,0.2271524,0.2033207,
369,1e-07,0.0027423,0.0138797,0.0791077,0.0295437,0.0735117,0.0597099,0.0601435,0.1487321,0.0828612,0.1076317,0.1524446,
370,0.0,0.003841,0.0192227,0.0805504,0.0211486,0.0653813,0.0125487,0.1362769,0.0958647,0.0762863,0.0850297,0.0905235,
371,0.0,0.0020506,0.043797,0.0329085,0.08157,0.0546985,0.0403365,0.0975988,0.090693,0.061743,0.0930999,0.1200526,
372,0.0,0.0006337,0.0204607,0.041939,0.0502729,0.0332391,0.0297306,0.0468823,0.0632588,0.0472986,0.0447025,0.0934067,
373,0.0,0.0044315,0.0322727,0.0379816,0.0655548,0.0338876,0.0210895,0.0902691,0.0464391,0.0735649,0.0931279,0.0835683,
374,0.0,0.0020573,0.0226308,0.0293489,0.0538601,0.0257608,0.0366205,0.028902,0.0381225,0.0300638,0.0826776,0.0312467,
375,0.0,0.0016462,0.0326026,0.0495587,0.0842659,0.0398776,0.0366378,0.0843195,0.0503292,0.0395198,0.1727786,0.0121196,
376,0.0,0.001998,0.0126768,0.0501438,0.0939519,0.0239128,0.043845,0.1043488,0.0579996,0.0330425,0.1704205,0.0411069,
377,0.0,0.003931,0.0674753,0.0797529,0.0639287,0.0349206,0.0537566,0.0601285,0.110709,0.0568701,0.1072993,0.0789862,
378,0.0,0.0021196,0.0384336,0.1229654,0.061036,0.1213134,0.17666,0.048404,0.2463876,0.0342217,0.1580189,0.1250458,
379,0.0,0.0017939,0.0292271,0.091167,0.1103086,0.0378021,0.1234919,0.1057772,0.147326,0.0359059,0.1820199,0.0354086,
380,0.0,0.0010067,0.0517032,0.0573491,0.0679142,0.0283546,0.0690171,0.0931435,0.0606174,0.042712,0.1766694,0.0429571,
381,0.0,0.0014478,0.038902,0.0659306,0.0468901,0.0486084,0.0381679,0.0878743,0.116526,0.0792543,0.0981195,0.0417146,
382,0.0,0.0034632,0.0168734,0.0344904,0.0989985,0.1050686,0.023757,0.0600643,0.1117942,0.0594894,0.0946222,0.1139009,
383,0.0,0.0019207,0.0207155,0.0533772,0.0492944,0.0395002,0.060645,0.034948,0.0652464,0.0410173,0.0875974,0.1266403,
384,0.0,0.0027142,0.0144819,0.0615022,0.0541112,0.0373505,0.0715727,0.0438528,0.1107678,0.0178212,0.0668289,0.1069903,
385,0.0,0.0040488,0.0248897,0.0285123,0.0201838,0.0211779,0.0658113,0.0844031,0.0983752,0.0706757,0.0298288,0.0995691,
386,0.0,0.001994,0.0319404,0.0571417,0.0424367,0.0472344,0.057413,0.03517,0.0940102,0.1115322,0.0396408,0.1040311,
387,0.0,0.0027164,0.027409,0.0409114,0.0690862,0.0333409,0.0442675,0.0413834,0.0756021,0.1129192,0.0887521,0.1172656,
388,0.0,0.0004539,0.0265381,0.0269035,0.0530195,0.0275488,0.0215578,0.0620355,0.055011,0.1495203,0.0524134,0.1267686,
389,0.0,0.0042122,0.0230254,0.0261879,0.0782024,0.0070054,0.031053,0.0933595,0.0636495,0.1111592,0.0609185,0.1323156,
390,0.0,0.0028574,0.0074854,0.0349375,0.0613842,0.0297014,0.0477355,0.1070859,0.0642273,0.1217875,0.0597093,0.1104689,
391,0.0,0.0016383,0.018572,0.0305979,0.0601021,0.0336499,0.0235659,0.1187189,0.0609632,0.1051802,0.0560363,0.0597564,
392,0.0,0.0015865,0.024638,0.0253888,0.1012061,0.0346522,0.0154865,0.0987141,0.0521684,0.0759782,0.028575,0.0827778,
393,0.0,0.0023685,0.0321438,0.0226054,0.100946,0.0104835,0.0287648,0.0397942,0.0222234,0.0865676,0.0333842,0.0862945,
394,0.0,0.0032139,0.0265464,0.0302762,0.0702709,0.0208454,0.0134206,0.0556016,0.0827259,0.094118,0.0591392,0.0982966,
395,0.0,0.0013115,0.0177832,0.0071206,0.0354323,0.0277659,0.0170535,0.0675203,0.0949778,0.0315813,0.0476921,0.092875,
396,0.0,0.0011399,0.0057823,0.0358158,0.0281525,0.0346351,0.0292658,0.0502347,0.1400399,0.0368298,0.0371342,0.0582143,
397,0.0,0.0004521,0.006854,0.033703,0.0438185,0.0692623,0.0400206,0.0480976,0.0970215,0.0347188,0.0582875,0.0671731,
398,0.0,0.0020506,0.0312453,0.0575087,0.0801648,0.0955266,0.0821457,0.0543365,0.1387877,0.0617395,0.0598474,0.0705638,
399,0.0,0.0013381,0.0270416,0.0860661,0.0779271,0.1092634,0.06892,0.078836,0.1657652,0.0815031,0.0938188,0.1018049,
400,0.0,0.0033646,0.0347098,0.075009,0.062096,0.0834015,0.0727559,0.0703401,0.119213,0.0499577,0.1316712,0.097479,
401,0.0,0.004581,0.0340445,0.0446182,0.0399924,0.0477519,0.0467916,0.0318054,0.1013208,0.0502046,0.1291554,0.0612003,
402,0.0,0.0119943,0.0360569,0.0828871,0.0984854,0.0289636,0.0825239,0.0186588,0.076226,0.0527136,0.124301,0.1718941,
403,0.0,0.0161396,0.0265294,0.0729627,0.1005204,0.0444384,0.0556949,0.0470583,0.0945857,0.0372586,0.2060752,0.1935495,
404,0.0,0.005637,0.0132523,0.0637734,0.0759457,0.0424152,0.0964484,0.0630201,0.0984883,0.0274436,0.1486784,0.0414152,
405,0.0,0.0059438,0.0122412,0.043021,0.0344666,0.0359727,0.0777193,0.1069477,0.0858326,0.0691009,0.1144142,0.0554626,
406,0.0,0.0081255,0.012097,0.0270095,0.0625907,0.022248,0.0723251,0.1655732,0.0660756,0.0535834,0.0952067,0.0511379,
407,0.0,0.0037994,0.0250861,0.049847,0.0522533,0.0586954,0.0854378,0.1120387,0.0597998,0.0501623,0.1027877,0.0239918,
408,0.0,0.0078221,0.0210822,0.0360278,0.0563829,0.032821,0.0705372,0.0914696,0.0439999,0.0055782,0.0890496,0.0222474,
409,0.0,0.0094647,0.003136,0.036469,0.0740587,0.0389252,0.0539292,0.0703631,0.0809691,0.0407524,0.0575731,0.0242027,
410,0.0,0.0094382,0.0106059,0.0195388,0.0714966,0.044568,0.0193028,0.0312285,0.1421795,0.0590907,0.0645886,0.0206947,
411,0.0,0.0077972,0.0077339,0.0322792,0.1038118,0.0528156,0.0381948,0.03437,0.1054559,0.0487296,0.0511954,0.0270171,
412,0.0,0.0071654,0.0126062,0.0325319,0.092784,0.0585355,0.037337,0.0666027,0.0769854,0.03783,0.0599066,0.0485264,
413,0.0,0.0039742,0.0235739,0.0285711,0.0726556,0.069595,0.033408,0.060981,0.0826866,0.0176057,0.0675728,0.0678244,
414,0.0,0.0021259,0.0143729,0.0337939,0.055804,0.0510937,0.0415585,0.0528958,0.0677802,0.0279471,0.021332,0.0412479,
415,0.0,0.0012002,0.0402858,0.0509707,0.0253182,0.0450785,0.0492601,0.0584807,0.0576865,0.0428012,0.0190909,0.0683965,
416,0.0,0.001604,0.0242746,0.0284861,0.0350798,0.0256043,0.0462584,0.0555354,0.0641067,0.0404584,0.0435722,0.0864021,
417,0.0,0.0009908,0.0165586,0.0194994,0.0259152,0.0178416,0.02072,0.0366503,0.0181054,0.0217825,0.0589099,0.0790966,
418,0.0,0.0014265,0.0184123,0.0360006,0.0404564,0.0324815,0.016991,0.031523,0.0197775,0.0507694,0.0364866,0.0857906,
419,0.0,0.0012025,0.0180358,0.0375819,0.0520648,0.0183263,0.0236405,0.0534979,0.0275307,0.0152172,0.0608214,0.0513222,
420,0.0,0.0009972,0.0117202,0.0279943,0.0160266,0.0236357,0.026212,0.0408633,0.0386863,0.053776,0.0793831,0.0639074,
421,0.0,0.0004494,0.0124077,0.0314771,0.0346814,0.0614498,0.0817613,0.0455552,0.0213092,0.0668337,0.084782,0.0428907,
422,0.0,0.0004459,0.0119657,0.0394987,0.044571,0.0543108,0.0729844,0.0284693,0.0402386,0.0536093,0.0814701,0.0211921,
423,0.0,0.0008966,0.0109027,0.0650034,0.0307808,0.0526304,0.0471201,0.0481106,0.01471,0.0323056,0.0507364,0.032832,
424,0.0,0.0004419,0.0144796,0.0088593,0.0490802,0.0628688,0.0427567,0.0892137,0.0398561,0.0722418,0.052934,0.023166,
425,0.0,0.0019187,0.0213592,0.0058011,0.0764023,0.0499062,0.0467682,0.0793463,0.0350344,0.1136321,0.0677035,0.0898145,
426,0.0,0.0033,0.0576411,0.0244415,0.0819494,0.0254639,0.0642819,0.0387206,0.0516965,0.0872541,0.0815423,0.049449,
427,0.0,0.0027823,0.0317563,0.0571953,0.0641558,0.0505525,0.0409315,0.0857074,0.0434046,0.0969203,0.0316414,0.041007,
428,0.0,0.0010045,0.0109445,0.0150677,0.018677,0.0426861,0.0351451,0.0519255,0.004667,0.0616378,0.0296026,0.031232,
429,0.0,0.0021368,0.0103082,0.0287338,0.0310209,0.0415806,0.0193963,0.0340699,0.0242713,0.0694727,0.0297325,0.025148,
430,0.0,0.0013997,0.0069896,0.0265509,0.0170097,0.0555861,0.0476534,0.0236971,0.0289143,0.0721527,0.0371698,0.0522835,
431,0.0,0.0013976,0.010223,0.0429062,0.0418427,0.0589575,0.0367621,0.0209537,0.0475251,0.0546308,0.0289271,0.0739073,
432,0.0,0.0025974,0.0154577,0.0427738,0.0498919,0.0311191,0.0208708,0.0590707,0.0496968,0.0520182,0.0395634,0.0880616,
433,0.0,0.0020343,0.0167823,0.0262226,0.025866,0.0372803,0.0400383,0.0658241,0.0772759,0.0585924,0.0326766,0.086016,
434,0.0,0.0010768,0.0094811,0.0350815,0.0285787,0.0249838,0.0547884,0.0702946,0.0606035,0.0705174,0.0303559,0.0691279,
435,0.0,0.0014204,0.0176764,0.0531651,0.0271938,0.0146217,0.0330615,0.0299053,0.0795253,0.0658232,0.0867834,0.0763142,
436,0.0,0.0006288,0.0103384,0.013009,0.0166104,0.038394,0.0325325,0.0490037,0.0542969,0.0622043,0.0499996,0.0787264,
437,0.0,0.0017214,0.0032879,0.0354397,0.0314625,0.0543485,0.0385931,0.0542785,0.0561472,0.0534525,0.0611715,0.0882532,
438,0.0,0.0013912,0.0134646,0.0828602,0.0576651,0.0454498,0.0435221,0.0639971,0.058642,0.0404473,0.0763162,0.1042226,
439,0.0,0.0011232,0.0358298,0.054886,0.078222,0.0090372,0.035594,0.0636593,0.04971,0.0545242,0.0788932,0.1041125,
440,0.0,0.000453,0.0316741,0.0320365,0.0482355,0.0210366,0.0243734,0.022225,0.0480898,0.0689445,0.0577299,0.0957145,
441,0.0,0.0004499,0.0277509,0.0369862,0.0483291,0.014104,0.0356889,0.0079533,0.0528427,0.0683158,0.0389329,0.0930849,
442,0.0,0.0008957,0.0139792,0.0241633,0.0198603,0.0138012,0.0277387,0.0388139,0.0383202,0.076033,0.0731485,0.0915598,
443,0.0,0.0031314,0.0082703,0.0103371,0.0687801,0.0641766,0.0365176,0.0474704,0.0100407,0.0758194,0.0675409,0.0850041,
444,0.0,0.0016122,0.0263698,0.0192258,0.0681854,0.0604202,0.061425,0.0335387,0.0837522,0.0389368,0.0126194,0.0670327,
445,0.0,0.0008958,0.0060254,0.0326443,0.0423584,0.0934797,0.0547566,0.0547708,0.0537464,0.0311824,0.0389658,0.0481759,
446,0.0,0.0020678,0.0098087,0.0228397,0.0562279,0.080549,0.0472206,0.0792813,0.0652345,0.0425802,0.0424336,0.0331485,
447,0.0,0.0011621,0.0214078,0.0051582,0.0579587,0.0980987,0.1232034,0.0758095,0.0970941,0.0307933,0.0487345,0.0847191,
448,0.0,0.0018862,0.0279077,0.0252535,0.0440915,0.1097847,0.1128211,0.1541031,0.1489524,0.0339547,0.1689586,0.0953948,
449,0.0,0.0016907,0.0477586,0.0398546,0.0914814,0.1264028,0.0400479,0.1176505,0.16688,0.0224725,0.1700537,0.0827401,
450,0.0,0.0011575,0.0203917,0.0242204,0.0705239,0.0607096,0.03375,0.0989658,0.115728,0.0422135,0.0670235,0.0674406,
451,0.0,0.001393,0.0035857,0.0355046,0.0416746,0.0401454,0.0284507,0.0773358,0.0674293,0.0418656,0.0963336,0.0638424,
452,0.0,0.0012631,0.0142239,0.0344988,0.0640726,0.0390991,0.0764995,0.0583661,0.0646751,0.0338045,0.1011249,0.0506321,
453,0.0,0.0013925,0.0123743,0.018462,0.0603991,0.0456651,0.0885699,0.0229885,0.0560913,0.0401235,0.0678055,0.0697136,
454,0.0,0.0016917,0.0030002,0.0067769,0.0461441,0.0579115,0.0331216,0.030474,0.0371409,0.0428519,0.0715452,0.0688501,
455,0.0,0.0036904,0.005666,0.0188921,0.0586585,0.0403911,0.0674756,0.0418033,0.0992075,0.0198446,0.0568365,0.0427092,
456,0.0,0.0023936,0.0220292,0.0062729,0.0519273,0.0473032,0.0228387,0.0559704,0.0694105,0.0341784,0.0729548,0.0315532,
457,0.0,0.00351,0.0235133,0.0365498,0.0543675,0.0092261,0.0478281,0.0715694,0.0951392,0.0237765,0.0762109,0.0425898,
458,0.0,0.0035083,0.0221692,0.0613725,0.0580494,0.0452999,0.0339143,0.083323,0.084806,0.0478656,0.0919089,0.1077302,
459,0.0,0.00169,0.0098482,0.0675021,0.0984035,0.0418405,0.0454142,0.0951324,0.1020782,0.0476373,0.1119483,0.1463911,
460,0.0,0.0048488,0.0110022,0.0739239,0.0630386,0.0410774,0.0164411,0.144869,0.1477077,0.0664131,0.0826825,0.1515126,
461,0.0,0.0052034,0.0291298,0.1056001,0.0605104,0.0505434,0.0941238,0.1689905,0.1297768,0.0372432,0.0807935,0.1445082,
462,0.0,0.0025059,0.0222767,0.098479,0.0302374,0.0448962,0.0615719,0.1331309,0.0719373,0.0387214,0.0839011,0.0828383,
463,0.0,0.0022449,0.0188344,0.0606945,0.0177505,0.03062,0.0418187,0.0923381,0.1011848,0.016092,0.080524,0.05849,
464,0.0,0.0053292,0.0165176,0.0150756,0.0371172,0.0337748,0.0555706,0.0447924,0.0927754,0.035681,0.0679521,0.00977,
465,0.0,0.0024288,0.0166941,0.0091314,0.0172887,0.0660867,0.0612849,0.0363074,0.0414057,0.0182768,0.049409,0.0133913,
466,0.0,0.0017801,0.028634,0.0460395,0.0370498,0.0518648,0.036877,0.0149356,0.025906,0.0343113,0.0722334,0.0166047,
467,0.0,0.0013191,0.0078129,0.0215573,0.0352018,0.0270752,0.0128182,0.0302124,0.0327244,0.0384335,0.0429741,0.0175658,
468,0.0,0.0010659,0.0147826,0.0167817,0.0332148,0.0493472,0.0254494,0.0299289,0.0096502,0.0158862,0.0517368,0.030943,
469,0.0,0.0004483,0.0109679,0.0177944,0.0288413,0.0534287,0.0307058,0.0299836,0.0282984,0.0078531,0.0427668,0.0568881,
470,0.0,0.0013384,0.0090374,0.0128326,0.0266681,0.068886,0.0694674,0.0712006,0.022622,0.0811288,0.0689433,0.1083808,
471,0.0,0.0004446,0.0154561,0.0358737,0.0158636,0.08065,0.0239332,0.0376549,0.0248921,0.0840824,0.0586424,0.1199414,
472,0.0,0.0010067,0.025204,0.0355493,0.0142687,0.0650181,0.0713704,0.0346092,0.0262033,0.0931409,0.0686395,0.1319081,
473,0.0,0.0017104,0.0069942,0.018104,0.0696391,0.0330549,0.0474663,0.0457971,0.0747675,0.0679489,0.0757839,0.0971131,
474,0.0,0.0010652,0.0237736,0.0377965,0.0795576,0.0444033,0.0798614,0.0308839,0.0446583,0.075761,0.0280835,0.2007615,
475,0.0,0.0031091,0.0370456,0.0463198,0.0684737,0.0477775,0.0950565,0.0288996,0.0771908,0.0693972,0.1257853,0.1926523,
476,0.0,0.0018473,0.0321849,0.034958,0.0471773,0.0503615,0.0851434,0.0417938,0.0658218,0.0998942,0.0664337,0.1364246,
477,0.0,0.0004448,0.0202859,0.0410426,0.0360246,0.0367885,0.0351665,0.053418,0.1037026,0.0754784,0.0708709,0.0684861,
478,0.0,0.0016285,0.0107629,0.0284514,0.023043,0.0406173,0.0278992,0.045443,0.0314744,0.0814833,0.0773776,0.0639822,
479,0.0,0.0013194,0.0083621,0.037013,0.0339979,0.0258209,0.0319063,0.0589831,0.0421516,0.0814314,0.0795603,0.0449093,
480,0.0,0.0011274,0.0122649,0.02364,0.0621798,0.0320948,0.0323855,0.0242556,0.0780725,0.070142,0.040352,0.0771709,
481,0.0,0.0010646,0.017837,0.0306217,0.0213819,0.0341104,0.0281615,0.0324029,0.03746,0.0206989,0.0452959,0.0410614,
482,0.0,0.0024028,0.0062333,0.0234582,0.0385695,0.0477457,0.0226075,0.0157959,0.0263853,0.0341462,0.0697898,0.0491628,
483,0.0,0.0008981,0.0243715,0.0335638,0.0236349,0.0453569,0.0361059,0.0511707,0.057376,0.0157913,0.1043032,0.049357,
484,0.0,0.0026054,0.0305327,0.0428495,0.1098594,0.0459361,0.0601775,0.0960484,0.0552669,0.0556651,0.1001383,0.0938024,
485,0.0,0.0049331,0.0410148,0.0138926,0.0668444,0.0131439,0.0427706,0.0921864,0.0432987,0.044469,0.1101017,0.1045233,
486,1e-07,0.0004561,0.0306333,0.0317525,0.0441766,0.010785,0.0383999,0.0763568,0.0285655,0.0547487,0.0206183,0.1097815,
487,0.0,0.0020641,0.0224436,0.0270778,0.0223953,0.0128066,0.0233108,0.0834659,0.0596599,0.0655884,0.0383164,0.1084614,
488,0.0,0.0018448,0.0169207,0.048092,0.0215978,0.0407871,0.0290795,0.0547165,0.0293113,0.0480663,0.0432065,0.0785046,
489,1e-07,0.0016176,0.0327113,0.0724801,0.0575952,0.0431921,0.063521,0.0463958,0.052506,0.0160356,0.0350039,0.0932905,
490,0.0,0.0019207,0.0335736,0.0394409,0.0439283,0.0811428,0.024545,0.0710667,0.0283455,0.0431059,0.0595767,0.1151739,
491,0.0,0.000449,0.0115127,0.0526092,0.0337804,0.029525,0.0135036,0.0870247,0.0639854,0.0503404,0.0825123,0.1188869,
492,0.0,0.0012621,0.0165481,0.0226069,0.0595672,0.0424074,0.030971,0.0463843,0.0720578,0.0735773,0.1031613,0.0813798,
493,0.0,0.0010055,0.0155286,0.0196987,0.0096883,0.046676,0.018756,0.0647961,0.0695068,0.0486853,0.059842,0.125528,
494,1e-07,0.0019195,0.0653813,0.0705988,0.0272263,0.03702,0.0307501,0.0605478,0.0271052,0.0345696,0.0771043,0.1308673,
495,1e-07,0.002457,0.0336517,0.0758091,0.0730602,0.0455053,0.0541512,0.0555917,0.0365501,0.0154968,0.1284358,0.1978992,
496,1e-07,0.0010566,0.0223056,0.0820168,0.09687,0.0545026,0.0506901,0.0594365,0.0548386,0.0467135,0.1087165,0.1735201,
497,1e-07,0.0024029,0.0300351,0.0528074,0.0751081,0.058804,0.0425236,0.0316762,0.0662775,0.0593492,0.0943794,0.1597802,
498,0.0,0.00227,0.0257808,0.033464,0.0605566,0.0227092,0.0791439,0.0287745,0.042113,0.0580056,0.0616076,0.1187559,
499,0.0,0.0016906,0.0037466,0.0494356,0.0440694,0.0378887,0.1742363,0.0576519,0.0849911,0.0375825,0.0442411,0.1334488,
500,0.0,0.0004467,0.0171384,0.1170212,0.0384605,0.0602268,0.2110652,0.0775726,0.0484853,0.0180357,0.0454158,0.2163405,
501,0.0,0.0032964,0.0273147,0.0812546,0.0340503,0.0505856,0.1663828,0.1104686,0.0233391,0.1370926,0.0452857,0.2151916,
502,0.0,0.0027017,0.0516262,0.0682429,0.0471598,0.0841215,0.120089,0.1356898,0.0560823,0.169369,0.0362115,0.2042802,
503,0.0,0.0026009,0.0161276,0.0674194,0.0109463,0.0875636,0.0454322,0.052948,0.0521676,0.1327499,0.0515368,0.1867935,
504,0.0,0.000453,0.0251993,0.0654109,0.0240165,0.070758,0.0164207,0.0793379,0.0362297,0.0415421,0.1021509,0.1687711,
505,0.0,0.002482,0.015799,0.0360032,0.0343538,0.0699919,0.0336045,0.0514818,0.044056,0.0520639,0.1032318,0.0939849,
506,0.0,0.0017275,0.0136725,0.0152121,0.0399966,0.0293769,0.0459926,0.0257798,0.02073,0.0280879,0.0916958,0.1046049,
507,0.0,0.0016172,0.0174376,0.0273633,0.0290925,0.0114868,0.0277753,0.0442413,0.0485829,0.0265101,0.0799134,0.0291902,
508,0.0,0.0013258,0.0150153,0.0577555,0.0499096,0.0337304,0.089442,0.037984,0.0544706,0.0579778,0.0605915,0.0344753,
509,0.0,0.001084,0.0244233,0.0366917,0.0532826,0.0227314,0.0833963,0.0527659,0.0426054,0.0579941,0.042979,0.0506216,
510,0.0,0.0017489,0.0350684,0.0353981,0.053405,0.0365083,0.0282197,0.0593959,0.0492214,0.0203672,0.0528657,0.0660088,
511,0.0,0.0004618,0.033868,0.0448522,0.0311855,0.0711255,0.0243356,0.059238,0.0462131,0.0319407,0.0484039,0.0487153,
512,0.0,0.0018592,0.041354,0.0414842,0.0319185,0.0574662,0.0475887,0.0633948,0.031893,0.030436,0.0356121,0.0691299,
513,0.0,0.0010885,0.0281748,0.0336208,0.0382692,0.0449586,0.0304999,0.0599824,0.0307742,0.0277369,0.0338017,0.0819992,
514,0.0,0.0053858,0.0260497,0.0600063,0.0355693,0.0360716,0.0340599,0.0181615,0.0389463,0.0170172,0.0774611,0.0744968,
515,0.0,0.0021173,0.0359469,0.03571,0.0402116,0.0439284,0.0661387,0.0723958,0.078316,0.0339397,0.0733745,0.1150718,
516,0.0,0.0058768,0.0496968,0.050267,0.0325914,0.0372441,0.0499821,0.0398311,0.084435,0.0600513,0.0246511,0.1605559,
517,0.0,0.0168187,0.0209591,0.0680114,0.0322123,0.0365112,0.0339069,0.0268971,0.0953346,0.0554193,0.0097763,0.1880187,
518,0.0,0.0172723,0.0382722,0.0867778,0.0385234,0.0778349,0.045297,0.0687522,0.1235992,0.0425133,0.0985372,0.1886655,
519,0.0,0.0173431,0.0390302,0.0503883,0.1044616,0.0627212,0.0300832,0.0589736,0.1570213,0.0273593,0.0935103,0.1241535,
520,0.0,0.012865,0.0729727,0.0312433,0.0649681,0.0395265,0.0486102,0.0819837,0.167243,0.0418279,0.1203822,0.1920109,
521,0.0,0.0266972,0.0911395,0.0410179,0.0586794,0.0602662,0.0568821,0.1238498,0.1724342,0.0433708,0.1414638,0.1823077,
522,0.0,0.0110747,0.0598653,0.0680557,0.0654378,0.0668131,0.0689702,0.0892026,0.1278841,0.05326,0.1530076,0.2143848,
523,0.0,0.01085,0.0290891,0.0536041,0.0352239,0.0669529,0.0500265,0.0950092,0.0789974,0.0617015,0.1338563,0.233107,
524,0.0,0.006651,0.053701,0.0622157,0.0622301,0.0397311,0.0238376,0.0681358,0.045644,0.0415663,0.1187537,0.321706,
525,0.0,0.0044815,0.0595687,0.0481385,0.059064,0.0528464,0.0496181,0.0463386,0.0665883,0.0229011,0.1388698,0.2510611,
526,0.0,0.0084705,0.0469533,0.0620046,0.029473,0.0336755,0.0452195,0.0476251,0.0777471,0.0323558,0.1043257,0.2430569,
527,0.0,0.0088953,0.0420829,0.0673587,0.0550929,0.0443325,0.0783167,0.0424936,0.0697294,0.0935529,0.0760218,0.2455299,
528,0.0,0.0114875,0.0379483,0.0489803,0.0668355,0.1072849,0.0881143,0.0629434,0.1138032,0.1709289,0.1712524,0.2475946,
529,0.0,0.0071715,0.0259764,0.0435178,0.0382192,0.1110574,0.0797986,0.0514714,0.1329914,0.2275392,0.2165423,0.2424758,
530,0.0,0.0029912,0.0225317,0.0502116,0.0296936,0.0944479,0.06434,0.0535643,0.0900253,0.2319902,0.2262935,0.1780041,
531,1e-07,0.0025408,0.0359676,0.0643658,0.0234142,0.1097279,0.061364,0.0773576,0.0869429,0.1606269,0.2390352,0.2025463,
532,0.0,0.0024713,0.0417841,0.0337204,0.0257328,0.0847587,0.0103111,0.1204351,0.1581117,0.2159527,0.2086665,0.214387,
533,0.0,0.0022063,0.0244101,0.0150839,0.0267161,0.0573376,0.0777047,0.1036662,0.1256851,0.1440601,0.1525736,0.1599814,
534,0.0,0.0021244,0.0442271,0.048519,0.0274193,0.0828577,0.1001578,0.1782408,0.0577505,0.1843018,0.1812521,0.1768572,
535,0.0,0.0018819,0.0408323,0.036958,0.0353561,0.0958543,0.0496588,0.181671,0.0634399,0.2031436,0.2251686,0.2017164,
536,0.0,0.0039852,0.0265401,0.0421867,0.0513229,0.0744853,0.1120903,0.1288028,0.0957584,0.119774,0.1306815,0.0924139,
537,0.0,0.0027016,0.011488,0.0485586,0.0372124,0.0362308,0.0640881,0.0685162,0.0909475,0.1306957,0.1671293,0.0835278,
538,0.0,0.0058168,0.0244939,0.048795,0.0308675,0.0544374,0.0658259,0.0366616,0.0791584,0.1355231,0.2484799,0.1026781,
539,0.0,0.006684,0.0345462,0.0373982,0.0372631,0.091747,0.0778282,0.1218786,0.0707154,0.1061887,0.2523474,0.1070506,
540,0.0,0.0045052,0.0278357,0.0562099,0.0342316,0.1187302,0.0757107,0.0858745,0.0977294,0.1250722,0.1805243,0.141977,
541,0.0,0.0039115,0.0174655,0.0544336,0.0583154,0.1404876,0.069793,0.0910992,0.1059267,0.0129938,0.2214686,0.1603151,
542,0.0,0.0060092,0.0164728,0.0212236,0.0664725,0.133526,0.1116756,0.0794931,0.0699244,0.122546,0.2329877,0.1142622,
543,0.0,0.0036321,0.0342213,0.0610642,0.0452516,0.1127839,0.0721689,0.0255741,0.0769275,0.0891258,0.1058208,0.0868785,
544,0.0,0.0027161,0.0153665,0.0922655,0.0578264,0.0921296,0.0678374,0.0329449,0.0851974,0.0562739,0.1336453,0.1158471,
545,0.0,0.0013947,0.0281406,0.0374648,0.052373,0.129582,0.0355804,0.0249335,0.0837049,0.0343199,0.1250365,0.0850251,
546,0.0,0.0027101,0.0288584,0.0173299,0.0752155,0.0550317,0.0774265,0.0209748,0.073919,0.0483565,0.1305809,0.1081669,
547,0.0,0.0043603,0.0219563,0.0366563,0.0132616,0.0646469,0.0653443,0.059196,0.0961144,0.0396458,0.1431474,0.1506766,
548,0.0,0.0034734,0.009398,0.0399463,0.0864952,0.0327417,0.0892639,0.0345066,0.0938924,0.0716467,0.1550491,0.1445905,
549,0.0,0.0022869,0.0228442,0.0335657,0.084441,0.0877074,0.1265073,0.0913094,0.0643344,0.1221667,0.143385,0.185004,
550,0.0,0.003917,0.0430612,0.0353004,0.0494917,0.0639852,0.1365717,0.1302378,0.0783504,0.1662383,0.1590966,0.2200913,
551,0.0,0.00383,0.0397858,0.0928487,0.0229517,0.0672256,0.1305765,0.1378034,0.0339594,0.1630044,0.1717167,0.17351,
552,0.0,0.0013557,0.0414476,0.0576683,0.0362148,0.068115,0.1078212,0.0905674,0.0781218,0.1121145,0.1168004,0.2051516,
553,1e-07,0.0018792,0.059559,0.0749731,0.0457595,0.0901624,0.1347203,0.0957011,0.1325847,0.161066,0.118386,0.2237403,
554,1e-07,0.0047577,0.0662021,0.0750306,0.0085171,0.0786591,0.1154389,0.1546323,0.1266854,0.2060334,0.1460218,0.2401671,
555,1e-07,0.0021389,0.0411377,0.0457331,0.0555266,0.1189041,0.1463838,0.1594108,0.0769349,0.1296873,0.0708602,0.2012651,
556,0.0,0.0018799,0.0325916,0.0367947,0.0730595,0.1323788,0.055305,0.070952,0.0736355,0.0608039,0.0423142,0.1510676,
557,0.0,0.0060816,0.032246,0.0254519,0.0297763,0.1255216,0.0858612,0.0816644,0.0964907,0.071841,0.0854523,0.247609,
558,0.0,0.0039521,0.0361263,0.0420035,0.0821261,0.0939231,0.0987551,0.1234337,0.0607419,0.0918715,0.0687027,0.2309813,
559,0.0,0.0054732,0.0275792,0.0454799,0.0517592,0.0845569,0.0841444,0.0383339,0.0741681,0.0497671,0.083276,0.2037223,
560,0.0,0.0056713,0.0246367,0.0503,0.0801146,0.0735093,0.0566759,0.0689862,0.0892393,0.089935,0.0980967,0.2692814,
561,0.0,0.0065595,0.1004078,0.0505312,0.1030349,0.0990584,0.0730716,0.135276,0.1033592,0.1767264,0.1018608,0.342174,
562,1e-07,0.0065466,0.0182528,0.0503402,0.1243358,0.1402143,0.1155926,0.0794175,0.0348651,0.1360109,0.1045412,0.3410873,
563,1e-07,0.0045825,0.0348908,0.0561635,0.0844287,0.080051,0.1058396,0.0740327,0.0822209,0.0756397,0.0953405,0.2949593,
564,1e-07,0.0061797,0.0456907,0.0735014,0.1211381,0.0145068,0.0744972,0.0435086,0.1258329,0.0850208,0.0937457,0.2726457,
565,0.0,0.0072748,0.0395495,0.0206301,0.0412024,0.0664644,0.0896332,0.0484816,0.1308307,0.0908369,0.0995514,0.2087966,
566,0.0,0.0061928,0.0337016,0.0385872,0.0655665,0.0808672,0.0557473,0.0952916,0.101983,0.1161193,0.1090039,0.1904001,
567,0.0,0.003529,0.0278421,0.0451041,0.0381014,0.0618026,0.0608303,0.0720047,0.0712519,0.1238433,0.0969963,0.1681806,
568,0.0,0.0020947,0.0342734,0.0600945,0.037882,0.0838183,0.0128208,0.087861,0.0483749,0.1190976,0.1409703,0.1290162,
569,0.0,0.0031084,0.0180136,0.085683,0.0493967,0.0714967,0.0605529,0.0884141,0.0517404,0.1368342,0.104383,0.144972,
570,0.0,0.0013305,0.0280335,0.0723144,0.046068,0.0595462,0.0645611,0.0455133,0.0602318,0.1157582,0.053316,0.1061289,
571,0.0,0.0018355,0.0244066,0.0653494,0.057268,0.0478329,0.0262461,0.0734437,0.0847884,0.0796664,0.0755599,0.0725627,
572,0.0,0.0021791,0.0193825,0.060314,0.0643752,0.0556483,0.0080486,0.0719086,0.0888796,0.1243346,0.1181495,0.1568986,
573,0.0,0.0018966,0.0321556,0.0562791,0.022478,0.041016,0.0479548,0.0718799,0.0878877,0.121654,0.0869848,0.1646381,
574,0.0,0.0027219,0.0140223,0.0530478,0.0180213,0.0263182,0.0490248,0.0758978,0.1120859,0.0950003,0.0618771,0.1191638,
575,0.0,0.0017347,0.0304432,0.0869857,0.0789619,0.0557386,0.0458253,0.0836526,0.1006441,0.1263205,0.085777,0.1345237,
576,0.0,0.0004596,0.0497611,0.1006088,0.081868,0.1537556,0.02451,0.0848361,0.0699912,0.1184981,0.1078047,0.2161228,
577,0.0,0.000629,0.0308921,0.0532179,0.0526415,0.0781807,0.0324235,0.0852189,0.0915835,0.1358159,0.0868217,0.1987962,
578,0.0,0.0030442,0.0364752,0.0759779,0.1050055,0.1458411,0.0869243,0.1045193,0.1260689,0.1013766,0.0679024,0.0985369,
579,0.0,0.003988,0.0390382,0.0806422,0.1272593,0.1645856,0.0633702,0.0609363,0.1548408,0.0763569,0.0720985,0.1972574,
580,0.0,0.0078827,0.0366497,0.0055065,0.1052868,0.1548073,0.0481682,0.1256126,0.1905797,0.1122476,0.0670772,0.2082746,
581,0.0,0.00749,0.0229308,0.0495031,0.0972313,0.0759007,0.0878331,0.1439151,0.1547188,0.147004,0.0395281,0.1744707,
582,0.0,0.0050204,0.0262696,0.0751801,0.0309725,0.0412799,0.0679288,0.0672998,0.103063,0.1287372,0.032769,0.2167764,
583,0.0,0.0033199,0.0213511,0.0985459,0.0702178,0.0777767,0.090654,0.1716454,0.3167029,0.0959638,0.0412453,0.2370778,
584,0.0,0.0022402,0.0160842,0.1562023,0.0902855,0.0745655,0.0674247,0.1156593,0.0995655,0.1131966,0.0417333,0.2417697,
585,0.0,0.0077528,0.0175223,0.0650562,0.0779932,0.0674907,0.0761561,0.0743544,0.0848517,0.1096424,0.0518177,0.2280318,
586,0.0,0.0052305,0.0212901,0.0857825,0.0595791,0.060322,0.0516895,0.0413149,0.0230151,0.0805757,0.0534676,0.2270795,
587,0.0,0.0041422,0.0175488,0.0587107,0.0437594,0.082913,0.0465825,0.0784526,0.0356157,0.0451364,0.0552285,0.1987816,
588,0.0,0.0139068,0.0350977,0.0516631,0.0426737,0.0680021,0.0994112,0.0817821,0.046577,0.0735564,0.1060498,0.2515947,
589,0.0,0.0139787,0.0447284,0.040731,0.0183923,0.0803365,0.1064102,0.1645438,0.0494026,0.1630569,0.1896936,0.3420553,
590,0.0,0.0088622,0.0365797,0.0481211,0.0339563,0.0723091,0.0492438,0.0571634,0.0316846,0.1048431,0.0906466,0.241025,
591,0.0,0.0052483,0.0413409,0.0595635,0.0520452,0.0285486,0.0487347,0.0603655,0.0189357,0.0453305,0.0480498,0.1666095,
592,0.0,0.0058992,0.05484,0.0528335,0.0806662,0.0166122,0.0870853,0.0710742,0.0317292,0.0492612,0.0560133,0.1395553,
593,0.0,0.0067235,0.0384993,0.0616708,0.0695319,0.0269038,0.0477954,0.1128022,0.058376,0.0367668,0.059613,0.1036018,
594,0.0,0.003483,0.0365686,0.0584374,0.0101012,0.0262294,0.0617016,0.0517648,0.0579288,0.0408786,0.1056637,0.1013541,
595,0.0,0.0009919,0.0173114,0.0610538,0.0296091,0.039101,0.0702781,0.0365452,0.0089619,0.042227,0.0763734,0.1137953,
596,0.0,0.0026153,0.0226961,0.0536447,0.0354662,0.0144536,0.0511772,0.0486904,0.0305883,0.0677296,0.058797,0.1228011,
597,0.0,0.0041233,0.0213656,0.038099,0.0734461,0.0519799,0.0825249,0.0291021,0.0610415,0.0702895,0.0259058,0.1120408,
598,0.0,0.005768,0.0176286,0.0347153,0.0305401,0.0270301,0.0684666,0.0374494,0.0679348,0.0622702,0.0163835,0.0952677,
599,0.0,0.0039195,0.0174227,0.0465156,0.0605,0.0240923,0.0535501,0.0989992,0.0489252,0.0789455,0.052403,0.0843742,
600,0.0,0.0049997,0.0272158,0.0621579,0.0625295,0.0161735,0.0972435,0.0508952,0.0631056,0.0327649,0.0777328,0.0893699,
601,0.0,0.0016648,0.0097144,0.0257235,0.0360791,0.0236386,0.0892456,0.0628843,0.0286581,0.0427477,0.0242976,0.0987589,
602,0.0,0.0013506,0.0232241,0.0513932,0.0621427,0.0375989,0.0429164,0.0324887,0.0381238,0.046499,0.0383472,0.0469364,
603,0.0,0.0025726,0.0411893,0.0903746,0.0710852,0.0485727,0.0460605,0.014028,0.0316843,0.0355059,0.0878969,0.0422394,
604,0.0,0.0042464,0.0334723,0.0358331,0.0458241,0.0455135,0.0501328,0.0338213,0.0497084,0.0939014,0.0719647,0.0967173,
605,0.0,0.0033352,0.0271847,0.0442178,0.0483077,0.0609689,0.065741,0.0634305,0.0586525,0.1054039,0.0724087,0.1037857,
606,0.0,0.0186328,0.0327551,0.0724166,0.034397,0.0792114,0.0679451,0.0669658,0.1443163,0.1410808,0.1002186,0.1183126,
607,0.0,0.013603,0.0442377,0.0687379,0.1109704,0.0556186,0.1060687,0.049254,0.202004,0.1935759,0.1544441,0.1325698,
608,0.0,0.0160643,0.0456587,0.0725874,0.1020757,0.0616872,0.0532386,0.107742,0.1616874,0.1568462,0.1356875,0.0794648,
609,0.0,0.0093615,0.0235655,0.0403085,0.0502787,0.0728658,0.0553538,0.0508528,0.1547196,0.1069893,0.0575506,0.0882171,
610,0.0,0.0157053,0.0382205,0.0510881,0.0564144,0.0389277,0.0596886,0.0808122,0.1353414,0.0979988,0.0654797,0.0884416,
611,0.0,0.0089768,0.0288501,0.0563968,0.0235395,0.0608119,0.0424233,0.0922742,0.1295975,0.0745447,0.0699274,0.0983798,
612,0.0,0.0092764,0.0286581,0.0729447,0.0511523,0.0779178,0.0612832,0.0605805,0.1420078,0.1016376,0.0530214,0.1203328,
