#Time_ps,0,0.5,1,2,3,5,10,20,30,50,100,200,
1,0.0014915,0.0081435,0.0190622,0.0202601,0.0421641,0.0486931,0.0497469,0.0606228,0.0382078,0.0380972,0.0318614,0.1190872,
2,8.01e-05,0.0049915,0.0146392,0.0132891,0.0634698,0.0489088,0.0874941,0.0647764,0.0269833,0.0751478,0.0452773,0.0780856,
3,0.0010663,0.0025889,0.0152114,0.0062527,0.0525996,0.0440638,0.0629313,0.0411481,0.0313751,0.0827707,0.03453,0.0844781,
4,0.0010675,0.0055816,0.0171212,0.0226184,0.042506,0.0176781,0.0319174,0.0303124,0.042455,0.0677309,0.0352851,0.0498964,
5,0.0010673,0.0102546,0.0304722,0.0287083,0.0789036,0.0282944,0.0575703,0.0317699,0.0694064,0.0320227,0.0255827,0.0456867,
6,0.0009597,0.0080721,0.0196823,0.0259653,0.0349457,0.0284201,0.0681124,0.010351,0.0715366,0.0400083,0.0573321,0.0588624,
7,7.59e-05,0.0016864,0.012887,0.0377313,0.047052,0.0373168,0.0429574,0.024799,0.0418608,0.0459932,0.0604278,0.0452245,
8,7.33e-05,0.0016369,0.0210286,0.0449641,0.0392836,0.0605161,0.0320174,0.0620907,0.0356274,0.0362622,0.0257191,0.0787825,
9,0.0010444,0.001649,0.0230883,0.0310666,0.0570267,0.0686004,0.0239532,0.0531553,0.0413161,0.0248844,0.0111219,0.0830786,
10,0.0010628,0.0016568,0.019483,0.0572528,0.0369966,0.0713644,0.0283744,0.0304622,0.0206102,0.0475759,0.0678853,0.1075659,
11,7.4e-05,0.0073109,0.0160816,0.0451431,0.0484255,0.048169,0.0206829,0.0897039,0.0326173,0.0359824,0.0670927,0.0900441,
12,7.09e-05,0.0017163,0.0224566,0.0573071,0.0353215,0.0475647,0.0172974,0.0831282,0.0530991,0.0161819,0.0375682,0.1233042,
13,7.21e-05,0.012141,0.0266691,0.0575978,0.0399695,0.0514888,0.0254592,0.0336048,0.0659145,0.0190271,0.0332159,0.1367648,
14,7.49e-05,0.0266807,0.0304114,0.0253142,0.0454703,0.0648123,0.0374552,0.0490409,0.0627669,0.0220869,0.0358765,0.1458848,
15,0.0014861,0.0321537,0.0245237,0.0559046,0.0485991,0.0472535,0.0427883,0.0821938,0.0810704,0.028153,0.0280997,0.1853392,
16,0.0014845,0.0086905,0.0187819,0.0368676,0.0282803,0.0372797,0.0423592,0.0670294,0.0757826,0.0567565,0.0385999,0.1098354,
17,7.45e-05,0.0066205,0.0224879,0.037149,0.0588184,0.0433094,0.051518,0.0261856,0.0905194,0.0642851,0.0292618,0.0694689,
18,0.0010645,0.0155677,0.0261548,0.0453284,0.0539961,0.0439237,0.0385783,0.0540637,0.08105,0.0522585,0.0326484,0.0591296,
19,7.75e-05,0.0181026,0.0426311,0.0411543,0.0512912,0.0328258,0.0456101,0.0693112,0.076607,0.0409971,0.0412266,0.0780754,
20,7.64e-05,0.0157072,0.016252,0.0327744,0.0409121,0.0238812,0.0652705,0.0534679,0.0752179,0.0078228,0.0850861,0.0387479,
21,7.82e-05,0.0168297,0.0335739,0.0417937,0.0552056,0.0450562,0.0672876,0.0629528,0.085695,0.0546277,0.1168934,0.0437321,
22,0.0010688,0.0573528,0.0364004,0.0449251,0.1035184,0.0657276,0.0770861,0.0275169,0.067709,0.0436781,0.1089137,0.1137698,
23,8.03e-05,0.0518734,0.0533696,0.0599849,0.1062157,0.0787106,0.0844111,0.1712311,0.1288893,0.0458545,0.115742,0.2186479,
24,8.33e-05,0.0294215,0.0839522,0.1375345,0.148924,0.2399413,0.123678,0.0331184,0.0545153,0.0577848,0.1006872,0.1971955,
25,0.0014926,0.0166271,0.0453368,0.0455797,0.1020353,0.0898308,0.0784048,0.0699753,0.0559162,0.0248144,0.1184149,0.0684147,
26,8.12e-05,0.0218911,0.0356526,0.0851083,0.0581054,0.0610744,0.074486,0.1269795,0.0545975,0.0895374,0.095596,0.062224,
27,7.95e-05,0.0281141,0.0223074,0.0809462,0.0521602,0.0848958,0.0939,0.083268,0.0358517,0.0930655,0.0352506,0.0456078,
28,7.73e-05,0.0126509,0.0148713,0.0429219,0.030108,0.0731793,0.0700776,0.049603,0.0484411,0.0739667,0.0219219,0.0140978,
29,7.39e-05,0.0195932,0.02183,0.0288805,0.0336646,0.052662,0.0563648,0.0307239,0.0687113,0.0284316,0.0196677,0.0290498,
30,7.12e-05,0.0079467,0.019944,0.0329303,0.0450808,0.031678,0.0530343,0.0421259,0.077549,0.0212594,0.022578,0.0436282,
31,0.0010595,0.003508,0.0306639,0.005346,0.0568075,0.0356151,0.0450908,0.0368784,0.0818963,0.0330558,0.0305599,0.0793264,
32,0.0014793,0.0054766,0.0523917,0.0519837,0.0397392,0.0879611,0.076932,0.0900946,0.0737232,0.027946,0.0441679,0.0879729,
33,6.5e-05,0.0037706,0.0332,0.0757555,0.0580128,0.0742662,0.0561713,0.0376674,0.0491024,0.0462666,0.0637608,0.1331867,
34,6.42e-05,0.0028776,0.0374988,0.0445961,0.0582859,0.0201612,0.0587268,0.0687049,0.0519457,0.0537361,0.1007535,0.0940374,
35,6.61e-05,0.0061708,0.0153726,0.0756757,0.0592312,0.0673853,0.0748515,0.0482796,0.0559481,0.0314042,0.0400628,0.0876442,
36,6.93e-05,0.0045031,0.0162111,0.0871398,0.0703297,0.0357566,0.0636227,0.044494,0.0406218,0.0571304,0.0190678,0.056736,
37,0.0014544,0.002919,0.0159701,0.0765246,0.086305,0.0191256,0.0687858,0.0733519,0.0748482,0.0745951,0.046902,0.0493506,
38,7.28e-05,0.0043664,0.0067211,0.0552561,0.0419568,0.036399,0.1072651,0.0749707,0.0784202,0.0660655,0.0281085,0.0199799,
39,0.0010658,0.0101986,0.0225542,0.0493528,0.0218562,0.063912,0.1129271,0.0568357,0.0534027,0.0515576,0.0237714,0.0317903,
40,7.39e-05,0.0085109,0.0111726,0.0478314,0.0363685,0.0667259,0.0608036,0.0136926,0.0502711,0.0220637,0.070996,0.0292822,
41,7.73e-05,0.0077601,0.0435174,0.0716755,0.0746016,0.0860128,0.0404196,0.0491737,0.0423571,0.0203235,0.1122287,0.0432733,
42,7.74e-05,0.0232279,0.0144478,0.0398687,0.0521716,0.0916855,0.0318994,0.0354043,0.018792,0.0560811,0.1146096,0.0333767,
43,7.68e-05,0.029656,0.0310079,0.0708574,0.0451381,0.0749586,0.0445628,0.0454824,0.0625284,0.0700374,0.1078374,0.0573505,
44,7.98e-05,0.0278029,0.0371389,0.0595016,0.0363302,0.0594309,0.0446793,0.0526197,0.1057725,0.0549724,0.0746519,0.0846215,
45,8.33e-05,0.0534933,0.0501076,0.0301142,0.0392779,0.0793468,0.042133,0.0401627,0.0865394,0.0692351,0.1232544,0.1385497,
46,8.58e-05,0.0774069,0.0570209,0.0359133,0.0665935,0.0711318,0.0308004,0.060807,0.1320896,0.0896092,0.1990626,0.2370085,
47,8.55e-05,0.0249551,0.040471,0.0280855,0.0391445,0.070117,0.0577851,0.0517229,0.121274,0.0882754,0.089613,0.2113228,
48,8.21e-05,0.0214765,0.0458956,0.0235237,0.0553988,0.0787642,0.0603596,0.0621258,0.067463,0.0820297,0.0462457,0.1667969,
49,8.16e-05,0.0171667,0.042784,0.046594,0.0462495,0.0887207,0.0490615,0.0486151,0.0887888,0.0578531,0.1285618,0.1469251,
50,0.0010747,0.0138111,0.0466521,0.0553171,0.0256257,0.0742934,0.0859041,0.0616754,0.1209609,0.1068249,0.171647,0.1679325,
51,8e-05,0.0130798,0.0382183,0.0363948,0.028537,0.1010478,0.0651964,0.0725526,0.0886262,0.1421143,0.17046,0.1374219,
52,7.77e-05,0.0091996,0.0438935,0.0262835,0.0422708,0.144648,0.1399967,0.0917857,0.1110732,0.1245639,0.1800356,0.1643883,
53,7.51e-05,0.0089447,0.0400397,0.0349879,0.0609254,0.1109468,0.0881872,0.0876857,0.1965471,0.1062601,0.1952377,0.1475414,
54,7.46e-05,0.0213403,0.0358303,0.043882,0.0578666,0.075668,0.0649443,0.0586056,0.1666166,0.1085403,0.1848318,0.1173184,
55,7.15e-05,0.0238113,0.0340562,0.0354436,0.0471523,0.0812948,0.085737,0.0896362,0.1773435,0.1063699,0.1842509,0.1318616,
56,7.3e-05,0.0156692,0.0258222,0.0870074,0.0368592,0.0653316,0.0562169,0.0989843,0.1907776,0.1172083,0.187229,0.1591347,
57,0.0014836,0.0184935,0.036735,0.0877766,0.0319932,0.1070614,0.0786963,0.0806271,0.1474339,0.0754987,0.0884939,0.144568,
58,7.17e-05,0.0070043,0.0276557,0.0714491,0.0401325,0.088068,0.0852622,0.0675026,0.0992322,0.0870419,0.1016347,0.1818116,
59,7.1e-05,0.014654,0.0286791,0.0802616,0.0217022,0.1062028,0.0849138,0.0916963,0.1771734,0.1110241,0.140689,0.155444,
60,7.4e-05,0.0198305,0.0308921,0.0465397,0.0435088,0.1206993,0.0680345,0.1116933,0.1644842,0.0327372,0.1484462,0.1579587,
61,7.39e-05,0.004395,0.0431721,0.0518734,0.0874231,0.085307,0.0535811,0.133043,0.1009716,0.0292837,0.1100308,0.1089648,
62,7.15e-05,0.0077239,0.0329791,0.0390816,0.103035,0.0948605,0.0244414,0.1243196,0.0624306,0.0803615,0.1073166,0.1155915,
63,7.11e-05,0.0069196,0.0256283,0.0658807,0.0587803,0.0891106,0.059591,0.1058121,0.0578368,0.0806745,0.0973099,0.1164759,
64,7.37e-05,0.0034669,0.0337329,0.1156039,0.0779265,0.0680256,0.0714885,0.0611652,0.0858129,0.1055863,0.1265745,0.1386134,
65,7.6e-05,0.003376,0.0329643,0.0929523,0.0841234,0.0547473,0.0712251,0.0655146,0.0690529,0.0907542,0.0947265,0.0954532,
66,0.0010664,0.0109327,0.0348866,0.1064183,0.0585582,0.0622977,0.0886326,0.083125,0.0359276,0.0265611,0.1266563,0.0907372,
67,7.62e-05,0.0081163,0.0405056,0.1076849,0.1119238,0.0812191,0.0733599,0.0356929,0.0205369,0.0392336,0.1161471,0.1369909,
68,7.47e-05,0.0104164,0.0411034,0.0479667,0.0844057,0.0550897,0.0776293,0.0279361,0.0671128,0.0392178,0.0675528,0.1068645,
69,7.63e-05,0.0118077,0.0458139,0.0738486,0.0355318,0.0126697,0.0426255,0.0198531,0.0470287,0.0296566,0.1080398,0.0786545,
70,7.61e-05,0.010215,0.0455808,0.0777973,0.0777348,0.0154463,0.1150063,0.0586094,0.0865839,0.0359576,0.0381216,0.1042439,
71,7.93e-05,0.0186879,0.1052897,0.0754396,0.1458395,0.0209084,0.1149685,0.1423581,0.1180253,0.0826641,0.1547015,0.099937,
72,0.0010659,0.0179581,0.01686,0.1168651,0.1615091,0.0420222,0.1574384,0.1540135,0.1182543,0.0497939,0.2550214,0.1249449,
73,0.0014889,0.0056408,0.0372531,0.104634,0.0937083,0.0142819,0.1668198,0.075435,0.1219452,0.0557886,0.2339903,0.1336174,
74,7.52e-05,0.0219216,0.0289101,0.0745245,0.0822225,0.0171548,0.1199013,0.0282096,0.0807167,0.0126984,0.1716056,0.1157603,
75,7.22e-05,0.0093455,0.0414352,0.0326615,0.0552292,0.0280839,0.1008792,0.0517747,0.0612153,0.0656029,0.1540136,0.0838431,
76,0.0014828,0.0057593,0.037564,0.0495849,0.0657843,0.0511584,0.1178755,0.0271236,0.0170607,0.0916811,0.2027114,0.0926934,
77,6.99e-05,0.0008952,0.0220833,0.0679118,0.050327,0.0973107,0.1161363,0.0358264,0.0632486,0.0791335,0.1237894,0.0639416,
78,6.67e-05,0.0040239,0.0220148,0.0793644,0.0957541,0.1170174,0.1471461,0.0473194,0.0910327,0.0715032,0.1299435,0.0594796,
79,0.0010086,0.003752,0.0234095,0.0450181,0.0776931,0.0587804,0.1136124,0.0446143,0.085937,0.0620317,0.0962292,0.0592347,
80,6.69e-05,0.0037619,0.0216486,0.0815508,0.0665812,0.0250229,0.0631731,0.0697428,0.0753714,0.0307681,0.1097759,0.0891443,
81,0.0014766,0.0034852,0.0326953,0.0554274,0.0830603,0.0532103,0.0896696,0.0210666,0.0656857,0.0700584,0.0826036,0.0242903,
82,0.0010605,0.0040312,0.0355516,0.0133232,0.0686598,0.0503029,0.1079257,0.0328328,0.0099727,0.0572503,0.0497694,0.0224128,
83,6.67e-05,0.0065785,0.0301111,0.0420028,0.0631736,0.0333655,0.101597,0.0117076,0.0840188,0.0612779,0.04145,0.0413221,
84,6.84e-05,0.0057833,0.0367538,0.0781911,0.0536201,0.0321158,0.0629721,0.0142749,0.0812632,0.069718,0.0436436,0.0403809,
85,7.15e-05,0.0072679,0.0299898,0.0701083,0.0220738,0.035353,0.0148345,0.035865,0.0727326,0.0381947,0.0589544,0.0566904,
86,7.08e-05,0.0015843,0.0156257,0.0583964,0.0302013,0.0436941,0.0310477,0.0709644,0.0686404,0.0129495,0.0645596,0.0572359,
87,7e-05,0.0025761,0.0280029,0.034811,0.0306902,0.0470676,0.0390266,0.0500302,0.0286053,0.0599564,0.0592053,0.0759108,
88,6.76e-05,0.0042733,0.036903,0.076486,0.0493323,0.0541268,0.0513284,0.0134283,0.0282349,0.0495913,0.0595934,0.0431862,
89,0.0010603,0.0032107,0.0095636,0.0854382,0.0612637,0.0592281,0.0554731,0.0155201,0.0345801,0.0341474,0.0350457,0.0668672,
90,0.0017824,0.003769,0.0191012,0.0822922,0.0607521,0.0645734,0.068731,0.0145949,0.048533,0.0328538,0.0717951,0.0815179,
91,6.74e-05,0.002095,0.0060012,0.0556425,0.0726701,0.0386555,0.1104053,0.017354,0.0487382,0.0448344,0.1379329,0.0674369,
92,6.66e-05,0.002544,0.0270006,0.0582146,0.1014976,0.0427299,0.1569107,0.0755845,0.0391678,0.0688731,0.2428468,0.0687166,
93,6.64e-05,0.0026236,0.0403479,0.0490141,0.1205842,0.0594317,0.0715437,0.0662151,0.0587112,0.0822371,0.0524081,0.2257642,
94,6.58e-05,0.0035819,0.0734501,0.068156,0.0929092,0.0658106,0.0933329,0.0627251,0.0793013,0.1012456,0.057713,0.2002068,
95,6.77e-05,0.0028892,0.0443107,0.0534974,0.0519054,0.0394546,0.0664307,0.0410136,0.0604541,0.0472848,0.045154,0.1471786,
96,0.001481,0.004788,0.0391596,0.0688518,0.0769914,0.0829279,0.0517359,0.0615735,0.0605562,0.0900318,0.0620929,0.1817566,
97,6.86e-05,0.0029541,0.0551006,0.0743934,0.0322488,0.052958,0.0916034,0.0567702,0.0876772,0.029697,0.0725557,0.1172722,
98,0.0010552,0.001676,0.0397536,0.0596842,0.0333764,0.0190415,0.0334401,0.062046,0.067649,0.038231,0.0943533,0.1191553,
99,6.59e-05,0.0017192,0.0217984,0.0489661,0.0150022,0.0254885,0.0216815,0.0889167,0.0642855,0.0517668,0.0798869,0.0988124,
100,6.29e-05,0.0036265,0.0333643,0.0531846,0.0327085,0.032285,0.017955,0.0653593,0.0519457,0.0207312,0.0933122,0.0631743,
101,6.37e-05,0.0026233,0.0180551,0.0496536,0.0218539,0.0389838,0.0279735,0.0732129,0.0637811,0.0610841,0.072323,0.0787125,
102,0.0010335,0.0043127,0.0202128,0.049262,0.0328537,0.09354,0.0140795,0.0651393,0.0174405,0.0433476,0.0735735,0.0884837,
103,0.0010559,0.0042741,0.0189996,0.0323022,0.0504484,0.1228184,0.0755741,0.0949859,0.0739609,0.0638683,0.1086077,0.0789575,
104,6.43e-05,0.0058544,0.0130579,0.0524479,0.0652959,0.0943968,0.0760516,0.1076572,0.0849224,0.071456,0.0452898,0.0684747,
105,6.61e-05,0.0064924,0.0230043,0.0317798,0.0548791,0.0314851,0.0630569,0.0620554,0.0428043,0.0651923,0.0549621,0.0882314,
106,6.78e-05,0.0029116,0.026745,0.0254604,0.0431534,0.0233704,0.1079321,0.083115,0.0184312,0.1167768,0.0279573,0.099026,
107,6.92e-05,0.0016322,0.0425496,0.0592375,0.040523,0.0318586,0.1374787,0.0768017,0.0192482,0.0885334,0.0324467,0.0844763,
108,7.25e-05,0.0038175,0.0439387,0.030431,0.0419908,0.0092069,0.0949884,0.0554594,0.0314937,0.0564927,0.0147094,0.0807811,
109,0.0009367,0.0008533,0.036782,0.1022903,0.0627531,0.0240605,0.1371067,0.0512739,0.0310762,0.0115634,0.0218233,0.0806633,
110,7.08e-05,0.0016181,0.0210564,0.0510232,0.0417984,0.0486115,0.0499637,0.0454154,0.0071874,0.0450987,0.041311,0.0778138,
111,7.24e-05,0.0021344,0.0091376,0.0099438,0.0191483,0.0531121,0.0404911,0.0203837,0.0110076,0.0517684,0.0426424,0.0706567,
112,0.0010628,0.0021634,0.0071281,0.0199861,0.0212049,0.0647405,0.0263096,0.058957,0.0236341,0.034843,0.0355421,0.0647346,
113,0.0017915,0.0016509,0.0168327,0.028018,0.0423647,0.0604625,0.0107345,0.0721371,0.0265288,0.0383663,0.0493922,0.055134,
114,0.0010662,0.0029945,0.0221115,0.0331965,0.0583401,0.0682865,0.0637693,0.0402157,0.0452368,0.0567183,0.0478022,0.0210357,
115,7.76e-05,0.012879,0.0453098,0.0308985,0.0502336,0.0595752,0.072784,0.0100622,0.0110127,0.0677154,0.0493856,0.0438631,
116,8.04e-05,0.0119154,0.0427679,0.0140629,0.0552741,0.0541655,0.075152,0.0395233,0.0333003,0.0486549,0.0505069,0.0431719,
117,0.0010697,0.0220381,0.0551723,0.0397121,0.1006866,0.0572064,0.0395393,0.0387273,0.0539565,0.0428715,0.0448277,0.0533556,
118,8.27e-05,0.0296049,0.0462672,0.0326781,0.0657102,0.0405148,0.048951,0.0317748,0.0491385,0.0515825,0.0332924,0.0554771,
119,8.18e-05,0.021834,0.0608543,0.0739597,0.0590922,0.0588392,0.0821325,0.0821619,0.0403279,0.0813856,0.0484162,0.0904734,
120,0.0014918,0.0074109,0.0682044,0.0978398,0.0326088,0.0355085,0.0987826,0.0547146,0.0741686,0.077391,0.0246422,0.0865472,
121,8.08e-05,0.0309733,0.0736483,0.0848209,0.0468268,0.0265216,0.0587232,0.097743,0.0496121,0.0523028,0.0380555,0.0341023,
122,8.09e-05,0.027131,0.0542443,0.08199,0.1169958,0.0468026,0.0404201,0.0638528,0.0415024,0.0457139,0.0295031,0.0483221,
123,8.36e-05,0.0235701,0.0199825,0.0801701,0.1085274,0.0604557,0.0699311,0.062253,0.0388179,0.0539727,0.0739679,0.0733763,
124,8.24e-05,0.0065587,0.0198249,0.0402914,0.040253,0.0582018,0.0868866,0.0511469,0.0396346,0.0320254,0.0136099,0.0253713,
125,7.99e-05,0.0078275,0.0386042,0.0328195,0.041813,0.0809687,0.0632977,0.0414554,0.0357384,0.0432115,0.0520568,0.0305541,
126,0.0014923,0.0008944,0.0371375,0.0288747,0.0502796,0.0593326,0.056196,0.0445825,0.0338059,0.0466066,0.0175112,0.0394372,
127,7.76e-05,0.0016665,0.0261838,0.0261569,0.0398276,0.0544503,0.0478115,0.0366706,0.0200007,0.0339129,0.0547146,0.0073537,
128,0.001068,0.0016296,0.0174742,0.020266,0.0583544,0.0828563,0.0566628,0.0369808,0.0418958,0.0667747,0.0538489,0.0482239,
129,7.55e-05,0.0047452,0.0156986,0.0207218,0.0461085,0.0740471,0.0718406,0.0309969,0.0664451,0.0540341,0.0663988,0.0434867,
130,7.49e-05,0.0047314,0.0251552,0.0323633,0.0236914,0.0282144,0.0885027,0.0462,0.0375542,0.0196463,0.0282774,0.0498915,
131,7.72e-05,0.0068527,0.022492,0.0483247,0.0375911,0.0271026,0.0630887,0.0351872,0.0155048,0.0193146,0.0470463,0.0670643,
132,0.0014544,0.0093369,0.0259384,0.0722529,0.0258615,0.0109057,0.0387279,0.0587176,0.0468915,0.0213892,0.0709591,0.0425525,
133,7.77e-05,0.0152832,0.027605,0.0661207,0.0270851,0.0340878,0.0453627,0.0767274,0.0375644,0.0573198,0.0669306,0.055812,
134,0.0014849,0.0086112,0.0299974,0.063097,0.0473208,0.0727819,0.0563769,0.0639018,0.0177212,0.0568477,0.0482942,0.0670215,
135,0.0014881,0.0049743,0.0350867,0.0706746,0.0081408,0.0632523,0.0528489,0.0613831,0.0521559,0.0722461,0.0323138,0.0854445,
136,7.89e-05,0.0029464,0.0256228,0.0517648,0.0178263,0.0141044,0.0519056,0.0537131,0.0633205,0.0132569,0.0285758,0.0588489,
137,0.0010725,0.0037831,0.021337,0.0321327,0.0173958,0.0216999,0.0508405,0.0484682,0.072034,0.0184994,0.0329717,0.0862578,
138,0.0010729,0.016365,0.0597817,0.1117636,0.0310001,0.0490013,0.0132372,0.0590536,0.0597357,0.0548156,0.0801622,0.0127709,
139,8.51e-05,0.0159369,0.0411768,0.0701207,0.0543849,0.0422142,0.0518795,0.0532282,0.0527454,0.0218147,0.0775244,0.0298021,
140,8.5e-05,0.0173507,0.0691472,0.0143227,0.0451543,0.042859,0.0625964,0.0339885,0.0355391,0.0248602,0.0472285,0.0416301,
141,8.71e-05,0.0161538,0.0720613,0.0150676,0.0582588,0.0874666,0.0571303,0.0201263,0.0473217,0.0771101,0.0497148,0.0172977,
142,8.64e-05,0.0531296,0.0429053,0.0376366,0.0254015,0.1466554,0.0669278,0.0730139,0.0332501,0.0474568,0.0507088,0.0325906,
143,8.41e-05,0.0956881,0.1119669,0.0281982,0.0780904,0.0888604,0.0462063,0.0746205,0.0250074,0.0307711,0.0640108,0.027118,
144,0.001072,0.0466516,0.0769942,0.0163992,0.0460711,0.1084353,0.0411686,0.019832,0.0625093,0.0369646,0.0640278,0.0264438,
145,7.94e-05,0.0453301,0.040186,0.052334,0.0200908,0.0496778,0.0844219,0.0575,0.0798299,0.0817593,0.0442102,0.0370695,
146,0.0010669,0.0222706,0.0230137,0.0289361,0.0379548,0.0633368,0.0707926,0.0169453,0.0726553,0.0738387,0.0334165,0.0146339,
147,0.001067,0.0177395,0.0385546,0.032653,0.0398251,0.0555012,0.0485962,0.0229592,0.0569298,0.0539804,0.0517771,0.0294843,
148,7.42e-05,0.0052074,0.0341401,0.0481204,0.0333057,0.0187837,0.0842267,0.0643674,0.0497707,0.0706645,0.0358991,0.031096,
149,7.33e-05,0.0045278,0.021714,0.041183,0.0308583,0.0420832,0.0742924,0.0677763,0.0714873,0.0713697,0.0227613,0.0547257,
150,7.06e-05,0.0017027,0.0152973,0.0203325,0.0301828,0.0544561,0.0461575,0.0623105,0.0593371,0.0279039,0.021846,0.0639264,
151,6.91e-05,0.0035602,0.0087342,0.0233262,0.0244845,0.0422127,0.0288839,0.0689557,0.0255418,0.0116972,0.0297813,0.0773074,
152,6.71e-05,0.0016143,0.0094293,0.0358878,0.0624715,0.0504058,0.0147905,0.0769697,0.0134948,0.0467558,0.0529077,0.0598716,
153,0.0009663,0.0022026,0.0104271,0.0514451,0.0801894,0.0401291,0.020584,0.0570909,0.0614218,0.0970916,0.1048142,0.0386645,
154,0.0010529,0.001639,0.0260445,0.047563,0.0663759,0.1059248,0.0354797,0.0354621,0.0608932,0.1179864,0.1969899,0.0396988,
155,0.0010529,0.0008358,0.009683,0.0137217,0.0624833,0.143968,0.0603398,0.0448168,0.0475994,0.2320096,0.1977256,0.1723546,
156,6.34e-05,0.0025999,0.0108558,0.0187308,0.064189,0.0644976,0.0391959,0.1339748,0.0556702,0.0970727,0.0679636,0.0345127,
157,6.62e-05,0.0016699,0.010781,0.0311795,0.027696,0.0579656,0.0638233,0.1041519,0.0424246,0.0887039,0.0776851,0.0313759,
158,6.57e-05,0.0032566,0.0130007,0.0404912,0.0382268,0.0415042,0.0699146,0.0791693,0.0571861,0.0673616,0.0729052,0.0364312,
159,6.78e-05,0.0025417,0.0095843,0.0121894,0.0667324,0.0628542,0.0604577,0.0848163,0.0553121,0.0595309,0.0612368,0.0302545,
160,6.89e-05,0.0032221,0.0276141,0.0374185,0.0284784,0.0847308,0.0609869,0.0785314,0.0518589,0.0707911,0.0409151,0.0142624,
161,7.19e-05,0.0038007,0.0160078,0.0229517,0.0353749,0.0525394,0.0809345,0.0907298,0.0356363,0.0914167,0.0306082,0.0392137,
162,7.4e-05,0.0082842,0.0285861,0.0239559,0.0377833,0.0511807,0.0568925,0.0536976,0.0389289,0.0960637,0.0454024,0.0290913,
163,7.73e-05,0.0120225,0.0368326,0.0285146,0.0520707,0.0529973,0.0698188,0.0325053,0.0288755,0.0504115,0.0576711,0.0410896,
164,7.87e-05,0.0100073,0.0413507,0.0239533,0.0547005,0.0365063,0.0512535,0.0528581,0.0512426,0.0981873,0.0355766,0.0619411,
165,8.17e-05,0.0213998,0.039742,0.0285353,0.0766286,0.0390071,0.0590463,0.0587462,0.0380299,0.0893489,0.0591872,0.094177,
166,8.43e-05,0.0192962,0.0512174,0.0454375,0.1019551,0.0597067,0.0685896,0.0829043,0.0512898,0.0870077,0.1145803,0.0925637,
167,8.56e-05,0.0354357,0.0284411,0.0623535,0.0715693,0.1126157,0.1130873,0.1230709,0.0431798,0.0829892,0.1219401,0.0855319,
168,0.0010188,0.0342679,0.0164446,0.0841527,0.0713127,0.1519372,0.1727085,0.1472078,0.0614647,0.0722305,0.094905,0.2287347,
169,8.81e-05,0.0266644,0.0389314,0.0840985,0.0924759,0.1341405,0.1687884,0.151156,0.0496895,0.0809848,0.1432063,0.2317753,
170,8.77e-05,0.0186992,0.0305633,0.0439202,0.0171949,0.0561366,0.1161851,0.0863761,0.0345074,0.0719689,0.1577912,0.195886,
171,8.42e-05,0.0021742,0.0165672,0.0472047,0.05927,0.0321704,0.0664202,0.0714485,0.0288965,0.0878791,0.1130659,0.0976,
172,8.15e-05,0.0064739,0.0193955,0.0468147,0.020082,0.0505932,0.0227832,0.0373379,0.0353996,0.0888858,0.0413528,0.049063,
173,0.0010142,0.0029104,0.0165096,0.0113457,0.0193021,0.0253807,0.0450869,0.0523471,0.032788,0.0512745,0.07415,0.0562913,
174,7.59e-05,0.004741,0.0546901,0.0248626,0.0188141,0.0193064,0.0709639,0.0584088,0.035954,0.0781416,0.0283398,0.0517341,
175,7.26e-05,0.0113917,0.0224765,0.0245867,0.0390135,0.025109,0.0441284,0.0441504,0.0356343,0.0676162,0.0549261,0.0227595,
176,6.97e-05,0.0148346,0.0343826,0.0281082,0.0495843,0.0546888,0.0748117,0.047636,0.0546666,0.0645799,0.060922,0.0338305,
177,6.84e-05,0.0086754,0.0422798,0.0432407,0.0788376,0.053745,0.1008509,0.0302839,0.04031,0.0774494,0.0874923,0.0302019,
178,6.65e-05,0.0029883,0.0422812,0.0725449,0.1022484,0.0202319,0.0945888,0.0453227,0.0757635,0.0877527,0.0801716,0.0279605,
179,6.95e-05,0.0064278,0.043384,0.0833969,0.0462922,0.0374737,0.0654853,0.0588744,0.0433618,0.0836801,0.067474,0.0170954,
180,6.93e-05,0.0088226,0.0389152,0.0571857,0.0315817,0.0364178,0.0851848,0.0678444,0.0255792,0.0537011,0.0351476,0.0185523,
181,7.25e-05,0.0029821,0.0360687,0.0386397,0.0173999,0.0210249,0.0586348,0.0618518,0.0383113,0.0656403,0.0575218,0.0145095,
182,7.31e-05,0.0079022,0.0238387,0.0334681,0.0068096,0.0397518,0.0512591,0.0759769,0.0469848,0.0426036,0.0577643,0.0166305,
183,7.55e-05,0.0376144,0.0240056,0.0663802,0.0243983,0.0696399,0.0589899,0.0822778,0.0191339,0.0654975,0.051535,0.0288901,
184,7.66e-05,0.0090194,0.0149272,0.0648481,0.0486206,0.0803364,0.0419919,0.1114964,0.0390506,0.0720905,0.0517397,0.0318242,
185,7.73e-05,0.0075795,0.0363054,0.0750681,0.0482209,0.0573937,0.0395683,0.0401663,0.0475611,0.0818252,0.0672835,0.0757486,
186,7.67e-05,0.009193,0.0269669,0.0395125,0.0715768,0.0817666,0.0620002,0.0287103,0.0782878,0.0818973,0.0738943,0.1045216,
187,7.77e-05,0.0139165,0.037164,0.035467,0.0593032,0.089691,0.0765358,0.0671107,0.072428,0.084144,0.0907363,0.1170191,
188,0.0010209,0.0275194,0.1018451,0.0427807,0.0530512,0.1118876,0.1044317,0.0755171,0.0247587,0.0758184,0.0372884,0.1405651,
189,8.34e-05,0.0147534,0.0673392,0.0879507,0.0493362,0.1021532,0.134953,0.0656817,0.1089028,0.1123799,0.1176246,0.1465693,
190,8.43e-05,0.0304384,0.0460378,0.1184223,0.0383319,0.0805911,0.1868782,0.1081374,0.1069801,0.1672504,0.2024681,0.1423242,
191,8.59e-05,0.0431453,0.050588,0.0780683,0.0885226,0.082536,0.1963816,0.1507267,0.1367907,0.3421734,0.3035825,0.2030926,
192,0.0009711,0.026569,0.0747499,0.1171828,0.0619255,0.0713492,0.0628906,0.0880512,0.0561114,0.1077118,0.2141864,0.0594557,
193,0.0010224,0.0406583,0.0836638,0.1975452,0.1108365,0.1459417,0.2211235,0.0986093,0.0887369,0.1183957,0.1539035,0.0860471,
194,8.12e-05,0.029424,0.0794205,0.1536949,0.0534933,0.0823646,0.1000803,0.0741269,0.0773715,0.0877086,0.110203,0.0685539,
195,8.14e-05,0.0273865,0.0699801,0.062036,0.0936448,0.0635774,0.119836,0.1193387,0.0678264,0.1574173,0.1120591,0.0870513,
196,0.0010202,0.0076983,0.0026839,0.0475127,0.0815909,0.0657663,0.1822429,0.1032638,0.0386516,0.1035826,0.1078966,0.0800855,
197,8.16e-05,0.0051963,0.01247,0.0458217,0.0434285,0.043604,0.0816286,0.0663327,0.0241714,0.0405308,0.070057,0.0376834,
198,0.0014893,0.0060117,0.0258823,0.0252882,0.0589731,0.0784795,0.0728665,0.039324,0.0440803,0.0283423,0.1065933,0.0612942,
199,7.97e-05,0.0051618,0.0243957,0.0496574,0.03512,0.0797151,0.0702966,0.0496143,0.0318149,0.0711947,0.0978867,0.054762,
200,0.0014866,0.0038104,0.0266202,0.0703744,0.0179055,0.0603934,0.05048,0.0459113,0.0155764,0.0884621,0.0752074,0.0711913,
201,7.55e-05,0.0016648,0.0242934,0.0444675,0.056015,0.0552814,0.050943,0.0437372,0.0228314,0.0310607,0.0667874,0.0201468,
202,0.0010639,0.0016571,0.0266132,0.038081,0.0722812,0.0566659,0.0279227,0.054914,0.0463456,0.0230405,0.0488466,0.0675731,
203,7.4e-05,0.0021842,0.0161273,0.046178,0.0562857,0.016404,0.0439265,0.0568538,0.0517531,0.0348647,0.0371569,0.0442448,
204,7.65e-05,0.0016321,0.0124832,0.0408059,0.0823389,0.0203542,0.0063025,0.0397449,0.0423336,0.0414235,0.050495,0.0693801,
205,7.41e-05,0.0008392,0.0159053,0.0419373,0.0809875,0.0481757,0.028113,0.0425221,0.0660333,0.0762461,0.040709,0.0382595,
206,0.0010631,0.0008624,0.0175484,0.068539,0.0728128,0.0632504,0.0281503,0.0415653,0.0626468,0.0437928,0.0447564,0.0455671,
207,7.59e-05,0.0026242,0.008146,0.0578225,0.0736624,0.0652526,0.0297592,0.0374789,0.035974,0.0218034,0.0700507,0.0084206,
208,0.0010659,0.000872,0.0167388,0.0625339,0.0356402,0.0882933,0.0140734,0.0177356,0.0427089,0.0696138,0.0318935,0.0097189,
209,7.3e-05,0.0008763,0.0262203,0.0615903,0.0449804,0.1086422,0.0193247,0.055795,0.0622666,0.075617,0.034054,0.0368427,
210,0.0010631,0.0008624,0.0171059,0.0686095,0.0512874,0.1099622,0.0517265,0.0641737,0.0936455,0.0315452,0.0310611,0.0491708,
211,0.0010655,0.0016668,0.0265831,0.0617668,0.0340818,0.0768759,0.0461996,0.0457373,0.0862684,0.0249964,0.0727027,0.0589247,
212,0.0014874,0.0021755,0.0325068,0.0649677,0.0350659,0.0965778,0.0988713,0.0823513,0.0891508,0.0595044,0.0913486,0.0815338,
213,7.32e-05,0.0051495,0.0253856,0.0397985,0.0067657,0.0864878,0.0927011,0.1117234,0.0766121,0.0524152,0.0816379,0.1353938,
214,0.0014891,0.0008722,0.0506015,0.0361184,0.0246624,0.0734572,0.0754071,0.1097683,0.0768485,0.0315051,0.0808221,0.1820888,
215,0.0010641,0.0035827,0.0648127,0.0398671,0.0233044,0.0727814,0.1192176,0.1356389,0.0674917,0.0462167,0.1378563,0.1901724,
216,7.92e-05,0.0025834,0.0192052,0.0585181,0.0555418,0.0807276,0.1136385,0.1052421,0.0560308,0.0436646,0.1361932,0.1831821,
217,0.0010442,0.0016533,0.0142298,0.0553129,0.0759218,0.0905502,0.1650106,0.1151614,0.0400005,0.117234,0.1069908,0.0248059,
218,0.0010693,0.0008611,0.0121528,0.038157,0.0749081,0.112044,0.1642019,0.1397633,0.0530859,0.1191463,0.1114874,0.0597263,
219,0.00107,0.0016897,0.013316,0.0576194,0.0682909,0.0791916,0.1145519,0.0854407,0.0830762,0.0921095,0.1241767,0.0817033,
220,0.0010673,0.0016564,0.0225627,0.059858,0.0644776,0.110908,0.1206898,0.090419,0.0567881,0.1224412,0.0979187,0.0509464,
221,7.79e-05,0.0043023,0.0281542,0.0565945,0.0513599,0.1472329,0.2361498,0.1525652,0.0972372,0.1530905,0.1236538,0.0520477,
222,7.69e-05,0.0043179,0.028691,0.0753292,0.0415219,0.1655863,0.2203141,0.1317467,0.0317639,0.0959686,0.1218774,0.0905152,
223,7.61e-05,0.0040559,0.036751,0.0291138,0.0355985,0.1063267,0.189521,0.2302637,0.0946064,0.1567184,0.199974,0.1104933,
224,7.33e-05,0.0058927,0.0164838,0.0418386,0.0222584,0.0786712,0.1856913,0.1449725,0.0865343,0.1314217,0.1556958,0.0866316,
225,7.35e-05,0.0035671,0.0170509,0.0601721,0.0636019,0.0864199,0.1739217,0.1498373,0.0912382,0.0557931,0.0677705,0.0859318,
226,0.0010635,0.0008382,0.0232041,0.0590118,0.1336085,0.0850726,0.1882544,0.0838819,0.1254058,0.0351829,0.0811673,0.0971664,
227,7.1e-05,0.0021709,0.0231238,0.0356534,0.1114928,0.0887876,0.1795897,0.0726859,0.0708503,0.0586397,0.089403,0.1191718,
228,0.0014798,0.0035202,0.0135267,0.075432,0.1445224,0.1214448,0.2160845,0.1131793,0.1285504,0.0998535,0.0899816,0.1940003,
229,7.46e-05,0.000836,0.0159712,0.0572286,0.1400921,0.1159316,0.2048599,0.1401504,0.1435077,0.1258525,0.1001046,0.1341268,
230,7.57e-05,0.0035622,0.0195923,0.0582353,0.0992721,0.0769318,0.1521217,0.1309686,0.0839371,0.1188832,0.0790746,0.067058,
231,7.57e-05,0.0029159,0.0219073,0.0582499,0.0744346,0.1042331,0.1470184,0.147032,0.1063446,0.0684904,0.0623638,0.101121,
232,7.81e-05,0.0057177,0.0567412,0.0792717,0.1087441,0.1441719,0.1029091,0.1486412,0.1520868,0.0856483,0.0994242,0.120788,
233,8e-05,0.0022073,0.0550123,0.0695267,0.0799383,0.0890215,0.1202511,0.1774335,0.1583131,0.1542216,0.0708869,0.1249839,
234,7.87e-05,0.0055737,0.0290438,0.0389463,0.0259294,0.0940594,0.1552037,0.212399,0.1182738,0.1058173,0.0476128,0.1225146,
235,8.13e-05,0.0051621,0.0128727,0.0253743,0.0316991,0.0399268,0.1491218,0.1640244,0.0997952,0.1292206,0.0339354,0.1051122,
236,8.36e-05,0.004593,0.0145177,0.0641526,0.0635516,0.0795438,0.085794,0.0520284,0.1139071,0.1465328,0.0648321,0.0810253,
237,8.34e-05,0.0102707,0.0148325,0.047853,0.0544746,0.0863424,0.0257802,0.0717411,0.0660104,0.1098929,0.0922966,0.1021782,
238,8.26e-05,0.0062109,0.0086998,0.0246596,0.0668844,0.0517077,0.0247707,0.0870362,0.0945209,0.0938736,0.0706281,0.0490686,
239,0.0010161,0.0060672,0.0226177,0.0359039,0.0171953,0.0395888,0.0426629,0.1125714,0.0749201,0.0681228,0.0585768,0.0669375,
240,7.64e-05,0.0016518,0.0177453,0.0247641,0.0258109,0.0460079,0.0751424,0.1099099,0.0450802,0.078759,0.0606198,0.0815876,
241,7.42e-05,0.0009074,0.0214208,0.0441599,0.0426358,0.0279423,0.104486,0.1278879,0.057161,0.0819095,0.0423963,0.1406224,
242,7.13e-05,0.003851,0.053755,0.0802955,0.0769442,0.0884666,0.0894515,0.1182864,0.0776737,0.0349128,0.0461913,0.104416,
243,0.0010152,0.002213,0.0395623,0.0792189,0.1078347,0.0653005,0.155648,0.0970778,0.0867045,0.0263047,0.044971,0.0747906,
244,0.0014751,0.0029443,0.0393813,0.0851408,0.1304683,0.087518,0.16398,0.1077362,0.0704929,0.0683846,0.0769003,0.0886763,
245,6.36e-05,0.0036054,0.0546097,0.0772609,0.1311105,0.1127852,0.1739905,0.1141968,0.0735764,0.0820297,0.0762905,0.1045828,
246,6.65e-05,0.0033041,0.0464588,0.0933482,0.0792681,0.0693197,0.1495097,0.108672,0.1068554,0.086008,0.0840637,0.1478273,
247,6.7e-05,0.0038399,0.0317993,0.0829622,0.0336799,0.0632001,0.1266847,0.0585027,0.0861043,0.0908146,0.0824053,0.1354883,
248,6.37e-05,0.0016546,0.0355218,0.0498099,0.0403778,0.0512712,0.1294236,0.0515836,0.0702192,0.1280437,0.0919703,0.1195331,
249,0.0014513,0.0021569,0.0394408,0.0383767,0.0572828,0.0755284,0.1458534,0.102649,0.0572329,0.0993312,0.1009065,0.1849401,
250,0.001058,0.0016495,0.0148639,0.014307,0.0476712,0.0679489,0.1173391,0.0570158,0.1149112,0.1140797,0.0961486,0.1331714,
251,6.38e-05,0.0021884,0.0293551,0.0490883,0.0514308,0.0174037,0.1725389,0.1254407,0.2174949,0.2081803,0.1091246,0.1356819,
252,0.0009469,0.0051705,0.0337459,0.0534035,0.0386482,0.0812558,0.0906315,0.0770243,0.2189927,0.181128,0.1207437,0.1224672,
253,6.71e-05,0.0016385,0.0101278,0.038384,0.0145945,0.1162092,0.0471141,0.0831684,0.1459103,0.1204254,0.1236193,0.0999867,
254,6.7e-05,0.0016349,0.0192751,0.031089,0.0599668,0.0456267,0.1251762,0.0902784,0.1123303,0.1453836,0.1030256,0.100725,
255,6.47e-05,0.0025886,0.054106,0.0289381,0.0685645,0.0220207,0.1741133,0.1020707,0.1581459,0.1119985,0.1647809,0.1486688,
256,6.68e-05,0.0051707,0.053701,0.0618745,0.0455952,0.0627734,0.1255447,0.0677511,0.2038979,0.1338432,0.1639268,0.1589918,
257,6.94e-05,0.0021788,0.0300032,0.0480748,0.0557394,0.074915,0.0949114,0.0718533,0.1399045,0.1204024,0.0608351,0.1284418,
258,0.0017868,0.0021782,0.0329488,0.0385195,0.0139474,0.0740228,0.117661,0.1340449,0.1317811,0.2078417,0.0848783,0.0557337,
259,6.98e-05,0.0016665,0.0270692,0.0565633,0.0718033,0.0623045,0.1282948,0.0832773,0.0663538,0.1432317,0.0500892,0.0860877,
260,6.83e-05,0.0021655,0.0409898,0.0481655,0.0815968,0.0406434,0.1429539,0.1291741,0.1177893,0.1398282,0.1067483,0.0713555,
261,0.0010606,0.0021604,0.0442896,0.0649292,0.065158,0.0242506,0.1242189,0.0806097,0.1334005,0.0985342,0.0525731,0.0848768,
262,7.04e-05,0.0049657,0.0156438,0.0712819,0.0578878,0.0384271,0.1305871,0.1038259,0.1279526,0.117425,0.0864817,0.0435677,
263,0.0010635,0.0035777,0.0176202,0.0496948,0.0312147,0.0504391,0.1121849,0.1098592,0.0946558,0.1287531,0.0853056,0.0775055,
264,7.34e-05,0.0021799,0.019118,0.047922,0.0597595,0.0615862,0.086387,0.0792766,0.0845896,0.1094133,0.0572914,0.0888657,
265,7.42e-05,0.0016705,0.0140727,0.045642,0.0584226,0.0543743,0.0985035,0.1042348,0.0594808,0.0722278,0.0639451,0.0713428,
266,7.6e-05,0.001673,0.0105381,0.0400679,0.0183353,0.0762658,0.1034017,0.1108669,0.0455178,0.0854431,0.0653678,0.0162401,
267,7.75e-05,0.0016522,0.0129157,0.035581,0.0694128,0.0769323,0.0522029,0.1061765,0.0461999,0.0915358,0.0818173,0.0502613,
268,0.0014894,0.0026129,0.0160975,0.0155037,0.0332447,0.0418018,0.0475343,0.1000048,0.0364296,0.0981715,0.0364072,0.070856,
269,7.95e-05,0.0041308,0.0154125,0.0221494,0.0107012,0.0304695,0.0271034,0.1290523,0.0258364,0.1151058,0.0381745,0.0739317,
270,8.16e-05,0.0043258,0.0064862,0.0219306,0.0125452,0.097294,0.0758489,0.1133712,0.0433469,0.0979144,0.0395975,0.0895482,
271,0.0010728,0.0056888,0.0048158,0.0315796,0.0622228,0.1118664,0.0616647,0.1130859,0.0644552,0.0864832,0.0395407,0.0365701,
272,8.34e-05,0.0049565,0.0125681,0.0447502,0.0577129,0.0800262,0.0458664,0.1697405,0.0483885,0.0880926,0.0415086,0.0740002,
273,8.51e-05,0.0096314,0.0243803,0.0119641,0.0604933,0.1120008,0.0933303,0.165645,0.0924075,0.1308967,0.0610215,0.0827971,
274,8.69e-05,0.0025711,0.0320436,0.1259315,0.1083943,0.0668071,0.104348,0.137086,0.109593,0.1366524,0.0495559,0.095142,
275,8.73e-05,0.0145691,0.0329626,0.1864503,0.0740356,0.0714858,0.0880817,0.2182634,0.0648679,0.1552763,0.0598283,0.1133542,
276,8.75e-05,0.0074066,0.0280996,0.1527699,0.0456536,0.0783283,0.0902933,0.1600808,0.0716226,0.1139733,0.1245221,0.1001197,
277,9.04e-05,0.0029796,0.034007,0.1155774,0.1069214,0.0711006,0.0753667,0.0903909,0.1072414,0.1586021,0.1409338,0.1497419,
278,9.14e-05,0.0059143,0.0367238,0.0628114,0.1157913,0.1670926,0.1115051,0.1589433,0.1055078,0.1956525,0.1523121,0.1135176,
279,8.84e-05,0.0016604,0.0191036,0.0402405,0.0833903,0.1491118,0.0899625,0.1386615,0.1289989,0.1762072,0.1838446,0.1316486,
280,0.0010743,0.0021576,0.0166573,0.027778,0.0885817,0.1639952,0.105184,0.0978776,0.1195131,0.1087426,0.1678535,0.1406953,
281,8.31e-05,0.0008599,0.0130568,0.0576344,0.0608062,0.1515653,0.0969605,0.0809617,0.1112867,0.0984909,0.1111293,0.0466462,
282,0.0010696,0.0021927,0.0092322,0.0412334,0.0389364,0.1181711,0.0435242,0.0649073,0.1105689,0.0871054,0.0711005,0.0182886,
283,0.0010726,0.0016711,0.009315,0.1712119,0.0376428,0.1427857,0.0523957,0.0886027,0.1117667,0.0819638,0.1241489,0.0531046,
284,8.57e-05,0.0038125,0.0226628,0.0528978,0.0495484,0.1399743,0.0924912,0.0915208,0.0962053,0.110317,0.1310672,0.081183,
285,8.76e-05,0.0082589,0.0276569,0.0842371,0.0232756,0.0919549,0.0705373,0.178208,0.1424089,0.1110836,0.1297228,0.0755554,
286,8.56e-05,0.0082841,0.0086917,0.0529623,0.0177404,0.0741245,0.0534989,0.0648804,0.0727835,0.0261758,0.0812674,0.0652708,
287,0.0010083,0.0096079,0.0111593,0.04456,0.0279363,0.0629912,0.0463036,0.0894605,0.025337,0.0485008,0.0503797,0.0733759,
288,8.07e-05,0.014238,0.0304037,0.0313986,0.0514043,0.0533829,0.0477343,0.0632701,0.0404303,0.0806814,0.0774718,0.0745642,
289,7.81e-05,0.0049664,0.0303306,0.0424629,0.0211901,0.0421734,0.0516033,0.0434745,0.0595183,0.0559236,0.091039,0.0824823,
290,7.69e-05,0.0021568,0.0224058,0.0155916,0.0589684,0.0375348,0.0393816,0.0623554,0.0097941,0.0288901,0.0942902,0.0418261,
291,7.45e-05,0.0016534,0.0207342,0.0695286,0.0640352,0.0465109,0.0178994,0.0617301,0.0188451,0.0576099,0.0741861,0.0370497,
292,0.0014562,0.0008629,0.0181833,0.0258468,0.0768308,0.0458566,0.0588572,0.0559769,0.0314817,0.044937,0.096102,0.0573943,
293,6.85e-05,0.0029721,0.0391956,0.0246746,0.0409756,0.0642501,0.0612428,0.0213577,0.0556549,0.0565016,0.1036919,0.0554652,
294,0.0010577,0.0016653,0.0298775,0.0428668,0.0456667,0.0470838,0.0937897,0.0410295,0.0779928,0.0730557,0.177679,0.0720852,
295,7.09e-05,0.0016535,0.0136012,0.0091822,0.0572156,0.0547733,0.0706351,0.0518023,0.0492302,0.0558407,0.1281123,0.0539166,
296,0.0017902,0.0008959,0.0205615,0.0295452,0.0557025,0.0572061,0.0315474,0.0545572,0.045411,0.0583645,0.0723688,0.0261001,
297,6.89e-05,0.0008355,0.0168626,0.0357812,0.0489544,0.0374731,0.0240929,0.0409622,0.0669345,0.0362766,0.0666068,0.0563135,
298,0.0014592,0.0016279,0.0057279,0.0434763,0.0683569,0.0306518,0.0359404,0.0544464,0.0338078,0.0443105,0.0629638,0.0677441,
299,0.0014863,0.0016608,0.0163502,0.0247325,0.0815862,0.0404208,0.0600199,0.0488892,0.0147615,0.0570663,0.0455111,0.052921,
300,7.18e-05,0.0016644,0.0167538,0.0657377,0.0660013,0.0321925,0.0668534,0.0749807,0.0215138,0.0494982,0.1037073,0.0563186,
301,6.99e-05,0.0029662,0.0200997,0.1017628,0.0871537,0.0389052,0.077875,0.0892452,0.0102073,0.0585613,0.1008357,0.047926,
302,7.06e-05,0.0082958,0.0366867,0.12099,0.0537471,0.0520068,0.1166216,0.1446693,0.0732043,0.0976488,0.1117636,0.1386274,
303,0.0017918,0.0016447,0.0110682,0.0860337,0.0619934,0.0340769,0.1072101,0.0548733,0.034634,0.069364,0.0689538,0.0512595,
304,6.92e-05,0.0008415,0.0188393,0.0342249,0.0535974,0.0392669,0.0651305,0.0597631,0.0510516,0.0432185,0.0383149,0.0605016,
305,0.0010559,0.0016711,0.0171269,0.0442059,0.0498438,0.0536311,0.0764805,0.0439279,0.0920884,0.0401453,0.0609074,0.0409653,
306,6.91e-05,0.0025663,0.037283,0.0520403,0.0323606,0.0679128,0.0780348,0.0879327,0.1160042,0.0528128,0.0843921,0.0524221,
307,8.89e-05,0.0169252,0.0543438,0.0257204,0.0570748,0.0614134,0.0998329,0.0282151,0.0636973,0.0538775,0.1051994,0.0609721,
308,8.75e-05,0.0111363,0.0445629,0.036971,0.0897102,0.0589071,0.0053003,0.0707609,0.0623951,0.0221217,0.0890756,0.0477596,
309,0.0013304,0.0080922,0.015534,0.0254543,0.0807606,0.0422769,0.0121806,0.047587,0.0191109,0.0431891,0.0687037,0.0505228,
310,8.56e-05,0.0087866,0.0264661,0.0220513,0.0433393,0.0395567,0.0564956,0.0369762,0.0232946,0.0538206,0.057135,0.0398563,
311,8.6e-05,0.0067346,0.0457784,0.0252699,0.0391601,0.0434513,0.0676368,0.0400544,0.0515968,0.0230899,0.046589,0.0635253,
312,0.0009578,0.002993,0.0451904,0.037391,0.0452649,0.0378064,0.0734168,0.0449181,0.0595022,0.0193931,0.0601184,0.088358,
313,8.32e-05,0.0026115,0.0496389,0.0571424,0.0212837,0.0605003,0.0404742,0.0311273,0.0274814,0.0317454,0.037815,0.0165997,
314,8.33e-05,0.0038496,0.0238551,0.0536393,0.0193821,0.0568137,0.05045,0.0584556,0.0252744,0.0216794,0.0285967,0.0722031,
315,0.0009352,0.0081792,0.0282539,0.0185384,0.0334346,0.0445785,0.0374803,0.0283764,0.0708058,0.0325894,0.060806,0.1021984,
316,0.001337,0.0009064,0.0292283,0.026914,0.0082289,0.0365788,0.0244911,0.0449951,0.0445614,0.0552159,0.0718933,0.0787752,
317,0.0013395,0.0015973,0.0212195,0.0256647,0.0096257,0.0473501,0.0247907,0.0517829,0.0460621,0.0462058,0.0901124,0.0962141,
318,7.86e-05,0.0035322,0.0137846,0.0662865,0.040937,0.0314278,0.0348539,0.0658859,0.09987,0.0399546,0.0918682,0.0972603,
319,7.89e-05,0.0021673,0.019553,0.0594854,0.0731289,0.0222326,0.0457723,0.0617514,0.053055,0.0221769,0.0733653,0.0616428,
320,7.56e-05,0.0025847,0.025392,0.0589223,0.0557183,0.0236529,0.0828455,0.0622136,0.0345012,0.069825,0.0784408,0.0483098,
321,0.0013402,0.0008215,0.0377847,0.0530014,0.0606338,0.026986,0.099955,0.0525158,0.0264293,0.1964778,0.0233813,0.0771987,
322,7.75e-05,0.0009115,0.0249888,0.0560336,0.0596407,0.0456851,0.0493499,0.0327259,0.0549648,0.0675486,0.0213485,0.0382512,
323,0.0009434,0.0016395,0.0090414,0.0766748,0.0542789,0.0160468,0.0639194,0.0607501,0.0850222,0.0560998,0.0559754,0.0556871,
324,0.0009457,0.0008332,0.0158391,0.0395754,0.0674259,0.0177656,0.0790649,0.0042502,0.0667188,0.0487808,0.0695087,0.0570153,
325,0.0013416,0.0016829,0.009322,0.0317521,0.0579765,0.0225201,0.0681368,0.0181349,0.0691855,0.0783335,0.0626562,0.0358785,
326,0.0013409,0.0021419,0.0131425,0.0363212,0.0794998,0.0487365,0.0734519,0.0691702,0.0678363,0.0767316,0.0362921,0.0433196,
327,0.0009491,0.0008088,0.0160732,0.0207059,0.0964051,0.0375057,0.0791594,0.0831593,0.0556699,0.056848,0.0493841,0.0558347,
328,0.0009497,0.0021965,0.0115286,0.0554526,0.0779094,0.0489333,0.0660437,0.0699979,0.0441854,0.0486282,0.0629444,0.0588576,
329,0.0013432,0.0038061,0.0212352,0.0326811,0.1108498,0.0561708,0.1277721,0.122042,0.0428688,0.1312447,0.0981614,0.0593386,
330,0.0009496,0.0038101,0.0330376,0.0356874,0.0473009,0.0439254,0.1026755,0.081633,0.0449982,0.0773724,0.0569615,0.0900076,
331,0.0009485,0.0038238,0.0486641,0.0211126,0.021607,0.0381848,0.1405975,0.0816853,0.0684222,0.0883515,0.0709841,0.0588934,
332,0.0009477,0.0045022,0.0380457,0.0424718,0.0489431,0.0406157,0.0804126,0.0908239,0.0559284,0.0669962,0.0672202,0.079732,
333,0.0013401,0.0008799,0.0238837,0.0339881,0.0593781,0.0470889,0.0705255,0.0701308,0.0508793,0.0499078,0.0119389,0.0588928,
334,7.73e-05,0.000886,0.0084727,0.0138496,0.0644664,0.0564756,0.048604,0.034921,0.0514957,0.035293,0.0457109,0.066014,
335,0.0013613,0.0016273,0.038414,0.0442145,0.0557971,0.0676475,0.0528185,0.0360037,0.082509,0.0458584,0.0381526,0.0730075,
336,0.000941,0.0021384,0.0236636,0.0199567,0.0239358,0.0439983,0.026629,0.0722688,0.0604655,0.0560408,0.0154652,0.0354671,
337,0.0013371,0.0008164,0.0204047,0.0126592,0.0185595,0.0344031,0.0480678,0.0676459,0.0415594,0.0428072,0.0156999,0.055278,
338,0.0009411,0.0026706,0.0226257,0.0408775,0.0267121,0.0351366,0.0400092,0.0613297,0.0424415,0.0740915,0.0452754,0.0397822,
339,8.19e-05,0.0044047,0.0273844,0.0495599,0.0351575,0.0494781,0.0645086,0.1332276,0.0599571,0.0973688,0.0348604,0.0537357,
340,8.16e-05,0.0075888,0.016527,0.0722665,0.0382799,0.0163337,0.0381816,0.0766245,0.0413919,0.0935904,0.0919753,0.1124754,
341,0.0013344,0.0035233,0.0276804,0.0685719,0.0457285,0.0359745,0.0583562,0.0631884,0.0423042,0.0359589,0.0769583,0.1048594,
342,0.0013638,0.0078595,0.0185237,0.0523469,0.0578056,0.0456843,0.0733113,0.0284638,0.0649653,0.0283799,0.0364829,0.0723124,
343,0.0009409,0.0029406,0.0184445,0.0604541,0.0484193,0.0842471,0.0894546,0.0571352,0.0582958,0.0179643,0.0425136,0.0372291,
344,0.0010554,0.0061118,0.0184644,0.0209782,0.0670934,0.0534279,0.084656,0.0570807,0.018952,0.0231267,0.0462285,0.0503026,
345,0.0013326,0.0026564,0.0130087,0.0197925,0.025814,0.042253,0.0681693,0.0300938,0.0205843,0.0524311,0.0502076,0.0524993,
346,0.0009408,0.0008774,0.0249789,0.0394414,0.0669185,0.0544273,0.0776023,0.0269512,0.0407853,0.0283589,0.0569362,0.0382218,
347,0.0009419,0.0016918,0.0091734,0.0610984,0.0599559,0.0761097,0.0888638,0.0144654,0.0369382,0.0697101,0.0487734,0.0489447,
348,0.0009447,0.0008109,0.0376704,0.0551428,0.038907,0.070241,0.0760805,0.0746706,0.0507256,0.0727816,0.051727,0.0367036,
349,8.23e-05,0.0021601,0.0250109,0.0107244,0.054296,0.0434198,0.0720987,0.1308894,0.0512308,0.0821976,0.0463905,0.0072267,
350,0.0009451,0.0064943,0.0178763,0.0317889,0.0614506,0.0391125,0.0856103,0.0479472,0.0820047,0.0582711,0.0846076,0.0134686,
351,0.0013382,0.0061151,0.0227784,0.0479636,0.0835281,0.0288312,0.1186809,0.0462056,0.1390291,0.1089339,0.1032536,0.1176168,
352,0.0009466,0.0055807,0.0258587,0.0448398,0.0583736,0.0611197,0.0827954,0.0989748,0.2105534,0.1106765,0.2298734,0.1339123,
353,0.0009472,0.0096277,0.0578362,0.0365389,0.066135,0.0250725,0.0820631,0.1052616,0.2351726,0.1287621,0.2607084,0.077928,
354,0.0013347,0.0078707,0.0387773,0.0654316,0.0736755,0.0379796,0.06233,0.0619768,0.1628682,0.1021164,0.2189385,0.0682345,
355,8.41e-05,0.0088745,0.042445,0.0496935,0.0617452,0.0759896,0.0488675,0.0245861,0.115091,0.0910574,0.2091599,0.1131913,
356,0.0009415,0.0026536,0.0491065,0.0367678,0.0453081,0.0847283,0.0510038,0.0650396,0.123601,0.0876847,0.1862946,0.0680191,
357,8.8e-05,0.0021242,0.03504,0.0402171,0.0941353,0.1024784,0.0484743,0.0796394,0.1598039,0.1094362,0.199864,0.0639643,
358,0.0009404,0.0021889,0.012888,0.029798,0.1193726,0.1285858,0.0768271,0.1777133,0.2209939,0.1357553,0.2198577,0.1389972,
359,0.0009406,0.0009319,0.0279825,0.0503192,0.0879349,0.1026391,0.0850102,0.1269639,0.1124109,0.0786369,0.2131235,0.120674,
360,0.0009434,0.0008014,0.0270698,0.0602752,0.0839712,0.0775129,0.0982759,0.1413479,0.0815277,0.0414076,0.073413,0.0817233,
361,0.0009423,0.0021228,0.0178598,0.0475526,0.0617381,0.0796104,0.1317476,0.1347876,0.0746836,0.062957,0.1620519,0.1059689,
362,9.04e-05,0.001648,0.0099778,0.0402296,0.1088985,0.089777,0.0808457,0.1302948,0.1312091,0.0689357,0.2160345,0.1263522,
363,8.69e-05,0.0016713,0.0207522,0.0613501,0.1110412,0.0537107,0.0523513,0.0994362,0.120671,0.0251275,0.1256069,0.1081691,
364,8.67e-05,0.0008679,0.029731,0.0650678,0.0770241,0.0495435,0.0856878,0.1049814,0.095976,0.0553706,0.1228058,0.080014,
365,8.8e-05,0.0016956,0.0261336,0.0713717,0.0793518,0.0858357,0.0638071,0.1020856,0.1829666,0.066172,0.2432074,0.0409747,
366,8.56e-05,0.0029438,0.0326964,0.0628469,0.0695624,0.0718607,0.047,0.1581111,0.1807002,0.0957773,0.2574961,0.1440972,
367,8.3e-05,0.0009085,0.0383785,0.0465908,0.0993271,0.0693069,0.0683196,0.1445942,0.1150386,0.0773532,0.1969099,0.1254715,
368,8.22e-05,0.0022088,0.0235527,0.0314864,0.0506888,0.0643271,0.1045424,0.1335903,0.0776085,0.0722926,0.2629191,0.1236161,
369,8.06e-05,0.0035623,0.0160624,0.0948422,0.0570871,0.0526255,0.1081155,0.1056225,0.1198369,0.0478321,0.2333183,0.0902083,
370,0.0009539,0.0040283,0.0279658,0.1379684,0.0522637,0.0431338,0.1195562,0.082657,0.1001225,0.1020052,0.1891933,0.0663467,
371,7.78e-05,0.0029244,0.0252262,0.0971635,0.071416,0.0358283,0.1187951,0.0492479,0.0624569,0.0803284,0.0808684,0.0487148,
372,0.0009507,0.0007985,0.0141553,0.0379291,0.0592818,0.0246011,0.1195173,0.1007029,0.1214278,0.0373463,0.0630922,0.0986884,
373,7.52e-05,0.0016657,0.0280801,0.0198535,0.0359813,0.0726624,0.1322205,0.1121484,0.1540335,0.0772712,0.0425858,0.1415197,
374,0.0009496,0.0008316,0.0248947,0.0261445,0.0419854,0.0417508,0.0504362,0.0673563,0.1378759,0.0452415,0.0497103,0.1299408,
375,0.0009503,0.0022184,0.0160907,0.0319734,0.0555005,0.0370228,0.0491654,0.090271,0.10691,0.0784722,0.0699157,0.1175006,
376,0.0009492,0.0065717,0.0207214,0.0788867,0.0575671,0.0522879,0.0729218,0.1588048,0.1616761,0.1362221,0.0840988,0.0442197,
377,6.87e-05,0.0079638,0.0172698,0.078346,0.0534785,0.0764571,0.0464802,0.1378114,0.1830625,0.0798027,0.2478041,0.229836,
378,6.64e-05,0.0016947,0.017573,0.0590484,0.0606348,0.0540976,0.04563,0.0836443,0.2140156,0.1743997,0.1449258,0.1997271,
379,0.0009534,0.005753,0.002482,0.0698386,0.0656568,0.0448606,0.0488031,0.0612651,0.1234399,0.0790548,0.102065,0.0641758,
380,7.07e-05,0.0078093,0.0080315,0.0620981,0.0680362,0.0467352,0.0043481,0.060883,0.0638464,0.0508569,0.0645378,0.079604,
381,0.0009517,0.0045412,0.0130223,0.0614708,0.0597324,0.0907868,0.0477345,0.1019841,0.0655452,0.1204545,0.078284,0.0811464,
382,0.0009521,0.0016577,0.0194015,0.0521502,0.0523651,0.0901643,0.0337075,0.1311155,0.0703678,0.1064562,0.1067252,0.0902216,
383,7.94e-05,0.0025582,0.0360303,0.0284189,0.0325141,0.095888,0.0487971,0.1136943,0.0521061,0.080152,0.1024366,0.0937791,
384,0.0013374,0.0056538,0.0351445,0.0699528,0.0716128,0.0763667,0.0663185,0.1148709,0.0571421,0.0859428,0.139489,0.1249407,
385,0.0013352,0.0021004,0.0428466,0.0560247,0.0791025,0.0724587,0.0704661,0.1249938,0.0510483,0.0693772,0.1336092,0.147467,
386,0.0009453,0.0036005,0.0401435,0.0530136,0.1222644,0.0595823,0.0751764,0.0901447,0.0615371,0.0521697,0.1350686,0.2337657,
387,0.0009425,0.0008313,0.0234683,0.0432899,0.068244,0.0181393,0.0924606,0.0876307,0.0642934,0.0405456,0.1383077,0.1860837,
388,0.0009402,0.002156,0.0239912,0.0464963,0.0754268,0.0628787,0.0995717,0.080478,0.0844388,0.0621973,0.1540368,0.1132866,
389,9.19e-05,0.0028915,0.0258792,0.0341051,0.0686539,0.0422174,0.1328225,0.0441197,0.0480168,0.0887463,0.1837784,0.1059923,
390,0.0010272,0.002614,0.0378641,0.0414765,0.0972813,0.0424284,0.134008,0.0504569,0.0361856,0.0132168,0.1805887,0.0915225,
391,0.001327,0.0045814,0.0223532,0.0222158,0.0888206,0.0600514,0.0605916,0.0438812,0.0426835,0.0323045,0.1473024,0.0261069,
392,0.0013292,0.0045732,0.0213756,0.0392543,0.045489,0.0446388,0.0681762,0.0451848,0.052708,0.0322068,0.1247123,0.0246984,
393,0.0009411,0.0073967,0.0341378,0.0210885,0.0548104,0.05373,0.0813804,0.0325199,0.0540446,0.0258585,0.1409042,0.0996868,
394,0.0013321,0.0048022,0.0144627,0.0373684,0.0493541,0.0440358,0.0544947,0.010208,0.0630015,0.0323222,0.0838456,0.1687013,
395,0.0009446,0.007851,0.0095465,0.0734267,0.0322177,0.0480899,0.0910401,0.0543847,0.0840928,0.0366545,0.0724436,0.1487772,
396,0.001336,0.0066699,0.0184693,0.0495107,0.0243239,0.046604,0.0743271,0.0693895,0.0720603,0.0302735,0.0931473,0.0801728,
397,0.0009476,0.001666,0.0319067,0.0321813,0.019944,0.0563856,0.0689134,0.0640489,0.0718879,0.0402232,0.1041563,0.0664927,
398,0.0009497,0.0076793,0.0439567,0.0341343,0.0378894,0.0303577,0.0845743,0.0945202,0.0708067,0.1030942,0.1177766,0.0723997,
399,7.63e-05,0.0015987,0.0206736,0.0564938,0.0664834,0.0796457,0.0329422,0.0851219,0.1180789,0.1526438,0.0727934,0.09437,
400,7.81e-05,0.0025256,0.0202142,0.060849,0.0930479,0.0311718,0.0219097,0.1044771,0.0605316,0.1649892,0.0179267,0.0651662,
401,7.71e-05,0.0022204,0.0080342,0.0486953,0.0254389,0.0437796,0.0183878,0.07804,0.0529992,0.0634833,0.0464116,0.0599642,
402,0.0009454,0.0029015,0.0296171,0.1311993,0.0519964,0.0689177,0.0276275,0.1207052,0.0305855,0.0817046,0.0552193,0.0753503,
403,0.0010166,0.0025949,0.0281908,0.0593896,0.0216208,0.0992079,0.0660757,0.0969525,0.0222046,0.061672,0.0732983,0.078787,
404,7.98e-05,0.003252,0.0148645,0.0628901,0.0118965,0.0466143,0.0413188,0.1008871,0.055068,0.0550899,0.0402528,0.0692628,
405,0.0009379,0.0030299,0.0152941,0.0542873,0.0221182,0.0625661,0.0190113,0.0564582,0.0502133,0.0597726,0.0416054,0.0662225,
406,0.0009354,0.0022268,0.0201736,0.0678525,0.0302229,0.0339591,0.0474094,0.0382589,0.0353178,0.0636195,0.0483858,0.0355684,
407,8.65e-05,0.0008145,0.0097291,0.0744986,0.0339284,0.018428,0.1130253,0.0301614,0.0270707,0.0557617,0.0394201,0.0570992,
408,0.0013263,0.0030219,0.0092346,0.0510323,0.0446536,0.0406476,0.0873617,0.0256269,0.0368238,0.0562296,0.0279143,0.0768554,
409,0.0014674,0.0021376,0.0136514,0.0501241,0.0295184,0.0416593,0.092713,0.0245547,0.056155,0.0710272,0.0376644,0.0842003,
410,0.001074,0.00378,0.0228092,0.043839,0.0537573,0.0437634,0.1102117,0.0603256,0.0811177,0.0313653,0.0767579,0.064371,
411,9.37e-05,0.0038645,0.0242696,0.0264041,0.0506506,0.0322647,0.0475219,0.0457845,0.0471627,0.0427759,0.0600295,0.072167,
412,0.0009265,0.0038223,0.0283051,0.0331723,0.0291955,0.0661981,0.0461888,0.0386581,0.0761899,0.0897009,0.0199261,0.1074198,
413,9.65e-05,0.002551,0.0246724,0.0502503,0.0354405,0.0803022,0.0592364,0.0611632,0.0749347,0.070376,0.0622057,0.0274314,
414,9.55e-05,0.0008365,0.0170036,0.0221203,0.0679344,0.0750463,0.077625,0.0844911,0.0659696,0.0125957,0.0870951,0.032044,
415,9.53e-05,0.0025954,0.0149978,0.0240077,0.0128536,0.0436803,0.1204729,0.1025551,0.030037,0.0264921,0.0438634,0.0486231,
416,9.38e-05,0.0026207,0.0152525,0.0128837,0.0152476,0.0305122,0.0871309,0.089579,0.0437811,0.0604053,0.0680339,0.0180605,
417,0.0010536,0.0021846,0.0091978,0.0580554,0.0332113,0.0546734,0.0822303,0.0732905,0.0423812,0.0702379,0.0566599,0.0637947,
418,8.81e-05,0.0021551,0.0101561,0.0416744,0.0428436,0.0371895,0.0670943,0.0665436,0.062628,0.030536,0.0543393,0.0439955,
419,0.0013316,0.0008369,0.0163244,0.0659933,0.0296594,0.0452,0.0654851,0.0607306,0.0440991,0.0500377,0.0456361,0.0526064,
420,0.0013339,0.0021629,0.008055,0.0652397,0.0220326,0.0379877,0.0523056,0.0755588,0.0258029,0.0445125,0.0476411,0.083434,
421,7.9e-05,0.0008976,0.0102035,0.0455463,0.0190977,0.0108785,0.0825733,0.053568,0.0483163,0.0544673,0.0495143,0.0614381,
422,0.0010123,0.0008909,0.0042687,0.0376019,0.0235622,0.0300662,0.0563777,0.0435071,0.0442702,0.0331276,0.0545331,0.0404721,
423,0.001014,0.0016685,0.0072852,0.066514,0.0297047,0.0445877,0.0413803,0.061891,0.0657278,0.0556657,0.0498149,0.0548555,
424,7.29e-05,0.0009027,0.0061876,0.0409122,0.0211468,0.0484427,0.0457111,0.0399917,0.029828,0.0271118,0.0551593,0.0560852,
425,0.0013443,0.0022163,0.036236,0.0653238,0.0470729,0.0665059,0.0559314,0.0254287,0.0564701,0.0276546,0.0472484,0.0717045,
426,7.37e-05,0.0038804,0.023416,0.0645687,0.0643614,0.0528508,0.0847358,0.0306062,0.056175,0.0424554,0.0471076,0.0517039,
427,7.17e-05,0.0026484,0.0326642,0.0317757,0.0438196,0.0321374,0.0537655,0.0764589,0.0626715,0.0429191,0.0680896,0.0328336,
428,7.33e-05,0.0016435,0.0108324,0.027398,0.0299369,0.0894235,0.0408525,0.0492262,0.0453213,0.0798328,0.0160277,0.0448809,
429,0.0013424,0.0016477,0.0055989,0.0563019,0.0331797,0.0173184,0.0208038,0.0120663,0.0446069,0.0709035,0.0541945,0.0387188,
430,0.0013403,0.000846,0.0127909,0.0520286,0.0532956,0.0312639,0.0547364,0.0582712,0.0409782,0.0292463,0.0342799,0.052153,
431,7.83e-05,0.0008939,0.0086833,0.057845,0.0238242,0.0336307,0.062995,0.0450837,0.0213454,0.0004587,0.0407469,0.0751361,
432,0.0009341,0.0016636,0.0071367,0.0066885,0.0283664,0.0343204,0.0541755,0.05423,0.0410135,0.0482332,0.0460479,0.0756861,
433,8.44e-05,0.0016634,0.0179813,0.0067624,0.0269524,0.0656466,0.0702261,0.0435257,0.0758437,0.0581867,0.0469918,0.0533185,
434,8.66e-05,0.0008529,0.0129364,0.0214642,0.0429198,0.0636861,0.0771078,0.0526456,0.0706258,0.0510347,0.0683048,0.0359128,
435,0.0009274,0.0008531,0.0152389,0.0271179,0.0667092,0.0525051,0.0673797,0.076416,0.0920639,0.0246501,0.0678588,0.007796,
436,9.12e-05,0.0008491,0.0149467,0.0269217,0.0211263,0.0450582,0.0331942,0.0866414,0.0414464,0.0366563,0.0742663,0.0308228,
437,9.26e-05,0.0016516,0.0074265,0.0362836,0.038,0.0316537,0.026215,0.0696302,0.0430469,0.0347564,0.0744515,0.0616341,
438,9.58e-05,0.00085,0.0114641,0.0298204,0.0404167,0.0621834,0.0388696,0.0550708,0.0340274,0.0477297,0.0909589,0.093584,
439,0.0013218,0.0008886,0.0260926,0.0400045,0.0247113,0.0761297,0.0747955,0.0518478,0.0473593,0.0625927,0.0339823,0.0911072,
440,9.26e-05,0.0008904,0.0287973,0.025692,0.0388074,0.0538769,0.0640954,0.0724584,0.0678984,0.0179255,0.0691812,0.1250874,
441,8.94e-05,0.0008803,0.0151163,0.0109204,0.0525755,0.0556494,0.0392551,0.0793827,0.0634256,0.0345699,0.0825198,0.0523232,
442,0.0009309,0.0008476,0.0164961,0.0094924,0.0467828,0.019536,0.0615894,0.069096,0.0812902,0.0085692,0.0791234,0.0237292,
443,8.57e-05,0.0016708,0.0291766,0.0316901,0.0551155,0.0464368,0.0804901,0.1154435,0.0607727,0.0478234,0.082068,0.0425622,
444,8.3e-05,0.0008848,0.0132885,0.0095554,0.0254886,0.0508785,0.072366,0.1022309,0.0909567,0.0486689,0.0902523,0.0714998,
445,0.0013361,0.0016967,0.0107431,0.0424718,0.0310643,0.035449,0.0402307,0.0866579,0.0396459,0.0312147,0.0380442,0.0517298,
446,7.8e-05,0.001658,0.0166169,0.0358482,0.0663792,0.0238468,0.0521717,0.0376355,0.0443069,0.0471755,0.042156,0.0749433,
447,7.59e-05,0.0021638,0.0100184,0.0806869,0.0507289,0.0505934,0.0730533,0.084652,0.0609241,0.0412225,0.0393223,0.0859254,
448,7.54e-05,0.0029623,0.0202395,0.069667,0.0601856,0.0825896,0.0221479,0.0687966,0.1292741,0.0547615,0.0810248,0.0928311,
449,0.0009446,0.0016906,0.0042258,0.0347224,0.0723191,0.0711712,0.0480596,0.1089123,0.0626107,0.0695494,0.0767933,0.0844869,
450,7.68e-05,0.0009005,0.0083287,0.0120805,0.0537586,0.0452602,0.0677892,0.0588165,0.0715523,0.0567248,0.061013,0.0732875,
451,0.0009413,0.0008476,0.0140299,0.0213714,0.0471071,0.0264621,0.0626331,0.0569479,0.0446768,0.0419884,0.0574137,0.0707775,
452,0.0013359,0.0009007,0.0132925,0.0363814,0.0642708,0.0491284,0.0742642,0.0508119,0.0380884,0.0097777,0.0484895,0.106952,
453,0.0009397,0.0016496,0.0045171,0.0578038,0.0352156,0.0633389,0.0537198,0.0623562,0.033072,0.0448503,0.0373969,0.0993987,
454,8.25e-05,0.0016434,0.0030531,0.0317933,0.0421178,0.0278368,0.0814643,0.0445826,0.0138498,0.0130693,0.0309143,0.0702245,
455,0.0009343,0.0008352,0.0109393,0.0396108,0.0525703,0.025466,0.0752627,0.0757315,0.0431101,0.0240126,0.0575388,0.0897009,
456,0.0009329,0.0009046,0.0081516,0.0374248,0.032994,0.0252478,0.0799913,0.0552802,0.0532607,0.0221389,0.061963,0.054964,
457,0.0013282,0.0016009,0.020386,0.0477625,0.0158284,0.0466715,0.0656975,0.0475939,0.0524719,0.0283091,0.0575349,0.1041076,
458,8.69e-05,0.0022368,0.0046109,0.047518,0.0739261,0.0410247,0.0288549,0.0508674,0.0446559,0.0462072,0.0500446,0.0866433,
459,0.0009289,0.0034996,0.0284902,0.0673791,0.0827579,0.0207381,0.0851899,0.0554599,0.0580814,0.1004664,0.041481,0.1037955,
460,8.84e-05,0.0042705,0.023393,0.0689765,0.092457,0.0552844,0.0888494,0.0404115,0.0878861,0.076232,0.0297692,0.1009662,
461,8.63e-05,0.0016612,0.0511799,0.1009524,0.1168313,0.0914386,0.0575588,0.0630637,0.0507024,0.0871272,0.0737391,0.0836708,
462,0.0013295,0.003298,0.0244486,0.1361726,0.0504639,0.0500885,0.0341355,0.055419,0.0311351,0.1006288,0.0488092,0.0729542,
463,0.0009336,0.0021534,0.0203811,0.0425246,0.0437144,0.033215,0.0659663,0.0636987,0.0451354,0.0418975,0.031141,0.0478825,
464,0.0013274,0.0021355,0.0128987,0.0412997,0.0247738,0.0516811,0.072574,0.0584418,0.0480307,0.0143061,0.0298889,0.0615107,
465,8.72e-05,0.0029031,0.0098349,0.029286,0.0506297,0.0115011,0.0722522,0.0241184,0.0404096,0.0360853,0.0458583,0.0606772,
466,0.0013274,0.0008313,0.0079433,0.0234996,0.0276733,0.0225219,0.0359827,0.0330836,0.0236215,0.0447369,0.0576991,0.036479,
467,0.0010179,0.0016742,0.0085063,0.046911,0.0369914,0.0267123,0.0304756,0.0328245,0.0216517,0.0538882,0.0517215,0.0395899,
468,8.5e-05,0.0008295,0.0070338,0.0347368,0.0559526,0.03118,0.0379093,0.0440276,0.0384506,0.024433,0.023235,0.0378734,
469,8.36e-05,0.0008316,0.0053234,0.0338993,0.0741573,0.0441907,0.0477015,0.0452431,0.0359734,0.0269378,0.0175679,0.0174545,
470,8.37e-05,0.0026057,0.0091926,0.0243346,0.0541844,0.0381971,0.0460238,0.0311102,0.0095954,0.0477407,0.0356522,0.0447055,
471,0.0009378,0.0029546,0.0120379,0.0122265,0.0667712,0.0582991,0.0474407,0.0293532,0.0246324,0.0661712,0.0218398,0.0861413,
472,0.0013331,0.0051412,0.0050092,0.0175107,0.0592793,0.1086591,0.088616,0.0539452,0.0692093,0.0743666,0.0275519,0.0938933,
473,8.49e-05,0.0029439,0.0274806,0.0903506,0.0842788,0.1150474,0.0920678,0.0638974,0.0491192,0.135803,0.0888551,0.0694666,
474,0.001332,0.0038078,0.0275851,0.1343984,0.1355388,0.1194773,0.1109212,0.0593341,0.0957664,0.1865555,0.1433107,0.0467258,
475,0.000933,0.0035503,0.0163275,0.1063379,0.1474234,0.1254105,0.1523306,0.0360681,0.0619575,0.228789,0.1241965,0.018027,
476,0.0010122,0.0029244,0.0306919,0.0306501,0.0400298,0.0448197,0.110685,0.0298853,0.0579641,0.1672217,0.1591572,0.026906,
477,0.0009331,0.0016813,0.0105346,0.0210584,0.0689776,0.0779876,0.1109635,0.0285219,0.0521838,0.100696,0.076326,0.0300461,
478,0.0009341,0.0008552,0.0102181,0.0152441,0.0327398,0.0676241,0.0743522,0.0126197,0.0629529,0.0436306,0.0210461,0.0714525,
479,8.72e-05,0.0016933,0.0181519,0.0218405,0.0573929,0.0434155,0.0428737,0.0194679,0.0298059,0.0299386,0.0208492,0.0675879,
480,0.0009344,0.0008459,0.0521738,0.017203,0.0759558,0.0531232,0.0437283,0.0481867,0.0521795,0.0858921,0.0262047,0.0743307,
481,0.0013275,0.0008274,0.0167577,0.0531043,0.0500384,0.0535193,0.029481,0.0557889,0.0446147,0.0380633,0.0563154,0.0487549,
482,9.01e-05,0.0016479,0.023603,0.0391921,0.0408542,0.0785854,0.0415693,0.0801866,0.0331498,0.0168216,0.0367928,0.057131,
483,0.0016509,0.0008232,0.0276882,0.0600239,0.0639051,0.1039569,0.090371,0.0604312,0.0537932,0.0484825,0.02602,0.0686337,
484,0.000934,0.0029354,0.0178641,0.0410117,0.0623667,0.1040063,0.0704539,0.0841029,0.0711639,0.0863463,0.0227257,0.0624697,
485,0.0009349,0.0029369,0.0322788,0.0452644,0.0780109,0.0710045,0.0969014,0.0525525,0.0690498,0.0881987,0.0678463,0.0463252,
486,0.0009321,0.0016712,0.0090497,0.0292967,0.0192693,0.0593168,0.090595,0.0357864,0.0506353,0.0700826,0.1229935,0.033548,
487,0.0013247,0.0008263,0.0102899,0.0097991,0.0493347,0.0803892,0.0459687,0.0441989,0.0626061,0.0621993,0.0306078,0.044609,
488,0.0009303,0.0008997,0.0108806,0.0247771,0.0502002,0.0584655,0.0341141,0.0519577,0.0463714,0.0276221,0.0415824,0.0541687,
489,0.0009286,0.0029713,0.041086,0.0884428,0.0622128,0.036301,0.0747333,0.0401241,0.0549559,0.041723,0.050583,0.061166,
490,9.55e-05,0.0022208,0.030165,0.0456168,0.0504918,0.0487984,0.0546721,0.0561605,0.1055108,0.0658039,0.0990466,0.0707423,
491,0.0010227,0.0029665,0.0174884,0.0514061,0.0588886,0.0480672,0.0378383,0.0466236,0.0516296,0.0922144,0.1137182,0.0636568,
492,0.000934,0.0016319,0.0204369,0.0206159,0.0268247,0.0729015,0.0698125,0.0477215,0.0499368,0.0951447,0.1284288,0.1035032,
493,0.0013285,0.0009029,0.0076716,0.0238585,0.0380656,0.1015212,0.0686693,0.0710149,0.0647271,0.0663597,0.1043204,0.1710059,
494,0.0009386,0.0026345,0.029873,0.0401667,0.040356,0.0638669,0.0686293,0.0370482,0.0611748,0.0339892,0.153773,0.1305524,
495,8.43e-05,0.0026338,0.0241599,0.0436036,0.0642883,0.044028,0.0926052,0.0510303,0.0830824,0.0575129,0.1241792,0.2208907,
496,8.58e-05,0.0043573,0.019638,0.0395308,0.0445057,0.0613235,0.1144148,0.0738593,0.0519888,0.0583712,0.1225825,0.1704925,
497,0.0009358,0.0048005,0.0220626,0.0180795,0.059431,0.0791871,0.0961457,0.0440686,0.0739972,0.0519952,0.1255238,0.1538892,
498,0.0009331,0.0016961,0.0491626,0.0367119,0.0669354,0.0447005,0.0440635,0.0301599,0.0697175,0.0341653,0.1220452,0.0752487,
499,0.000947,0.0021987,0.0153965,0.0526843,0.0815319,0.1840682,0.043884,0.1229238,0.132619,0.0873541,0.1249945,0.1657799,
500,9.26e-05,0.0008799,0.0113368,0.0314055,0.0764672,0.151821,0.0440839,0.115641,0.0558029,0.0941862,0.0747043,0.1197385,
501,9.58e-05,0.0038527,0.0167406,0.0401894,0.0823044,0.1665764,0.0401112,0.0709828,0.0738822,0.0828662,0.0787875,0.1149602,
502,9.59e-05,0.0016796,0.0168141,0.0708002,0.0445765,0.0648414,0.055514,0.083434,0.0177606,0.100983,0.1096158,0.0628727,
503,9.47e-05,0.0022132,0.0331823,0.0574492,0.0380508,0.0376376,0.0588704,0.0804172,0.0254718,0.0883336,0.0711777,0.0495197,
504,9.7e-05,0.0021518,0.0519107,0.0412908,0.0385967,0.0204349,0.0896824,0.0739683,0.0672794,0.0931537,0.1199575,0.0604594,
505,9.63e-05,0.000857,0.0104935,0.0381723,0.0555729,0.0170278,0.0795156,0.0224566,0.0440684,0.0471988,0.116374,0.0566778,
506,9.68e-05,0.000871,0.018212,0.0343038,0.0612661,0.046917,0.0884349,0.0351145,0.0252405,0.056116,0.0893475,0.052881,
507,9.95e-05,0.0008405,0.0247074,0.0409015,0.0413139,0.0468655,0.0511192,0.0887141,0.0441097,0.0598356,0.0600226,0.0557276,
508,0.0010075,0.0008668,0.0347522,0.0223302,0.0348775,0.0370181,0.0612533,0.0795964,0.0162953,0.0730723,0.0631007,0.0547912,
509,9.64e-05,0.0008668,0.0245611,0.0103188,0.0297487,0.0225405,0.0935094,0.0501716,0.0341862,0.0501434,0.0557421,0.0465356,
510,0.0009185,0.0016373,0.0070564,0.0174797,0.0102428,0.0193391,0.0875398,0.0375306,0.033004,0.0332678,0.0449696,0.0736681,
511,9.95e-05,0.0025596,0.0092126,0.0100658,0.0186793,0.0221424,0.0571528,0.0597538,0.0269791,0.0429163,0.0750347,0.0728876,
512,0.0010846,0.0025551,0.0127124,0.0434817,0.0179343,0.0532928,0.0745735,0.0708941,0.0484492,0.0472029,0.0949467,0.0898938,
513,9.5e-05,0.0038172,0.0042858,0.027183,0.0315418,0.0553553,0.0883529,0.0729319,0.044677,0.0480374,0.0660469,0.0838609,
514,9.75e-05,0.0025605,0.0129881,0.0272163,0.0357316,0.033464,0.0657528,0.0559225,0.0737009,0.0666197,0.0662323,0.08235,
515,9.83e-05,0.0056899,0.0201479,0.0144824,0.0458543,0.0324864,0.0701538,0.0321748,0.0795958,0.0649571,0.1238031,0.108526,
516,9.5e-05,0.0047352,0.0263767,0.0225789,0.0433315,0.0943736,0.1005323,0.0574778,0.0673865,0.067348,0.1043579,0.0703903,
517,9.5e-05,0.0086376,0.0191684,0.0282936,0.0267278,0.0807116,0.0606127,0.0484956,0.0705856,0.084555,0.0740875,0.0847107,
518,0.0010136,0.0093696,0.0586157,0.0466881,0.033588,0.0633044,0.0521335,0.0472988,0.0706887,0.1033562,0.0698965,0.0587549,
519,9.61e-05,0.0078563,0.0532449,0.0354329,0.0276898,0.0709843,0.092221,0.0307652,0.0648611,0.1170572,0.0837638,0.0525949,
520,0.0010141,0.0176682,0.0317267,0.0256998,0.0525,0.0878085,0.0900234,0.0893477,0.0792118,0.1074907,0.0728037,0.1235785,
521,0.0009164,0.0182769,0.0188004,0.0542017,0.0218937,0.086759,0.0969111,0.1142537,0.081657,0.2008147,0.1044293,0.0934614,
522,9.62e-05,0.0223173,0.032371,0.07186,0.0327566,0.0787131,0.0520253,0.0171963,0.0540166,0.0968076,0.0600308,0.1206439,
523,0.0010889,0.0190713,0.0326579,0.0868871,0.0361495,0.0706426,0.0523954,0.0567535,0.0680457,0.085664,0.0784995,0.1171109,
524,0.0001002,0.0060208,0.026628,0.0592112,0.0344312,0.0679853,0.054621,0.0786556,0.0729529,0.0732529,0.0691654,0.1175363,
525,0.0001008,0.0081514,0.0322093,0.0470345,0.0452012,0.0664263,0.0576941,0.0908154,0.0854848,0.0779825,0.094086,0.0826937,
526,0.0001036,0.0059067,0.030901,0.0301177,0.0567499,0.0459098,0.0304761,0.0886235,0.068011,0.0564021,0.1068633,0.1026421,
527,0.0010949,0.0040298,0.0133511,0.0721001,0.0180497,0.0324613,0.042735,0.0584481,0.0785604,0.0669069,0.0876268,0.0770173,
528,0.0001102,0.003902,0.0318892,0.0648101,0.0197666,0.1173353,0.0229407,0.0873655,0.0602631,0.0954536,0.1759482,0.0875286,
529,0.0001121,0.0070109,0.0275042,0.0705593,0.0109604,0.1211278,0.0379015,0.0245547,0.0811392,0.208221,0.185733,0.1656936,
530,0.0001134,0.0126432,0.0528673,0.0220241,0.0370627,0.1188958,0.0838887,0.0363089,0.0599588,0.213289,0.1528834,0.168141,
531,0.0001121,0.0065067,0.0425534,0.0221957,0.0260664,0.1124031,0.0246395,0.0557304,0.0421835,0.1551902,0.1074172,0.1175298,
532,0.0009474,0.0043299,0.0164837,0.0410087,0.0343078,0.1072971,0.036196,0.0975061,0.0444085,0.0979235,0.1775094,0.0874676,
533,0.0001105,0.003856,0.0262001,0.0326615,0.0540841,0.1358699,0.0614395,0.0482375,0.0506385,0.055089,0.1624634,0.04526,
534,0.000112,0.002948,0.0247354,0.0157097,0.0653053,0.1201858,0.0641041,0.0408473,0.0872562,0.0178496,0.1902647,0.1333626,
535,0.0010964,0.0029525,0.0286253,0.0234313,0.0581375,0.1304852,0.0630529,0.0542924,0.0826244,0.0935727,0.1406977,0.1279107,
536,0.0013528,0.0016221,0.0302268,0.0314293,0.0451862,0.1216991,0.0768156,0.0767134,0.1389333,0.0647896,0.0684479,0.0477292,
537,0.0001083,0.0021542,0.0070386,0.0243476,0.0654343,0.106046,0.0683144,0.0331146,0.1113496,0.0742916,0.161664,0.15664,
538,0.0001092,0.0016405,0.0220544,0.0144576,0.0971675,0.0935029,0.0718376,0.0705314,0.0822195,0.1251947,0.2242186,0.146819,
539,0.0001062,0.0035503,0.0456815,0.0333902,0.1131742,0.0674683,0.0746112,0.0932691,0.1011321,0.1092067,0.1635928,0.0958375,
540,0.000104,0.0016498,0.0408902,0.0447656,0.0787311,0.0740624,0.0591178,0.071928,0.1290463,0.0598495,0.0486023,0.08836,
541,0.0001037,0.0016255,0.023384,0.083233,0.0996635,0.0526807,0.090847,0.1046553,0.1429804,0.0614925,0.0645365,0.0558037,
542,0.0013144,0.0045669,0.0279322,0.0905949,0.0829332,0.0810715,0.0859429,0.0654237,0.1696895,0.0830577,0.0400268,0.0641534,
543,0.0001002,0.0035412,0.0372605,0.0718842,0.069431,0.0769341,0.109672,0.0440184,0.129871,0.1036002,0.0877054,0.0321946,
544,9.93e-05,0.0021533,0.0246013,0.0377736,0.069102,0.0274441,0.1004259,0.052921,0.0991764,0.0885674,0.1297279,0.0293735,
545,0.0013552,0.0016363,0.0109506,0.0355785,0.0572002,0.0320696,0.0558227,0.051723,0.0658105,0.0480931,0.0609206,0.0528071,
546,0.0001021,0.0016651,0.0106266,0.046712,0.0601451,0.0442773,0.0552623,0.0782967,0.0733822,0.0836865,0.0874438,0.074942,
547,0.0001054,0.0021503,0.0213718,0.0478658,0.0776397,0.0467242,0.0786751,0.0420908,0.0953128,0.0890419,0.0600301,0.0687448,
548,0.0016466,0.00255,0.0170425,0.0225243,0.0322646,0.0324241,0.061328,0.0703318,0.1012298,0.0283164,0.1188073,0.1265738,
549,0.0001082,0.0008403,0.0076006,0.024681,0.034131,0.0435591,0.0532317,0.102805,0.145154,0.051902,0.0889322,0.1282061,
550,0.0010931,0.0021646,0.0084037,0.0792431,0.0789579,0.0722111,0.0789419,0.088538,0.1485304,0.128788,0.0453251,0.1049952,
551,0.0001067,0.0045293,0.0277526,0.0725154,0.0834489,0.0790697,0.0468903,0.0909567,0.1355301,0.1164961,0.1112979,0.1187904,
552,0.0001045,0.0025593,0.0297119,0.0280285,0.0298171,0.036648,0.0605074,0.0659428,0.0560397,0.1099309,0.0801802,0.1183547,
553,0.0010908,0.0016564,0.0308057,0.0751998,0.0774969,0.0648001,0.0548771,0.0349321,0.0590898,0.1202063,0.1063612,0.0981401,
554,0.0001063,0.0025474,0.0228308,0.0568021,0.0742425,0.0469863,0.0487304,0.0670491,0.1100713,0.1281304,0.1252879,0.146239,
555,0.0001029,0.0029662,0.0077663,0.0216676,0.0374935,0.0634151,0.022265,0.0507636,0.0711163,0.0434404,0.119765,0.2097728,
556,0.0001028,0.002957,0.0199032,0.0330598,0.0218591,0.0570074,0.0557919,0.1145576,0.0208038,0.0840335,0.0872447,0.1299855,
557,0.0010059,0.0061774,0.0384752,0.0461263,0.0371853,0.0561867,0.0848372,0.1227986,0.1181049,0.1683094,0.0556231,0.142315,
558,0.0001025,0.0039084,0.0286412,0.0320089,0.0473753,0.0492039,0.1002753,0.0980554,0.1204237,0.204135,0.1274828,0.1984256,
559,0.0013166,0.0075234,0.0589387,0.0147356,0.0455834,0.0628778,0.0898439,0.0763004,0.0728708,0.144381,0.0789114,0.1093462,
560,0.0013141,0.0033132,0.0452936,0.0233104,0.0759958,0.0635223,0.0405187,0.1377621,0.0548227,0.1060836,0.1023593,0.1274633,
561,0.0010919,0.0074279,0.0338578,0.0407661,0.0814312,0.0596859,0.0837313,0.1360687,0.1236124,0.1274119,0.1371445,0.1444862,
562,0.0001022,0.0101811,0.0284662,0.0410279,0.0257603,0.0775755,0.1331928,0.1257337,0.1485608,0.1220527,0.1485888,0.1170904,
563,0.0009124,0.007965,0.0309383,0.0334411,0.0229838,0.0701163,0.1176825,0.1294264,0.0848089,0.1054618,0.1523329,0.119514,
564,0.0001054,0.0086044,0.0341231,0.0244074,0.023663,0.0606263,0.1198953,0.120782,0.1336606,0.0734263,0.1704262,0.1320624,
565,0.0016552,0.0045119,0.0104846,0.0178492,0.0379043,0.0340858,0.0641144,0.0911551,0.0894371,0.0881572,0.1569197,0.1272556,
566,0.0001075,0.0040629,0.0163705,0.0278671,0.0540483,0.0741439,0.0776448,0.0797009,0.0950026,0.0223694,0.1136742,0.1223621,
567,0.00091,0.0008914,0.0181518,0.0441492,0.0507038,0.0747507,0.0465817,0.1013924,0.0941737,0.029916,0.0745695,0.1100853,
568,0.000109,0.0025512,0.0313755,0.0256056,0.0347585,0.090547,0.1044554,0.0622924,0.1098496,0.0157234,0.1118337,0.0919422,
569,0.0001077,0.0061983,0.0188959,0.0185331,0.0203821,0.0647104,0.069238,0.061148,0.1214891,0.0334696,0.1113788,0.1183267,
570,0.000911,0.0016033,0.0287287,0.011439,0.0296838,0.0488137,0.0702641,0.1133935,0.0229124,0.0384355,0.0773224,0.1085228,
571,0.0016514,0.003521,0.0333493,0.031079,0.0450533,0.0706819,0.1064768,0.1196314,0.0635201,0.0504439,0.0994342,0.0671692,
572,0.0001068,0.0053106,0.0357736,0.0445885,0.0200758,0.0731781,0.1399072,0.0894781,0.0693938,0.0577291,0.0975703,0.0558253,
573,0.0001041,0.0042867,0.0344609,0.0306086,0.0400182,0.0457019,0.0990395,0.1287026,0.0530979,0.0486403,0.0761274,0.0986612,
574,0.000913,0.000843,0.0290318,0.0087659,0.0376237,0.0274306,0.0799559,0.1259733,0.0409236,0.0329811,0.0435397,0.0552411,
575,0.0001045,0.00086,0.0428427,0.0450958,0.019853,0.0404253,0.1169065,0.1483884,0.1093135,0.0513065,0.0971461,0.0656718,
576,0.0001039,0.0016421,0.047848,0.0514995,0.0170923,0.0748592,0.1378199,0.1101758,0.0911457,0.0400084,0.064521,0.1096046,
577,0.0001004,0.0045206,0.0270497,0.0305331,0.0332818,0.0825855,0.1221698,0.0875994,0.0577742,0.0570209,0.0653416,0.0611474,
578,0.0001008,0.0060689,0.0291919,0.0459254,0.0561907,0.0813899,0.1223734,0.1314666,0.0687668,0.0755036,0.0719086,0.080485,
579,0.0001035,0.0067308,0.0269149,0.0659393,0.0439183,0.1192701,0.1416941,0.121228,0.0837024,0.0717258,0.1202615,0.1116209,
580,0.0001023,0.0083004,0.0245013,0.1155301,0.0200195,0.1594101,0.1653155,0.106451,0.0726657,0.0706438,0.1003947,0.09854,
581,0.0013196,0.0051749,0.031572,0.0938912,0.0862236,0.1645089,0.1081859,0.0872207,0.0563979,0.1347558,0.0971809,0.0457881,
582,9.69e-05,0.0035539,0.0334223,0.0558382,0.0741296,0.1376539,0.1282476,0.0772659,0.0473518,0.1436654,0.1279789,0.0728075,
583,9.6e-05,0.0045478,0.0315165,0.0506915,0.0731868,0.1083017,0.1485347,0.1301345,0.0673828,0.1274641,0.1034,0.2277496,
584,9.29e-05,0.0094623,0.019754,0.0558947,0.0524985,0.1353338,0.1474984,0.0926183,0.0824566,0.088143,0.1090359,0.2801466,
585,0.0013656,0.0093278,0.0291603,0.0616844,0.0781492,0.1164926,0.1375644,0.0686658,0.0988509,0.0724709,0.076144,0.1847905,
586,0.0014806,0.0065787,0.0249689,0.0816388,0.0776839,0.1108017,0.1231589,0.0616693,0.0902135,0.0889203,0.0767521,0.1184409,
587,9.33e-05,0.0060422,0.0223746,0.0691606,0.0541216,0.0862965,0.0727526,0.0377942,0.0520585,0.0704145,0.0591052,0.1085797,
588,9.09e-05,0.01405,0.0117989,0.024517,0.071899,0.1079093,0.0946804,0.0266421,0.0145236,0.0876278,0.0496817,0.0930896,
589,8.84e-05,0.0141207,0.0335096,0.0555107,0.0454536,0.1854153,0.1009349,0.0684089,0.021081,0.1446577,0.0693623,0.121094,
590,0.0013294,0.0194126,0.0308106,0.0430637,0.0502213,0.1014653,0.1073412,0.0387954,0.0335706,0.1093562,0.0669838,0.0886194,
591,9.06e-05,0.0098906,0.0183839,0.0415878,0.0390563,0.1075049,0.1086107,0.0299382,0.0343958,0.0851281,0.0803951,0.0453647,
592,0.0013258,0.004947,0.0128823,0.0484117,0.0583941,0.0597486,0.1132295,0.0593411,0.0546981,0.0692882,0.0632254,0.0541931,
593,9.35e-05,0.0032321,0.0349328,0.0464255,0.0508111,0.0243179,0.0624046,0.0447735,0.087381,0.0682961,0.0248142,0.0285017,
594,0.0013251,0.0038359,0.0214803,0.0057335,0.0222922,0.0313933,0.0392781,0.0383828,0.0304986,0.062235,0.0662455,0.0306731,
595,9.34e-05,0.0021629,0.0193082,0.0316084,0.0226215,0.0370267,0.0757798,0.0327002,0.0333692,0.0481499,0.1053703,0.0209196,
596,9.08e-05,0.0008623,0.0292094,0.026776,0.0435125,0.0398088,0.0492886,0.0823097,0.0246029,0.0302221,0.0919719,0.0197204,
597,0.0013601,0.0008407,0.0117371,0.0166591,0.0529635,0.0586746,0.0693309,0.0713114,0.046315,0.048338,0.079262,0.0888071,
598,9.44e-05,0.0008158,0.0094287,0.0226372,0.0310089,0.0141371,0.0845248,0.0817027,0.0438526,0.0561912,0.0864944,0.0877223,
599,9.65e-05,0.0021209,0.0108403,0.0524983,0.0419789,0.0202056,0.0796867,0.0540613,0.0933556,0.0513953,0.0765457,0.0589643,
600,9.46e-05,0.0015945,0.0142817,0.0306339,0.0399374,0.0670756,0.090714,0.0860462,0.0987275,0.0613855,0.1028183,0.0622625,
601,0.001325,0.0008119,0.014802,0.0294469,0.0280663,0.0329002,0.079248,0.0667283,0.0873841,0.0628406,0.0960834,0.0554401,
602,9.33e-05,0.0016147,0.0210169,0.0226089,0.0174155,0.0273693,0.0631796,0.035453,0.0732253,0.0534248,0.0667928,0.0924921,
603,9.42e-05,0.0045256,0.0364759,0.0433788,0.0362299,0.0481303,0.0618587,0.0179807,0.0619731,0.0524728,0.0586656,0.1025737,
604,9.11e-05,0.0038922,0.0413212,0.0559802,0.0284294,0.0498346,0.0456225,0.0268699,0.0751487,0.0381418,0.0493141,0.0331701,
605,8.95e-05,0.0118048,0.0530162,0.0651181,0.0221006,0.0338865,0.0542857,0.0371333,0.037909,0.0106708,0.0407592,0.0564426,
606,9.2e-05,0.0065614,0.0730257,0.0568023,0.0232178,0.010409,0.0842793,0.105531,0.0507309,0.0608222,0.0518055,0.0724837,
607,9.15e-05,0.0215444,0.0731154,0.0435325,0.0433168,0.0664815,0.0849872,0.1544974,0.1058452,0.0916028,0.0672923,0.0666685,
608,8.82e-05,0.0155492,0.0713809,0.0480358,0.0584992,0.037653,0.058107,0.1190686,0.0496336,0.0898142,0.0626588,0.067655,
609,0.0009261,0.0132378,0.0706387,0.0526206,0.064553,0.0873193,0.0696013,0.10954,0.0484021,0.0708384,0.0459491,0.0571068,
610,0.001002,0.0247324,0.0570528,0.069181,0.0599324,0.0915131,0.0729119,0.0927849,0.0498084,0.0655133,0.0316845,0.0176991,
611,0.0013314,0.0074748,0.0612729,0.1019825,0.0961946,0.1035569,0.0705191,0.0932016,0.0781818,0.0634333,0.0288905,0.0232543,
612,8.33e-05,0.0070334,0.0395366,0.1114988,0.0880745,0.1089596,0.0946315,0.1018428,0.0551671,0.1171924,0.0911698,0.0837957,
