#Time_ps,0,0.5,1,2,3,5,10,20,30,50,100,200,
1,1e-07,0.0016402,0.0125453,0.0658367,0.0181606,0.0537175,0.0490653,0.0902277,0.137443,0.0446674,0.0756587,0.1329782,
2,1e-07,0.0011801,0.0103832,0.065327,0.0306963,0.050485,0.0815436,0.1219397,0.0723897,0.0379683,0.096831,0.130171,
3,1e-07,0.0018527,0.015099,0.0403137,0.0431302,0.0427873,0.070706,0.0732467,0.0331783,0.0836535,0.085804,0.1306144,
4,0.0,0.0018543,0.0045602,0.0513194,0.0123033,0.0478555,0.0706517,0.0680582,0.0571565,0.0747243,0.0790665,0.0731423,
5,0.0,0.0005466,0.0082778,0.0467438,0.0430705,0.0594252,0.0557794,0.0592364,0.0330802,0.0713994,0.0843702,0.070683,
6,0.0,0.0012554,0.0237609,0.0311619,0.0453483,0.0320714,0.0361625,0.0539335,0.0324519,0.0758377,0.0523309,0.0679761,
7,0.0,0.0026235,0.0263082,0.0431885,0.0376851,0.0575018,0.0506244,0.0581336,0.0572688,0.0602129,0.0138845,0.0699155,
8,0.0,0.0033116,0.0201613,0.0568692,0.0634723,0.0367567,0.0628988,0.0496699,0.066836,0.0221856,0.0255345,0.0882821,
9,0.0,0.0012458,0.0139643,0.0494722,0.0487837,0.048327,0.0738975,0.0404406,0.0643095,0.0646051,0.0080063,0.0455764,
10,0.0,0.0018579,0.0154695,0.029045,0.0261718,0.03697,0.0518199,0.0455018,0.0918959,0.076514,0.0272811,0.0581615,
11,0.0,0.0033045,0.0133465,0.0171681,0.0403607,0.0324138,0.0529168,0.0333233,0.074275,0.0662467,0.043992,0.0631078,
12,0.0,0.0040745,0.0167946,0.0145863,0.0382611,0.0589517,0.0374276,0.0573677,0.0589235,0.078887,0.0182801,0.1182181,
13,1e-07,0.0020973,0.012201,0.0482454,0.0428026,0.0407007,0.0417507,0.0592736,0.0578279,0.0865604,0.037583,0.1059223,
14,0.0,0.0045883,0.0150756,0.0412694,0.0156513,0.0204649,0.052242,0.0604515,0.0464277,0.0885929,0.0367163,0.0853898,
15,0.0,0.0091829,0.0148957,0.0619127,0.0206131,0.0572151,0.0590748,0.0804869,0.0388446,0.0774336,0.0659006,0.0549703,
16,1e-07,0.0021042,0.025967,0.0643865,0.0309526,0.0461645,0.0644393,0.0679365,0.0610288,0.069796,0.0772371,0.049026,
17,0.0,0.0037513,0.0316609,0.0351977,0.0454814,0.0556244,0.0621576,0.0849489,0.0911199,0.1448117,0.0474678,0.084689,
18,1e-07,0.0032197,0.0232989,0.0440077,0.0271577,0.0633899,0.0273813,0.0715251,0.0364156,0.0930225,0.0314866,0.0600273,
19,1e-07,0.0027762,0.0143143,0.0382919,0.0362841,0.0707285,0.0446005,0.0480175,0.0564318,0.0502479,0.066456,0.0576707,
20,1e-07,0.0181632,0.0101714,0.0231082,0.0652503,0.0576511,0.0435105,0.0258315,0.0366739,0.0192494,0.0561539,0.0662129,
21,0.0,0.0225181,0.0514553,0.0386478,0.071707,0.0875262,0.0326169,0.043659,0.0594454,0.0552056,0.0226384,0.0250056,
22,2e-07,0.0193399,0.04632,0.0474296,0.1246991,0.1302561,0.0535292,0.0868269,0.076132,0.0877534,0.0714321,0.0117045,
23,2e-07,0.0173519,0.0290119,0.0583192,0.1867096,0.1377267,0.1168499,0.0447568,0.1595178,0.2095094,0.0922442,0.0762184,
24,2e-07,0.0248976,0.0400794,0.0640146,0.1840149,0.1355654,0.1077534,0.1362627,0.1368087,0.2190841,0.1059974,0.080287,
25,2e-07,0.0087381,0.0087252,0.0982159,0.0917311,0.0801209,0.0433823,0.0263071,0.0763235,0.0649598,0.0575822,0.0336263,
26,1e-07,0.0264866,0.0093742,0.063588,0.0949517,0.0749491,0.061567,0.0271283,0.0209681,0.0287681,0.0604806,0.0563492,
27,1e-07,0.0102449,0.0304172,0.0384068,0.0980564,0.0633328,0.0812666,0.046604,0.0458287,0.0442564,0.0557586,0.0652065,
28,1e-07,0.0277038,0.0264228,0.0397584,0.0269918,0.0592092,0.0432092,0.0634188,0.0418961,0.0493575,0.0660618,0.0346636,
29,1e-07,0.0096624,0.0032933,0.0354968,0.0336204,0.0593307,0.0698964,0.0813336,0.0357429,0.1011113,0.0552701,0.0553611,
30,1e-07,0.0069849,0.0109796,0.0197761,0.0289739,0.0639685,0.0474141,0.053651,0.0755122,0.0737962,0.068808,0.0800826,
31,1e-07,0.0045765,0.0120028,0.0444894,0.0300413,0.0721452,0.0509164,0.0354064,0.0759785,0.0501854,0.0211266,0.0769271,
32,1e-07,0.0031278,0.0322708,0.0579011,0.0432087,0.0734638,0.0621732,0.0390007,0.0691061,0.0681154,0.0115167,0.0736338,
33,1e-07,0.001185,0.0114665,0.0939199,0.0756109,0.0801762,0.0728405,0.0287501,0.0604011,0.1432314,0.100664,0.070852,
34,1e-07,0.0012079,0.0069487,0.0824392,0.0603295,0.039317,0.0657147,0.0602795,0.0073145,0.116458,0.0749941,0.0880052,
35,1e-07,0.0035456,0.0078443,0.0481737,0.0518285,0.0202806,0.0527369,0.0658589,0.0508276,0.0527084,0.0526298,0.074823,
36,1e-07,0.0042425,0.0249729,0.0304775,0.0419446,0.0365884,0.0527072,0.0495807,0.0553519,0.0852468,0.0459442,0.0762682,
37,1e-07,0.0033772,0.0172774,0.0057671,0.0536185,0.032915,0.0405963,0.0938509,0.0465565,0.0838332,0.13468,0.0843194,
38,1e-07,0.0039999,0.0356675,0.0176057,0.0506861,0.0326914,0.0190921,0.0549014,0.0121669,0.0604852,0.118686,0.0476656,
39,2e-07,0.0145069,0.0048935,0.0391347,0.056123,0.0678379,0.0550988,0.0411531,0.046445,0.0829479,0.1117502,0.1008238,
40,2e-07,0.0148916,0.0204781,0.0257241,0.0577816,0.0625104,0.0611527,0.0425062,0.0563644,0.0615917,0.0627528,0.0969267,
41,2e-07,0.0176908,0.0248706,0.0421223,0.0627292,0.0935647,0.0471831,0.0427104,0.0507468,0.0564629,0.1065196,0.0879084,
42,2e-07,0.0221759,0.0266726,0.0307541,0.057979,0.0862649,0.048689,0.0401064,0.0396955,0.0753663,0.1242859,0.0572161,
43,2e-07,0.0210387,0.019316,0.0573736,0.0647844,0.0930702,0.049668,0.0362951,0.0255345,0.1062811,0.0782229,0.0638272,
44,2e-07,0.0343413,0.0251046,0.0759833,0.0934149,0.118495,0.0147445,0.0574095,0.0783963,0.1029492,0.0754459,0.0674228,
45,2e-07,0.0301573,0.0133272,0.0368344,0.1002327,0.1341026,0.0603162,0.1427776,0.085459,0.1384037,0.1166071,0.1058404,
46,2e-07,0.0462597,0.0263795,0.0606903,0.0843122,0.1848279,0.0884734,0.1583211,0.092039,0.1505582,0.1233008,0.0857576,
47,2e-07,0.0396837,0.0476733,0.0416407,0.0435152,0.0803396,0.0794202,0.1836802,0.0918516,0.0954136,0.2085669,0.0663462,
48,2e-07,0.0241153,0.0708572,0.0449526,0.0230851,0.0672333,0.0221125,0.1259793,0.0884437,0.076183,0.1766495,0.0862044,
49,2e-07,0.0257986,0.0592101,0.0343919,0.0361627,0.0933345,0.1094753,0.0709347,0.0454346,0.1225942,0.0495597,0.0575726,
50,2e-07,0.0238583,0.0673831,0.0450691,0.051075,0.0738369,0.0764542,0.0586019,0.0979114,0.1430803,0.0754643,0.0595909,
51,2e-07,0.0125021,0.0697983,0.0348384,0.0392295,0.0818768,0.0830595,0.0900224,0.1248544,0.0907248,0.0538049,0.0668342,
52,2e-07,0.0086331,0.0503425,0.0337774,0.0879591,0.1159141,0.1128198,0.1201243,0.1093244,0.1091712,0.0559765,0.0663705,
53,2e-07,0.0049694,0.0283722,0.0655335,0.0745453,0.1047832,0.0586449,0.0895198,0.0448984,0.1097618,0.0648461,0.069294,
54,2e-07,0.0084858,0.0378253,0.036837,0.0400307,0.0927319,0.0492312,0.0659475,0.0232973,0.0655215,0.0607755,0.0134058,
55,2e-07,0.0049896,0.0257343,0.0531597,0.0680011,0.1434272,0.0832984,0.1049049,0.0256355,0.1153234,0.1029272,0.0166025,
56,2e-07,0.0045654,0.0569378,0.0649068,0.1006902,0.139426,0.0733407,0.0933124,0.0507965,0.0887439,0.1238041,0.0361937,
57,2e-07,0.0037206,0.0608529,0.0534549,0.0378915,0.1050774,0.0362927,0.0352804,0.0574121,0.0352163,0.1177045,0.036421,
58,2e-07,0.001824,0.0295508,0.0632399,0.0474199,0.1453076,0.0444288,0.0759608,0.0401598,0.0405973,0.1355869,0.038821,
59,2e-07,0.0114823,0.0397636,0.0754398,0.0422535,0.1778225,0.1006029,0.0442021,0.0461253,0.1089538,0.1212171,0.1157811,
60,2e-07,0.0112246,0.03006,0.0564876,0.0707336,0.120059,0.0758564,0.0370405,0.0659371,0.1239861,0.1480826,0.2135584,
61,2e-07,0.0089957,0.0310073,0.0474977,0.0261396,0.0970417,0.071111,0.030764,0.100458,0.0558668,0.1268935,0.1227084,
62,2e-07,0.0078926,0.0312837,0.05498,0.0577407,0.1668413,0.0622773,0.0712249,0.0927463,0.0705602,0.0876033,0.0469343,
63,2e-07,0.0100038,0.0447895,0.0769925,0.0568791,0.1419286,0.0622061,0.0817451,0.0393189,0.0647472,0.109075,0.0821735,
64,2e-07,0.0100576,0.053201,0.061355,0.0551322,0.1468299,0.0581523,0.0771055,0.0547439,0.0735914,0.1201737,0.1437174,
65,2e-07,0.0135553,0.0527646,0.0286835,0.0464934,0.1503437,0.0651107,0.0588347,0.0606917,0.0458015,0.0752277,0.080255,
66,2e-07,0.0205822,0.0389642,0.1055094,0.0412095,0.1406187,0.0626355,0.04934,0.0620962,0.0505983,0.1083249,0.1033694,
67,0.0,0.0161209,0.030466,0.1053585,0.055155,0.0489959,0.0584875,0.0565485,0.076519,0.0116495,0.0906167,0.1375321,
68,1e-07,0.0095451,0.02095,0.0498485,0.0645773,0.0544321,0.0263324,0.0363098,0.0561213,0.0588849,0.0657016,0.0912997,
69,1e-07,0.008426,0.0392208,0.0354623,0.0634019,0.0225153,0.029801,0.0435252,0.0758219,0.1053303,0.0676936,0.059766,
70,0.0,0.0100032,0.0277803,0.0271376,0.029611,0.1009943,0.0368319,0.0609751,0.0814409,0.1193102,0.0670715,0.0824157,
71,1e-07,0.0138747,0.0433848,0.1183257,0.0842428,0.1972755,0.1067748,0.1829067,0.0954208,0.1603171,0.0451771,0.1575989,
72,1e-07,0.0048,0.0201457,0.0884055,0.068506,0.107245,0.1274063,0.3560849,0.2263686,0.144759,0.1573114,0.0813811,
73,1e-07,0.0105347,0.0166334,0.0416713,0.0702317,0.0161108,0.0690308,0.184542,0.1934649,0.1138511,0.1441707,0.064786,
74,1e-07,0.0102048,0.0430054,0.0485791,0.0953196,0.027069,0.0377049,0.0916375,0.1311247,0.0834024,0.0787008,0.024501,
75,1e-07,0.0067783,0.0412998,0.0382523,0.0793635,0.0145078,0.0876503,0.0719409,0.0397096,0.1058663,0.0164157,0.0315641,
76,1e-07,0.0041351,0.0143261,0.0471182,0.0971844,0.0755237,0.136381,0.0375697,0.0263243,0.0606511,0.0513187,0.0402445,
77,2e-07,0.006164,0.0343548,0.0361034,0.1109596,0.0849684,0.0681616,0.0213686,0.0836724,0.0837719,0.0191077,0.0612187,
78,2e-07,0.0049519,0.0282674,0.0588535,0.134012,0.0961205,0.0878153,0.0618823,0.0802801,0.1633803,0.0477301,0.0955954,
79,2e-07,0.0076496,0.0338474,0.0333983,0.0514731,0.080849,0.0509769,0.058162,0.06648,0.1639518,0.0386549,0.0974934,
80,2e-07,0.001469,0.0367351,0.026702,0.0532731,0.0665259,0.0632535,0.0691676,0.0826293,0.22294,0.0400481,0.2014311,
81,2e-07,0.0047141,0.0269097,0.1119189,0.0579184,0.0415478,0.0779658,0.0449471,0.0621485,0.1790379,0.0637029,0.1175905,
82,2e-07,0.0051133,0.0092101,0.0713242,0.0504011,0.0483273,0.0559052,0.0507489,0.065953,0.1755218,0.025995,0.0408247,
83,2e-07,0.0031239,0.0137893,0.0300537,0.0435134,0.0541503,0.0542454,0.0318641,0.0621473,0.0916546,0.0558976,0.109009,
84,2e-07,0.0044039,0.056998,0.044926,0.0762497,0.0834918,0.0496435,0.0363276,0.0750876,0.0525127,0.0497996,0.0146277,
85,2e-07,0.0041718,0.0309233,0.0483393,0.049138,0.0936013,0.062153,0.0251566,0.0524891,0.0907588,0.0567896,0.1293033,
86,2e-07,0.0071817,0.0408078,0.0202256,0.0345109,0.0504606,0.0563176,0.0397662,0.0302977,0.0896705,0.0770095,0.149726,
87,2e-07,0.0037296,0.0546763,0.0186261,0.0676574,0.059859,0.0406945,0.0853344,0.0405546,0.0989297,0.0729701,0.0631662,
88,2e-07,0.0031629,0.052612,0.0477937,0.0658334,0.0876473,0.029524,0.0878306,0.0214166,0.121343,0.0867738,0.0513058,
89,2e-07,0.0010712,0.0301742,0.0295016,0.0345011,0.0700432,0.029688,0.0522264,0.0657651,0.095464,0.0404645,0.0658933,
90,2e-07,0.0050963,0.025764,0.0467558,0.0600465,0.0545124,0.0696302,0.0424503,0.0619788,0.1308001,0.0638251,0.0683427,
91,1e-07,0.0045052,0.0216459,0.0591398,0.0441257,0.0640728,0.0853573,0.0208441,0.0508452,0.1395317,0.0423068,0.0122321,
92,1e-07,0.0040124,0.0159087,0.0936333,0.0456792,0.0361395,0.0607161,0.0779788,0.0737276,0.1613236,0.1598753,0.0218134,
93,1e-07,0.0015927,0.0142874,0.0975318,0.0649284,0.0392085,0.0756091,0.0707449,0.1109742,0.1617442,0.194591,0.0377034,
94,1e-07,0.0018218,0.0254668,0.0592635,0.0544905,0.053871,0.065488,0.0574028,0.1189598,0.128059,0.1863972,0.0349583,
95,0.0,0.0025581,0.0173073,0.0584247,0.0431907,0.0522021,0.0645517,0.0704844,0.114076,0.1188773,0.1316226,0.086206,
96,1e-07,0.0061216,0.0100975,0.0761646,0.0798473,0.0337391,0.087748,0.0392175,0.1085425,0.1291324,0.1482745,0.073028,
97,1e-07,0.0033026,0.0334806,0.0359158,0.0248193,0.0322449,0.1243665,0.0272022,0.0910716,0.1428169,0.0798206,0.0331516,
98,1e-07,0.0027671,0.0362597,0.0369544,0.0326365,0.0253687,0.1004319,0.0448141,0.137896,0.1395257,0.0614252,0.0900833,
99,1e-07,0.0021691,0.0261541,0.0544301,0.0546373,0.0199976,0.0529256,0.0305633,0.1590947,0.1117306,0.0783162,0.107206,
100,1e-07,0.0018459,0.0083043,0.0800963,0.0667264,0.053343,0.0444457,0.0287005,0.0888859,0.1214757,0.0828301,0.0370568,
101,1e-07,0.0015303,0.0119929,0.0595836,0.0876528,0.05856,0.0429794,0.0236866,0.0557213,0.0977091,0.0447238,0.0931128,
102,1e-07,0.0012166,0.0232092,0.0723767,0.0416088,0.0633515,0.0334943,0.0493737,0.0373293,0.0827308,0.0558144,0.0642296,
103,1e-07,0.0033826,0.0198837,0.087729,0.0422841,0.0547484,0.0616378,0.0521542,0.0392693,0.0627016,0.058019,0.0611942,
104,1e-07,0.0020144,0.0160024,0.0680416,0.0674994,0.0424303,0.0881384,0.0617096,0.0323853,0.0509469,0.0378649,0.0755341,
105,1e-07,0.0040402,0.0019436,0.0463458,0.0572838,0.0262856,0.0441043,0.0888794,0.0183455,0.0912513,0.0224748,0.0966241,
106,1e-07,0.0042707,0.0071985,0.0695511,0.0291423,0.0453161,0.0214652,0.1222082,0.0441162,0.0657096,0.0144511,0.0291105,
107,1e-07,0.0027038,0.0321454,0.0411491,0.0785485,0.051166,0.0452367,0.1120102,0.0289996,0.0616016,0.0871045,0.0453165,
108,1e-07,0.0060762,0.0444549,0.0274312,0.0988178,0.0528549,0.0495709,0.052924,0.0692196,0.0775684,0.0888406,0.0627874,
109,1e-07,0.0082216,0.0386606,0.0284655,0.0729884,0.0885773,0.056119,0.1124655,0.0781686,0.0601424,0.040427,0.0637176,
110,1e-07,0.0049045,0.0148279,0.0501435,0.0198115,0.0384111,0.0564432,0.0687554,0.0416388,0.0577933,0.0557243,0.0265867,
111,1e-07,0.0053345,0.026734,0.0913427,0.0562177,0.0188334,0.0505939,0.0846124,0.0536322,0.0371275,0.0487126,0.0391475,
112,1e-07,0.0054124,0.0279622,0.050418,0.0348539,0.0287015,0.0870357,0.0626301,0.0353168,0.0256102,0.0446311,0.0423461,
113,1e-07,0.0045871,0.0104528,0.0792149,0.032613,0.0277482,0.0537805,0.0415653,0.0309913,0.0283954,0.0494903,0.0482505,
114,1e-07,0.0037128,0.0122519,0.0670295,0.023959,0.0464553,0.0646034,0.0411441,0.0451287,0.0460559,0.0607769,0.0640579,
115,1e-07,0.0044381,0.0290729,0.0172663,0.0421762,0.0329099,0.0448267,0.0564251,0.0382093,0.0599664,0.0385232,0.0590345,
116,1e-07,0.0069126,0.0436846,0.0352974,0.0343999,0.0362266,0.0415923,0.0617794,0.044076,0.0695185,0.0226606,0.0512939,
117,1e-07,0.0147052,0.0393782,0.0119215,0.0163269,0.0406704,0.0544768,0.0387916,0.0542636,0.0514849,0.0352148,0.052148,
118,1e-07,0.0218779,0.0388085,0.0190557,0.0463621,0.0246151,0.0507133,0.0516871,0.028631,0.0510244,0.0498967,0.0598428,
119,1e-07,0.0330803,0.0866046,0.0333886,0.0702631,0.115232,0.0382886,0.075431,0.0878785,0.0290374,0.061247,0.061027,
120,1e-07,0.0162826,0.0716852,0.0316521,0.0715647,0.0524329,0.065119,0.0470482,0.0438612,0.0534608,0.0272829,0.0720439,
121,1e-07,0.0144536,0.063984,0.0344312,0.0449996,0.0790384,0.0824817,0.0312574,0.0384041,0.0608938,0.01969,0.0741789,
122,1e-07,0.0157681,0.021077,0.0268722,0.0130768,0.0728017,0.0800919,0.0323334,0.0398229,0.0473805,0.0669289,0.0601079,
123,0.0,0.0139102,0.0222471,0.0259864,0.0160055,0.0835707,0.0983738,0.0392032,0.0599618,0.0679712,0.0715438,0.0521661,
124,0.0,0.011167,0.0369873,0.0302289,0.0422872,0.0363333,0.1030648,0.1354863,0.0880444,0.0753508,0.0813157,0.0559612,
125,0.0,0.009358,0.0169487,0.046979,0.0197477,0.0421186,0.0990257,0.0513391,0.0742033,0.0777504,0.0624111,0.0191466,
126,0.0,0.0057943,0.0057721,0.0197456,0.0293426,0.031704,0.0867499,0.0683439,0.0598688,0.0620248,0.035343,0.0646412,
127,0.0,0.004331,0.014295,0.0678282,0.0146824,0.0342185,0.0825835,0.0611061,0.0484467,0.0362413,0.0405562,0.0621683,
128,1e-07,0.0018062,0.0323196,0.0438535,0.0312695,0.0312364,0.0497339,0.0621606,0.0178779,0.0590479,0.019473,0.0410149,
129,1e-07,0.0034773,0.015278,0.0606207,0.0556164,0.0485548,0.0413523,0.0491399,0.0384939,0.0529407,0.0499004,0.0365426,
130,1e-07,0.0034582,0.0159605,0.0432066,0.013041,0.0411667,0.0472347,0.0336516,0.0558413,0.0588355,0.0705067,0.0417789,
131,1e-07,0.0041707,0.0367761,0.0131731,0.0118591,0.0377262,0.0558114,0.0277643,0.0606729,0.0323895,0.1034567,0.0319131,
132,1e-07,0.0066569,0.0464721,0.0347602,0.022168,0.0142968,0.0348404,0.0469871,0.1062378,0.0447642,0.0957275,0.0567955,
133,2e-07,0.0026298,0.0217631,0.0485226,0.022575,0.0484143,0.031131,0.0344344,0.0215002,0.0597865,0.1026447,0.0482736,
134,2e-07,0.0058375,0.0392613,0.0154868,0.0310205,0.0592714,0.0211157,0.0180053,0.0300074,0.0594469,0.0603636,0.0487526,
135,1e-07,0.0078526,0.0368664,0.054218,0.0168798,0.0851403,0.028221,0.0522548,0.0511835,0.0190801,0.0573696,0.0263396,
136,1e-07,0.0088035,0.0284097,0.0572563,0.021684,0.085715,0.013434,0.0566323,0.0930622,0.0363031,0.0329153,0.0243808,
137,1e-07,0.0108625,0.0201551,0.0116915,0.0169402,0.0948051,0.0506439,0.0173624,0.0719392,0.0656196,0.039846,0.0174706,
138,1e-07,0.0095311,0.0143165,0.0244743,0.0566238,0.0820915,0.0434403,0.0770937,0.0581446,0.0513515,0.0416933,0.0791189,
139,0.0,0.0228782,0.025147,0.0199913,0.079973,0.0840388,0.0396462,0.0421217,0.0374692,0.0268157,0.0438267,0.0426392,
140,1e-07,0.0251647,0.0482929,0.018972,0.0939063,0.0562752,0.0499725,0.0625076,0.0970616,0.0303494,0.027491,0.0493482,
141,1e-07,0.0293215,0.0399957,0.0213179,0.066406,0.0356226,0.0280711,0.0784731,0.0836291,0.0521946,0.0503961,0.0503683,
142,1e-07,0.0439278,0.0572933,0.025015,0.04561,0.0307873,0.059288,0.0872336,0.0803791,0.0561272,0.0806656,0.0515718,
143,1e-07,0.0522782,0.0543338,0.0877221,0.0499649,0.0367448,0.044324,0.0568797,0.0721968,0.0934593,0.089673,0.1015163,
144,1e-07,0.0767808,0.0741945,0.010801,0.0523276,0.0538674,0.0362167,0.0630889,0.0549203,0.0091933,0.0748776,0.0320315,
145,1e-07,0.0147861,0.0076197,0.0172589,0.0841522,0.0455335,0.0208696,0.0513873,0.0236557,0.0323455,0.065574,0.0585011,
146,1e-07,0.009676,0.0278121,0.054153,0.0698239,0.0633468,0.0300105,0.0540614,0.0196907,0.0398281,0.0557596,0.0356658,
147,1e-07,0.0113707,0.0337326,0.0518396,0.0434855,0.0246623,0.0363899,0.0743039,0.0353341,0.0526286,0.0589803,0.0404604,
148,1e-07,0.0155741,0.0344946,0.0301598,0.0376183,0.0281461,0.0597331,0.054626,0.0853535,0.0631138,0.0862767,0.0541738,
149,1e-07,0.0040806,0.0232214,0.0469693,0.0484916,0.029634,0.0423379,0.0671608,0.0605442,0.0350729,0.0479668,0.0330526,
150,1e-07,0.0027945,0.0240526,0.073449,0.0623566,0.0346941,0.074739,0.0697113,0.0626338,0.0401983,0.0684313,0.0439145,
151,1e-07,0.0024821,0.0291664,0.0250534,0.0846961,0.0484416,0.0440736,0.0343366,0.0391771,0.0622307,0.059126,0.0318434,
152,1e-07,0.0017626,0.0271629,0.0107221,0.044236,0.1087065,0.0602015,0.0855167,0.065218,0.0791906,0.0245299,0.0412366,
153,0.0,0.0024496,0.0495807,0.0248146,0.032367,0.0504075,0.0459624,0.1333766,0.1250948,0.056524,0.044644,0.0501057,
154,0.0,0.0021927,0.0433403,0.0237055,0.046098,0.0315453,0.0350515,0.0589747,0.0260456,0.0476275,0.073681,0.0573887,
155,0.0,0.00217,0.0340781,0.0522441,0.0415239,0.0722298,0.104058,0.0917528,0.0390525,0.0556347,0.0950243,0.1838913,
156,1e-07,0.0015366,0.0187908,0.0440677,0.0809902,0.0631332,0.0534963,0.0629202,0.0464239,0.0296093,0.0321248,0.0761963,
157,1e-07,0.0010676,0.0171488,0.0407441,0.0414507,0.0509216,0.0374828,0.0416472,0.0568183,0.0415789,0.0301092,0.0535355,
158,1e-07,0.0017297,0.0088896,0.0535847,0.0709718,0.0329421,0.0429919,0.0332837,0.0360537,0.0379072,0.0337593,0.0496149,
159,1e-07,0.0031178,0.0058053,0.0489153,0.0644508,0.0471843,0.0572686,0.0296686,0.0403174,0.0465432,0.0598407,0.0563373,
160,1e-07,0.0086894,0.0164594,0.0273819,0.0360327,0.0530748,0.0531391,0.0724909,0.0359906,0.0494831,0.0211049,0.0475328,
161,1e-07,0.0121502,0.0332356,0.0442314,0.0389572,0.0529044,0.0577817,0.0818838,0.0586332,0.0440224,0.0212276,0.0542654,
162,1e-07,0.0196876,0.0394308,0.05314,0.0490595,0.0296457,0.067619,0.042727,0.0254294,0.0404417,0.0369428,0.0428306,
163,1e-07,0.0377102,0.0420778,0.0447823,0.0433309,0.0170757,0.0622169,0.0466319,0.0159735,0.0670641,0.048902,0.0512497,
164,0.0,0.0364665,0.010051,0.0431203,0.0609485,0.0338274,0.035267,0.0846915,0.0424652,0.0684508,0.0749055,0.0475646,
165,0.0,0.0500549,0.0313732,0.0500573,0.0525121,0.0319522,0.0221696,0.0961012,0.0489753,0.0539448,0.0662911,0.0651243,
166,1e-07,0.0344323,0.0391664,0.049719,0.0349846,0.0773111,0.0295289,0.084459,0.0869758,0.0279316,0.0253639,0.0440044,
167,2e-07,0.0245445,0.0538461,0.0096477,0.027369,0.1207104,0.0740964,0.0792134,0.0934781,0.0427889,0.0360478,0.0775751,
168,2e-07,0.0335512,0.1163403,0.051362,0.0844332,0.2308748,0.1055325,0.0777333,0.0946909,0.052262,0.0426796,0.1346003,
169,1e-07,0.029866,0.0956381,0.0545104,0.0449419,0.2419892,0.0793765,0.07212,0.0791107,0.0723147,0.024777,0.1180618,
170,1e-07,0.028375,0.0748748,0.0429925,0.0487204,0.1398879,0.0620538,0.0680891,0.0750321,0.0778625,0.0627872,0.0283723,
171,1e-07,0.0242752,0.0235444,0.0557025,0.0471015,0.0873197,0.0283603,0.0639299,0.0716788,0.0417124,0.0627084,0.0475229,
172,1e-07,0.0207436,0.0264596,0.0395142,0.0406231,0.0637711,0.0391502,0.0788108,0.0749045,0.0439604,0.0169846,0.0435961,
173,1e-07,0.0117881,0.0214632,0.0570393,0.0282582,0.0458299,0.0561138,0.0516916,0.071289,0.0281866,0.0325706,0.0216423,
174,2e-07,0.0108364,0.0102957,0.0173857,0.057526,0.0758764,0.0586588,0.0399032,0.0791485,0.0387115,0.0831317,0.0659681,
175,2e-07,0.0075836,0.0171388,0.0238722,0.0658695,0.0656364,0.0553469,0.0447334,0.0594845,0.0187808,0.0770104,0.0682606,
176,1e-07,0.0032748,0.0146992,0.0260293,0.0737634,0.067077,0.0747465,0.0555653,0.0823535,0.023781,0.0597358,0.0261968,
177,1e-07,0.0034745,0.0225064,0.0306642,0.0977595,0.0643581,0.0580911,0.0659185,0.0626094,0.0377392,0.092463,0.0238623,
178,2e-07,0.003132,0.0459169,0.0761057,0.0846702,0.0456117,0.0420818,0.0280061,0.1634111,0.0598539,0.0785518,0.0460126,
179,2e-07,0.0041357,0.0364359,0.0394248,0.0701255,0.0230226,0.0440846,0.037652,0.1655031,0.0545147,0.0576646,0.0276152,
180,2e-07,0.0073902,0.0243438,0.0319658,0.0816928,0.0579634,0.0412888,0.0449109,0.1094522,0.0409221,0.0273036,0.0512716,
181,2e-07,0.0039906,0.0199937,0.0871257,0.0479455,0.0397977,0.0286606,0.0415025,0.1025511,0.0266925,0.0552793,0.0776859,
182,2e-07,0.004453,0.0270907,0.0856356,0.0486417,0.0364994,0.0451518,0.049088,0.1113651,0.0448005,0.0617933,0.0466247,
183,2e-07,0.0144171,0.0388855,0.0861305,0.0609739,0.0586772,0.0434979,0.1212536,0.1674031,0.0645139,0.0848341,0.0966092,
184,2e-07,0.0194307,0.0523292,0.0643315,0.0773378,0.0368181,0.1073811,0.0998022,0.059181,0.050845,0.0775403,0.0390022,
185,2e-07,0.0150935,0.0441692,0.0339611,0.0503152,0.1047787,0.1078996,0.0906624,0.0852901,0.072105,0.1008682,0.0537947,
186,2e-07,0.0122352,0.0425062,0.0201109,0.0687016,0.1298314,0.1338501,0.0871037,0.0967349,0.0769052,0.1327112,0.0589022,
187,2e-07,0.0148688,0.0406352,0.0496628,0.0864297,0.1143374,0.1108729,0.071628,0.0671155,0.089938,0.1184988,0.0899097,
188,2e-07,0.0184942,0.0858442,0.0530615,0.1177192,0.1172751,0.1978372,0.1211217,0.1059986,0.1233139,0.122195,0.0859707,
189,2e-07,0.0250041,0.0513787,0.0528633,0.1245322,0.1299383,0.185917,0.0939935,0.0665086,0.0938942,0.1630321,0.0795945,
190,2e-07,0.0317695,0.0625945,0.0704298,0.1562261,0.1583904,0.171343,0.1147126,0.0926643,0.110994,0.0911058,0.0936541,
191,2e-07,0.0338526,0.038042,0.1982144,0.1846038,0.2390942,0.2834902,0.1440327,0.1071742,0.2438567,0.1125455,0.1312741,
192,2e-07,0.0509475,0.0351971,0.1123716,0.0586186,0.1106959,0.2062583,0.2222368,0.1759471,0.145599,0.156112,0.189134,
193,2e-07,0.044495,0.0361913,0.0330053,0.0715054,0.0963807,0.1935959,0.492805,0.3829419,0.2048601,0.3523591,0.2600364,
194,2e-07,0.0068021,0.0325829,0.0995684,0.0736416,0.0840644,0.0715332,0.4550647,0.2317846,0.1034295,0.2730671,0.1898627,
195,2e-07,0.017792,0.0381811,0.060067,0.0577136,0.0730716,0.0899788,0.2389997,0.0358717,0.203954,0.2308289,0.1118132,
196,2e-07,0.0149176,0.0246925,0.0415666,0.0704303,0.1050211,0.0946486,0.0441471,0.0477542,0.1721644,0.2117209,0.1443308,
197,1e-07,0.0062875,0.0184243,0.0269962,0.0627839,0.0366012,0.0738981,0.0219469,0.0961014,0.0727841,0.1478837,0.0965992,
198,1e-07,0.0122999,0.025878,0.0381425,0.0329193,0.0381136,0.0605661,0.058206,0.1051154,0.0672889,0.1209428,0.0782425,
199,1e-07,0.0036893,0.053586,0.0431807,0.0126364,0.0548303,0.0379443,0.038746,0.100456,0.0617995,0.0526973,0.0320738,
200,1e-07,0.0053854,0.0466213,0.0375278,0.0144998,0.0341671,0.0508815,0.0216149,0.0736984,0.032598,0.0626202,0.0032407,
201,1e-07,0.0012405,0.0233463,0.0481454,0.0097626,0.0472624,0.0321501,0.0387427,0.0531514,0.0774145,0.0274276,0.0225757,
202,1e-07,0.001246,0.0227921,0.0249899,0.0268067,0.0424895,0.0337706,0.02631,0.0528015,0.0565078,0.0218331,0.0371956,
203,1e-07,0.0010833,0.0092861,0.0488668,0.022047,0.0389743,0.0241398,0.0269798,0.0439186,0.046918,0.026592,0.0108283,
204,0.0,0.0023145,0.0134316,0.0481776,0.0296446,0.0196818,0.0392885,0.0280248,0.0645837,0.0526663,0.0239105,0.0314721,
205,0.0,0.0012546,0.012886,0.0403005,0.0641726,0.0570046,0.0167746,0.0375224,0.0438383,0.0869937,0.023218,0.0411041,
206,0.0,0.0012537,0.0055688,0.0296863,0.0751326,0.0408327,0.0296937,0.0344769,0.049951,0.0799711,0.0264734,0.027355,
207,0.0,0.001574,0.0215803,0.0306758,0.033998,0.0442328,0.0463107,0.0545844,0.0484077,0.0823215,0.0531557,0.0212558,
208,0.0,0.0005351,0.0167383,0.0465805,0.0549547,0.0291379,0.0317288,0.0337318,0.0513932,0.0554561,0.0355716,0.0317183,
209,0.0,0.0010797,0.0089045,0.0281685,0.0624403,0.0505018,0.0486624,0.0408763,0.0617071,0.0602563,0.0547202,0.0242238,
210,0.0,0.0005156,0.0134726,0.0343455,0.056745,0.0483858,0.0229166,0.0751555,0.1195088,0.0683509,0.0681361,0.0306341,
211,0.0,0.0010775,0.018142,0.0598114,0.0358885,0.0513888,0.0275445,0.0725055,0.1057658,0.0513989,0.0883824,0.0474503,
212,1e-07,0.0009804,0.0199231,0.0387753,0.0258535,0.0476428,0.0505816,0.1255027,0.1010658,0.0785322,0.0827413,0.0429098,
213,1e-07,0.0031113,0.0135875,0.0515358,0.0356307,0.0750407,0.0663034,0.1710986,0.1019179,0.1038627,0.1174398,0.092021,
214,1e-07,0.00213,0.0239627,0.0370734,0.0239252,0.0889542,0.1084718,0.1990533,0.1293878,0.1133986,0.1271662,0.1062593,
215,1e-07,0.0011749,0.0445419,0.0739622,0.0597148,0.0645112,0.1616732,0.2428442,0.1281981,0.142375,0.1273661,0.2121356,
216,1e-07,0.0005409,0.01938,0.0673795,0.0502372,0.0502184,0.112882,0.1520393,0.0823906,0.0656656,0.1869847,0.2432762,
217,1e-07,0.0005375,0.0171084,0.0743439,0.0854757,0.0703894,0.0632805,0.1382309,0.1007627,0.0677073,0.1296813,0.1521122,
218,1e-07,0.0031262,0.0201787,0.0916269,0.0906231,0.1047133,0.0507188,0.1471573,0.095234,0.0774121,0.0806532,0.0971541,
219,0.0,0.0034989,0.0288397,0.086691,0.0553501,0.1068718,0.0782479,0.1534588,0.0637458,0.1080284,0.0423262,0.0396872,
220,0.0,0.0005336,0.0327124,0.0591286,0.0246259,0.0645217,0.0407293,0.1472525,0.0455087,0.0978573,0.1063332,0.0615652,
221,0.0,0.0010757,0.0236251,0.0364719,0.0241325,0.0276715,0.0244504,0.1346514,0.086947,0.1132086,0.1099581,0.0806907,
222,0.0,0.0019458,0.0245735,0.0687457,0.1376801,0.0739062,0.1205476,0.1981958,0.141342,0.2257074,0.2081929,0.2076925,
223,0.0,0.0028036,0.0189947,0.049837,0.069886,0.1465598,0.058535,0.1523791,0.0902414,0.0095834,0.062957,0.1389212,
224,0.0,0.0023049,0.0170389,0.0554827,0.0671837,0.0981445,0.0519457,0.1052284,0.0772878,0.0743872,0.0472026,0.1482966,
225,1e-07,0.0010727,0.0215666,0.0589274,0.0658033,0.0719976,0.0415101,0.0997014,0.0392806,0.1082221,0.1056333,0.1008211,
226,1e-07,0.0014989,0.0178576,0.0588831,0.0684847,0.0725377,0.0331176,0.0996078,0.0844637,0.0997801,0.1154907,0.0658402,
227,1e-07,0.0023001,0.0219333,0.0520269,0.0779499,0.0728605,0.0503806,0.0331385,0.0842455,0.1201526,0.1083928,0.0704316,
228,1e-07,0.0042741,0.0081939,0.0591737,0.0772,0.0615243,0.0721135,0.0886879,0.0664269,0.1093526,0.0771299,0.0992803,
229,1e-07,0.0011919,0.0368092,0.0639987,0.0641743,0.0596931,0.0734899,0.0854383,0.0857162,0.0596166,0.0859111,0.0851361,
230,1e-07,0.0018465,0.0333187,0.0618005,0.0951584,0.0317975,0.0612925,0.059034,0.0847271,0.0853009,0.1228309,0.0953483,
231,1e-07,0.0058146,0.0384189,0.0654839,0.1140828,0.0471992,0.0825097,0.0298568,0.0888838,0.1012922,0.1185624,0.0954132,
232,1e-07,0.0033556,0.0344134,0.036278,0.1454365,0.0747885,0.0977561,0.0431797,0.0898957,0.0972625,0.1121215,0.1125211,
233,1e-07,0.0036077,0.043663,0.0170253,0.1231172,0.0771041,0.1309492,0.0444007,0.078693,0.0490569,0.1175625,0.1600223,
234,1e-07,0.0022014,0.0370601,0.0487065,0.1029983,0.0894203,0.0966714,0.0544494,0.0648352,0.072537,0.1697917,0.1171857,
235,1e-07,0.0053422,0.0346274,0.0570644,0.0940038,0.1078741,0.1450565,0.0973143,0.0452503,0.0574017,0.122032,0.2127407,
236,1e-07,0.0046253,0.0312696,0.1041074,0.0851796,0.1306077,0.1874237,0.0931088,0.0644437,0.0521144,0.0314891,0.0925427,
237,1e-07,0.0088625,0.0509415,0.0647538,0.0803346,0.1136668,0.1156709,0.0565952,0.0748577,0.0525408,0.0537135,0.1021647,
238,1e-07,0.0104807,0.0153382,0.0556402,0.0389005,0.0719363,0.1251275,0.037605,0.1089161,0.0776599,0.0382561,0.1690146,
239,1e-07,0.0029084,0.0181143,0.0613434,0.0381803,0.0431076,0.0914091,0.0586254,0.070099,0.0942733,0.0608533,0.0737657,
240,1e-07,0.0019367,0.0167535,0.0354491,0.034867,0.0313135,0.0918585,0.0621915,0.0956622,0.0729951,0.0846884,0.0660323,
241,1e-07,0.004644,0.0164924,0.0300225,0.0577528,0.0411332,0.0885695,0.0281563,0.0643792,0.0999072,0.1263796,0.0752226,
242,1e-07,0.0062193,0.0272786,0.0380951,0.0695058,0.047484,0.0804594,0.0256545,0.0696514,0.1053866,0.1120598,0.0820327,
243,1e-07,0.0034794,0.0162096,0.0453495,0.0833945,0.0161929,0.0881176,0.0284059,0.0959365,0.0551067,0.1710711,0.0831831,
244,1e-07,0.0035983,0.0275463,0.032151,0.0807815,0.0545808,0.0853412,0.1453968,0.0981665,0.1051287,0.0941495,0.0929383,
245,1e-07,0.0024515,0.0208778,0.031465,0.0574852,0.0551797,0.0867796,0.147986,0.0927033,0.0535853,0.0896968,0.1413272,
246,1e-07,0.0005194,0.0216913,0.026954,0.0949441,0.0775049,0.0550263,0.0919876,0.0836177,0.0612706,0.0574946,0.0729497,
247,1e-07,0.0030158,0.0183734,0.0480888,0.0642529,0.0748319,0.0499596,0.1018565,0.0864559,0.1266508,0.0830168,0.0767091,
248,1e-07,0.0024148,0.0165139,0.0513611,0.0632372,0.0949239,0.0520411,0.1085682,0.124073,0.112877,0.0898169,0.0542613,
249,1e-07,0.0038809,0.0168649,0.0463318,0.0640572,0.0453098,0.0428793,0.0940872,0.0848214,0.0569415,0.0430264,0.0660442,
250,0.0,0.0010684,0.0226466,0.0455344,0.0242461,0.0155598,0.0539182,0.08789,0.0472053,0.0630624,0.03178,0.0671292,
251,0.0,0.0021625,0.0369746,0.0224571,0.047297,0.0220521,0.0808367,0.1100543,0.0993758,0.0373593,0.1028798,0.1014298,
252,0.0,0.0021,0.04278,0.044432,0.0449496,0.0699296,0.0993898,0.0976801,0.0925134,0.0483223,0.1102994,0.0653418,
253,0.0,0.0005257,0.0355146,0.0331065,0.0266594,0.0378036,0.104707,0.0406848,0.0891885,0.0475101,0.0829825,0.0764641,
254,0.0,0.0015617,0.0271247,0.0511094,0.0362519,0.0409263,0.0978507,0.0604581,0.0861438,0.0819509,0.1015925,0.1078344,
255,0.0,0.0055723,0.0100225,0.0233441,0.0791055,0.0191242,0.1367807,0.047062,0.0937011,0.0739608,0.0941158,0.1506973,
256,0.0,0.0018434,0.009595,0.0370451,0.0592047,0.0800362,0.1383249,0.0809784,0.1070354,0.0910079,0.1561631,0.1475269,
257,0.0,0.0028418,0.0135024,0.0341223,0.0141485,0.0902815,0.1263433,0.0774568,0.074703,0.0981435,0.1601119,0.1451927,
258,0.0,0.0005373,0.0652317,0.0557763,0.020771,0.0673848,0.1121211,0.0619005,0.0992026,0.1100661,0.2000859,0.2104388,
259,0.0,0.0010736,0.0486081,0.0585529,0.036043,0.0511137,0.0593173,0.0840615,0.075745,0.0873525,0.1259727,0.0828377,
260,0.0,0.0005369,0.0059615,0.0125554,0.0360575,0.0612689,0.0987735,0.1099995,0.0735359,0.0813221,0.0810142,0.1107895,
261,0.0,0.001503,0.0094094,0.0180776,0.0321791,0.0652574,0.0737134,0.0796674,0.0582576,0.0220969,0.0848909,0.120928,
262,0.0,0.0012541,0.0113754,0.0425067,0.0271795,0.0833806,0.0646662,0.0820037,0.0457462,0.0672177,0.0492368,0.1076045,
263,0.0,0.0018914,0.0136234,0.0421354,0.0341283,0.0760673,0.0806275,0.113791,0.0678789,0.0843506,0.0551526,0.1238058,
264,0.0,0.0005266,0.0051135,0.0387026,0.0444235,0.0507343,0.0769346,0.0646343,0.0577059,0.1200257,0.0482466,0.1070019,
265,0.0,0.001566,0.0049544,0.0410479,0.0300687,0.0971476,0.0354791,0.0688632,0.0505758,0.1518007,0.09725,0.1055591,
266,0.0,0.0015079,0.0138679,0.0483992,0.0169258,0.0700876,0.0784125,0.1378582,0.0462516,0.1645167,0.0966971,0.1086136,
267,0.0,0.000977,0.0109586,0.0450971,0.0407269,0.0809718,0.0390441,0.1300871,0.0347566,0.1623509,0.056333,0.0709371,
268,0.0,0.0011774,0.0114771,0.032526,0.0584636,0.0725884,0.0222278,0.0661846,0.05605,0.1372338,0.0625518,0.0651454,
269,1e-07,0.0024043,0.0240858,0.0605964,0.052675,0.0802465,0.0796316,0.0823168,0.0726406,0.1769793,0.0934762,0.1068828,
270,0.0,0.000535,0.0194623,0.0756555,0.0303663,0.1002343,0.1156025,0.1147797,0.0439794,0.1579272,0.103966,0.0429103,
271,0.0,0.0040816,0.0212484,0.0631693,0.0438632,0.08136,0.1029825,0.1077917,0.0712563,0.1137499,0.0636188,0.0536882,
272,1e-07,0.0036469,0.0078803,0.0792852,0.0646693,0.1172553,0.102826,0.1198747,0.0647172,0.1072961,0.0655395,0.082095,
273,1e-07,0.0059367,0.0277096,0.110021,0.1031201,0.1589017,0.1007451,0.1123527,0.1090964,0.0725669,0.1536869,0.0893991,
274,0.0,0.002692,0.0321659,0.0722381,0.0982984,0.1172138,0.0795467,0.1186621,0.1331934,0.0856887,0.1438227,0.094484,
275,0.0,0.002226,0.02341,0.0201704,0.0518345,0.1101473,0.0632533,0.1472949,0.1773926,0.1385405,0.1339937,0.0875305,
276,0.0,0.0032569,0.0352919,0.0412941,0.0367792,0.0451196,0.0488666,0.1733591,0.1768851,0.0875505,0.1270364,0.1106567,
277,0.0,0.0036463,0.0512983,0.0599596,0.0502316,0.0843357,0.1076058,0.2981011,0.1696603,0.1850825,0.1139723,0.1833336,
278,0.0,0.0024582,0.0530881,0.0501045,0.0583995,0.0426163,0.0961913,0.2916363,0.1684944,0.026873,0.2300283,0.054888,
279,1e-07,0.0032515,0.0385887,0.0458811,0.0391501,0.0718065,0.077292,0.1721372,0.170693,0.1036409,0.148327,0.0898193,
280,0.0,0.0041369,0.0474486,0.0534848,0.047748,0.084941,0.0597922,0.0949734,0.1357407,0.0326236,0.1193848,0.0983019,
281,0.0,0.0005088,0.0091903,0.0647558,0.0803017,0.0680108,0.0577771,0.0784476,0.1096401,0.0412906,0.0311373,0.0828324,
282,0.0,0.0021379,0.0169713,0.053739,0.0539591,0.077731,0.1012558,0.0688673,0.0959629,0.0277138,0.0873818,0.0973764,
283,0.0,0.0026867,0.010168,0.0756144,0.1081246,0.1060614,0.0702913,0.0853764,0.1192417,0.0205567,0.1197258,0.110733,
284,0.0,0.0015753,0.0346517,0.0768256,0.0820816,0.09657,0.0685822,0.0697789,0.1093431,0.0330576,0.1041389,0.0963342,
285,0.0,0.0010804,0.0288059,0.0639509,0.1019508,0.0796782,0.0489629,0.076787,0.1064112,0.0202522,0.1350424,0.0706291,
286,0.0,0.0024408,0.0317344,0.030922,0.0872274,0.0388431,0.0455047,0.0389193,0.0960758,0.0738918,0.1656328,0.0659148,
287,0.0,0.0028348,0.0150636,0.0599988,0.0683992,0.0530193,0.0548552,0.0402041,0.0830463,0.0622285,0.112334,0.0434873,
288,0.0,0.002129,0.0098641,0.0705252,0.0448251,0.0591668,0.0645861,0.0457264,0.1108096,0.078981,0.0908392,0.0272647,
289,1e-07,0.0033045,0.0169312,0.0740321,0.0383736,0.01974,0.0436559,0.0382981,0.0644839,0.0725748,0.0941451,0.0552628,
290,1e-07,0.001853,0.0253531,0.0607655,0.0338575,0.0497052,0.0574139,0.0789578,0.0582411,0.0533704,0.0747401,0.0702189,
291,0.0,0.0018233,0.0304702,0.0474747,0.0373459,0.049961,0.0501576,0.0414344,0.0670424,0.0363092,0.0928744,0.0455258,
292,1e-07,0.002602,0.0293221,0.0353841,0.0567839,0.0427927,0.0367399,0.0533676,0.0641367,0.0307173,0.0638841,0.0134667,
293,0.0,0.0011823,0.0234217,0.0608973,0.0906839,0.0471602,0.0447049,0.0314602,0.094162,0.0174891,0.061627,0.0233826,
294,0.0,0.0014989,0.0202623,0.084414,0.076034,0.0529418,0.0490458,0.0378067,0.0513214,0.0211693,0.0431939,0.0617465,
295,0.0,0.0005077,0.0291863,0.0819192,0.0550368,0.0593657,0.0532233,0.0628344,0.0457051,0.0303735,0.0538398,0.0535201,
296,0.0,0.0013659,0.0260622,0.0688065,0.0361071,0.0511082,0.0506971,0.0593415,0.0263114,0.019911,0.0591687,0.0650506,
297,0.0,0.0005298,0.0349296,0.0541038,0.0846926,0.0355498,0.0374437,0.0448687,0.0396121,0.0312057,0.0464931,0.0914838,
298,0.0,0.0020157,0.0309287,0.0528194,0.0871692,0.0366127,0.0269906,0.0454135,0.0640473,0.0174901,0.0709314,0.1229825,
299,0.0,0.0018778,0.0086715,0.0625411,0.0403373,0.0440416,0.0490279,0.051793,0.0975211,0.0249078,0.0633562,0.0881901,
300,1e-07,0.0027278,0.0150989,0.0715564,0.0280889,0.0528566,0.0114891,0.075601,0.0320568,0.0251398,0.1065081,0.1210129,
301,1e-07,0.0027297,0.0337129,0.0753758,0.0523771,0.0810328,0.022721,0.1236411,0.1076921,0.0845415,0.1171546,0.127042,
302,1e-07,0.002309,0.0428773,0.0873457,0.1655905,0.0985229,0.0276454,0.1783006,0.1313506,0.0968547,0.1221502,0.1762994,
303,0.0,0.0015645,0.0448522,0.054583,0.0539915,0.0578138,0.0545493,0.0719825,0.0547257,0.0219679,0.0802741,0.1165512,
304,0.0,0.0025988,0.033475,0.0518038,0.0445737,0.0078827,0.0826749,0.0347156,0.0387513,0.0542663,0.0807376,0.0510007,
305,0.0,0.0029151,0.0349235,0.0108761,0.0436807,0.0052611,0.1167723,0.024265,0.0206778,0.0425854,0.0527984,0.0850034,
306,0.0,0.0075281,0.0496647,0.0221218,0.0701782,0.0322163,0.0694879,0.0526723,0.0881948,0.0757699,0.1149043,0.098465,
307,1e-07,0.0458723,0.0433887,0.0292168,0.0695625,0.0340896,0.0197701,0.0264184,0.0267297,0.0364977,0.0416914,0.0427534,
308,1e-07,0.0100721,0.0420486,0.0435276,0.0438388,0.1020098,0.0492244,0.0751438,0.0536682,0.0365653,0.0352602,0.0624925,
309,1e-07,0.0074608,0.0363504,0.0369491,0.0963266,0.0594959,0.0725836,0.0463352,0.023715,0.0389567,0.020558,0.0477732,
310,0.0,0.0040636,0.0297045,0.0428661,0.0752067,0.1128624,0.0527336,0.0543128,0.0331365,0.0471139,0.0351534,0.0333133,
311,0.0,0.0013731,0.0359602,0.0580197,0.0499361,0.1098092,0.0369219,0.0626153,0.0554414,0.0956886,0.031087,0.0330277,
312,0.0,0.0046606,0.0261994,0.0511337,0.0610537,0.0675832,0.1067302,0.0519946,0.0189331,0.053201,0.0553181,0.0308474,
313,0.0,0.0051216,0.0138753,0.0326201,0.0426528,0.0431263,0.0685315,0.0648521,0.0686958,0.0252464,0.0631759,0.0654973,
314,0.0,0.0034095,0.0147125,0.0543718,0.0534565,0.0236113,0.0632267,0.0754853,0.0532128,0.1025272,0.0613657,0.0632719,
315,0.0,0.0049943,0.0209368,0.0700089,0.0482127,0.0524536,0.0492272,0.0627278,0.0622752,0.0915281,0.0744633,0.0184246,
316,0.0,0.0019074,0.0336303,0.0311618,0.0586587,0.0171605,0.0469196,0.0403884,0.0733769,0.083082,0.0531326,0.0212258,
317,0.0,0.0004793,0.0134373,0.037955,0.0404,0.0125294,0.0621856,0.0191208,0.0775789,0.0843801,0.0355444,0.0487378,
318,0.0,0.0012496,0.0117527,0.0522784,0.0379416,0.0419497,0.0633391,0.0194625,0.0367115,0.0372418,0.0565386,0.0276514,
319,1e-07,0.0023292,0.0162164,0.0362399,0.0426741,0.0250062,0.0471381,0.0237123,0.0380547,0.0409032,0.0528539,0.0464111,
320,1e-07,0.0011474,0.0090953,0.0243238,0.0618835,0.0113683,0.0660463,0.0662785,0.0380391,0.0732236,0.0296705,0.0200176,
321,1e-07,0.0016221,0.0191604,0.0377021,0.0875408,0.0563858,0.136172,0.0889914,0.0471243,0.0523728,0.115133,0.0803684,
322,1e-07,0.0004843,0.0191523,0.0280603,0.0611489,0.0252443,0.0499403,0.0575646,0.0306893,0.0965102,0.091213,0.0595785,
323,1e-07,0.0012529,0.0083873,0.0178897,0.0503581,0.034064,0.0535261,0.0194363,0.0644194,0.0822968,0.0611923,0.0532574,
324,1e-07,0.0012319,0.0166079,0.019032,0.0214335,0.0435693,0.0745042,0.0240747,0.0390448,0.0847139,0.0474761,0.0645198,
325,1e-07,0.0036266,0.0052822,0.0577303,0.0351328,0.0613661,0.0692967,0.0338171,0.010439,0.1172395,0.0555614,0.0930803,
326,1e-07,0.0018707,0.0136604,0.0420145,0.0591328,0.0369923,0.0839445,0.0344814,0.0267088,0.1122193,0.0420092,0.0962915,
327,2e-07,0.0005414,0.0202654,0.0102814,0.0597108,0.0505145,0.0846148,0.0156996,0.015655,0.1527145,0.0395274,0.1394861,
328,2e-07,0.0005419,0.0156351,0.0267073,0.0453762,0.0494255,0.0855441,0.0289467,0.0370017,0.1225938,0.037119,0.1285466,
329,2e-07,0.0015734,0.0107611,0.0504765,0.0755612,0.076682,0.1390345,0.0687958,0.2011309,0.0354115,0.0976526,0.0556323,
330,2e-07,0.0017724,0.0122447,0.0331649,0.0565973,0.0656012,0.0917713,0.0939547,0.1632404,0.1557396,0.1204731,0.1273249,
331,2e-07,0.0015742,0.0280196,0.0538025,0.0364939,0.0419646,0.1056904,0.0698814,0.1061167,0.1471001,0.0375347,0.1108027,
332,1e-07,0.0005109,0.018479,0.0134695,0.0164608,0.0371482,0.0576897,0.0702217,0.0192173,0.1275911,0.0430463,0.0712473,
333,1e-07,0.0005057,0.0143362,0.0089421,0.0162882,0.0858008,0.0534152,0.0300655,0.0210519,0.0940377,0.0383825,0.0700813,
334,1e-07,0.0015656,0.0076756,0.0269102,0.010785,0.0211621,0.0852669,0.0421209,0.0213472,0.0916022,0.043992,0.0623046,
335,1e-07,0.0012392,0.0102917,0.0284717,0.0385765,0.0555975,0.1144756,0.0181264,0.0319544,0.0901913,0.1077772,0.0440834,
336,1e-07,0.0016333,0.0039931,0.0140386,0.0247246,0.0244071,0.046277,0.022475,0.0246918,0.0669344,0.0809063,0.0488839,
337,1e-07,0.0012569,0.0297809,0.0494398,0.0204157,0.0171025,0.0358737,0.0663307,0.00937,0.047388,0.0592649,0.0292375,
338,1e-07,0.0020156,0.0223269,0.0521176,0.0214752,0.0480188,0.0241601,0.041759,0.0627645,0.0447139,0.0735135,0.0360043,
339,1e-07,0.004577,0.030151,0.0351583,0.0397699,0.0564969,0.0621271,0.0980274,0.046546,0.0693997,0.1155145,0.0342289,
340,1e-07,0.0067298,0.0152752,0.0129178,0.0406408,0.046528,0.0713404,0.118215,0.0465103,0.0744367,0.1419294,0.0146806,
341,1e-07,0.0021892,0.0166506,0.0450522,0.0194864,0.0546668,0.0675229,0.0703047,0.0391468,0.0820931,0.104621,0.0446762,
342,1e-07,0.0014718,0.008972,0.0354866,0.0459734,0.0412553,0.0857488,0.0290252,0.0381132,0.1007412,0.0513162,0.0411956,
343,1e-07,0.0011757,0.0056075,0.0459499,0.0337967,0.0478298,0.0771772,0.0297692,0.0648802,0.0844133,0.0533807,0.0468439,
344,2e-07,0.0010794,0.0097945,0.0601064,0.0054298,0.0687729,0.075753,0.0142047,0.0734145,0.0851015,0.0117998,0.0725299,
345,2e-07,0.0011774,0.0148513,0.0370813,0.0368586,0.070057,0.0703275,0.0471205,0.0639691,0.0752782,0.055315,0.0158536,
346,2e-07,0.000501,0.0185406,0.0411696,0.0270502,0.0759957,0.112034,0.0425912,0.0810661,0.0953982,0.0722412,0.1076129,
347,2e-07,0.0005502,0.0209329,0.0299388,0.0442913,0.0641604,0.0716282,0.0429568,0.0318219,0.1046298,0.0375096,0.1445359,
348,2e-07,0.0019141,0.011043,0.0540257,0.0593401,0.0360704,0.0756596,0.0664021,0.0301988,0.1334824,0.0575855,0.105658,
349,2e-07,0.0015937,0.0192408,0.0597473,0.0713858,0.0650533,0.1124424,0.0821892,0.059921,0.1256817,0.0346886,0.0903999,
350,2e-07,0.0016964,0.0454306,0.0587773,0.064971,0.0127129,0.112957,0.0763889,0.0424792,0.123016,0.0251267,0.1050448,
351,2e-07,0.0009733,0.0435954,0.0293929,0.0517847,0.0376735,0.0283939,0.0603047,0.1345149,0.2074773,0.1150109,0.1335035,
352,2e-07,0.0005217,0.0411774,0.0648318,0.0615212,0.0565085,0.0441423,0.0523766,0.1423581,0.2236189,0.1275885,0.1095976,
353,2e-07,0.0021135,0.0243449,0.0635847,0.0963364,0.0413624,0.0752392,0.040483,0.1631643,0.2557971,0.1530539,0.0984501,
354,2e-07,0.0015312,0.028766,0.0300908,0.0745376,0.0640547,0.0641186,0.0496941,0.0897525,0.1869991,0.1144705,0.1114065,
355,2e-07,0.0009703,0.0449209,0.0729686,0.0567651,0.0891208,0.064907,0.0686664,0.0276377,0.1456615,0.0296395,0.0790576,
356,2e-07,0.0030136,0.0253333,0.0735658,0.0626587,0.0994797,0.0468283,0.0913313,0.1243388,0.2003954,0.1222649,0.0434816,
357,2e-07,0.0025541,0.0041031,0.0097039,0.0774375,0.1007726,0.0509539,0.0389494,0.1690958,0.2504479,0.1330862,0.1100167,
358,2e-07,0.0024948,0.0376342,0.0554321,0.1131013,0.0941857,0.0537009,0.0147579,0.1697545,0.2697374,0.0918374,0.1896445,
359,2e-07,0.0021754,0.0419927,0.0442118,0.1269059,0.0991044,0.0571017,0.0213924,0.1078521,0.2372604,0.2137595,0.1518218,
360,2e-07,0.0014227,0.0215094,0.0647002,0.1015579,0.0853012,0.0331526,0.0277157,0.066561,0.2117034,0.157923,0.1718599,
361,2e-07,0.00254,0.0239006,0.0553044,0.0645479,0.0842849,0.0552311,0.1167913,0.103419,0.2308201,0.2820045,0.1951545,
362,2e-07,0.0014048,0.0181181,0.0327116,0.0687404,0.0513479,0.0582403,0.1296357,0.0984719,0.2344404,0.2205678,0.188357,
363,2e-07,0.002607,0.0091335,0.0481601,0.0859663,0.0732891,0.0484213,0.1057321,0.0573877,0.208945,0.1602926,0.1633047,
364,2e-07,0.0011134,0.0192637,0.0620329,0.0784521,0.0825593,0.0434509,0.0911509,0.1053431,0.2146405,0.2350218,0.1933531,
365,2e-07,0.0025873,0.0421646,0.0584733,0.0953929,0.0604237,0.0645414,0.0645599,0.1395447,0.2632808,0.2530826,0.1912435,
366,2e-07,0.0034883,0.016868,0.062183,0.0829141,0.0831189,0.0901466,0.0614046,0.0995145,0.2063043,0.188994,0.1610302,
367,2e-07,0.0018813,0.0270945,0.0456375,0.0801781,0.0920654,0.0802383,0.0715946,0.0464803,0.1851023,0.1303339,0.1543228,
368,2e-07,0.002704,0.0321317,0.0791105,0.0554446,0.0570668,0.1273892,0.1000497,0.0311907,0.1516073,0.0933785,0.1173342,
369,2e-07,0.0029359,0.0458839,0.0462808,0.0528386,0.0928774,0.1590964,0.0739754,0.0245572,0.0646466,0.0809238,0.1540848,
370,2e-07,0.0014477,0.0279393,0.0476577,0.072804,0.1096606,0.1295479,0.1532628,0.0370517,0.1260503,0.0629674,0.1473307,
371,2e-07,0.0014449,0.0076776,0.0288115,0.0556111,0.1149637,0.1377435,0.0757746,0.0366239,0.1705392,0.0391254,0.1288609,
372,2e-07,0.0010769,0.0020127,0.0377295,0.0413967,0.0722333,0.1329736,0.0827818,0.0336887,0.1367039,0.0347795,0.0664732,
373,2e-07,0.0010755,0.0181505,0.0437776,0.0586146,0.0545683,0.1059907,0.0854586,0.0356194,0.1359339,0.0928601,0.0702929,
374,1e-07,0.0010753,0.0203981,0.0362112,0.1038915,0.045028,0.1088478,0.042278,0.0514073,0.1215544,0.0798981,0.0811836,
375,1e-07,0.0004997,0.0194116,0.0420904,0.0636094,0.0738916,0.1213456,0.0343747,0.0803254,0.1239969,0.0789437,0.0946192,
376,1e-07,0.0040856,0.0282407,0.0488232,0.0813232,0.0530646,0.1236957,0.0390618,0.0719798,0.0857707,0.102242,0.1206448,
377,1e-07,0.0066985,0.0360534,0.0448402,0.0565015,0.1298041,0.2268394,0.0834877,0.0690556,0.2269865,0.2575061,0.3533773,
378,1e-07,0.0144298,0.0528534,0.0724794,0.1464684,0.2093442,0.2567087,0.2678846,0.2787637,0.371765,0.3688438,0.2991397,
379,1e-07,0.0077882,0.0432884,0.0680053,0.0812911,0.0579922,0.1479865,0.071948,0.057535,0.1530424,0.2016009,0.1373805,
380,1e-07,0.0026675,0.0138153,0.0654411,0.0362389,0.0709389,0.0811513,0.074863,0.0669787,0.1544948,0.1046279,0.0635804,
381,1e-07,0.0018544,0.0315875,0.0406482,0.0977337,0.0866868,0.0906947,0.0738339,0.0659858,0.1533575,0.0776439,0.1100567,
382,1e-07,0.0026255,0.0236729,0.0404348,0.1100571,0.0936981,0.0978862,0.0876406,0.0804923,0.1756944,0.1049632,0.103948,
383,2e-07,0.0010763,0.0194862,0.0327257,0.0686,0.0736434,0.1045237,0.0665458,0.0417317,0.1241708,0.1046974,0.087783,
384,2e-07,0.0024406,0.0208857,0.0500073,0.0739356,0.068994,0.0879021,0.0594445,0.0340698,0.1264462,0.1154762,0.0683592,
385,2e-07,0.0004898,0.0130193,0.0596274,0.054093,0.0700759,0.0722881,0.0477051,0.0278704,0.1011401,0.0896944,0.1096492,
386,2e-07,0.0004925,0.0145321,0.0603135,0.0421945,0.0383698,0.0793038,0.039563,0.009589,0.0898084,0.0603127,0.0482772,
387,2e-07,0.0009598,0.0137865,0.059237,0.0698016,0.0612904,0.0624055,0.0343388,0.0420619,0.0928324,0.1187481,0.0404742,
388,2e-07,0.0021886,0.0167175,0.0433896,0.0291116,0.084842,0.0999305,0.0096021,0.0414432,0.0715033,0.1086049,0.0675184,
389,2e-07,0.0033066,0.0103833,0.0465318,0.0208284,0.0878462,0.0930479,0.041559,0.0471373,0.0727233,0.1405888,0.0508942,
390,2e-07,0.0043937,0.0289888,0.0234272,0.0407453,0.1217032,0.0900777,0.0458794,0.0477108,0.0403605,0.1113891,0.1067892,
391,2e-07,0.0009526,0.0102544,0.0440609,0.0416418,0.1002841,0.1010705,0.0453937,0.0578399,0.0539252,0.0844127,0.0708288,
392,2e-07,0.0009956,0.013927,0.0641472,0.033927,0.0456617,0.0981273,0.0172092,0.0539669,0.0881402,0.0921931,0.093277,
393,2e-07,0.0005588,0.0127097,0.0421043,0.0163699,0.0411991,0.0760823,0.0291926,0.057395,0.1016191,0.0899194,0.0284391,
394,2e-07,0.0019043,0.0108669,0.0494141,0.0374396,0.0159946,0.0815761,0.038318,0.04625,0.1288277,0.0766861,0.0685037,
395,2e-07,0.0010065,0.0164927,0.063625,0.0459864,0.0396237,0.0754759,0.0312126,0.0277306,0.0976776,0.0687521,0.0720401,
396,2e-07,0.0005579,0.017213,0.0323942,0.0333891,0.0480021,0.0551948,0.045263,0.0450787,0.0726017,0.0991054,0.0420967,
397,2e-07,0.0011082,0.0485542,0.0551518,0.0679454,0.0572413,0.0630087,0.060399,0.0854402,0.0925466,0.1165234,0.0209943,
398,1e-07,0.0014019,0.0490488,0.0290491,0.0942405,0.0917403,0.0845719,0.0818731,0.1600689,0.1112024,0.1416785,0.0255962,
399,1e-07,0.0021735,0.032016,0.0581637,0.1312675,0.0989322,0.0919502,0.1170719,0.0536621,0.1007921,0.17013,0.030843,
400,1e-07,0.0017004,0.027993,0.0556653,0.0975712,0.1036911,0.0754271,0.1306943,0.0539503,0.1495443,0.1427067,0.0236828,
401,1e-07,0.0012159,0.0017012,0.0498451,0.0360488,0.0493459,0.0522336,0.1120244,0.0161031,0.1098006,0.1457972,0.0413858,
402,1e-07,0.0032684,0.0258728,0.1065327,0.027926,0.0924541,0.0790673,0.0978534,0.0818707,0.1848032,0.1223865,0.0421829,
403,1e-07,0.0065954,0.0130594,0.0863773,0.0278812,0.0495154,0.0182731,0.0662264,0.0840728,0.0676802,0.0915665,0.0909346,
404,1e-07,0.00568,0.0398683,0.0648646,0.0368125,0.0797758,0.0359942,0.0596543,0.0778372,0.0288414,0.0743715,0.0396138,
405,1e-07,0.0034043,0.015905,0.0433412,0.0742809,0.1018727,0.0636299,0.0607365,0.0794651,0.0370161,0.0265554,0.0500959,
406,1e-07,0.0033285,0.0196185,0.0212139,0.0437755,0.027996,0.0709186,0.0382517,0.0578129,0.0307726,0.0886854,0.0474526,
407,1e-07,0.001626,0.025082,0.0344261,0.0328458,0.0618686,0.0791839,0.0348018,0.0684482,0.0542345,0.0766505,0.0562279,
408,1e-07,0.0032509,0.0044787,0.028923,0.0466667,0.0377485,0.0962355,0.0552904,0.0590557,0.0775293,0.0837962,0.093254,
409,1e-07,0.0020898,0.005105,0.0544173,0.0493293,0.0326166,0.1159087,0.0441675,0.0513097,0.0702977,0.0957443,0.0765978,
410,1e-07,0.0022381,0.0458866,0.0267039,0.0360953,0.0291945,0.064105,0.0649173,0.0300244,0.0365282,0.1063925,0.0792534,
411,1e-07,0.0012421,0.035854,0.0476282,0.0282586,0.0331695,0.0552505,0.0692095,0.0230385,0.0412391,0.0309297,0.0929073,
412,1e-07,0.0010857,0.0221651,0.0757482,0.0449633,0.0475945,0.0442683,0.0684901,0.070208,0.0335623,0.0822516,0.058343,
413,1e-07,0.000478,0.0205509,0.0647338,0.0638507,0.0425109,0.1135043,0.079771,0.1310381,0.1216246,0.0807954,0.071978,
414,1e-07,0.0017561,0.0294171,0.0338241,0.0760321,0.0358722,0.0873639,0.096423,0.1083031,0.118455,0.082929,0.0769645,
415,1e-07,0.0009516,0.0277559,0.0298522,0.0667597,0.0416008,0.0278306,0.1299537,0.0739958,0.0524489,0.11157,0.0826814,
416,1e-07,0.0018536,0.0165228,0.0154578,0.0154664,0.0445109,0.0333822,0.0818299,0.065779,0.0615608,0.0658471,0.0570986,
417,1e-07,0.0017541,0.0352208,0.0353162,0.0255277,0.027521,0.0308644,0.0514563,0.0509394,0.0714493,0.015779,0.0509739,
418,1e-07,0.0004791,0.0052546,0.0562877,0.0173796,0.026948,0.036417,0.0527211,0.0649033,0.0644844,0.035724,0.0712352,
419,1e-07,0.0015471,0.0021147,0.0373249,0.0298708,0.0410772,0.0316105,0.0474893,0.0558695,0.0628492,0.0431702,0.0501666,
420,1e-07,0.0012639,0.0098327,0.041868,0.0444229,0.0772797,0.0186653,0.0402637,0.0517335,0.0425865,0.0439295,0.0373324,
421,1e-07,0.0005518,0.0100586,0.0235039,0.01603,0.0740474,0.0240342,0.0096373,0.0417886,0.0545842,0.0517491,0.0261695,
422,1e-07,0.0010767,0.0089777,0.0293121,0.0432309,0.0405975,0.0434162,0.0531143,0.0281488,0.0383844,0.0247597,0.0438544,
423,1e-07,0.0010974,0.0022003,0.074991,0.0389301,0.0171424,0.0666912,0.0559351,0.0547671,0.0635988,0.034071,0.0172286,
424,1e-07,0.0016257,0.0145569,0.0349784,0.0361366,0.0355979,0.102682,0.0469884,0.0548815,0.1046299,0.0335149,0.0564052,
425,1e-07,0.0026998,0.0141258,0.0493438,0.0554859,0.0695353,0.1138204,0.0656489,0.0535676,0.0921361,0.0540169,0.0780938,
426,1e-07,0.0040775,0.0138366,0.0609057,0.0599336,0.0201168,0.1081802,0.0249019,0.0482307,0.0916257,0.0454582,0.0829853,
427,1e-07,0.0019387,0.0167427,0.0334908,0.0436159,0.0505993,0.0617497,0.0200067,0.0312255,0.053796,0.0789013,0.0871813,
428,1e-07,0.0013896,0.0298656,0.0395944,0.0411278,0.0857381,0.0607852,0.0496487,0.0241894,0.0248325,0.0400752,0.0539795,
429,0.0,0.0051089,0.0193271,0.0473939,0.0282622,0.0447519,0.081211,0.0509332,0.0223177,0.016932,0.041516,0.0575756,
430,0.0,0.0041373,0.0188293,0.0334813,0.0440412,0.0735384,0.0647641,0.0405198,0.0168359,0.0139381,0.0646993,0.0854936,
431,0.0,0.0021733,0.0313338,0.0447116,0.0223085,0.052354,0.0419641,0.0364635,0.0376657,0.0233902,0.0110829,0.0433934,
432,0.0,0.0011087,0.0246722,0.0477847,0.034142,0.0500306,0.0216272,0.0339706,0.0612755,0.0240564,0.0270235,0.0410596,
433,0.0,0.0010793,0.0158234,0.0545712,0.0334944,0.0848096,0.0145996,0.0309313,0.0478153,0.0475108,0.0438444,0.0680664,
434,1e-07,0.0014144,0.0336941,0.0614481,0.0528984,0.0699861,0.0548459,0.0725316,0.0722637,0.078782,0.0301842,0.0464609,
435,1e-07,0.0014077,0.0405881,0.0241324,0.0315719,0.045663,0.0458278,0.0404488,0.0311574,0.1031512,0.0232657,0.043315,
436,1e-07,0.0011373,0.0275309,0.0398584,0.0428451,0.0350011,0.0193507,0.0699446,0.0831943,0.1013364,0.079245,0.0758258,
437,1e-07,0.003028,0.0285881,0.043758,0.0516335,0.0348222,0.0361759,0.0926501,0.0906905,0.0639944,0.1109948,0.0219494,
438,1e-07,0.0023604,0.0087539,0.0140573,0.0734635,0.0242979,0.0882929,0.0884309,0.0952388,0.0998564,0.0882645,0.0591124,
439,2e-07,0.0016316,0.0104248,0.0161174,0.0250359,0.065614,0.0366069,0.0940989,0.085641,0.0802402,0.0528785,0.0760707,
440,1e-07,0.0022397,0.0099629,0.0551717,0.031488,0.0686451,0.0477583,0.1121117,0.0610606,0.0961948,0.0415728,0.0573581,
441,1e-07,0.0022356,0.0166995,0.0513576,0.0201058,0.0553123,0.048911,0.0704175,0.0757692,0.0256442,0.0527968,0.027264,
442,1e-07,0.0004951,0.0154502,0.0563419,0.0531109,0.0748117,0.0101673,0.0539253,0.0580414,0.0285545,0.0636736,0.0829803,
443,1e-07,0.0012537,0.0278064,0.0778596,0.0404382,0.0606885,0.0442073,0.0493477,0.0771135,0.0417046,0.1249125,0.1014762,
444,1e-07,0.0009952,0.022298,0.0505542,0.0633188,0.0534497,0.0929652,0.0566893,0.1143666,0.0622783,0.1105304,0.0423988,
445,1e-07,0.0017415,0.0150096,0.0348227,0.0250025,0.0434407,0.0604692,0.0559302,0.0493892,0.0699492,0.086914,0.1006487,
446,1e-07,0.0018004,0.0063429,0.0436426,0.0330212,0.0395824,0.049312,0.0587496,0.0864691,0.0687743,0.0886177,0.0841856,
447,1e-07,0.0029467,0.0253545,0.0426133,0.0377475,0.0182519,0.0499794,0.0465198,0.1316722,0.0455854,0.0933128,0.0481236,
448,1e-07,0.0013579,0.0417168,0.0561667,0.0251444,0.0293839,0.0964407,0.0623621,0.0992144,0.0779475,0.0952394,0.0301805,
449,1e-07,0.001978,0.0360773,0.0525434,0.05888,0.0404769,0.0606922,0.0411298,0.09816,0.0632246,0.0885314,0.0658996,
450,1e-07,0.0011801,0.0129713,0.0570247,0.0241905,0.0469282,0.0606182,0.0372007,0.1099726,0.0263018,0.0667863,0.0561721,
451,1e-07,0.0009703,0.0085942,0.0556305,0.0257236,0.0450129,0.036635,0.0284772,0.0708271,0.0582178,0.050971,0.0342988,
452,1e-07,0.0011054,0.0056829,0.0478244,0.0374867,0.0372191,0.0374383,0.0616586,0.0437402,0.0537295,0.0492758,0.0269941,
453,1e-07,0.0005513,0.0063481,0.0550621,0.0296474,0.0283475,0.0316107,0.0622015,0.0480047,0.0709749,0.0636254,0.0351442,
454,1e-07,0.0010083,0.007002,0.0444826,0.0460658,0.0252753,0.0272642,0.0630929,0.0489186,0.0311361,0.0728876,0.0667467,
455,1e-07,0.0012687,0.0104101,0.0434112,0.0169802,0.0476035,0.0626599,0.0820848,0.0362698,0.0158546,0.0274376,0.0508318,
456,1e-07,0.0022112,0.0139321,0.0264249,0.069088,0.0178893,0.0449859,0.0478452,0.0213004,0.0143801,0.031975,0.0654895,
457,1e-07,0.0027624,0.0206532,0.0225956,0.0274554,0.0105643,0.0418066,0.013249,0.0439446,0.0323114,0.0298225,0.1023934,
458,0.0,0.003166,0.0282795,0.0244053,0.0311374,0.0507402,0.0454278,0.0559235,0.0584275,0.0853177,0.0477785,0.0752633,
459,0.0,0.0047196,0.028542,0.0128406,0.0338845,0.039181,0.0701157,0.057979,0.0458376,0.0704768,0.0668012,0.0893549,
460,0.0,0.0056461,0.0418696,0.0080966,0.0695705,0.041096,0.0794052,0.0419246,0.0814647,0.0926134,0.0838648,0.0528498,
461,0.0,0.0034441,0.0525619,0.0298861,0.058601,0.0283111,0.1191099,0.0380861,0.0447363,0.0890421,0.0933244,0.0645049,
462,1e-07,0.0040509,0.0408931,0.034532,0.044568,0.0285714,0.102044,0.0235538,0.0432301,0.0358354,0.0990272,0.0578444,
463,1e-07,0.0023619,0.0279419,0.0606135,0.0706754,0.079425,0.0487463,0.0138974,0.0455004,0.0355862,0.1012714,0.0501385,
464,1e-07,0.0039836,0.0166736,0.0581453,0.0524752,0.0618393,0.0860009,0.0288242,0.0435617,0.0220438,0.0750542,0.0936611,
465,1e-07,0.0016056,0.0227053,0.0608836,0.0539333,0.029318,0.0768772,0.0370529,0.050428,0.0414129,0.0522185,0.0485205,
466,1e-07,0.0011344,0.0274206,0.0438465,0.0585805,0.0251303,0.1240235,0.0393662,0.0413671,0.0547206,0.099527,0.082487,
467,1e-07,0.0004851,0.0169975,0.0502292,0.0335314,0.0453747,0.0454625,0.0760142,0.0653568,0.0458122,0.0441508,0.0562961,
468,1e-07,0.0014725,0.005476,0.041259,0.0367936,0.0207801,0.0217941,0.0619259,0.0346713,0.0619388,0.0434651,0.0402981,
469,1e-07,0.0016447,0.0073625,0.0348327,0.0212344,0.0333456,0.0342537,0.0455159,0.0403607,0.0650141,0.0286419,0.0350826,
470,2e-07,0.0022274,0.005558,0.0342494,0.0221552,0.0538611,0.0697692,0.0185737,0.0347817,0.0376445,0.030982,0.0745789,
471,2e-07,0.0005527,0.0134954,0.0232479,0.0196756,0.0633751,0.0143366,0.0195711,0.0598497,0.0388886,0.0211301,0.0635882,
472,1e-07,0.0014171,0.0192238,0.0407031,0.0308153,0.0313569,0.0120846,0.0467785,0.0680431,0.0367172,0.0245845,0.0730096,
473,2e-07,0.0011802,0.0185656,0.0473015,0.034355,0.0709711,0.0311564,0.0804758,0.0676637,0.067447,0.0310448,0.0860136,
474,0.0,0.0021106,0.0149011,0.0663969,0.0299317,0.0658472,0.0927368,0.1299939,0.0872964,0.1110396,0.0397254,0.1231595,
475,1e-07,0.0005515,0.0263362,0.0626147,0.0305008,0.0337974,0.1042035,0.110495,0.1397653,0.0819702,0.0464613,0.1162223,
476,1e-07,0.0015972,0.0209407,0.0347286,0.0098974,0.0611395,0.1038012,0.1265103,0.1136987,0.0080138,0.0682413,0.0706096,
477,1e-07,0.0024627,0.0096013,0.0358886,0.0422472,0.0626777,0.0124185,0.061779,0.0733381,0.0509336,0.0511042,0.0932074,
478,1e-07,0.000502,0.0071273,0.0454177,0.0409051,0.048109,0.022203,0.0726131,0.0592663,0.0422442,0.0537669,0.0458705,
479,1e-07,0.0016878,0.0070818,0.0395096,0.0513074,0.0472477,0.0294421,0.0689685,0.0868221,0.0548194,0.018488,0.0280524,
480,2e-07,0.0009562,0.0084444,0.0307426,0.0432972,0.0727869,0.0194192,0.0896433,0.0945002,0.0515386,0.0488967,0.0362039,
481,2e-07,0.0015483,0.0084327,0.0192936,0.0497719,0.0599505,0.0268636,0.0528365,0.0600279,0.0411267,0.024695,0.0378925,
482,1e-07,0.0017572,0.0256607,0.0332491,0.0549087,0.0526042,0.0441955,0.0495071,0.0437618,0.0523713,0.0150792,0.0620281,
483,1e-07,0.0011232,0.0138893,0.0278505,0.0789119,0.069519,0.0386568,0.0941931,0.0588251,0.0570936,0.1017011,0.0925341,
484,2e-07,0.0058582,0.0322352,0.0315421,0.0692127,0.0575077,0.0775654,0.10826,0.0719747,0.064812,0.1307939,0.1131539,
485,2e-07,0.0054435,0.0234618,0.0359673,0.057231,0.0407411,0.0738951,0.0986691,0.0798626,0.073524,0.128091,0.0513036,
486,2e-07,0.001938,0.0189043,0.0468746,0.0453029,0.0620057,0.0346386,0.0475652,0.0465199,0.0348785,0.0618627,0.0544987,
487,2e-07,0.0004918,0.0078893,0.0524494,0.0470226,0.0544473,0.0465839,0.060116,0.0334465,0.0144819,0.0660819,0.0365157,
488,2e-07,0.0009907,0.029236,0.0470912,0.0406366,0.0497832,0.0281786,0.0592977,0.0668652,0.0235829,0.0330895,0.045554,
489,2e-07,0.003274,0.0522576,0.0689666,0.0308806,0.0254434,0.0488426,0.0228299,0.0556126,0.0299903,0.0446962,0.045971,
490,2e-07,0.0013477,0.0265557,0.0609592,0.069011,0.0422993,0.0664509,0.0620602,0.0652373,0.0290803,0.0306463,0.0193441,
491,2e-07,0.0014,0.0365909,0.0519482,0.0832475,0.0818569,0.0518774,0.0431385,0.0571418,0.0293554,0.0485527,0.0397071,
492,2e-07,0.001939,0.0158838,0.0326804,0.0770185,0.0725091,0.0287187,0.0762544,0.0605038,0.0306927,0.0676396,0.0175711,
493,2e-07,0.001767,0.0120098,0.0577044,0.0678175,0.0595649,0.0531528,0.0671685,0.1141915,0.081047,0.0568925,0.0678902,
494,2e-07,0.0030925,0.0250251,0.0498714,0.0711543,0.0757703,0.0595795,0.0893831,0.1049412,0.1053443,0.051654,0.0999731,
495,2e-07,0.0043313,0.0242641,0.0620205,0.0694014,0.0961143,0.0672142,0.1465587,0.0896168,0.170351,0.1009123,0.09917,
496,2e-07,0.003217,0.0459086,0.1246053,0.0768553,0.1140518,0.0645379,0.1650401,0.1400376,0.1516172,0.1241973,0.124771,
497,2e-07,0.0017225,0.0368431,0.1160255,0.0907301,0.0406201,0.1207257,0.3057458,0.0982276,0.1458326,0.1635979,0.1193699,
498,2e-07,0.0012798,0.0281467,0.0485365,0.0359537,0.0699546,0.1048733,0.1618822,0.0811346,0.1329054,0.051263,0.0851336,
499,2e-07,0.0027431,0.0302714,0.0774418,0.0549696,0.0712049,0.0801412,0.0901808,0.0958616,0.1023247,0.0473318,0.0704776,
500,2e-07,0.0012717,0.0231706,0.035561,0.0816083,0.0473526,0.0752868,0.0710081,0.09442,0.0660468,0.0177594,0.1110971,
501,2e-07,0.0029751,0.0118753,0.0307183,0.0850375,0.0135244,0.071721,0.0538275,0.1186636,0.1427225,0.0930854,0.2218462,
502,1e-07,0.002048,0.014761,0.1115971,0.013658,0.0575058,0.0779802,0.0488382,0.1930884,0.1652026,0.0785269,0.1484985,
503,1e-07,0.0017943,0.0106711,0.0475327,0.0203452,0.0586147,0.0297691,0.0574165,0.1220975,0.1054901,0.0336173,0.1100761,
504,1e-07,0.0018784,0.0286999,0.0249264,0.0118882,0.0527796,0.0650888,0.1403617,0.1003692,0.0819423,0.0455139,0.066421,
505,1e-07,0.0015888,0.0095935,0.0274914,0.0156284,0.0549876,0.0468836,0.1204595,0.0657903,0.0700687,0.0324271,0.059047,
506,1e-07,0.0010875,0.0101934,0.023148,0.0388747,0.0263001,0.0566917,0.0835571,0.0946924,0.0952743,0.0369441,0.0559263,
507,1e-07,0.0004758,0.0183879,0.0275242,0.0310944,0.0386655,0.0197612,0.0698681,0.0861569,0.0890591,0.0225075,0.0542955,
508,1e-07,0.0017729,0.0209119,0.040541,0.0492247,0.0299111,0.0390236,0.1086618,0.0762757,0.0640055,0.0557443,0.0532185,
509,1e-07,0.0016748,0.0222931,0.0366095,0.0527946,0.0103396,0.054124,0.0785651,0.0922988,0.0581354,0.0362489,0.0441445,
510,0.0,0.0027934,0.0191802,0.0297596,0.0586307,0.0269993,0.0653339,0.0762179,0.0691693,0.047226,0.0396843,0.0365487,
511,0.0,0.0025939,0.0127005,0.0200289,0.0238035,0.0456937,0.0325,0.0757276,0.0817039,0.0508316,0.0335621,0.0330619,
512,0.0,0.0019628,0.014395,0.0153252,0.0246262,0.0519676,0.0267209,0.0777919,0.0997976,0.0246303,0.0882959,0.0721119,
513,0.0,0.0004735,0.0099188,0.0212273,0.0405629,0.0485771,0.0180436,0.0890937,0.0423974,0.0426013,0.0711562,0.0729269,
514,0.0,0.0032866,0.0049423,0.0337033,0.0249276,0.0709642,0.0581555,0.0832215,0.0493483,0.0434071,0.0524012,0.0606738,
515,0.0,0.0045603,0.0031943,0.0157368,0.0441298,0.0825009,0.0600582,0.0563066,0.0936209,0.0419625,0.0622534,0.0359678,
516,0.0,0.0074386,0.0127033,0.0390984,0.0720137,0.0913495,0.0629141,0.0816893,0.0917163,0.024425,0.0748354,0.0495825,
517,1e-07,0.0051235,0.0162461,0.0205605,0.0542658,0.0887689,0.0430778,0.0720013,0.0610035,0.0295592,0.0479292,0.0657127,
518,1e-07,0.0026954,0.0212357,0.0409419,0.0564202,0.1066287,0.0573218,0.059117,0.0391965,0.0834454,0.0304842,0.0494236,
519,1e-07,0.0077073,0.0199674,0.0334966,0.0225548,0.0927081,0.0422773,0.0641801,0.0489928,0.0504428,0.053405,0.0282441,
520,1e-07,0.0068671,0.0384467,0.0528223,0.0544374,0.0689842,0.0432695,0.0646252,0.0657274,0.0885179,0.0673355,0.0809062,
521,1e-07,0.0126618,0.0422987,0.0238163,0.0646253,0.1045266,0.0756926,0.0674963,0.0849772,0.0730852,0.0761585,0.0625137,
522,1e-07,0.0067924,0.0612075,0.0627069,0.0776201,0.0830139,0.0569698,0.0848268,0.1171883,0.0359424,0.0761718,0.1404099,
523,1e-07,0.0099114,0.0609012,0.0834695,0.0625958,0.0842237,0.0546123,0.0650048,0.0755764,0.0479952,0.0738135,0.1318187,
524,1e-07,0.0055237,0.035735,0.0692419,0.0553702,0.0552059,0.0286879,0.0518765,0.0818408,0.0635495,0.0713966,0.0899623,
525,1e-07,0.0015618,0.0383011,0.0757216,0.0664579,0.0255679,0.0332176,0.1014765,0.088083,0.0931737,0.0817942,0.0506693,
526,1e-07,0.0036957,0.0586276,0.0937045,0.0856846,0.0366676,0.0290748,0.0953424,0.1112045,0.074755,0.0522006,0.0701633,
527,0.0,0.0041011,0.0104811,0.070453,0.1114193,0.053827,0.0642197,0.0261858,0.1465073,0.0608101,0.0520973,0.0692615,
528,0.0,0.0033177,0.0534594,0.046582,0.0934916,0.0403137,0.0347969,0.079516,0.2089872,0.1335498,0.1037132,0.0933151,
529,0.0,0.0045606,0.0457787,0.0441944,0.1001036,0.0470912,0.133573,0.1021941,0.1256853,0.0868739,0.1348177,0.0841658,
530,0.0,0.0024338,0.0152937,0.0465755,0.0515168,0.1049456,0.2149016,0.1054371,0.1077208,0.1136802,0.1851264,0.2486654,
531,1e-07,0.0010941,0.0208082,0.0541051,0.047748,0.0559943,0.2043289,0.024564,0.0903882,0.0838601,0.0797366,0.1505512,
532,1e-07,0.0057033,0.020662,0.0489673,0.0800579,0.0363648,0.1641127,0.0393248,0.0783349,0.1500759,0.0492452,0.0361324,
533,1e-07,0.002366,0.0173551,0.0172956,0.0642731,0.0260051,0.1517367,0.0665393,0.0177319,0.1631504,0.0699043,0.0958682,
534,1e-07,0.001905,0.0419843,0.0823265,0.0449882,0.0167118,0.1141076,0.1060209,0.0415694,0.1814963,0.1214412,0.098023,
535,1e-07,0.0020642,0.0312197,0.0931739,0.0304952,0.0449076,0.1131611,0.0723043,0.0359951,0.1797969,0.0937438,0.1543557,
536,1e-07,0.0013061,0.0092753,0.0897197,0.0638561,0.0994981,0.1191864,0.0392628,0.0625983,0.1973363,0.117758,0.1467776,
537,1e-07,0.0011496,0.0218633,0.0947992,0.047873,0.1092305,0.0994499,0.0533408,0.0839159,0.1521262,0.0499326,0.0899832,
538,1e-07,0.0017735,0.0356325,0.1093789,0.0192463,0.083774,0.1089845,0.0640792,0.0818698,0.0812366,0.0719048,0.092016,
539,1e-07,0.0023487,0.0316978,0.1005318,0.0457234,0.0506459,0.1149195,0.059803,0.0471359,0.1153162,0.0927912,0.0845915,
540,1e-07,0.0049991,0.0114062,0.0747888,0.03015,0.0403271,0.1124817,0.0527729,0.0827848,0.1775986,0.0504142,0.0838232,
541,1e-07,0.0056748,0.035645,0.0837152,0.0155645,0.096117,0.1085727,0.0453141,0.0978658,0.16886,0.0555123,0.0317795,
542,1e-07,0.0043969,0.0372483,0.0524028,0.056543,0.0665807,0.1124537,0.0749247,0.0540378,0.0856204,0.0485416,0.053183,
543,1e-07,0.006791,0.042984,0.0354769,0.0655283,0.0341542,0.1219721,0.0679794,0.0345755,0.0835834,0.0837047,0.0788006,
544,1e-07,0.0042631,0.0319071,0.0280853,0.0195202,0.0689568,0.1559565,0.0825801,0.0754448,0.0304241,0.0781707,0.0681831,
545,1e-07,0.0004829,0.0372032,0.0486258,0.0091244,0.032145,0.0817394,0.067532,0.0863522,0.069135,0.0143412,0.0281325,
546,1e-07,0.0021014,0.0286185,0.0385071,0.026715,0.036977,0.0526694,0.0596179,0.0965109,0.0679788,0.0849265,0.0534921,
547,1e-07,0.0025859,0.027369,0.0446785,0.0823743,0.0639864,0.0554672,0.037947,0.1018353,0.0697356,0.0860135,0.0795812,
548,1e-07,0.0014459,0.028102,0.0516682,0.0591293,0.095563,0.0460363,0.0614383,0.1139182,0.0856486,0.0898546,0.0825842,
549,1e-07,0.0022152,0.0357224,0.0500015,0.0590005,0.089819,0.1293441,0.0517773,0.0784169,0.1258843,0.1098756,0.0414011,
550,1e-07,0.0020579,0.0292488,0.0345383,0.0625725,0.0668524,0.1873984,0.0510423,0.0956439,0.1459986,0.0988062,0.0557289,
551,1e-07,0.0014296,0.0399024,0.0254752,0.0688882,0.057217,0.1219058,0.0249035,0.1162772,0.1823555,0.064406,0.0583888,
552,1e-07,0.0026841,0.0310293,0.0713243,0.0612734,0.0829948,0.0339955,0.0459517,0.0850503,0.1778028,0.037797,0.061698,
553,1e-07,0.0050983,0.0372313,0.0859013,0.0515446,0.0617545,0.0694808,0.0837417,0.0958922,0.2123003,0.0793791,0.0613205,
554,1e-07,0.0072737,0.0106206,0.0499521,0.0454827,0.0509865,0.0939971,0.0765148,0.095379,0.1687185,0.0857502,0.0805741,
555,1e-07,0.0010887,0.0091959,0.0834729,0.0371885,0.0352131,0.0560543,0.1105218,0.0855678,0.168573,0.1119046,0.0858393,
556,0.0,0.0025398,0.0180866,0.0950835,0.0149815,0.0667653,0.0677299,0.1034226,0.0757821,0.15566,0.0657845,0.0559175,
557,0.0,0.0090213,0.0290354,0.0730507,0.0359579,0.0792081,0.0480329,0.0623828,0.1016129,0.1623724,0.0854177,0.1084172,
558,0.0,0.0058283,0.0221735,0.0652091,0.0337106,0.0654197,0.0489564,0.1090494,0.1233219,0.1435372,0.0859202,0.1073722,
559,0.0,0.0043816,0.0533693,0.0502625,0.0486212,0.0828154,0.0507935,0.096335,0.1065665,0.1037214,0.0878813,0.0565453,
560,0.0,0.0032519,0.0446111,0.0450783,0.0782474,0.0623592,0.0460944,0.0756284,0.1100333,0.1448605,0.079456,0.0571206,
561,0.0,0.0070566,0.0189719,0.0707722,0.0713358,0.0713155,0.0607467,0.0608437,0.084317,0.1373284,0.1066924,0.108277,
562,1e-07,0.0091607,0.0124998,0.0408015,0.043457,0.0848972,0.0411896,0.0679867,0.091486,0.1067515,0.1301922,0.0920602,
563,1e-07,0.0078772,0.0251811,0.0485035,0.0062761,0.1014278,0.0317713,0.0656288,0.1071694,0.1109375,0.1311126,0.0632675,
564,1e-07,0.0082714,0.0197608,0.0247191,0.0610752,0.0918081,0.0228655,0.052326,0.0933245,0.1501192,0.1395305,0.0674953,
565,0.0,0.0036601,0.0366215,0.0122445,0.0636464,0.0706583,0.0392641,0.0588174,0.0845307,0.1276163,0.0712295,0.0547398,
566,0.0,0.0012862,0.0327447,0.0440977,0.0392169,0.0420333,0.0220341,0.0190628,0.1024668,0.1417816,0.0877956,0.0449333,
567,0.0,0.0022293,0.0247865,0.0470315,0.0545908,0.0385725,0.0890544,0.0724946,0.0993558,0.1590743,0.0829316,0.1046137,
568,0.0,0.0039692,0.0463215,0.0679822,0.0638671,0.0335956,0.1091554,0.0904243,0.1068039,0.1505511,0.1157948,0.1286525,
569,0.0,0.005636,0.0160354,0.0533744,0.044246,0.0486568,0.0698151,0.0386559,0.1046082,0.1220282,0.0938965,0.1108515,
570,0.0,0.0027603,0.0160706,0.0414838,0.0684699,0.0469744,0.0492077,0.0353053,0.0759352,0.0919229,0.087599,0.1053582,
571,0.0,0.00175,0.0126776,0.0415942,0.0540109,0.0537752,0.0667108,0.0230905,0.0810086,0.0984317,0.0923417,0.1006754,
572,0.0,0.0020403,0.0133902,0.0489701,0.0521509,0.0435269,0.0638964,0.045315,0.0738614,0.088575,0.0293707,0.0788629,
573,0.0,0.0014067,0.0269873,0.0456747,0.073264,0.0309265,0.0595948,0.0920479,0.0592639,0.0690521,0.0411666,0.0609677,
574,0.0,0.0018459,0.0062624,0.0519816,0.0694028,0.0492079,0.0683786,0.0819317,0.023654,0.0721502,0.0249687,0.0497854,
575,0.0,0.0051472,0.0105749,0.0758943,0.0802094,0.059098,0.0624755,0.1138059,0.0223106,0.1045191,0.0496959,0.0539365,
576,0.0,0.0035119,0.0214995,0.0742193,0.0712901,0.0607782,0.0394103,0.1478877,0.0467024,0.0653406,0.0423224,0.0563536,
577,0.0,0.0028872,0.0270264,0.0402803,0.053762,0.0797137,0.029748,0.135799,0.0327168,0.0510062,0.0345279,0.0515956,
578,0.0,0.0137469,0.0195126,0.0797521,0.0563907,0.0628378,0.0643872,0.1244687,0.0393958,0.072459,0.0355161,0.0528031,
579,0.0,0.0113205,0.0155449,0.0721887,0.0335076,0.0785336,0.0761807,0.1308783,0.0469023,0.0701884,0.0433961,0.0547785,
580,0.0,0.0090526,0.0311291,0.049029,0.0722674,0.0777034,0.0669796,0.1567071,0.0522066,0.0190327,0.0148256,0.070168,
581,0.0,0.0069972,0.0229244,0.041281,0.0722215,0.1409007,0.0214774,0.1046119,0.0736863,0.1082409,0.0580469,0.147972,
582,0.0,0.0064599,0.0381618,0.0588974,0.0619907,0.0974364,0.0626531,0.0622844,0.0257709,0.0986531,0.0359384,0.1173318,
583,0.0,0.0055468,0.0321297,0.0558489,0.1054062,0.080779,0.1725094,0.0531947,0.1131539,0.0937576,0.229,0.1519447,
584,0.0,0.0045374,0.022416,0.1338716,0.0773446,0.0746339,0.0744231,0.0745386,0.0764464,0.0868775,0.1274838,0.1178409,
585,1e-07,0.0093211,0.033235,0.0548449,0.0318534,0.0779222,0.0681417,0.0545331,0.0835891,0.1024229,0.0883747,0.1162352,
586,1e-07,0.0032273,0.0271215,0.0512723,0.0274788,0.089792,0.0472022,0.058356,0.0612785,0.0668629,0.0602683,0.1093225,
587,0.0,0.0027528,0.0187638,0.0384036,0.0248553,0.0690268,0.0497535,0.0685159,0.0622955,0.0322532,0.0127179,0.1040458,
588,1e-07,0.0031222,0.0407515,0.0632359,0.0657677,0.0858583,0.0496904,0.0620312,0.0916734,0.0396954,0.0317497,0.1220757,
589,1e-07,0.006095,0.0260041,0.0764006,0.052279,0.088358,0.0638615,0.0781791,0.1193131,0.0940187,0.0485777,0.1202504,
590,0.0,0.0060776,0.0095653,0.0676626,0.0593996,0.0835447,0.0675708,0.0686185,0.1037481,0.0751951,0.0198167,0.065304,
591,0.0,0.0133049,0.0189373,0.0730341,0.0799512,0.045948,0.0543168,0.0285549,0.070423,0.0415052,0.0277545,0.0615923,
592,0.0,0.0077465,0.0086806,0.062438,0.0828028,0.0495556,0.0592007,0.031159,0.0599929,0.0898842,0.0491577,0.0844321,
593,0.0,0.003574,0.0149433,0.0361216,0.0509948,0.0294208,0.1302377,0.0492958,0.029077,0.0785146,0.0446725,0.0449184,
594,0.0,0.0030117,0.0191256,0.0509196,0.0543117,0.0318487,0.085711,0.0505307,0.0349888,0.0733662,0.0354474,0.0578496,
595,1e-07,0.0042338,0.0206541,0.0324647,0.0467844,0.0150593,0.0746784,0.0482284,0.0212909,0.0902763,0.0204153,0.0300725,
596,1e-07,0.002398,0.0214469,0.0491581,0.0134037,0.0509488,0.0909728,0.0670708,0.02609,0.0842891,0.0201241,0.0326105,
597,0.0,0.0014085,0.0129051,0.0392154,0.0418113,0.0517535,0.1037241,0.0408005,0.0280807,0.0965229,0.034012,0.0744648,
598,0.0,0.0012327,0.0127889,0.0146819,0.0657613,0.0339455,0.0539232,0.1045621,0.0480897,0.1287141,0.0519763,0.0703737,
599,0.0,0.0015714,0.0123109,0.029835,0.0411831,0.0404267,0.0289355,0.1035819,0.0766314,0.1104883,0.0873731,0.0917707,
600,0.0,0.0024369,0.0133096,0.0717181,0.0144789,0.0373507,0.0420528,0.0796644,0.0946992,0.1130518,0.0791503,0.0316575,
601,0.0,0.0011308,0.0106936,0.0324275,0.0288671,0.0392781,0.0407321,0.0674601,0.0922821,0.1013719,0.068638,0.0534511,
602,0.0,0.0026326,0.0214458,0.048171,0.0258534,0.0657912,0.0666875,0.0577085,0.0701829,0.0987867,0.0893293,0.0587222,
603,0.0,0.0061746,0.0335388,0.0673835,0.0402862,0.0572206,0.055711,0.0453262,0.0756967,0.0647196,0.1020453,0.0906406,
604,0.0,0.0036916,0.0374946,0.0518215,0.0564046,0.0183479,0.0559489,0.0661491,0.063479,0.0691056,0.0667207,0.0586372,
605,0.0,0.0049133,0.0246676,0.0651519,0.0338862,0.0141871,0.062106,0.0713298,0.0365666,0.0638707,0.0948308,0.0931585,
606,1e-07,0.0091495,0.0464568,0.0535756,0.0469719,0.0549339,0.0595765,0.0762429,0.0891586,0.0904625,0.1215372,0.0777716,
607,1e-07,0.0131143,0.0363114,0.079745,0.0840202,0.0641211,0.0829699,0.0795692,0.0705682,0.0894508,0.0789993,0.0713336,
608,1e-07,0.0120641,0.034057,0.0637488,0.0321447,0.0784181,0.0911573,0.1096972,0.0522324,0.0977512,0.0551401,0.0728008,
609,0.0,0.0052171,0.0383035,0.055008,0.052718,0.0798044,0.0622004,0.0308989,0.0694855,0.0505309,0.041661,0.0441449,
610,0.0,0.0141337,0.0285187,0.0221633,0.0611468,0.0534434,0.0541862,0.0311213,0.0490852,0.0421558,0.0591067,0.0400908,
611,0.0,0.0109873,0.0343681,0.0517338,0.0719447,0.0653915,0.1041875,0.0179346,0.042861,0.0586078,0.061971,0.0695867,
612,0.0,0.0079914,0.0436238,0.0567447,0.0512435,0.0925609,0.1254992,0.0654056,0.0735746,0.1049813,0.0710951,0.0834872,
