#Time_ps,0,0.5,1,2,3,5,10,20,30,50,100,200,
1,0.0,0.002041,0.0181527,0.0379067,0.0316656,0.0571728,0.0621773,0.1252934,0.014706,0.0539212,0.07388,0.0695127,
2,0.0,0.0008447,0.0186584,0.0765735,0.0920109,0.0344785,0.0673948,0.0985022,0.0176001,0.0371106,0.0981329,0.0991283,
3,0.0,0.0013221,0.0151422,0.0766778,0.0240069,0.0464374,0.0466892,0.0343386,0.0186139,0.0465821,0.0875698,0.1114805,
4,0.0,0.0019455,0.0028502,0.0510353,0.0327539,0.0590054,0.0823513,0.0273453,0.0387645,0.0680874,0.0606498,0.1195404,
5,0.0,0.0053941,0.0122592,0.0336289,0.0436643,0.0535958,0.0650508,0.0722972,0.0461145,0.0760056,0.0738049,0.1243974,
6,0.0,0.0016009,0.0162678,0.0545135,0.0294537,0.0462323,0.0700917,0.0625743,0.0273112,0.0718362,0.0757228,0.0653964,
7,0.0,0.0018217,0.0312242,0.0592261,0.0420581,0.0559679,0.0723362,0.0626857,0.0180011,0.0939771,0.0622334,0.0534513,
8,0.0,0.0008738,0.0156833,0.0447762,0.0449592,0.0618065,0.0914839,0.043262,0.0239866,0.0491167,0.0769234,0.0358433,
9,0.0,0.0012771,0.0230179,0.0449512,0.0108398,0.0538316,0.0908581,0.0511069,0.0201664,0.0779134,0.1157288,0.0251185,
10,0.0,0.0021798,0.0165794,0.0697137,0.0427455,0.048843,0.0984273,0.0567785,0.0338558,0.0873687,0.0512715,0.0385555,
11,0.0,0.0037812,0.0334795,0.0151716,0.0388754,0.0263544,0.1078849,0.073222,0.0450664,0.094632,0.0583206,0.0558259,
12,0.0,0.0020734,0.021748,0.0483705,0.052279,0.0648879,0.0975246,0.0626324,0.0664083,0.1202073,0.0253955,0.0899039,
13,0.0,0.0017509,0.0259121,0.0341052,0.0751806,0.0414341,0.1290456,0.0570844,0.0370647,0.1052456,0.0382394,0.0438157,
14,0.0,0.0012638,0.0332693,0.0583598,0.0618827,0.0512687,0.0782235,0.0683027,0.0460749,0.0817667,0.0260902,0.0438336,
15,0.0,0.0032732,0.0694458,0.074308,0.0591767,0.0961779,0.0642719,0.1153416,0.0483201,0.1097895,0.023851,0.0527518,
16,0.0,0.0041849,0.0230035,0.0253358,0.0409081,0.0323229,0.0600083,0.1064844,0.0749145,0.0912848,0.0298783,0.042373,
17,0.0,0.0055611,0.0070412,0.0942793,0.0565343,0.0333626,0.0404258,0.0434309,0.0583597,0.0471008,0.0261949,0.0398861,
18,0.0,0.0052977,0.0090383,0.0514827,0.0325597,0.0170935,0.0844456,0.0333911,0.0422514,0.0361657,0.0416146,0.0541328,
19,0.0,0.0095957,0.032571,0.0333691,0.0355566,0.0346655,0.1097386,0.0147931,0.076356,0.0360705,0.0303979,0.0255953,
20,0.0,0.0081447,0.0408352,0.0601072,0.0423521,0.037816,0.0982054,0.0397525,0.1010732,0.0680843,0.0554904,0.0486526,
21,0.0,0.0079823,0.0230865,0.035706,0.0469533,0.0348373,0.097592,0.0331968,0.1165238,0.1079399,0.0620557,0.0462929,
22,0.0,0.0134502,0.00611,0.0250991,0.0191131,0.0597036,0.0921349,0.0212161,0.1253803,0.1150769,0.0500214,0.0549102,
23,0.0,0.0201886,0.0465196,0.0692536,0.0227167,0.0488765,0.0551969,0.1584692,0.1728721,0.1339072,0.0771394,0.0886492,
24,0.0,0.0536084,0.0427774,0.0424652,0.0430643,0.0659128,0.0772642,0.0483502,0.1855737,0.1254013,0.1578117,0.0862424,
25,0.0,0.013537,0.0570968,0.0460677,0.0465195,0.0388403,0.0590402,0.0279737,0.1160808,0.1117569,0.0712367,0.0515134,
26,0.0,0.0076312,0.074449,0.0391579,0.0526984,0.056846,0.054324,0.0408869,0.0987532,0.079683,0.031063,0.0545551,
27,0.0,0.0088399,0.0460087,0.021811,0.0478529,0.0385689,0.0599196,0.0365334,0.0476598,0.0602503,0.0273094,0.0796194,
28,0.0,0.0108612,0.0141585,0.0417701,0.047946,0.04436,0.0503685,0.074713,0.044394,0.0519394,0.0273842,0.0726748,
29,0.0,0.0117948,0.0242082,0.010975,0.0343486,0.0288046,0.0424612,0.0711986,0.0538384,0.1019815,0.0234993,0.0417863,
30,0.0,0.0130174,0.0263404,0.0194925,0.0358546,0.0287457,0.0393923,0.0820614,0.079483,0.0875841,0.023175,0.0382625,
31,0.0,0.0040265,0.0208681,0.035537,0.0517293,0.0310017,0.0486343,0.0942292,0.0564502,0.0692133,0.0276224,0.0407503,
32,0.0,0.0022291,0.0148691,0.032919,0.0467223,0.0522178,0.0448482,0.0899166,0.061344,0.0386322,0.0363844,0.0169895,
33,0.0,0.0032194,0.0132027,0.026832,0.0531191,0.0459719,0.0215893,0.1195279,0.0556437,0.0808673,0.0285669,0.026813,
34,0.0,0.002863,0.0109105,0.0508619,0.0378712,0.0256093,0.0267191,0.0749652,0.062332,0.0891295,0.0582134,0.0313056,
35,0.0,0.0038513,0.0144676,0.0375434,0.0921578,0.0472835,0.101554,0.0578673,0.0852261,0.089079,0.0485229,0.0500757,
36,0.0,0.008844,0.0321013,0.0740155,0.0821031,0.0446363,0.0961084,0.073404,0.0714796,0.0619035,0.0334752,0.0577252,
37,0.0,0.0099614,0.0229643,0.0617896,0.0525639,0.0441573,0.0481085,0.0847713,0.046967,0.0856902,0.0313846,0.0505137,
38,0.0,0.0068357,0.0388574,0.0425791,0.0466784,0.0534702,0.0751588,0.0752655,0.0302822,0.0907873,0.0475183,0.0662591,
39,0.0,0.0108109,0.021994,0.0316026,0.0594434,0.0412914,0.0531224,0.0738679,0.043929,0.0875334,0.0502977,0.0949433,
40,0.0,0.0046133,0.0259731,0.03303,0.0552516,0.0269945,0.0661345,0.084896,0.0603803,0.1124121,0.0397192,0.065287,
41,0.0,0.0286674,0.0316028,0.0486364,0.0461782,0.0502672,0.0567153,0.0536821,0.0442833,0.1156607,0.0496362,0.0695203,
42,0.0,0.0265247,0.0621006,0.059519,0.0502662,0.0680768,0.0576045,0.0646047,0.0360807,0.1211571,0.02065,0.1083109,
43,0.0,0.023247,0.0776893,0.0653337,0.0476648,0.0692526,0.0604573,0.0688278,0.0105286,0.1452806,0.077547,0.0208707,
44,0.0,0.0382376,0.0972023,0.0777791,0.0501373,0.0638707,0.0466694,0.0542821,0.0116631,0.1603995,0.0556609,0.0756486,
45,0.0,0.0782206,0.0924546,0.0639529,0.0932507,0.0815948,0.0469111,0.0477902,0.0951107,0.1714736,0.1442075,0.0774983,
46,0.0,0.0655243,0.0652093,0.0386409,0.1432044,0.0979537,0.0260189,0.0590819,0.130047,0.1349839,0.2534578,0.1802775,
47,0.0,0.0268017,0.0141249,0.0262767,0.1049322,0.0359766,0.0398083,0.080756,0.2480411,0.1184887,0.1958995,0.3175917,
48,0.0,0.0219943,0.0323387,0.0754615,0.0673194,0.0245423,0.1085889,0.0815733,0.1760358,0.0947745,0.0816985,0.1569685,
49,0.0,0.0081011,0.0456912,0.0724909,0.1049728,0.0821278,0.069996,0.0419926,0.1899744,0.0220462,0.1773603,0.1000121,
50,0.0,0.0062428,0.0246455,0.0480573,0.0981584,0.1104424,0.1268591,0.07027,0.1598724,0.0779669,0.1167196,0.0285016,
51,0.0,0.0121921,0.042846,0.0536639,0.1028934,0.1202539,0.1387288,0.1159988,0.2295969,0.1348375,0.1373062,0.0916082,
52,0.0,0.0147883,0.0218788,0.0441413,0.088485,0.0902193,0.0957611,0.0637855,0.1936732,0.1066711,0.1812175,0.0891142,
53,0.0,0.0072955,0.0281475,0.0430024,0.0632055,0.0775267,0.0979239,0.0859186,0.1704471,0.1752993,0.2110728,0.1925113,
54,0.0,0.0059193,0.0460366,0.0325797,0.0489404,0.0659488,0.0853955,0.1171785,0.1220548,0.1068076,0.1249357,0.0972841,
55,0.0,0.0107286,0.0447461,0.0536192,0.0727955,0.1252172,0.1125756,0.1886738,0.1315984,0.1190435,0.2180184,0.1503674,
56,0.0,0.0191991,0.0670186,0.0556179,0.0468506,0.1046944,0.1718079,0.1786013,0.1321553,0.1148223,0.1408623,0.1611065,
57,0.0,0.009666,0.0556959,0.0727271,0.0390749,0.0880005,0.1353726,0.1145133,0.1115271,0.1331337,0.097998,0.1507732,
58,0.0,0.0074269,0.021937,0.0850246,0.064487,0.0770232,0.1073958,0.1414096,0.1015776,0.1562232,0.0992392,0.0714447,
59,0.0,0.0101943,0.0261008,0.0632517,0.0545186,0.131523,0.1805664,0.182596,0.0971573,0.1694803,0.0998695,0.1422447,
60,0.0,0.0143976,0.0338686,0.0915139,0.1211132,0.1248887,0.1849202,0.1103611,0.1024433,0.1523093,0.102469,0.1128925,
61,0.0,0.0104593,0.0349443,0.1304348,0.1213793,0.0940424,0.1430933,0.1072522,0.0877198,0.1277916,0.0489215,0.0843641,
62,0.0,0.0155545,0.0329967,0.1302359,0.1007465,0.0294347,0.1581398,0.1547038,0.0715631,0.1431078,0.1649248,0.07662,
63,0.0,0.0115456,0.0184705,0.0895838,0.0636923,0.0422188,0.1569641,0.1265839,0.0837125,0.0923473,0.1507061,0.0632329,
64,0.0,0.0115131,0.0191141,0.0640823,0.0481164,0.1050107,0.1807886,0.0942125,0.089042,0.1356146,0.1541131,0.0932124,
65,0.0,0.0080764,0.0164938,0.0553761,0.08906,0.0895971,0.1213679,0.0932528,0.0496545,0.0983848,0.0873858,0.0876158,
66,0.0,0.0177581,0.0317126,0.0342487,0.0247178,0.061793,0.1315911,0.0481911,0.0556447,0.0959852,0.1099244,0.0674611,
67,0.0,0.0038919,0.0342298,0.0284031,0.0644459,0.0842788,0.12717,0.0531844,0.1292218,0.1539302,0.1346636,0.0923474,
68,0.0,0.0046551,0.0217978,0.0392855,0.0644303,0.0359205,0.0998442,0.0368454,0.0769463,0.0928184,0.0977861,0.0675423,
69,0.0,0.0043256,0.0177414,0.0170545,0.0583761,0.0442715,0.0816422,0.0656918,0.1152656,0.0972118,0.032158,0.0493419,
70,0.0,0.0082803,0.0425719,0.0117446,0.0234751,0.0514129,0.0621253,0.0666962,0.1026661,0.1022981,0.0503207,0.0680456,
71,0.0,0.0070997,0.0415698,0.0584565,0.0934327,0.1218766,0.112839,0.0580813,0.0147335,0.157066,0.1141675,0.1714811,
72,0.0,0.0256701,0.0539061,0.0839069,0.0481339,0.116951,0.0890258,0.0515544,0.2638492,0.1020565,0.0776694,0.1469809,
73,0.0,0.0064534,0.0344562,0.1047957,0.0315549,0.079222,0.1232416,0.0306433,0.1864446,0.0953282,0.0546419,0.1364215,
74,0.0,0.0084906,0.048068,0.0649831,0.0282554,0.0377031,0.0853153,0.034251,0.1032117,0.0675701,0.0453085,0.1126953,
75,0.0,0.0078898,0.038589,0.0588846,0.0457893,0.0469269,0.1162296,0.145294,0.057795,0.0214094,0.0398234,0.1075351,
76,0.0,0.0035422,0.0181167,0.0423268,0.0341004,0.0659523,0.1403084,0.190003,0.1334606,0.1927575,0.0703338,0.2063373,
77,0.0,0.0053339,0.0313298,0.0424657,0.0640294,0.0319762,0.1273311,0.15431,0.1096105,0.1133987,0.1162952,0.0621009,
78,0.0,0.0044496,0.0521344,0.0312249,0.0817463,0.0350472,0.1088376,0.0973621,0.0623128,0.054154,0.112669,0.0344504,
79,0.0,0.0044562,0.048802,0.0636603,0.0419771,0.0697413,0.1328593,0.0804404,0.0376423,0.1153562,0.1333927,0.0845659,
80,0.0,0.0070257,0.0247336,0.0247255,0.0580234,0.0564898,0.1472022,0.1465126,0.0597957,0.1516107,0.0810177,0.1167214,
81,0.0,0.0082943,0.0487026,0.0674443,0.0358576,0.0653827,0.1180423,0.1859934,0.0416374,0.1500485,0.0496112,0.1254159,
82,0.0,0.0073739,0.0247771,0.0441365,0.0363832,0.0641743,0.0852579,0.1263307,0.0360083,0.0751203,0.0395392,0.0953947,
83,0.0,0.0059836,0.0166143,0.0224326,0.0196348,0.057547,0.0532488,0.144832,0.075077,0.1044346,0.0274189,0.0827805,
84,0.0,0.0048734,0.0096962,0.0272217,0.0454451,0.0409397,0.0989907,0.0687898,0.0591623,0.0792912,0.0585231,0.0802946,
85,0.0,0.0058091,0.012284,0.0458982,0.0526877,0.0571279,0.1013142,0.0872566,0.0293941,0.0460865,0.0492929,0.0521878,
86,0.0,0.010189,0.0299304,0.0336496,0.0404937,0.0753431,0.1044568,0.1223638,0.0222083,0.0561733,0.0343491,0.0939214,
87,0.0,0.0067493,0.0327909,0.0422414,0.0604533,0.0674205,0.092187,0.078008,0.0494614,0.0719741,0.0588419,0.0645328,
88,0.0,0.0049827,0.0236533,0.0385645,0.0300513,0.0592579,0.0955049,0.1271975,0.0611854,0.0906796,0.0811848,0.0215241,
89,0.0,0.0029168,0.0354198,0.0117926,0.0187723,0.0237017,0.1207809,0.1066489,0.0594349,0.0654999,0.0379643,0.0775359,
90,0.0,0.0028362,0.0127846,0.030221,0.0324274,0.0222586,0.0942386,0.064232,0.0594772,0.0882994,0.1082713,0.0614736,
91,0.0,0.0009208,0.0228787,0.0353098,0.0432603,0.0349917,0.0923245,0.1201257,0.0808485,0.0996491,0.0550149,0.0585281,
92,0.0,0.0044462,0.0356602,0.0460573,0.0496521,0.0605139,0.0852649,0.1534244,0.1113896,0.1586717,0.0513511,0.1688186,
93,0.0,0.0042204,0.0374077,0.0441691,0.0360199,0.0447672,0.0705899,0.0953653,0.0720206,0.1062152,0.0472687,0.0997662,
94,0.0,0.0020271,0.0367984,0.0416916,0.0254488,0.0531321,0.0557751,0.0543932,0.0532929,0.1596382,0.025593,0.0425981,
95,0.0,0.0061528,0.0203112,0.0329193,0.0332441,0.0742822,0.023285,0.1043181,0.0291386,0.1367874,0.0399164,0.0439976,
96,0.0,0.0049308,0.0214302,0.0575628,0.0563805,0.046908,0.0501713,0.1580818,0.1511717,0.2342904,0.1270015,0.0356238,
97,0.0,0.0047081,0.0361125,0.0128809,0.1007864,0.089622,0.0747853,0.0572107,0.051737,0.143149,0.0555905,0.0503144,
98,0.0,0.0020926,0.0293942,0.0365103,0.080642,0.0957187,0.0495307,0.0582322,0.0612673,0.1383874,0.0793305,0.0398237,
99,0.0,0.005199,0.0265898,0.0296622,0.0942115,0.124204,0.0421406,0.051678,0.0358204,0.0491166,0.0389596,0.0403076,
100,0.0,0.0033682,0.0228681,0.0321684,0.075909,0.1036709,0.0278913,0.0543586,0.0271021,0.0338058,0.0600552,0.0482591,
101,0.0,0.0082241,0.023364,0.0915417,0.0619628,0.0466318,0.0927658,0.0379229,0.0414927,0.0577921,0.0415587,0.0370326,
102,0.0,0.0042608,0.0171341,0.0741279,0.0254474,0.0654366,0.1172761,0.0350207,0.1060087,0.0402369,0.0363879,0.0339755,
103,0.0,0.0028781,0.0193104,0.0409797,0.0201686,0.0965794,0.0265349,0.0835171,0.0901814,0.0580063,0.058227,0.0479623,
104,0.0,0.0013214,0.0212701,0.0379668,0.028593,0.0902052,0.0324371,0.0894252,0.0586354,0.0244153,0.0324418,0.0702,
105,0.0,0.0058248,0.0264621,0.0313275,0.0356093,0.0831517,0.0978666,0.0592207,0.0855562,0.052274,0.0433881,0.0831606,
106,0.0,0.0029663,0.0304796,0.0359952,0.0419457,0.0718258,0.073349,0.0305715,0.0853008,0.0219786,0.0533771,0.1083347,
107,0.0,0.0037415,0.0376846,0.0427845,0.0106316,0.088943,0.0611596,0.0321781,0.0624512,0.0404753,0.0439629,0.10139,
108,0.0,0.0023213,0.0161126,0.0646476,0.0541792,0.0715715,0.0499389,0.0508472,0.0514769,0.0577416,0.015447,0.064484,
109,0.0,0.00403,0.0266177,0.1114759,0.0677316,0.0466751,0.0369437,0.0339127,0.0962221,0.0496929,0.0652628,0.0946352,
110,0.0,0.0060866,0.0081157,0.0562367,0.0722596,0.0444217,0.0361062,0.0227778,0.0538725,0.0404608,0.0292155,0.0884411,
111,0.0,0.0046553,0.0050754,0.0324165,0.0742261,0.025531,0.0453962,0.042221,0.0253929,0.0261017,0.0079065,0.0672644,
112,0.0,0.0039311,0.0076455,0.0322251,0.0883227,0.0303902,0.0567078,0.0367025,0.0282456,0.0534067,0.0364479,0.0700578,
113,0.0,0.0026006,0.0083281,0.0285737,0.0523373,0.0563065,0.0529805,0.0323289,0.0800737,0.03647,0.0718349,0.0379094,
114,0.0,0.0028205,0.0072959,0.074659,0.0547298,0.0536053,0.0481211,0.0344813,0.0256533,0.0386084,0.0433554,0.0462463,
115,0.0,0.0053514,0.0142754,0.0621012,0.0521444,0.0724081,0.046877,0.0412267,0.0231209,0.0563484,0.0372477,0.0398888,
116,0.0,0.0053855,0.0227856,0.0553458,0.0382727,0.0315656,0.0115439,0.0581809,0.0172434,0.0667106,0.0392819,0.0141767,
117,0.0,0.0122908,0.0120779,0.0184426,0.0537221,0.0228884,0.0244186,0.0956493,0.0453873,0.0756435,0.0258364,0.0442694,
118,0.0,0.0225689,0.0292198,0.0393897,0.054746,0.0263806,0.036509,0.0267239,0.0183167,0.0560978,0.0142422,0.054576,
119,0.0,0.025473,0.0445419,0.1094622,0.0416799,0.0474495,0.0637638,0.0311356,0.0170549,0.0398667,0.0258705,0.0910683,
120,0.0,0.0229712,0.0428712,0.0724569,0.0269673,0.0642535,0.0347187,0.053722,0.0166222,0.048602,0.0244336,0.0330598,
121,0.0,0.0059619,0.0254333,0.061692,0.046868,0.0350863,0.0104778,0.0550197,0.0184457,0.0998644,0.0111294,0.0295299,
122,0.0,0.0055173,0.0210201,0.0469522,0.0640717,0.0357921,0.0176326,0.0760198,0.0564628,0.1202613,0.0860491,0.0746329,
123,0.0,0.0029226,0.0196218,0.0488722,0.045899,0.0394288,0.0885673,0.09089,0.0568414,0.0778774,0.024165,0.0349177,
124,0.0,0.0010585,0.0049128,0.0508858,0.063487,0.0378058,0.0901283,0.0510307,0.0506812,0.0698494,0.0273803,0.0933055,
125,0.0,0.0016801,0.0093135,0.0215863,0.0599291,0.0505556,0.0866033,0.0218681,0.0580435,0.0675374,0.0321103,0.0578226,
126,0.0,0.0009859,0.0132462,0.030059,0.0294714,0.0765252,0.0516749,0.0181138,0.0809926,0.043942,0.0928326,0.0389243,
127,0.0,0.0019987,0.0149368,0.051253,0.0505217,0.0649981,0.0299775,0.0128561,0.0617375,0.0407542,0.0807873,0.0866053,
128,0.0,0.0019155,0.0133757,0.0538562,0.0952778,0.0453877,0.0617902,0.0237338,0.0519902,0.0402096,0.0777997,0.0754279,
129,0.0,0.0026298,0.0286578,0.0331525,0.074642,0.0163988,0.0319257,0.0438896,0.0538993,0.0335833,0.0162343,0.0628532,
130,0.0,0.0025344,0.0187519,0.0611482,0.0559873,0.0213969,0.0351627,0.052455,0.0510004,0.031973,0.0352108,0.04818,
131,0.0,0.0067224,0.0462516,0.0565832,0.0462271,0.0638081,0.0655397,0.0535159,0.0187605,0.0278686,0.0349039,0.0630604,
132,0.0,0.0044761,0.0399842,0.0608751,0.054378,0.07975,0.0541431,0.0355931,0.0476504,0.0346198,0.0312789,0.0547023,
133,0.0,0.0049786,0.0280948,0.0552371,0.0458308,0.0346752,0.0527216,0.0444875,0.0307556,0.1007865,0.0239741,0.0386142,
134,0.0,0.0129965,0.0060127,0.0631187,0.0306848,0.0365352,0.0428945,0.0395672,0.0469835,0.0201859,0.0422366,0.0573408,
135,0.0,0.0126351,0.0120566,0.050887,0.0665093,0.0515165,0.0356778,0.0647293,0.0930903,0.0988602,0.0459076,0.1224234,
136,0.0,0.0077737,0.0191376,0.0521535,0.0648443,0.0623731,0.0480321,0.0641285,0.0589811,0.0832193,0.057702,0.0720793,
137,0.0,0.0031906,0.0447179,0.0539448,0.0706718,0.0250748,0.0581064,0.0589725,0.0299032,0.0555318,0.1082172,0.0759037,
138,0.0,0.0090417,0.026477,0.0663475,0.0885859,0.0254874,0.0212003,0.0724406,0.0607653,0.112766,0.0819233,0.0766608,
139,0.0,0.0058138,0.0343402,0.0303423,0.0415512,0.0153824,0.0221628,0.0682618,0.0921125,0.0288739,0.0735277,0.0756671,
140,0.0,0.0119292,0.0327493,0.0294873,0.0312398,0.031323,0.0689616,0.0593262,0.0577262,0.017835,0.054983,0.0854655,
141,0.0,0.0246258,0.0396754,0.0604946,0.0734221,0.0377573,0.0730051,0.0884701,0.0814001,0.0433608,0.0809274,0.1050241,
142,0.0,0.0412503,0.0784535,0.1438395,0.1960486,0.1687614,0.073668,0.0910164,0.1035669,0.1638322,0.0947756,0.0780898,
143,0.0,0.0768367,0.0980035,0.1573305,0.0860684,0.1308171,0.1311745,0.0895779,0.1432124,0.1324335,0.0387368,0.0308305,
144,0.0,0.0262196,0.0216923,0.0551074,0.0352168,0.0228591,0.0704177,0.0423578,0.0427077,0.0518173,0.0673689,0.1078482,
145,0.0,0.0119839,0.0297623,0.0638581,0.0120811,0.0199657,0.0371653,0.0339517,0.0537379,0.0375521,0.062282,0.0985826,
146,0.0,0.0085949,0.0313596,0.1024235,0.0303774,0.0432505,0.0392939,0.0578675,0.0388973,0.0406382,0.0692475,0.0449552,
147,0.0,0.0106309,0.0226962,0.0619544,0.0695416,0.0544534,0.010791,0.0597564,0.0159811,0.0470771,0.0167437,0.0332423,
148,0.0,0.0054383,0.0169656,0.0359731,0.0418077,0.0532636,0.0210687,0.0395973,0.0531442,0.032615,0.0252441,0.0556029,
149,0.0,0.0068198,0.0226401,0.0490638,0.0823645,0.0679643,0.0348728,0.0391727,0.0459636,0.0233658,0.0642873,0.0265956,
150,0.0,0.0010516,0.0158152,0.0487539,0.0851282,0.0322961,0.0431089,0.0110405,0.0423882,0.0304396,0.0799813,0.099727,
151,0.0,0.0034561,0.013043,0.055706,0.0492751,0.0443609,0.0762496,0.042575,0.05227,0.0187627,0.0615107,0.1194936,
152,0.0,0.0024266,0.014479,0.0461047,0.0551033,0.04442,0.0477184,0.0292221,0.0677368,0.0386367,0.0652361,0.0813146,
153,0.0,0.0008839,0.0203579,0.0469501,0.0435472,0.0328027,0.0953291,0.0756916,0.0946153,0.0268096,0.0415508,0.0379001,
154,0.0,0.0019541,0.0108422,0.1206218,0.0507542,0.0655152,0.1329776,0.0328066,0.172611,0.0805076,0.0434174,0.0502848,
155,0.0,0.0035372,0.0073288,0.1208254,0.0498807,0.0697816,0.13618,0.0327414,0.2426796,0.1273527,0.064572,0.0552846,
156,0.0,0.003083,0.0293161,0.072486,0.0331696,0.09861,0.1037337,0.0409906,0.1594596,0.1216355,0.0924471,0.0896999,
157,0.0,0.0017408,0.0247592,0.027488,0.0202771,0.0599371,0.050423,0.0394184,0.1255636,0.0660784,0.039482,0.0840152,
158,0.0,0.0024146,0.0140734,0.0385116,0.02519,0.0455671,0.0394472,0.0508786,0.1272731,0.0336818,0.0415419,0.0157397,
159,0.0,0.0024472,0.0165854,0.0602459,0.0178472,0.0219593,0.0230014,0.0124773,0.0132872,0.0118916,0.0407325,0.025433,
160,0.0,0.0091905,0.0201375,0.0569625,0.0363575,0.0421851,0.0441438,0.0491175,0.0649721,0.0171642,0.0329256,0.0588215,
161,0.0,0.0116993,0.0100237,0.0365619,0.030003,0.050307,0.0254025,0.0313108,0.0596331,0.0622867,0.0656845,0.0573425,
162,0.0,0.0329901,0.0145497,0.037049,0.0261374,0.0486607,0.0323171,0.030033,0.0632753,0.0360962,0.0557211,0.0593685,
163,0.0,0.0260262,0.0315469,0.0307807,0.0404667,0.0512465,0.0163867,0.0320046,0.0707489,0.0306962,0.032915,0.051906,
164,0.0,0.0275075,0.0300859,0.0377109,0.0285164,0.0589116,0.0425118,0.0409671,0.0442353,0.0403019,0.0363811,0.1104729,
165,0.0,0.036023,0.0244012,0.030083,0.01647,0.0501615,0.0284581,0.0161945,0.0478863,0.0438471,0.0413787,0.1721665,
166,0.0,0.0352619,0.0405826,0.0280766,0.0092619,0.0555619,0.0517659,0.0330479,0.0676431,0.0408699,0.0568508,0.1482413,
167,0.0,0.0132507,0.031326,0.0543778,0.038536,0.0633037,0.0592561,0.0170908,0.0442305,0.0949007,0.0524581,0.108204,
168,0.0,0.040253,0.0400641,0.0675937,0.0467515,0.0995517,0.1366751,0.1085112,0.0153748,0.2473011,0.0278402,0.1638589,
169,0.0,0.0225459,0.0561397,0.0649516,0.0471596,0.0459253,0.0952276,0.0898383,0.0502368,0.2769188,0.0705936,0.1940215,
170,0.0,0.0191061,0.0524465,0.0147284,0.0277615,0.0974644,0.1510224,0.0610296,0.076313,0.1427284,0.0755398,0.1403475,
171,0.0,0.0102456,0.0523237,0.0552133,0.0210352,0.0671309,0.0706885,0.0356626,0.0490444,0.1083929,0.0659498,0.0779826,
172,0.0,0.0097195,0.0069309,0.0709922,0.0172303,0.0201625,0.0510804,0.0457673,0.0452258,0.0421768,0.0442091,0.0799774,
173,0.0,0.0143165,0.025086,0.0205738,0.0147975,0.0118923,0.0109395,0.0637691,0.021038,0.0453473,0.0458666,0.0940566,
174,0.0,0.0236682,0.0247651,0.0178698,0.031933,0.0041095,0.0416567,0.0353512,0.033814,0.044832,0.0523749,0.0989485,
175,0.0,0.0148408,0.0174614,0.0513525,0.0335643,0.0553051,0.0417349,0.0238852,0.042438,0.0496634,0.0408498,0.0860192,
176,0.0,0.0116733,0.0180156,0.0306997,0.0480923,0.0535781,0.0451149,0.0738478,0.0213949,0.0529168,0.0830253,0.0956413,
177,0.0,0.0059047,0.0239644,0.0446343,0.0282816,0.0814106,0.020609,0.0984486,0.064005,0.0688147,0.0755326,0.0549113,
178,0.0,0.0084219,0.0246976,0.0383,0.0744028,0.1065116,0.0808179,0.1112913,0.0903638,0.0746264,0.0704954,0.0795498,
179,0.0,0.0085196,0.0247015,0.0469852,0.0669717,0.0686845,0.0770298,0.0705217,0.047688,0.0775828,0.0472645,0.0704604,
180,0.0,0.0014771,0.0203176,0.0343307,0.0136798,0.0809397,0.0802479,0.0761332,0.0490489,0.0184843,0.0473601,0.0624568,
181,0.0,0.0025633,0.0203481,0.028795,0.007244,0.0846672,0.0436677,0.0589864,0.0403589,0.0514828,0.0336635,0.0873661,
182,0.0,0.0064676,0.0183427,0.0197102,0.027835,0.050207,0.0579714,0.0400102,0.045165,0.0471624,0.0200531,0.0684697,
183,0.0,0.0175014,0.0217997,0.0780184,0.0444005,0.0704187,0.0414344,0.0404535,0.1275425,0.0551549,0.0597468,0.0736132,
184,0.0,0.0197605,0.0238334,0.0803792,0.0476755,0.08773,0.0305486,0.0543654,0.0399881,0.0645546,0.1778726,0.1003915,
185,0.0,0.0162147,0.0175952,0.0727676,0.0618072,0.1206722,0.0291546,0.0579949,0.0753103,0.083421,0.0352025,0.0489049,
186,0.0,0.0241305,0.0253398,0.0954118,0.0764227,0.1140606,0.0122512,0.0356296,0.1013832,0.0907012,0.1176471,0.030043,
187,0.0,0.0193454,0.0307106,0.0622266,0.0681425,0.0823134,0.0455487,0.0252115,0.050693,0.0771331,0.1220041,0.049157,
188,0.0,0.0153184,0.0276831,0.0517425,0.0602282,0.0946471,0.1232974,0.0506304,0.0843215,0.1072611,0.1562248,0.039402,
189,0.0,0.0367941,0.0588773,0.1081864,0.1152459,0.1350341,0.1111856,0.015194,0.1229783,0.1161804,0.1112154,0.0629676,
190,0.0,0.0334732,0.0189148,0.1118739,0.1021574,0.2029387,0.1156118,0.0425693,0.1044642,0.1055655,0.0412066,0.1088549,
191,0.0,0.0697871,0.1451574,0.2116529,0.2357144,0.269316,0.1149954,0.1320634,0.1673642,0.1623074,0.1655814,0.1160865,
192,0.0,0.0513465,0.1111628,0.124542,0.1029505,0.1464749,0.0509383,0.0409197,0.0810368,0.1267927,0.0710575,0.0736983,
193,0.0,0.0504824,0.0622806,0.0549663,0.0951911,0.1106167,0.0803493,0.0247535,0.0921944,0.127243,0.0569837,0.0704751,
194,0.0,0.0278681,0.0381079,0.0325807,0.079267,0.0457217,0.1725523,0.1087847,0.1423487,0.2059767,0.0566735,0.0459674,
195,0.0,0.0412235,0.0758167,0.0718562,0.0938839,0.0290293,0.1399571,0.0972527,0.1252898,0.0856879,0.0388021,0.0633398,
196,0.0,0.0052576,0.0591029,0.0777509,0.0392804,0.0896597,0.0933425,0.0370258,0.0382996,0.0813192,0.033136,0.1246601,
197,0.0,0.0081453,0.0653542,0.0542854,0.0690002,0.0949136,0.0592793,0.0719769,0.0516148,0.0896016,0.0603666,0.0349344,
198,0.0,0.0083846,0.0192166,0.0762995,0.0883936,0.1216417,0.0583276,0.0700871,0.0579011,0.0972615,0.0279293,0.0582611,
199,0.0,0.0064194,0.038,0.0342551,0.0661414,0.0866956,0.0804565,0.0778234,0.0312303,0.0965621,0.0307238,0.0223906,
200,0.0,0.0015899,0.0259458,0.0298447,0.0184267,0.0560911,0.0981344,0.039673,0.0534216,0.0916628,0.0261116,0.025337,
201,0.0,0.0034424,0.0168971,0.0470395,0.016397,0.0250013,0.1019328,0.0430119,0.052163,0.0834457,0.034103,0.0429008,
202,0.0,0.0017099,0.0089122,0.020969,0.0307096,0.0548242,0.0985323,0.0403788,0.0743357,0.0780807,0.0386014,0.0271027,
203,0.0,0.0012931,0.0105414,0.0163959,0.0258208,0.0451621,0.0834606,0.0306775,0.0561209,0.0637723,0.0331592,0.02178,
204,0.0,0.0021646,0.0126984,0.0267484,0.0164033,0.041049,0.0563281,0.0280327,0.0528055,0.0657125,0.0637182,0.0816552,
205,0.0,0.0004549,0.0151965,0.0363133,0.0175341,0.0400823,0.052892,0.0235059,0.0612424,0.0698804,0.0816259,0.089946,
206,0.0,0.0029465,0.0081834,0.0262861,0.0230858,0.0428783,0.0650908,0.0144821,0.0569264,0.055867,0.0687838,0.0858479,
207,0.0,0.0017968,0.0163404,0.021126,0.0325815,0.0342178,0.0350331,0.0479632,0.0872456,0.0558828,0.0687804,0.0921887,
208,0.0,0.0012051,0.0057153,0.0107276,0.0364984,0.0136738,0.0517941,0.0401484,0.0773416,0.0637084,0.0498897,0.0425937,
209,0.0,0.0017849,0.0074618,0.0249742,0.0294326,0.0202059,0.0431782,0.0358773,0.083834,0.0811996,0.0638411,0.0673282,
210,0.0,0.0013045,0.016499,0.0354189,0.0403341,0.0502124,0.0343053,0.0449008,0.0802949,0.0590345,0.0737398,0.0729502,
211,0.0,0.0006807,0.0107908,0.0264248,0.0620122,0.041096,0.0143996,0.0784367,0.0555077,0.0444932,0.1006862,0.0740137,
212,0.0,0.001302,0.0241828,0.036461,0.0728038,0.0679623,0.0193819,0.0979494,0.0606787,0.0605676,0.087674,0.0538881,
213,0.0,0.0006809,0.0149829,0.0625747,0.0643132,0.0813302,0.0430887,0.1053717,0.0550386,0.051892,0.0857172,0.0530585,
214,0.0,0.0017882,0.0242919,0.0398985,0.0595392,0.0835822,0.0498631,0.1215926,0.1106995,0.0581665,0.0836107,0.0833481,
215,0.0,0.0012976,0.0450479,0.0860931,0.1180195,0.0327005,0.0568378,0.0781662,0.0899442,0.1437511,0.1195205,0.0256986,
216,0.0,0.0020668,0.012638,0.0273255,0.0347787,0.0630989,0.0773409,0.0945366,0.0976478,0.0489938,0.0679961,0.0809648,
217,0.0,0.0011246,0.0387746,0.0205671,0.02375,0.0715333,0.06273,0.0851827,0.0585087,0.0639242,0.0726719,0.0996522,
218,0.0,0.0013869,0.0370512,0.0552073,0.035441,0.0391982,0.0556378,0.0794084,0.0390839,0.0293234,0.0906392,0.1154936,
219,0.0,0.0018456,0.0298514,0.0434709,0.1050426,0.0733004,0.041918,0.0901813,0.048735,0.0696824,0.0902808,0.0756898,
220,0.0,0.0008457,0.018934,0.0339736,0.0859099,0.0286567,0.0445128,0.0948969,0.0594175,0.1021328,0.0587115,0.0614443,
221,0.0,0.0022201,0.0090885,0.0186487,0.0701279,0.0179384,0.0373861,0.0589719,0.0415927,0.1247975,0.0721363,0.064427,
222,0.0,0.0036376,0.0337607,0.0327145,0.0401752,0.0617655,0.0716627,0.0464787,0.0319365,0.1782763,0.1135361,0.1720898,
223,0.0,0.0012756,0.0355922,0.0823807,0.0458121,0.0391248,0.0740532,0.0750092,0.0253356,0.2447601,0.1536753,0.1663769,
224,0.0,0.0060881,0.0325032,0.0590427,0.0770307,0.0815021,0.1077983,0.0759868,0.0865107,0.2358622,0.1380157,0.209812,
225,0.0,0.003423,0.0080967,0.0911676,0.0935257,0.0450907,0.0743904,0.0934215,0.085766,0.2241115,0.1372087,0.147161,
226,0.0,0.0130666,0.0289987,0.0560816,0.0522939,0.0555836,0.0869166,0.0514332,0.0610276,0.1708756,0.1327457,0.1395939,
227,0.0,0.0090514,0.0046749,0.0528672,0.0224959,0.0550183,0.0902721,0.0304474,0.0406233,0.1102598,0.1865776,0.1586535,
228,0.0,0.004109,0.0072663,0.0397503,0.030018,0.0597902,0.0909301,0.0301532,0.0396786,0.1480337,0.2098298,0.1886141,
229,0.0,0.0040678,0.0114308,0.0268214,0.0878748,0.0466427,0.0759254,0.0787181,0.0646288,0.1655307,0.1313508,0.122665,
230,0.0,0.0059112,0.0162985,0.0246845,0.0705846,0.0512417,0.0554988,0.0775489,0.0726599,0.0931077,0.1082626,0.0877224,
231,0.0,0.0051024,0.0350294,0.0382796,0.042695,0.0675571,0.0847873,0.0710903,0.0600603,0.1292114,0.0945013,0.1179648,
232,0.0,0.002874,0.0583075,0.056295,0.0630905,0.0977541,0.0187343,0.0903808,0.0539989,0.1824463,0.0850123,0.109266,
233,0.0,0.0044341,0.0370395,0.0223598,0.1098151,0.0757696,0.0760947,0.1251968,0.0791942,0.084696,0.0582356,0.091425,
234,0.0,0.0039063,0.0549216,0.0151737,0.095813,0.0465158,0.0555353,0.1601668,0.1018425,0.1419075,0.0397144,0.098395,
235,0.0,0.004027,0.0352253,0.0334921,0.014521,0.0627224,0.0628176,0.1418003,0.0556844,0.1982196,0.1121071,0.2158193,
236,0.0,0.0057304,0.0342341,0.0380855,0.0338554,0.046511,0.0639158,0.1532036,0.0814378,0.1480687,0.0985994,0.205034,
237,0.0,0.0016316,0.0332521,0.0186658,0.0425781,0.0488693,0.0524452,0.1189647,0.0456267,0.1335544,0.0779746,0.1318791,
238,0.0,0.0051548,0.0357549,0.0403784,0.03424,0.0468565,0.0529772,0.0760297,0.0709845,0.1252057,0.0337423,0.0524781,
239,0.0,0.0032252,0.0115652,0.051184,0.0629618,0.0245948,0.0651123,0.0460385,0.0668065,0.1358705,0.0535593,0.0435779,
240,0.0,0.0054197,0.0249596,0.0423505,0.0566858,0.0465165,0.0610755,0.0839022,0.0677629,0.0997243,0.0820536,0.0776632,
241,0.0,0.0042172,0.0308257,0.1185926,0.071828,0.0368094,0.0549759,0.0820496,0.0893852,0.1278375,0.0875337,0.1385517,
242,0.0,0.0012136,0.0491403,0.0431606,0.0437533,0.048011,0.0613369,0.0943817,0.0250444,0.1108333,0.1134801,0.1373948,
243,0.0,0.0015302,0.046013,0.0286492,0.0352497,0.0320429,0.0538461,0.0873529,0.0316473,0.1264131,0.1582277,0.1677867,
244,0.0,0.0043723,0.0444452,0.0699237,0.0410353,0.026657,0.0725245,0.1144284,0.0704586,0.1227108,0.2049266,0.1773844,
245,0.0,0.0032951,0.0449758,0.0617195,0.0264027,0.0074021,0.0543712,0.1214736,0.0795666,0.0804262,0.1453371,0.182399,
246,0.0,0.0025667,0.0477812,0.0451361,0.0763894,0.0190857,0.0824466,0.095672,0.0526331,0.1857532,0.0639536,0.1486601,
247,0.0,0.0026715,0.020554,0.0426501,0.0572549,0.0356043,0.0759106,0.0876908,0.0909878,0.2021818,0.1637008,0.1606947,
248,0.0,0.0045752,0.0144582,0.0476023,0.0536782,0.0373273,0.0724934,0.08683,0.086756,0.1754553,0.1859279,0.1759216,
249,0.0,0.0023277,0.0163781,0.0713485,0.0429299,0.0470391,0.0695315,0.0610947,0.0894249,0.1210999,0.159757,0.1134585,
250,0.0,0.0020413,0.0237606,0.0704837,0.062248,0.0608504,0.1020772,0.0551299,0.0792777,0.0950218,0.1784134,0.0643668,
251,0.0,0.0015088,0.0240368,0.058607,0.054421,0.1023872,0.0855855,0.0808294,0.0915658,0.1361957,0.2021764,0.0676997,
252,0.0,0.0017826,0.0255437,0.0597222,0.0392844,0.0995602,0.0673853,0.061879,0.0876509,0.1592871,0.2020981,0.0870946,
253,0.0,0.0021718,0.0114747,0.0283731,0.0547226,0.0259944,0.0438285,0.0508328,0.1011095,0.0994344,0.1651961,0.0873717,
254,0.0,0.0029476,0.0128137,0.0238029,0.0765107,0.0509729,0.0924192,0.064027,0.0776329,0.1549992,0.123534,0.126185,
255,0.0,0.0029478,0.0186361,0.0481941,0.0754102,0.0568035,0.099401,0.0770994,0.0727288,0.1697241,0.1587199,0.1441329,
256,0.0,0.0017845,0.018518,0.0246587,0.0448083,0.0665159,0.0957258,0.0782959,0.0763392,0.1711535,0.1408876,0.11455,
257,0.0,0.0021613,0.0254918,0.021318,0.0334977,0.0216537,0.1267882,0.0866471,0.116081,0.126984,0.0965266,0.0669619,
258,0.0,0.0017754,0.0294064,0.0233487,0.0553903,0.0425967,0.071651,0.0555848,0.0784605,0.1222944,0.0966014,0.0539962,
259,0.0,0.0012918,0.017111,0.0260113,0.0383219,0.0436395,0.0493533,0.0555776,0.0113748,0.0869542,0.1109947,0.1258773,
260,0.0,0.0025185,0.0263198,0.0392448,0.0681172,0.0233095,0.0739631,0.0576716,0.0545174,0.1013354,0.1215822,0.1098274,
261,0.0,0.0036205,0.0168251,0.0209402,0.0712653,0.0470243,0.0916296,0.0738971,0.0448422,0.1088516,0.113284,0.1027873,
262,0.0,0.0063881,0.0132478,0.0427904,0.0728341,0.0398944,0.063082,0.0611941,0.064272,0.0927301,0.0997954,0.084807,
263,0.0,0.0028341,0.0103147,0.0384216,0.0882466,0.023357,0.048051,0.059692,0.045938,0.0867171,0.0810286,0.0471555,
264,0.0,0.0021475,0.0100681,0.027855,0.0994519,0.0123761,0.0713755,0.0586244,0.0691338,0.0614951,0.0704313,0.0688407,
265,0.0,0.0022884,0.0056243,0.0501975,0.0822394,0.0113999,0.0791301,0.0553313,0.0711173,0.0944666,0.0582616,0.05288,
266,0.0,0.0012803,0.0110658,0.0441347,0.0967862,0.0166375,0.0538382,0.071315,0.0660279,0.0934341,0.016556,0.0204766,
267,0.0,0.0012876,0.0169733,0.0427187,0.0739158,0.0208168,0.060505,0.0833113,0.0847642,0.0460707,0.0413288,0.0276435,
268,0.0,0.0021487,0.0092657,0.0183416,0.0618923,0.0252099,0.0492184,0.0688417,0.0633999,0.058898,0.0476074,0.037324,
269,0.0,0.0033702,0.0147756,0.0242536,0.0599734,0.0416801,0.0566339,0.0919292,0.0601728,0.0804996,0.0635404,0.0151852,
270,0.0,0.001376,0.0276033,0.040509,0.0868012,0.0473933,0.0210764,0.1076342,0.0953238,0.0709146,0.0791018,0.0193437,
271,0.0,0.0012232,0.0338398,0.0398145,0.0790098,0.0579208,0.028208,0.067485,0.049803,0.0444059,0.0671976,0.0356071,
272,0.0,0.0036977,0.0314911,0.013337,0.0663684,0.0705759,0.0458146,0.0652601,0.0656248,0.0760516,0.049726,0.0438341,
273,0.0,0.0058001,0.0448734,0.0320028,0.0705994,0.0596594,0.0767817,0.1460217,0.0565705,0.1278389,0.0487724,0.0531365,
274,0.0,0.0062896,0.0240495,0.0404186,0.0651679,0.0324285,0.0277605,0.1500902,0.0721197,0.145824,0.0856978,0.0744391,
275,0.0,0.0098362,0.0303992,0.0346783,0.0742954,0.0555942,0.0831313,0.1085792,0.0710318,0.1656665,0.0928126,0.0929939,
276,0.0,0.0034874,0.0335799,0.0150267,0.0946915,0.0683629,0.0455823,0.1127042,0.0584091,0.1554836,0.0605319,0.1794456,
277,0.0,0.0035935,0.0269891,0.0161365,0.0973194,0.0926689,0.0496414,0.1524919,0.0669951,0.1895361,0.1330186,0.2429568,
278,0.0,0.0034076,0.0510959,0.0423808,0.0411124,0.0673003,0.0257549,0.1418173,0.0713125,0.2218297,0.1092345,0.1640282,
279,0.0,0.0013855,0.0532752,0.021235,0.014616,0.0394876,0.0434242,0.076616,0.0765377,0.1648108,0.033536,0.1590116,
280,0.0,0.0034586,0.0488805,0.0632943,0.0428416,0.0549355,0.0419231,0.0580001,0.0824381,0.1029432,0.0826266,0.0716085,
281,0.0,0.0027287,0.0293113,0.043767,0.0730443,0.0633743,0.0833571,0.0686688,0.0745034,0.0806643,0.0879399,0.0689362,
282,0.0,0.0037757,0.0358384,0.0516246,0.0803055,0.0512459,0.1123236,0.064425,0.0714132,0.0789582,0.0682299,0.0614733,
283,0.0,0.0035183,0.0538392,0.0399981,0.0551725,0.0240834,0.0820251,0.0827278,0.0933173,0.0674393,0.1176655,0.0821024,
284,0.0,0.0009762,0.0258766,0.0442163,0.0583349,0.0348342,0.030934,0.0843066,0.1006193,0.064474,0.1192433,0.1080147,
285,0.0,0.0018646,0.0316222,0.054605,0.0572855,0.0330036,0.0528372,0.0906907,0.1231921,0.0692819,0.0865879,0.0966155,
286,0.0,0.0029454,0.033538,0.0610391,0.0621457,0.0230464,0.0617238,0.1044948,0.1130911,0.0454627,0.0828771,0.1084526,
287,0.0,0.0054889,0.028088,0.0373424,0.0585876,0.029246,0.0148601,0.0802631,0.0932942,0.0786138,0.0810975,0.0441122,
288,0.0,0.007572,0.0238414,0.058068,0.0697267,0.0386245,0.0510658,0.0669617,0.0483691,0.0951904,0.0443225,0.0462194,
289,0.0,0.0057806,0.0191352,0.0187202,0.059701,0.0454092,0.050999,0.0973654,0.0640844,0.071355,0.0225289,0.0292814,
290,0.0,0.0051171,0.0237607,0.0267528,0.037268,0.0321037,0.020736,0.085968,0.0495118,0.0549109,0.0352453,0.0482887,
291,0.0,0.00435,0.0296456,0.0313619,0.0229338,0.0409182,0.0322969,0.0532804,0.0670036,0.0616693,0.0199465,0.0715521,
292,0.0,0.0006675,0.0220338,0.039836,0.0352516,0.0675743,0.0314951,0.025106,0.0714057,0.0538593,0.0129731,0.0859319,
293,0.0,0.0028935,0.0224055,0.046543,0.0585061,0.0509137,0.0325975,0.0539888,0.0712111,0.0238648,0.061105,0.1140319,
294,0.0,0.0073764,0.0143804,0.0474804,0.0660839,0.0588116,0.0405653,0.0794292,0.0673868,0.0695828,0.0616839,0.1106424,
295,0.0,0.0081025,0.0503982,0.0455875,0.0697879,0.0538611,0.0539401,0.0179437,0.0736173,0.0581678,0.0501576,0.0852185,
296,0.0,0.0046038,0.0474303,0.0615314,0.0840569,0.050062,0.0342032,0.0354228,0.0423319,0.0319232,0.0664297,0.1032961,
297,0.0,0.002944,0.0310371,0.0482413,0.0873345,0.0231362,0.011306,0.0223764,0.0168879,0.0319632,0.0524599,0.1742038,
298,0.0,0.0030252,0.028379,0.0853965,0.0748071,0.0408265,0.035,0.0741845,0.0430415,0.0182414,0.0891133,0.1729416,
299,0.0,0.0016397,0.0245038,0.074056,0.0361929,0.0364784,0.0270682,0.088099,0.0489451,0.0329617,0.0768321,0.1625061,
300,0.0,0.0014065,0.0063499,0.0393438,0.0451206,0.0233478,0.0714903,0.0799468,0.0191196,0.036884,0.057678,0.1490947,
301,0.0,0.0009761,0.0198382,0.0773628,0.0617279,0.0448558,0.0731591,0.0813532,0.0614977,0.0754552,0.0671984,0.1090176,
302,0.0,0.0040182,0.0349539,0.0315173,0.0402749,0.0662609,0.0643212,0.0587228,0.055028,0.0488367,0.0614397,0.1278858,
303,0.0,0.0029365,0.0140496,0.0199719,0.0147261,0.0226173,0.0586014,0.0667799,0.1304049,0.0457117,0.0701436,0.103027,
304,0.0,0.0039103,0.015828,0.0329426,0.0362483,0.0380431,0.1196357,0.0747783,0.0612855,0.0551773,0.1550691,0.0667523,
305,0.0,0.0035276,0.0110456,0.0532393,0.0388819,0.0293321,0.018141,0.0622615,0.032145,0.0155682,0.1088643,0.0797259,
306,0.0,0.003159,0.0132932,0.0934395,0.0613987,0.0748859,0.0538082,0.0691713,0.096327,0.046975,0.0669404,0.1121577,
307,0.0,0.0137338,0.0263417,0.0360253,0.0391969,0.021466,0.0518254,0.0587604,0.092174,0.0412695,0.040171,0.1527995,
308,0.0,0.0124717,0.0316283,0.0357806,0.0624582,0.0298007,0.03193,0.0440876,0.1154707,0.0265391,0.0412894,0.0886646,
309,0.0,0.0078574,0.024316,0.0663768,0.0479473,0.0081394,0.031972,0.0692828,0.1051881,0.0532338,0.0363362,0.0246077,
310,0.0,0.0051528,0.017057,0.0715502,0.0284954,0.0277792,0.0386532,0.093217,0.0568959,0.0742838,0.0215911,0.0103692,
311,0.0,0.0047257,0.0146971,0.0408706,0.0383965,0.0188088,0.0590703,0.0698625,0.0657607,0.0640958,0.0455723,0.0317211,
312,0.0,0.0046237,0.0115788,0.0375653,0.0477952,0.02794,0.0849457,0.0333754,0.053401,0.0864588,0.023851,0.0564282,
313,0.0,0.0041064,0.0114949,0.0318409,0.0336121,0.0255218,0.0725085,0.0471116,0.0523427,0.0908335,0.0151628,0.0227397,
314,0.0,0.0023355,0.0204468,0.031037,0.0173474,0.0263514,0.0766074,0.0644715,0.0497938,0.1061496,0.0188338,0.043982,
315,0.0,0.0009479,0.0200784,0.0454345,0.0190029,0.0195106,0.0705164,0.039673,0.0371164,0.0931579,0.0702826,0.0472908,
316,0.0,0.0014763,0.0110156,0.0353396,0.0529663,0.0241822,0.0333841,0.0572416,0.0468274,0.0818132,0.0534837,0.0591188,
317,0.0,0.0005265,0.0409071,0.0322119,0.0630652,0.0640638,0.0579884,0.0532752,0.0510097,0.1034468,0.0671561,0.0585503,
318,0.0,0.0016212,0.0262532,0.0429104,0.055147,0.056291,0.0885649,0.0449135,0.043114,0.0865488,0.067134,0.0552037,
319,0.0,0.0015904,0.0271091,0.0409975,0.0469303,0.0470418,0.0260742,0.0909241,0.0281351,0.0687049,0.0575729,0.0506921,
320,0.0,0.0023451,0.0084841,0.050681,0.0501967,0.0449003,0.051449,0.0656808,0.0469843,0.0287025,0.0712659,0.0603645,
321,0.0,0.0019878,0.0763082,0.0287936,0.0886493,0.0343495,0.1252925,0.0625817,0.0623994,0.0506622,0.1399129,0.0793609,
322,0.0,0.0027471,0.0091625,0.025029,0.059551,0.0452585,0.0832997,0.0497608,0.0392403,0.0346621,0.105299,0.0897646,
323,0.0,0.0012973,0.0168941,0.0253634,0.0638785,0.0251963,0.0381861,0.0215054,0.0385951,0.0127063,0.076657,0.090756,
324,0.0,0.001395,0.0076462,0.0195706,0.0427083,0.0539617,0.037492,0.0195728,0.0322196,0.0231838,0.0691665,0.0817388,
325,0.0,0.0006446,0.0250316,0.0308978,0.0293094,0.101371,0.0439946,0.0586329,0.0334632,0.03552,0.0787212,0.0968172,
326,0.0,0.001647,0.0215653,0.0281044,0.0422536,0.0801561,0.0414772,0.0555105,0.0449624,0.0442707,0.0392798,0.0796161,
327,0.0,0.004762,0.0160069,0.0872355,0.0539089,0.0769599,0.0686556,0.079373,0.0296846,0.0453639,0.0498724,0.0962307,
328,0.0,0.0036418,0.0319909,0.0886143,0.02961,0.1225947,0.0832879,0.075353,0.0268758,0.0902309,0.0620307,0.1125598,
329,0.0,0.0062602,0.042351,0.1003756,0.0860828,0.1986336,0.0792796,0.1574043,0.1554756,0.0971488,0.1245656,0.0949859,
330,0.0,0.0068805,0.0444711,0.0902086,0.1527271,0.2466211,0.1962155,0.1385618,0.0662128,0.0743561,0.0973379,0.0966719,
331,0.0,0.0020386,0.0271817,0.0196019,0.0780797,0.1151341,0.0910733,0.0567506,0.047364,0.0367427,0.0765815,0.1142521,
332,0.0,0.0034388,0.0310993,0.0113615,0.0319736,0.0936034,0.0466967,0.0636752,0.0545767,0.0535794,0.0721637,0.0495285,
333,0.0,0.0014052,0.0172829,0.0234323,0.0313479,0.0867004,0.0659952,0.0423279,0.0630065,0.0574977,0.0500087,0.0231042,
334,0.0,0.0013478,0.0087629,0.0312363,0.0290155,0.031495,0.0451901,0.0251521,0.0317074,0.0413764,0.0298214,0.0426709,
335,0.0,0.0014024,0.0148563,0.0407134,0.0550157,0.0521834,0.0411443,0.0361985,0.0296032,0.0456096,0.0258626,0.036918,
336,0.0,0.001355,0.0082073,0.0461177,0.0605515,0.0533896,0.0628482,0.033427,0.0224646,0.0307706,0.0367348,0.0456613,
337,0.0,0.0023247,0.0097417,0.0255082,0.0630052,0.0378688,0.0506344,0.0612264,0.0352003,0.0169016,0.0726887,0.0939869,
338,0.0,0.0055954,0.0165187,0.018197,0.0654119,0.0592768,0.0503492,0.0393425,0.0481369,0.0259845,0.0693415,0.0729075,
339,0.0,0.0052305,0.0186492,0.0397575,0.1007669,0.0656913,0.0321053,0.0572104,0.0441789,0.0343395,0.1672116,0.0393889,
340,0.0,0.0073434,0.0272808,0.0212361,0.039918,0.090031,0.0450813,0.0920138,0.0516311,0.0630866,0.0966762,0.0881693,
341,0.0,0.0033383,0.0075407,0.0304749,0.0515362,0.0318652,0.0680656,0.0300463,0.0619922,0.0315316,0.091885,0.0584161,
342,0.0,0.0024469,0.0062845,0.0229944,0.0216168,0.039346,0.0339306,0.0504382,0.031918,0.0159146,0.057845,0.0550614,
343,0.0,0.00129,0.0167046,0.0269235,0.0267303,0.0131137,0.0564155,0.0865923,0.0361791,0.0295377,0.0406066,0.0591332,
344,0.0,0.0012895,0.0158,0.039395,0.0249278,0.0259736,0.0412613,0.0455553,0.0280271,0.0196105,0.0343773,0.0691159,
345,0.0,0.0008393,0.016703,0.030406,0.0358615,0.0426001,0.0619913,0.0175739,0.0335379,0.0127364,0.0638527,0.0607188,
346,0.0,0.0021216,0.0151505,0.020502,0.0400158,0.0471285,0.0701073,0.0387832,0.0365743,0.0681719,0.0652913,0.0773772,
347,0.0,0.0019573,0.0176117,0.0177967,0.027801,0.0274478,0.0591118,0.0483946,0.0362902,0.0727304,0.0346793,0.0984753,
348,0.0,0.0026945,0.0317564,0.0271498,0.0195333,0.0311834,0.0665525,0.0326328,0.0701182,0.0940068,0.037415,0.1149201,
349,0.0,0.0044792,0.0164944,0.0338968,0.0338655,0.0757161,0.0659427,0.0959253,0.0925212,0.077801,0.0601502,0.1168174,
350,0.0,0.0075389,0.0267963,0.0392235,0.0416561,0.0709603,0.0400846,0.1435284,0.0974222,0.098639,0.0830985,0.1649779,
351,0.0,0.0029365,0.0166747,0.0203862,0.0782133,0.0861311,0.0281873,0.1601483,0.1450152,0.1119561,0.1567322,0.1424924,
352,0.0,0.0057339,0.0558851,0.0707683,0.076246,0.1117579,0.0706556,0.1729699,0.1821108,0.0918594,0.2356363,0.1242502,
353,0.0,0.010406,0.0736065,0.1213923,0.0998271,0.1453192,0.0783354,0.196549,0.1271284,0.1343632,0.2912158,0.0382273,
354,0.0,0.0064906,0.0524675,0.0368174,0.1013211,0.1306077,0.0871742,0.184977,0.1193642,0.1341053,0.2688826,0.0617955,
355,0.0,0.0056015,0.0254784,0.059186,0.0686311,0.046908,0.0150393,0.104385,0.1597423,0.1300001,0.1806196,0.0210393,
356,0.0,0.005603,0.0168351,0.0787244,0.0717422,0.0395676,0.0681028,0.1578046,0.2094065,0.0714262,0.1672164,0.0470607,
357,0.0,0.0073312,0.0182203,0.1423302,0.1584519,0.0897505,0.1344777,0.1758969,0.1803955,0.1950626,0.281875,0.1087318,
358,0.0,0.0006617,0.0176837,0.0942866,0.1799365,0.0982306,0.0981614,0.1692131,0.1760764,0.1488734,0.2430477,0.0686386,
359,0.0,0.001838,0.0176757,0.0488237,0.172294,0.1002142,0.0467667,0.175031,0.2150392,0.0465351,0.1682579,0.0741151,
360,0.0,0.0060706,0.0252189,0.0360857,0.0663399,0.0986892,0.0655633,0.0852483,0.0944008,0.0736713,0.0966199,0.0735275,
361,0.0,0.0046259,0.0280439,0.0579866,0.0473781,0.0603084,0.0701428,0.0908169,0.1164262,0.0582581,0.098498,0.069635,
362,0.0,0.0099242,0.0315997,0.0518541,0.1038543,0.0155376,0.0385778,0.0896183,0.1175921,0.0490201,0.1336448,0.044053,
363,0.0,0.0016412,0.0453078,0.0603436,0.1046986,0.0621693,0.0560385,0.1067358,0.089235,0.0277674,0.1133572,0.0519184,
364,0.0,0.0030096,0.0133649,0.0509068,0.0971329,0.068187,0.0470543,0.1013255,0.0432661,0.0287853,0.120237,0.0760229,
365,0.0,0.0062351,0.0253283,0.101628,0.1055072,0.0996252,0.0828103,0.1418741,0.0514438,0.0371898,0.1348225,0.1328664,
366,0.0,0.0093518,0.068217,0.0523263,0.1012719,0.0895271,0.1271571,0.14728,0.0346395,0.0766809,0.1592082,0.1539566,
367,0.0,0.0014719,0.0423193,0.0460419,0.0574358,0.065184,0.1035761,0.0965646,0.0898257,0.1118643,0.1144933,0.1507234,
368,0.0,0.0012571,0.0424175,0.0498598,0.0684217,0.0552061,0.0846084,0.082281,0.0978227,0.1247996,0.0456875,0.2116321,
369,0.0,0.0005461,0.0204343,0.0589781,0.0693005,0.0581597,0.0181902,0.0973975,0.0552867,0.1200356,0.0465832,0.1754691,
370,0.0,0.0018304,0.019988,0.0555304,0.0823439,0.0547368,0.124091,0.0831252,0.1175088,0.1138321,0.1018269,0.1792293,
371,0.0,0.0032833,0.0259402,0.0426345,0.0727609,0.0581154,0.1333746,0.0415387,0.0978322,0.1088027,0.0802449,0.1450348,
372,0.0,0.0018145,0.0450093,0.0492692,0.069825,0.0741981,0.0486565,0.1129238,0.0497375,0.0719223,0.0735713,0.1245685,
373,0.0,0.002139,0.0509004,0.0375778,0.0331698,0.1004418,0.0468623,0.0987059,0.0256711,0.0571281,0.0574184,0.13381,
374,0.0,0.0033429,0.0111335,0.0475044,0.0365995,0.0747033,0.0629157,0.062959,0.0234158,0.0374885,0.0631406,0.1141857,
375,0.0,0.0044088,0.0184491,0.0459066,0.0258641,0.0476466,0.0603486,0.1151527,0.0181966,0.0154036,0.0778981,0.1247741,
376,0.0,0.0042036,0.035285,0.04748,0.0377838,0.0610355,0.0557011,0.1099843,0.0458715,0.0901691,0.0831846,0.0567705,
377,0.0,0.0114296,0.0351988,0.0514732,0.0444086,0.0662223,0.0658722,0.1368352,0.1007982,0.0894998,0.1510402,0.0746118,
378,0.0,0.0063781,0.0462586,0.0591648,0.1341481,0.0571662,0.0881689,0.1293989,0.1915895,0.3063666,0.3084364,0.0639936,
379,0.0,0.0032453,0.0638837,0.0262419,0.0490252,0.0584954,0.039423,0.1101883,0.033542,0.2086251,0.1235324,0.0505494,
380,0.0,0.0032635,0.0130829,0.0780173,0.0481545,0.0387016,0.0465021,0.0804436,0.074724,0.1030496,0.0750771,0.0762361,
381,0.0,0.0026763,0.0130937,0.1308167,0.0536778,0.0504792,0.0844876,0.0663653,0.0525641,0.0748164,0.1090866,0.0722431,
382,0.0,0.0040932,0.0203387,0.111586,0.0574316,0.0745942,0.0872786,0.0578084,0.0365037,0.0811482,0.1064883,0.0505638,
383,0.0,0.0036823,0.0129793,0.0578646,0.066741,0.0807481,0.0794334,0.0533346,0.0170138,0.0237803,0.0881572,0.0657397,
384,0.0,0.0047187,0.0229249,0.012717,0.0420394,0.0511076,0.0681542,0.1235933,0.0183722,0.0581143,0.0604414,0.0648773,
385,0.0,0.0055027,0.0493555,0.051092,0.0569071,0.0854271,0.0676821,0.0787249,0.0468055,0.0981423,0.0901325,0.0908412,
386,0.0,0.0063232,0.0186989,0.0333168,0.063581,0.0342159,0.0541238,0.0984205,0.0660333,0.0985236,0.0275333,0.1206404,
387,0.0,0.0046306,0.016746,0.0348439,0.0418417,0.0833824,0.0571477,0.0741601,0.0291865,0.0798723,0.1260045,0.0991195,
388,0.0,0.00429,0.0159336,0.0473314,0.0737315,0.0526412,0.0499762,0.065059,0.0979414,0.0599017,0.1044786,0.0663953,
389,0.0,0.0044881,0.025721,0.0244891,0.0259574,0.0589015,0.0373415,0.0874086,0.1111671,0.1154485,0.0790815,0.0630725,
390,0.0,0.0031826,0.0351179,0.0037547,0.0319387,0.0166528,0.0212421,0.0550376,0.0699018,0.1076331,0.1526966,0.108599,
391,0.0,0.000651,0.0267574,0.0289035,0.0519007,0.0641207,0.0376064,0.0629824,0.082255,0.1092094,0.0943854,0.0718443,
392,0.0,0.0010889,0.0280278,0.0506816,0.0460351,0.0719454,0.0443649,0.0546077,0.0619626,0.0891096,0.0193015,0.0603636,
393,0.0,0.0012858,0.0185838,0.0070529,0.0423596,0.0639349,0.0342245,0.0401435,0.0373215,0.0672822,0.0899679,0.0771208,
394,0.0,0.0012874,0.028927,0.0069565,0.0272476,0.0358237,0.0563753,0.0525807,0.0399325,0.0351802,0.0933767,0.061992,
395,0.0,0.0014078,0.0247086,0.0380445,0.0424331,0.0278937,0.0635666,0.0363555,0.0319502,0.0315184,0.0705168,0.0854423,
396,0.0,0.0032275,0.0239941,0.0701816,0.0365028,0.0598789,0.0419944,0.0572582,0.0575316,0.0455556,0.0869405,0.0509828,
397,0.0,0.0023054,0.0333515,0.0803108,0.0415864,0.0629758,0.0599774,0.0927051,0.0707279,0.0881077,0.0678677,0.0570315,
398,0.0,0.0038856,0.0275896,0.0624287,0.0745298,0.0411814,0.0726164,0.0409959,0.0732363,0.101856,0.0678123,0.0871452,
399,0.0,0.0034844,0.039988,0.0454989,0.1296053,0.0457497,0.0762579,0.0584135,0.0434773,0.0325368,0.1383377,0.140896,
400,0.0,0.003278,0.0618956,0.0458143,0.1027279,0.0533944,0.0539197,0.0762169,0.0366976,0.0785719,0.184982,0.0824766,
401,0.0,0.004371,0.0120257,0.060629,0.0773495,0.0466249,0.0500009,0.0529846,0.0575499,0.0612534,0.1540424,0.0795152,
402,0.0,0.0058902,0.0145751,0.0438367,0.0341539,0.0783862,0.0759399,0.0685922,0.0568176,0.0874336,0.1615225,0.1337274,
403,0.0,0.0045704,0.0094844,0.0812497,0.0562744,0.0548429,0.0845751,0.1002096,0.022934,0.0641273,0.0900589,0.1994969,
404,0.0,0.0039606,0.0446163,0.0857473,0.0628776,0.0418856,0.0433571,0.063736,0.0277371,0.054651,0.1171889,0.1535475,
405,0.0,0.0170783,0.0179429,0.0460197,0.0421459,0.0650046,0.0623341,0.0610408,0.0731517,0.1011511,0.1312186,0.1360399,
406,0.0,0.0049469,0.0282268,0.0536727,0.0512851,0.0716817,0.0404208,0.0553464,0.0422948,0.0443625,0.1218128,0.1288558,
407,0.0,0.0051083,0.0591226,0.0597818,0.0717786,0.0513978,0.0445018,0.0886301,0.097114,0.055553,0.0909523,0.0852968,
408,0.0,0.0068069,0.0512111,0.0594741,0.0458291,0.0631806,0.0840717,0.0947504,0.102314,0.0810362,0.0515226,0.0620961,
409,0.0,0.0046101,0.0123163,0.0526261,0.0145197,0.0418563,0.110762,0.0901612,0.093964,0.0804899,0.034172,0.0590266,
410,0.0,0.0063846,0.0102462,0.0742676,0.0353713,0.0368776,0.0771382,0.0815403,0.0421957,0.0834039,0.0380571,0.0938025,
411,0.0,0.004725,0.0309218,0.0718509,0.0274229,0.0409554,0.0341551,0.078752,0.0720375,0.0843102,0.0768861,0.0807998,
412,0.0,0.0027568,0.0280107,0.0928841,0.0438172,0.0400858,0.0534439,0.0921093,0.0364483,0.1191784,0.0812663,0.0914494,
413,0.0,0.0017059,0.0657622,0.0427434,0.0291116,0.0720808,0.0755724,0.1218342,0.0229845,0.1125133,0.0937315,0.1137215,
414,0.0,0.0022263,0.0377361,0.0696474,0.0223923,0.0740781,0.0602062,0.0630461,0.0369097,0.0878749,0.1046032,0.1473618,
415,0.0,0.0023963,0.0305983,0.0954619,0.0108163,0.1388464,0.0357627,0.0376611,0.0815485,0.0755983,0.1310385,0.1205193,
416,0.0,0.0020141,0.0277933,0.0704006,0.0339654,0.078174,0.054177,0.0356801,0.0360839,0.0961341,0.1188608,0.0387852,
417,0.0,0.0033438,0.0175962,0.0614685,0.0618352,0.0350304,0.073279,0.0489541,0.038054,0.0744167,0.0758475,0.0237012,
418,0.0,0.0017943,0.0162438,0.0456229,0.0437841,0.0369631,0.0604355,0.0622983,0.022158,0.0516288,0.0644547,0.022688,
419,0.0,0.0022925,0.0109432,0.0266172,0.0428373,0.0412793,0.070235,0.0506514,0.0261671,0.0565587,0.057425,0.0153054,
420,0.0,0.0021865,0.0067208,0.0332739,0.0281641,0.0426304,0.031457,0.0248635,0.0220149,0.0781876,0.0707029,0.0192252,
421,0.0,0.0017486,0.0106234,0.0597301,0.030883,0.0424172,0.0527443,0.0332057,0.0379436,0.1235361,0.0894019,0.04687,
422,0.0,0.00161,0.0117839,0.0414512,0.0584144,0.0554767,0.054632,0.0454339,0.0320447,0.0549003,0.0520057,0.0653749,
423,0.0,0.001792,0.0360721,0.0320517,0.0484445,0.0448979,0.0662913,0.0330426,0.0297459,0.027801,0.059684,0.0875957,
424,0.0,0.0005082,0.0507191,0.0122659,0.0414091,0.0582848,0.0778017,0.0221214,0.032705,0.0638671,0.0786545,0.0780892,
425,0.0,0.0032595,0.0487064,0.018739,0.0375901,0.0638545,0.0580529,0.0495673,0.0392752,0.0687471,0.0905268,0.0927095,
426,0.0,0.0020506,0.0450524,0.0076438,0.0559465,0.0493004,0.0397424,0.0418251,0.0369982,0.0845476,0.10702,0.1124661,
427,0.0,0.0013895,0.0287134,0.0396472,0.0556599,0.0620259,0.0334039,0.0397098,0.0625378,0.0271765,0.0567271,0.0829858,
428,0.0,0.0016285,0.023304,0.0307408,0.0506503,0.0594533,0.0374731,0.060126,0.0442206,0.0143384,0.0654799,0.0716256,
429,0.0,0.0031305,0.0052586,0.0461952,0.0332391,0.070924,0.0381258,0.0536981,0.0295327,0.0462874,0.0625124,0.0786882,
430,0.0,0.0006509,0.0038222,0.1167772,0.0194887,0.0906814,0.0633804,0.0480576,0.0516782,0.0811015,0.0620587,0.1057878,
431,0.0,0.0013313,0.00838,0.0325889,0.0223304,0.042608,0.0639905,0.0292426,0.0107688,0.0809811,0.0435116,0.031876,
432,0.0,0.003446,0.0050097,0.0285818,0.0302375,0.0352112,0.0327145,0.0324867,0.0560072,0.0506268,0.0283695,0.0292963,
433,0.0,0.0056157,0.0068022,0.0175479,0.0303363,0.0171957,0.0480589,0.0262548,0.0510659,0.0731158,0.0463082,0.0347182,
434,0.0,0.0026716,0.0069407,0.0272011,0.070649,0.0451724,0.0672057,0.0336719,0.0576144,0.0574292,0.0787253,0.0318037,
435,0.0,0.0026834,0.023951,0.0446897,0.0876292,0.0311405,0.0181356,0.0582607,0.0529575,0.0490257,0.0995462,0.0394229,
436,0.0,0.0031676,0.0184685,0.0419605,0.0279074,0.0541882,0.0239578,0.048278,0.0241677,0.0786578,0.0767562,0.0573365,
437,0.0,0.0012167,0.0051502,0.0434079,0.0338784,0.0460005,0.0397842,0.0568047,0.0233287,0.0698234,0.0600351,0.0350704,
438,0.0,0.0045561,0.0204952,0.0203764,0.0904528,0.0539628,0.0465139,0.0780687,0.0163559,0.0709186,0.0572141,0.0958703,
439,0.0,0.0019141,0.0167293,0.0779154,0.0698661,0.1063793,0.048522,0.0784281,0.0417398,0.0766921,0.0485144,0.1247678,
440,0.0,0.0005172,0.0171872,0.0732812,0.0408507,0.0950895,0.024153,0.0511661,0.0462274,0.0553627,0.033841,0.0569688,
441,0.0,0.0005104,0.0155688,0.0578543,0.0376274,0.0551301,0.0301311,0.0445654,0.0259325,0.0552653,0.063189,0.0301788,
442,0.0,0.0013465,0.0090998,0.060911,0.0387474,0.0572308,0.0521448,0.0496543,0.0203994,0.0522353,0.0761921,0.0582846,
443,0.0,0.0006652,0.0107408,0.0496953,0.062818,0.0645803,0.0531627,0.0608435,0.0404547,0.0645851,0.0922736,0.0457297,
444,0.0,0.0017924,0.0108424,0.0524999,0.0678495,0.0736584,0.0274019,0.0612124,0.0488965,0.0292269,0.0467441,0.0761668,
445,0.0,0.000663,0.0115386,0.0177424,0.0390011,0.0399159,0.0433696,0.0507946,0.0548495,0.0401572,0.0593296,0.0462389,
446,0.0,0.0021967,0.0241563,0.029075,0.0420817,0.0285745,0.0341372,0.0595231,0.0360922,0.0534006,0.0348307,0.0614198,
447,0.0,0.0006655,0.0313437,0.0304667,0.0349094,0.0366373,0.0396073,0.0530524,0.0689674,0.0648633,0.0681937,0.0760006,
448,0.0,0.0017621,0.0479047,0.048975,0.0497792,0.0423195,0.0483215,0.0465041,0.1282491,0.111976,0.0596039,0.0679202,
449,0.0,0.0026951,0.0333051,0.0834614,0.0299049,0.0504136,0.0539553,0.0687193,0.0937877,0.0773011,0.1075825,0.0847197,
450,0.0,0.0019461,0.0256054,0.0393937,0.0419806,0.0620469,0.0585147,0.0704619,0.0627922,0.0700118,0.0492932,0.0952168,
451,0.0,0.0012259,0.0079812,0.0156631,0.0236255,0.0777285,0.0428119,0.0175402,0.0450556,0.0761568,0.0168132,0.0532169,
452,0.0,0.0016021,0.0128703,0.0113469,0.0455284,0.024061,0.0546517,0.0203325,0.0760035,0.0507381,0.010844,0.0311759,
453,0.0,0.001751,0.0088266,0.0202809,0.044347,0.0303478,0.0498057,0.0393961,0.0744473,0.0429981,0.0323975,0.047173,
454,0.0,0.0006468,0.0062653,0.0273297,0.0342201,0.0326426,0.0638377,0.0420155,0.0896439,0.0412606,0.0731543,0.0495843,
455,0.0,0.0073927,0.0136478,0.0154078,0.0278724,0.0619411,0.061195,0.0185623,0.068904,0.0272764,0.0675811,0.0847048,
456,0.0,0.0054141,0.0276646,0.0366894,0.030312,0.0557456,0.0576358,0.069381,0.0561733,0.0206479,0.0306179,0.0119381,
457,0.0,0.0088255,0.03573,0.042098,0.0425311,0.0585794,0.0704178,0.0427176,0.0456669,0.0641847,0.030816,0.0725285,
458,0.0,0.0059849,0.0361893,0.0451632,0.0138807,0.0519898,0.0108883,0.0621796,0.0628405,0.0531778,0.0298184,0.0631078,
459,0.0,0.0119399,0.0211263,0.048445,0.02525,0.0817849,0.0276748,0.0825832,0.0378856,0.0188636,0.0822642,0.0380526,
460,0.0,0.0039568,0.0295017,0.0487638,0.0441788,0.0990645,0.0550879,0.083764,0.1132651,0.024472,0.07869,0.078115,
461,0.0,0.0098295,0.0157242,0.042443,0.0262527,0.1120001,0.0782775,0.0534681,0.1504271,0.0022943,0.076655,0.0839979,
462,0.0,0.0043331,0.0231604,0.0165691,0.029083,0.1083355,0.0243154,0.0278704,0.0348926,0.0537333,0.1002085,0.0627286,
463,0.0,0.0040559,0.0182304,0.0153204,0.0274453,0.0787087,0.0236689,0.0263325,0.035245,0.0709742,0.091022,0.0334286,
464,0.0,0.0049123,0.0269804,0.020591,0.0470758,0.0695006,0.0553102,0.0584153,0.0214441,0.0616861,0.0907754,0.0337727,
465,0.0,0.0064302,0.0270098,0.0150503,0.0325194,0.0600487,0.0795938,0.0892654,0.0605623,0.0476103,0.0704261,0.0294355,
466,0.0,0.0021874,0.0312863,0.027183,0.0257389,0.0741994,0.0604961,0.0594,0.0691234,0.0327052,0.0624492,0.0406551,
467,0.0,0.001937,0.0156361,0.02525,0.0152159,0.0730714,0.0447738,0.0213687,0.0598185,0.0448447,0.0671098,0.0356392,
468,0.0,0.0014498,0.0193218,0.0176844,0.04597,0.0535933,0.0531614,0.0159072,0.0412405,0.0453006,0.0481201,0.0451499,
469,0.0,0.0014103,0.0179716,0.0247434,0.0287072,0.0681971,0.0398081,0.0400811,0.0438654,0.0626346,0.0528574,0.0463283,
470,0.0,0.0032903,0.0239865,0.0559509,0.0147824,0.0637346,0.0519633,0.0548736,0.0364787,0.1320779,0.0677747,0.0296085,
471,0.0,0.0021672,0.0142961,0.0475198,0.0508787,0.0596624,0.0280981,0.0460681,0.0182948,0.1335447,0.0841639,0.0144375,
472,0.0,0.0031423,0.014802,0.0732828,0.0412811,0.0400654,0.0233941,0.0456911,0.03951,0.1347025,0.0773125,0.07617,
473,0.0,0.0029929,0.0184541,0.0590635,0.0462138,0.0488672,0.046705,0.0880984,0.0387935,0.1144312,0.1032854,0.0904227,
474,0.0,0.0020765,0.0224259,0.0572232,0.0627156,0.0561014,0.038919,0.1050767,0.0317076,0.2610443,0.0966655,0.1185645,
475,0.0,0.0034092,0.0468061,0.0653311,0.0553627,0.1005777,0.0666583,0.0678352,0.0298407,0.285666,0.067036,0.1266115,
476,0.0,0.0023098,0.0286557,0.0715816,0.1054244,0.1115261,0.05017,0.0789229,0.0322671,0.2799385,0.060424,0.1177159,
477,0.0,0.0017374,0.0250553,0.0667567,0.0439654,0.0513219,0.0277701,0.0321222,0.046839,0.1612033,0.0996124,0.1145462,
478,0.0,0.001215,0.0073884,0.0317561,0.0131489,0.0356884,0.0229778,0.0116345,0.0297634,0.096469,0.0921965,0.0365193,
479,0.0,0.0014435,0.0085208,0.0318185,0.055817,0.0618201,0.0573996,0.0098243,0.0616408,0.0768815,0.123966,0.0329026,
480,0.0,0.0022159,0.0158733,0.0195326,0.0557752,0.0703671,0.0317174,0.0114959,0.0193793,0.0551576,0.0580772,0.0537648,
481,0.0,0.0012861,0.0194212,0.0256598,0.0006141,0.0537243,0.034961,0.0161061,0.0220045,0.0534995,0.0533772,0.0383358,
482,0.0,0.0012127,0.0200419,0.0256988,0.0336518,0.083808,0.0071821,0.0388898,0.0600717,0.052802,0.0800958,0.0394735,
483,0.0,0.0020545,0.0200766,0.0188183,0.0255701,0.0530891,0.0538832,0.0562033,0.0930469,0.085422,0.1163384,0.0505866,
484,0.0,0.0073167,0.0181842,0.0289619,0.0493402,0.0705673,0.070323,0.0726646,0.0529281,0.0532815,0.1166394,0.0961743,
485,0.0,0.007655,0.0079559,0.0366985,0.0393054,0.0820079,0.0700864,0.0535195,0.0211289,0.0398868,0.0909059,0.0839229,
486,0.0,0.0019952,0.0105778,0.0158927,0.0483626,0.0756348,0.0606871,0.0474716,0.0444756,0.0550606,0.0514882,0.0597216,
487,0.0,0.0012238,0.0127875,0.0123586,0.0349287,0.0597739,0.0484578,0.0474198,0.042147,0.0620409,0.0552651,0.0142651,
488,0.0,0.0010304,0.0229261,0.0224786,0.0329524,0.0509049,0.0253808,0.0387801,0.0317975,0.0618674,0.082373,0.0537435,
489,0.0,0.0011101,0.0385113,0.0576126,0.0677947,0.014731,0.0340457,0.0421124,0.0784526,0.0635247,0.0985006,0.0590955,
490,0.0,0.0010396,0.0306509,0.0764633,0.0926394,0.0329953,0.0489385,0.0295549,0.0349799,0.0840939,0.113942,0.0509929,
491,0.0,0.0008211,0.0196668,0.0140798,0.0671568,0.0373853,0.0560977,0.0687173,0.0516781,0.0780599,0.1401135,0.0841643,
492,0.0,0.0013709,0.0388235,0.0378024,0.0368037,0.0396364,0.0845241,0.0884061,0.0578814,0.0748065,0.1408498,0.1027892,
493,0.0,0.002119,0.0166553,0.0390132,0.0228255,0.0404276,0.0878192,0.0539404,0.0556208,0.0651417,0.0840339,0.0511109,
494,0.0,0.0046184,0.016736,0.0743582,0.0473687,0.0226129,0.0341417,0.0479793,0.1177634,0.0558,0.0839042,0.0520207,
495,0.0,0.0036339,0.0182316,0.0647495,0.0313049,0.0449816,0.090706,0.0732209,0.1507614,0.0453638,0.0993139,0.0783225,
496,0.0,0.0040828,0.0171849,0.0597123,0.0187043,0.045858,0.0814611,0.1129328,0.1587084,0.0470655,0.1296917,0.1263478,
497,0.0,0.0019095,0.027964,0.0386695,0.0627734,0.1059532,0.111324,0.0954701,0.0928216,0.1200433,0.1199227,0.1617271,
498,0.0,0.0034423,0.0618873,0.0872236,0.0966424,0.0474328,0.0563989,0.0790839,0.050909,0.1025296,0.1319532,0.1370621,
499,0.0,0.0028299,0.0531636,0.1471449,0.0575426,0.0533111,0.0874246,0.0711613,0.0846862,0.1239736,0.0956564,0.1360399,
500,0.0,0.0006744,0.065315,0.0590905,0.1205945,0.0497486,0.0899797,0.1252973,0.0387819,0.1652127,0.0749889,0.2181907,
501,0.0,0.0023839,0.0701369,0.0408748,0.0890127,0.207214,0.0293799,0.150031,0.0617815,0.096301,0.0767186,0.2720106,
502,0.0,0.0031481,0.0211203,0.0359431,0.0993535,0.2088786,0.0364013,0.1453149,0.032992,0.0956263,0.0388164,0.2597243,
503,0.0,0.0051233,0.0368246,0.027618,0.1241234,0.1661664,0.0148363,0.1806187,0.0350927,0.0618276,0.0482098,0.098959,
504,0.0,0.004655,0.0286248,0.052161,0.1031188,0.0964463,0.0327062,0.1431931,0.0495107,0.0442608,0.0647499,0.0178713,
505,0.0,0.0064467,0.0165822,0.0462739,0.0799127,0.0378482,0.0621444,0.0988609,0.0420806,0.0683384,0.0615212,0.0390281,
506,0.0,0.0045275,0.016935,0.0418363,0.0501977,0.064392,0.0562076,0.0757051,0.0234326,0.0521743,0.0432088,0.0415254,
507,0.0,0.0015864,0.022712,0.0632772,0.0614134,0.0465663,0.0643876,0.0877518,0.0539976,0.0622024,0.0590008,0.0390447,
508,0.0,0.0026457,0.0060737,0.0698228,0.0509173,0.0654383,0.0641063,0.0513108,0.0560144,0.0521933,0.0497718,0.0549123,
509,0.0,0.0005112,0.0157879,0.0635583,0.0429751,0.05782,0.0597112,0.0286188,0.0505679,0.0435563,0.0288267,0.0563182,
510,0.0,0.002644,0.0140237,0.0532085,0.0409245,0.0444491,0.0471512,0.0593725,0.0531008,0.0272528,0.0258295,0.0399746,
511,0.0,0.0025671,0.0108657,0.0542352,0.0491903,0.0479157,0.0590732,0.0665112,0.0610112,0.0632499,0.0489711,0.0507685,
512,0.0,0.0006543,0.0149163,0.058401,0.0670443,0.0281483,0.0484788,0.0619491,0.0574439,0.0384057,0.0636805,0.0585451,
513,0.0,0.0032239,0.0117277,0.0577529,0.0609912,0.0388353,0.0808381,0.05681,0.0527311,0.0229559,0.0562396,0.0656714,
514,0.0,0.0021785,0.0165908,0.04405,0.0455041,0.0253096,0.0727388,0.0512292,0.0550588,0.052537,0.0458394,0.0339552,
515,0.0,0.001282,0.0224672,0.0342509,0.0506124,0.02259,0.0658782,0.067871,0.0594711,0.0601261,0.0456726,0.0565558,
516,0.0,0.0052309,0.0227091,0.0441939,0.0734218,0.083593,0.073558,0.075378,0.0597789,0.0570768,0.0449019,0.0680753,
517,0.0,0.0078376,0.0275557,0.0411227,0.0560651,0.0949481,0.052742,0.0544005,0.0519832,0.0311003,0.0360806,0.0652025,
518,0.0,0.0052677,0.0213095,0.0306901,0.018458,0.0732965,0.0790835,0.0594224,0.0440192,0.0792404,0.0247985,0.0349329,
519,0.0,0.0194263,0.0674665,0.0599055,0.0642831,0.0730141,0.1096929,0.0625563,0.0827301,0.0891764,0.0285812,0.0589256,
520,0.0,0.0177795,0.03924,0.0351437,0.0629542,0.067493,0.0827798,0.0732115,0.1023237,0.066112,0.0335135,0.0778235,
521,0.0,0.01103,0.0476911,0.0626123,0.0593422,0.1125975,0.1304811,0.0345756,0.0247818,0.0781329,0.1353222,0.0644656,
522,0.0,0.0107299,0.0641005,0.045391,0.0388202,0.1182453,0.1006126,0.0914657,0.0312547,0.0858019,0.0487836,0.0574679,
523,0.0,0.0118779,0.0760003,0.0516432,0.031971,0.061591,0.1086347,0.0925268,0.1108132,0.0751893,0.0314326,0.0888686,
524,0.0,0.0049848,0.0449924,0.0747667,0.0521742,0.0906683,0.1386962,0.0942147,0.121549,0.0831657,0.0310842,0.0861201,
525,0.0,0.0023257,0.0282255,0.0640222,0.0593299,0.0980047,0.1014362,0.0693692,0.0995696,0.0885316,0.0251221,0.0696075,
526,0.0,0.0077704,0.0162681,0.041835,0.0458722,0.0685126,0.0284718,0.0547467,0.1299131,0.1032621,0.0395688,0.0930581,
527,0.0,0.0038198,0.0326381,0.0380509,0.0483294,0.119225,0.0379344,0.0874364,0.0944794,0.0726742,0.0926495,0.1160948,
528,0.0,0.0025151,0.0316282,0.0570447,0.0533186,0.126003,0.0636511,0.2020448,0.1632844,0.0913178,0.1324658,0.1340173,
529,0.0,0.0066103,0.0636125,0.0627169,0.0854324,0.1279357,0.0608626,0.100929,0.1733813,0.219767,0.1144205,0.1638564,
530,0.0,0.0090875,0.0528882,0.0524112,0.1137476,0.1234007,0.0703975,0.128575,0.2053876,0.2524342,0.2548592,0.1813766,
531,1e-07,0.0098745,0.0274772,0.0443409,0.1172177,0.1025279,0.0598172,0.1038392,0.1935847,0.1422486,0.1428829,0.1406792,
532,1e-07,0.0059199,0.0245051,0.0407245,0.1053654,0.1436782,0.07007,0.1026157,0.2017955,0.0575067,0.1233229,0.1403399,
533,0.0,0.0068622,0.0238854,0.0529404,0.1105428,0.1369047,0.1169256,0.0853737,0.214333,0.0403174,0.0940598,0.1377315,
534,0.0,0.0025732,0.0091316,0.0673004,0.1350442,0.1013161,0.1399118,0.108114,0.1862752,0.0992089,0.1073537,0.1298172,
535,0.0,0.0038856,0.0325785,0.0185556,0.0958426,0.1034055,0.1025132,0.096695,0.1456402,0.0849109,0.1068101,0.1053108,
536,0.0,0.0027419,0.0348344,0.0261181,0.0975334,0.0758925,0.1258933,0.0778559,0.1253614,0.0462974,0.0826688,0.0894225,
537,0.0,0.0039321,0.0129122,0.0365398,0.096354,0.0720678,0.1334264,0.078984,0.1403779,0.0603956,0.1141147,0.118048,
538,0.0,0.0029375,0.0110512,0.0544648,0.043276,0.114071,0.1109427,0.1752872,0.1281441,0.0935774,0.1090475,0.1426607,
539,0.0,0.0026485,0.0239905,0.0531798,0.080005,0.118996,0.1295416,0.0899518,0.1344507,0.0433235,0.1060855,0.0878217,
540,0.0,0.0030735,0.0260901,0.0636587,0.107859,0.0773028,0.1337138,0.0754145,0.1255014,0.0225781,0.1056926,0.0751823,
541,0.0,0.0043047,0.0280427,0.0811598,0.1025373,0.1000928,0.1571171,0.1322635,0.127435,0.0446372,0.1285773,0.0707091,
542,0.0,0.0102801,0.0296157,0.0262314,0.0896554,0.1378852,0.179213,0.1115059,0.106821,0.0442077,0.1527444,0.1059279,
543,0.0,0.0096679,0.0214144,0.0427853,0.0235826,0.1249169,0.1707974,0.1320107,0.1009911,0.0153008,0.0989038,0.0839736,
544,0.0,0.0093057,0.0529182,0.0979158,0.0493539,0.0687988,0.1688338,0.1288016,0.089212,0.0244806,0.1295591,0.092259,
545,0.0,0.0035288,0.0251406,0.046275,0.0359227,0.0528209,0.0833241,0.0593313,0.1196803,0.0374306,0.0932247,0.0507829,
546,0.0,0.0029539,0.0135567,0.0378354,0.0974584,0.0497233,0.0999342,0.0726968,0.1148043,0.0363798,0.0825789,0.069311,
547,0.0,0.0014263,0.0276016,0.0602033,0.0641187,0.0510322,0.126987,0.0800302,0.1092489,0.0548043,0.0620608,0.1044686,
548,0.0,0.0024371,0.0407678,0.0368461,0.0367498,0.0266303,0.1221663,0.0628277,0.0958995,0.0751742,0.0910391,0.1749175,
549,0.0,0.0014586,0.0515763,0.0778454,0.0929724,0.0954743,0.1194507,0.0505927,0.2229351,0.0800733,0.1585381,0.2481839,
550,0.0,0.0022272,0.0428497,0.0489489,0.0923332,0.118023,0.1144701,0.0695929,0.2624588,0.0385089,0.113608,0.2219518,
551,0.0,0.0013867,0.0859321,0.0447956,0.0876358,0.1286158,0.045951,0.0709688,0.1717672,0.0859832,0.1237307,0.2434849,
552,0.0,0.0066509,0.0650131,0.0479903,0.0613214,0.0733474,0.0657992,0.0607472,0.0923343,0.1094875,0.1156978,0.1443139,
553,0.0,0.0076184,0.0598755,0.0198028,0.0294944,0.035117,0.0883958,0.0958895,0.1164852,0.1133133,0.1118025,0.0833685,
554,0.0,0.0105332,0.037306,0.0498597,0.0457506,0.1098877,0.0997288,0.1019976,0.1181302,0.0543527,0.1183295,0.1342306,
555,0.0,0.00351,0.0458238,0.0814076,0.0692232,0.1220862,0.0934802,0.1004945,0.0821231,0.1101319,0.1101212,0.0910597,
556,0.0,0.0049896,0.0089609,0.0230578,0.0760304,0.0901703,0.0354725,0.0783867,0.1051128,0.093237,0.1089039,0.0860537,
557,0.0,0.0103994,0.0226145,0.03313,0.0591995,0.1357482,0.0836696,0.0631836,0.0926294,0.0841486,0.0944501,0.0668089,
558,0.0,0.008706,0.0278781,0.0643841,0.0497247,0.1058492,0.1090608,0.0375169,0.191396,0.0540287,0.0718525,0.06738,
559,0.0,0.0050518,0.0242963,0.0488287,0.0500879,0.0826494,0.0883856,0.0630932,0.0984981,0.0527739,0.0786742,0.0895085,
560,0.0,0.0070745,0.0350658,0.0304261,0.0310619,0.0715409,0.0907578,0.0775145,0.0648856,0.0737725,0.0714318,0.1238548,
561,0.0,0.0125184,0.041763,0.0287336,0.0410401,0.0493956,0.1603973,0.0867962,0.1884367,0.0840786,0.1129198,0.1188468,
562,0.0,0.0169789,0.0266213,0.0314911,0.0366282,0.0569269,0.136851,0.0545358,0.1186952,0.1241682,0.0911183,0.0958362,
563,0.0,0.015206,0.0352057,0.0690133,0.0501238,0.073695,0.1131675,0.10234,0.0679942,0.1071519,0.0342611,0.0963599,
564,0.0,0.017455,0.0471222,0.0631846,0.0475837,0.0884161,0.1238475,0.1343703,0.0808326,0.0582073,0.0393852,0.0874814,
565,0.0,0.0068908,0.0388259,0.0298016,0.0529893,0.0320856,0.1037035,0.1428167,0.0926088,0.0726929,0.0325254,0.1108551,
566,0.0,0.0100723,0.0413386,0.0430555,0.0574424,0.0645058,0.0461434,0.1390129,0.1000713,0.0892155,0.0896136,0.1415331,
567,0.0,0.0088215,0.041336,0.033551,0.0393915,0.0404976,0.021158,0.1183179,0.1178084,0.0915581,0.0739223,0.1332932,
568,0.0,0.0039798,0.0246573,0.0337544,0.0587028,0.0852959,0.0656689,0.0968825,0.1275864,0.0820278,0.0798605,0.1175513,
569,0.0,0.0031689,0.0367119,0.0124297,0.0400707,0.0627993,0.0296033,0.0963483,0.1383435,0.1191069,0.0904263,0.1121553,
570,0.0,0.0057359,0.0283625,0.0254497,0.0183125,0.0393391,0.0253664,0.1141252,0.0621674,0.0798821,0.0773937,0.0737726,
571,0.0,0.0048501,0.0165961,0.0292319,0.0267893,0.0547981,0.0258167,0.102062,0.1047712,0.0627832,0.0604544,0.0832522,
572,0.0,0.0039174,0.0307602,0.0338929,0.0569372,0.1001183,0.0295127,0.065145,0.1039343,0.057135,0.0778234,0.0790707,
573,0.0,0.0042567,0.0209377,0.0518916,0.0324048,0.0801813,0.0248695,0.0715964,0.1101702,0.092358,0.0984781,0.1006282,
574,0.0,0.0061144,0.0097605,0.0550203,0.0468079,0.0759157,0.03751,0.0562652,0.088152,0.051331,0.0614492,0.0644461,
575,0.0,0.0064382,0.0201397,0.0410472,0.0708636,0.0945077,0.0766039,0.0836652,0.0827103,0.1100691,0.0598224,0.0594173,
576,0.0,0.0055037,0.0195342,0.0730828,0.0172648,0.1079719,0.1310205,0.0427676,0.0909477,0.1277583,0.0777898,0.0720771,
577,0.0,0.0035814,0.0275471,0.0980937,0.0376702,0.0788076,0.1142408,0.083233,0.0842235,0.1650957,0.1400524,0.1217198,
578,0.0,0.0044898,0.03371,0.0800204,0.0509143,0.1373362,0.0685785,0.0511474,0.0968035,0.1080548,0.1209363,0.1172343,
579,0.0,0.0066666,0.0271338,0.1110144,0.0497584,0.1919139,0.0724818,0.117547,0.1510597,0.0880032,0.1522472,0.1629206,
580,0.0,0.0051642,0.018283,0.087606,0.0443388,0.1115707,0.1193379,0.1572506,0.0925172,0.1763733,0.1686133,0.1948085,
581,0.0,0.0061848,0.0357397,0.0998332,0.0612727,0.0717334,0.0887833,0.1556214,0.1852541,0.1809263,0.1346661,0.118196,
582,0.0,0.0104506,0.0455211,0.095173,0.0957854,0.0894177,0.093157,0.1495524,0.154614,0.1739707,0.1447144,0.1022397,
583,0.0,0.0091684,0.0221384,0.1441403,0.1162656,0.0803291,0.1027123,0.1834865,0.2289991,0.2516747,0.1769509,0.1275078,
584,0.0,0.0078758,0.0270881,0.1533059,0.0774553,0.0934339,0.0996922,0.1632626,0.2400162,0.2810983,0.1373498,0.1409772,
585,0.0,0.0048367,0.0499795,0.0973122,0.0329327,0.0487628,0.0823234,0.1682429,0.2180868,0.1543012,0.119973,0.0940458,
586,0.0,0.0035005,0.0193514,0.0924272,0.0333662,0.0453049,0.1225036,0.0883941,0.1491739,0.0952223,0.0829218,0.0825337,
587,0.0,0.0085362,0.027786,0.095613,0.0283875,0.0416612,0.105647,0.1097964,0.06026,0.097358,0.0445143,0.0745661,
588,0.0,0.0034859,0.0527258,0.1058328,0.0355922,0.0506122,0.1160735,0.0971571,0.0577535,0.073384,0.034169,0.0887331,
589,0.0,0.012745,0.0357427,0.1143157,0.0419747,0.0813476,0.169967,0.1584262,0.1384673,0.1341405,0.0325313,0.0797546,
590,0.0,0.0034212,0.0531497,0.0660498,0.0524387,0.1187167,0.1284764,0.0921873,0.1249956,0.1003788,0.0231801,0.1010981,
591,0.0,0.0019951,0.0230532,0.0265503,0.0482588,0.0779658,0.1052801,0.0654683,0.1067103,0.0866613,0.077662,0.0840492,
592,0.0,0.0057767,0.0219764,0.0603478,0.0291183,0.0628772,0.0830322,0.0788063,0.0886691,0.073863,0.0708984,0.0784919,
593,0.0,0.0065417,0.0204914,0.0555665,0.0143317,0.03288,0.0748786,0.0583933,0.047985,0.0665452,0.07467,0.0850511,
594,0.0,0.0033514,0.0053664,0.0316526,0.0199999,0.0410527,0.0773326,0.0258841,0.0285071,0.0386842,0.1050568,0.0833874,
595,0.0,0.0025086,0.0133235,0.0254915,0.0759949,0.033904,0.0592427,0.0202195,0.0173376,0.0592108,0.0483574,0.0428115,
596,0.0,0.002092,0.0153415,0.0168364,0.0837756,0.0191823,0.0603116,0.0587401,0.0678009,0.0929285,0.0488734,0.0624154,
597,0.0,0.0033422,0.0124624,0.0741793,0.0740696,0.0214557,0.1033816,0.0811496,0.0669706,0.0730009,0.0392967,0.0379328,
598,0.0,0.007583,0.0257918,0.0796226,0.0499482,0.0183679,0.0926017,0.0586292,0.0737027,0.0650001,0.0897174,0.032701,
599,0.0,0.0072322,0.0256792,0.0524737,0.0256304,0.0392615,0.0485167,0.0887152,0.0647593,0.0556358,0.0997429,0.0722484,
600,0.0,0.0057874,0.0281085,0.0503666,0.0465818,0.0796294,0.0946285,0.0828524,0.0646764,0.0505505,0.0729125,0.1012558,
601,0.0,0.0041429,0.01533,0.0430956,0.0531198,0.0654271,0.0975288,0.0744541,0.0621497,0.0577127,0.0975993,0.0750567,
602,0.0,0.00762,0.0370009,0.0197662,0.0437181,0.039537,0.0940371,0.0720942,0.0421298,0.0732985,0.1064452,0.0892287,
603,0.0,0.0073162,0.0534348,0.0155878,0.0443159,0.0752124,0.1334848,0.1043075,0.0391703,0.0779271,0.0603921,0.0807758,
604,0.0,0.0067834,0.0321778,0.0286798,0.0948212,0.058394,0.1158258,0.087719,0.0309178,0.063343,0.0361038,0.070687,
605,0.0,0.007254,0.0268731,0.0554328,0.0740135,0.0574898,0.0467138,0.0658136,0.0492446,0.0682511,0.0367037,0.0733693,
606,0.0,0.0125883,0.0218111,0.0139048,0.0666402,0.0565038,0.0908599,0.0614024,0.028824,0.0673843,0.0630727,0.0649137,
607,0.0,0.0104156,0.0222384,0.033723,0.0631681,0.0332346,0.065043,0.072751,0.0518821,0.0987183,0.0636545,0.0465644,
608,0.0,0.0143596,0.0471047,0.0368208,0.0645077,0.0413074,0.0658731,0.0497064,0.0226394,0.1346121,0.0705577,0.0347379,
609,0.0,0.0156263,0.0196928,0.0685176,0.0145313,0.0501197,0.0455329,0.0641021,0.0522402,0.0886359,0.0444644,0.0608913,
610,0.0,0.0277505,0.0084939,0.043703,0.0238994,0.0750372,0.0191133,0.0604816,0.0605596,0.0686042,0.0313489,0.0976971,
611,0.0,0.0145797,0.0225841,0.0764217,0.0369362,0.121476,0.0334476,0.0533194,0.0455798,0.0429788,0.0245662,0.0721372,
612,0.0,0.0085311,0.0213813,0.1035674,0.046339,0.0954726,0.0926136,0.0721049,0.1600086,0.1378924,0.107065,0.0997682,
