#Time_ps,0,0.5,1,2,3,5,10,20,30,50,100,200,
1,0.0,0.0062358,0.0301778,0.0366007,0.0726065,0.0313012,0.0343509,0.027855,0.0272518,0.0766031,0.059572,0.0444163,
2,0.0,0.0025904,0.0193954,0.054435,0.0377509,0.0671612,0.0164263,0.0419251,0.0325733,0.0657383,0.1084546,0.0465446,
3,0.0,0.0013842,0.0070076,0.0634687,0.0559781,0.073435,0.0324481,0.0611271,0.030576,0.07178,0.0321204,0.0488896,
4,0.0,0.0014422,0.0104039,0.0518883,0.0261065,0.0671466,0.0128535,0.0189662,0.0173658,0.0803115,0.0435472,0.026968,
5,0.0,0.0014219,0.0148511,0.0420862,0.020929,0.0583844,0.0520343,0.0131103,0.0741496,0.0816234,0.050068,0.0451719,
6,0.0,0.0009636,0.0110983,0.0104372,0.0259582,0.0249645,0.0308536,0.0310778,0.0964466,0.1001796,0.0662151,0.0430669,
7,0.0,0.0036272,0.0235691,0.0223796,0.0581647,0.0400704,0.0046856,0.0290408,0.0502471,0.0951136,0.074045,0.0269289,
8,0.0,0.0014229,0.0103709,0.0277289,0.0408038,0.0452222,0.0585532,0.0254146,0.0434166,0.0426157,0.0839226,0.0295228,
9,0.0,0.001425,0.0177062,0.032964,0.0550767,0.0600053,0.0642446,0.0170285,0.0534214,0.0644525,0.0748431,0.0229657,
10,0.0,0.0016446,0.0180154,0.0261467,0.0529661,0.0457074,0.0502246,0.0540826,0.0493905,0.0557855,0.0715169,0.0340274,
11,0.0,0.0048344,0.0199921,0.0378756,0.042847,0.0618474,0.0820062,0.0651555,0.0369897,0.097493,0.069504,0.0655142,
12,0.0,0.0027191,0.0223595,0.0300782,0.0208056,0.041289,0.0662472,0.061088,0.0512269,0.0780909,0.0998136,0.0999942,
13,0.0,0.0035968,0.0232679,0.0512263,0.0282693,0.0591041,0.0147076,0.0570301,0.0273668,0.0747075,0.0468727,0.0572935,
14,0.0,0.0070699,0.0262106,0.0422522,0.0415253,0.0494823,0.0467597,0.0800064,0.0299581,0.0637177,0.045176,0.0309027,
15,0.0,0.0250396,0.0480317,0.0673598,0.0773998,0.0400037,0.0600471,0.0946103,0.0646632,0.062536,0.0574478,0.030982,
16,0.0,0.0019438,0.0274937,0.0795451,0.0989944,0.0347736,0.0189415,0.0305642,0.026152,0.0287998,0.0632015,0.0175873,
17,0.0,0.0070294,0.0194743,0.0828878,0.0760201,0.0559145,0.0243589,0.0298433,0.0246775,0.0242501,0.0181752,0.0254045,
18,0.0,0.009071,0.0100692,0.0627861,0.0580646,0.0630365,0.0449047,0.0531058,0.0332241,0.0646878,0.049457,0.0367909,
19,0.0,0.0070237,0.0071185,0.0163176,0.0797811,0.0637376,0.0744184,0.0853236,0.0601985,0.0496502,0.03907,0.0799448,
20,0.0,0.0068408,0.0143175,0.0322491,0.073844,0.0306592,0.0702705,0.0874668,0.0421708,0.0497457,0.0083406,0.0551469,
21,0.0,0.0210903,0.0198828,0.059864,0.0469599,0.052048,0.0654784,0.1086258,0.0216769,0.0351752,0.030361,0.0519281,
22,0.0,0.0196021,0.0133379,0.0954073,0.0686924,0.051533,0.0650157,0.0667936,0.026486,0.0234743,0.052705,0.0548963,
23,0.0,0.0447319,0.057507,0.114089,0.1244914,0.0782901,0.0877535,0.1860064,0.0372479,0.0838983,0.0489709,0.1046045,
24,0.0,0.0583335,0.0143306,0.1147796,0.093489,0.0521878,0.0217677,0.2243787,0.0423799,0.0672052,0.1770924,0.0750966,
25,0.0,0.0255823,0.0193771,0.067756,0.0717883,0.0276946,0.0270109,0.1370063,0.0739163,0.048495,0.0723977,0.0354791,
26,0.0,0.0257236,0.0467631,0.0642622,0.0801839,0.0269489,0.0373618,0.0914054,0.0906011,0.0596048,0.0394957,0.0504029,
27,0.0,0.042315,0.0507682,0.0071186,0.0737703,0.032286,0.0497576,0.0804075,0.0676607,0.0361668,0.0306053,0.0672779,
28,0.0,0.0164895,0.0205069,0.0779623,0.0822397,0.028614,0.0212699,0.0477241,0.033907,0.0592264,0.0327577,0.0432826,
29,0.0,0.0117095,0.0251672,0.0782513,0.0939775,0.1006485,0.0352184,0.0717848,0.0367153,0.0294045,0.0690169,0.0408251,
30,0.0,0.0087998,0.0194943,0.077596,0.1208606,0.0475493,0.009621,0.0653023,0.0167515,0.0516752,0.0208089,0.0516268,
31,0.0,0.0048549,0.0196884,0.0556236,0.0823869,0.0347636,0.0035528,0.0392086,0.0441933,0.0791361,0.0234982,0.0420839,
32,0.0,0.0054254,0.0207352,0.0241166,0.0369698,0.026366,0.0396237,0.0420373,0.0704428,0.0485639,0.0557311,0.0516199,
33,0.0,0.005215,0.0248639,0.0295426,0.0538975,0.0745543,0.0472208,0.0627294,0.0231817,0.0542926,0.0928886,0.0591509,
34,0.0,0.0018194,0.0251351,0.0285088,0.0134265,0.0455631,0.0445088,0.0264728,0.0344647,0.0948499,0.0589569,0.081573,
35,0.0,0.0015974,0.0271039,0.0212023,0.0312371,0.0272143,0.0424897,0.0440886,0.0113199,0.0951929,0.0240733,0.0643677,
36,0.0,0.0076832,0.0271185,0.0285567,0.0522909,0.0107494,0.0290053,0.060545,0.0359789,0.0690765,0.0405635,0.0420992,
37,0.0,0.0094511,0.0175932,0.0673068,0.0929098,0.0221478,0.0247356,0.0491987,0.0331041,0.0811173,0.0395232,0.0692983,
38,0.0,0.0128335,0.043232,0.0586276,0.0493942,0.0286728,0.0231129,0.0681759,0.0295103,0.0619269,0.039238,0.0490893,
39,0.0,0.0238406,0.0664128,0.0593308,0.0562982,0.0273405,0.0506096,0.1052773,0.0329981,0.0545724,0.0410219,0.0135055,
40,0.0,0.0134869,0.0252143,0.0748353,0.0604347,0.0473582,0.0808998,0.0541386,0.0297729,0.0516556,0.0199226,0.0295246,
41,0.0,0.0230057,0.0332021,0.0842968,0.0719984,0.0145227,0.1182209,0.0577905,0.0182279,0.065282,0.030913,0.027564,
42,0.0,0.0062252,0.0343014,0.0830736,0.0739962,0.0091606,0.1004376,0.0552226,0.0617167,0.0677112,0.0511306,0.0296892,
43,0.0,0.0120068,0.0295879,0.0502402,0.0355708,0.0462293,0.088783,0.0785355,0.1174012,0.0822132,0.0654627,0.04938,
44,0.0,0.0507661,0.0223775,0.0531151,0.0665692,0.0286012,0.0832474,0.1404058,0.1310107,0.119071,0.0967245,0.0830562,
45,0.0,0.026857,0.0725092,0.0516402,0.0089773,0.0626799,0.0764162,0.1493038,0.1227897,0.090889,0.1786391,0.0885653,
46,0.0,0.0170148,0.0643556,0.0780997,0.0442595,0.0720616,0.0752019,0.1319902,0.182656,0.1113044,0.1777207,0.1074248,
47,0.0,0.0183246,0.026581,0.0754099,0.0495051,0.0619353,0.1024978,0.2000466,0.2313685,0.1231776,0.1255781,0.0907332,
48,0.0,0.0072643,0.0475185,0.038833,0.0319218,0.0303213,0.1023849,0.1746173,0.1659405,0.11406,0.1055117,0.0694674,
49,0.0,0.0078026,0.0578422,0.0373172,0.0381989,0.0504583,0.0999436,0.1310609,0.1441075,0.1534992,0.1046338,0.0803618,
50,0.0,0.0128229,0.0555297,0.0202497,0.0483284,0.070393,0.0742629,0.191774,0.2065709,0.1817507,0.1477809,0.0645675,
51,0.0,0.0210719,0.0666538,0.0420483,0.0429012,0.0635551,0.1360234,0.2093956,0.2336842,0.187287,0.1455688,0.0803866,
52,0.0,0.0259141,0.0443982,0.0589966,0.063749,0.0505974,0.1492832,0.211667,0.2189821,0.1879082,0.1894024,0.0587183,
53,0.0,0.0235359,0.0259817,0.082854,0.0786458,0.0451367,0.1621478,0.1928315,0.2230782,0.1568955,0.1639047,0.1199139,
54,0.0,0.0218852,0.028394,0.0681848,0.0745257,0.0417787,0.0782933,0.1348175,0.1392731,0.0958542,0.1388651,0.0823323,
55,0.0,0.0144988,0.0453084,0.0649204,0.070662,0.0314429,0.114559,0.1397232,0.1601053,0.0994561,0.1730459,0.1022278,
56,0.0,0.007805,0.0424441,0.0877433,0.0635506,0.0137725,0.1532195,0.1741159,0.2150412,0.0758522,0.1950076,0.0943674,
57,0.0,0.0080752,0.0378851,0.0420318,0.0348777,0.0232386,0.1400056,0.1157097,0.1884537,0.1165211,0.1216431,0.0810839,
58,0.0,0.0058439,0.0192076,0.0709634,0.0404689,0.0216453,0.068243,0.0692659,0.1410037,0.160477,0.1276916,0.0666264,
59,0.0,0.0112618,0.0311383,0.1247729,0.1031109,0.0521035,0.0789267,0.086538,0.1882851,0.1412311,0.186864,0.0471106,
60,0.0,0.0117821,0.062541,0.1393356,0.0816168,0.0411354,0.1220354,0.0778626,0.1823452,0.1502663,0.1053584,0.0722977,
61,0.0,0.0082031,0.0056154,0.0674927,0.0691352,0.04791,0.1010729,0.0867449,0.1428362,0.1357572,0.0955077,0.0616123,
62,0.0,0.0137898,0.0164101,0.0471455,0.0963662,0.0705177,0.0939799,0.1073346,0.0975935,0.1390482,0.0920501,0.0558783,
63,0.0,0.0101343,0.0278832,0.0299723,0.0900556,0.0374146,0.0868439,0.050427,0.1187956,0.125887,0.0695677,0.0585806,
64,0.0,0.0094142,0.0412833,0.0657345,0.1141921,0.0414652,0.0564786,0.0306,0.1094819,0.1468004,0.0933383,0.0602499,
65,0.0,0.0126483,0.0363164,0.0791947,0.0908028,0.0446731,0.0912451,0.0451994,0.1101883,0.0993699,0.0685756,0.0574159,
66,0.0,0.0075445,0.0273007,0.0547655,0.0934036,0.0680383,0.0628983,0.059387,0.0814999,0.061627,0.0625452,0.0804679,
67,0.0,0.0267356,0.0237099,0.089583,0.0262951,0.0945042,0.1023132,0.0381516,0.0659865,0.0303761,0.0617968,0.0859627,
68,0.0,0.016136,0.0444242,0.0438226,0.0317535,0.0185688,0.1140317,0.039841,0.0628533,0.030222,0.0588663,0.0810728,
69,0.0,0.0072843,0.0343986,0.0618179,0.0388981,0.0204951,0.0944528,0.0715684,0.0967959,0.0453186,0.1322231,0.0784378,
70,0.0,0.004641,0.0114306,0.0633735,0.0648981,0.0862142,0.1028225,0.1223746,0.1745072,0.1944191,0.1390503,0.0067426,
71,0.0,0.0145172,0.0213506,0.0593743,0.0436323,0.0926845,0.1875497,0.2002228,0.2811215,0.3160526,0.1272847,0.0785818,
72,0.0,0.0389334,0.0498773,0.1084933,0.1063709,0.0345132,0.0934731,0.0977187,0.1169364,0.1933611,0.134056,0.2105679,
73,0.0,0.0107619,0.0406654,0.0686804,0.1104619,0.0539456,0.0735151,0.082839,0.0791179,0.0811377,0.208492,0.1258194,
74,0.0,0.0069431,0.0374517,0.0731326,0.0728744,0.0534234,0.038381,0.1291525,0.0326038,0.0296517,0.1436809,0.1165617,
75,0.0,0.0070778,0.0189567,0.0638942,0.0859655,0.0638191,0.0420205,0.1305676,0.0699534,0.0684408,0.1024522,0.0876422,
76,0.0,0.0046855,0.0347682,0.0387593,0.0516567,0.0875344,0.051935,0.126871,0.0890592,0.0544414,0.1010626,0.0880957,
77,0.0,0.0057782,0.0279583,0.0326286,0.0807573,0.041889,0.028134,0.0715542,0.0932014,0.0278255,0.0707277,0.1176303,
78,0.0,0.0060306,0.0245696,0.0254564,0.0360241,0.0335889,0.0085081,0.0784932,0.0411424,0.0725783,0.0694165,0.1520616,
79,0.0,0.0059615,0.0443742,0.0257845,0.0556709,0.0594123,0.0235067,0.0808808,0.0480711,0.1222507,0.0431574,0.1203184,
80,0.0,0.0171284,0.0281437,0.0212853,0.0589465,0.0368466,0.0421564,0.0471753,0.0636552,0.1688497,0.0363247,0.0775253,
81,0.0,0.0041499,0.025697,0.0371532,0.0211816,0.0592477,0.042527,0.0425028,0.0512994,0.1094377,0.0485533,0.0824407,
82,0.0,0.0098454,0.031952,0.0275073,0.0089293,0.019512,0.0585981,0.0441358,0.0527874,0.0353025,0.0359039,0.056652,
83,0.0,0.0062605,0.0370792,0.0430523,0.0657149,0.0622177,0.0534071,0.0479083,0.0712427,0.0801257,0.0537346,0.0292157,
84,0.0,0.0100911,0.034608,0.0495839,0.0390658,0.0514706,0.0221189,0.0630008,0.0403154,0.0682783,0.0743572,0.0423977,
85,0.0,0.0068435,0.0443959,0.0651294,0.0270469,0.0569098,0.0450156,0.0674978,0.0591856,0.0499909,0.0911433,0.0342772,
86,0.0,0.0050704,0.0316183,0.0621585,0.0507901,0.0411625,0.0215956,0.0382713,0.0575802,0.0457488,0.02467,0.0375636,
87,0.0,0.0055276,0.0225036,0.0693709,0.0780065,0.0479998,0.0557017,0.0406729,0.0158639,0.075187,0.0189144,0.011334,
88,0.0,0.0079925,0.0130775,0.0615689,0.041714,0.0158353,0.0481507,0.0586653,0.0157882,0.0784367,0.0163125,0.0350612,
89,0.0,0.0044912,0.010251,0.0572837,0.0416695,0.0266012,0.0428501,0.0647697,0.0377253,0.0846182,0.0297957,0.0327251,
90,0.0,0.0040352,0.011067,0.0477106,0.0754097,0.0273893,0.0478077,0.0435696,0.0542468,0.0920506,0.0544525,0.0930676,
91,0.0,0.0026193,0.0286983,0.0342138,0.0561316,0.0796683,0.0221979,0.0494878,0.0644578,0.0822813,0.0628393,0.0960764,
92,0.0,0.0105388,0.0360177,0.0266847,0.0691736,0.0619871,0.1036162,0.0659731,0.0702633,0.0925169,0.1235075,0.146446,
93,0.0,0.0053396,0.0472033,0.0199685,0.0303422,0.0454288,0.0628615,0.0879721,0.0364864,0.0626991,0.0668515,0.1621651,
94,0.0,0.005134,0.053173,0.0334538,0.1041117,0.0940828,0.0466091,0.1049252,0.0482142,0.0850432,0.1199432,0.1592393,
95,0.0,0.0023897,0.0393445,0.1136819,0.1006689,0.0663693,0.0196886,0.0413707,0.0596144,0.0839448,0.0492722,0.1254856,
96,0.0,0.0127564,0.0325695,0.1156429,0.0758916,0.0679152,0.0668599,0.0548356,0.1015779,0.1139576,0.0685772,0.1335386,
97,0.0,0.0052713,0.0359708,0.1705154,0.0622147,0.0422269,0.0206899,0.0322871,0.1047132,0.0538703,0.0456975,0.0821324,
98,0.0,0.0177308,0.0243535,0.1050351,0.0337793,0.0727853,0.047592,0.0340398,0.0689132,0.0367685,0.0278564,0.0505296,
99,0.0,0.0073717,0.0124852,0.0357543,0.0344132,0.0664987,0.0327815,0.0263912,0.0577449,0.0608446,0.0694522,0.0365988,
100,0.0,0.0076636,0.0246417,0.0429617,0.0362558,0.0629305,0.0315015,0.0280846,0.0542157,0.0547088,0.0188259,0.0872836,
101,0.0,0.0022306,0.0413037,0.0161877,0.0253823,0.0557313,0.0220406,0.0273163,0.0640904,0.0345193,0.0250612,0.0226697,
102,0.0,0.003507,0.015994,0.0371291,0.0311544,0.0504578,0.0171066,0.0267848,0.0390524,0.037086,0.0459923,0.0260586,
103,0.0,0.0033415,0.0276246,0.0317501,0.0361442,0.0375302,0.0542038,0.0200163,0.0404724,0.0553861,0.0535644,0.0154414,
104,0.0,0.0036853,0.019692,0.0344006,0.0346104,0.0516172,0.0597817,0.0246548,0.0503518,0.0480822,0.0560723,0.030378,
105,0.0,0.0023652,0.009018,0.0480934,0.0683674,0.0816058,0.0831057,0.0097292,0.0617608,0.048854,0.0499594,0.0312043,
106,0.0,0.0033727,0.0243717,0.0770956,0.0827679,0.1086846,0.0822119,0.0917661,0.0539938,0.0591925,0.0794365,0.0401022,
107,0.0,0.00435,0.0405605,0.0423894,0.0457974,0.0535702,0.105723,0.1412728,0.0216772,0.080053,0.0902245,0.0137689,
108,0.0,0.0059767,0.0077417,0.0391714,0.0276792,0.0780504,0.11518,0.0685408,0.0355201,0.0905024,0.1331707,0.0289277,
109,0.0,0.0032469,0.0289502,0.0348682,0.0347337,0.1108478,0.1094341,0.0629036,0.0428718,0.0763456,0.1433513,0.0437749,
110,0.0,0.001902,0.0158467,0.0301073,0.024417,0.1019025,0.0406431,0.0371446,0.0495582,0.0390472,0.095926,0.024608,
111,0.0,0.0022885,0.0209223,0.0352099,0.0272468,0.051547,0.0500315,0.0257629,0.0299685,0.0981993,0.0525492,0.0487881,
112,0.0,0.0037104,0.0091225,0.0266174,0.0540977,0.0123612,0.0219231,0.058548,0.0405264,0.143171,0.0244535,0.0450522,
113,0.0,0.0016378,0.0077773,0.0313689,0.0591577,0.0365071,0.02698,0.0549635,0.0312327,0.1049369,0.0813272,0.0512988,
114,0.0,0.0040033,0.019969,0.0320186,0.0380809,0.0204845,0.0283236,0.0326193,0.0410008,0.1005542,0.0749394,0.040981,
115,0.0,0.0024231,0.0336207,0.0502453,0.033048,0.0297842,0.0341796,0.0509442,0.0432023,0.0581696,0.0490569,0.0322777,
116,0.0,0.0061461,0.0405837,0.0452823,0.0394485,0.0242016,0.0433199,0.0475063,0.03952,0.0380467,0.0404613,0.0317189,
117,0.0,0.00792,0.0521025,0.068725,0.0362919,0.020621,0.0643517,0.0436579,0.0395509,0.0484046,0.0366204,0.0383971,
118,0.0,0.0101256,0.0463415,0.0487634,0.0380702,0.0483076,0.0597797,0.0643736,0.0405387,0.073016,0.0662441,0.0909034,
119,0.0,0.0220155,0.0437237,0.0317486,0.0499217,0.0650499,0.0814194,0.1049026,0.0509714,0.1364727,0.0787816,0.1227177,
120,0.0,0.0106126,0.0497208,0.04461,0.0538986,0.0381312,0.0815903,0.0945347,0.0283546,0.108741,0.0749556,0.0652351,
121,0.0,0.0065799,0.0451129,0.0361002,0.0990755,0.0317359,0.05168,0.0521894,0.0525401,0.1134892,0.0454217,0.0359368,
122,0.0,0.0064715,0.0566802,0.0362871,0.0605594,0.0615971,0.0578499,0.0395971,0.0470001,0.0586644,0.048447,0.0768899,
123,0.0,0.003577,0.0159229,0.0343769,0.016987,0.0376277,0.0448677,0.033255,0.0463785,0.0519478,0.0486811,0.0704042,
124,0.0,0.0249463,0.0215596,0.0386863,0.052107,0.0385817,0.0297112,0.030546,0.0570088,0.0954316,0.0798803,0.016579,
125,0.0,0.0017823,0.0129331,0.0055144,0.0330908,0.0185193,0.0335941,0.0368796,0.0436894,0.045726,0.0811998,0.0644361,
126,0.0,0.0026332,0.0157583,0.0207095,0.0319722,0.0305667,0.0402606,0.0271333,0.0451418,0.0798467,0.0498319,0.1005575,
127,0.0,0.0034628,0.0096037,0.0259202,0.0177753,0.0464525,0.0677508,0.0246261,0.0318468,0.0646079,0.0643815,0.0631462,
128,0.0,0.0034269,0.0121878,0.0331889,0.0246676,0.0353866,0.0521076,0.0365163,0.0174511,0.080428,0.0637498,0.0598422,
129,0.0,0.0051285,0.011735,0.0522942,0.0867746,0.0585805,0.0485803,0.0422409,0.0132173,0.11316,0.1044053,0.0569867,
130,0.0,0.0048278,0.0242997,0.0318482,0.0553103,0.0520683,0.076026,0.0103678,0.032035,0.0988348,0.119908,0.0391388,
131,0.0,0.0114719,0.0263172,0.0383897,0.0377578,0.023445,0.0540418,0.0108912,0.0314138,0.1197553,0.0897952,0.0340732,
132,0.0,0.007472,0.034975,0.0418189,0.052035,0.0518716,0.0549591,0.0529084,0.0534085,0.1201252,0.1408719,0.066686,
133,0.0,0.009401,0.0245168,0.0315026,0.0725001,0.0761191,0.1162149,0.0403963,0.0458883,0.0807008,0.1286953,0.0444214,
134,0.0,0.0120559,0.0282747,0.0294166,0.072914,0.040631,0.0653704,0.0408978,0.0199782,0.0616616,0.1010747,0.017966,
135,0.0,0.0177807,0.0279751,0.0532945,0.066973,0.0521813,0.0540733,0.0217195,0.0627499,0.0914577,0.0760359,0.0400624,
136,0.0,0.0208127,0.0344665,0.0618384,0.0667301,0.055844,0.0318698,0.0255698,0.0808475,0.0910849,0.0702675,0.0403179,
137,0.0,0.0245168,0.0333608,0.0510164,0.0518657,0.0398189,0.0470865,0.0325707,0.0763506,0.0897359,0.069889,0.0212249,
138,0.0,0.0159752,0.0153879,0.02196,0.0319966,0.0614598,0.0585667,0.0269798,0.0804638,0.0566943,0.0457426,0.0330622,
139,0.0,0.0091998,0.0287908,0.0713211,0.025608,0.0497048,0.0469131,0.0606634,0.074348,0.0248908,0.0500146,0.0358471,
140,0.0,0.0130878,0.0113787,0.0743126,0.0679251,0.0260292,0.0332428,0.0471056,0.0380686,0.040829,0.0392234,0.0419264,
141,0.0,0.0179673,0.0151887,0.0862707,0.0400385,0.0268641,0.0435663,0.0814823,0.0283928,0.0345657,0.0589631,0.0541046,
142,0.0,0.0120962,0.073627,0.1070763,0.0255812,0.0134006,0.0520854,0.0868156,0.0099388,0.0312032,0.0664575,0.0376585,
143,0.0,0.0328047,0.1318352,0.078439,0.0290441,0.0493092,0.054163,0.071752,0.0121333,0.0500071,0.0529561,0.0435124,
144,0.0,0.0071324,0.0748008,0.0364236,0.015189,0.0280171,0.0696604,0.0504299,0.0510621,0.0419702,0.0709019,0.0406264,
145,0.0,0.0177747,0.0428332,0.0129864,0.0156218,0.0231132,0.0603837,0.0578816,0.0413621,0.0350396,0.0822293,0.0228064,
146,0.0,0.0293869,0.0354215,0.0623714,0.0401678,0.0433271,0.0446731,0.0720915,0.0480447,0.0509615,0.0708537,0.0191347,
147,0.0,0.0131531,0.0354147,0.068528,0.0180199,0.0290562,0.0344463,0.034494,0.040812,0.0421271,0.0438596,0.0219038,
148,0.0,0.0051204,0.0413677,0.0933242,0.0127935,0.0141107,0.0539428,0.0613492,0.0453791,0.0568567,0.0476853,0.041549,
149,0.0,0.0060858,0.0127083,0.0936088,0.0793985,0.0143509,0.0448063,0.0217372,0.0426709,0.0887105,0.0377377,0.0306821,
150,0.0,0.0015733,0.0092221,0.0377376,0.0637123,0.0255027,0.0441258,0.0239476,0.0377325,0.063778,0.0426333,0.0915949,
151,0.0,0.0009584,0.0083721,0.0295718,0.0317373,0.0233304,0.0408701,0.0211047,0.0375494,0.0812645,0.0443415,0.0868935,
152,0.0,0.0017238,0.0245666,0.0226332,0.0518428,0.0425975,0.0493151,0.025349,0.0359316,0.0775247,0.090873,0.0313532,
153,0.0,0.0008783,0.0187595,0.0501099,0.076331,0.030684,0.0475717,0.0380724,0.0507585,0.0949809,0.0901324,0.0700407,
154,0.0,0.001103,0.0127035,0.075255,0.0728584,0.0065087,0.0549647,0.0395169,0.0561338,0.0856115,0.0431945,0.0999871,
155,0.0,0.0021712,0.0137309,0.0519211,0.0420899,0.0449808,0.1514593,0.0407335,0.0165253,0.070895,0.0423975,0.13154,
156,0.0,0.0033207,0.027267,0.0281856,0.0284111,0.04608,0.063276,0.0343429,0.0385154,0.0683338,0.0571193,0.0853804,
157,0.0,0.001773,0.0265746,0.0364741,0.0181387,0.0351897,0.0543495,0.0230507,0.0442304,0.072404,0.0285222,0.0497346,
158,0.0,0.0017726,0.0262506,0.0307702,0.0284527,0.0330636,0.0464166,0.0286548,0.050497,0.0851028,0.0269907,0.0767422,
159,0.0,0.005247,0.008461,0.0402496,0.0267831,0.0336339,0.060785,0.034617,0.0352051,0.0793904,0.041087,0.0659869,
160,0.0,0.0039958,0.033118,0.0503913,0.033856,0.0253592,0.0647091,0.0336811,0.0663392,0.0759624,0.0393285,0.0227954,
161,0.0,0.0093908,0.0163454,0.082057,0.0360698,0.0181772,0.0571194,0.0454363,0.0746446,0.0931734,0.051725,0.0145993,
162,0.0,0.0213294,0.0310899,0.0649425,0.0409494,0.0463111,0.0396047,0.0572687,0.0786628,0.0749485,0.0630837,0.0195313,
163,0.0,0.0286632,0.0320445,0.0617408,0.0410209,0.0397377,0.056945,0.0748841,0.0718529,0.0699312,0.0862054,0.0458862,
164,0.0,0.0312649,0.0331588,0.0108373,0.046831,0.0461068,0.0417664,0.0717154,0.0525224,0.0493682,0.0403944,0.0641167,
165,0.0,0.0127605,0.0281782,0.0165643,0.0428798,0.039508,0.067822,0.0468335,0.0576198,0.027072,0.0460145,0.0464148,
166,0.0,0.0180792,0.0336304,0.058815,0.0500205,0.0269706,0.0313144,0.0290322,0.027779,0.0310689,0.0520691,0.0489636,
167,0.0,0.0567401,0.0773314,0.0576048,0.110874,0.0236103,0.0846727,0.0333181,0.0559341,0.0878389,0.0403128,0.0851415,
168,0.0,0.0473179,0.0880871,0.0907362,0.1622355,0.0394966,0.093758,0.0817579,0.0847788,0.1342116,0.1723873,0.1799477,
169,0.0,0.0498264,0.0395815,0.0595865,0.0956386,0.0987825,0.1159019,0.0342474,0.1416283,0.1561996,0.0501071,0.1715326,
170,0.0,0.0205133,0.0458352,0.0773143,0.1186046,0.0791274,0.0532932,0.0413748,0.125522,0.1001093,0.1191168,0.1295265,
171,0.0,0.0535538,0.0256492,0.0509012,0.051138,0.0375205,0.0589767,0.0376086,0.0300105,0.0734305,0.0871994,0.0518513,
172,0.0,0.0204139,0.0176411,0.0542762,0.0553329,0.0585558,0.0564829,0.0458757,0.0307913,0.0498481,0.0652307,0.0435439,
173,0.0,0.0413486,0.027195,0.0233109,0.0609463,0.0447433,0.0509618,0.0273522,0.0544038,0.0405848,0.0534886,0.0537809,
174,0.0,0.0094783,0.008663,0.0450406,0.0514559,0.0548061,0.0493633,0.0508296,0.0678142,0.0569227,0.0362442,0.0377441,
175,0.0,0.0052062,0.0253575,0.0699762,0.0439865,0.0430186,0.0404663,0.0413353,0.0671744,0.0166565,0.0475741,0.0244076,
176,0.0,0.0036401,0.0201014,0.0367932,0.0465526,0.0674218,0.0463356,0.0722405,0.0742078,0.0411845,0.0514863,0.0169914,
177,0.0,0.0056404,0.0217709,0.0310422,0.0321436,0.0479943,0.0406765,0.0891389,0.051787,0.0746717,0.0531011,0.0087048,
178,0.0,0.0059005,0.0622693,0.0557066,0.0103084,0.0310356,0.0432299,0.0877752,0.0710586,0.0742638,0.0420018,0.0377659,
179,0.0,0.0063235,0.0710976,0.0796281,0.1038582,0.1126573,0.0188437,0.09058,0.0448484,0.0461481,0.070259,0.1133017,
180,0.0,0.0086125,0.0393079,0.0613539,0.0361612,0.0834851,0.0361187,0.0491594,0.0324605,0.0157799,0.0540164,0.0698155,
181,0.0,0.0116488,0.0437868,0.078481,0.076725,0.0728329,0.0696897,0.0818687,0.0437685,0.036252,0.0424838,0.0386271,
182,0.0,0.0086013,0.0319022,0.0779157,0.0684964,0.0067749,0.1025944,0.0447652,0.0395033,0.0489545,0.0464664,0.0429263,
183,0.0,0.0096278,0.0051024,0.0583551,0.0658905,0.0473951,0.1432289,0.04312,0.0520053,0.0618452,0.049471,0.0717781,
184,0.0,0.0140014,0.0287719,0.0779432,0.0684382,0.0516656,0.1384656,0.1149851,0.0585315,0.0601931,0.0501727,0.058982,
185,0.0,0.0106853,0.037821,0.0552319,0.069568,0.0373552,0.1757246,0.1120593,0.0541059,0.1107793,0.0065802,0.043716,
186,0.0,0.0292878,0.0420035,0.035013,0.0752791,0.0292616,0.1674105,0.0735811,0.0639124,0.0879571,0.0424768,0.0902809,
187,0.0,0.030553,0.0334004,0.0403347,0.0927396,0.0451108,0.1688965,0.071787,0.0397414,0.1041235,0.0233759,0.0983782,
188,0.0,0.0265151,0.0504238,0.0428567,0.0580967,0.0454007,0.1375921,0.1188108,0.0897128,0.1175956,0.0832557,0.1372773,
189,0.0,0.0235397,0.0662906,0.0466509,0.1121351,0.1319544,0.1263933,0.157558,0.165909,0.1359404,0.0972404,0.1437359,
190,0.0,0.0296756,0.0505627,0.0430018,0.1146187,0.1234565,0.1361772,0.1663021,0.1443846,0.169096,0.0513131,0.1542244,
191,0.0,0.0314059,0.019246,0.0459246,0.1269431,0.1115562,0.1749481,0.2217267,0.1324036,0.2382396,0.085583,0.1915282,
192,0.0,0.0185588,0.0377506,0.0131245,0.0827654,0.0760021,0.1760821,0.1191484,0.0817197,0.2076696,0.0467087,0.1030063,
193,0.0,0.0350825,0.0639385,0.0925687,0.0802966,0.1889624,0.2030464,0.0717117,0.152629,0.2438552,0.1237634,0.0309504,
194,0.0,0.0070282,0.0653637,0.0591376,0.0386369,0.1478533,0.1685912,0.0791276,0.1920116,0.2078255,0.1785028,0.0685731,
195,0.0,0.0073271,0.0957023,0.0649061,0.0834261,0.1165909,0.1388684,0.0739579,0.1908888,0.1962198,0.1195261,0.0822118,
196,0.0,0.0131473,0.0362052,0.0760426,0.0799286,0.0654135,0.125588,0.0712747,0.1138576,0.1185067,0.0203338,0.1662647,
197,0.0,0.0036767,0.0466711,0.0804838,0.0408342,0.0480387,0.0897026,0.0334113,0.085112,0.1225412,0.0897388,0.0924535,
198,0.0,0.002366,0.0334701,0.0687686,0.0375562,0.0190935,0.0873459,0.0508856,0.0408335,0.1396098,0.0716198,0.0827121,
199,0.0,0.0046395,0.0147015,0.0582807,0.0209239,0.0201554,0.0487902,0.0202197,0.0607314,0.0561586,0.0664463,0.0728239,
200,0.0,0.0038033,0.006543,0.0201888,0.012336,0.011574,0.04335,0.0167645,0.0356813,0.0727252,0.0732144,0.0420322,
201,0.0,0.0011457,0.0081277,0.0264494,0.040284,0.026958,0.0335754,0.0394849,0.0144835,0.0484536,0.0681711,0.0367277,
202,0.0,0.0031851,0.0133834,0.0156493,0.0405258,0.0303269,0.0336186,0.041091,0.0206596,0.0538591,0.0289948,0.0329697,
203,0.0,0.0015145,0.0089993,0.0112298,0.0364534,0.0555595,0.0263149,0.0248484,0.0292699,0.0656767,0.0388419,0.0364767,
204,0.0,0.0006158,0.0162508,0.0317095,0.0570666,0.0391844,0.0455306,0.0512257,0.034747,0.080417,0.0419459,0.0474804,
205,0.0,0.0015939,0.0143776,0.0138295,0.0340487,0.0297608,0.0243652,0.0301072,0.0462793,0.0697635,0.0311384,0.0553505,
206,0.0,0.0020979,0.0085041,0.0210803,0.0380905,0.037262,0.0395424,0.0300614,0.0701175,0.0870619,0.04088,0.0998183,
207,0.0,0.0018827,0.0097384,0.0166607,0.041156,0.0365564,0.0251942,0.05677,0.0695331,0.0983193,0.0188527,0.0840297,
208,0.0,0.0006724,0.0041812,0.0368141,0.0245577,0.0221744,0.0467346,0.0427273,0.0338123,0.0911992,0.0204137,0.0981969,
209,0.0,0.0006272,0.0051809,0.0358422,0.0298703,0.033797,0.067778,0.0446876,0.029922,0.0619705,0.0303701,0.1185288,
210,0.0,0.0015341,0.0072869,0.0256191,0.0227065,0.0395463,0.0441066,0.0373248,0.0841539,0.0659979,0.0263208,0.108226,
211,0.0,0.0015306,0.0088662,0.0157668,0.0266044,0.0586529,0.0306352,0.043917,0.0857074,0.0719847,0.0498681,0.1060724,
212,0.0,0.0023489,0.0142194,0.0229576,0.0326427,0.0589921,0.0252582,0.0329824,0.043747,0.0671691,0.0667502,0.1019991,
213,0.0,0.0028289,0.0335898,0.0307875,0.0154196,0.0480278,0.0238824,0.0676493,0.0524942,0.0604265,0.038476,0.1112669,
214,0.0,0.0028102,0.0235547,0.0316785,0.040275,0.096234,0.0615433,0.066138,0.011139,0.0501481,0.0358842,0.0745571,
215,0.0,0.0039502,0.019622,0.0158463,0.0724145,0.1311848,0.0897684,0.1283608,0.0979754,0.1103375,0.020852,0.1187356,
216,0.0,0.0018981,0.037929,0.0397637,0.0482022,0.054546,0.0382123,0.0782068,0.029884,0.0969425,0.0638206,0.1072965,
217,0.0,0.0024131,0.0187085,0.0611298,0.0395893,0.0716742,0.0367756,0.0622486,0.0747379,0.0391583,0.0616631,0.1005222,
218,0.0,0.0030036,0.0250673,0.0713451,0.0207523,0.0966059,0.0558072,0.0543492,0.0670413,0.0407558,0.0545541,0.1169061,
219,0.0,0.0021723,0.0349992,0.039982,0.046195,0.1199503,0.093367,0.0429103,0.0776937,0.0838925,0.1002136,0.0767202,
220,0.0,0.0036739,0.0074706,0.0456114,0.0380951,0.0917577,0.0876773,0.0159862,0.0999353,0.059039,0.1183098,0.0663953,
221,0.0,0.0021074,0.0122502,0.0688839,0.0624163,0.1165923,0.1148347,0.07412,0.1448035,0.0438819,0.0670721,0.0786164,
222,0.0,0.0041956,0.0257544,0.0758869,0.0814133,0.1199623,0.2097553,0.0606866,0.0908698,0.1794033,0.0376922,0.0775241,
223,0.0,0.0026189,0.005194,0.0756119,0.0545312,0.1297867,0.2477928,0.0872687,0.0934345,0.151231,0.0446169,0.1340842,
224,0.0,0.0028387,0.017093,0.0882179,0.1327809,0.1499371,0.2429578,0.1026272,0.1124583,0.1841247,0.0473966,0.2300668,
225,0.0,0.0027694,0.0258333,0.0992817,0.0857179,0.1234773,0.1249416,0.0940136,0.0686098,0.1289215,0.0648777,0.137605,
226,0.0,0.0026842,0.0198378,0.1015197,0.069483,0.1100499,0.1070472,0.0790064,0.1101742,0.210299,0.0799161,0.1237188,
227,0.0,0.0024456,0.018731,0.0755307,0.037519,0.0910438,0.1216614,0.1213756,0.106806,0.2187591,0.0843522,0.0970842,
228,0.0,0.0014262,0.0409917,0.0288341,0.0988428,0.0565658,0.0428636,0.1461859,0.1193438,0.2178582,0.1436211,0.0872809,
229,0.0,0.0028798,0.0363894,0.0599148,0.071524,0.0396384,0.0624874,0.1497243,0.0964903,0.1627956,0.1058573,0.0473466,
230,0.0,0.0027927,0.0196655,0.0416645,0.0682071,0.0364769,0.0863991,0.1078673,0.107519,0.1480247,0.0647487,0.0907358,
231,0.0,0.0016255,0.0302676,0.0265743,0.0359558,0.0352182,0.0731086,0.1108547,0.1123483,0.2158657,0.083587,0.1909976,
232,0.0,0.0031647,0.0278539,0.0254973,0.0646954,0.0375138,0.045186,0.0969542,0.0954324,0.1870877,0.0565203,0.1709806,
233,0.0,0.0027654,0.022162,0.0531199,0.0311484,0.0646147,0.0627632,0.0987545,0.0965451,0.1581229,0.092995,0.1924838,
234,0.0,0.0033102,0.0074246,0.079036,0.0441643,0.0953362,0.0414477,0.0747352,0.0799538,0.1362479,0.0817141,0.1344826,
235,0.0,0.0105662,0.0375632,0.0639761,0.064,0.0889625,0.0784388,0.0667905,0.0786158,0.17158,0.1057362,0.1895485,
236,0.0,0.0076183,0.0297153,0.0300113,0.0539908,0.080137,0.0270078,0.0700798,0.0911779,0.212293,0.0753659,0.1702947,
237,0.0,0.0074546,0.0631941,0.0858081,0.0366118,0.0819204,0.0475266,0.0470604,0.0712414,0.1424362,0.0521153,0.1497803,
238,0.0,0.0029441,0.0430953,0.0915798,0.0458275,0.0533603,0.0513476,0.0241757,0.0148629,0.1249117,0.0720717,0.0390454,
239,0.0,0.0016004,0.0414383,0.0481152,0.0213037,0.0429342,0.0441378,0.0367134,0.0137688,0.0908969,0.0389985,0.0648599,
240,0.0,0.0037741,0.0355588,0.0381492,0.067803,0.0310516,0.0680088,0.0595191,0.0492691,0.0966886,0.0562535,0.1148296,
241,0.0,0.0015513,0.0216368,0.0667203,0.0339875,0.0775743,0.0967581,0.0725287,0.0400398,0.1222143,0.0575854,0.0886516,
242,0.0,0.0034492,0.0153273,0.0156203,0.043684,0.0788167,0.0611268,0.0679371,0.0573213,0.1352623,0.0491089,0.0965799,
243,0.0,0.0021499,0.0215417,0.0302657,0.0709012,0.0908753,0.0561678,0.0851672,0.0539698,0.2162884,0.1147949,0.1248774,
244,0.0,0.0038388,0.028771,0.0284118,0.0316996,0.0674692,0.0382018,0.0956617,0.084357,0.1815437,0.1711595,0.1592262,
245,0.0,0.0011392,0.0364638,0.0239773,0.0241563,0.0660704,0.0174148,0.0933445,0.0893767,0.131441,0.104787,0.1295129,
246,0.0,0.0064245,0.0225034,0.0314848,0.0472744,0.0522738,0.0494586,0.0774219,0.0474485,0.0989495,0.0579396,0.0556034,
247,0.0,0.0028632,0.0245755,0.0700328,0.047901,0.0577757,0.018679,0.0667576,0.0417112,0.10697,0.0664445,0.080607,
248,0.0,0.003132,0.0352143,0.038274,0.0562807,0.0466194,0.0395501,0.1286862,0.0675549,0.0870641,0.0624622,0.0776835,
249,0.0,0.0072644,0.0294565,0.0489509,0.0436378,0.0337984,0.0581002,0.106933,0.0521206,0.0671376,0.0403663,0.0589751,
250,0.0,0.005452,0.02663,0.0466053,0.0647301,0.029321,0.0237649,0.0932969,0.0493532,0.0664259,0.0847351,0.0630042,
251,0.0,0.001099,0.0270844,0.0285423,0.0754135,0.0509203,0.0616218,0.1184963,0.0513484,0.1044799,0.1551151,0.1044202,
252,0.0,0.0020215,0.0278988,0.0205088,0.0405264,0.0529082,0.0312138,0.099814,0.0303384,0.1075203,0.1360391,0.1605937,
253,0.0,0.0009128,0.0032368,0.0295349,0.079634,0.0574707,0.0237689,0.095227,0.0341214,0.0868245,0.0666202,0.135802,
254,0.0,0.0015309,0.0093811,0.0141975,0.0411081,0.0955725,0.1124534,0.1330057,0.0467822,0.1080774,0.0444139,0.1608052,
255,0.0,0.0009129,0.0251105,0.0503185,0.0256176,0.0892887,0.1407651,0.2097279,0.0466031,0.1370949,0.0960072,0.2016133,
256,0.0,0.0017771,0.0398402,0.0464244,0.0197547,0.0738282,0.0931043,0.1391378,0.0716823,0.1038855,0.0794338,0.1787725,
257,0.0,0.0021706,0.0446277,0.0197872,0.0295118,0.0952251,0.0673631,0.0887745,0.0436263,0.0970056,0.0393023,0.176379,
258,0.0,0.0019072,0.0323279,0.0468242,0.0209305,0.0753388,0.0653909,0.1536125,0.0590046,0.0889957,0.0425612,0.1943795,
259,0.0,0.0006731,0.0261331,0.0520329,0.0372296,0.0911102,0.0220762,0.088656,0.0447218,0.0825328,0.0396335,0.1455179,
260,0.0,0.0009113,0.0133574,0.0106778,0.0249313,0.0272289,0.0695843,0.1181778,0.0444404,0.0644134,0.026127,0.109195,
261,0.0,0.0019072,0.0198076,0.0331936,0.0452811,0.0295808,0.1097884,0.098343,0.1086724,0.065984,0.0439534,0.0805881,
262,0.0,0.0014143,0.0152552,0.0375191,0.0532773,0.0510313,0.1182019,0.0763771,0.1341558,0.1279876,0.0345314,0.0964491,
263,0.0,0.0015244,0.0263822,0.0286513,0.050625,0.0575688,0.1134128,0.0395002,0.112471,0.0755695,0.0323834,0.099861,
264,0.0,0.0019158,0.0197315,0.0130907,0.053249,0.0534078,0.0832097,0.0303708,0.0665577,0.1036946,0.0527662,0.0738882,
265,0.0,0.0009199,0.011215,0.0402848,0.0565317,0.0710722,0.0579209,0.0709378,0.1054705,0.085671,0.0441916,0.0723265,
266,0.0,0.0011399,0.0107024,0.0379081,0.0702159,0.0740031,0.0635782,0.0491467,0.117977,0.0800453,0.0404332,0.0666589,
267,0.0,0.0014126,0.0287661,0.0599307,0.0573338,0.0977091,0.1000765,0.0500654,0.0944443,0.0582414,0.0579579,0.0925219,
268,0.0,0.0009154,0.0118717,0.0905924,0.0467238,0.0645795,0.0659574,0.0533031,0.0442288,0.0707532,0.0676252,0.0714884,
269,0.0,0.0015421,0.0199608,0.0993538,0.0508818,0.0960993,0.0845738,0.0835761,0.0838812,0.0968071,0.0602684,0.0680863,
270,0.0,0.004736,0.0301944,0.0635368,0.0153882,0.0925499,0.0822978,0.0669549,0.0640268,0.0408521,0.0670816,0.0695607,
271,0.0,0.0028733,0.0303885,0.0879518,0.0216405,0.0672704,0.045505,0.0640831,0.0584248,0.0858095,0.0406958,0.0759445,
272,0.0,0.0106544,0.031246,0.0752732,0.0620225,0.0475897,0.0657447,0.0594464,0.0880691,0.1305835,0.0630524,0.0775798,
273,0.0,0.0051594,0.0554558,0.0493881,0.0656704,0.0517425,0.05872,0.1078801,0.1214326,0.1680226,0.0900331,0.1422139,
274,0.0,0.0062482,0.0454518,0.061903,0.0193267,0.0461327,0.0667954,0.0282141,0.1718467,0.1984957,0.0808732,0.19624,
275,0.0,0.0109,0.0435143,0.0679053,0.00637,0.0711781,0.0457934,0.0636721,0.1173266,0.1874718,0.0708169,0.1812877,
276,0.0,0.0040487,0.0141684,0.0969518,0.0659891,0.0654768,0.0673039,0.0714684,0.106461,0.1162568,0.0585961,0.1560554,
277,0.0,0.0039678,0.0270055,0.0919215,0.0859451,0.1200381,0.1507955,0.0531371,0.1202232,0.2234367,0.0757212,0.0879111,
278,0.0,0.0063235,0.0688233,0.098426,0.0483377,0.1094992,0.1006282,0.0436445,0.1397696,0.1567587,0.0503735,0.1718574,
279,0.0,0.0050007,0.0373483,0.0144799,0.0850042,0.1437904,0.0560441,0.0628107,0.0792702,0.070376,0.0592917,0.0731723,
280,0.0,0.0018386,0.0164582,0.0184366,0.0498251,0.0638041,0.0321759,0.0348927,0.0723931,0.0534638,0.0781105,0.0887195,
281,0.0,0.0028653,0.0311835,0.0210045,0.0368716,0.0538787,0.0341092,0.0531769,0.0669366,0.0746719,0.0800138,0.1130212,
282,0.0,0.0011378,0.0160229,0.053919,0.036918,0.0738705,0.0609491,0.0806235,0.1117154,0.0913662,0.0783313,0.1200924,
283,0.0,0.0017304,0.0200821,0.0612591,0.0611278,0.0706256,0.0826019,0.0849551,0.1308879,0.088745,0.1022263,0.1409876,
284,0.0,0.0009729,0.012123,0.0591842,0.0444883,0.0687922,0.0406473,0.0667674,0.0808877,0.0715118,0.0628061,0.1352995,
285,0.0,0.002305,0.0282608,0.0258602,0.0506024,0.0400349,0.0282364,0.0368247,0.0932191,0.0558012,0.0447484,0.1037623,
286,0.0,0.0032566,0.0268694,0.0390527,0.0599671,0.0470484,0.0198573,0.0423533,0.1087402,0.0387911,0.0320095,0.07994,
287,0.0,0.0014028,0.0446557,0.0574149,0.0377609,0.0547544,0.0256224,0.0292678,0.0457271,0.074906,0.0391792,0.0732009,
288,0.0,0.0049058,0.0240379,0.0340689,0.0214991,0.0324594,0.0324672,0.0163091,0.0347008,0.0661814,0.0306299,0.0442435,
289,0.0,0.0059637,0.0111475,0.0255723,0.0231505,0.02883,0.0294121,0.0089649,0.0670071,0.0367433,0.0395138,0.0361763,
290,0.0,0.001775,0.0125511,0.0259029,0.0604717,0.0260215,0.074358,0.0067687,0.070942,0.0656367,0.0498596,0.0539114,
291,0.0,0.0026614,0.0103639,0.0154921,0.0394151,0.0335232,0.0538861,0.0295679,0.0413854,0.0671687,0.0281672,0.0672146,
292,0.0,0.0006772,0.0155364,0.0304483,0.0178126,0.033897,0.0417479,0.0312671,0.0472989,0.0476179,0.0150133,0.0720015,
293,0.0,0.001417,0.0132595,0.0333904,0.0178482,0.0359656,0.0391348,0.0553572,0.0588749,0.0308645,0.0249238,0.0818577,
294,0.0,0.0028294,0.0285124,0.0491218,0.0561075,0.034565,0.0582584,0.0645531,0.0763812,0.026748,0.0066624,0.0745504,
295,0.0,0.0031215,0.0130743,0.0407064,0.0648848,0.023271,0.096271,0.0515467,0.0576546,0.0438784,0.0274923,0.0355334,
296,0.0,0.0014106,0.0230643,0.0851501,0.034174,0.0251937,0.0729476,0.0401915,0.0639188,0.1068495,0.071631,0.048827,
297,0.0,0.0017733,0.0168181,0.0848712,0.0524875,0.0399004,0.0500277,0.0388015,0.0634818,0.084099,0.0860419,0.0638524,
298,0.0,0.0042397,0.0162852,0.0789194,0.0369122,0.0232353,0.0318795,0.0323222,0.0916017,0.098715,0.0613133,0.0375559,
299,0.0,0.0020296,0.0154361,0.0755619,0.0155369,0.0247147,0.0183062,0.0392907,0.0577677,0.0534631,0.0672037,0.0586259,
300,0.0,0.0081083,0.0248231,0.0866555,0.0263344,0.0375931,0.054924,0.0814845,0.0119951,0.0668939,0.0541587,0.0714096,
301,0.0,0.005264,0.0404762,0.0614547,0.0459155,0.0493345,0.0376593,0.0432798,0.0249696,0.0627353,0.0915633,0.0628389,
302,0.0,0.0018292,0.0189875,0.0436766,0.0426115,0.0246835,0.0356068,0.0642312,0.0335075,0.0471707,0.059848,0.0442537,
303,0.0,0.0009441,0.0217627,0.0462799,0.0217876,0.0464685,0.0627069,0.0210145,0.0564342,0.0449409,0.0517471,0.0478751,
304,0.0,0.0019269,0.0295777,0.0227099,0.0386476,0.0330431,0.0890566,0.0106676,0.055851,0.039899,0.0458767,0.0501152,
305,0.0,0.0032396,0.0282234,0.0578435,0.0377301,0.0349737,0.0323329,0.018519,0.0573934,0.085544,0.0755052,0.0301362,
306,0.0,0.0040503,0.0401618,0.079587,0.111339,0.0713126,0.0675943,0.0842928,0.0570136,0.0636572,0.0552712,0.0253971,
307,0.0,0.0231065,0.0186358,0.0527261,0.0333391,0.0523146,0.0426599,0.0628318,0.0682559,0.0765045,0.0216979,0.0669332,
308,0.0,0.035929,0.0389992,0.0304406,0.0224579,0.0676699,0.06763,0.0275008,0.0729519,0.0684281,0.03901,0.0440235,
309,0.0,0.0020334,0.0257424,0.0254556,0.0271785,0.0145693,0.0515734,0.0439105,0.0329309,0.0709701,0.0616691,0.0381832,
310,0.0,0.0058993,0.017787,0.02181,0.0581794,0.0245391,0.0331364,0.0244566,0.0262684,0.0434621,0.0673011,0.0672577,
311,0.0,0.0081761,0.0334438,0.0193365,0.0340074,0.0297215,0.0370023,0.0269799,0.0662195,0.0535486,0.0658472,0.0412159,
312,0.0,0.0138152,0.015755,0.016855,0.041423,0.0428186,0.0531316,0.0360805,0.0865494,0.0752818,0.0724129,0.0205037,
313,0.0,0.008166,0.0200334,0.0295941,0.0388758,0.0535735,0.0417331,0.0239416,0.1009352,0.0523599,0.0499185,0.0480026,
314,0.0,0.002084,0.0134093,0.0508206,0.0309293,0.0669221,0.0623598,0.0227483,0.0654428,0.065322,0.0703486,0.0306514,
315,0.0,0.0015025,0.0315549,0.0168403,0.0102103,0.0291327,0.0466084,0.0189342,0.0455013,0.0760918,0.0458147,0.064305,
316,0.0,0.0023382,0.0142043,0.0385151,0.0392898,0.065708,0.0415511,0.0197254,0.0522882,0.0669029,0.0625631,0.0362455,
317,0.0,0.0063216,0.013622,0.0456172,0.0263865,0.0550193,0.0235395,0.0375528,0.0564748,0.0602851,0.0401276,0.0282699,
318,0.0,0.0050555,0.0136456,0.04597,0.04348,0.054587,0.0510738,0.0569005,0.084692,0.0816062,0.0144988,0.0391279,
319,0.0,0.0044864,0.0116666,0.0661072,0.0558297,0.0682454,0.0480765,0.0729463,0.0784709,0.0602501,0.0188278,0.0444288,
320,0.0,0.0016539,0.0290631,0.0410948,0.0509843,0.0608639,0.0323335,0.0815454,0.0795024,0.0836218,0.031631,0.0223632,
321,0.0,0.0110835,0.0393844,0.0414168,0.0477577,0.0694183,0.0773264,0.1397222,0.0842433,0.0460961,0.0524792,0.0607979,
322,0.0,0.0006437,0.0119825,0.0589742,0.039843,0.0321335,0.0470471,0.1030359,0.0722054,0.0254517,0.0487892,0.012835,
323,0.0,0.0019947,0.0240348,0.0341334,0.0242666,0.0575291,0.0498527,0.0693433,0.0843139,0.0457598,0.0332304,0.0071282,
324,0.0,0.0008822,0.0197393,0.0161775,0.0498371,0.0813713,0.038616,0.062404,0.0730838,0.0387624,0.0348174,0.0338538,
325,0.0,0.0064796,0.0093264,0.0111372,0.0327811,0.0857898,0.0144683,0.0748512,0.0918188,0.0556975,0.0343398,0.0437463,
326,0.0,0.0028894,0.0058074,0.0207047,0.0255525,0.0492166,0.0365863,0.072515,0.0813169,0.0734328,0.0279349,0.0296765,
327,0.0,0.0018038,0.0192456,0.0135101,0.0600429,0.0627802,0.0468144,0.0912714,0.0850213,0.0824984,0.0706321,0.0747715,
328,0.0,0.004711,0.0451414,0.0247805,0.0342721,0.1121038,0.0607576,0.0811119,0.0779163,0.0816823,0.0892339,0.0821529,
329,0.0,0.0087717,0.0320873,0.0771089,0.1473324,0.2152625,0.1279957,0.0689441,0.0762231,0.1015146,0.1718773,0.1428337,
330,0.0,0.0079132,0.062055,0.0456307,0.1198922,0.1389261,0.1700683,0.0790874,0.069955,0.0947816,0.1023446,0.0844628,
331,0.0,0.0034177,0.0098371,0.0409557,0.050153,0.0204614,0.0867263,0.0804161,0.0707179,0.0724922,0.046801,0.0968329,
332,0.0,0.0014099,0.0071681,0.038573,0.0439302,0.0307887,0.0548708,0.0892816,0.0829037,0.0238542,0.0535361,0.0718659,
333,0.0,0.0016695,0.014804,0.0245928,0.0237016,0.0380071,0.0400701,0.0648658,0.1081718,0.0275031,0.0565358,0.0514618,
334,0.0,0.0017989,0.0074149,0.0294763,0.0518834,0.0164095,0.0474825,0.0463232,0.0825506,0.0463672,0.0759841,0.0416824,
335,0.0,0.0011168,0.0084175,0.0043873,0.0704257,0.0714329,0.0320564,0.0384057,0.0620783,0.0450991,0.0728121,0.0474368,
336,0.0,0.0009474,0.0053779,0.0637003,0.0660894,0.0312908,0.0263836,0.0619956,0.0322216,0.0431751,0.057969,0.0426548,
337,0.0,0.0013963,0.0133271,0.0526253,0.0524451,0.0187808,0.0427881,0.0358156,0.0339075,0.025012,0.0445173,0.0236845,
338,0.0,0.0022453,0.0068684,0.029341,0.0438428,0.0024119,0.0484673,0.0504821,0.0608006,0.0619694,0.0454857,0.0198251,
339,0.0,0.0006511,0.0120316,0.037522,0.0426494,0.0016676,0.0521927,0.0645426,0.0776899,0.0727805,0.0480876,0.0354248,
340,0.0,0.0016698,0.0207001,0.0548798,0.0665995,0.0397109,0.0286975,0.0590558,0.0463492,0.0518101,0.0681666,0.0521238,
341,0.0,0.0022582,0.0117735,0.0215154,0.0582338,0.0359381,0.058523,0.0409382,0.039411,0.0436193,0.0545129,0.0439772,
342,0.0,0.0009459,0.0124055,0.0310007,0.0556705,0.0432582,0.0241196,0.0245332,0.0272612,0.0230136,0.0789339,0.0204985,
343,0.0,0.0006551,0.006177,0.0275479,0.0656239,0.0468333,0.0240645,0.036632,0.048617,0.046888,0.0924173,0.0326868,
344,0.0,0.0009511,0.0091588,0.043777,0.0371666,0.0546991,0.0124097,0.0305223,0.058489,0.0544738,0.1060857,0.0093772,
345,0.0,0.0008817,0.0157769,0.01721,0.0087201,0.0568085,0.0267494,0.0187164,0.0677603,0.0713905,0.0825474,0.0515324,
346,0.0,0.0026976,0.0191344,0.0147622,0.0179215,0.0723642,0.0162129,0.0080036,0.0640733,0.0919683,0.0323994,0.0669285,
347,0.0,0.0027885,0.0319921,0.0356345,0.02939,0.0704765,0.0042147,0.0363195,0.0719591,0.0816675,0.0468578,0.0645037,
348,0.0,0.0006633,0.0330279,0.0346749,0.0308729,0.0830099,0.0340713,0.049548,0.0652321,0.104179,0.0590661,0.0497337,
349,0.0,0.0006685,0.0299139,0.0188602,0.0414309,0.0252195,0.0245639,0.0261235,0.0847442,0.0881918,0.0583996,0.0793116,
350,0.0,0.0021422,0.0299935,0.0292973,0.0691382,0.079262,0.0355625,0.0642851,0.1306299,0.0774951,0.0544464,0.0780711,
351,0.0,0.004588,0.0523591,0.0433158,0.0847034,0.0944945,0.0313362,0.0943128,0.2169528,0.0577176,0.0695425,0.0762028,
352,0.0,0.0036442,0.0380392,0.0176281,0.0191191,0.0784387,0.0499877,0.1135616,0.2375087,0.0743903,0.1426113,0.0456732,
353,0.0,0.0056384,0.0270045,0.0531598,0.0637544,0.0564218,0.0528498,0.1200953,0.2155255,0.0626743,0.1025835,0.0349262,
354,0.0,0.0043401,0.0364081,0.0644583,0.0868773,0.0645665,0.0408745,0.0915968,0.1327943,0.0846076,0.0352357,0.0591482,
355,0.0,0.004508,0.0274705,0.0883896,0.0537053,0.0978489,0.067402,0.1007267,0.1355028,0.1452025,0.1162536,0.0464098,
356,0.0,0.0052285,0.0155871,0.0904021,0.0450769,0.0829094,0.0670871,0.1015285,0.1249172,0.1297329,0.1022495,0.0579492,
357,0.0,0.0018181,0.0173565,0.0582258,0.0606865,0.094538,0.1082298,0.0854821,0.1071202,0.0828529,0.0789395,0.0960714,
358,0.0,0.0046512,0.0147366,0.0524882,0.0707868,0.0504214,0.1678026,0.1264579,0.0540869,0.0912929,0.075243,0.0275595,
359,0.0,0.0032856,0.0190101,0.0594359,0.0665326,0.0352328,0.0714408,0.1377352,0.0681873,0.1053357,0.1050608,0.0549375,
360,0.0,0.0025577,0.0094704,0.0781172,0.0655268,0.028772,0.0315563,0.1305304,0.0634337,0.0740724,0.0521319,0.017489,
361,0.0,0.0040634,0.0192986,0.0902292,0.0529524,0.0430328,0.0462026,0.0992646,0.1072576,0.107992,0.0721582,0.0512621,
362,0.0,0.0023695,0.0179176,0.0687983,0.0539966,0.0683793,0.032239,0.0800943,0.1130562,0.1282051,0.0490525,0.068738,
363,0.0,0.0021171,0.0219985,0.06364,0.0619389,0.0350787,0.0279708,0.08214,0.1223184,0.1160229,0.0236351,0.0482657,
364,0.0,0.0017784,0.0046668,0.0514174,0.0591347,0.0403198,0.064499,0.0868381,0.1569809,0.0768884,0.0523713,0.0432678,
365,0.0,0.0019716,0.0318274,0.0929464,0.0489165,0.0326779,0.0559769,0.0960918,0.1890723,0.0758972,0.0604375,0.0723554,
366,0.0,0.003829,0.0385913,0.0663383,0.0722759,0.0308937,0.0740701,0.0951396,0.1996539,0.0441832,0.0344415,0.0533128,
367,0.0,0.0015344,0.033539,0.0699804,0.0776879,0.0793157,0.0612634,0.0293779,0.1674278,0.1130621,0.0491518,0.0706899,
368,0.0,0.00714,0.0474971,0.1057895,0.0811881,0.0717057,0.0715732,0.09389,0.0963887,0.1589776,0.0220076,0.0593037,
369,0.0,0.0030733,0.0400739,0.1116747,0.0956727,0.0519914,0.068327,0.1243791,0.0445901,0.1569047,0.0890806,0.0902734,
370,0.0,0.0050018,0.0346914,0.1062509,0.0855557,0.0533548,0.0872813,0.1326056,0.1420201,0.1540269,0.0682249,0.1210896,
371,0.0,0.0040338,0.0297142,0.1000373,0.0670556,0.0451521,0.0811561,0.0699055,0.111275,0.1305976,0.0590563,0.0850053,
372,0.0,0.0030116,0.0090318,0.0492034,0.0907415,0.0536195,0.0792914,0.0942321,0.0817807,0.074048,0.1096471,0.0692506,
373,0.0,0.0017747,0.0162485,0.0481104,0.0350829,0.0687448,0.0752869,0.0748823,0.0525347,0.0669494,0.124649,0.0632876,
374,0.0,0.0006525,0.0234267,0.0384536,0.0330066,0.0553394,0.0546289,0.0666493,0.0474485,0.0287672,0.0391395,0.0276248,
375,0.0,0.0015308,0.0226583,0.0483788,0.0623804,0.0645495,0.028399,0.1214859,0.0392615,0.0460781,0.0117706,0.027848,
376,0.0,0.0018961,0.0383068,0.0500601,0.0737541,0.0789146,0.0462999,0.1036958,0.0687493,0.0363492,0.0107731,0.0462973,
377,0.0,0.0057581,0.0223552,0.0752493,0.1479412,0.090452,0.0835549,0.1556594,0.0975713,0.1195258,0.0481678,0.0655618,
378,0.0,0.0020819,0.008172,0.0338366,0.1370767,0.1396107,0.0783842,0.1687068,0.0453235,0.2399972,0.06849,0.0800636,
379,0.0,0.0052499,0.055525,0.0092665,0.1525257,0.0792641,0.0338866,0.115508,0.0438225,0.1171957,0.1107186,0.0712442,
380,0.0,0.0028765,0.0488722,0.0249773,0.0674794,0.0672451,0.0632586,0.0855118,0.0501908,0.1255129,0.1067067,0.0184843,
381,0.0,0.0061008,0.0297211,0.0300946,0.0510105,0.0577268,0.029754,0.1313962,0.0763249,0.1027818,0.0625615,0.0597231,
382,0.0,0.0081671,0.0242451,0.0877512,0.0935617,0.0529651,0.0355218,0.137459,0.0201277,0.1202423,0.1409405,0.0308476,
383,0.0,0.0055572,0.0241954,0.0518148,0.0857606,0.0331484,0.0508325,0.1090681,0.0231993,0.0760137,0.0706507,0.0450524,
384,0.0,0.0065801,0.0318531,0.063951,0.061007,0.0131487,0.0284018,0.1174778,0.025862,0.0828422,0.0680213,0.0803412,
385,0.0,0.0049025,0.0448262,0.0398129,0.0413764,0.0311278,0.0277565,0.0699207,0.092221,0.123847,0.0300662,0.0930852,
386,0.0,0.0055842,0.022508,0.0352632,0.0451896,0.0446487,0.0247564,0.0564091,0.12148,0.1137086,0.0250309,0.104986,
387,0.0,0.0019238,0.0311545,0.04186,0.0579466,0.0372043,0.0693398,0.0462947,0.1302684,0.0943725,0.0423275,0.0660953,
388,0.0,0.0009458,0.0142677,0.0369058,0.0346839,0.0464615,0.0381715,0.0293744,0.1456804,0.0779762,0.0971897,0.0737714,
389,0.0,0.0024631,0.027808,0.0409958,0.0440371,0.0382914,0.052929,0.0520777,0.1131112,0.0927486,0.0770018,0.0687792,
390,0.0,0.0046025,0.0296075,0.0566611,0.0421003,0.0472346,0.0465452,0.0693428,0.08298,0.0788971,0.0580856,0.1340449,
391,0.0,0.004441,0.0250937,0.0409337,0.0461902,0.0695535,0.049807,0.0367058,0.0638611,0.0727923,0.0453136,0.065208,
392,0.0,0.0025443,0.0081116,0.0413873,0.0597791,0.062401,0.0407929,0.039752,0.0613348,0.1031785,0.0535929,0.0927616,
393,0.0,0.0018114,0.0148817,0.0283552,0.0638597,0.0467662,0.0582657,0.0415215,0.0608358,0.0748699,0.0501509,0.0473969,
394,0.0,0.0009447,0.0197168,0.0495949,0.0589061,0.0459698,0.026574,0.0366581,0.0494114,0.0579831,0.0517803,0.0284871,
395,0.0,0.0029427,0.0206239,0.037452,0.0633842,0.0320841,0.0426557,0.0221214,0.0540064,0.0277084,0.0323523,0.0333234,
396,0.0,0.0022433,0.0158344,0.0162292,0.0597284,0.039274,0.0628735,0.0490192,0.0746134,0.0563224,0.0603931,0.016464,
397,0.0,0.0050733,0.005688,0.0183815,0.0664883,0.0470325,0.0445452,0.0742302,0.0432262,0.044455,0.0656902,0.0366382,
398,0.0,0.0060092,0.0313669,0.0645486,0.0868981,0.0374436,0.0359468,0.1135558,0.0423937,0.098178,0.1027979,0.0740152,
399,0.0,0.0369685,0.0359463,0.0405505,0.0429235,0.0580748,0.087345,0.0839714,0.0539964,0.0952879,0.0986929,0.154057,
400,0.0,0.026179,0.0326613,0.0287144,0.0588601,0.0641992,0.0954035,0.0534166,0.0655073,0.0550443,0.1075643,0.0522822,
401,0.0,0.0131185,0.0238663,0.013139,0.0543986,0.0698514,0.0751251,0.0504868,0.077322,0.0316592,0.0428339,0.0517377,
402,0.0,0.0045313,0.0226736,0.0376186,0.0692807,0.2281244,0.1501201,0.0825868,0.1432208,0.0891112,0.0348923,0.0181516,
403,0.0,0.0098301,0.0588617,0.0298064,0.0518321,0.1384687,0.0737279,0.0293613,0.0629797,0.0500151,0.017378,0.0230135,
404,0.0,0.0045085,0.0395888,0.0238299,0.0560912,0.1214833,0.0730149,0.0418861,0.0423276,0.0286079,0.0123248,0.0474345,
405,0.0,0.0037209,0.0200477,0.0321129,0.0436485,0.1365433,0.0507481,0.0491562,0.055123,0.0182293,0.070678,0.06396,
406,0.0,0.002684,0.0182738,0.0496593,0.0324833,0.1116132,0.0360225,0.0883899,0.0993716,0.0156696,0.0915956,0.0714375,
407,0.0,0.0030957,0.0320788,0.0511136,0.0193124,0.0972119,0.0379346,0.0621017,0.0891638,0.0354207,0.0609184,0.0776887,
408,0.0,0.0044636,0.0426743,0.0327379,0.0443012,0.0662122,0.0356947,0.0684853,0.0345808,0.0416396,0.0690886,0.0744883,
409,0.0,0.006824,0.050237,0.0578089,0.0383934,0.0291006,0.053055,0.0650595,0.0685551,0.0447746,0.0680719,0.0786648,
410,0.0,0.0057899,0.037225,0.0756593,0.0467899,0.0369119,0.0620094,0.0455705,0.0806049,0.0448238,0.0524298,0.0965703,
411,0.0,0.0039126,0.0313615,0.0480037,0.0569311,0.0324617,0.0380627,0.0442103,0.027059,0.105791,0.0307108,0.0808508,
412,0.0,0.0039142,0.0264274,0.0412397,0.0663694,0.0610528,0.0301608,0.0506742,0.0493639,0.0797333,0.0551139,0.0533718,
413,0.0,0.0028717,0.0193936,0.0488367,0.0571429,0.0682127,0.0247948,0.0622063,0.0803429,0.0794796,0.0346291,0.0876279,
414,0.0,0.0023963,0.0276406,0.0326532,0.018578,0.0614779,0.009808,0.0541983,0.0708827,0.0422127,0.0203586,0.0797991,
415,0.0,0.0020284,0.0275745,0.0216473,0.0475719,0.0245085,0.0332742,0.0713523,0.0269002,0.0620415,0.0391799,0.0695489,
416,0.0,0.0040482,0.0262257,0.0262994,0.0388787,0.0308754,0.0399396,0.0563215,0.0724918,0.0512132,0.0107865,0.0701011,
417,0.0,0.0026865,0.033615,0.0356811,0.0437253,0.0212419,0.0653423,0.05673,0.0616717,0.0683121,0.0554019,0.0150239,
418,0.0,0.0026823,0.0256607,0.0237225,0.0460677,0.0364923,0.0550559,0.0215258,0.0618387,0.0358489,0.0238927,0.0124664,
419,0.0,0.0014293,0.0242979,0.0265866,0.021348,0.0344053,0.0203933,0.025655,0.0597356,0.0400836,0.0210704,0.0259024,
420,0.0,0.001118,0.0200442,0.0449567,0.0428285,0.031792,0.0366708,0.0204203,0.0487474,0.0560255,0.0474364,0.037313,
421,0.0,0.0008921,0.0192478,0.035652,0.0340632,0.0367312,0.0252365,0.0199855,0.0556934,0.0765518,0.0178546,0.0605652,
422,0.0,0.0011273,0.0128489,0.0475981,0.0133973,0.0419438,0.0194458,0.0081379,0.0374927,0.0631238,0.0548409,0.0554866,
423,0.0,0.0018127,0.0142828,0.0469415,0.0341069,0.0378607,0.0292937,0.0199415,0.0293331,0.0604347,0.0371974,0.0464955,
424,0.0,0.0030894,0.0076406,0.0308281,0.039424,0.043051,0.0320623,0.0285044,0.014759,0.0697655,0.0568795,0.0537902,
425,0.0,0.0057491,0.0206556,0.0621705,0.0641571,0.0290435,0.0597209,0.0410348,0.0232124,0.0853538,0.0860726,0.0344784,
426,0.0,0.0017946,0.033511,0.0785195,0.0816572,0.0279572,0.0907373,0.0684863,0.0349375,0.0623665,0.1096848,0.0656809,
427,0.0,0.0030661,0.0263419,0.0648345,0.0649817,0.0318567,0.0368393,0.0335929,0.0197959,0.0627443,0.0599174,0.0442721,
428,0.0,0.0031664,0.0223398,0.0667781,0.0228736,0.0315602,0.037055,0.0124974,0.0490397,0.0614263,0.0494669,0.0214562,
429,0.0,0.0032295,0.0107488,0.0502487,0.06532,0.0403008,0.0388452,0.0303153,0.0343577,0.0715088,0.053253,0.0619761,
430,0.0,0.0023899,0.0085442,0.0344715,0.0358563,0.0147619,0.0128174,0.0136356,0.0747534,0.0618024,0.0546541,0.0587229,
431,0.0,0.0072792,0.0203393,0.0235446,0.0378495,0.0237952,0.0575679,0.0130422,0.0575193,0.0325141,0.0362312,0.0330055,
432,0.0,0.0043427,0.0173184,0.0203702,0.0318006,0.0421079,0.0429288,0.0370167,0.0593848,0.060081,0.0403912,0.0653208,
433,0.0,0.001119,0.0195051,0.0263061,0.048424,0.0362224,0.0509558,0.0248693,0.062031,0.0531075,0.0439025,0.0568115,
434,0.0,0.0021237,0.0209705,0.0424348,0.03743,0.0219297,0.0610436,0.0173027,0.069758,0.0519418,0.0646797,0.0230485,
435,0.0,0.0009554,0.0272474,0.0470717,0.0522619,0.0380613,0.0330458,0.0556526,0.0792977,0.0759702,0.0310714,0.0257146,
436,0.0,0.0011334,0.0168361,0.037977,0.0160794,0.0628959,0.0399655,0.0175508,0.0540866,0.0578969,0.0180789,0.0726334,
437,0.0,0.0009712,0.0227841,0.0316324,0.038213,0.0479267,0.0525539,0.0305845,0.0569863,0.0396476,0.0234567,0.049906,
438,0.0,0.0016537,0.0210632,0.0379615,0.0346007,0.0317462,0.0478889,0.0621495,0.0713347,0.0890125,0.0415417,0.0444096,
439,0.0,0.0018068,0.038681,0.0190189,0.0304926,0.0666807,0.0589108,0.0615901,0.0764398,0.0519972,0.0355725,0.0735067,
440,0.0,0.0009637,0.0272426,0.0282237,0.0414838,0.0660505,0.0575343,0.0427426,0.058031,0.0487299,0.0276849,0.0712884,
441,0.0,0.000876,0.0216594,0.0212689,0.0782938,0.071805,0.0513059,0.0296534,0.075344,0.0430455,0.0415695,0.0653522,
442,0.0,0.0019039,0.0088132,0.0463176,0.0378311,0.0838545,0.0524006,0.0155674,0.0696321,0.03717,0.0264063,0.0248415,
443,0.0,0.0017631,0.0080884,0.0630319,0.0374767,0.0707998,0.0544324,0.0365092,0.0660023,0.0684739,0.0400945,0.0128288,
444,0.0,0.0022737,0.0093264,0.074295,0.0659069,0.1036246,0.0556922,0.0447127,0.0883623,0.0433313,0.073119,0.0511346,
445,0.0,0.0016817,0.0081865,0.0255318,0.0503123,0.0576552,0.044529,0.035964,0.0606983,0.0562649,0.0753855,0.0429709,
446,0.0,0.0018918,0.0065471,0.053174,0.0190628,0.0245525,0.0370289,0.0351128,0.0718359,0.0389015,0.0951365,0.0480382,
447,0.0,0.0028943,0.0267749,0.0590819,0.0375966,0.0315549,0.0292737,0.0395137,0.0339225,0.0331111,0.0551839,0.0539116,
448,0.0,0.0043153,0.0248099,0.0408289,0.0359261,0.0348997,0.063687,0.0425589,0.0677263,0.0748648,0.0305954,0.0628894,
449,0.0,0.0028215,0.0261273,0.0983331,0.0637068,0.069434,0.0673897,0.0622908,0.030996,0.0896186,0.0707301,0.0913307,
450,0.0,0.0024184,0.0221479,0.0241885,0.0559965,0.0275185,0.052522,0.0251809,0.0443349,0.0213305,0.0735902,0.0918356,
451,0.0,0.0025324,0.0084549,0.0444452,0.050326,0.0323828,0.0596016,0.0374036,0.0516818,0.0783307,0.0191239,0.0843884,
452,0.0,0.0009464,0.0068905,0.0661025,0.0474779,0.0417875,0.043111,0.045585,0.0383395,0.0470643,0.0514153,0.0352902,
453,0.0,0.000945,0.0113057,0.0406388,0.0467569,0.0260293,0.0277282,0.0381981,0.0262619,0.055487,0.0545686,0.0378914,
454,0.0,0.000957,0.0118602,0.0382232,0.0271097,0.0295023,0.013697,0.0062379,0.0436461,0.0555359,0.0284125,0.0307603,
455,0.0,0.0013827,0.0186809,0.0797446,0.0365758,0.0319696,0.0200998,0.0192846,0.0775709,0.0416611,0.0437924,0.0494644,
456,0.0,0.0009656,0.0205414,0.0455246,0.0550449,0.0380559,0.0508976,0.0337626,0.0649641,0.0285526,0.0404709,0.0386842,
457,0.0,0.002959,0.0254048,0.0777691,0.0452408,0.0328334,0.027942,0.0397503,0.0459184,0.0784419,0.062128,0.0367463,
458,0.0,0.0021487,0.0231644,0.0687461,0.0632689,0.0575208,0.0333827,0.0830377,0.0718828,0.1213452,0.0697521,0.045329,
459,0.0,0.0084865,0.0281195,0.0381492,0.0564367,0.1127981,0.0463672,0.1923116,0.0791157,0.201507,0.0611136,0.0928448,
460,0.0,0.0098693,0.025604,0.0369979,0.0402628,0.0721905,0.0815338,0.2001369,0.0642588,0.106604,0.060571,0.0652477,
461,0.0,0.0105632,0.0418288,0.0494,0.0409453,0.0907172,0.0635623,0.1805882,0.073839,0.1045591,0.1152759,0.0326638,
462,0.0,0.0054152,0.0137072,0.0734482,0.0304235,0.1081703,0.0390077,0.0941583,0.0364458,0.0703076,0.1277275,0.0472381,
463,0.0,0.0046984,0.038566,0.0815666,0.021393,0.0677589,0.0444326,0.0510541,0.0780608,0.0397774,0.0452313,0.0526344,
464,0.0,0.0070602,0.039197,0.0318637,0.031917,0.0552853,0.0318127,0.0398488,0.0696922,0.0451803,0.0391063,0.0309116,
465,0.0,0.0030645,0.0211011,0.0310354,0.0237976,0.0065968,0.0305885,0.0489838,0.032929,0.0185749,0.0221421,0.039658,
466,0.0,0.0017059,0.0054726,0.053648,0.0127299,0.0219221,0.0290613,0.0323793,0.0578243,0.0272723,0.0413138,0.0556448,
467,0.0,0.000644,0.0126435,0.0216896,0.029443,0.0403717,0.0290811,0.0408671,0.0281402,0.0246737,0.0207741,0.0171383,
468,0.0,0.0006475,0.0072577,0.0293222,0.0302874,0.0242738,0.0370408,0.0241907,0.0220532,0.0389089,0.0430234,0.0377871,
469,0.0,0.0026552,0.0023782,0.0328302,0.0330255,0.033128,0.0532008,0.0322842,0.0327601,0.0647461,0.0399357,0.0542233,
470,0.0,0.0017057,0.0067294,0.0317857,0.0248115,0.0382101,0.0346961,0.0260117,0.03933,0.0545933,0.0316564,0.0352179,
471,0.0,0.00095,0.0245603,0.0167291,0.0375275,0.0375688,0.0260436,0.0222131,0.0388567,0.0648023,0.0616779,0.057572,
472,0.0,0.0014394,0.0183596,0.0396857,0.0715342,0.037403,0.0150231,0.0422061,0.0566413,0.0617169,0.077511,0.0427092,
473,0.0,0.0037237,0.0344318,0.0459536,0.06024,0.0448692,0.0181604,0.0358925,0.0463598,0.073001,0.0417018,0.0762205,
474,0.0,0.0026903,0.0613063,0.0720664,0.0567394,0.0952361,0.0259345,0.0717824,0.0341372,0.0990419,0.0658061,0.0647249,
475,0.0,0.0017122,0.0670111,0.0456849,0.0929202,0.0627444,0.091233,0.0458924,0.0557217,0.1057139,0.017218,0.1487613,
476,0.0,0.0095781,0.0554723,0.1059336,0.0869867,0.0678652,0.0645771,0.0880313,0.0598014,0.0709751,0.0170079,0.0561313,
477,0.0,0.0009589,0.0204717,0.0244703,0.0576932,0.0363142,0.0256876,0.0521274,0.0699198,0.058883,0.0224719,0.0678775,
478,0.0,0.0014376,0.0105919,0.0049767,0.017051,0.0264181,0.0452642,0.0250322,0.0824364,0.0667058,0.012977,0.0294279,
479,0.0,0.0006499,0.0174124,0.019734,0.0224833,0.029206,0.0593648,0.009767,0.0438104,0.0675542,0.0338268,0.0523973,
480,0.0,0.0009574,0.0251325,0.0374388,0.0160714,0.0558067,0.066834,0.0304229,0.0429317,0.0457066,0.0310177,0.0612938,
481,0.0,0.0018988,0.0094988,0.0228775,0.0277092,0.0287305,0.0301389,0.0688279,0.0373561,0.0366137,0.0455661,0.0496316,
482,0.0,0.0011258,0.0180094,0.0435828,0.0348092,0.0354257,0.0335012,0.053077,0.0253339,0.0714103,0.030716,0.0550466,
483,0.0,0.0006502,0.0474877,0.0364467,0.0045631,0.0331026,0.0406545,0.0580092,0.0378077,0.069222,0.051607,0.063467,
484,0.0,0.001716,0.0329027,0.0361355,0.0328275,0.0567563,0.0727125,0.08163,0.0558544,0.0646753,0.0464164,0.0429655,
485,0.0,0.0015016,0.020716,0.0465862,0.0460696,0.0588473,0.0605306,0.0947232,0.0616144,0.0569841,0.0524476,0.1409571,
486,0.0,0.0015476,0.0252338,0.0389963,0.0213117,0.0645068,0.0743851,0.0674758,0.0704994,0.0737622,0.0461746,0.0848213,
487,0.0,0.0008745,0.0222267,0.037007,0.0470961,0.0291141,0.0717724,0.0608681,0.0699557,0.0530734,0.0637722,0.0641774,
488,0.0,0.0009649,0.00809,0.041355,0.0341885,0.040897,0.0832289,0.0502622,0.0424026,0.0686354,0.0336207,0.0369402,
489,0.0,0.0018563,0.0168482,0.0263803,0.0308846,0.0389879,0.1540819,0.063451,0.0283717,0.0584649,0.0160149,0.0604958,
490,0.0,0.0014469,0.0257138,0.1117659,0.1659459,0.0286856,0.0521191,0.0288354,0.0426089,0.1200178,0.062251,0.1019683,
491,0.0,0.0014463,0.0164756,0.0459005,0.0868133,0.0243903,0.0101549,0.0708115,0.0204933,0.035532,0.0456043,0.0581654,
492,0.0,0.0006602,0.0092594,0.0499119,0.09469,0.0878299,0.0177807,0.0841142,0.0373956,0.0304803,0.0815932,0.111919,
493,0.0,0.0013917,0.0161097,0.0448641,0.0779172,0.0913374,0.0571055,0.086979,0.0215914,0.0479252,0.0623531,0.0594842,
494,0.0,0.001403,0.0144756,0.0331871,0.065041,0.0751329,0.073108,0.1362527,0.0866344,0.0753909,0.0633071,0.0275395,
495,0.0,0.0052364,0.0061283,0.0422186,0.0580344,0.1220432,0.1193613,0.1465977,0.1037564,0.0836983,0.0906213,0.0487154,
496,0.0,0.003953,0.0079597,0.0417827,0.0571724,0.0802924,0.1405879,0.1249343,0.0882437,0.0606696,0.0554902,0.0618175,
497,0.0,0.0041173,0.0245607,0.071442,0.0668605,0.0766675,0.1113012,0.1237507,0.1129672,0.1380727,0.0708301,0.0822022,
498,0.0,0.0045658,0.0351227,0.0303657,0.017299,0.0665265,0.0847902,0.0493921,0.0456943,0.1036916,0.0489499,0.0802608,
499,0.0,0.0018967,0.0429154,0.053309,0.0722047,0.1090979,0.0280319,0.0471186,0.0428894,0.1636116,0.0471925,0.0796996,
500,0.0,0.001979,0.0515922,0.0429859,0.0815732,0.138242,0.109492,0.0411533,0.0260419,0.1520475,0.0328584,0.1203443,
501,0.0,0.0011273,0.0493867,0.0487247,0.0820386,0.1183452,0.0798518,0.122734,0.1037812,0.1237445,0.0479873,0.0931195,
502,0.0,0.0019488,0.0388384,0.0616779,0.034734,0.0374038,0.0744205,0.1498568,0.2039196,0.0786285,0.0804253,0.1097885,
503,0.0,0.0025907,0.044515,0.0375211,0.0649824,0.0718373,0.0763194,0.1196917,0.1436159,0.1118415,0.0429589,0.0409938,
504,0.0,0.0027969,0.0145296,0.0251799,0.0408157,0.0742702,0.0498599,0.1092863,0.0970626,0.0802966,0.0412982,0.0472301,
505,0.0,0.002853,0.0099192,0.0301463,0.0384174,0.0572538,0.0473,0.1165864,0.0835152,0.1074462,0.0303076,0.0575575,
506,0.0,0.0008795,0.0114913,0.0269114,0.0763482,0.0111534,0.0652365,0.1173629,0.0856164,0.1304397,0.009272,0.047134,
507,0.0,0.0009867,0.0200896,0.0104241,0.0535043,0.0153842,0.0375429,0.1109738,0.0803488,0.1369528,0.0478155,0.0182246,
508,0.0,0.0009672,0.0221543,0.0166192,0.0551478,0.0237976,0.0536379,0.0897615,0.0770193,0.1261312,0.08215,0.0218718,
509,0.0,0.0016201,0.0142569,0.0220702,0.0402637,0.0226884,0.0433681,0.0726463,0.0717112,0.0860253,0.0440728,0.04166,
510,0.0,0.001578,0.0043012,0.0268076,0.0204145,0.0113988,0.0354589,0.0786353,0.0792136,0.0964197,0.0466245,0.0327164,
511,0.0,0.0029588,0.0101554,0.0243474,0.0182363,0.0399122,0.03365,0.070215,0.0831673,0.0931421,0.0606877,0.0339465,
512,0.0,0.0038479,0.0155807,0.0348957,0.0208628,0.0817124,0.0321882,0.069721,0.0755583,0.071876,0.067626,0.0421814,
513,0.0,0.0042906,0.0180287,0.047175,0.049528,0.0529686,0.0504646,0.0770431,0.055213,0.0890542,0.0561727,0.0321211,
514,0.0,0.0046496,0.0158633,0.0435078,0.0332598,0.0148344,0.0399981,0.0734548,0.0494148,0.0831306,0.0373561,0.0271796,
515,0.0,0.0052225,0.0239767,0.0347888,0.0468408,0.0633147,0.0478551,0.0870305,0.0605661,0.0652329,0.0407544,0.0177662,
516,0.0,0.0076652,0.0324671,0.0391063,0.0155799,0.0554085,0.0441171,0.0904961,0.1025502,0.0770752,0.0358263,0.032859,
517,0.0,0.0069242,0.0309848,0.0603203,0.040762,0.0348028,0.0441461,0.1027763,0.0886772,0.0623877,0.0606015,0.0372936,
518,0.0,0.0137679,0.0163124,0.0634241,0.0492578,0.0173325,0.0397164,0.1029743,0.0534852,0.0990311,0.0937343,0.04515,
519,0.0,0.0163643,0.0357937,0.076468,0.0331344,0.0309624,0.0177123,0.1034911,0.1493693,0.1011759,0.0732041,0.063155,
520,0.0,0.0267159,0.0560642,0.0857458,0.0404954,0.0422736,0.0374945,0.0936277,0.1221866,0.1073155,0.0852173,0.0965909,
521,0.0,0.0482187,0.0473467,0.089613,0.0076035,0.0886878,0.1286842,0.055384,0.1353889,0.1864942,0.1921796,0.2399439,
522,0.0,0.02059,0.0599793,0.0295883,0.0167481,0.0903907,0.0581905,0.0563913,0.0765597,0.1544629,0.1960133,0.1842572,
523,0.0,0.0132279,0.0507425,0.1100943,0.0619107,0.106479,0.0954343,0.079357,0.0479327,0.1555213,0.1336739,0.1396878,
524,0.0,0.0095931,0.0401243,0.0769785,0.0305315,0.1217359,0.0594453,0.1124782,0.0322645,0.1421663,0.0824624,0.1174694,
525,0.0,0.0064083,0.0252452,0.0535087,0.0136192,0.1249728,0.0634475,0.1123742,0.0325986,0.042982,0.078337,0.0710671,
526,0.0,0.0039731,0.012495,0.0360155,0.0633528,0.0823439,0.0230442,0.0614977,0.0381662,0.1267467,0.0503909,0.0309942,
527,0.0,0.0073202,0.0469148,0.0517955,0.0605704,0.1395001,0.0736983,0.0603287,0.1039728,0.088774,0.0416344,0.0662752,
528,0.0,0.0065522,0.0283449,0.0592738,0.0455555,0.1335811,0.1229374,0.1390247,0.1114195,0.0690757,0.0444759,0.1001836,
529,0.0,0.006363,0.0122987,0.0502268,0.060267,0.2157163,0.1755093,0.0576511,0.0900115,0.095003,0.055977,0.0861071,
530,0.0,0.0041038,0.0258166,0.0578828,0.0617578,0.1792741,0.1757594,0.0764866,0.06161,0.0896737,0.0774586,0.0447209,
531,0.0,0.0041519,0.0401446,0.0613538,0.0291246,0.1202218,0.1044033,0.0659631,0.0590192,0.0901125,0.0118611,0.0376559,
532,0.0,0.0031375,0.0380906,0.0472126,0.0424278,0.1305745,0.0857015,0.1070244,0.0835183,0.0754459,0.0359076,0.0595927,
533,0.0,0.0023453,0.0169661,0.0354617,0.1099892,0.1068495,0.0502416,0.0914149,0.040199,0.126522,0.0372073,0.0808063,
534,0.0,0.0016237,0.0112021,0.0556358,0.1498703,0.1214261,0.0928742,0.098038,0.0822675,0.129606,0.0267239,0.0380753,
535,0.0,0.0011379,0.0211615,0.0653545,0.0922869,0.1012194,0.1172549,0.0928309,0.0667071,0.0891311,0.0462617,0.0662145,
536,0.0,0.0009757,0.0076958,0.0601163,0.0546687,0.0587086,0.0993403,0.0855223,0.058369,0.0957503,0.0694888,0.0570375,
537,0.0,0.0018856,0.0156387,0.0446087,0.0754699,0.0541498,0.0986071,0.0892645,0.0768077,0.0983964,0.0657299,0.0541363,
538,0.0,0.0014344,0.0163917,0.0347263,0.0730718,0.0662082,0.0953352,0.0809923,0.1087467,0.0706833,0.0295687,0.0946961,
539,0.0,0.0014317,0.0129553,0.0419367,0.0332373,0.0652615,0.1507826,0.0749895,0.0996975,0.0355114,0.0421474,0.0379102,
540,0.0,0.0018804,0.0272185,0.0194463,0.0374806,0.0383681,0.1740265,0.1382019,0.2011514,0.0878973,0.0322352,0.0724949,
541,0.0,0.0014792,0.0216461,0.0289323,0.0328034,0.023713,0.1639143,0.2102875,0.2077741,0.092689,0.027668,0.1022593,
542,0.0,0.0008763,0.0331009,0.0371228,0.0367445,0.0335387,0.0933403,0.205146,0.1586925,0.1374442,0.0433594,0.1137687,
543,0.0,0.0017009,0.0128193,0.0378283,0.0334906,0.0935552,0.1445879,0.1742196,0.1240506,0.0997967,0.0391238,0.1022972,
544,0.0,0.0019804,0.0279218,0.0146744,0.0384737,0.0855158,0.1185524,0.1711916,0.1269769,0.0829615,0.0651722,0.1032775,
545,0.0,0.0022729,0.014524,0.0350639,0.0591209,0.0633811,0.0728498,0.1245183,0.1282221,0.1367058,0.0280656,0.072397,
546,0.0,0.0027891,0.032402,0.0376027,0.0642771,0.0579887,0.0683843,0.1091241,0.1197563,0.1410016,0.0265753,0.0249443,
547,0.0,0.0006514,0.0457397,0.0444243,0.0553192,0.0163514,0.0526168,0.1282424,0.1009996,0.1164684,0.0086046,0.0262551,
548,0.0,0.0021418,0.0239884,0.0338294,0.0758568,0.036925,0.0634691,0.0724364,0.1004124,0.1040503,0.0514989,0.0280747,
549,0.0,0.0051843,0.0096085,0.0290039,0.0571226,0.0594856,0.0692764,0.0636403,0.1123042,0.1136278,0.0711632,0.03556,
550,0.0,0.0040449,0.020882,0.0562051,0.0618325,0.1192949,0.0748615,0.0892151,0.1138115,0.1174042,0.0413105,0.0439071,
551,0.0,0.0048496,0.0344566,0.0778631,0.068727,0.1039248,0.0508092,0.0815256,0.1292806,0.1256135,0.0266868,0.0639323,
552,0.0,0.0034389,0.0449691,0.0563793,0.0571156,0.0814685,0.0765548,0.1032633,0.1055527,0.1042944,0.0363953,0.0645551,
553,0.0,0.0021292,0.032835,0.0589179,0.0819532,0.0957949,0.1031148,0.0887613,0.0962023,0.0969122,0.0228021,0.0427069,
554,0.0,0.0110318,0.0292889,0.0799995,0.0775316,0.1537078,0.1070974,0.0961294,0.0783929,0.0660055,0.0601323,0.0303906,
555,0.0,0.0066022,0.0350672,0.0780366,0.0370223,0.1278717,0.0907511,0.0958967,0.0801998,0.0937315,0.0774036,0.0461328,
556,0.0,0.0027276,0.0213886,0.0759951,0.0465464,0.1231108,0.1311121,0.085496,0.0807523,0.0793747,0.0926584,0.0698053,
557,0.0,0.0062113,0.0132496,0.1213154,0.0669407,0.149031,0.2099866,0.2325943,0.0785564,0.0984674,0.1043015,0.1371683,
558,0.0,0.0078073,0.0243836,0.1216146,0.0758352,0.1643878,0.207655,0.2275763,0.0590298,0.0565648,0.1138066,0.1318463,
559,0.0,0.0058435,0.0239294,0.0830882,0.0391291,0.0766762,0.125399,0.1410511,0.0777647,0.0745267,0.0764581,0.0959096,
560,0.0,0.0043039,0.0188618,0.0771973,0.0477736,0.0554901,0.1345915,0.1440149,0.0763297,0.1182743,0.0658339,0.0396065,
561,0.0,0.0198172,0.0773795,0.0539508,0.0864606,0.053628,0.1625566,0.1839913,0.1082803,0.065466,0.0811069,0.0492781,
562,0.0,0.009064,0.057705,0.0455585,0.0795598,0.0451227,0.1158245,0.1465766,0.1268853,0.0807193,0.0693441,0.0892945,
563,0.0,0.0048516,0.0256648,0.0998106,0.0309346,0.0618035,0.0649558,0.1347077,0.1356603,0.0863603,0.0560546,0.0725153,
564,0.0,0.0143353,0.0235038,0.0708445,0.0583317,0.0670407,0.076005,0.1470476,0.1418805,0.1023198,0.0437355,0.0585775,
565,0.0,0.0074062,0.0282661,0.0784058,0.0284214,0.052591,0.0392141,0.1087871,0.1089665,0.0500238,0.0385406,0.0754673,
566,0.0,0.0090349,0.0334882,0.0337996,0.0382473,0.0922083,0.0340418,0.1231204,0.0792748,0.0950639,0.0431609,0.0773935,
567,0.0,0.0065145,0.0216634,0.0608073,0.0549024,0.1161822,0.0916378,0.0893487,0.0615323,0.0699807,0.0549875,0.0665068,
568,0.0,0.0031258,0.0203466,0.0726307,0.0491027,0.1285095,0.0690448,0.0963989,0.0557031,0.086801,0.0371884,0.0353854,
569,0.0,0.0088615,0.0373552,0.0529296,0.0275153,0.1357869,0.0822847,0.0635115,0.0170326,0.1098887,0.0383132,0.0323349,
570,0.0,0.0025752,0.0418552,0.0336392,0.0124739,0.1218614,0.0662627,0.0511404,0.0209073,0.0789633,0.0458641,0.0387289,
571,0.0,0.0022732,0.0280999,0.0214971,0.0429065,0.1057159,0.0711886,0.0646647,0.0284246,0.0610462,0.0602945,0.0310865,
572,0.0,0.0038276,0.0134617,0.0356801,0.0337616,0.1104989,0.0858895,0.0573122,0.0234284,0.1129075,0.040297,0.0401413,
573,0.0,0.0045096,0.0095231,0.0437068,0.0319369,0.0918554,0.0859238,0.0700421,0.0582474,0.0946798,0.0347211,0.0381895,
574,0.0,0.0019731,0.0067647,0.0448618,0.0454648,0.0570914,0.095573,0.1039086,0.0571703,0.069885,0.0617349,0.0465681,
575,0.0,0.0018436,0.0250047,0.0557154,0.065835,0.0498462,0.1043782,0.0852911,0.0655977,0.07475,0.0525163,0.0491023,
576,0.0,0.004839,0.0433322,0.0830534,0.1152175,0.0620581,0.0644956,0.0803177,0.0641896,0.0479152,0.0785041,0.048449,
577,0.0,0.0053221,0.0285738,0.0531697,0.0585803,0.0475613,0.1064926,0.0953885,0.0345043,0.0510173,0.1012003,0.0482083,
578,0.0,0.0049823,0.0504101,0.0295503,0.0778281,0.0655871,0.1073631,0.1028021,0.0467383,0.0463488,0.0699149,0.0408093,
579,0.0,0.0044384,0.0614954,0.0532099,0.136245,0.1420772,0.0630755,0.0881836,0.0627585,0.0930147,0.0671121,0.0360314,
580,0.0,0.0166433,0.044275,0.0635372,0.1609866,0.1256544,0.081231,0.1081429,0.1044758,0.1047492,0.1014872,0.0582198,
581,0.0,0.0041929,0.0477201,0.0785965,0.1045378,0.1245465,0.0929387,0.1227485,0.0853128,0.0876507,0.1233112,0.0442965,
582,0.0,0.007817,0.0573146,0.0415776,0.0684195,0.0977857,0.0490316,0.1515919,0.0625968,0.0729982,0.10245,0.062202,
583,0.0,0.0112194,0.0559087,0.0772034,0.0961912,0.2054317,0.0539302,0.1265573,0.0991096,0.0813079,0.197284,0.041433,
584,0.0,0.0171061,0.0454362,0.0936385,0.1028516,0.2264895,0.0731122,0.1731708,0.0938521,0.1092254,0.1241966,0.0670981,
585,0.0,0.008473,0.0386383,0.0678693,0.1000887,0.1545479,0.0829615,0.1312872,0.0936718,0.069873,0.1119928,0.0376693,
586,0.0,0.0052882,0.032156,0.059183,0.0660571,0.0859561,0.0631426,0.0778138,0.0724524,0.0847508,0.0930545,0.0800666,
587,0.0,0.003764,0.0402951,0.0734366,0.0336187,0.0624883,0.0455459,0.1182101,0.0811952,0.103554,0.0891611,0.0359493,
588,0.0,0.009121,0.0335238,0.0855402,0.0644297,0.0517061,0.0334985,0.1544011,0.1603756,0.1230859,0.0711892,0.0307198,
589,0.0,0.0124655,0.03941,0.1070535,0.0487729,0.0488956,0.0453136,0.1301992,0.2141837,0.0923103,0.0687109,0.0923174,
590,0.0,0.0053442,0.0372362,0.0458388,0.054437,0.0825621,0.0253238,0.1159947,0.1344391,0.0739006,0.0647934,0.0846323,
591,0.0,0.0050671,0.0129982,0.0433573,0.0351085,0.0728835,0.036265,0.0707501,0.0448198,0.0676142,0.0563024,0.0505415,
592,0.0,0.0006143,0.0156999,0.0556462,0.0517522,0.0716401,0.0439675,0.0793622,0.0824356,0.0659915,0.0830084,0.0802619,
593,0.0,0.0009846,0.0049439,0.0528637,0.0708516,0.0519325,0.0342236,0.0881094,0.0866376,0.0520853,0.053877,0.073126,
594,0.0,0.0030162,0.0133044,0.0564,0.0750469,0.0393898,0.0386625,0.1053689,0.1278527,0.116264,0.036808,0.0958015,
595,0.0,0.0022459,0.0173153,0.0202181,0.0811852,0.0142592,0.05537,0.0886422,0.0887898,0.1008454,0.0198725,0.0824745,
596,0.0,0.0006251,0.0138645,0.0225866,0.0373653,0.0389479,0.0491476,0.0438071,0.0531676,0.0498684,0.0167586,0.0698691,
597,0.0,0.0039196,0.0089691,0.0252992,0.0086802,0.0631277,0.0416861,0.0662107,0.0600866,0.0260845,0.0199595,0.053422,
598,0.0,0.0046819,0.0251646,0.0265803,0.0298833,0.0655583,0.021692,0.0646875,0.0791137,0.0339231,0.0843505,0.0722889,
599,0.0,0.0024927,0.0066651,0.0311881,0.0318943,0.0495651,0.017986,0.0296879,0.0749011,0.0528989,0.0567532,0.0811264,
600,0.0,0.0049046,0.0296123,0.0549162,0.0283039,0.0433255,0.0560893,0.0513744,0.0761546,0.0439477,0.0594369,0.0760107,
601,0.0,0.0056738,0.0163583,0.0346951,0.0406933,0.0366202,0.0534531,0.0654603,0.0809503,0.0320553,0.0551515,0.0631819,
602,0.0,0.0051042,0.0189987,0.0264703,0.0474009,0.0175279,0.0513311,0.0555016,0.0748085,0.0370228,0.0743444,0.0399063,
603,0.0,0.0222334,0.0395768,0.077115,0.0628717,0.0380385,0.0755862,0.0531255,0.1192066,0.0282076,0.0521704,0.0344142,
604,0.0,0.0166066,0.0521553,0.0803971,0.0445385,0.0205244,0.0541973,0.0899245,0.1108498,0.0659877,0.0269425,0.0187211,
605,0.0,0.0115522,0.0522698,0.0323483,0.0522269,0.0476355,0.029651,0.1106701,0.1046943,0.0819106,0.0450019,0.0193763,
606,0.0,0.0083657,0.0294144,0.0344975,0.0600655,0.0551434,0.0622325,0.0764568,0.0727517,0.0626318,0.0749069,0.0341002,
607,0.0,0.0170989,0.0244562,0.052165,0.029255,0.0617785,0.0812438,0.0393558,0.0611737,0.0075024,0.0821767,0.0331335,
608,0.0,0.0229718,0.0761588,0.061195,0.0376004,0.1389359,0.1149508,0.1198636,0.1223288,0.0174691,0.1412555,0.0815494,
609,0.0,0.0059961,0.0906416,0.0633572,0.0295291,0.0952071,0.0832094,0.1174368,0.0731764,0.052409,0.1282635,0.074212,
610,0.0,0.0052042,0.029805,0.0903044,0.0777174,0.0522059,0.0917125,0.1025837,0.0613515,0.0828773,0.1970355,0.0694211,
611,0.0,0.0069222,0.0212754,0.0553939,0.0691455,0.0502101,0.0566627,0.0766184,0.1202263,0.1351001,0.103311,0.0424497,
612,0.0,0.0056823,0.0470038,0.0723712,0.0903051,0.0823166,0.0867337,0.0960215,0.1070842,0.1448518,0.1548345,0.1200515,
