#Time_ps,0,0.5,1,2,3,5,10,20,30,50,100,200,
1,1e-07,0.0006301,0.0381955,0.015257,0.0298319,0.0843406,0.0353906,0.0578036,0.1191371,0.0943841,0.0816464,0.1181653,
2,1e-07,0.0019936,0.0136699,0.0339428,0.0466231,0.0737371,0.0736615,0.0291962,0.0557236,0.0718655,0.0596766,0.0801465,
3,1e-07,0.0009573,0.0316643,0.0352095,0.0190882,0.0474075,0.0724609,0.0613236,0.0501694,0.065536,0.0552487,0.0848665,
4,1e-07,0.0028144,0.0297161,0.0541037,0.0267576,0.0272976,0.0552368,0.0621091,0.0740908,0.0680857,0.0189053,0.0607251,
5,0.0,0.0064156,0.0357807,0.0380729,0.016629,0.0498982,0.0806354,0.0524496,0.0564348,0.0586081,0.0245764,0.0712417,
6,0.0,0.0070577,0.0284636,0.0398172,0.0190114,0.042502,0.090579,0.0409672,0.0426357,0.0735892,0.0474721,0.0908737,
7,0.0,0.002711,0.0137298,0.0482456,0.0363193,0.0115292,0.0709371,0.0400357,0.0390323,0.0718713,0.0362357,0.0822186,
8,0.0,0.0038841,0.0044056,0.0381952,0.0447566,0.0155138,0.0427852,0.0680408,0.0462366,0.0672915,0.0137216,0.0739265,
9,0.0,0.0023888,0.0074166,0.062129,0.0441136,0.0189444,0.0483968,0.1006221,0.0354345,0.0819832,0.0260303,0.1076986,
10,0.0,0.0006258,0.0150607,0.0346902,0.0581628,0.0457017,0.0325105,0.1088749,0.0408756,0.0436758,0.0238474,0.0865898,
11,0.0,0.0009694,0.0229589,0.0420194,0.0565871,0.0473298,0.062446,0.0778675,0.0531784,0.0484983,0.0588458,0.0906329,
12,1e-07,0.0024823,0.0234474,0.0347046,0.0235917,0.0546762,0.0520991,0.0487836,0.0646128,0.0540186,0.0612114,0.0949399,
13,1e-07,0.0006249,0.0180388,0.0467555,0.0131923,0.0369123,0.043329,0.070768,0.0491039,0.0562994,0.0399718,0.0861373,
14,1e-07,0.0030867,0.0239322,0.0513364,0.042823,0.0450708,0.0427672,0.0776282,0.0217006,0.046642,0.0370722,0.0859527,
15,1e-07,0.0066335,0.0199099,0.0289604,0.0430472,0.0625359,0.0297915,0.0962008,0.0916938,0.0991692,0.0568251,0.0807493,
16,1e-07,0.003804,0.0212208,0.0535738,0.0315823,0.0620562,0.0271296,0.0906715,0.0601166,0.1016189,0.0488967,0.0591865,
17,1e-07,0.009775,0.021263,0.0751316,0.0358008,0.0253568,0.0497329,0.0996511,0.0487119,0.0576193,0.0263461,0.1110509,
18,1e-07,0.0083669,0.032654,0.0538846,0.0564918,0.0315041,0.0367015,0.0756195,0.064613,0.0921657,0.0192501,0.0779927,
19,1e-07,0.0069262,0.0486191,0.0622024,0.0560376,0.0466247,0.0208117,0.0576933,0.096121,0.0947412,0.044676,0.0933138,
20,2e-07,0.0111105,0.0509118,0.0406295,0.0554938,0.0677816,0.0391981,0.0536636,0.1362604,0.0586023,0.0440295,0.0367267,
21,2e-07,0.0179564,0.0532418,0.0268916,0.0401027,0.0885301,0.0232712,0.0669362,0.1567893,0.0783688,0.0626772,0.0382862,
22,2e-07,0.0149456,0.074527,0.030027,0.1013505,0.1198792,0.0472449,0.0718277,0.1379623,0.0909198,0.0710851,0.0437955,
23,2e-07,0.031684,0.0894072,0.1156217,0.1393581,0.1209894,0.1188769,0.1435212,0.1164382,0.034427,0.140485,0.066386,
24,2e-07,0.0342169,0.0899205,0.1081116,0.1325153,0.0350512,0.0521381,0.1808432,0.1686039,0.1692952,0.0746334,0.0568722,
25,2e-07,0.0257285,0.063572,0.0616345,0.0125342,0.033809,0.0451937,0.1186811,0.1430485,0.0375433,0.0687462,0.0441499,
26,2e-07,0.033911,0.0535112,0.0351305,0.0296081,0.052646,0.0522667,0.0840923,0.1659438,0.0784514,0.0429684,0.0608981,
27,2e-07,0.0416053,0.0214832,0.0573138,0.0499641,0.0799829,0.0379196,0.0425639,0.1215528,0.0384697,0.0127896,0.0077898,
28,2e-07,0.0163372,0.0204712,0.0118508,0.0082092,0.0444654,0.0345613,0.0524104,0.0367944,0.0263577,0.0257643,0.0855892,
29,2e-07,0.0223715,0.0516275,0.0149522,0.0586898,0.0513792,0.0460083,0.0414908,0.0597727,0.034708,0.0246058,0.0617653,
30,1e-07,0.0164649,0.0130855,0.0376843,0.0516938,0.0238376,0.0398926,0.0451197,0.0518457,0.0582455,0.0366527,0.0555995,
31,1e-07,0.002725,0.013235,0.0197377,0.0353861,0.0195708,0.0247316,0.0215244,0.0831784,0.0997384,0.0453768,0.0771915,
32,1e-07,0.0027292,0.0159497,0.062157,0.0405882,0.0812546,0.0296021,0.0121076,0.0939772,0.1356246,0.0627292,0.0666097,
33,1e-07,0.004084,0.0186285,0.0406292,0.0559865,0.1050203,0.0519561,0.0862472,0.0865536,0.0648922,0.0653358,0.1758997,
34,2e-07,0.0007641,0.0228539,0.0750966,0.0972759,0.1153626,0.0717822,0.055084,0.1099567,0.1234139,0.0527569,0.0978907,
35,2e-07,0.0014806,0.0128349,0.0642578,0.0722303,0.1157197,0.0437136,0.0465168,0.1385175,0.0902852,0.0559567,0.1019881,
36,2e-07,0.0065967,0.0191831,0.05797,0.0795299,0.0574675,0.030599,0.0254877,0.0967313,0.0466254,0.0535816,0.091948,
37,2e-07,0.0067238,0.0104229,0.0280414,0.0856433,0.0556251,0.0645288,0.0757714,0.0570663,0.0342469,0.0236437,0.067887,
38,2e-07,0.007714,0.0316072,0.0738358,0.0682731,0.0626138,0.0858478,0.0837552,0.0537226,0.0290361,0.061545,0.0321872,
39,2e-07,0.0200523,0.0382911,0.0915369,0.075323,0.1037429,0.0797298,0.0539325,0.0364386,0.0680675,0.0345764,0.0701781,
40,2e-07,0.0103338,0.0274228,0.0516788,0.0669091,0.0990592,0.0842678,0.0200999,0.0460909,0.0476476,0.0332494,0.0531912,
41,2e-07,0.0123895,0.0357635,0.0430944,0.0730569,0.0820952,0.0518812,0.0282638,0.0723334,0.0185062,0.0315443,0.0140533,
42,2e-07,0.0158253,0.0115111,0.0561173,0.054874,0.0811439,0.052571,0.060884,0.073071,0.0420838,0.0252818,0.0489517,
43,2e-07,0.0189605,0.0411764,0.0468518,0.0529771,0.0747379,0.0826826,0.0442429,0.073589,0.0505474,0.0562969,0.0455122,
44,2e-07,0.0246317,0.0505943,0.0392312,0.0345023,0.0760449,0.068253,0.0461539,0.0884502,0.0744741,0.0973747,0.0625204,
45,2e-07,0.040331,0.0455824,0.0377274,0.0737078,0.1434495,0.1371032,0.018609,0.137716,0.1181318,0.0980687,0.0298281,
46,2e-07,0.0295913,0.0398574,0.0494042,0.0645623,0.2021459,0.2164858,0.0170655,0.1901194,0.1186508,0.194694,0.0944522,
47,5e-07,0.0604203,0.0163465,0.0450431,0.0625593,0.1410287,0.2059054,0.0611602,0.1929289,0.1056568,0.2044952,0.0443106,
48,5e-07,0.0584437,0.0128993,0.0241998,0.0365677,0.0735196,0.1564651,0.0818804,0.1302298,0.0917887,0.1384696,0.097834,
49,5e-07,0.0508321,0.0269673,0.0436013,0.065767,0.0983887,0.1652058,0.0823624,0.1614825,0.1102223,0.1147451,0.1193451,
50,5e-07,0.0532042,0.0333454,0.0318884,0.0848605,0.1033102,0.2216789,0.0689147,0.2027282,0.1261893,0.1234982,0.1278126,
51,5e-07,0.0324476,0.0445019,0.0506963,0.0294746,0.0686473,0.2041682,0.0866878,0.203076,0.1315799,0.1337574,0.1291762,
52,5e-07,0.0191654,0.0210429,0.0416189,0.1074712,0.0823846,0.1928236,0.077528,0.1962384,0.1040998,0.140967,0.1085206,
53,5e-07,0.0200955,0.035723,0.0244628,0.0610826,0.0501291,0.1450308,0.0597306,0.1051775,0.0973992,0.0646515,0.0160353,
54,5e-07,0.014465,0.0310139,0.0475839,0.0455862,0.0330334,0.1067814,0.0629815,0.0553506,0.0987745,0.0909059,0.0829764,
55,5e-07,0.0099348,0.037761,0.0449795,0.0338589,0.0717142,0.1000427,0.0657971,0.1266247,0.1383129,0.0837083,0.0383138,
56,5e-07,0.0071646,0.035298,0.0264419,0.0419666,0.0695716,0.1320295,0.089412,0.1521906,0.1208761,0.0861558,0.1028798,
57,5e-07,0.0180742,0.0244235,0.0608152,0.0553954,0.0606563,0.0933862,0.0596966,0.1493665,0.0812925,0.0661325,0.0929957,
58,5e-07,0.0089606,0.0337785,0.0940003,0.0616463,0.0940091,0.1252619,0.0355537,0.1355243,0.0937367,0.0687736,0.0923062,
59,5e-07,0.0241296,0.0039128,0.0427591,0.0283422,0.1062008,0.1364653,0.0963303,0.2242113,0.0997876,0.0590653,0.1169607,
60,5e-07,0.0311206,0.0178521,0.0547755,0.0440814,0.0764782,0.0932239,0.123451,0.2626665,0.0799619,0.1725534,0.1893665,
61,5e-07,0.0231511,0.0339882,0.0655001,0.090889,0.1591649,0.1152972,0.0477961,0.1942149,0.0811615,0.1213852,0.1559511,
62,5e-07,0.0047019,0.0293728,0.0378917,0.1357045,0.1594092,0.1721436,0.0476285,0.1606105,0.0631287,0.064937,0.1349007,
63,2e-07,0.0056757,0.0478218,0.0337371,0.1268588,0.1626771,0.1765888,0.0175146,0.1633613,0.1109964,0.1158701,0.1203421,
64,2e-07,0.0099963,0.0583974,0.0444244,0.1316597,0.1680162,0.1767954,0.0352635,0.2065413,0.1352641,0.126022,0.1245579,
65,2e-07,0.0090575,0.0461867,0.0323757,0.117315,0.1756893,0.1214041,0.0853951,0.170331,0.0963821,0.0683641,0.1239884,
66,2e-07,0.0085799,0.0334187,0.0211905,0.0454493,0.0869213,0.0698569,0.137747,0.1136122,0.0902487,0.0330655,0.0708607,
67,2e-07,0.0128284,0.016784,0.0209838,0.0694628,0.0729913,0.020181,0.1227582,0.187188,0.0848969,0.069929,0.0484642,
68,2e-07,0.0073679,0.0221685,0.0663474,0.0842672,0.053649,0.0325122,0.0769271,0.1159746,0.1013413,0.0670085,0.117887,
69,1e-07,0.0034844,0.0339715,0.0644472,0.0691207,0.0680189,0.024564,0.0601681,0.1492068,0.0876446,0.0940062,0.1810845,
70,1e-07,0.0063635,0.0551371,0.0729108,0.0939399,0.0813339,0.0344431,0.0040096,0.2045471,0.1175737,0.1644621,0.1477061,
71,1e-07,0.0068736,0.0584183,0.0590065,0.1347245,0.0655348,0.090932,0.0630777,0.2397759,0.1329778,0.2494541,0.2003437,
72,1e-07,0.0091051,0.0677075,0.0276589,0.0438306,0.027481,0.0258206,0.0959324,0.2796216,0.2815802,0.1545061,0.1871604,
73,1e-07,0.0066758,0.0818764,0.0665828,0.0618474,0.0783564,0.0238611,0.0333688,0.2110552,0.2275121,0.1189655,0.1835656,
74,1e-07,0.0076552,0.0385181,0.0474267,0.1240411,0.0809534,0.0510703,0.0624133,0.1832847,0.1637713,0.0478337,0.1321669,
75,2e-07,0.0014583,0.0248521,0.048082,0.0534838,0.079175,0.0446912,0.1094143,0.1974547,0.1482826,0.0546531,0.1284366,
76,2e-07,0.0034651,0.0142275,0.0475409,0.0295105,0.1054187,0.060036,0.0620049,0.2100316,0.1355644,0.0559891,0.1840374,
77,2e-07,0.0044928,0.045643,0.0632809,0.0273627,0.1305199,0.0615824,0.0682611,0.1470149,0.1230079,0.0805274,0.1358324,
78,2e-07,0.0067559,0.0247118,0.0570005,0.0945984,0.1805394,0.0531182,0.0618703,0.1911151,0.1306338,0.0777286,0.182441,
79,2e-07,0.0203463,0.0332284,0.0484067,0.1034183,0.1379876,0.1013068,0.0342777,0.1990287,0.0610755,0.0856942,0.1274482,
80,2e-07,0.0045578,0.0199718,0.0318382,0.1059567,0.1141797,0.0906204,0.0294295,0.1475197,0.0438298,0.0881996,0.0561776,
81,2e-07,0.0028839,0.0302403,0.0459195,0.1350767,0.1050707,0.0986943,0.0407803,0.1492434,0.107342,0.0848566,0.1258363,
82,2e-07,0.0026884,0.0330259,0.0360197,0.1121315,0.1219184,0.0507173,0.1065454,0.1394804,0.0646361,0.053949,0.0410036,
83,2e-07,0.0058603,0.055452,0.0583036,0.0905262,0.0557239,0.0651088,0.0967107,0.0866866,0.0516043,0.078175,0.0621844,
84,2e-07,0.0100328,0.0607786,0.1166925,0.0875798,0.0470693,0.0431859,0.0610795,0.0443343,0.0502046,0.0889329,0.0834354,
85,2e-07,0.0095853,0.0334782,0.1204215,0.064898,0.061491,0.0450515,0.0463875,0.0117476,0.0407523,0.0785545,0.0429328,
86,2e-07,0.0065717,0.0252319,0.0525974,0.0762923,0.0844662,0.0389154,0.0319909,0.0142365,0.0132373,0.0867803,0.0629149,
87,2e-07,0.0030232,0.0195243,0.0197837,0.0763218,0.1066868,0.0571528,0.0364281,0.0235954,0.045848,0.0607851,0.0306133,
88,2e-07,0.0024065,0.0259507,0.0327327,0.0689871,0.1063205,0.074044,0.090733,0.0369299,0.0299002,0.0855388,0.0685952,
89,2e-07,0.0009904,0.0154486,0.0315024,0.0910032,0.1036447,0.0755091,0.0927674,0.1120712,0.0284782,0.0725427,0.0879582,
90,2e-07,0.0036232,0.0250766,0.0280191,0.091692,0.102161,0.0697256,0.0685588,0.1334116,0.0574992,0.0587838,0.112721,
91,2e-07,0.0024981,0.0145845,0.0522539,0.0721651,0.0745535,0.0584075,0.0917745,0.1466243,0.0922474,0.0552306,0.1223915,
92,2e-07,0.0015626,0.0185283,0.0769829,0.0806843,0.1074084,0.0614452,0.1051634,0.19847,0.0825658,0.0776841,0.1297924,
93,2e-07,0.0014755,0.0223182,0.0327707,0.0802886,0.0670398,0.0462546,0.0902584,0.1636862,0.0469599,0.0950585,0.1784883,
94,1e-07,0.0049776,0.0170707,0.0327332,0.0615326,0.0701305,0.078773,0.0471441,0.0984255,0.0362573,0.085088,0.1575715,
95,1e-07,0.0039202,0.0184189,0.0320759,0.0505058,0.0667881,0.0319091,0.0368888,0.1023146,0.097997,0.0596723,0.1201267,
96,1e-07,0.0031929,0.0308968,0.0170352,0.0625799,0.0944774,0.0288161,0.037218,0.1044381,0.1353782,0.0596799,0.154838,
97,1e-07,0.0020327,0.0134655,0.0137813,0.0305013,0.0940614,0.0215595,0.0658615,0.1567237,0.1211571,0.0571636,0.0664803,
98,1e-07,0.0015203,0.017769,0.0466656,0.0693966,0.1076,0.0264721,0.0783988,0.121737,0.1233573,0.0610619,0.0696056,
99,1e-07,0.0008378,0.0120146,0.070295,0.045724,0.1035242,0.0597402,0.088091,0.1529594,0.1120661,0.0584333,0.0430978,
100,1e-07,0.0008722,0.0268263,0.0552364,0.0422804,0.0290356,0.0495514,0.0549855,0.1432666,0.125536,0.0490083,0.0405204,
101,1e-07,0.001849,0.0167818,0.0712677,0.0347838,0.0331258,0.0345487,0.0391715,0.1467056,0.1107198,0.0500098,0.029222,
102,1e-07,0.0027612,0.0168179,0.036546,0.0634497,0.0963746,0.0741412,0.0675583,0.1652572,0.1714166,0.0554806,0.0418371,
103,2e-07,0.0023066,0.019914,0.0499417,0.0350535,0.0881731,0.066365,0.072081,0.122343,0.1609629,0.0863809,0.0067051,
104,2e-07,0.0034712,0.0158794,0.0439973,0.0274251,0.0545898,0.0775004,0.0871004,0.1218557,0.1378021,0.0528781,0.0336509,
105,2e-07,0.0008345,0.0391747,0.0746168,0.0494949,0.0417316,0.0383509,0.0851265,0.109354,0.0684636,0.0297857,0.0314935,
106,2e-07,0.0015567,0.0507662,0.0682473,0.0554084,0.0496187,0.0607157,0.0648841,0.0714572,0.0449895,0.0313955,0.0778261,
107,2e-07,0.0057271,0.0278967,0.0508743,0.0482864,0.0444921,0.0540747,0.0147589,0.0762395,0.0748459,0.028532,0.0341198,
108,2e-07,0.0088672,0.037455,0.06819,0.0550737,0.0809224,0.0549309,0.0332823,0.1433324,0.0308536,0.07291,0.0381099,
109,1e-07,0.0099252,0.0094067,0.0397841,0.0786222,0.0604067,0.0336349,0.0648262,0.1912863,0.0693811,0.0792661,0.0747381,
110,1e-07,0.003358,0.0207075,0.0422562,0.0346178,0.0263478,0.0274517,0.0499125,0.1096648,0.0625495,0.0657559,0.0572693,
111,1e-07,0.0028451,0.0104159,0.0382274,0.0216777,0.0277798,0.0176968,0.0223871,0.0993182,0.0920738,0.0600027,0.0540606,
112,1e-07,0.0033141,0.009598,0.021065,0.0154064,0.0359385,0.0456236,0.0414887,0.0770399,0.0947332,0.0643691,0.038187,
113,1e-07,0.0097798,0.0128825,0.0214024,0.0361788,0.0578046,0.050931,0.0513992,0.0730241,0.0415305,0.0307258,0.0276795,
114,1e-07,0.0168296,0.0139518,0.0658438,0.0314264,0.0444349,0.0651851,0.0290537,0.0425003,0.0217149,0.0421052,0.016046,
115,1e-07,0.0084196,0.038527,0.07361,0.0362049,0.0099988,0.0631722,0.0495046,0.0167141,0.0617975,0.0207029,0.0595047,
116,1e-07,0.0131202,0.0375438,0.041677,0.0233341,0.0257988,0.042836,0.047206,0.031836,0.0322217,0.0360066,0.0883277,
117,1e-07,0.0219907,0.0315706,0.0397865,0.0455553,0.0280059,0.0164227,0.0602711,0.046292,0.0451616,0.0140734,0.0790117,
118,1e-07,0.0180442,0.0452155,0.0299329,0.0582014,0.0246477,0.020017,0.0793617,0.0490435,0.0419878,0.0258808,0.1261548,
119,1e-07,0.0253332,0.0319843,0.0403383,0.0917845,0.0833184,0.0393724,0.0718955,0.0547839,0.0355617,0.041358,0.1316576,
120,1e-07,0.0146883,0.0437357,0.0567375,0.0431206,0.0478644,0.0389075,0.1157492,0.0134872,0.0208662,0.0856898,0.0868807,
121,1e-07,0.0088023,0.0263293,0.0335723,0.0309478,0.0072182,0.0400638,0.0521883,0.0249285,0.0259364,0.1073989,0.045521,
122,1e-07,0.0085092,0.0055205,0.0324814,0.0780774,0.0155268,0.0635601,0.0248687,0.0182068,0.0483585,0.0827321,0.0764474,
123,1e-07,0.0118746,0.0319417,0.0420809,0.070997,0.0293114,0.0425642,0.0389729,0.0533232,0.0430881,0.0760455,0.0661764,
124,0.0,0.0037184,0.024877,0.025115,0.0412584,0.0325083,0.064318,0.0435258,0.0834022,0.043924,0.0182868,0.0621418,
125,0.0,0.0024781,0.0177178,0.0292328,0.0327433,0.0479942,0.0698666,0.0298083,0.0390677,0.031525,0.0566105,0.0640806,
126,1e-07,0.0050024,0.0043836,0.0395407,0.0375525,0.074694,0.0482825,0.032456,0.0525227,0.0601946,0.0192172,0.0312714,
127,1e-07,0.0024177,0.0187615,0.0402378,0.0613781,0.0694049,0.0235464,0.0646807,0.0585748,0.0550894,0.0450375,0.0357161,
128,1e-07,0.0044421,0.0124273,0.0435053,0.0225114,0.0529968,0.0283311,0.0607696,0.0758778,0.0630401,0.0209842,0.0241681,
129,1e-07,0.0057231,0.0043265,0.0814643,0.044224,0.0647644,0.0378971,0.0480665,0.1472247,0.1133832,0.0201463,0.0451959,
130,1e-07,0.0044792,0.0218951,0.0595461,0.0666576,0.0309079,0.0272755,0.0590621,0.1374373,0.0441581,0.007614,0.0317952,
131,2e-07,0.0014507,0.0277875,0.0574897,0.0613151,0.0530649,0.0235421,0.0606372,0.0903262,0.0292496,0.0210377,0.0506194,
132,2e-07,0.0057554,0.030408,0.0578065,0.0253622,0.0361398,0.0406814,0.0565747,0.0851495,0.0335622,0.0426196,0.0440266,
133,2e-07,0.0053982,0.0344791,0.0443418,0.0347004,0.0461463,0.0299993,0.0413713,0.1125877,0.0613057,0.026831,0.0767063,
134,2e-07,0.0059917,0.0233378,0.0715195,0.0432025,0.0134075,0.0242588,0.0519226,0.1513831,0.040927,0.0381741,0.0626694,
135,2e-07,0.0056438,0.0175334,0.0638839,0.0890942,0.020206,0.0372624,0.0618272,0.1112249,0.0503392,0.048484,0.0298314,
136,1e-07,0.0045424,0.0545385,0.0278044,0.063068,0.0247818,0.0226436,0.0663028,0.0651753,0.0678167,0.039319,0.0456933,
137,1e-07,0.0074084,0.0424505,0.0221225,0.0511423,0.0770633,0.0376916,0.057888,0.0521751,0.0278241,0.0402647,0.0685365,
138,1e-07,0.017048,0.0476559,0.0527588,0.0561542,0.0301012,0.0550175,0.0054676,0.0364007,0.0504971,0.0413679,0.0972629,
139,1e-07,0.0072828,0.0319804,0.0524062,0.0481605,0.0159193,0.0423022,0.040813,0.0141792,0.0484314,0.0863873,0.0973285,
140,1e-07,0.0343308,0.0323847,0.0434119,0.0284962,0.0194564,0.0235634,0.036084,0.0339594,0.0330396,0.0553823,0.1005693,
141,1e-07,0.0347548,0.0189472,0.0726933,0.0212667,0.0151423,0.049531,0.0815522,0.0465961,0.0473928,0.0130738,0.1257317,
142,2e-07,0.0461613,0.0259025,0.1147783,0.0538509,0.1583206,0.0689087,0.1948487,0.131957,0.0695553,0.0242562,0.1415161,
143,2e-07,0.0757133,0.022918,0.122313,0.0656797,0.141359,0.1115079,0.1125422,0.1240396,0.0453434,0.110796,0.1319203,
144,1e-07,0.0492432,0.0459893,0.0741335,0.012852,0.0762645,0.0432782,0.0869699,0.0298946,0.0428843,0.0365441,0.0657515,
145,2e-07,0.0709925,0.0406977,0.0545112,0.0425773,0.0755176,0.052561,0.0425988,0.0520815,0.0443433,0.0440453,0.062834,
146,2e-07,0.0324561,0.0126366,0.0656701,0.0118836,0.0549711,0.0396832,0.0186138,0.030495,0.0333625,0.0306013,0.0816976,
147,1e-07,0.0243871,0.0205492,0.0558545,0.0171518,0.0463445,0.0412107,0.0371718,0.0443371,0.035434,0.0423882,0.0699966,
148,1e-07,0.018883,0.0289,0.0583224,0.0141961,0.0431291,0.0821814,0.0518456,0.039223,0.0524267,0.0657129,0.022175,
149,1e-07,0.0173221,0.020071,0.0468108,0.0429237,0.058138,0.0546276,0.0566984,0.025059,0.0376892,0.0460281,0.034898,
150,1e-07,0.0083278,0.007491,0.0286893,0.0187164,0.0589595,0.0456307,0.0556582,0.0788876,0.0554212,0.0419196,0.0308448,
151,1e-07,0.0056697,0.0147857,0.0464602,0.0314023,0.0641511,0.0425012,0.0317711,0.1073058,0.0829898,0.0133201,0.0406758,
152,1e-07,0.003367,0.0133527,0.0721985,0.0474277,0.0566331,0.0735644,0.0383074,0.1228941,0.1114807,0.0292117,0.1032419,
153,1e-07,0.001461,0.01602,0.0603674,0.0712247,0.1197095,0.0538982,0.038188,0.1393465,0.2151056,0.0278116,0.1542083,
154,0.0,0.0024127,0.0459509,0.0639246,0.0458348,0.1240835,0.0709465,0.0667654,0.1540501,0.1369364,0.027628,0.2872652,
155,0.0,0.0014947,0.0224418,0.049468,0.0408357,0.1117691,0.0899191,0.1341033,0.1761138,0.1251871,0.090808,0.2240048,
156,1e-07,0.0014322,0.0376166,0.0600119,0.0464653,0.066907,0.0438079,0.0603829,0.1509557,0.1153616,0.0813874,0.0515069,
157,1e-07,0.0015714,0.0206812,0.0395096,0.0671082,0.0484846,0.0301552,0.0488633,0.1266752,0.1292492,0.0567195,0.0256226,
158,1e-07,0.0015204,0.0336086,0.0376274,0.0208509,0.0411111,0.0571692,0.0500323,0.1449947,0.1340705,0.033378,0.0304458,
159,1e-07,0.0049622,0.0242964,0.0260261,0.0337936,0.0306477,0.0468908,0.055182,0.0866378,0.1043434,0.0630315,0.0307297,
160,1e-07,0.0067962,0.0245361,0.0653141,0.0145055,0.0189072,0.0300939,0.0712953,0.0545902,0.0858003,0.0533692,0.0381838,
161,2e-07,0.0065266,0.010714,0.049381,0.0041595,0.027347,0.0456176,0.030293,0.0329101,0.0161805,0.0549156,0.0331891,
162,2e-07,0.0089696,0.0132322,0.0368754,0.0076519,0.0101506,0.0665453,0.0379475,0.0136239,0.0310606,0.028451,0.0235396,
163,2e-07,0.0134197,0.0371897,0.0562386,0.0299044,0.0384021,0.0135167,0.0535783,0.0127675,0.0153898,0.0306526,0.038786,
164,2e-07,0.0471924,0.0830978,0.1091985,0.0766976,0.0643644,0.017622,0.06765,0.0533222,0.0222901,0.0312912,0.057115,
165,2e-07,0.0177503,0.0689531,0.0868789,0.0687374,0.0736674,0.0317229,0.1080228,0.1055606,0.0711841,0.0501776,0.0256798,
166,2e-07,0.0340461,0.0744428,0.1014329,0.0683578,0.0486499,0.0366516,0.0909992,0.0677032,0.0661261,0.0451237,0.04162,
167,2e-07,0.033296,0.068092,0.0906352,0.0411578,0.0449438,0.0671579,0.1347835,0.1428919,0.0795371,0.0856755,0.1498534,
168,2e-07,0.0176103,0.0614187,0.0578933,0.0429955,0.0567732,0.1002489,0.1389461,0.2087848,0.1141822,0.1701809,0.2223204,
169,2e-07,0.023348,0.0440989,0.0874942,0.0736739,0.0704106,0.0701173,0.1282422,0.1820413,0.097572,0.1561425,0.1938609,
170,2e-07,0.0262155,0.1364038,0.079605,0.0884793,0.0934947,0.1045305,0.1448503,0.1267578,0.0696984,0.2028958,0.1886346,
171,2e-07,0.0126459,0.0619575,0.0979121,0.0706891,0.0437662,0.0404623,0.0900325,0.1357253,0.0952262,0.0361304,0.1036416,
172,2e-07,0.0241824,0.0443859,0.0806466,0.0579342,0.0443017,0.043647,0.0495351,0.0567711,0.0496237,0.0216994,0.0307811,
173,2e-07,0.0141092,0.0423457,0.0591232,0.0494367,0.03367,0.0133695,0.1016292,0.0402921,0.0594,0.0233752,0.0672355,
174,2e-07,0.0105514,0.0458207,0.0732261,0.0559838,0.0381113,0.0842255,0.0569068,0.0601792,0.0249535,0.0163535,0.0300293,
175,2e-07,0.0112783,0.040484,0.0821277,0.0525674,0.0152866,0.0927959,0.033286,0.013272,0.0307172,0.0366711,0.0562831,
176,2e-07,0.0113655,0.0380257,0.0879527,0.0647221,0.0409687,0.0993223,0.050154,0.032051,0.0564141,0.0574558,0.0442571,
177,2e-07,0.0073154,0.0537245,0.0703611,0.0605935,0.0476947,0.0728163,0.0744351,0.0160522,0.11551,0.1152021,0.0613991,
178,2e-07,0.0135321,0.0610608,0.1185248,0.0718201,0.0512176,0.0996813,0.0726315,0.0554777,0.1364973,0.0694808,0.0381952,
179,2e-07,0.0078549,0.0638575,0.1071266,0.072632,0.0450169,0.0722679,0.0653569,0.0595174,0.0939722,0.0384925,0.0489704,
180,2e-07,0.0067611,0.0502266,0.1024251,0.0692847,0.0281821,0.0468025,0.0163442,0.0522819,0.0135023,0.035016,0.0704887,
181,2e-07,0.0231211,0.0376217,0.0867666,0.0557976,0.013474,0.0509356,0.0164898,0.058216,0.0460343,0.0473049,0.0754871,
182,2e-07,0.007449,0.060814,0.07126,0.0380434,0.0231305,0.0511365,0.0442084,0.1011961,0.0382024,0.0447799,0.0398924,
183,2e-07,0.0109817,0.055348,0.0858689,0.0456343,0.0887483,0.0593425,0.0544563,0.1250363,0.0245409,0.113162,0.0523391,
184,2e-07,0.0169348,0.0671005,0.1036022,0.0444363,0.0551907,0.0135638,0.0844358,0.2044675,0.0667098,0.1063186,0.1030085,
185,2e-07,0.0233456,0.0653668,0.0421585,0.0948621,0.074261,0.0359112,0.0588948,0.1681686,0.0725017,0.0533505,0.0145846,
186,2e-07,0.0477475,0.1157463,0.0205919,0.0802265,0.0720523,0.0251537,0.0468134,0.199185,0.0797889,0.0822048,0.0296024,
187,2e-07,0.0395359,0.0686026,0.0213068,0.0837066,0.0956546,0.0672461,0.0569407,0.1552061,0.0745941,0.0339312,0.080152,
188,2e-07,0.0307876,0.0401963,0.0373464,0.0803966,0.1081854,0.1094893,0.0406808,0.1974788,0.1052317,0.0074546,0.1046926,
189,2e-07,0.0404138,0.064362,0.0381672,0.1174003,0.1322674,0.2064375,0.1160428,0.1649948,0.1280048,0.1015929,0.1708798,
190,5e-07,0.0313403,0.0710925,0.0455003,0.1074462,0.1177947,0.1866851,0.1181282,0.1266915,0.1441605,0.1212814,0.1871052,
191,5e-07,0.0191523,0.0275688,0.0437536,0.0995737,0.1648393,0.2151741,0.1206066,0.2502685,0.2466881,0.1043589,0.2232475,
192,2e-07,0.0358169,0.0633789,0.0741433,0.1248064,0.0653354,0.1195985,0.07748,0.2473839,0.2245071,0.1189429,0.0551814,
193,2e-07,0.0231004,0.025533,0.0888042,0.0627704,0.0737775,0.0558351,0.0773898,0.2254,0.2290813,0.1066124,0.0906009,
194,2e-07,0.0121769,0.0355704,0.0781312,0.1251542,0.0711545,0.0362826,0.0851332,0.1428925,0.1078199,0.1554614,0.0913689,
195,2e-07,0.0144323,0.0349691,0.0892181,0.1189338,0.0792907,0.0712567,0.0352079,0.142767,0.096175,0.1018932,0.1112045,
196,2e-07,0.0166853,0.0073065,0.0738237,0.1157907,0.0385723,0.0602309,0.106573,0.1062287,0.069304,0.057375,0.1308773,
197,2e-07,0.0195873,0.0142352,0.0126471,0.0256457,0.0546071,0.0666525,0.0958489,0.0856351,0.0568647,0.0734511,0.0531581,
198,2e-07,0.0138545,0.0143286,0.0237852,0.0632848,0.0412881,0.0572362,0.0669002,0.0547226,0.0598064,0.1044001,0.0558459,
199,1e-07,0.0073953,0.0360717,0.0129615,0.0422635,0.0539881,0.0223396,0.0555701,0.0631876,0.0697874,0.0681907,0.0388438,
200,1e-07,0.0030842,0.03499,0.0387497,0.046891,0.0296675,0.0330431,0.0409708,0.0821504,0.0496264,0.0607623,0.0567975,
201,1e-07,0.0009155,0.007329,0.0223144,0.0447283,0.045004,0.0572814,0.0381378,0.078572,0.0489309,0.0423397,0.0460714,
202,1e-07,0.0014352,0.0055305,0.0288198,0.0444555,0.0430109,0.0762701,0.0318874,0.0541082,0.0282719,0.0528657,0.0582493,
203,1e-07,0.0009111,0.0098739,0.0263984,0.0253875,0.0598129,0.0604917,0.0401774,0.0370708,0.0353137,0.038265,0.0596363,
204,1e-07,0.0017586,0.0092834,0.0160997,0.0306578,0.0354921,0.0613155,0.0321673,0.0249524,0.0447616,0.0385806,0.0422177,
205,1e-07,0.0006312,0.0049188,0.0106734,0.034281,0.0390643,0.0749693,0.0425105,0.0729046,0.0550049,0.0524021,0.023047,
206,0.0,0.0015202,0.0109707,0.0079843,0.0343281,0.0553502,0.090661,0.0237373,0.0487801,0.0656952,0.052324,0.0429454,
207,0.0,0.0006313,0.0114093,0.0199286,0.0657885,0.0539622,0.0756114,0.0530833,0.0395615,0.0755175,0.0742964,0.0844424,
208,0.0,0.0019004,0.0140918,0.0210822,0.0429501,0.0617296,0.0542107,0.1005406,0.0442552,0.0628351,0.0632118,0.082484,
209,0.0,0.0015952,0.0105655,0.0210992,0.0381439,0.0771518,0.0838768,0.1346861,0.0934505,0.0635993,0.0380998,0.0696759,
210,0.0,0.0010877,0.0082024,0.0232844,0.0152214,0.0710876,0.1099647,0.1166719,0.0655621,0.0529464,0.0312383,0.0803325,
211,1e-07,0.0017681,0.0116622,0.0432587,0.0480309,0.0602094,0.0983717,0.1005214,0.0982197,0.1012271,0.0555068,0.0611017,
212,1e-07,0.0019748,0.0077125,0.0115563,0.0517385,0.0638143,0.0896925,0.1412591,0.1137041,0.1273696,0.0808781,0.0606712,
213,1e-07,0.0014242,0.0060683,0.0398073,0.0686815,0.0482578,0.0857461,0.1653524,0.0846683,0.0983892,0.1292207,0.0571207,
214,1e-07,0.0028142,0.0125949,0.0382331,0.0827418,0.0262117,0.091374,0.2030327,0.1195664,0.1374726,0.1735976,0.1064051,
215,1e-07,0.0063857,0.0519871,0.0316764,0.1090233,0.0218662,0.1038186,0.2247469,0.1512134,0.1631053,0.134466,0.128842,
216,1e-07,0.0075747,0.0241781,0.0518279,0.1060358,0.0262721,0.1168849,0.2176982,0.1588628,0.1537464,0.1381442,0.2100736,
217,1e-07,0.001694,0.030775,0.0358114,0.0506956,0.040999,0.0832764,0.142339,0.1550684,0.1372158,0.1005324,0.1446668,
218,1e-07,0.0019288,0.0214125,0.0613676,0.0222204,0.0791768,0.0774879,0.2000419,0.2213901,0.1761636,0.1463647,0.1859857,
219,1e-07,0.001718,0.0335819,0.0645778,0.0259196,0.065905,0.0389252,0.1780631,0.1558183,0.1037923,0.1565771,0.1242178,
220,0.0,0.0017837,0.0438311,0.0739007,0.0521732,0.0356727,0.0737314,0.1744136,0.1603791,0.1110566,0.0905547,0.1023893,
221,0.0,0.0018306,0.0599685,0.0562051,0.05751,0.051864,0.0870388,0.182283,0.1651523,0.1130621,0.0984894,0.0705546,
222,0.0,0.0027523,0.0470674,0.0683066,0.0960573,0.0502423,0.1408522,0.2180991,0.1748721,0.119674,0.0896053,0.0545892,
223,0.0,0.0022942,0.0426408,0.0539138,0.071734,0.0486232,0.1397115,0.2026012,0.2160086,0.1150933,0.1207263,0.1112191,
224,0.0,0.001912,0.0151805,0.0481128,0.1025111,0.0532933,0.1448605,0.2144738,0.2105274,0.1706495,0.1016448,0.123794,
225,1e-07,0.0015227,0.0109188,0.0212269,0.0738703,0.0788441,0.1740929,0.204071,0.1457343,0.1247866,0.0780255,0.0533659,
226,1e-07,0.0010933,0.0359522,0.0285121,0.0252418,0.094834,0.1832944,0.1782667,0.1065239,0.1315142,0.0687545,0.0699093,
227,1e-07,0.0014293,0.0206491,0.0241278,0.0277853,0.0874965,0.1719649,0.1247076,0.0546481,0.1343358,0.0621262,0.0773138,
228,1e-07,0.0062428,0.0346322,0.0221326,0.0538115,0.1033578,0.2145781,0.2087863,0.0634919,0.1981939,0.0821472,0.1115882,
229,1e-07,0.0028786,0.0069995,0.0242374,0.0618184,0.1112828,0.1923949,0.2109713,0.0666975,0.2313263,0.098032,0.0873804,
230,1e-07,0.00146,0.0196243,0.0510179,0.0845576,0.0802089,0.1024644,0.0994058,0.0352363,0.200517,0.0787925,0.0783942,
231,2e-07,0.0028618,0.0134911,0.0539044,0.0732048,0.0419829,0.1443,0.1417675,0.0403423,0.1937737,0.072348,0.1031454,
232,2e-07,0.0006888,0.0445195,0.0216404,0.0236275,0.0296863,0.1608201,0.1518917,0.0724692,0.1697477,0.0636042,0.1022553,
233,1e-07,0.0006873,0.0384098,0.0907058,0.0238242,0.0445807,0.1193452,0.1083347,0.0931749,0.1796391,0.0753716,0.1070535,
234,1e-07,0.0020589,0.042691,0.0849219,0.0599758,0.0443803,0.0745218,0.0898914,0.115245,0.1900534,0.0545712,0.0509481,
235,2e-07,0.0035314,0.051683,0.0963588,0.0704846,0.086023,0.0983942,0.0862997,0.1105686,0.1760076,0.0471039,0.0313676,
236,2e-07,0.0058824,0.0282386,0.0687027,0.0235421,0.0573377,0.1285814,0.0728676,0.0329273,0.1652857,0.0609065,0.0155534,
237,1e-07,0.0056867,0.0222247,0.037506,0.0331367,0.032026,0.1060903,0.0695773,0.0693533,0.0797953,0.0817606,0.0604773,
238,2e-07,0.0059037,0.0127571,0.0136256,0.0212628,0.0392585,0.1105601,0.1015088,0.0512733,0.0899698,0.0975364,0.076653,
239,1e-07,0.0039468,0.0192519,0.0151149,0.0061015,0.0372345,0.098759,0.0697576,0.0560583,0.1137069,0.0831554,0.0662447,
240,1e-07,0.0031148,0.0115727,0.0377573,0.0310378,0.0195376,0.1169111,0.1091685,0.0894138,0.108747,0.0741828,0.0762605,
241,2e-07,0.003048,0.0297668,0.0748472,0.0321338,0.0903108,0.1108393,0.1639683,0.0748521,0.1468652,0.118423,0.0797594,
242,1e-07,0.0018721,0.0266436,0.0686931,0.0478782,0.0641791,0.1128355,0.1310986,0.0322061,0.1228697,0.0929609,0.0947103,
243,1e-07,0.0034783,0.0314935,0.0903446,0.0557997,0.0641763,0.1239172,0.1243358,0.0333156,0.099062,0.1275022,0.0460967,
244,1e-07,0.0037822,0.0186339,0.0526628,0.0715258,0.0720519,0.1472817,0.0957011,0.0591605,0.1213747,0.1441037,0.0832745,
245,1e-07,0.0074235,0.0134578,0.0582717,0.0538662,0.0642015,0.1419692,0.077177,0.1352376,0.1196713,0.1525247,0.0670219,
246,1e-07,0.0006274,0.0105478,0.004178,0.0358978,0.0524928,0.1045712,0.0610902,0.1058001,0.1071038,0.1043905,0.0621927,
247,1e-07,0.001985,0.0149779,0.0082848,0.0269785,0.0766395,0.1287479,0.0738784,0.1177914,0.1010933,0.115501,0.0795444,
248,1e-07,0.0014242,0.022428,0.0376754,0.0489351,0.1011211,0.1584075,0.0594963,0.15666,0.0854365,0.1835961,0.0357957,
249,1e-07,0.0015121,0.0280942,0.0651989,0.0226438,0.0896624,0.1114024,0.0295013,0.1048211,0.0677344,0.1128622,0.0547402,
250,1e-07,0.0024015,0.0349247,0.0556029,0.0259908,0.1047197,0.0936856,0.0679653,0.1028775,0.053861,0.1030748,0.0897722,
251,0.0,0.002377,0.0387038,0.0298925,0.0400718,0.1490533,0.1087549,0.1280171,0.1048072,0.0860507,0.1140633,0.1077085,
252,0.0,0.0038793,0.0217245,0.052223,0.0386104,0.0938631,0.0901303,0.1118976,0.1540143,0.1013605,0.1028115,0.0650315,
253,0.0,0.0021722,0.0228126,0.0536037,0.0609257,0.0806606,0.0869685,0.1380308,0.075379,0.0456885,0.1245421,0.0867165,
254,0.0,0.0009005,0.021518,0.0697824,0.0649589,0.0641121,0.0953726,0.1856041,0.0973206,0.0773576,0.0911723,0.1356994,
255,0.0,0.0008819,0.016504,0.077521,0.0624493,0.1089829,0.0653614,0.2136799,0.0898847,0.0867251,0.1294131,0.1554685,
256,1e-07,0.0057043,0.0083298,0.0715393,0.0721967,0.0584525,0.0768709,0.2276755,0.1041816,0.0672354,0.1206666,0.1031385,
257,1e-07,0.0006291,0.0316645,0.063176,0.0488938,0.0317554,0.1286341,0.2303471,0.0959076,0.0674629,0.0567402,0.1320332,
258,1e-07,0.0015782,0.0263452,0.0887946,0.0698723,0.0492645,0.1347542,0.2265793,0.1283296,0.1724536,0.1146765,0.1083195,
259,0.0,0.0023508,0.0210889,0.0307627,0.0465422,0.0365532,0.1035393,0.2435515,0.1464935,0.1398484,0.0689885,0.1096582,
260,0.0,0.0022546,0.0191277,0.0448753,0.0321409,0.0383716,0.1254918,0.1968071,0.1967281,0.1516404,0.0272684,0.1194239,
261,0.0,0.0023515,0.0097596,0.0173337,0.0489923,0.0407475,0.117726,0.1241494,0.1347578,0.1358944,0.0171982,0.0750515,
262,1e-07,0.0025033,0.0117572,0.0374324,0.0288389,0.0432186,0.1311661,0.1539328,0.1171255,0.1167842,0.0548233,0.0778808,
263,0.0,0.0025931,0.0190197,0.022924,0.0512225,0.0537615,0.1163915,0.1734979,0.120873,0.1268638,0.0635593,0.0896205,
264,0.0,0.0016415,0.0175035,0.018188,0.0510992,0.0565984,0.11071,0.1511351,0.109869,0.1174832,0.0479199,0.0889285,
265,1e-07,0.0016392,0.0048647,0.0379709,0.0734315,0.0655653,0.1030554,0.1454731,0.1071879,0.1179066,0.073858,0.0836061,
266,1e-07,0.0009019,0.013579,0.0126457,0.0649712,0.0638951,0.1237662,0.1605756,0.1130168,0.1123946,0.0848513,0.0823983,
267,0.0,0.0006354,0.0105846,0.0461954,0.0346622,0.0909548,0.0818341,0.1652257,0.1162155,0.0814091,0.0615677,0.0987609,
268,1e-07,0.0008982,0.0054661,0.0101605,0.0270809,0.0723754,0.0760486,0.1298319,0.0946998,0.0996666,0.0912753,0.0925435,
269,1e-07,0.0015333,0.019077,0.0128351,0.0323242,0.0859738,0.1317548,0.131941,0.074414,0.1161658,0.0823556,0.0898393,
270,0.0,0.0006379,0.0189829,0.047744,0.0369207,0.0800309,0.121317,0.1001738,0.0745791,0.1328629,0.1087069,0.1139559,
271,0.0,0.0013946,0.016883,0.0295636,0.0299824,0.1232655,0.1063056,0.0671673,0.0732954,0.0723179,0.091363,0.0783108,
272,1e-07,0.0011208,0.0274433,0.0329329,0.0137117,0.1150607,0.1517703,0.0357587,0.0809244,0.0993711,0.1026613,0.0623124,
273,1e-07,0.0018171,0.0445039,0.0364904,0.0610378,0.0997982,0.144376,0.0656563,0.0781161,0.1014221,0.1351182,0.1216435,
274,0.0,0.0028044,0.0497005,0.0469368,0.0719967,0.0790448,0.1196038,0.103945,0.1416462,0.1443163,0.1360875,0.1661824,
275,0.0,0.0008578,0.0246887,0.0479484,0.0608596,0.1402115,0.1344133,0.095857,0.1764785,0.0842671,0.1330042,0.2237316,
276,0.0,0.0015069,0.0427001,0.0421753,0.0728704,0.1577552,0.1017144,0.0710468,0.1681844,0.0763763,0.1516089,0.2547289,
277,0.0,0.0036222,0.0264971,0.0206658,0.0925966,0.211607,0.1361239,0.0651788,0.0933033,0.070626,0.1471346,0.4201701,
278,1e-07,0.0017613,0.0323318,0.0292417,0.1422691,0.2068704,0.2067987,0.0576411,0.0920688,0.0898624,0.1321228,0.2995512,
279,1e-07,0.0008865,0.0095346,0.0663571,0.1022646,0.1659464,0.1343162,0.0472972,0.045313,0.0863323,0.1389481,0.1717003,
280,1e-07,0.0023405,0.0135826,0.0400654,0.1014357,0.0770583,0.0565936,0.0566445,0.0176017,0.1197433,0.0862917,0.0715972,
281,1e-07,0.0020561,0.0371932,0.0138529,0.0741503,0.0385183,0.0552413,0.0848003,0.0112864,0.0944582,0.0707078,0.0330103,
282,1e-07,0.0031977,0.0277312,0.0080141,0.0856627,0.0486287,0.0505976,0.0917171,0.0965356,0.0612269,0.0636734,0.0990047,
283,1e-07,0.0037422,0.0478423,0.0467163,0.0713671,0.0773506,0.1047515,0.0652549,0.1771254,0.0870803,0.1487792,0.1003826,
284,0.0,0.0020982,0.0310326,0.0284013,0.0714459,0.0484862,0.0598859,0.0389875,0.0711596,0.0899691,0.0468962,0.0520062,
285,0.0,0.0032413,0.019361,0.0676543,0.07922,0.0566838,0.0415341,0.0531114,0.0900796,0.0977886,0.0440654,0.025474,
286,0.0,0.0044864,0.0166003,0.0692088,0.0640644,0.064117,0.0646471,0.0323933,0.0751029,0.1190546,0.0531932,0.0841341,
287,0.0,0.0029127,0.0271818,0.0563306,0.0208892,0.0444614,0.0400515,0.0304724,0.0292612,0.0983167,0.0450742,0.0225781,
288,1e-07,0.0073452,0.0121988,0.063815,0.0315259,0.0602303,0.059307,0.0445291,0.0672274,0.0574,0.042269,0.0713995,
289,1e-07,0.0016065,0.0081942,0.0429851,0.0336937,0.0577333,0.0457995,0.0516198,0.0489655,0.0832878,0.0624864,0.0671,
290,1e-07,0.0050442,0.0104892,0.0335721,0.016818,0.0635244,0.0219653,0.0418797,0.026148,0.0589707,0.0226095,0.0339113,
291,1e-07,0.0038936,0.0155952,0.0233807,0.0364674,0.0544711,0.0394203,0.039354,0.0339012,0.1030534,0.0431528,0.0435417,
292,1e-07,0.0015138,0.0106104,0.0267752,0.0273281,0.0385431,0.0219877,0.0267503,0.0412056,0.0746916,0.0570412,0.0282582,
293,0.0,0.0009001,0.0133674,0.0082615,0.0597417,0.0304569,0.0531549,0.0209249,0.0413418,0.0760121,0.0584702,0.061298,
294,0.0,0.0008585,0.0206116,0.0575354,0.0647363,0.0112588,0.0259983,0.0162102,0.066896,0.083171,0.0567408,0.0472189,
295,0.0,0.0016441,0.0050188,0.045223,0.0325852,0.0203245,0.0345814,0.0445301,0.0433017,0.0900759,0.0324425,0.0481938,
296,0.0,0.0009024,0.0091813,0.0765001,0.0597774,0.0443858,0.0704315,0.0490943,0.0493908,0.0722666,0.0241911,0.021451,
297,0.0,0.0008964,0.0102815,0.0828732,0.0361627,0.0718017,0.0635922,0.0468392,0.0517086,0.0561867,0.0390983,0.0292285,
298,0.0,0.0020557,0.0060506,0.0427049,0.0325307,0.0575654,0.0671919,0.0465862,0.087332,0.0223938,0.0247022,0.0861343,
299,1e-07,0.0006991,0.006239,0.0808924,0.0360154,0.0449794,0.0775949,0.0358088,0.0469049,0.0408926,0.0245608,0.0949034,
300,1e-07,0.0017131,0.0197531,0.0599302,0.0362763,0.0589068,0.0611118,0.0516793,0.073148,0.0868643,0.0347115,0.0279919,
301,1e-07,0.0024018,0.0225661,0.1384092,0.0553352,0.0544819,0.0461303,0.0555446,0.1447323,0.1134509,0.0308795,0.0230442,
302,1e-07,0.0009262,0.0152234,0.1836828,0.0732402,0.0364258,0.0434924,0.0398846,0.1975801,0.1305603,0.0712931,0.0657571,
303,1e-07,0.0019688,0.0157101,0.068992,0.0752194,0.0469909,0.0717848,0.0795647,0.1186664,0.1095399,0.0521869,0.0352935,
304,1e-07,0.0020571,0.021378,0.0434131,0.0981404,0.1212485,0.0622413,0.0757119,0.0788489,0.086738,0.051541,0.0480045,
305,0.0,0.0011229,0.0267767,0.0603448,0.0488021,0.1471332,0.0432908,0.0766376,0.0835174,0.0913234,0.0940384,0.1357657,
306,0.0,0.002203,0.0569082,0.075375,0.0502256,0.2178945,0.1199834,0.1613671,0.1662739,0.1916865,0.1061207,0.2627758,
307,1e-07,0.026842,0.036615,0.0858167,0.0483519,0.0658893,0.0455437,0.0943718,0.0416659,0.0752307,0.0669426,0.1104612,
308,1e-07,0.0271534,0.0584579,0.0682462,0.0426641,0.0702116,0.0468511,0.0717466,0.0742064,0.1132049,0.0537801,0.1065129,
309,1e-07,0.0117952,0.0322498,0.0453661,0.0237017,0.0429777,0.0537191,0.0693615,0.0728666,0.0733683,0.0748879,0.1188734,
310,1e-07,0.0114852,0.0124731,0.0328213,0.0511637,0.0403115,0.0432667,0.0679878,0.0694975,0.0543714,0.0412162,0.1142893,
311,0.0,0.0106269,0.0338855,0.0395341,0.0760536,0.0539825,0.0536976,0.0722734,0.0582554,0.069206,0.0522296,0.0816144,
312,0.0,0.0050043,0.0479821,0.0651957,0.0264207,0.0739717,0.046818,0.0620674,0.0451268,0.0734774,0.0294273,0.0973755,
313,0.0,0.0023555,0.0135057,0.0644669,0.0265411,0.0250831,0.0333428,0.0441299,0.0295474,0.0194615,0.0586881,0.0475355,
314,0.0,0.0014483,0.017575,0.040851,0.0224851,0.0252531,0.0822544,0.0491055,0.0189968,0.0221111,0.0701363,0.0354977,
315,0.0,0.0016307,0.0166956,0.0587907,0.0595665,0.0092429,0.0827998,0.0643384,0.0136866,0.0447684,0.0849049,0.0542318,
316,0.0,0.0027115,0.0217205,0.0568631,0.0657546,0.0180341,0.0498778,0.0859876,0.0286463,0.0472806,0.0392097,0.0720611,
317,0.0,0.0041708,0.0136726,0.0617722,0.0821847,0.0186711,0.058957,0.1073115,0.0365962,0.0668337,0.0463561,0.1396836,
318,0.0,0.0014979,0.0248746,0.1013415,0.1011644,0.0214808,0.0893985,0.0749003,0.0573249,0.0705462,0.0519296,0.0986586,
319,1e-07,0.0017263,0.019037,0.105601,0.0985725,0.0359434,0.0731957,0.0709034,0.0604233,0.0517771,0.0712687,0.088888,
320,1e-07,0.001962,0.0182106,0.1272619,0.1112252,0.054127,0.0467242,0.070823,0.055889,0.0524628,0.0712892,0.0646315,
321,1e-07,0.0028238,0.0375455,0.1064503,0.0885875,0.0699576,0.0124916,0.091799,0.0493318,0.0636832,0.1217078,0.0683511,
322,1e-07,0.001725,0.0213919,0.0376805,0.0641502,0.0216633,0.0230802,0.0392381,0.0812901,0.0501441,0.0865401,0.0265977,
323,1e-07,0.0009562,0.0186604,0.0945624,0.0588044,0.0305652,0.0356227,0.0276645,0.0741624,0.0476086,0.0300252,0.0510554,
324,1e-07,0.0009514,0.0071981,0.0886712,0.0138576,0.0485254,0.0159374,0.0250927,0.0763628,0.0200634,0.020762,0.0408402,
325,2e-07,0.0010665,0.0083154,0.0814469,0.0262426,0.0231485,0.0467447,0.0383756,0.0644327,0.0486144,0.0120899,0.0584847,
326,2e-07,0.0007124,0.0180555,0.0656899,0.0420161,0.0312657,0.0485856,0.0572059,0.0592161,0.0470652,0.0334647,0.0812789,
327,2e-07,0.0030821,0.0156777,0.0727432,0.0522457,0.0403805,0.0671986,0.086002,0.053028,0.0301878,0.0604911,0.0790543,
328,2e-07,0.00478,0.014551,0.028934,0.0409713,0.055736,0.0664528,0.1101906,0.0641275,0.0776768,0.0360044,0.1051997,
329,2e-07,0.0272675,0.0435425,0.0759868,0.0625038,0.0605119,0.15111,0.1582124,0.1039881,0.0764288,0.0569782,0.1165542,
330,2e-07,0.0050063,0.0479054,0.0558986,0.0321437,0.0375247,0.1388436,0.1885349,0.0926367,0.0780762,0.0632339,0.1404426,
331,2e-07,0.0025649,0.0312147,0.0613777,0.0595135,0.0072355,0.0566133,0.1222969,0.0576392,0.0405199,0.086533,0.1192842,
332,2e-07,0.0023322,0.0164428,0.0475118,0.0571805,0.0175305,0.024845,0.0783423,0.0340316,0.0303207,0.0612753,0.0867658,
333,2e-07,0.0022428,0.0202301,0.0621422,0.0588845,0.0155745,0.046968,0.0387659,0.0354386,0.0399286,0.0257546,0.0690774,
334,2e-07,0.0008852,0.0187938,0.0628342,0.0343271,0.0160652,0.0330888,0.0407845,0.0296497,0.044466,0.031581,0.0813492,
335,2e-07,0.0009299,0.0100231,0.0538585,0.0188155,0.0550914,0.0340718,0.040696,0.0722759,0.0392903,0.0569256,0.0635411,
336,1e-07,0.0008875,0.0062229,0.0677861,0.0204761,0.0369828,0.0045289,0.0269566,0.0345441,0.0447676,0.045622,0.055117,
337,1e-07,0.0008832,0.0128065,0.0524616,0.0270523,0.0191808,0.0153326,0.0290235,0.0464516,0.0369026,0.0616405,0.0464368,
338,1e-07,0.0006224,0.0117651,0.0381369,0.0359701,0.025482,0.0254886,0.069182,0.0491547,0.0863523,0.0583253,0.0317735,
339,1e-07,0.0014127,0.0130777,0.0520452,0.0648294,0.0093566,0.0690358,0.0701191,0.0967785,0.110034,0.0227239,0.0557158,
340,2e-07,0.001751,0.020215,0.0564027,0.0668914,0.062362,0.069661,0.0940387,0.0970332,0.1413811,0.0667025,0.0595831,
341,2e-07,0.0021649,0.0114174,0.0747757,0.0603123,0.0454139,0.0764252,0.04827,0.0785351,0.1165573,0.0773184,0.065093,
342,2e-07,0.0019007,0.0208323,0.067201,0.0474609,0.0533304,0.0603289,0.0229438,0.0192389,0.0455505,0.0631365,0.0563315,
343,2e-07,0.001506,0.0134686,0.0432712,0.0257103,0.0597641,0.0244292,0.0639764,0.0740098,0.0506758,0.0494356,0.0579791,
344,2e-07,0.0010729,0.0157849,0.0395033,0.0190644,0.0416713,0.0084254,0.0526079,0.0883823,0.0456604,0.0174082,0.0493307,
345,2e-07,0.0008929,0.0102718,0.0308874,0.0230003,0.0228797,0.0222895,0.0401217,0.0717501,0.0482902,0.0251523,0.048662,
346,2e-07,0.0015549,0.0127764,0.0290474,0.0311008,0.0187691,0.0182574,0.0595557,0.0790521,0.0742683,0.0320922,0.0241792,
347,2e-07,0.0018918,0.0076934,0.0099449,0.0048782,0.0305062,0.0305377,0.1079741,0.0687794,0.0730006,0.0550852,0.0426815,
348,2e-07,0.002337,0.0057323,0.0115575,0.0538984,0.037479,0.0321663,0.0694314,0.0913297,0.0294964,0.0504752,0.0737467,
349,2e-07,0.001888,0.0298575,0.0441742,0.0282321,0.068676,0.0660766,0.2142844,0.1412215,0.0509352,0.0977685,0.0892607,
350,2e-07,0.001784,0.0171245,0.0537141,0.0558763,0.0616867,0.0081054,0.2442056,0.1794037,0.0529467,0.0933168,0.1290997,
351,2e-07,0.001408,0.0146758,0.0724327,0.0492481,0.097228,0.032291,0.2835363,0.2021174,0.0878623,0.1278232,0.1400823,
352,2e-07,0.0014097,0.0129865,0.0547908,0.0342141,0.0969579,0.0970795,0.2992602,0.1872226,0.1019716,0.1468805,0.0748497,
353,5e-07,0.0008906,0.0269403,0.0476518,0.0475062,0.0889134,0.1214114,0.261018,0.1699922,0.1578454,0.1442874,0.0801966,
354,5e-07,0.0030743,0.018148,0.0617014,0.0680508,0.0507628,0.0723554,0.2769292,0.1237265,0.1470289,0.1243601,0.0976202,
355,5e-07,0.0018989,0.0167242,0.055919,0.0607081,0.0508243,0.0700565,0.2255127,0.0774041,0.1333767,0.1225535,0.0980329,
356,5e-07,0.0038546,0.0197708,0.0658895,0.0938197,0.0800899,0.0885891,0.1625742,0.1172296,0.2042361,0.0560064,0.0287243,
357,5e-07,0.0023578,0.0252913,0.1050295,0.10617,0.0772142,0.098082,0.1952175,0.094201,0.1327537,0.1461359,0.075355,
358,5e-07,0.0008989,0.033334,0.1520642,0.160074,0.0971409,0.1440143,0.2104501,0.1355109,0.150899,0.1675941,0.1431185,
359,5e-07,0.0019022,0.0290431,0.1133387,0.1819779,0.1057549,0.1352199,0.1761498,0.1223917,0.1174138,0.1497377,0.2063848,
360,5e-07,0.0008939,0.0259319,0.0497871,0.1106294,0.0771127,0.0917806,0.1537519,0.1008318,0.0579809,0.1229382,0.1562191,
361,5e-07,0.0008861,0.0289133,0.0720586,0.1177548,0.0687682,0.100838,0.131466,0.1198156,0.0678379,0.1255758,0.1589313,
362,5e-07,0.0006865,0.0204698,0.0867135,0.1093361,0.0808294,0.0865712,0.1899069,0.1105752,0.0573325,0.1303965,0.1451197,
363,5e-07,0.0008864,0.0200103,0.091655,0.1177599,0.0601374,0.0698267,0.2229106,0.1075186,0.0097895,0.1295025,0.1066556,
364,5e-07,0.0023423,0.0220906,0.0999276,0.0558014,0.0570488,0.0750091,0.1472782,0.1316331,0.0519843,0.1100457,0.106223,
365,5e-07,0.0025664,0.0315545,0.1261496,0.1024392,0.0835131,0.075694,0.1958147,0.150206,0.0572077,0.1396883,0.107408,
366,5e-07,0.0030628,0.0365396,0.0173646,0.0528974,0.0415525,0.0817424,0.2516672,0.1091831,0.0764799,0.1277799,0.1015247,
367,5e-07,0.001614,0.0301756,0.0372357,0.0416011,0.0269774,0.0871172,0.2988603,0.0908921,0.1223713,0.1503511,0.1171686,
368,5e-07,0.0015906,0.0362832,0.0740561,0.0317429,0.0331268,0.1013404,0.2624969,0.0801605,0.1263356,0.1254486,0.1024151,
369,2e-07,0.0027409,0.015637,0.0545049,0.0376312,0.0379739,0.0957081,0.1774821,0.0817951,0.0970287,0.0630071,0.0659562,
370,2e-07,0.0050989,0.0163012,0.027841,0.0641106,0.031081,0.1232518,0.1801767,0.1062205,0.1553096,0.0520494,0.1363271,
371,2e-07,0.0024402,0.016517,0.0179705,0.0493904,0.068073,0.0875694,0.1916287,0.1147446,0.1014231,0.0454445,0.1057746,
372,2e-07,0.0006186,0.0246933,0.0298906,0.042808,0.0931206,0.0750941,0.1240514,0.076448,0.0871514,0.0257199,0.0901944,
373,2e-07,0.0016192,0.0388487,0.0903752,0.0540012,0.0765904,0.1033181,0.1066624,0.0811035,0.0722977,0.0840819,0.0592235,
374,2e-07,0.0008687,0.0292974,0.0823761,0.046492,0.0796623,0.1260775,0.0557629,0.0841343,0.0638949,0.0644712,0.0664214,
375,1e-07,0.0023146,0.0277808,0.0740884,0.0609295,0.0407711,0.1612135,0.0308222,0.1426698,0.0679334,0.0839641,0.0599358,
376,1e-07,0.0073951,0.0313357,0.050569,0.046088,0.0132467,0.145463,0.0390845,0.1284017,0.0722804,0.0599647,0.0495152,
377,1e-07,0.0127848,0.0169787,0.096609,0.134894,0.1481356,0.1811015,0.0777761,0.1027849,0.3024005,0.071185,0.050819,
378,1e-07,0.0089122,0.0220171,0.104782,0.0672767,0.0703794,0.1912392,0.0513393,0.0763208,0.0766983,0.2382308,0.0709772,
379,1e-07,0.0049907,0.0254046,0.0741831,0.0532262,0.1175888,0.1855757,0.0309447,0.1585448,0.0574883,0.2125057,0.0711951,
380,1e-07,0.0042968,0.0328948,0.0359356,0.0599367,0.0641452,0.1160397,0.0305579,0.1789095,0.0402694,0.0590345,0.0764214,
381,2e-07,0.0025389,0.0413574,0.0248196,0.0785326,0.0424323,0.1136331,0.0312304,0.1636042,0.0501768,0.0787274,0.0738928,
382,2e-07,0.0019066,0.0366753,0.0428366,0.0850376,0.0198241,0.1268491,0.1068713,0.1388995,0.0982384,0.0720171,0.0324803,
383,2e-07,0.0027373,0.0264609,0.1241156,0.0341862,0.0530902,0.1216305,0.1263516,0.1079593,0.1176131,0.090155,0.0583104,
384,2e-07,0.0007246,0.0373187,0.0859851,0.07146,0.1034351,0.1449685,0.114319,0.1010471,0.15249,0.0816861,0.0476384,
385,2e-07,0.000718,0.0393961,0.0260752,0.0710993,0.058967,0.1308993,0.1492842,0.0664062,0.0909859,0.0526783,0.0687838,
386,2e-07,0.0011251,0.0473664,0.0381032,0.0275437,0.0555089,0.0545439,0.1030445,0.0471311,0.1006531,0.069415,0.0487733,
387,2e-07,0.0022008,0.0069065,0.0189186,0.0629097,0.0569794,0.0881885,0.1090924,0.0757852,0.0653456,0.0430235,0.0276672,
388,2e-07,0.0017472,0.0056599,0.0260879,0.0725876,0.0943917,0.0579679,0.0807581,0.1204828,0.0964125,0.0678314,0.0372255,
389,2e-07,0.0016265,0.0106753,0.0227777,0.1235055,0.0783726,0.033408,0.0564095,0.068681,0.0715944,0.0358004,0.0294599,
390,2e-07,0.0017137,0.0201599,0.0298193,0.0941839,0.0634561,0.0203626,0.0370297,0.0533278,0.1029035,0.048814,0.0174518,
391,2e-07,0.001881,0.0221694,0.0060317,0.0580496,0.0697232,0.0405966,0.032738,0.0684181,0.0986119,0.0314418,0.0329523,
392,2e-07,0.0008666,0.0088826,0.0437304,0.0211331,0.0617249,0.0483896,0.0188455,0.0780479,0.0532339,0.0229624,0.018331,
393,2e-07,0.0015093,0.0138386,0.04852,0.0318732,0.0370879,0.0611377,0.0627088,0.0742222,0.0456714,0.0469943,0.0264256,
394,2e-07,0.0008632,0.0229519,0.0381787,0.04299,0.0268032,0.0879245,0.0885905,0.0512937,0.0603206,0.0642111,0.0048829,
395,2e-07,0.0018004,0.0236947,0.026107,0.0728601,0.0477414,0.0979651,0.110862,0.0637418,0.0827767,0.0527522,0.0625874,
396,2e-07,0.0017996,0.0228579,0.0420067,0.0573876,0.0662085,0.0783936,0.1235555,0.0735666,0.116235,0.0436566,0.0749813,
397,2e-07,0.0008596,0.0411918,0.0607998,0.0675233,0.0749373,0.0931024,0.1236436,0.0946783,0.0975771,0.0453613,0.0660465,
398,2e-07,0.0025335,0.0256163,0.0509744,0.0977565,0.0806046,0.1497581,0.103168,0.1176639,0.1198346,0.0466379,0.0789377,
399,2e-07,0.0063553,0.0276806,0.1207446,0.1072265,0.0955336,0.1012713,0.1188677,0.1187262,0.1093946,0.0456771,0.0698274,
400,1e-07,0.0009378,0.0293972,0.0595855,0.128936,0.0639581,0.0704616,0.117371,0.0878302,0.1024904,0.0655878,0.0575055,
401,1e-07,0.0033918,0.0337447,0.0623202,0.0912709,0.0278183,0.0232324,0.0364755,0.0771044,0.0974075,0.0825757,0.0455535,
402,1e-07,0.0025256,0.0055032,0.1228336,0.0777841,0.0449275,0.036214,0.0631968,0.1736057,0.0937505,0.0847076,0.0669629,
403,1e-07,0.0027764,0.0178235,0.0712706,0.0914496,0.0537089,0.0262189,0.0596795,0.0877244,0.0760732,0.0946888,0.0252709,
404,1e-07,0.0024089,0.0037809,0.0416884,0.0840559,0.0847177,0.0503204,0.0429849,0.1328316,0.0815016,0.0600029,0.0360418,
405,1e-07,0.0017173,0.0095045,0.0595789,0.0989257,0.0455768,0.0282997,0.0620389,0.1155041,0.0554541,0.0445474,0.0510929,
406,1e-07,0.0034023,0.0157632,0.0711328,0.094613,0.0443477,0.0674881,0.0492184,0.0888565,0.0642406,0.0338671,0.0723906,
407,1e-07,0.0015112,0.0221873,0.0859227,0.0963783,0.074645,0.0740547,0.0668488,0.0806522,0.0733486,0.0345395,0.079946,
408,1e-07,0.0027813,0.0179314,0.0608377,0.1068696,0.0679297,0.0500954,0.0436316,0.0806962,0.0430947,0.0653755,0.068906,
409,2e-07,0.0026268,0.0301363,0.0840512,0.0785029,0.0301321,0.0618469,0.0350544,0.0627195,0.0485597,0.0803385,0.0703337,
410,2e-07,0.0024066,0.0244292,0.0349826,0.0538244,0.0207806,0.0351143,0.0296126,0.0273881,0.0612672,0.0727695,0.064426,
411,2e-07,0.0023186,0.0108945,0.0207966,0.0487444,0.0248638,0.0558835,0.0509398,0.0667936,0.0332722,0.0794468,0.091955,
412,2e-07,0.0024062,0.0428786,0.0444291,0.0567135,0.0461264,0.0633238,0.0179608,0.0416351,0.0437186,0.105317,0.0863579,
413,2e-07,0.0085214,0.0371156,0.0445091,0.0628672,0.035296,0.079268,0.0142584,0.0166598,0.0373044,0.0862975,0.0785919,
414,2e-07,0.0030404,0.0188008,0.0337503,0.0591677,0.0266524,0.0413681,0.0416394,0.0628558,0.0390521,0.0481409,0.0631841,
415,1e-07,0.0024062,0.0149116,0.0211169,0.042912,0.0343613,0.0535432,0.047631,0.0432164,0.0846931,0.0959086,0.0749082,
416,1e-07,0.0015222,0.0191714,0.0333959,0.0229694,0.0186309,0.0365313,0.0481136,0.0532996,0.0207613,0.0680892,0.0660695,
417,1e-07,0.0013975,0.0169098,0.0389911,0.0253473,0.0343568,0.0364023,0.0218806,0.0411516,0.034085,0.0405465,0.0690579,
418,1e-07,0.0014457,0.0220625,0.0376533,0.0230199,0.0393945,0.0301591,0.0243126,0.0547224,0.0391179,0.0438918,0.0588824,
419,1e-07,0.0019106,0.0167398,0.0370678,0.0295409,0.0312611,0.052943,0.0215016,0.0574137,0.0443739,0.0424043,0.04766,
420,1e-07,0.0009057,0.0058448,0.022398,0.0476196,0.0412311,0.0286823,0.017739,0.0571423,0.0497048,0.0631298,0.0526684,
421,1e-07,0.0009155,0.003359,0.0376216,0.0485406,0.0359639,0.0346881,0.0465421,0.0456067,0.0281528,0.0686962,0.0530164,
422,1e-07,0.0006255,0.0036554,0.0446431,0.0631704,0.0263352,0.0632952,0.0385221,0.05845,0.049892,0.0538867,0.0455071,
423,1e-07,0.0014279,0.0077878,0.0774598,0.062486,0.0361552,0.0812749,0.0102938,0.0667789,0.0320601,0.0869021,0.0231015,
424,1e-07,0.0011236,0.017912,0.0721494,0.0814893,0.0085536,0.0666344,0.0475853,0.0657296,0.0419956,0.079523,0.061007,
425,1e-07,0.0023247,0.0256495,0.0557626,0.0564901,0.0302364,0.0431915,0.047232,0.0418614,0.0729945,0.1138529,0.1120359,
426,1e-07,0.0008805,0.0322514,0.044075,0.0586595,0.0501417,0.0902765,0.0345071,0.0275752,0.0581907,0.1367777,0.0541979,
427,1e-07,0.0008587,0.0094749,0.0292706,0.0790094,0.0356759,0.054575,0.0244745,0.053925,0.0603256,0.1145194,0.0761871,
428,1e-07,0.00141,0.0100425,0.0542055,0.0907474,0.0390804,0.0625821,0.0327108,0.0492123,0.0524065,0.054281,0.0572222,
429,1e-07,0.0006243,0.0198961,0.0270759,0.0400283,0.0431573,0.0498288,0.047787,0.0197243,0.0478618,0.0345872,0.0597171,
430,0.0,0.0022583,0.0092336,0.0279398,0.0283118,0.0545694,0.0881692,0.0655506,0.0500588,0.0444428,0.0673618,0.0659038,
431,0.0,0.0015093,0.0131579,0.0243431,0.024749,0.0405162,0.0759185,0.0472941,0.0830529,0.0478751,0.0740869,0.0651868,
432,0.0,0.0014409,0.0067024,0.0235706,0.020148,0.020972,0.0427184,0.0326605,0.0582868,0.0865034,0.0687201,0.0749177,
433,1e-07,0.0009015,0.0076895,0.0618856,0.0241985,0.0587884,0.0606185,0.041141,0.0352805,0.0432654,0.0508829,0.0591013,
434,1e-07,0.0017684,0.0129813,0.0237914,0.0536657,0.0356333,0.0628797,0.0691565,0.0562778,0.07629,0.0338796,0.1164839,
435,1e-07,0.0006975,0.0205249,0.0197355,0.0337537,0.0204205,0.030045,0.0474968,0.0559743,0.0518962,0.0424598,0.1086272,
436,1e-07,0.0015074,0.0010926,0.0452066,0.0442559,0.0139687,0.0500149,0.0528457,0.0590516,0.0193355,0.0450638,0.0693025,
437,2e-07,0.0008543,0.0109184,0.0477264,0.0396616,0.0298349,0.0481672,0.077645,0.0603853,0.0249577,0.05374,0.0636958,
438,2e-07,0.0013939,0.0151363,0.0450446,0.051906,0.0456864,0.0358493,0.070506,0.1017798,0.0413858,0.0947568,0.0644778,
439,2e-07,0.0027989,0.0289063,0.0238802,0.0474052,0.0324844,0.0328909,0.0373324,0.1122963,0.0816296,0.0632008,0.0699906,
440,2e-07,0.0037526,0.0175433,0.0428128,0.0485033,0.0276661,0.0474123,0.0186923,0.0827871,0.0940298,0.0445061,0.0680503,
441,2e-07,0.0028148,0.030327,0.0446924,0.0313711,0.0383019,0.0219533,0.045382,0.075136,0.0974632,0.0336969,0.0535039,
442,1e-07,0.00197,0.0250508,0.0476763,0.0383943,0.0318309,0.0507377,0.0241649,0.0758574,0.0416328,0.0204821,0.0920517,
443,1e-07,0.0019214,0.0225011,0.0401302,0.0619423,0.0272732,0.0414799,0.0281599,0.077617,0.0627243,0.0601024,0.0825365,
444,1e-07,0.0024397,0.0293975,0.0352124,0.1005321,0.0288242,0.0450822,0.0308471,0.0781257,0.0690287,0.056319,0.1232192,
445,1e-07,0.0006967,0.0153155,0.0271802,0.0752281,0.0360934,0.0570927,0.0491284,0.0518463,0.0614772,0.0601318,0.0747569,
446,1e-07,0.0011233,0.0153914,0.0106982,0.0528052,0.0307427,0.0615508,0.0288095,0.056582,0.0391266,0.0889016,0.0756247,
447,1e-07,0.0009221,0.0088866,0.0636684,0.0680917,0.0565766,0.0600793,0.0583142,0.0530743,0.0631474,0.0905705,0.0698061,
448,2e-07,0.0015559,0.0044627,0.054496,0.0928443,0.0716119,0.0716472,0.0996378,0.0542585,0.1372796,0.0955634,0.077939,
449,2e-07,0.0014195,0.012796,0.0554679,0.0500001,0.0529606,0.0563148,0.0795247,0.0531468,0.0618826,0.1645517,0.0859802,
450,1e-07,0.0008682,0.0100862,0.0294806,0.0737569,0.0403026,0.050618,0.0585121,0.0307539,0.0537381,0.104406,0.1027099,
451,2e-07,0.0008939,0.0081225,0.0443085,0.0631227,0.0101982,0.018892,0.0608725,0.0695436,0.0535241,0.053042,0.0529935,
452,2e-07,0.0008655,0.0114661,0.0190595,0.0467648,0.0115875,0.0495646,0.0441533,0.0387996,0.0526825,0.0377966,0.0182254,
453,1e-07,0.001622,0.0122393,0.0308001,0.0542401,0.01087,0.0482785,0.0267258,0.0528281,0.0639309,0.069838,0.0497067,
454,1e-07,0.0018658,0.0161194,0.0221986,0.051675,0.0423396,0.0512349,0.0299581,0.0396244,0.081866,0.0721468,0.068957,
455,1e-07,0.0010703,0.0254461,0.0457362,0.0468112,0.0503683,0.0507166,0.0385345,0.0321764,0.0355975,0.0284096,0.0437356,
456,1e-07,0.0017394,0.0045258,0.0430263,0.0374149,0.0417198,0.0828129,0.0200907,0.0370984,0.0380508,0.0618563,0.041442,
457,1e-07,0.0021,0.0171354,0.0444956,0.0577305,0.0719826,0.0350275,0.0218813,0.064503,0.0578518,0.0138605,0.0383072,
458,1e-07,0.0028492,0.0321117,0.0230622,0.0656084,0.0770356,0.0414849,0.0179784,0.0529104,0.0349955,0.0519408,0.0464691,
459,1e-07,0.0037606,0.0239377,0.0341683,0.0703362,0.0465971,0.063277,0.0254161,0.0693847,0.0241655,0.0998641,0.0565088,
460,0.0,0.0073692,0.0481302,0.0468723,0.0330651,0.0499392,0.05594,0.0319014,0.0708631,0.0336764,0.122216,0.093159,
461,0.0,0.0017623,0.0292896,0.0543616,0.0633141,0.0645787,0.0840079,0.0825353,0.0739418,0.0801183,0.115097,0.0877712,
462,1e-07,0.0009031,0.0249987,0.062115,0.0595896,0.0655242,0.0955242,0.0162302,0.0955251,0.0591259,0.1028708,0.0829038,
463,1e-07,0.0009026,0.0074935,0.0516425,0.0500689,0.0576769,0.0432562,0.0528704,0.0926095,0.0504883,0.0263963,0.049251,
464,1e-07,0.0029078,0.0020156,0.0712885,0.0905746,0.063328,0.0466176,0.0410667,0.0834663,0.0726028,0.0317172,0.063011,
465,1e-07,0.0015512,0.0203609,0.0435204,0.1200402,0.0178956,0.0983961,0.0156861,0.0455594,0.0405715,0.0897979,0.0736681,
466,1e-07,0.0009092,0.0188257,0.0242893,0.0824805,0.0450078,0.0991802,0.0513359,0.0390481,0.0282713,0.0864971,0.0641796,
467,2e-07,0.0017495,0.0114267,0.0098914,0.0458166,0.0149847,0.0469917,0.0508266,0.047574,0.0546324,0.0547851,0.0555503,
468,2e-07,0.000956,0.0135388,0.0315034,0.0329135,0.0176886,0.0418135,0.0722477,0.0234526,0.0537139,0.04094,0.0631437,
469,2e-07,0.0015166,0.0196614,0.0298184,0.0570993,0.0199012,0.0329865,0.0702658,0.0177336,0.0468176,0.036548,0.0345983,
470,2e-07,0.0020618,0.0199236,0.0361534,0.0439942,0.0331808,0.0824986,0.0736202,0.0127522,0.0524223,0.0266611,0.042822,
471,2e-07,0.000874,0.0201814,0.01344,0.0386726,0.0328031,0.0811114,0.1022893,0.057082,0.0559536,0.0190718,0.0414072,
472,2e-07,0.0009077,0.0118536,0.0119621,0.0904605,0.06738,0.1016735,0.0875479,0.0540463,0.1338846,0.0481139,0.0703587,
473,2e-07,0.0009114,0.0245188,0.0286942,0.0714595,0.0730855,0.0933575,0.0674799,0.0473679,0.1446952,0.0209168,0.0647268,
474,2e-07,0.000881,0.0231871,0.0338649,0.0403361,0.0618496,0.1192521,0.0760287,0.0383944,0.1193988,0.0274948,0.1156623,
475,2e-07,0.0023536,0.0132122,0.0368328,0.0286121,0.0715602,0.1074456,0.0485351,0.1025123,0.098917,0.0656722,0.1104068,
476,2e-07,0.0032284,0.0445126,0.031752,0.0706045,0.0276524,0.1217717,0.0078141,0.089888,0.1614891,0.0762655,0.0911985,
477,2e-07,0.0016997,0.0218856,0.040676,0.0498413,0.0488004,0.0629258,0.0761143,0.0612464,0.1156776,0.0494505,0.0500279,
478,2e-07,0.0006883,0.008874,0.0233348,0.0154842,0.0420178,0.0269562,0.0659076,0.033552,0.081038,0.0307808,0.0407299,
479,2e-07,0.0008668,0.0069014,0.0380536,0.0326382,0.0517486,0.0276621,0.0479332,0.0465274,0.0743986,0.057628,0.0243299,
480,2e-07,0.0010843,0.0190206,0.039817,0.0216158,0.0411904,0.0284517,0.0489708,0.0828858,0.070278,0.0424913,0.0262822,
481,2e-07,0.0018748,0.0292733,0.0168388,0.0210007,0.0432005,0.0570766,0.0432906,0.0239534,0.0578396,0.0515029,0.0493728,
482,2e-07,0.001516,0.0156057,0.0109112,0.0132612,0.0559189,0.0715175,0.0625351,0.0452291,0.0532779,0.0471089,0.0655073,
483,2e-07,0.0006272,0.0136874,0.0520854,0.0463428,0.0876693,0.0686035,0.0959648,0.0316604,0.0505654,0.0538367,0.0528519,
484,2e-07,0.0011216,0.005915,0.0670784,0.0490362,0.065123,0.0276227,0.1056446,0.0846939,0.0737842,0.0372377,0.0858671,
485,2e-07,0.0010801,0.0048693,0.0780149,0.0109741,0.0609657,0.039821,0.0627869,0.0852409,0.0741997,0.0090816,0.0392025,
486,2e-07,0.0017569,0.0287647,0.0300628,0.0291871,0.0434053,0.070124,0.0433048,0.0201646,0.0823347,0.0700562,0.0692031,
487,2e-07,0.0046448,0.0277335,0.0250074,0.0773062,0.0346461,0.0574287,0.0269187,0.0148656,0.0611899,0.0562939,0.1101122,
488,2e-07,0.0030839,0.0364484,0.0225799,0.0776835,0.0164461,0.0622222,0.0375344,0.0692968,0.0483132,0.0385755,0.1075339,
489,2e-07,0.003557,0.0299006,0.0409518,0.0612308,0.0402427,0.0779395,0.0610761,0.1249924,0.0822635,0.047809,0.0834838,
490,2e-07,0.002856,0.0124214,0.0812681,0.0695375,0.0488287,0.0286934,0.0200149,0.0659065,0.0894917,0.1150148,0.0677813,
491,2e-07,0.002292,0.0268681,0.0039673,0.0453616,0.0490441,0.0703309,0.0682077,0.1207104,0.0604892,0.0737775,0.0989277,
492,2e-07,0.0006301,0.0093823,0.0159317,0.0588087,0.0513275,0.0693148,0.0855603,0.1073706,0.0675736,0.0646137,0.1195297,
493,2e-07,0.0009027,0.0200967,0.0403955,0.0504931,0.0205601,0.0343214,0.0840184,0.0728632,0.0649233,0.0222211,0.1188816,
494,5e-07,0.0006809,0.0229509,0.0637612,0.0514179,0.0231471,0.0404166,0.139774,0.0741714,0.0820862,0.08468,0.15656,
495,5e-07,0.0028546,0.0420533,0.0622285,0.0551336,0.053153,0.0237232,0.1619735,0.1188056,0.0916961,0.0617699,0.2993943,
496,5e-07,0.0015606,0.0331361,0.0743587,0.0341795,0.051637,0.028665,0.0940111,0.1470395,0.089157,0.0465054,0.3689575,
497,2e-07,0.0028832,0.0311175,0.0875443,0.0446659,0.0972319,0.0576018,0.1024345,0.1614597,0.0670518,0.1105274,0.4184943,
498,2e-07,0.0024395,0.0286227,0.0394557,0.0619327,0.0525254,0.0612307,0.0714709,0.1297208,0.0773692,0.0533372,0.102863,
499,2e-07,0.0011046,0.0235967,0.0491416,0.0428402,0.0664789,0.0459231,0.0869545,0.1873767,0.1239584,0.0750818,0.092043,
500,2e-07,0.0006354,0.0277233,0.0693606,0.0482222,0.0629525,0.0402263,0.0411474,0.0917716,0.0841452,0.0595438,0.0539615,
501,2e-07,0.0020339,0.0207159,0.042007,0.0571351,0.0506623,0.0312877,0.0648643,0.1041938,0.1656598,0.085952,0.0268723,
502,2e-07,0.0023281,0.0407994,0.0187068,0.0735478,0.0336014,0.0602531,0.0522155,0.090118,0.1133072,0.0739157,0.1020682,
503,2e-07,0.0018849,0.0147197,0.0422404,0.0638989,0.1039806,0.0423521,0.1083454,0.0817019,0.1156944,0.0804357,0.1015137,
504,2e-07,0.0030567,0.0258974,0.0396528,0.0598685,0.0756924,0.0534433,0.121954,0.0646741,0.0250168,0.0641566,0.0721347,
505,1e-07,0.0009679,0.0274614,0.0250784,0.0493319,0.0356426,0.0582242,0.1237559,0.0636087,0.0318535,0.0590846,0.056874,
506,1e-07,0.0008467,0.0037691,0.0658649,0.0498592,0.0383163,0.0110257,0.0908572,0.0572442,0.082405,0.0799165,0.0625958,
507,1e-07,0.0008755,0.0220101,0.0805653,0.0437599,0.0555576,0.017511,0.0615063,0.0600028,0.0891154,0.0589097,0.0359817,
508,1e-07,0.0008358,0.0283517,0.0541896,0.0561009,0.04068,0.0243361,0.0774779,0.0623071,0.0421817,0.0464979,0.1086806,
509,1e-07,0.0010827,0.0223315,0.0401152,0.0446703,0.0311354,0.0379444,0.0271677,0.0551931,0.0385057,0.0419202,0.1177724,
510,1e-07,0.0018625,0.0236493,0.0557483,0.0604489,0.0372799,0.0459187,0.0545725,0.0638336,0.033309,0.0423456,0.0743567,
511,1e-07,0.0018392,0.0147044,0.047341,0.0536555,0.0382644,0.0514157,0.0765636,0.0415752,0.0652496,0.0552099,0.0868177,
512,0.0,0.0014618,0.0166831,0.0472155,0.0329244,0.0482286,0.0856845,0.0512341,0.0520971,0.0398048,0.0533232,0.0869771,
513,0.0,0.0029799,0.0124338,0.0520968,0.0402603,0.0378293,0.0799054,0.0225835,0.0261136,0.0312812,0.0795619,0.0726653,
514,0.0,0.003097,0.0256226,0.0444326,0.053757,0.0655193,0.0790975,0.0359574,0.0731276,0.0224756,0.093854,0.0519385,
515,0.0,0.0073099,0.0260024,0.0206126,0.0608062,0.0350253,0.0799824,0.0351725,0.0798733,0.0156462,0.0631687,0.0858273,
516,1e-07,0.0046857,0.0115145,0.0322407,0.055298,0.0643464,0.083242,0.027202,0.0690112,0.0083063,0.0572316,0.0847576,
517,1e-07,0.0019286,0.0226381,0.0379543,0.0681708,0.0694003,0.0583167,0.026697,0.0191301,0.0388804,0.0788421,0.0705236,
518,1e-07,0.0130218,0.0399328,0.0581534,0.0676939,0.0643622,0.0891393,0.0373528,0.037648,0.0408005,0.0600116,0.064923,
519,1e-07,0.0325127,0.054435,0.0581607,0.0721667,0.0446729,0.1182003,0.0520925,0.0476756,0.0641113,0.0921413,0.0772345,
520,1e-07,0.0283162,0.0535945,0.0558322,0.0476259,0.1025797,0.0928436,0.0583474,0.0348577,0.0608878,0.1025801,0.1125562,
521,1e-07,0.0103688,0.0572938,0.0469475,0.0834574,0.2339418,0.0870062,0.1181768,0.1199701,0.0511224,0.11672,0.1635821,
522,1e-07,0.0039563,0.0435081,0.0652542,0.0604464,0.0734468,0.113966,0.1081463,0.0561895,0.0851377,0.1414245,0.0325652,
523,1e-07,0.0077513,0.0193435,0.0423073,0.0707085,0.0998362,0.1146823,0.1073045,0.0339118,0.0610543,0.1098784,0.0898745,
524,1e-07,0.0074378,0.0133088,0.0527515,0.0965582,0.0818357,0.1047695,0.1226686,0.0377249,0.0295384,0.1608074,0.1422477,
525,1e-07,0.0057251,0.0254505,0.0456742,0.0897943,0.088215,0.0633398,0.1309205,0.0476271,0.0511937,0.145055,0.0719257,
526,1e-07,0.0008239,0.0197844,0.0537117,0.0908987,0.058617,0.0996945,0.09847,0.0284745,0.078,0.1394832,0.0790652,
527,0.0,0.0008251,0.014989,0.033086,0.082036,0.064981,0.1087372,0.0840702,0.0572051,0.1572264,0.23386,0.0404177,
528,0.0,0.0018544,0.0251357,0.0629685,0.1500374,0.0883579,0.1311084,0.1423412,0.0957813,0.2183944,0.3313635,0.0995381,
529,0.0,0.0045719,0.0353222,0.0114378,0.1317368,0.094198,0.1388471,0.1434211,0.1037173,0.0578117,0.2786678,0.2343185,
530,0.0,0.0064411,0.0323041,0.0684608,0.1114874,0.0734654,0.1149614,0.1581423,0.1031321,0.1193202,0.2786789,0.1813258,
531,1e-07,0.0028443,0.0438322,0.0643868,0.1131509,0.0908315,0.0417472,0.1334344,0.0721156,0.1317264,0.0821886,0.0749994,
532,1e-07,0.0038349,0.0166742,0.0498469,0.0963241,0.0794168,0.0249628,0.1209821,0.0616677,0.0996617,0.0685851,0.0934909,
533,1e-07,0.001918,0.0208118,0.0610515,0.0510987,0.0551668,0.0982209,0.1378675,0.1137193,0.0573678,0.0513281,0.0898732,
534,1e-07,0.000854,0.0460768,0.0499154,0.0744329,0.1034879,0.1070603,0.1125239,0.0469561,0.1274334,0.0881769,0.0542347,
535,1e-07,0.0026755,0.046224,0.0708602,0.064052,0.1100772,0.0397598,0.0744663,0.0717709,0.1456809,0.0801362,0.044939,
536,1e-07,0.0015775,0.0245348,0.0714859,0.0693747,0.0616385,0.0255234,0.0945835,0.1235657,0.1166217,0.0523918,0.0604217,
537,2e-07,0.0023262,0.0290189,0.0661163,0.0504543,0.0545209,0.029648,0.0715262,0.0742565,0.0850423,0.0595453,0.0579426,
538,2e-07,0.0011181,0.0257746,0.0689782,0.052115,0.077965,0.0454793,0.0778416,0.1004452,0.09135,0.0702396,0.0913299,
539,1e-07,0.0031315,0.0228563,0.0612931,0.0623444,0.0784505,0.0205039,0.078674,0.1100011,0.1000385,0.0724775,0.0812979,
540,1e-07,0.001627,0.0221094,0.0769925,0.1067148,0.1048699,0.0548875,0.0917023,0.0738413,0.0806789,0.0769876,0.0787539,
541,2e-07,0.00372,0.0318834,0.0848817,0.0940245,0.0929808,0.0322218,0.085449,0.0610798,0.0510388,0.1140509,0.1240771,
542,2e-07,0.0032845,0.0248221,0.0805874,0.0780168,0.0811585,0.0763635,0.0818185,0.0291051,0.0702586,0.1083936,0.0954439,
543,1e-07,0.001997,0.0286792,0.0844591,0.0580637,0.0829404,0.0528722,0.0149756,0.0492057,0.09466,0.079458,0.0715983,
544,2e-07,0.0037726,0.0696086,0.0919439,0.0688248,0.1036722,0.0636406,0.0518233,0.0732273,0.0604485,0.1109712,0.0778672,
545,1e-07,0.0018756,0.0416218,0.0515162,0.0432004,0.0532955,0.0414798,0.0807429,0.0726946,0.0675193,0.0944867,0.045441,
546,2e-07,0.001778,0.0303434,0.0623031,0.0337193,0.0588075,0.0336152,0.070697,0.0701998,0.0783929,0.0549377,0.1236559,
547,2e-07,0.0014563,0.0277735,0.0452656,0.087504,0.0733843,0.0506475,0.0835062,0.0714863,0.0637579,0.055718,0.0661675,
548,1e-07,0.0011163,0.0225924,0.0248872,0.062267,0.1018508,0.0670452,0.0818828,0.0901126,0.084707,0.0397408,0.0601469,
549,1e-07,0.0054047,0.0219299,0.0736692,0.0523513,0.1936039,0.0619174,0.1252185,0.1140487,0.0863228,0.0885587,0.1054291,
550,1e-07,0.0051877,0.0199046,0.0786391,0.0334243,0.1933963,0.0148347,0.150784,0.0976896,0.0777031,0.083433,0.1214463,
551,1e-07,0.003086,0.007676,0.0832576,0.0540752,0.1826224,0.057546,0.1426993,0.1103096,0.0485884,0.0753141,0.0452029,
552,1e-07,0.0016183,0.0427943,0.1059115,0.0574894,0.1721159,0.0554214,0.1077387,0.1606012,0.1257018,0.0817214,0.0997699,
553,1e-07,0.0028047,0.0291693,0.092466,0.0761267,0.1487855,0.0431725,0.1024246,0.160178,0.1120033,0.0888526,0.1297039,
554,1e-07,0.0032375,0.0336478,0.0425115,0.0597902,0.0647306,0.0286873,0.030368,0.1124514,0.1011267,0.074351,0.1040963,
555,1e-07,0.0040314,0.0362839,0.0181455,0.0318896,0.0655342,0.0745723,0.0475074,0.1031002,0.1075014,0.0913883,0.1004968,
556,0.0,0.0031699,0.0138406,0.0583028,0.0500521,0.0361068,0.0632217,0.0521274,0.0709962,0.0405932,0.0725203,0.0814278,
557,0.0,0.0084062,0.0229013,0.090536,0.0696899,0.0580646,0.0651701,0.0306422,0.0609719,0.1131338,0.1285549,0.1632198,
558,0.0,0.0089402,0.0131716,0.0772108,0.1158137,0.0908735,0.0809521,0.023506,0.0731112,0.1086007,0.0408472,0.1292775,
559,0.0,0.0109159,0.0208033,0.0270172,0.1183158,0.0698306,0.0636091,0.0452635,0.0899941,0.0805796,0.0376007,0.085587,
560,0.0,0.0068638,0.0306057,0.0402668,0.1069223,0.1148875,0.0471268,0.043109,0.0702142,0.0785945,0.1559622,0.0827693,
561,1e-07,0.014058,0.039325,0.0405966,0.1602581,0.1597706,0.0662013,0.0596075,0.0859238,0.0547899,0.1925934,0.0377689,
562,1e-07,0.0047656,0.0516518,0.0525904,0.1457742,0.1528947,0.0567998,0.0369298,0.0883826,0.1013016,0.14122,0.0264865,
563,1e-07,0.0063013,0.019714,0.0632492,0.1519273,0.160777,0.0267522,0.0231409,0.1124664,0.0824986,0.1422746,0.0233438,
564,1e-07,0.0091245,0.0338073,0.065765,0.0748991,0.1458512,0.0555606,0.0727391,0.0329137,0.1471156,0.0979267,0.0877419,
565,1e-07,0.0081496,0.0296732,0.048554,0.0655914,0.1319731,0.0536144,0.1107852,0.0333729,0.1070714,0.0969953,0.0891772,
566,0.0,0.002447,0.0248818,0.0647819,0.0481096,0.0815846,0.0752656,0.1107082,0.0362888,0.0499019,0.0981565,0.1468385,
567,0.0,0.0018668,0.0335237,0.057378,0.0290145,0.0584423,0.0627354,0.0872364,0.066426,0.0618667,0.1064129,0.1592655,
568,1e-07,0.0020676,0.0261602,0.0770258,0.0431605,0.0537304,0.0291361,0.0961792,0.0683566,0.086105,0.1416902,0.130943,
569,0.0,0.0026114,0.0360942,0.0785342,0.0509469,0.0622785,0.0500036,0.0874403,0.0659901,0.0791424,0.0681694,0.1358197,
570,0.0,0.0023544,0.0175493,0.026609,0.0597671,0.077548,0.0299224,0.0630188,0.0698471,0.073543,0.0689484,0.107919,
571,1e-07,0.0039769,0.0262866,0.0419865,0.0318331,0.0716451,0.0673921,0.091151,0.0840949,0.1011062,0.0948623,0.147993,
572,0.0,0.0023338,0.007693,0.0600362,0.0976143,0.069095,0.1133186,0.0881964,0.0675317,0.0919071,0.096047,0.143507,
573,0.0,0.0026877,0.0239601,0.029245,0.086404,0.1069346,0.0925709,0.0492099,0.0642579,0.0797793,0.0928887,0.1517588,
574,1e-07,0.0006469,0.0099048,0.028148,0.0395275,0.1103221,0.0768755,0.0493552,0.073624,0.0560642,0.0842921,0.1071518,
575,1e-07,0.0023474,0.020715,0.0624145,0.0348266,0.1003036,0.0955357,0.058943,0.0730263,0.0900439,0.1211001,0.0733412,
576,0.0,0.0032414,0.0204394,0.0602531,0.0485456,0.1276145,0.0912947,0.1122549,0.0534716,0.0813931,0.1004196,0.1146177,
577,0.0,0.0026673,0.0242653,0.0411987,0.0401375,0.1137824,0.0769188,0.0756028,0.0350022,0.0672753,0.0958567,0.1421116,
578,1e-07,0.0024131,0.0249363,0.064225,0.0432774,0.0767381,0.0535042,0.0532596,0.036329,0.0585945,0.0826426,0.1024395,
579,1e-07,0.0023829,0.0258448,0.051049,0.0235204,0.0964809,0.0662931,0.0486073,0.0839132,0.0336498,0.1276506,0.0390752,
580,0.0,0.0014582,0.0169717,0.0773207,0.0151327,0.0819931,0.1029705,0.0721115,0.0513254,0.1116469,0.1500682,0.0929667,
581,0.0,0.00563,0.0399442,0.1129285,0.0554623,0.0789346,0.08451,0.0884773,0.0531097,0.0756122,0.1824409,0.1284142,
582,0.0,0.0015064,0.0352464,0.0991588,0.0705036,0.1024787,0.0798931,0.0628462,0.0738062,0.1010986,0.1603857,0.181493,
583,0.0,0.0140164,0.0150045,0.094923,0.0989984,0.1118998,0.1273047,0.0473542,0.1194552,0.0895063,0.2042543,0.2430621,
584,1e-07,0.0108345,0.025171,0.072853,0.1967221,0.1916343,0.3003359,0.1047694,0.1021947,0.0754215,0.1716499,0.0765818,
585,1e-07,0.0064211,0.0312202,0.039012,0.0675883,0.1160098,0.1310238,0.0868742,0.047232,0.0721526,0.1312873,0.0800039,
586,1e-07,0.0086325,0.0357436,0.0583961,0.029188,0.0951125,0.0919763,0.1003407,0.0292631,0.042046,0.0926219,0.0877457,
587,1e-07,0.0087963,0.0211796,0.0334561,0.0339448,0.0959539,0.1067438,0.0793516,0.0666978,0.0405226,0.1045456,0.0707414,
588,1e-07,0.0161518,0.0463776,0.058744,0.0292382,0.0999289,0.1177447,0.1320651,0.067383,0.0449078,0.1234947,0.10982,
589,1e-07,0.0095584,0.0391032,0.0519157,0.0704321,0.1380939,0.0665806,0.2134398,0.0953703,0.0449902,0.0787638,0.1769007,
590,0.0,0.0021306,0.021528,0.0318167,0.0780881,0.1116739,0.0422962,0.1352302,0.0807445,0.0218508,0.0119963,0.1392309,
591,0.0,0.0023371,0.0349548,0.0324364,0.1002093,0.1084516,0.0609227,0.0719974,0.0832822,0.0463363,0.0290477,0.1333966,
592,0.0,0.0057762,0.0276608,0.1055448,0.1070957,0.0845131,0.0383038,0.097703,0.0554031,0.0561458,0.0267245,0.0845266,
593,0.0,0.0048066,0.0462254,0.0804658,0.1039915,0.0540691,0.0237849,0.1127957,0.0634166,0.0684956,0.048028,0.0616682,
594,1e-07,0.0057726,0.0300042,0.0192879,0.1124193,0.0381036,0.0226014,0.0821851,0.0484626,0.0876292,0.0483495,0.0748794,
595,1e-07,0.003789,0.0251092,0.0105949,0.073258,0.0270254,0.0382304,0.0374118,0.062254,0.0623166,0.0277358,0.0888957,
596,1e-07,0.0019044,0.0144863,0.0403448,0.0367132,0.0188034,0.0613863,0.0314408,0.0563262,0.0302527,0.0328122,0.0726129,
597,1e-07,0.0033199,0.0148699,0.0303224,0.0359894,0.0290282,0.0492656,0.0275164,0.0299365,0.0341729,0.0435719,0.0890687,
598,1e-07,0.0014926,0.0199293,0.030446,0.0190187,0.0104108,0.0184453,0.0310252,0.0210571,0.0795999,0.0609947,0.0961975,
599,0.0,0.0031459,0.0111076,0.0287621,0.0525482,0.026854,0.0483044,0.0608469,0.047978,0.0588825,0.0612549,0.1120273,
600,0.0,0.0017527,0.0270785,0.0193119,0.0557431,0.0465838,0.0574216,0.0476866,0.0488527,0.0754838,0.0467225,0.1266965,
601,0.0,0.0045591,0.0287454,0.0351261,0.0331646,0.0630133,0.0510699,0.058449,0.0598041,0.0492118,0.0338144,0.1115657,
602,0.0,0.0064726,0.0267246,0.0130195,0.0379507,0.0382575,0.0599602,0.0335623,0.0609918,0.0477696,0.0369297,0.087958,
603,0.0,0.0101057,0.0171632,0.0056458,0.0353551,0.0587649,0.0591716,0.0401827,0.0602896,0.0457506,0.0612454,0.0821613,
604,0.0,0.0116756,0.0142243,0.0326119,0.0287788,0.0750512,0.0445819,0.0462125,0.0521019,0.0860817,0.0599547,0.0763474,
605,1e-07,0.0056201,0.0313319,0.0299295,0.0237073,0.0730433,0.0773605,0.0610358,0.02888,0.0660547,0.0746057,0.0707452,
606,1e-07,0.0087737,0.0144908,0.0206434,0.0484913,0.0904749,0.0485869,0.0736141,0.0594958,0.0749846,0.0729385,0.0816915,
607,1e-07,0.0132151,0.0336568,0.0365112,0.0381514,0.0836293,0.0344346,0.0628037,0.0785462,0.0579121,0.0906791,0.08818,
608,1e-07,0.0149834,0.039473,0.0394108,0.0435653,0.0806309,0.0126567,0.0483976,0.0783333,0.0848409,0.083705,0.1058736,
609,1e-07,0.0118981,0.0638898,0.0664925,0.0729213,0.0858863,0.0216677,0.0543071,0.0393644,0.0891153,0.1396324,0.0539798,
610,1e-07,0.0065497,0.0344013,0.0410352,0.0767896,0.0660217,0.0513433,0.059125,0.1109947,0.0817115,0.1982891,0.0399994,
611,0.0,0.0129154,0.0175901,0.0244845,0.0576421,0.0198526,0.0681707,0.0483466,0.0737772,0.0671572,0.1465052,0.0629763,
612,0.0,0.0218909,0.0098528,0.051294,0.0097118,0.0408,0.0318084,0.0968873,0.0655435,0.0427299,0.1532037,0.1229369,
