#Time_ps,0,0.5,1,2,3,5,10,20,30,50,100,200,
1,0.0,0.0014866,0.0110813,0.0939626,0.1007571,0.0321357,0.0370955,0.0471802,0.1303833,0.0494955,0.0765592,0.0677484,
2,0.0,0.0019854,0.0198253,0.0935508,0.0730425,0.042222,0.0511727,0.0650412,0.1006092,0.0757183,0.1188774,0.0646212,
3,0.0,0.0034896,0.0130801,0.0691897,0.0416317,0.00765,0.0441094,0.0515447,0.0873388,0.0535779,0.1146577,0.0890823,
4,0.0,0.0067124,0.01129,0.0531358,0.0419262,0.0205723,0.0183886,0.0433155,0.0271381,0.0482747,0.0638059,0.0743558,
5,0.0,0.0024051,0.0135793,0.0415927,0.0274527,0.0317805,0.0209973,0.0266241,0.0225281,0.0671981,0.0805124,0.057903,
6,0.0,0.004,0.0144763,0.0303749,0.0275662,0.044005,0.0660989,0.0218103,0.0272452,0.0323669,0.0310554,0.0178089,
7,0.0,0.0016754,0.0045525,0.0254025,0.030854,0.055834,0.070172,0.0471933,0.0387913,0.0641456,0.0313162,0.0211718,
8,0.0,0.0012929,0.0077264,0.0441007,0.0252505,0.0527887,0.0507645,0.0409399,0.036584,0.0882353,0.0440867,0.0361019,
9,0.0,0.001948,0.007921,0.055655,0.0198355,0.0375683,0.0329052,0.0492941,0.0554626,0.0600489,0.0204535,0.0229638,
10,0.0,0.001897,0.014511,0.0352254,0.0162073,0.0270382,0.0792519,0.009347,0.0332585,0.0640928,0.0570217,0.0452291,
11,0.0,0.0014851,0.0238158,0.0430808,0.0249367,0.0332288,0.0605426,0.0520179,0.0250049,0.0727104,0.0703483,0.0898036,
12,0.0,0.0010068,0.0209563,0.0414221,0.0267691,0.0138602,0.0659752,0.0789054,0.0749598,0.0512487,0.0294092,0.0531816,
13,0.0,0.0027274,0.0238415,0.0446769,0.0500255,0.0210071,0.0747195,0.0368428,0.0926773,0.0402156,0.0807617,0.0555065,
14,0.0,0.0050524,0.0433749,0.059048,0.0655419,0.0079974,0.0772443,0.0235112,0.0613269,0.044854,0.0689186,0.0516456,
15,0.0,0.0052811,0.0393626,0.0693541,0.0460577,0.0300239,0.0756676,0.1022607,0.0890401,0.0174421,0.1748199,0.0708208,
16,0.0,0.0051552,0.0244361,0.0538957,0.0324551,0.0186761,0.0613688,0.0487647,0.0456016,0.0417374,0.1131134,0.0517306,
17,0.0,0.0057528,0.022439,0.0375875,0.0315003,0.0528258,0.0174488,0.0346166,0.0733101,0.0289445,0.0318711,0.0283594,
18,0.0,0.0037824,0.0165345,0.0242791,0.0262086,0.067202,0.0314332,0.0271636,0.0463074,0.0349339,0.0351616,0.059504,
19,0.0,0.0149175,0.0526185,0.0321521,0.0328887,0.0561991,0.029598,0.0345777,0.0863244,0.0222675,0.0708634,0.0596156,
20,0.0,0.014074,0.0631026,0.0401782,0.0188739,0.047556,0.0414341,0.0495133,0.0490485,0.0249873,0.0430179,0.0829749,
21,0.0,0.0209168,0.062329,0.0532045,0.0588969,0.1184146,0.0293651,0.0187474,0.0150644,0.096623,0.0696914,0.1593604,
22,0.0,0.034766,0.0221254,0.0793533,0.1074627,0.1688165,0.0431957,0.0579827,0.0256423,0.089053,0.1015832,0.2059128,
23,0.0,0.0526969,0.0872215,0.1161577,0.1511144,0.2364452,0.0909186,0.1183762,0.0536323,0.1042316,0.1441157,0.3458977,
24,0.0,0.0394475,0.0852451,0.1406704,0.1629597,0.2331493,0.1235561,0.0827375,0.0982047,0.1312113,0.108908,0.3074139,
25,0.0,0.0266535,0.0581518,0.1130075,0.1380051,0.1976358,0.0952791,0.0873403,0.1510032,0.0923382,0.068179,0.1312744,
26,0.0,0.0298677,0.0667708,0.0730421,0.1048957,0.1467879,0.0458702,0.0293185,0.0764408,0.054443,0.0913412,0.0503136,
27,0.0,0.0136306,0.0449902,0.0493059,0.0493653,0.0813131,0.0287208,0.0285389,0.0934839,0.0809942,0.0734924,0.0454719,
28,0.0,0.0086503,0.0211145,0.0286012,0.041878,0.0456406,0.0375655,0.0349783,0.0248712,0.0329718,0.0449439,0.0222191,
29,0.0,0.0067847,0.0400932,0.0397383,0.0694619,0.0331679,0.03425,0.0379646,0.0373458,0.0995985,0.0281269,0.0703818,
30,0.0,0.0095687,0.0291066,0.0332786,0.0375525,0.0091313,0.0264805,0.0456494,0.0245623,0.0423505,0.0662212,0.0590446,
31,0.0,0.0013076,0.0222204,0.0479709,0.0590805,0.0439092,0.0347693,0.0548258,0.0559476,0.0398436,0.049925,0.0715671,
32,0.0,0.0015229,0.0147267,0.0189935,0.0293007,0.0336969,0.0476599,0.0804587,0.0858778,0.0612151,0.0282909,0.0396428,
33,0.0,0.004293,0.0299858,0.0209991,0.0254632,0.0242079,0.0501668,0.0401465,0.0607246,0.0507142,0.0244032,0.0903608,
34,0.0,0.002775,0.0334252,0.0372283,0.0297772,0.0307998,0.0462511,0.052501,0.1398915,0.0861842,0.0327133,0.0941173,
35,0.0,0.0019467,0.0310485,0.024629,0.024639,0.0248558,0.0365407,0.0617143,0.0773494,0.0303376,0.0274647,0.0535861,
36,0.0,0.0045318,0.017223,0.0560807,0.0394521,0.0465255,0.033638,0.0501587,0.0822666,0.0279922,0.0201829,0.0724988,
37,0.0,0.0053209,0.0073748,0.0401283,0.037451,0.0346227,0.0496471,0.0295901,0.057288,0.0279623,0.0415908,0.1033316,
38,0.0,0.0075904,0.035512,0.0320076,0.0098145,0.0441898,0.0293019,0.0058544,0.070056,0.0322404,0.0590071,0.0919976,
39,0.0,0.0170709,0.0375343,0.0470342,0.0312047,0.0725893,0.0089505,0.0471819,0.0582541,0.033233,0.0631229,0.0733231,
40,0.0,0.0109904,0.0283847,0.0575932,0.0853753,0.0882489,0.0676832,0.1024295,0.0885176,0.0745901,0.0746789,0.0568972,
41,1e-07,0.0055551,0.0602333,0.0736104,0.1249747,0.0809684,0.0833066,0.0950132,0.0894117,0.077899,0.0621942,0.0738557,
42,1e-07,0.0115703,0.1053283,0.0763171,0.1695336,0.1550636,0.0770367,0.1242685,0.160311,0.1262287,0.0564536,0.0621325,
43,1e-07,0.0125076,0.1016739,0.0623513,0.2165659,0.1759842,0.0885093,0.1363409,0.1540471,0.1096669,0.0874374,0.1172073,
44,0.0,0.0088178,0.0746774,0.0618908,0.213715,0.1436016,0.1015161,0.1286465,0.1476283,0.1408838,0.0859884,0.1000791,
45,0.0,0.0259565,0.0779146,0.0580567,0.2395165,0.1520906,0.0695241,0.1118801,0.1494913,0.1367293,0.08063,0.0547769,
46,0.0,0.0194564,0.0653491,0.0623602,0.2172053,0.1514009,0.072746,0.1246479,0.1220996,0.1097378,0.1190744,0.1282522,
47,0.0,0.0081569,0.0514962,0.0406795,0.1592916,0.1216951,0.0978865,0.1872885,0.1790399,0.1260441,0.1391011,0.0650292,
48,0.0,0.0154538,0.0411143,0.0935844,0.154423,0.1144232,0.0419257,0.1123159,0.1557518,0.1240487,0.1222803,0.0791703,
49,1e-07,0.0453773,0.0477662,0.0946801,0.1326271,0.0667779,0.0888516,0.0887494,0.1384993,0.1499145,0.1127668,0.1362189,
50,1e-07,0.0297585,0.098072,0.0694963,0.0569881,0.0645892,0.0864754,0.1004287,0.1821423,0.1524141,0.0965636,0.0781495,
51,1e-07,0.0252483,0.0470246,0.0497783,0.082671,0.0575161,0.0832041,0.1195083,0.1780474,0.1280076,0.1094841,0.0715983,
52,1e-07,0.0117965,0.042475,0.0473602,0.0613453,0.0521,0.0262073,0.1246485,0.1791588,0.1555796,0.0703328,0.0614391,
53,1e-07,0.0114776,0.0187762,0.0657445,0.1055546,0.053532,0.0315916,0.1566504,0.1841127,0.1542716,0.0719776,0.0583893,
54,1e-07,0.0144167,0.0116714,0.0856266,0.1579286,0.1247435,0.0829019,0.1862352,0.1789349,0.1327499,0.0379144,0.0845846,
55,0.0,0.0105951,0.0170908,0.0819045,0.1818619,0.1445585,0.0829074,0.2210472,0.1483997,0.1816414,0.105242,0.1189921,
56,1e-07,0.0097491,0.0440759,0.0775117,0.1417983,0.146422,0.0387249,0.2170373,0.1322775,0.1493317,0.0666185,0.1124965,
57,1e-07,0.0111102,0.0376987,0.0679757,0.1606323,0.1592891,0.0458495,0.209679,0.1048865,0.0842714,0.1035092,0.1319378,
58,1e-07,0.0049726,0.0361989,0.0770516,0.1574338,0.1545797,0.0290825,0.1404635,0.1162703,0.1368737,0.1534024,0.1392862,
59,1e-07,0.0031202,0.0515642,0.071378,0.1408999,0.1196037,0.0812013,0.1153859,0.0792902,0.1012014,0.1361527,0.1009503,
60,1e-07,0.0072708,0.0404912,0.0573353,0.1567434,0.1017389,0.07519,0.1385493,0.0928489,0.1227121,0.1621758,0.0512203,
61,1e-07,0.0074311,0.0236601,0.0580503,0.1406451,0.1331299,0.0720944,0.0755842,0.0676043,0.1136099,0.1383681,0.1142535,
62,1e-07,0.0090272,0.0272136,0.0543227,0.0882142,0.1900983,0.0545675,0.0456696,0.0793,0.0859254,0.1365669,0.1544466,
63,1e-07,0.0017637,0.0166207,0.0953158,0.1150185,0.1634436,0.0656117,0.0633052,0.0963929,0.0879126,0.0925519,0.1023813,
64,0.0,0.0060403,0.0127989,0.1432339,0.1346714,0.1337542,0.0843103,0.1173352,0.1179591,0.0352706,0.090698,0.0913162,
65,0.0,0.005706,0.0368476,0.0988604,0.1152472,0.1576948,0.0483317,0.0765338,0.075602,0.0756686,0.1081823,0.1308324,
66,0.0,0.0053686,0.0271271,0.1203436,0.1044392,0.12216,0.0501337,0.0822614,0.0329164,0.1081408,0.0840917,0.1103902,
67,0.0,0.013375,0.0379617,0.0990002,0.1256037,0.1765572,0.0281677,0.0636695,0.0274595,0.1158054,0.0459764,0.1286092,
68,0.0,0.0075354,0.0398763,0.0822385,0.0683961,0.0928948,0.0276207,0.0482675,0.0279936,0.022391,0.0462687,0.080708,
69,0.0,0.0151971,0.015227,0.0227904,0.0504436,0.0357172,0.0383021,0.0323548,0.0322934,0.0379648,0.0622512,0.1226757,
70,0.0,0.0250378,0.0392665,0.0437162,0.0192643,0.0715776,0.1675258,0.081213,0.0585882,0.0296478,0.0809508,0.0803954,
71,0.0,0.0263675,0.0655936,0.050278,0.0495254,0.0460755,0.1773051,0.1178254,0.1312114,0.0998026,0.079547,0.1588164,
72,0.0,0.0038298,0.0637604,0.0445366,0.0900866,0.0587344,0.1159569,0.1165489,0.1403913,0.109248,0.0848745,0.0959802,
73,0.0,0.0063495,0.0432849,0.0531936,0.0674169,0.0530784,0.0750165,0.088069,0.157487,0.0735002,0.0867558,0.0486182,
74,0.0,0.0131904,0.0552597,0.0579209,0.0675403,0.0535066,0.0337024,0.0420858,0.1339973,0.06665,0.0660089,0.1019615,
75,0.0,0.0052128,0.0536109,0.0463129,0.0143883,0.064846,0.0789923,0.0902549,0.122959,0.0802599,0.0799378,0.0855535,
76,0.0,0.0057685,0.0362875,0.0761736,0.022688,0.0527651,0.0814251,0.113482,0.1094443,0.0887986,0.0404739,0.0925573,
77,0.0,0.012348,0.0181785,0.0970269,0.0300915,0.0098236,0.0564714,0.0921967,0.0379821,0.0444102,0.0795833,0.0838144,
78,0.0,0.0163885,0.0319977,0.1143972,0.0422165,0.0173719,0.0431551,0.068087,0.0477645,0.0188566,0.062902,0.0575296,
79,0.0,0.0070672,0.0290619,0.0346125,0.0726508,0.0900804,0.0178196,0.0541505,0.0983693,0.0475008,0.0579163,0.0859837,
80,0.0,0.0060951,0.0322109,0.0766952,0.0614925,0.0398079,0.0297379,0.0308481,0.112018,0.0540606,0.0368632,0.054336,
81,0.0,0.0063611,0.0300955,0.0724279,0.0828853,0.0528706,0.0776099,0.0283224,0.0989711,0.0301868,0.0347871,0.0764685,
82,0.0,0.006931,0.0408126,0.0833204,0.0571729,0.0884684,0.1051528,0.0441623,0.0967193,0.0604876,0.0440422,0.0569878,
83,0.0,0.0084198,0.0349345,0.0713475,0.0888533,0.0765704,0.1779836,0.0763749,0.105238,0.0484531,0.0509746,0.0819488,
84,0.0,0.0168192,0.0539488,0.0501831,0.056344,0.1118995,0.2197158,0.0855885,0.1481846,0.0453401,0.0253494,0.1000002,
85,0.0,0.0138737,0.0528807,0.0470562,0.0128101,0.0617508,0.146526,0.0611085,0.1259272,0.0363118,0.0498428,0.083377,
86,0.0,0.0096914,0.0454642,0.0517465,0.0169917,0.0052622,0.0779521,0.0237562,0.1011185,0.0464484,0.0971574,0.120694,
87,0.0,0.004485,0.0354124,0.0665002,0.0790023,0.026432,0.0502674,0.0297079,0.1072268,0.0353027,0.0751062,0.1143197,
88,0.0,0.0028781,0.0194481,0.0511213,0.1086707,0.05159,0.0388883,0.0268149,0.073836,0.0433115,0.030012,0.1007961,
89,0.0,0.0039078,0.0476259,0.023155,0.058508,0.0518437,0.0247218,0.0381823,0.0586626,0.0142187,0.0345034,0.0650143,
90,0.0,0.0046117,0.0423872,0.0282606,0.0544869,0.0447038,0.0409274,0.0514872,0.0951857,0.0340941,0.0210195,0.0516861,
91,0.0,0.0095223,0.0158198,0.0285532,0.0163004,0.0879489,0.050943,0.0530103,0.1416155,0.0996967,0.0517164,0.0649254,
92,0.0,0.0100724,0.0194577,0.0362972,0.0237271,0.1044591,0.0642759,0.0455758,0.1105977,0.083155,0.0482863,0.0784794,
93,0.0,0.0039364,0.0112375,0.0592353,0.0941884,0.0608217,0.0408745,0.034208,0.1010246,0.0548723,0.0966191,0.0930528,
94,0.0,0.0047123,0.0308786,0.0496984,0.0755767,0.049609,0.0209261,0.0539503,0.1587792,0.063662,0.0677635,0.0609306,
95,0.0,0.0032162,0.0121751,0.0269957,0.0289282,0.0337048,0.0393811,0.0733153,0.124825,0.0530032,0.0654627,0.0625312,
96,0.0,0.0026372,0.012346,0.0357629,0.0394211,0.0042622,0.054527,0.066508,0.1741976,0.1605988,0.0706355,0.0850969,
97,0.0,0.0019119,0.0063923,0.0235378,0.0248889,0.0787086,0.0885682,0.0836381,0.1653829,0.2102296,0.1121964,0.090753,
98,0.0,0.0023809,0.0161375,0.0260462,0.0468369,0.0701343,0.0501074,0.0753808,0.0617019,0.1541761,0.1222846,0.0791047,
99,0.0,0.0026513,0.0209864,0.0635767,0.0312908,0.0472423,0.0714702,0.0521466,0.0765351,0.0889294,0.0735885,0.0882723,
100,0.0,0.0017437,0.0164422,0.0464727,0.0236996,0.0675292,0.0867318,0.0758339,0.0858732,0.0433314,0.0315845,0.0831094,
101,0.0,0.0017493,0.0144122,0.0571873,0.0354203,0.0666056,0.1011516,0.0790702,0.0539833,0.0626616,0.0421442,0.059867,
102,0.0,0.0010046,0.019244,0.0254542,0.0540644,0.0354237,0.1001851,0.0794275,0.1054309,0.0877797,0.0570482,0.0536,
103,0.0,0.0039999,0.0183123,0.0572053,0.0590453,0.0657978,0.0953665,0.0824857,0.088167,0.0814976,0.1263392,0.0752971,
104,0.0,0.0047235,0.0243959,0.0680108,0.0577863,0.0596947,0.0686605,0.0728313,0.058627,0.1193402,0.0803092,0.0894038,
105,0.0,0.006028,0.0290003,0.0334651,0.0625673,0.0659997,0.0418037,0.1007677,0.0762572,0.0776624,0.0576655,0.0997582,
106,0.0,0.0038465,0.0211124,0.0273494,0.0873564,0.0238439,0.0755721,0.0908845,0.0753497,0.0539292,0.0691579,0.0262511,
107,0.0,0.0049029,0.0204167,0.0276966,0.0599639,0.0479232,0.0443444,0.0761603,0.042501,0.0695734,0.0805929,0.0656765,
108,0.0,0.0016704,0.0269138,0.055539,0.0594494,0.0203834,0.0423075,0.0586955,0.023137,0.0681511,0.0855026,0.0547245,
109,0.0,0.0065293,0.0311675,0.0660835,0.0382558,0.0562179,0.0431624,0.0421446,0.0452539,0.0796576,0.0663273,0.0380262,
110,0.0,0.0009977,0.0259978,0.0591655,0.0595226,0.0297311,0.039669,0.0091952,0.0541758,0.0818946,0.0379792,0.0290924,
111,0.0,0.0019688,0.0076869,0.0198191,0.0455564,0.0365436,0.034815,0.023697,0.0660999,0.0867725,0.0497018,0.0404262,
112,0.0,0.0030197,0.0061689,0.0131083,0.0679256,0.0394915,0.0233497,0.0505404,0.0743675,0.0825751,0.0425299,0.0280813,
113,0.0,0.0028811,0.0062557,0.0089946,0.0503648,0.0373886,0.0393199,0.0192461,0.0549504,0.0973357,0.0285842,0.0372371,
114,0.0,0.0030333,0.0169585,0.0256922,0.0513235,0.044873,0.0414449,0.0398829,0.0439905,0.0612139,0.0752396,0.0302354,
115,0.0,0.0107071,0.0159698,0.0293215,0.0391069,0.0482738,0.0369487,0.0471955,0.0722499,0.0518868,0.061314,0.0180746,
116,0.0,0.0119383,0.0450743,0.02941,0.0252045,0.0716567,0.0563323,0.0412399,0.0706019,0.0568031,0.0526917,0.0502225,
117,0.0,0.0067307,0.0254995,0.0609922,0.028675,0.0527583,0.0207782,0.0593216,0.0468839,0.0528153,0.052882,0.0304332,
118,0.0,0.0110804,0.0326181,0.0484176,0.0358503,0.05563,0.0533926,0.0561796,0.0655292,0.085678,0.0522442,0.0555085,
119,0.0,0.0168938,0.0544836,0.0720044,0.0477618,0.0551648,0.0976259,0.0947286,0.0426032,0.1078673,0.0430269,0.0272643,
120,0.0,0.0195167,0.0479147,0.0842519,0.0096619,0.0237486,0.0628255,0.0610951,0.1074273,0.0646379,0.0518447,0.0117717,
121,0.0,0.0096606,0.0286247,0.0439569,0.0194246,0.0686351,0.0477894,0.0669915,0.0697994,0.0771022,0.0326399,0.0757595,
122,0.0,0.0084551,0.0193341,0.0374743,0.0236194,0.0420262,0.0711861,0.0344439,0.0304567,0.0689674,0.0418321,0.0696406,
123,0.0,0.0099438,0.0156135,0.0301601,0.0229519,0.0504639,0.0940007,0.0143795,0.0214,0.066236,0.0587435,0.0209978,
124,0.0,0.0038505,0.0698613,0.0385977,0.0269015,0.0588829,0.0533898,0.0297011,0.0350856,0.1212741,0.0395293,0.0349125,
125,0.0,0.0049326,0.0193015,0.0323751,0.0259103,0.0573117,0.052701,0.0333526,0.0472517,0.0619471,0.0676213,0.0257528,
126,0.0,0.0018468,0.010365,0.0447433,0.0279094,0.046912,0.0382837,0.0273367,0.0339262,0.0928023,0.0563059,0.0276874,
127,0.0,0.003874,0.0106411,0.0319407,0.0397282,0.0380567,0.0355361,0.0503293,0.0373248,0.0743832,0.064905,0.0164245,
128,0.0,0.0021947,0.0119485,0.0483113,0.0432428,0.0435893,0.0378924,0.050187,0.0263466,0.061469,0.0496614,0.0304967,
129,0.0,0.0014672,0.0088868,0.0329082,0.1137447,0.0386209,0.0243927,0.0556476,0.0244705,0.0776126,0.0471965,0.0443045,
130,0.0,0.0044178,0.0167167,0.0161919,0.1068469,0.0401584,0.0362273,0.0348033,0.0338286,0.0317131,0.0605353,0.0468871,
131,0.0,0.0068556,0.0086872,0.0321344,0.0891113,0.0342978,0.025115,0.0261067,0.0364758,0.0345905,0.0853349,0.0385244,
132,0.0,0.0127016,0.0178762,0.0518403,0.0746589,0.0381186,0.0360149,0.0348078,0.0337197,0.0422546,0.085729,0.0421542,
133,0.0,0.011086,0.0163326,0.0548238,0.0850458,0.0324027,0.0318528,0.0286844,0.0261929,0.0505759,0.0929474,0.0182952,
134,0.0,0.0132507,0.0171416,0.0554113,0.0641625,0.0367937,0.0286937,0.0435285,0.0244013,0.0506436,0.0946752,0.0214234,
135,0.0,0.005454,0.0234692,0.0422579,0.0694149,0.041517,0.0576777,0.0334988,0.0081918,0.0470325,0.0672956,0.0451078,
136,0.0,0.0033946,0.0229396,0.0406835,0.0741492,0.0547179,0.0300183,0.0507821,0.0173493,0.0667724,0.0558288,0.051641,
137,0.0,0.0094463,0.0086664,0.0402039,0.0729731,0.0501144,0.0317959,0.042964,0.0260688,0.0780426,0.0309085,0.0590973,
138,0.0,0.0142136,0.0056589,0.0154653,0.0649695,0.0420028,0.0521264,0.0654973,0.0305717,0.109328,0.0537104,0.03716,
139,0.0,0.011186,0.020726,0.0236074,0.0768445,0.0374035,0.0494629,0.033251,0.0220451,0.1042128,0.0344515,0.0696449,
140,0.0,0.0175607,0.0320665,0.021626,0.0194686,0.0352813,0.0318565,0.0284862,0.0364472,0.0838464,0.045445,0.0658261,
141,0.0,0.0352267,0.0300506,0.0419159,0.0388435,0.042352,0.0884824,0.1021353,0.1052547,0.0885902,0.0420614,0.053952,
142,0.0,0.05217,0.0569143,0.0769479,0.1751315,0.2483714,0.1685558,0.2563918,0.2312177,0.1401131,0.0774398,0.0722521,
143,0.0,0.1102399,0.0966199,0.0919127,0.1238276,0.1738498,0.1500899,0.2123336,0.0904156,0.1130224,0.0961399,0.0649887,
144,0.0,0.0302204,0.0414488,0.0451445,0.0439647,0.0831548,0.0413343,0.0714863,0.0286378,0.0682773,0.0138992,0.0686699,
145,0.0,0.0349846,0.0355965,0.0595302,0.0385548,0.0449145,0.0696562,0.0424581,0.0513127,0.0643667,0.048666,0.039084,
146,0.0,0.0304083,0.0209815,0.0299202,0.0751876,0.0449702,0.0321562,0.0345889,0.0279196,0.032433,0.0260146,0.0596618,
147,0.0,0.0241819,0.0168478,0.0373707,0.0565484,0.042207,0.0318719,0.0369064,0.0477436,0.0359127,0.0237765,0.0310457,
148,0.0,0.0072819,0.0222858,0.0243882,0.0478805,0.0427123,0.054135,0.0438003,0.0315109,0.0433063,0.0229336,0.0591967,
149,0.0,0.0046795,0.0108663,0.0331864,0.05999,0.0312458,0.054744,0.0194942,0.060359,0.0755137,0.0276593,0.052279,
150,0.0,0.0020933,0.003569,0.0174292,0.0499559,0.0672164,0.0258893,0.0326473,0.042231,0.0899828,0.0600484,0.0664363,
151,0.0,0.0005822,0.0086383,0.025262,0.0698309,0.0452774,0.0212073,0.0871924,0.0638231,0.0902722,0.0720142,0.0357797,
152,0.0,0.0005097,0.0153549,0.0493956,0.0296756,0.0619668,0.0268071,0.0617774,0.0594519,0.100091,0.086958,0.0187672,
153,0.0,0.0026139,0.017878,0.0256025,0.0538863,0.0446239,0.0083371,0.1155523,0.0642333,0.1142674,0.065345,0.0696478,
154,0.0,0.0022069,0.0240033,0.0391039,0.0213687,0.0623325,0.0380872,0.0853596,0.0654703,0.0740357,0.0413684,0.0913614,
155,0.0,0.0026633,0.0315382,0.0431006,0.0453133,0.0855845,0.0651479,0.1311174,0.0502689,0.0516261,0.0378351,0.1170714,
156,0.0,0.0019286,0.0163571,0.0277091,0.0272665,0.0519433,0.0459958,0.0974583,0.0755977,0.0618157,0.0422209,0.0721878,
157,0.0,0.0023836,0.0085367,0.0443855,0.0396705,0.0487068,0.0589396,0.0763123,0.0837279,0.0771837,0.0309454,0.035269,
158,0.0,0.0017063,0.0209335,0.0423086,0.059472,0.0728011,0.0439465,0.0780983,0.0645169,0.0864524,0.0402482,0.0454292,
159,0.0,0.0028789,0.0217462,0.0604747,0.0285953,0.077001,0.0569334,0.0753362,0.062605,0.0735615,0.0390906,0.0502214,
160,0.0,0.00917,0.0219095,0.068187,0.0202826,0.044071,0.0637349,0.0456228,0.0604205,0.0593391,0.0220025,0.0717926,
161,0.0,0.0109934,0.0118201,0.0625237,0.0373304,0.0462834,0.0333111,0.0148646,0.0538411,0.0658073,0.0312591,0.0657158,
162,0.0,0.0341406,0.0164887,0.064792,0.0596771,0.0342728,0.038887,0.0190993,0.0622797,0.0739392,0.0326844,0.0661181,
163,0.0,0.0359761,0.0216637,0.0342242,0.0367973,0.0259568,0.0271745,0.0111001,0.0849841,0.0707093,0.0212704,0.0556969,
164,0.0,0.0162788,0.0114731,0.064614,0.0390698,0.0379906,0.0437177,0.0401506,0.0524478,0.0976703,0.0375297,0.0824375,
165,0.0,0.0102698,0.0318879,0.0411603,0.05703,0.0475708,0.0410226,0.0408114,0.0607956,0.0719546,0.0590693,0.0233255,
166,0.0,0.0317147,0.0352838,0.0438467,0.1118869,0.1057367,0.0386496,0.0604831,0.0406731,0.0723346,0.071587,0.0576146,
167,0.0,0.0322651,0.0236147,0.0362442,0.0772941,0.1167169,0.0822254,0.0665079,0.0196142,0.0553709,0.0809779,0.037239,
168,1e-07,0.0158195,0.0338729,0.0358074,0.1625252,0.0729179,0.1857759,0.0660119,0.0724131,0.1326782,0.07025,0.0976102,
169,0.0,0.006273,0.0266799,0.028554,0.1286746,0.0795665,0.2151431,0.0172028,0.082751,0.0518486,0.0677598,0.1024221,
170,0.0,0.008189,0.1080176,0.0748814,0.077168,0.0760824,0.1379988,0.08356,0.0299242,0.0474799,0.0788191,0.0682966,
171,0.0,0.020499,0.0267729,0.027355,0.0409357,0.1091994,0.0620364,0.0230289,0.0366871,0.0355662,0.0516686,0.023592,
172,0.0,0.0268101,0.0191126,0.0324485,0.0498608,0.0551063,0.0123884,0.0532229,0.0103998,0.0546033,0.0348486,0.0559732,
173,0.0,0.0539485,0.0303014,0.0494257,0.0689781,0.0445897,0.0499115,0.0440707,0.0145994,0.0606957,0.0324443,0.0784369,
174,0.0,0.0094779,0.0216611,0.0439368,0.0986687,0.0473474,0.0772679,0.107438,0.0433498,0.0809105,0.0653583,0.1163233,
175,0.0,0.0086844,0.0189132,0.0354253,0.0537991,0.0581595,0.065408,0.0383653,0.0439271,0.0777187,0.0544071,0.062325,
176,0.0,0.0086419,0.0521693,0.0208926,0.0637561,0.0382041,0.0458962,0.1052584,0.0768125,0.0753908,0.0522543,0.0837093,
177,0.0,0.0057463,0.0299245,0.0621937,0.0871949,0.080868,0.0499232,0.1031967,0.1012103,0.0336754,0.0427952,0.0771021,
178,0.0,0.0020876,0.0419289,0.0739802,0.0862317,0.0769572,0.1004093,0.1266162,0.1207653,0.1289904,0.073389,0.1050365,
179,1e-07,0.0026217,0.0391968,0.0627326,0.0743788,0.0272381,0.1324008,0.1129509,0.1218663,0.1076671,0.1426343,0.1705429,
180,1e-07,0.0056086,0.0313103,0.0781026,0.0136835,0.0253785,0.1297446,0.0880466,0.1198924,0.0912563,0.0209015,0.10985,
181,1e-07,0.0046457,0.0151167,0.0696347,0.0498817,0.0298126,0.1061839,0.0631427,0.0754138,0.0813938,0.0529694,0.0865173,
182,1e-07,0.0035495,0.0147405,0.0741686,0.064078,0.0402379,0.0759199,0.0437196,0.0586688,0.0730844,0.0754056,0.077586,
183,1e-07,0.0060564,0.0085684,0.0309389,0.06539,0.0645814,0.0718881,0.0648059,0.0613634,0.0190265,0.0882874,0.0532755,
184,0.0,0.0278736,0.0433966,0.024683,0.0834638,0.0967136,0.0838209,0.1339027,0.1283032,0.046439,0.0891925,0.0960143,
185,0.0,0.0313009,0.0560399,0.0532881,0.0964573,0.0444663,0.0627556,0.0674648,0.1158339,0.0815822,0.0520846,0.0396299,
186,0.0,0.0126549,0.0127385,0.0637899,0.0472376,0.0987589,0.0849459,0.1154462,0.1811289,0.1192796,0.0856616,0.0534205,
187,0.0,0.0091787,0.0122477,0.071468,0.0544103,0.0539894,0.11485,0.1359696,0.2087709,0.1244448,0.086758,0.0543907,
188,1e-07,0.0171585,0.0604151,0.0890421,0.0930955,0.073526,0.0928738,0.0986011,0.170609,0.1359666,0.069505,0.0561024,
189,1e-07,0.0589489,0.0626291,0.0829891,0.1057168,0.068833,0.0957647,0.0693775,0.178356,0.1229055,0.1320614,0.1749743,
190,1e-07,0.0137535,0.070626,0.0789403,0.0613028,0.0699098,0.1313056,0.0484083,0.3092846,0.1595388,0.1445356,0.137587,
191,1e-07,0.024653,0.0057246,0.0807716,0.0987632,0.0599613,0.1170519,0.0506621,0.1879174,0.1754168,0.2439909,0.2536054,
192,0.0,0.0240722,0.0206451,0.0831145,0.1012491,0.0556814,0.0461069,0.0394733,0.0942066,0.1585481,0.1916886,0.1665288,
193,0.0,0.0383941,0.0477677,0.0825777,0.1078534,0.0521863,0.0743858,0.0647083,0.0671779,0.0859745,0.1192751,0.0718807,
194,0.0,0.0266841,0.0316627,0.067146,0.1018279,0.0332787,0.0826067,0.0468394,0.0515231,0.0532945,0.0964606,0.0814744,
195,0.0,0.0107784,0.0418524,0.0691287,0.1333665,0.0257312,0.0745129,0.0323299,0.0628418,0.1221877,0.1169393,0.0329191,
196,0.0,0.0126279,0.0417939,0.1465101,0.0894749,0.0494223,0.1020509,0.0452451,0.0362092,0.1623135,0.1180505,0.0563485,
197,0.0,0.0054878,0.0605574,0.0605608,0.0806553,0.0764788,0.0863863,0.0380044,0.0273301,0.0977931,0.048877,0.0392867,
198,0.0,0.0155011,0.0351328,0.1135715,0.0852275,0.1385769,0.0740713,0.0173342,0.0450176,0.0457581,0.0489888,0.0431519,
199,0.0,0.019167,0.0437337,0.0894877,0.0766098,0.1020263,0.0904757,0.0154362,0.1016642,0.0542153,0.0381315,0.0413816,
200,0.0,0.0079576,0.0429785,0.0465537,0.0824489,0.0436761,0.0549395,0.023512,0.1160562,0.0570252,0.0599686,0.0629046,
201,0.0,0.0010065,0.0149925,0.087476,0.0757491,0.0392949,0.0743076,0.0779557,0.1234059,0.0449173,0.0530331,0.0814273,
202,0.0,0.0028324,0.0227749,0.089569,0.0467113,0.0246487,0.0606784,0.0571612,0.1007223,0.0610301,0.05225,0.0724304,
203,0.0,0.0018217,0.0205655,0.0602805,0.0366491,0.0186274,0.013913,0.0104282,0.0710083,0.0445014,0.0424354,0.0498724,
204,0.0,0.0010195,0.0092059,0.0500739,0.0244953,0.0173915,0.0221928,0.0279611,0.0684169,0.0270939,0.058776,0.0592379,
205,0.0,0.0010894,0.0032514,0.0298239,0.0352253,0.0154974,0.0331899,0.0188679,0.0616488,0.0354208,0.0373415,0.0855095,
206,0.0,0.000925,0.0073832,0.0770284,0.0292378,0.0342545,0.0602512,0.012053,0.0311056,0.0281603,0.0466325,0.0645272,
207,0.0,0.0009274,0.0087875,0.0645774,0.0375129,0.0397758,0.0539189,0.0187274,0.0346873,0.0598911,0.0296591,0.0587705,
208,0.0,0.000625,0.0065197,0.0438463,0.0407602,0.0239968,0.0259112,0.0196334,0.0140587,0.0525147,0.0440511,0.0763012,
209,0.0,0.0006238,0.0090089,0.0508686,0.056311,0.0333335,0.0401531,0.047128,0.0247431,0.0533486,0.0550508,0.0898646,
210,0.0,0.0004716,0.0117657,0.0341279,0.0319606,0.0297597,0.0498174,0.0365532,0.0393456,0.0286228,0.0549068,0.115139,
211,0.0,0.001603,0.019183,0.0343638,0.0453242,0.0249643,0.0065262,0.0412523,0.0235329,0.063016,0.0568566,0.1169206,
212,0.0,0.0018401,0.0312953,0.0408117,0.076243,0.0624718,0.0257822,0.0236942,0.0234616,0.0945763,0.0735187,0.0921992,
213,0.0,0.0013404,0.021563,0.0586597,0.0391169,0.111077,0.0331323,0.0425245,0.0675493,0.0699521,0.0246523,0.0748254,
214,0.0,0.0016783,0.0408755,0.0623652,0.0396588,0.1072087,0.0232238,0.0503497,0.0292127,0.045544,0.0437901,0.2194619,
215,0.0,0.0011859,0.0335775,0.1046367,0.0980983,0.1166334,0.0864119,0.0719653,0.0454236,0.064142,0.0391745,0.3363687,
216,0.0,0.0044882,0.0452763,0.098407,0.0732707,0.0606568,0.0673769,0.0778933,0.0207957,0.0486771,0.0089097,0.0540526,
217,0.0,0.0043577,0.0245714,0.0688129,0.0657147,0.038008,0.1509335,0.0271338,0.0686512,0.0213708,0.1071099,0.099995,
218,0.0,0.0030879,0.0188807,0.0304261,0.0809302,0.0661321,0.155497,0.0185515,0.0480629,0.0519605,0.1399293,0.1131845,
219,0.0,0.0031474,0.0064239,0.0461368,0.0536487,0.0535491,0.0915122,0.0456756,0.0621157,0.0753756,0.13791,0.1050962,
220,0.0,0.0012584,0.0388883,0.0680836,0.0565376,0.0255596,0.0662679,0.0494212,0.0637495,0.0583627,0.1577606,0.1228609,
221,0.0,0.0075873,0.0557218,0.0827092,0.0449356,0.0254769,0.0418698,0.0503422,0.0762444,0.1087015,0.1842396,0.1273294,
222,0.0,0.0116657,0.0733857,0.0561714,0.0179291,0.0505131,0.0788786,0.0831461,0.0832657,0.0403706,0.2486365,0.2628548,
223,0.0,0.0021231,0.0322721,0.0801828,0.0857447,0.064156,0.0673268,0.1013288,0.043259,0.0298107,0.2387424,0.1999595,
224,0.0,0.0096787,0.0249466,0.0951164,0.1148509,0.0719726,0.0832151,0.0578289,0.1152221,0.035612,0.1947486,0.2031472,
225,1e-07,0.0039399,0.050452,0.0746377,0.0994705,0.0655897,0.1143411,0.1001932,0.0994991,0.0681751,0.1245311,0.1879795,
226,1e-07,0.001261,0.0432946,0.0941277,0.0851745,0.088985,0.1484348,0.1191324,0.1306358,0.102296,0.0770013,0.2224236,
227,0.0,0.0038506,0.0381954,0.0786035,0.0840098,0.1043101,0.1304988,0.1156573,0.1671221,0.0950262,0.0733952,0.1617113,
228,0.0,0.0082442,0.0464474,0.0752885,0.0731748,0.1070916,0.1189901,0.0932682,0.1778754,0.1052953,0.0748029,0.158185,
229,0.0,0.0033876,0.0521115,0.0594405,0.0454407,0.1149427,0.2124543,0.1012319,0.0830755,0.1166694,0.0483788,0.1635716,
230,0.0,0.0024282,0.0355172,0.0383792,0.0720752,0.0687643,0.118771,0.0536757,0.09392,0.1143343,0.0290833,0.1252992,
231,0.0,0.002131,0.0215315,0.0301526,0.0991374,0.103538,0.104467,0.1228618,0.1402649,0.1087397,0.031486,0.075856,
232,0.0,0.0038564,0.0261532,0.0598971,0.108656,0.1326121,0.1661061,0.0991522,0.2112558,0.0884465,0.0156848,0.0890806,
233,0.0,0.0060073,0.0137158,0.0505965,0.1287528,0.087189,0.1173717,0.1086861,0.1331032,0.1149493,0.0502536,0.0924771,
234,0.0,0.0037468,0.0284638,0.0695363,0.1133593,0.1498234,0.0875131,0.0966799,0.2151832,0.1734983,0.0573124,0.0884026,
235,0.0,0.01116,0.0409092,0.0939086,0.1314324,0.1108447,0.150245,0.1027855,0.1327513,0.1725566,0.0556198,0.0377557,
236,0.0,0.0090409,0.0476755,0.0601194,0.1328209,0.1632587,0.1922424,0.1241191,0.1761264,0.1962216,0.0701258,0.0626307,
237,0.0,0.0050153,0.0465726,0.0400116,0.161132,0.1483898,0.1387811,0.1081471,0.1593242,0.1578631,0.0513883,0.1063058,
238,0.0,0.0121845,0.0614715,0.1175157,0.1671937,0.1749367,0.1602188,0.0375604,0.1533992,0.0766999,0.0612665,0.02706,
239,0.0,0.0082271,0.0568266,0.0917169,0.1482782,0.1641666,0.0713491,0.0353777,0.0862189,0.0609246,0.0694107,0.0598261,
240,0.0,0.0054862,0.0412799,0.0787733,0.1452098,0.1552244,0.0711614,0.0432894,0.0905871,0.0621575,0.059601,0.0978461,
241,0.0,0.0025532,0.0222299,0.0687987,0.140905,0.1328847,0.0597381,0.0537306,0.1135724,0.0767287,0.0838421,0.1159133,
242,0.0,0.0025821,0.0410364,0.0921038,0.1016281,0.1145188,0.045593,0.0398088,0.108966,0.0545049,0.0773,0.0828333,
243,0.0,0.005489,0.0408924,0.1026181,0.161346,0.1330818,0.0488671,0.0799769,0.1093231,0.1039895,0.1113636,0.1236831,
244,0.0,0.0084743,0.038458,0.1034904,0.1294357,0.1227436,0.0644771,0.0956795,0.1382215,0.0986688,0.1161537,0.1816099,
245,0.0,0.0088788,0.032652,0.1240803,0.1004874,0.0436492,0.0565064,0.0768582,0.094254,0.1135848,0.1182363,0.1620519,
246,0.0,0.0016463,0.0223626,0.1117875,0.1026823,0.0369713,0.0824445,0.0961291,0.0669016,0.1020247,0.1384567,0.0546276,
247,1e-07,0.004612,0.0064682,0.0639898,0.0919193,0.0694746,0.0690034,0.0920345,0.1159582,0.1345208,0.1132788,0.0813108,
248,1e-07,0.0063886,0.0139476,0.0704061,0.0711184,0.0176248,0.0995544,0.0955407,0.1179301,0.0759773,0.1040335,0.098784,
249,1e-07,0.0035349,0.0153159,0.0782219,0.0533677,0.0281018,0.0917704,0.0780405,0.0998009,0.1107742,0.1060679,0.0826342,
250,0.0,0.003686,0.0358125,0.0794989,0.0420498,0.0277398,0.1106802,0.081369,0.128945,0.0993044,0.0778838,0.0753296,
251,0.0,0.003106,0.0650985,0.1039472,0.079836,0.038743,0.1509907,0.0644125,0.1911962,0.0943785,0.1443851,0.1238957,
252,0.0,0.0027269,0.065027,0.0828187,0.1164757,0.0561443,0.1686794,0.1065284,0.1858207,0.1103967,0.1615958,0.1404678,
253,0.0,0.0025035,0.0300221,0.0435088,0.0902188,0.0586661,0.098314,0.0779159,0.1465524,0.1029316,0.148931,0.1109357,
254,0.0,0.0044166,0.0221503,0.0186436,0.0676549,0.0744947,0.0810732,0.0154946,0.108657,0.0457311,0.1188133,0.1766598,
255,0.0,0.0049918,0.0107659,0.0582363,0.0665111,0.1034278,0.1242266,0.0553105,0.1367179,0.1242061,0.1499435,0.2105867,
256,1e-07,0.0022864,0.0347837,0.0521685,0.0926457,0.1150524,0.1348057,0.0743359,0.1409424,0.1142933,0.1914031,0.1479485,
257,0.0,0.0023904,0.0202961,0.0741302,0.1085128,0.0839165,0.1089214,0.1453792,0.1225386,0.059948,0.1725502,0.166652,
258,1e-07,0.0012699,0.0269647,0.0416246,0.1125841,0.067003,0.1322706,0.1691548,0.1000137,0.0784525,0.1526235,0.1236487,
259,0.0,0.0013513,0.0346715,0.0356104,0.1020816,0.0470907,0.0503802,0.0313984,0.0795031,0.0827416,0.1322756,0.1271884,
260,0.0,0.0062313,0.0367119,0.0441657,0.036677,0.044365,0.0640038,0.0234115,0.0851089,0.040099,0.1357576,0.1666515,
261,0.0,0.0012643,0.0146446,0.0296697,0.045664,0.0210159,0.0570269,0.0397475,0.0599385,0.0443968,0.0893996,0.1708997,
262,0.0,0.0030691,0.0152221,0.049594,0.0417885,0.0382859,0.0743973,0.0413535,0.0799533,0.0373091,0.1034558,0.178365,
263,0.0,0.0047637,0.0174227,0.0402534,0.0592437,0.0414359,0.0499554,0.0315044,0.040141,0.0067343,0.1077769,0.1664962,
264,0.0,0.0028238,0.0186557,0.032077,0.0587936,0.0322648,0.0441083,0.0319329,0.055331,0.0201255,0.1008019,0.1494473,
265,0.0,0.0036765,0.0156185,0.0624574,0.0411936,0.0500689,0.0327078,0.0334595,0.0502878,0.0418252,0.0554591,0.161086,
266,0.0,0.002274,0.0154491,0.0791262,0.0417507,0.0447026,0.0171438,0.036624,0.0374958,0.0466498,0.0439824,0.1475806,
267,0.0,0.0030826,0.0132758,0.05076,0.0504154,0.041786,0.0335689,0.027438,0.0157987,0.03248,0.0714311,0.1372339,
268,0.0,0.0041348,0.0164168,0.0392359,0.039969,0.0765671,0.0308687,0.0540143,0.027012,0.0340809,0.0346498,0.1184023,
269,0.0,0.0046657,0.0257575,0.0478013,0.0480835,0.0415182,0.0569861,0.0751197,0.0482853,0.0477945,0.0703548,0.1353049,
270,0.0,0.0035644,0.0221502,0.0353565,0.0129372,0.0612331,0.0815276,0.0651277,0.0425788,0.0511217,0.0996316,0.1558973,
271,0.0,0.0033189,0.0252445,0.0621436,0.0227707,0.0786847,0.0423427,0.0651938,0.0485092,0.0327817,0.0660675,0.1098101,
272,0.0,0.0060664,0.0175409,0.0279256,0.0348966,0.029404,0.0495732,0.0418099,0.070226,0.0437408,0.083809,0.0875439,
273,0.0,0.0031502,0.0234134,0.0533242,0.0620467,0.0784669,0.0534819,0.0308948,0.0655127,0.0457562,0.0890781,0.1785044,
274,0.0,0.0048417,0.0360027,0.0675204,0.05312,0.1019326,0.051227,0.0509183,0.0829154,0.0535704,0.1727759,0.1718209,
275,0.0,0.0107744,0.0303954,0.0440907,0.0612278,0.1180759,0.0909151,0.104492,0.0751224,0.0475485,0.1565796,0.1182684,
276,0.0,0.0075985,0.020167,0.0302343,0.0806576,0.1516704,0.10129,0.0941808,0.0946181,0.0783946,0.0785878,0.0919352,
277,0.0,0.0117701,0.0355366,0.050872,0.0696247,0.1170291,0.1083584,0.0556964,0.156716,0.1403413,0.044033,0.1146668,
278,0.0,0.0047594,0.0727738,0.0536041,0.0855856,0.0910528,0.1647169,0.0519776,0.1417513,0.1085018,0.1014991,0.1140444,
279,0.0,0.0055718,0.0497704,0.0704655,0.071778,0.0666478,0.1156172,0.0703421,0.1095954,0.0654504,0.1134698,0.11364,
280,0.0,0.0035875,0.0180279,0.0860947,0.0641404,0.0462065,0.0671011,0.0668061,0.059005,0.083376,0.0925522,0.0425356,
281,0.0,0.0047818,0.0371626,0.0813962,0.058257,0.0364292,0.0124077,0.0352448,0.0299697,0.0847123,0.043859,0.0156711,
282,0.0,0.005731,0.0370007,0.0551984,0.0744784,0.0356167,0.0656912,0.0267185,0.0757892,0.1489385,0.0684617,0.0468647,
283,0.0,0.0096473,0.0603347,0.1030951,0.0959039,0.0460985,0.0765517,0.0361701,0.0911904,0.1839737,0.0708551,0.0333022,
284,0.0,0.0074369,0.0235003,0.0698987,0.1124645,0.0547728,0.0330935,0.042218,0.1003474,0.1149767,0.0638078,0.0405694,
285,0.0,0.0047663,0.0250666,0.0847851,0.0450765,0.0189593,0.0538939,0.0401052,0.0695459,0.0800365,0.0841295,0.0611806,
286,0.0,0.0075228,0.0353933,0.0683534,0.0772776,0.0519421,0.0695748,0.0609576,0.0627459,0.0426029,0.062126,0.0952088,
287,0.0,0.0170414,0.0487838,0.0654303,0.0478493,0.0466046,0.0293279,0.0765327,0.0376668,0.0352087,0.0506314,0.0354608,
288,0.0,0.0075994,0.042627,0.0777105,0.0614361,0.0367677,0.0463806,0.0317503,0.1007633,0.0168065,0.0400186,0.0407951,
289,0.0,0.002437,0.0282137,0.0742479,0.03905,0.0344143,0.0242466,0.0353326,0.0956011,0.029186,0.0432263,0.0136616,
290,0.0,0.0019829,0.0101068,0.0900718,0.0689498,0.0738859,0.0180838,0.0362522,0.0397422,0.04259,0.0447879,0.0343087,
291,0.0,0.0017807,0.0138855,0.0595983,0.0394677,0.0422131,0.0589737,0.0396652,0.043042,0.0534659,0.0179283,0.0316114,
292,0.0,0.0014996,0.0135155,0.0409239,0.0263477,0.0241244,0.0630625,0.0201315,0.0435133,0.0675499,0.0644112,0.0677181,
293,0.0,0.001265,0.0216908,0.0407329,0.0348455,0.0357964,0.0425592,0.0257661,0.0635451,0.0858007,0.0870663,0.0738755,
294,0.0,0.0006023,0.0286054,0.0217058,0.0512527,0.0359465,0.0202248,0.0324225,0.0521477,0.0874216,0.0521479,0.0608984,
295,0.0,0.0017211,0.0353734,0.0068548,0.0459417,0.0243997,0.0369673,0.0204119,0.0202327,0.0716586,0.0671503,0.0588085,
296,0.0,0.0012097,0.0219853,0.021385,0.0303628,0.0413411,0.0480964,0.0355642,0.0599908,0.0342896,0.0564356,0.0272023,
297,0.0,0.0010632,0.0255529,0.0097079,0.0300757,0.0474847,0.053889,0.0849382,0.0755433,0.0608879,0.0452996,0.0408379,
298,0.0,0.000994,0.0119711,0.0421728,0.0279268,0.0329741,0.0288151,0.0566554,0.0458626,0.0779245,0.0225742,0.0323588,
299,0.0,0.0018063,0.0199323,0.0419902,0.0314933,0.0096787,0.0413324,0.0428883,0.0682484,0.081655,0.0351668,0.0325651,
300,0.0,0.0028371,0.0232227,0.0671703,0.0292219,0.0456748,0.0390873,0.0479816,0.0686938,0.0906529,0.0216987,0.0660144,
301,0.0,0.0027233,0.0156673,0.0781343,0.0732564,0.0820817,0.0377279,0.102046,0.0613125,0.1681761,0.0349551,0.0566038,
302,0.0,0.0067569,0.0227056,0.0567007,0.0661523,0.0464802,0.0895122,0.13552,0.0431475,0.1447196,0.0342149,0.0243222,
303,0.0,0.0028489,0.0367408,0.0573456,0.0137005,0.0345,0.0680505,0.0875956,0.0440453,0.0723089,0.0303394,0.0405718,
304,0.0,0.0028054,0.0101835,0.0394623,0.0450849,0.0284566,0.0499073,0.0768995,0.0669355,0.0591516,0.0275749,0.0564639,
305,0.0,0.0009909,0.0221692,0.071773,0.0296008,0.0384337,0.0543324,0.0768954,0.061648,0.0366967,0.0373838,0.0899559,
306,0.0,0.0019397,0.0472643,0.0356424,0.0269043,0.0461755,0.0583127,0.0923875,0.1165578,0.0998573,0.0511725,0.0946144,
307,0.0,0.0237507,0.0009929,0.0423382,0.0512277,0.0579889,0.0390622,0.0566126,0.0732133,0.0647361,0.0696903,0.0629665,
308,0.0,0.0258319,0.0154706,0.0265287,0.0281966,0.0208482,0.0248353,0.0470048,0.0435363,0.0654609,0.0248602,0.0887886,
309,0.0,0.004913,0.0221387,0.0531067,0.0675706,0.045858,0.020925,0.014504,0.0544695,0.1095516,0.0356721,0.0829332,
310,0.0,0.0058806,0.0341937,0.0273268,0.0388488,0.0402715,0.0283727,0.0466741,0.0562758,0.1095654,0.0364091,0.0789956,
311,0.0,0.0054512,0.0255641,0.042818,0.0766564,0.0185556,0.0061169,0.0628868,0.0743706,0.11837,0.0772564,0.0719199,
312,0.0,0.0046741,0.0152706,0.0545769,0.0657603,0.0802936,0.0172869,0.0749933,0.0597759,0.0945172,0.0640263,0.0899684,
313,0.0,0.0023529,0.0123577,0.0621613,0.0483665,0.0460069,0.047663,0.0633758,0.0276405,0.0686234,0.0497983,0.0619144,
314,0.0,0.0021298,0.0380607,0.0364051,0.0698602,0.0310546,0.0778484,0.0257862,0.0350572,0.0730929,0.0781537,0.0511909,
315,0.0,0.0021028,0.033795,0.0689192,0.0707964,0.0457338,0.0556537,0.025516,0.046583,0.0754599,0.0764626,0.0371708,
316,0.0,0.0022582,0.0100244,0.0658819,0.0697481,0.041296,0.056486,0.0412385,0.0247107,0.0520688,0.0653149,0.0613146,
317,0.0,0.0020892,0.0243132,0.0557147,0.0549153,0.0214353,0.0133615,0.0493827,0.0355479,0.060381,0.0696848,0.0728668,
318,0.0,0.0028857,0.0232452,0.0700471,0.0450196,0.053932,0.0465045,0.0233752,0.0852699,0.0698477,0.0416113,0.0883015,
319,0.0,0.00099,0.0147898,0.0625312,0.0297061,0.0226551,0.0499838,0.0423516,0.0527542,0.046907,0.0549538,0.1084272,
320,0.0,0.0009896,0.017237,0.0400669,0.0187445,0.0250603,0.0504985,0.056307,0.0495506,0.0570118,0.0470844,0.1048228,
321,0.0,0.0031239,0.0044145,0.0307839,0.0364796,0.0796983,0.0264442,0.0409401,0.1420398,0.0582373,0.0416032,0.1050032,
322,0.0,0.0023709,0.003497,0.0341128,0.037742,0.03547,0.0352372,0.0564486,0.071728,0.0462391,0.0500384,0.1193871,
323,0.0,0.0019193,0.0057305,0.0698613,0.0556182,0.0310354,0.0586091,0.0204841,0.0255334,0.0517164,0.0527425,0.1041938,
324,0.0,0.0019271,0.006637,0.0381377,0.0395667,0.0095814,0.0410235,0.0164386,0.0520939,0.0354201,0.0370482,0.0832132,
325,0.0,0.0019526,0.0201694,0.0179938,0.0286923,0.0278707,0.0434834,0.0324751,0.0456457,0.0448041,0.0645908,0.0421009,
326,0.0,0.001023,0.0155432,0.0439365,0.0367734,0.018931,0.0512481,0.0275282,0.0312551,0.0455062,0.071519,0.0112038,
327,0.0,0.0030578,0.0291853,0.0590869,0.0252518,0.068349,0.1095442,0.0425383,0.0218779,0.0848704,0.1115338,0.0465744,
328,0.0,0.0037237,0.0120363,0.037833,0.0420059,0.0482933,0.1465418,0.0550118,0.0817713,0.0683932,0.1457947,0.0951724,
329,0.0,0.0112262,0.0205447,0.1475666,0.0281656,0.1563051,0.2567965,0.0589187,0.0447001,0.0524655,0.1565223,0.0847988,
330,0.0,0.0082096,0.0320709,0.0337899,0.055261,0.0373458,0.1853716,0.0744669,0.0668486,0.1154886,0.1404729,0.0738971,
331,0.0,0.0035682,0.0034882,0.036736,0.0366694,0.0340934,0.0737503,0.0530609,0.0685653,0.1274163,0.1376089,0.1061713,
332,0.0,0.0021679,0.0205733,0.0421693,0.0696715,0.0393866,0.0584135,0.0321236,0.0497578,0.103974,0.1480778,0.0852889,
333,0.0,0.0013321,0.0186686,0.0438652,0.0645631,0.0509648,0.0597821,0.0581465,0.0624552,0.0749561,0.0884478,0.0478585,
334,0.0,0.0005929,0.0104488,0.0315818,0.0325941,0.0279584,0.0280126,0.042614,0.0613533,0.015686,0.0575113,0.0506285,
335,0.0,0.0018773,0.0151777,0.0426572,0.0574978,0.0267556,0.0103189,0.0400443,0.0462243,0.0257945,0.0167901,0.0709819,
336,0.0,0.0012959,0.0075064,0.0260993,0.0676799,0.0361133,0.0247414,0.0667949,0.0231722,0.0255262,0.0180869,0.0613241,
337,0.0,0.0020751,0.0083542,0.0203585,0.0319165,0.0327276,0.0221885,0.051949,0.0440876,0.0263787,0.0293282,0.1004168,
338,0.0,0.0015245,0.0205974,0.0245188,0.0253027,0.1103158,0.0408272,0.0094521,0.0900291,0.0163971,0.0735534,0.0663147,
339,0.0,0.0037772,0.0386918,0.063727,0.0754874,0.1689238,0.0316212,0.0294206,0.1158706,0.029788,0.0764434,0.1141717,
340,0.0,0.0023932,0.0285932,0.0374197,0.0605317,0.1186487,0.0411853,0.1047169,0.1227705,0.0215724,0.0464957,0.0545638,
341,0.0,0.0017268,0.0267243,0.053191,0.0432274,0.0537849,0.0341936,0.0593958,0.0561579,0.0421709,0.0421913,0.1086951,
342,0.0,0.0009886,0.0233772,0.0508053,0.0377731,0.0539915,0.031925,0.0472978,0.0408442,0.0302567,0.0255235,0.1051716,
343,0.0,0.0017661,0.0173028,0.034735,0.0418991,0.0387596,0.0222481,0.0342127,0.013355,0.0299946,0.0525404,0.0720926,
344,0.0,0.0017738,0.0138982,0.0257845,0.076894,0.0558611,0.0322627,0.0412336,0.0154104,0.0356634,0.0508414,0.0614158,
345,0.0,0.0014919,0.0136122,0.02951,0.0710452,0.0413883,0.0453734,0.0464879,0.0315959,0.080026,0.0787036,0.0382286,
346,0.0,0.001281,0.008138,0.0143585,0.0467036,0.0333102,0.0688797,0.0567059,0.0201024,0.063456,0.0868302,0.0224175,
347,1e-07,0.0005179,0.0129817,0.0377038,0.0580019,0.0117396,0.0776434,0.0635948,0.0423452,0.069834,0.0943607,0.0466044,
348,1e-07,0.0025385,0.0034751,0.0169338,0.0320611,0.0350672,0.0907038,0.050108,0.0635331,0.1057175,0.0990179,0.0791729,
349,1e-07,0.0010377,0.0089344,0.0227797,0.038528,0.0295188,0.0727943,0.0643051,0.0551892,0.2007437,0.0654027,0.1353185,
350,0.0,0.0108766,0.0243029,0.0228372,0.0478265,0.052544,0.1379591,0.0867679,0.0288034,0.2073834,0.0911138,0.1888204,
351,0.0,0.0043484,0.0333599,0.022602,0.0159463,0.0367227,0.1571386,0.1468704,0.0615003,0.2415281,0.1162269,0.2182298,
352,0.0,0.0034794,0.0129866,0.0146292,0.0629921,0.0697395,0.1178002,0.1142758,0.0852894,0.2090775,0.1389983,0.1990914,
353,0.0,0.0022971,0.0130265,0.0465391,0.0431596,0.0202866,0.0793591,0.0690884,0.0504808,0.1885123,0.1462689,0.1736378,
354,0.0,0.0075575,0.0131278,0.0465277,0.0281557,0.037735,0.0907392,0.1157228,0.0314454,0.161697,0.1193773,0.1654234,
355,0.0,0.002675,0.0163016,0.043801,0.0820916,0.0513195,0.0627233,0.0975548,0.0677306,0.1154648,0.1106442,0.1841797,
356,0.0,0.0013679,0.0329126,0.0363558,0.0690069,0.0741626,0.0570405,0.0852677,0.0874326,0.0703453,0.1048501,0.164712,
357,1e-07,0.0034071,0.0224086,0.0403346,0.0302024,0.0555884,0.0764872,0.0817438,0.0778858,0.0783952,0.115824,0.1890754,
358,1e-07,0.0032325,0.0228669,0.0563971,0.0702696,0.0409625,0.0954333,0.1179544,0.1271261,0.0543447,0.1362384,0.1582807,
359,1e-07,0.003256,0.0257857,0.0724856,0.0468801,0.0454849,0.1023128,0.1230155,0.0990831,0.1018598,0.1351131,0.1969669,
360,1e-07,0.0020722,0.0177747,0.0511898,0.0511708,0.041097,0.0713079,0.1133088,0.0616454,0.1423515,0.1188784,0.1220533,
361,1e-07,0.0014508,0.0133389,0.0693762,0.0582522,0.0511798,0.0750054,0.1138639,0.0454458,0.1674784,0.1537623,0.1574888,
362,1e-07,0.0055692,0.0256252,0.0623569,0.0394111,0.0537013,0.1344104,0.1502552,0.1175699,0.1991543,0.1511644,0.1525191,
363,1e-07,0.0036475,0.0186748,0.0367598,0.063923,0.0417046,0.1443668,0.1235954,0.0342144,0.1683231,0.1451315,0.2102449,
364,1e-07,0.0014872,0.0216164,0.0255233,0.0478049,0.0326462,0.0804179,0.0149695,0.068785,0.1070072,0.1124478,0.2297944,
365,1e-07,0.0033669,0.0180943,0.0501672,0.0464368,0.0188955,0.0890801,0.0362573,0.0600576,0.0859006,0.1608136,0.2967914,
366,0.0,0.0043201,0.0299078,0.0815962,0.0812905,0.1160837,0.1302715,0.0569554,0.0816055,0.1064578,0.1887692,0.3796137,
367,0.0,0.0050127,0.0370712,0.0416637,0.069483,0.0656487,0.106001,0.1033906,0.0474293,0.1294943,0.1388384,0.3085371,
368,1e-07,0.0013295,0.0477122,0.0211839,0.0813504,0.0620885,0.0851272,0.0871201,0.1301149,0.1134568,0.1342271,0.2138983,
369,1e-07,0.0013389,0.0286536,0.0256291,0.0740925,0.0710852,0.0633624,0.0428165,0.1231856,0.0577553,0.1282378,0.1108753,
370,0.0,0.0012982,0.0523994,0.0087582,0.0746083,0.0116159,0.1229178,0.0461653,0.1102438,0.1041232,0.1394737,0.0956993,
371,0.0,0.0051783,0.0191365,0.03093,0.0431152,0.0388062,0.1343235,0.0848351,0.0795496,0.0472666,0.1733639,0.0998244,
372,0.0,0.003735,0.0542042,0.0317194,0.057049,0.0459118,0.078074,0.069269,0.086396,0.0370579,0.1124331,0.0609802,
373,0.0,0.0017602,0.0403906,0.0294897,0.033979,0.0833378,0.0815403,0.0544745,0.0504862,0.0368105,0.1132089,0.0619726,
374,0.0,0.0013064,0.0173992,0.041768,0.0388457,0.0550608,0.1066235,0.0454961,0.0429873,0.0248445,0.0739113,0.0809261,
375,0.0,0.0005435,0.0308594,0.0385315,0.0403647,0.0566166,0.064179,0.0563293,0.0363448,0.0342734,0.1020948,0.1078833,
376,0.0,0.001713,0.0201303,0.0238646,0.0478721,0.0616069,0.1498308,0.0792117,0.0662226,0.0567043,0.0893563,0.0496539,
377,0.0,0.004496,0.0256377,0.030978,0.1157005,0.1263342,0.2004967,0.1505096,0.0445053,0.047993,0.0981041,0.0490942,
378,0.0,0.0053224,0.0256805,0.0557517,0.0812725,0.08215,0.2073049,0.2743599,0.1737299,0.0519571,0.2926661,0.1138166,
379,0.0,0.0028507,0.0637902,0.0727185,0.0306659,0.1149991,0.1527516,0.183446,0.0716512,0.065843,0.3755451,0.0876833,
380,0.0,0.0029601,0.0247973,0.0359117,0.0347611,0.1393553,0.1048193,0.1135354,0.0607901,0.0729117,0.2456513,0.0833598,
381,0.0,0.0015341,0.0126141,0.051773,0.0467698,0.16439,0.0744478,0.042163,0.0514767,0.0745945,0.1695559,0.1081541,
382,0.0,0.0027916,0.0204901,0.0566332,0.0504389,0.1233134,0.0550793,0.0334344,0.0569744,0.0743654,0.1456898,0.1173727,
383,1e-07,0.0015384,0.022769,0.0395352,0.0758166,0.0874676,0.0496145,0.0445374,0.1231249,0.0704042,0.1302405,0.0484973,
384,0.0,0.002881,0.0280306,0.0557136,0.0696058,0.0331619,0.0229649,0.0450721,0.1773267,0.0516573,0.1322614,0.0535555,
385,0.0,0.0027814,0.0311109,0.0402918,0.0387805,0.0298772,0.026345,0.0671148,0.1100894,0.0550661,0.048474,0.0307537,
386,0.0,0.0025921,0.0113637,0.0573332,0.047296,0.0596464,0.077859,0.0287652,0.0794225,0.0857772,0.0472711,0.0480994,
387,0.0,0.0014928,0.0175906,0.0697302,0.0855555,0.0648906,0.0585479,0.0596698,0.056602,0.1102555,0.0540664,0.1122724,
388,0.0,0.0015593,0.0286187,0.0244691,0.0705927,0.0432539,0.0804563,0.0676744,0.0755788,0.1316395,0.0366002,0.1341797,
389,0.0,0.001939,0.0221572,0.0283996,0.0300021,0.0781972,0.0828674,0.0736268,0.0717543,0.1088628,0.048566,0.1207082,
390,0.0,0.0015476,0.0440029,0.0748298,0.0598394,0.1222143,0.0661408,0.0590437,0.0637105,0.1194599,0.0892183,0.0737545,
391,0.0,0.002289,0.0296967,0.0376079,0.0160367,0.0442686,0.0513346,0.0129569,0.0373959,0.1041639,0.0681018,0.0667753,
392,0.0,0.0012781,0.0247093,0.0503423,0.0384099,0.0428815,0.0495469,0.0263819,0.0240074,0.0710229,0.0212515,0.0735483,
393,0.0,0.0009929,0.0189686,0.0530041,0.079001,0.0514307,0.0161057,0.0215936,0.0184812,0.0787729,0.0174879,0.0869907,
394,0.0,0.0018764,0.0266131,0.018052,0.0787073,0.0752846,0.0116166,0.0221197,0.0098413,0.0832111,0.037655,0.0881194,
395,0.0,0.0020768,0.022434,0.0290921,0.0815615,0.0273966,0.0047709,0.0582627,0.0693165,0.0634571,0.0343052,0.0492951,
396,0.0,0.0025004,0.0269205,0.0272826,0.0893776,0.0767445,0.0257365,0.0589501,0.0865146,0.0536825,0.0720165,0.0433905,
397,0.0,0.008758,0.0251637,0.0260014,0.0865718,0.1030724,0.0563725,0.076694,0.1140724,0.0389802,0.1064639,0.0351178,
398,0.0,0.0061665,0.0306829,0.0425514,0.0742497,0.1277366,0.0951181,0.0791543,0.0736782,0.026966,0.1530747,0.0257341,
399,0.0,0.0045802,0.0221066,0.0757527,0.0707264,0.1991343,0.0882656,0.0494106,0.1388892,0.0531286,0.054688,0.0465421,
400,0.0,0.0035174,0.0157719,0.0347753,0.0362791,0.1640129,0.0568798,0.0766865,0.137724,0.0460028,0.0985031,0.022765,
401,0.0,0.0025155,0.0221517,0.0217077,0.029395,0.1031743,0.0566073,0.0406561,0.0367515,0.0378414,0.1090684,0.0492156,
402,0.0,0.0017316,0.0273954,0.0513327,0.0065879,0.1350706,0.0673788,0.0698135,0.0874147,0.0650962,0.1133315,0.0416532,
403,0.0,0.0015121,0.0272755,0.0355952,0.0466,0.1418053,0.0686998,0.085099,0.1368205,0.1184211,0.0623999,0.0631918,
404,0.0,0.0009853,0.0299378,0.0637166,0.0528846,0.12029,0.0521019,0.0455333,0.0888036,0.0608858,0.0632716,0.0421972,
405,0.0,0.0029001,0.0158499,0.0529375,0.0795506,0.1252035,0.0784279,0.0395761,0.0908254,0.0776375,0.0551191,0.0534752,
406,0.0,0.0044408,0.0211296,0.065028,0.0424708,0.1316,0.1037624,0.0562009,0.0372705,0.0922959,0.0229598,0.0476601,
407,0.0,0.0058001,0.0279167,0.0371954,0.0224262,0.0835423,0.1036079,0.0597,0.0912199,0.0593126,0.0468243,0.0560942,
408,0.0,0.0022337,0.0191355,0.0616957,0.0474754,0.0901987,0.1219971,0.0267376,0.066136,0.0800334,0.0247727,0.0579747,
409,0.0,0.0042208,0.0173753,0.0225955,0.0435775,0.0887892,0.0771821,0.0463796,0.0597384,0.0653542,0.0682907,0.0873486,
410,0.0,0.006186,0.0233427,0.0283167,0.0576371,0.0836756,0.0772196,0.0511687,0.0959996,0.035902,0.0589417,0.0377316,
411,0.0,0.0083326,0.0250065,0.01698,0.0577493,0.0821965,0.067596,0.0414682,0.0175814,0.0466456,0.0682665,0.0395723,
412,0.0,0.0029208,0.027585,0.0536179,0.0409143,0.0646408,0.0714574,0.054431,0.042641,0.0570091,0.033072,0.0422971,
413,0.0,0.002578,0.0196686,0.0492645,0.044114,0.0370706,0.0411122,0.0506729,0.0289661,0.0790671,0.0543587,0.0620636,
414,0.0,0.0031004,0.0458412,0.0464128,0.0535246,0.0459911,0.0875352,0.0412024,0.0529668,0.0710642,0.0832859,0.0707945,
415,0.0,0.0030406,0.0396174,0.0436725,0.0262978,0.0814214,0.0407901,0.0479079,0.0601632,0.0333669,0.0664444,0.0667142,
416,0.0,0.0060166,0.0351997,0.0294359,0.0275257,0.0825231,0.0427405,0.0630465,0.0198806,0.0490312,0.0348566,0.0755634,
417,0.0,0.0040187,0.0340108,0.031266,0.0535735,0.0571214,0.0473785,0.0456136,0.0313513,0.0547934,0.0603098,0.0548094,
418,0.0,0.001901,0.0157828,0.0480057,0.0543854,0.0414613,0.0486295,0.0165617,0.0331627,0.0704139,0.0713391,0.0467753,
419,0.0,0.000959,0.0207584,0.0338101,0.0323311,0.0548251,0.0421474,0.040933,0.0316087,0.0561303,0.0437683,0.0405708,
420,0.0,0.001682,0.015145,0.0286524,0.023225,0.0466082,0.0421539,0.0409397,0.0423316,0.0595303,0.042535,0.0291445,
421,0.0,0.0010023,0.0117733,0.0568261,0.0393178,0.0389404,0.0352468,0.0520515,0.0439899,0.0685529,0.0396033,0.039594,
422,0.0,0.0012765,0.0114993,0.0201477,0.0394062,0.0513784,0.0191178,0.0146128,0.026524,0.0213621,0.0277153,0.0654936,
423,0.0,0.0021061,0.0146304,0.0231002,0.0486214,0.0547275,0.0145967,0.0320186,0.0403022,0.0171223,0.0154309,0.0499395,
424,0.0,0.0014955,0.011432,0.0397352,0.0448519,0.050782,0.0339444,0.0338164,0.0432986,0.0282524,0.0535632,0.0297883,
425,0.0,0.0045786,0.0192348,0.052017,0.0698598,0.0265042,0.0305532,0.0150613,0.1248461,0.0518054,0.0498814,0.0281806,
426,0.0,0.0020745,0.0104396,0.0149806,0.0115684,0.0548067,0.0500983,0.0154348,0.0738691,0.0783828,0.0180463,0.0921144,
427,0.0,0.0009912,0.0224041,0.036762,0.0064601,0.0170001,0.0397339,0.0226279,0.0517891,0.0681073,0.0246809,0.0317511,
428,0.0,0.0005868,0.0107738,0.0445689,0.0131313,0.0288237,0.0262763,0.0476131,0.0444991,0.0346295,0.0314123,0.048754,
429,0.0,0.0005048,0.0088824,0.054413,0.0257709,0.032148,0.0400786,0.0592843,0.0686412,0.0292174,0.0507314,0.0466468,
430,0.0,0.0004989,0.0162784,0.0387466,0.0301377,0.0130296,0.0360148,0.0510436,0.0583384,0.0458145,0.0337502,0.0625416,
431,0.0,0.0010467,0.0112864,0.0403558,0.0223073,0.0445843,0.0332821,0.0365152,0.0396014,0.0464794,0.0276421,0.010145,
432,0.0,0.0012924,0.0122646,0.0656249,0.0319433,0.0392608,0.0253022,0.0465381,0.0387189,0.0520307,0.0247777,0.0739301,
433,0.0,0.0024506,0.0154357,0.0564853,0.0552539,0.0231969,0.0340531,0.0492128,0.0480367,0.0804722,0.0488872,0.0516017,
434,0.0,0.0018201,0.0121411,0.03347,0.0656882,0.0563634,0.0337363,0.0407613,0.0318117,0.1008777,0.0489772,0.054895,
435,0.0,0.0012984,0.0158858,0.0673101,0.0501925,0.0409608,0.0433005,0.0198046,0.023106,0.0554965,0.027897,0.0649809,
436,0.0,0.0016664,0.00581,0.0757156,0.0442911,0.0283667,0.0287198,0.012608,0.0357773,0.0667757,0.0165297,0.0920091,
437,0.0,0.0014967,0.0107226,0.0402639,0.052807,0.0196432,0.0593649,0.0477914,0.0351584,0.0529606,0.0284743,0.0517251,
438,0.0,0.0022941,0.0168286,0.0460513,0.0631883,0.0393895,0.0775192,0.0669335,0.0379551,0.071575,0.0393037,0.0834581,
439,0.0,0.0011899,0.0188282,0.051647,0.0522089,0.0428371,0.0608143,0.0284718,0.0310279,0.0380584,0.0250277,0.0727137,
440,0.0,0.0022996,0.0118102,0.0221893,0.0400518,0.0375537,0.0785679,0.0321567,0.0260564,0.0459053,0.0335176,0.0450363,
441,0.0,0.0021934,0.0153253,0.0128639,0.0536524,0.0108656,0.0519463,0.0427995,0.0622002,0.0567177,0.063606,0.0319522,
442,0.0,0.001445,0.0129429,0.0328375,0.0374299,0.0253527,0.0488246,0.0253218,0.0930282,0.0568974,0.03168,0.046596,
443,0.0,0.0011968,0.0119014,0.0259981,0.0180265,0.0325267,0.0437553,0.0516426,0.0606928,0.062588,0.0181317,0.0969408,
444,0.0,0.0004776,0.0165668,0.0443342,0.0126354,0.0341072,0.0411967,0.0708894,0.0258472,0.0181881,0.0522604,0.0590908,
445,0.0,0.0021668,0.0199666,0.0679921,0.027714,0.0477847,0.0972872,0.079515,0.0124449,0.0523983,0.0274538,0.019216,
446,0.0,0.0012687,0.0115994,0.0635784,0.0344863,0.0327761,0.0760932,0.0769882,0.0585589,0.0792313,0.041261,0.0528703,
447,0.0,0.001272,0.0156062,0.074095,0.0927611,0.0659693,0.055843,0.055308,0.035936,0.0768159,0.0549791,0.0646455,
448,0.0,0.0017101,0.0288653,0.0937909,0.0864119,0.0886167,0.1118958,0.0939644,0.0798094,0.0187022,0.0757483,0.0795886,
449,0.0,0.0023067,0.0395241,0.1203788,0.0618961,0.1060103,0.076862,0.1245968,0.1239278,0.0226511,0.0855053,0.139239,
450,0.0,0.0005049,0.0178072,0.0705509,0.0223525,0.0443606,0.0326116,0.0184182,0.0746633,0.0394224,0.0517887,0.08399,
451,0.0,0.0005075,0.0203171,0.0461592,0.0448157,0.0292424,0.0331938,0.0635855,0.0940601,0.0382546,0.0883823,0.0962468,
452,0.0,0.0005963,0.0075271,0.0256795,0.0850968,0.0321909,0.0867646,0.0686631,0.0964461,0.0366328,0.0367084,0.0797382,
453,0.0,0.0009402,0.0104312,0.0304795,0.0636557,0.0362451,0.0313079,0.0558661,0.0549579,0.0429531,0.0297426,0.0465824,
454,0.0,0.0018805,0.0081305,0.0319161,0.0457538,0.0654675,0.0716514,0.0362125,0.0677047,0.0249877,0.0544163,0.0519684,
455,0.0,0.0025784,0.0062073,0.0287575,0.087524,0.0308501,0.1015633,0.0428491,0.0541116,0.0179294,0.0390762,0.0330494,
456,0.0,0.0053998,0.0057758,0.0258861,0.0574789,0.0670729,0.0777589,0.0236634,0.02907,0.019379,0.0353892,0.0212699,
457,0.0,0.0057449,0.0263265,0.0441914,0.0701593,0.0709359,0.0356327,0.0644006,0.0352611,0.0279493,0.0324333,0.055529,
458,0.0,0.0065169,0.0482536,0.0397212,0.0534505,0.0578143,0.0350393,0.037977,0.0574956,0.045761,0.0388211,0.0491487,
459,0.0,0.0070293,0.0335851,0.048328,0.0498039,0.1336604,0.0794782,0.0494127,0.0604883,0.0534816,0.035465,0.0325483,
460,0.0,0.0071489,0.0182587,0.0405934,0.0564701,0.1276617,0.0456554,0.0445423,0.0519618,0.0246834,0.0605523,0.0133163,
461,0.0,0.0137839,0.0091136,0.0396057,0.0496909,0.1130543,0.0718656,0.0588038,0.052503,0.0934025,0.0715116,0.0526459,
462,0.0,0.0039159,0.0246584,0.029882,0.0434148,0.1246996,0.039025,0.0526054,0.052997,0.0826739,0.0704392,0.0614731,
463,0.0,0.0040881,0.0250136,0.0096153,0.0246288,0.053374,0.045761,0.0339652,0.053524,0.050946,0.0411247,0.0542591,
464,0.0,0.0024116,0.0284702,0.0247205,0.0353248,0.0398255,0.0561163,0.0112944,0.0443888,0.0551058,0.0294907,0.0455279,
465,0.0,0.0019528,0.0270345,0.03402,0.045218,0.0222888,0.0536152,0.0485965,0.0263498,0.0466755,0.0414933,0.0776443,
466,0.0,0.001329,0.0113705,0.0331599,0.0501885,0.0252891,0.0440462,0.0569152,0.0712381,0.0313358,0.0235053,0.0503394,
467,0.0,0.0026522,0.0099043,0.0554421,0.0443685,0.0496658,0.0221028,0.0553724,0.0492098,0.0103045,0.0450802,0.0259494,
468,0.0,0.0012735,0.0103576,0.0572937,0.0271188,0.0389728,0.0169156,0.0555108,0.0794723,0.0344488,0.0305144,0.039027,
469,0.0,0.0016976,0.0104126,0.0518752,0.0418946,0.0410258,0.0232644,0.0501628,0.0810081,0.0329376,0.0455775,0.0426487,
470,0.0,0.001226,0.0099437,0.0191137,0.0358524,0.0346072,0.0233233,0.0452552,0.0813169,0.0414201,0.0510896,0.0587619,
471,0.0,0.0018601,0.0102313,0.0329842,0.0300865,0.0470299,0.0270508,0.0431852,0.0639457,0.0624612,0.070626,0.0870176,
472,0.0,0.003048,0.0196798,0.0454818,0.038272,0.0324996,0.0274605,0.0296527,0.0544994,0.0622187,0.108622,0.0887216,
473,0.0,0.0021324,0.0228426,0.0543474,0.0407782,0.0370061,0.0460095,0.0235847,0.1211997,0.0770315,0.1112631,0.0705033,
474,0.0,0.0012678,0.029132,0.0412306,0.0123034,0.0311621,0.0694546,0.1206633,0.2058485,0.1282074,0.0798956,0.0671621,
475,0.0,0.0004679,0.0190093,0.0444739,0.047231,0.0343732,0.0566729,0.0437337,0.2226601,0.1138254,0.076312,0.0449731,
476,0.0,0.0018078,0.0211106,0.0489408,0.0719028,0.0310047,0.0336153,0.0679322,0.1969478,0.0494764,0.1090307,0.0832204,
477,0.0,0.0009165,0.0167399,0.0488778,0.0698369,0.027196,0.0252068,0.0396062,0.0618672,0.01774,0.0794131,0.078848,
478,0.0,0.0014444,0.0141618,0.0440013,0.0610199,0.0161511,0.024231,0.0382295,0.044871,0.0178876,0.0724757,0.0759505,
479,0.0,0.0012114,0.0088869,0.0439147,0.0380154,0.057813,0.0283025,0.0367744,0.0263718,0.0158762,0.0637005,0.074203,
480,0.0,0.0021788,0.023142,0.0497947,0.055833,0.0335327,0.0408296,0.061336,0.0848777,0.0312254,0.0549256,0.0652591,
481,0.0,0.0012722,0.0099814,0.0505258,0.0706313,0.0389196,0.0155065,0.0284434,0.0501375,0.0350109,0.0350952,0.0528767,
482,0.0,0.0022061,0.0085607,0.0478957,0.0551076,0.0385934,0.0409488,0.0729901,0.0621772,0.060048,0.0206026,0.0320786,
483,0.0,0.00292,0.0226108,0.0859994,0.0919717,0.0213868,0.0515639,0.0694773,0.114855,0.0779465,0.0247878,0.0332847,
484,1e-07,0.0032449,0.0330631,0.0340295,0.093983,0.0531146,0.0281735,0.0699858,0.096024,0.1360005,0.052488,0.1035347,
485,0.0,0.0025562,0.0205151,0.0545622,0.0682288,0.0599975,0.0170384,0.0440104,0.0773014,0.1470836,0.054236,0.1441719,
486,1e-07,0.0032701,0.0530321,0.063747,0.0295849,0.045929,0.0457667,0.0564421,0.0485856,0.0691791,0.1044942,0.0509396,
487,0.0,0.0019658,0.0180069,0.0529077,0.0319467,0.0428326,0.0324118,0.057753,0.0438655,0.0509875,0.0762891,0.0538703,
488,1e-07,0.0020897,0.00933,0.0107451,0.0534286,0.0530166,0.0683235,0.046176,0.0569884,0.0656184,0.05108,0.0389751,
489,0.0,0.0031955,0.0233193,0.0221767,0.0545669,0.0776459,0.1241582,0.0577401,0.0994195,0.0429581,0.10022,0.0472583,
490,0.0,0.0038651,0.0207157,0.0538391,0.1046729,0.0786576,0.1543528,0.1134864,0.0957274,0.124359,0.1032573,0.0244415,
491,0.0,0.0025555,0.0080009,0.0740698,0.092735,0.0605743,0.1395817,0.077373,0.0769236,0.0496514,0.1135756,0.1183922,
492,0.0,0.0039186,0.0112756,0.0563244,0.0290148,0.0552266,0.1036765,0.0636588,0.0875716,0.0319071,0.1282577,0.1006618,
493,0.0,0.0036555,0.0336738,0.0267515,0.0535131,0.0543758,0.0528182,0.0834155,0.0574786,0.0516991,0.1283872,0.0688149,
494,1e-07,0.0020774,0.0159136,0.0427563,0.0574189,0.0385421,0.0297149,0.0627156,0.0402442,0.0796426,0.1310541,0.1576174,
495,0.0,0.0012783,0.0159339,0.0448829,0.0524899,0.0827523,0.0448183,0.0755879,0.0412675,0.1267543,0.1451188,0.1605712,
496,1e-07,0.0014467,0.0099159,0.0397833,0.0398479,0.0750944,0.0880542,0.0741342,0.1744174,0.0840642,0.1490507,0.1268507,
497,1e-07,0.0058577,0.043388,0.0672515,0.0527175,0.0860727,0.1987402,0.0526027,0.1319252,0.1324734,0.131726,0.1324396,
498,1e-07,0.0027701,0.0398743,0.0201489,0.0308134,0.0881764,0.1824054,0.073325,0.0900839,0.0841516,0.0577532,0.070525,
499,0.0,0.0022828,0.0198494,0.0350378,0.0607682,0.086652,0.12303,0.0816485,0.1189389,0.0875309,0.0426121,0.0652429,
500,0.0,0.001422,0.0174103,0.0380386,0.084213,0.0824548,0.1402301,0.0676481,0.1414557,0.1115162,0.0619727,0.0525262,
501,0.0,0.0014191,0.0309927,0.0402345,0.092869,0.0611663,0.1074787,0.0246447,0.1112625,0.043456,0.0238637,0.1080114,
502,0.0,0.0011774,0.030942,0.0498874,0.0753101,0.0293943,0.1311763,0.1078752,0.050423,0.034941,0.0183651,0.115771,
503,0.0,0.0021387,0.0141142,0.0367412,0.0572949,0.0598376,0.0309881,0.0668976,0.0569865,0.0376681,0.0225135,0.1078638,
504,0.0,0.0014171,0.0063038,0.0207779,0.0743722,0.0251617,0.0253735,0.0688553,0.0974627,0.0688115,0.0415578,0.1238535,
505,0.0,0.0016411,0.0104182,0.0404354,0.0742586,0.0206914,0.0480115,0.066403,0.0764583,0.0346949,0.0373906,0.1174835,
506,0.0,0.0021066,0.0136748,0.0347259,0.0375412,0.0075255,0.0307921,0.0257885,0.0623487,0.0518036,0.0335967,0.0910368,
507,0.0,0.0019337,0.0233751,0.0745609,0.070202,0.0306197,0.0045524,0.042531,0.0807033,0.0385681,0.0442233,0.0596149,
508,0.0,0.0004454,0.023694,0.0807284,0.0461568,0.03442,0.0243698,0.0459711,0.0857022,0.039119,0.0580268,0.0531228,
509,0.0,0.0011813,0.0090008,0.0656103,0.0678376,0.0310491,0.0319881,0.0343323,0.0153784,0.0380498,0.0591635,0.0628046,
510,0.0,0.001956,0.0154485,0.055191,0.0678122,0.0403929,0.040252,0.0793284,0.0397609,0.026115,0.0470447,0.0525648,
511,0.0,0.0036249,0.0242721,0.0799891,0.0293449,0.0421626,0.0363519,0.0920714,0.0496507,0.0266175,0.0598391,0.0496317,
512,0.0,0.0018135,0.0210444,0.0595523,0.0280111,0.0474209,0.0382136,0.0631932,0.0566496,0.0150579,0.0806391,0.0277712,
513,0.0,0.0080894,0.0153465,0.0250296,0.0425441,0.0355939,0.0348251,0.0726978,0.0450874,0.027003,0.0925836,0.0181218,
514,0.0,0.0033498,0.0289416,0.0361838,0.0305819,0.0356178,0.0423538,0.0491227,0.0648287,0.0255701,0.0756325,0.0284804,
515,0.0,0.0062719,0.0251774,0.0152131,0.0265214,0.0192345,0.0336243,0.0494145,0.0559996,0.0389493,0.0683041,0.0346101,
516,0.0,0.0068708,0.0259157,0.0196879,0.0366868,0.0204377,0.0454341,0.0559195,0.0787423,0.0369716,0.1116522,0.0616695,
517,0.0,0.0081816,0.0180483,0.0188645,0.0262157,0.0190318,0.0408877,0.0494114,0.0538075,0.0189397,0.1112166,0.0209287,
518,0.0,0.0119543,0.0210709,0.0282078,0.0127502,0.0459926,0.0305867,0.0377265,0.0325392,0.0324452,0.105402,0.0362191,
519,0.0,0.0114015,0.0143869,0.0399471,0.0178647,0.0435335,0.0493856,0.06569,0.0354583,0.0558422,0.1021376,0.0419607,
520,0.0,0.0092497,0.0107295,0.0289538,0.0211985,0.0096356,0.067863,0.0310572,0.0480493,0.0612389,0.1241531,0.0642985,
521,0.0,0.0074158,0.0092035,0.0470279,0.0288179,0.0486987,0.0840745,0.043179,0.0589449,0.0558574,0.1082359,0.1891151,
522,0.0,0.0098617,0.01557,0.0096502,0.0357124,0.0310441,0.0868188,0.0609319,0.0587393,0.0795363,0.1032199,0.1163831,
523,0.0,0.0128241,0.0183806,0.0190539,0.0436987,0.0369743,0.0886832,0.0264669,0.0539352,0.1146883,0.0687399,0.1209401,
524,0.0,0.0141571,0.0114634,0.021009,0.0444924,0.0552809,0.0919331,0.0207509,0.0399276,0.1097805,0.0839689,0.1083833,
525,0.0,0.00854,0.0523194,0.0253154,0.0213515,0.0806324,0.0739197,0.0251613,0.026634,0.0783333,0.0954289,0.1410602,
526,0.0,0.0059017,0.0644902,0.0285726,0.0418046,0.0577564,0.0806698,0.0429512,0.0277171,0.0556844,0.0998515,0.1375395,
527,0.0,0.0033487,0.0509684,0.0594172,0.0754924,0.0431045,0.0830942,0.0460908,0.0274269,0.0324609,0.1240593,0.162918,
528,0.0,0.0055416,0.0705351,0.0369836,0.0378668,0.0306949,0.1121945,0.0464231,0.0817117,0.0573765,0.147735,0.1552919,
529,0.0,0.0059728,0.0598384,0.0225569,0.049265,0.0304615,0.1644869,0.0668526,0.0799449,0.0646516,0.116451,0.2255143,
530,0.0,0.0079282,0.0874663,0.0502499,0.0382265,0.0311911,0.0707446,0.0576762,0.0535853,0.0318459,0.1674731,0.1936364,
531,1e-07,0.0016603,0.0369254,0.0094877,0.0387249,0.0381975,0.0527569,0.0380837,0.1085556,0.0550065,0.1835029,0.1498298,
532,1e-07,0.0037501,0.0294893,0.029773,0.0420053,0.0293072,0.0554445,0.1097112,0.0943062,0.0718153,0.2071673,0.1431516,
533,0.0,0.0035768,0.0227975,0.0907741,0.051433,0.0192269,0.0322586,0.1170414,0.0622623,0.1142844,0.2371033,0.1310103,
534,0.0,0.0014327,0.0314422,0.0866525,0.0267947,0.063943,0.0398762,0.182666,0.1953751,0.0895802,0.2573667,0.1589849,
535,0.0,0.0031724,0.02827,0.030442,0.0448404,0.0427999,0.0465739,0.1014906,0.1244698,0.0446251,0.203102,0.1820749,
536,0.0,0.0028158,0.0306645,0.042057,0.0428097,0.016231,0.0423462,0.1039891,0.0802364,0.0473499,0.1531003,0.1492073,
537,0.0,0.0015031,0.0197844,0.0449755,0.0496432,0.0213909,0.0652367,0.057365,0.1085366,0.1147537,0.1867107,0.0843405,
538,0.0,0.0021083,0.0200621,0.0376848,0.0662513,0.0346647,0.1172137,0.0577738,0.0928874,0.129986,0.2597065,0.1134674,
539,0.0,0.0021627,0.0292567,0.0534567,0.039898,0.0475228,0.0456655,0.0744344,0.0433055,0.0442824,0.1993965,0.1166806,
540,0.0,0.0014258,0.0417637,0.0441806,0.034819,0.0567099,0.0429676,0.0685491,0.1072886,0.0638713,0.1160662,0.1152391,
541,0.0,0.0019486,0.0366388,0.0112123,0.1342616,0.0467221,0.1270592,0.2020218,0.2498967,0.1021879,0.1669602,0.2692763,
542,0.0,0.0030949,0.0238646,0.023347,0.065873,0.0478995,0.1347732,0.2429917,0.2796937,0.0804585,0.2077795,0.3002285,
543,0.0,0.0028283,0.0423564,0.0365857,0.0552038,0.0386839,0.1041656,0.1710816,0.2093429,0.0598465,0.1721626,0.23148,
544,0.0,0.0013846,0.0292497,0.0391401,0.0648349,0.0303797,0.0494705,0.0337922,0.1344446,0.1089705,0.1330223,0.1273994,
545,0.0,0.0014985,0.0188623,0.072205,0.0617516,0.0552324,0.0423589,0.0408663,0.0898762,0.0468545,0.1028446,0.0998826,
546,0.0,0.0022869,0.0131395,0.0783281,0.0540168,0.0565579,0.0217214,0.0908192,0.1037221,0.0539754,0.1263934,0.0721533,
547,0.0,0.0028518,0.0179578,0.0782125,0.0518531,0.0714084,0.0674084,0.0811962,0.1093551,0.0466641,0.181132,0.0981596,
548,0.0,0.0019088,0.0188527,0.0449778,0.0751713,0.0519194,0.0474154,0.091444,0.094718,0.0718164,0.2010796,0.049618,
549,0.0,0.0036947,0.0069949,0.0492485,0.0364276,0.0620604,0.0720615,0.1300374,0.1189333,0.0276928,0.2557499,0.0659481,
550,0.0,0.0037695,0.0178574,0.0225118,0.0238426,0.023149,0.0799219,0.1830603,0.153329,0.0263943,0.1982689,0.1353524,
551,0.0,0.0027783,0.0240943,0.0182213,0.0291798,0.0436674,0.115821,0.1332162,0.0838527,0.0492643,0.2354723,0.0606705,
552,0.0,0.0039525,0.0261142,0.0247019,0.0428967,0.0749967,0.0304596,0.069057,0.0442157,0.0195326,0.1781773,0.106806,
553,1e-07,0.0035915,0.0333065,0.0593841,0.0380023,0.0892875,0.0533255,0.0648316,0.0434113,0.068443,0.1334422,0.1672264,
554,1e-07,0.014585,0.0261725,0.0486106,0.0364749,0.0643426,0.0826436,0.0982928,0.0563314,0.0725231,0.1800554,0.0840308,
555,1e-07,0.0056663,0.0347338,0.0646761,0.0715093,0.0539832,0.0484036,0.0687542,0.0980622,0.0336611,0.1475008,0.0761607,
556,0.0,0.0028049,0.0332095,0.0162511,0.0629839,0.0564815,0.0375091,0.0514592,0.0885076,0.0596876,0.136135,0.043731,
557,0.0,0.007278,0.0815117,0.0842295,0.0646269,0.0579714,0.0261548,0.0751672,0.1121448,0.0147061,0.1166795,0.0301926,
558,0.0,0.0079091,0.0745077,0.0676246,0.1089057,0.0520151,0.0353391,0.1165565,0.1091791,0.0343101,0.0809605,0.0885804,
559,0.0,0.0105691,0.0725616,0.061201,0.0851362,0.0555366,0.0431368,0.0466645,0.0689825,0.0273551,0.1046808,0.0138545,
560,0.0,0.011252,0.0649135,0.0670991,0.0575309,0.0642967,0.0295381,0.0518313,0.0644656,0.0244345,0.0992699,0.0469421,
561,0.0,0.0145491,0.0616416,0.0849418,0.085062,0.109855,0.0585216,0.104377,0.1052775,0.0343761,0.1598067,0.0947585,
562,1e-07,0.009717,0.0637832,0.0946098,0.052508,0.097866,0.0455809,0.098531,0.0949468,0.0614718,0.1515715,0.0264456,
563,1e-07,0.004735,0.0417946,0.047968,0.0312741,0.047123,0.0761882,0.0695656,0.0785821,0.0789997,0.1017611,0.0661435,
564,1e-07,0.006316,0.0477174,0.0610308,0.0366103,0.0882971,0.0471782,0.0533393,0.0911442,0.0627271,0.0773877,0.0812227,
565,0.0,0.0071803,0.0346087,0.0732829,0.0699188,0.0555374,0.0160685,0.0660961,0.0734887,0.0598206,0.1106785,0.062672,
566,0.0,0.0052156,0.0187023,0.0590108,0.0231406,0.0409492,0.0490298,0.0715481,0.0736279,0.041307,0.0960889,0.060166,
567,0.0,0.0034655,0.0232572,0.0516956,0.0377064,0.0396312,0.0595196,0.0761285,0.0563656,0.0320952,0.1315047,0.0784176,
568,0.0,0.0045563,0.0351408,0.0532587,0.0253122,0.0464557,0.034034,0.0507938,0.0856964,0.0621355,0.1380443,0.0999157,
569,0.0,0.0049633,0.0381571,0.0579644,0.0102183,0.0444547,0.031037,0.0635774,0.091794,0.0379003,0.1106248,0.1015003,
570,0.0,0.0035114,0.0361648,0.034044,0.0292119,0.0341124,0.0423762,0.0702646,0.0562359,0.0348872,0.1081597,0.0876617,
571,0.0,0.0028136,0.0433402,0.0445353,0.0271246,0.059847,0.0459909,0.063528,0.0677462,0.0330426,0.1098528,0.0747337,
572,0.0,0.0053212,0.0254686,0.0527118,0.0226265,0.0533873,0.0279366,0.037241,0.0525283,0.0457395,0.107808,0.1227688,
573,0.0,0.0081143,0.0180068,0.0428553,0.0368139,0.0731756,0.032922,0.0455661,0.0501154,0.0183891,0.0860958,0.115922,
574,0.0,0.0015107,0.020442,0.0342917,0.0569321,0.0434089,0.0389298,0.055847,0.0496649,0.0061701,0.0849638,0.1158763,
575,0.0,0.0016183,0.0296482,0.0306086,0.0744025,0.0343654,0.0412998,0.0569086,0.0733122,0.0404778,0.0941127,0.1506325,
576,0.0,0.0021054,0.0227139,0.0116047,0.0883638,0.0240138,0.1022775,0.0742626,0.0709089,0.0698664,0.0979948,0.1525393,
577,0.0,0.0021631,0.020668,0.0215072,0.0779351,0.0104308,0.0698951,0.0806428,0.0457476,0.027706,0.1103473,0.1470361,
578,0.0,0.0033336,0.0085591,0.0323906,0.0692968,0.0238359,0.080678,0.0801106,0.0356142,0.018506,0.0989437,0.159855,
579,0.0,0.001681,0.0335168,0.0391184,0.0605636,0.0401384,0.1004593,0.0860759,0.0302505,0.0743626,0.1027203,0.114943,
580,0.0,0.0022307,0.0406837,0.0647362,0.0405438,0.0454338,0.0633816,0.0659611,0.1243936,0.1000364,0.1216094,0.1147288,
581,0.0,0.0020292,0.0408181,0.0632283,0.0310329,0.073991,0.0642303,0.0881486,0.1373828,0.144003,0.0978964,0.132463,
582,0.0,0.0056866,0.0652839,0.0715871,0.01906,0.084648,0.0719865,0.0626082,0.1173855,0.1625186,0.0988827,0.1175949,
583,0.0,0.0127175,0.0544399,0.0351521,0.046951,0.099852,0.1180411,0.0540543,0.0743881,0.3289379,0.0698716,0.1318086,
584,0.0,0.0113945,0.0532143,0.0544517,0.1024733,0.1330807,0.0835106,0.0563994,0.1326499,0.2129955,0.0761061,0.1178628,
585,0.0,0.0300633,0.0778977,0.0777414,0.0587274,0.1078499,0.0636325,0.06868,0.1124718,0.0493619,0.0606758,0.0863293,
586,0.0,0.0306498,0.0765231,0.0553241,0.036695,0.1024766,0.0590449,0.0575424,0.074787,0.0157915,0.0769703,0.0471812,
587,0.0,0.0061123,0.0442362,0.0566931,0.0496888,0.0701184,0.0502483,0.0600749,0.0670616,0.0271296,0.1037192,0.0508737,
588,0.0,0.0060016,0.047467,0.0475684,0.0349696,0.0825379,0.0882089,0.058463,0.0872083,0.0156549,0.0609829,0.0841722,
589,0.0,0.0109799,0.0507586,0.0464549,0.0642524,0.1029239,0.0886338,0.1132701,0.0783841,0.0252028,0.0452389,0.1058266,
590,0.0,0.0120068,0.0680677,0.0192136,0.0214084,0.075922,0.0508638,0.0614825,0.0845187,0.035153,0.0483838,0.044191,
591,0.0,0.0120546,0.0372531,0.0320286,0.0360794,0.0739493,0.0687228,0.0238507,0.0776777,0.055182,0.1050425,0.0178807,
592,0.0,0.0013864,0.0078246,0.0646183,0.0417312,0.040263,0.0428335,0.0315284,0.0710223,0.0448805,0.0438432,0.0295364,
593,0.0,0.0030242,0.039756,0.0720447,0.0497148,0.0571259,0.0242745,0.0566702,0.0649192,0.0162996,0.0169774,0.036307,
594,0.0,0.0040328,0.0273046,0.0498917,0.0432851,0.035012,0.0357194,0.0356225,0.0263825,0.0289664,0.0616333,0.1304269,
595,0.0,0.0034191,0.0182959,0.0468874,0.0566566,0.0397349,0.0427135,0.0561018,0.0561285,0.0325456,0.056789,0.0732853,
596,0.0,0.0013651,0.0135789,0.0354609,0.0685118,0.0119813,0.0372199,0.0655541,0.065433,0.0243609,0.0883732,0.074647,
597,0.0,0.003447,0.0117656,0.042913,0.0571715,0.0290525,0.0428809,0.0565634,0.0513702,0.0380474,0.0617443,0.0522275,
598,0.0,0.0035999,0.0146884,0.0536733,0.0503765,0.0542733,0.042841,0.0533114,0.0289618,0.0535228,0.0476203,0.100673,
599,0.0,0.0114424,0.0239403,0.0779501,0.0725804,0.0497839,0.0563097,0.0577417,0.0354948,0.0475904,0.0584257,0.1397351,
600,0.0,0.0042782,0.0247813,0.0570746,0.0759196,0.0309424,0.0169801,0.0403496,0.0335828,0.0455209,0.0422419,0.1300972,
601,0.0,0.0048548,0.0421114,0.0485099,0.0327007,0.0268769,0.037589,0.0391065,0.0289687,0.0528655,0.0464813,0.0398519,
602,0.0,0.0094607,0.0327231,0.0360547,0.0623243,0.0578394,0.035299,0.0711649,0.0315464,0.0287935,0.0492779,0.0265655,
603,0.0,0.015573,0.0236211,0.0428071,0.0574252,0.0580484,0.0298401,0.0774159,0.0345334,0.1059546,0.051817,0.0426793,
604,0.0,0.0068929,0.0431836,0.0507327,0.0393439,0.009975,0.0681244,0.0654264,0.078669,0.0708881,0.0353914,0.0930971,
605,0.0,0.0034202,0.0179699,0.0544159,0.0650358,0.0333655,0.0725434,0.0823727,0.0517477,0.0429388,0.0332711,0.1092496,
606,0.0,0.0338011,0.0453996,0.0671443,0.1031879,0.0477455,0.0885102,0.1015011,0.2075471,0.0631548,0.0383769,0.0678294,
607,0.0,0.030116,0.0696012,0.1277423,0.10318,0.0830383,0.0947984,0.0151267,0.2200817,0.068152,0.0546453,0.0702272,
608,0.0,0.0059046,0.0108799,0.0394408,0.0807923,0.0768771,0.1091086,0.072731,0.1092348,0.0826146,0.0706568,0.0534857,
609,0.0,0.006791,0.0317683,0.0806088,0.0395066,0.0581281,0.0633318,0.0391871,0.1179245,0.0922208,0.0556036,0.0582622,
610,0.0,0.0073078,0.0449643,0.0692293,0.0357492,0.038918,0.0506448,0.0557542,0.090963,0.0679937,0.045367,0.0277685,
611,0.0,0.0077063,0.0307938,0.064679,0.0511325,0.0372041,0.050221,0.0580207,0.0956198,0.0447928,0.0636162,0.0321007,
612,0.0,0.0022558,0.0323549,0.0516641,0.0433251,0.0699018,0.0757136,0.0741048,0.1040902,0.1418617,0.0615149,0.0426545,
