#Time_ps,0,0.5,1,2,3,5,10,20,30,50,100,200,
1,1e-07,0.0006692,0.0387618,0.0278834,0.0423835,0.0185773,0.084611,0.0715113,0.0908393,0.0841474,0.0892685,0.0847234,
2,1e-07,0.0009801,0.0292084,0.0672222,0.0409792,0.0443921,0.0915525,0.0103999,0.0261201,0.1572812,0.0803495,0.0632957,
3,1e-07,0.0016592,0.0334553,0.0746773,0.0395493,0.0489949,0.0797579,0.0114948,0.0683876,0.1235695,0.0253424,0.0553216,
4,1e-07,0.0020103,0.024142,0.0514868,0.0421682,0.0324472,0.052433,0.0288662,0.0394603,0.0785635,0.0311618,0.0829672,
5,0.0,0.0017996,0.0335861,0.0253986,0.043782,0.0302248,0.0590357,0.0634079,0.0391962,0.043788,0.0255628,0.0360225,
6,1e-07,0.0021481,0.016752,0.0305034,0.040848,0.0318267,0.0203536,0.0536183,0.0266104,0.0192226,0.0577239,0.0684812,
7,1e-07,0.0019557,0.0265545,0.0142547,0.0361403,0.0505811,0.0322869,0.0503032,0.0618685,0.0328118,0.0517843,0.0832092,
8,1e-07,0.0016939,0.021032,0.0295681,0.0538937,0.0547938,0.0499758,0.0203794,0.0867842,0.0169858,0.0149137,0.0343704,
9,0.0,0.0008496,0.0256817,0.031132,0.0426523,0.0823332,0.0419447,0.020127,0.0674564,0.0837465,0.0144119,0.0262649,
10,0.0,0.0008504,0.0105069,0.0211945,0.0309287,0.0543339,0.0241062,0.0605593,0.0449137,0.0759835,0.0631295,0.0133943,
11,0.0,0.0020156,0.006224,0.0569634,0.0254099,0.056378,0.0210672,0.0670375,0.0669725,0.0397033,0.011384,0.0408979,
12,0.0,0.0004373,0.0178674,0.0138034,0.0462361,0.0370268,0.0220896,0.0522016,0.0453724,0.0528428,0.0405913,0.0484165,
13,0.0,0.0011748,0.0407283,0.0212743,0.0265595,0.07965,0.0359782,0.0435512,0.0551257,0.0617633,0.0570965,0.0267038,
14,0.0,0.0011717,0.0719526,0.029309,0.0311372,0.0762088,0.0244102,0.0680233,0.035376,0.0969204,0.0565197,0.0329716,
15,0.0,0.005805,0.0703171,0.0383066,0.0726184,0.0305636,0.0248975,0.1114819,0.122982,0.0689068,0.0531731,0.0617425,
16,0.0,0.0031215,0.0100781,0.0218361,0.0479005,0.0291057,0.061967,0.0575003,0.0712105,0.0263021,0.0323674,0.0482127,
17,0.0,0.0033517,0.0261488,0.0111216,0.0461017,0.0501851,0.0458112,0.0699262,0.048917,0.0094553,0.0332886,0.0241131,
18,1e-07,0.0040196,0.0212547,0.0209101,0.0672022,0.0383067,0.044601,0.0757358,0.0796901,0.0267129,0.0544343,0.038975,
19,1e-07,0.0077151,0.0151365,0.0160765,0.0572051,0.0363437,0.0179291,0.0732187,0.0540389,0.0272581,0.0931998,0.0603879,
20,1e-07,0.0035993,0.0057379,0.0182848,0.0333951,0.0513319,0.0218536,0.0848752,0.065222,0.0405826,0.0804337,0.099445,
21,1e-07,0.007406,0.0043584,0.0123203,0.090345,0.1196897,0.0751108,0.0553913,0.0808247,0.0482001,0.0890761,0.1130124,
22,1e-07,0.0150538,0.0298136,0.0160923,0.089084,0.1234182,0.0915592,0.1042736,0.065352,0.0812144,0.0557236,0.1198808,
23,2e-07,0.0140061,0.0204269,0.0555462,0.1120133,0.0561091,0.0611758,0.0926678,0.0869697,0.0764474,0.0667633,0.1817235,
24,2e-07,0.0548504,0.0402507,0.040323,0.0854673,0.028829,0.075553,0.1323777,0.0759895,0.0969283,0.0697414,0.1762448,
25,1e-07,0.0339305,0.0268141,0.0328201,0.051647,0.0416765,0.0849093,0.0959249,0.0540602,0.0754052,0.0547537,0.1516244,
26,1e-07,0.0291854,0.0374297,0.037657,0.0230934,0.0618231,0.0313319,0.0642325,0.0628202,0.0722244,0.1176041,0.1179326,
27,1e-07,0.0376409,0.018178,0.0185411,0.0442916,0.0747321,0.0528011,0.0522915,0.0639646,0.064751,0.1137549,0.0648173,
28,1e-07,0.0061719,0.0282471,0.0156514,0.0200292,0.0485995,0.0588446,0.0511135,0.0663154,0.0272089,0.1041025,0.0533456,
29,1e-07,0.0037141,0.0242943,0.0231783,0.0908767,0.0504782,0.04795,0.0727305,0.0927034,0.0243976,0.1221265,0.0482892,
30,0.0,0.0042177,0.0175863,0.0382329,0.0922016,0.0341274,0.04002,0.0343043,0.0519781,0.0409411,0.0581502,0.0646266,
31,0.0,0.0020383,0.0116263,0.0250486,0.095978,0.0374163,0.0279488,0.0386218,0.0601954,0.0323825,0.066257,0.0581714,
32,0.0,0.0029311,0.031335,0.0507277,0.0550437,0.040002,0.0617579,0.0127872,0.0680315,0.0464448,0.0733692,0.0537655,
33,1e-07,0.0013847,0.0286567,0.0420601,0.0576684,0.0714481,0.0410502,0.1000918,0.1049388,0.04552,0.0680006,0.0584224,
34,0.0,0.0027892,0.0095468,0.0576141,0.0439663,0.0611758,0.1055392,0.0885611,0.1399319,0.0327476,0.084816,0.100087,
35,0.0,0.0028087,0.0097926,0.04405,0.0450993,0.0406018,0.062402,0.0172199,0.1194153,0.0155826,0.0525003,0.050241,
36,0.0,0.002537,0.017773,0.0463263,0.0740582,0.0167447,0.0613469,0.0370414,0.0821107,0.0211437,0.0556874,0.0640059,
37,0.0,0.0082045,0.033205,0.0379362,0.0775953,0.0221296,0.0824836,0.0244123,0.0715462,0.0510995,0.0382543,0.0533439,
38,0.0,0.0085404,0.0179246,0.034012,0.041449,0.0346586,0.0170593,0.0263744,0.0660168,0.025383,0.0683182,0.0295683,
39,0.0,0.0155735,0.0309248,0.0185985,0.0531417,0.0439617,0.0178392,0.0432126,0.0859188,0.0407697,0.0525342,0.0279728,
40,1e-07,0.0022926,0.0124449,0.0508037,0.0620298,0.0337317,0.0253755,0.0382431,0.0695055,0.0752347,0.0322519,0.0500735,
41,1e-07,0.0170879,0.0264261,0.0298253,0.0459532,0.0290773,0.0485807,0.0462958,0.0501189,0.0796428,0.0429666,0.0502811,
42,1e-07,0.0209454,0.04322,0.0730691,0.0393984,0.053286,0.0742067,0.0334028,0.0311639,0.0575292,0.0185506,0.1136463,
43,1e-07,0.0121875,0.040719,0.0572006,0.0551694,0.0588574,0.065001,0.1180596,0.0159364,0.071274,0.057972,0.1742269,
44,1e-07,0.0129725,0.026241,0.0552495,0.0345306,0.1028664,0.0664266,0.1418442,0.0228059,0.0979412,0.0497765,0.1707487,
45,2e-07,0.019103,0.0512514,0.0513888,0.0726454,0.0933704,0.0550057,0.1804998,0.0657142,0.041734,0.0794339,0.3942332,
46,2e-07,0.0257015,0.0521641,0.0454199,0.0928287,0.085154,0.1023733,0.1188763,0.0447295,0.0673006,0.1122917,0.4716283,
47,2e-07,0.032307,0.0173288,0.0884361,0.1354874,0.0840669,0.0216675,0.2180265,0.1173183,0.0948869,0.0612238,0.5185434,
48,1e-07,0.0304609,0.034312,0.066142,0.1011488,0.0752295,0.0693984,0.2052443,0.1311909,0.1121942,0.0945724,0.3674757,
49,1e-07,0.0269797,0.0363972,0.0253636,0.0971565,0.0555194,0.1196446,0.1494588,0.1224775,0.1398919,0.1396261,0.1907035,
50,1e-07,0.0297146,0.0252341,0.0589474,0.102628,0.0631878,0.1581099,0.2157394,0.1872161,0.2226214,0.1055406,0.338183,
51,1e-07,0.0229418,0.0340385,0.0712107,0.1218519,0.0660143,0.1568663,0.19666,0.149469,0.1848798,0.1138123,0.3914585,
52,1e-07,0.0083873,0.0394919,0.0979522,0.1185222,0.0903758,0.0782142,0.2588994,0.1275913,0.1769294,0.1085645,0.3592722,
53,1e-07,0.008099,0.0202336,0.0923363,0.1211283,0.0980134,0.0347991,0.2506988,0.1190749,0.139896,0.114525,0.3820031,
54,1e-07,0.0046057,0.0397792,0.0793161,0.0508427,0.0863204,0.0586797,0.1778981,0.120462,0.1204383,0.1646001,0.2847506,
55,1e-07,0.0116992,0.0326333,0.077254,0.0520683,0.1750576,0.1093001,0.1609541,0.1545878,0.1602101,0.2638136,0.2745797,
56,1e-07,0.006094,0.0326497,0.0732329,0.0465168,0.0991168,0.0948279,0.1130138,0.1021927,0.1271011,0.1352115,0.186435,
57,1e-07,0.0090874,0.0236611,0.0623909,0.0633117,0.090801,0.1164296,0.1001729,0.0297901,0.1503479,0.125638,0.1908022,
58,1e-07,0.0031032,0.0141985,0.0666802,0.0434385,0.0846478,0.0978962,0.1108915,0.0191392,0.1557721,0.0752919,0.1926276,
59,1e-07,0.0059516,0.018519,0.0878676,0.0217638,0.063925,0.0752487,0.1083516,0.0360051,0.2681467,0.0433021,0.168338,
60,1e-07,0.0056814,0.0131411,0.0658616,0.0409162,0.1035626,0.1170747,0.1171531,0.0988903,0.2296116,0.0133742,0.1447832,
61,1e-07,0.002031,0.0356179,0.0269775,0.0587739,0.0980204,0.1100212,0.1278364,0.1424012,0.2457899,0.0596473,0.122775,
62,1e-07,0.0093051,0.0507805,0.0985148,0.1178981,0.1265117,0.1608958,0.1500384,0.1484519,0.178049,0.0921971,0.0938809,
63,1e-07,0.0048331,0.0279776,0.0454252,0.0976188,0.0853967,0.0823802,0.1861344,0.14028,0.1235546,0.0983795,0.041644,
64,1e-07,0.0055937,0.015754,0.069066,0.1003564,0.1415762,0.1397722,0.1828759,0.2009693,0.1492755,0.0566895,0.0770777,
65,1e-07,0.0045981,0.0190445,0.0522477,0.0946545,0.0930905,0.1194967,0.0925153,0.1837394,0.1519948,0.0792761,0.1158602,
66,1e-07,0.0074161,0.0206122,0.0097853,0.0538198,0.0687684,0.0504495,0.0869556,0.1266072,0.1025421,0.0514305,0.0982885,
67,1e-07,0.0076617,0.0265632,0.0080797,0.0542505,0.0823026,0.0637604,0.0906055,0.0873867,0.0885244,0.0602918,0.0990226,
68,1e-07,0.0098868,0.0375146,0.0151548,0.035534,0.061702,0.0525228,0.0938434,0.0607013,0.0500067,0.0787269,0.0990864,
69,1e-07,0.0090364,0.042337,0.0492349,0.0511593,0.0552586,0.0485518,0.0813374,0.0584557,0.0572671,0.0724224,0.0790505,
70,1e-07,0.007395,0.0442301,0.0412604,0.0765836,0.0257441,0.0555878,0.0822368,0.1016656,0.0798682,0.0530062,0.1302542,
71,1e-07,0.011632,0.0435161,0.0674454,0.0892352,0.0438328,0.121399,0.0716289,0.1231183,0.1562711,0.1292174,0.2637051,
72,1e-07,0.0083723,0.0603337,0.1326164,0.0210574,0.0502595,0.1115195,0.0535528,0.1377835,0.0561612,0.2117731,0.2470415,
73,1e-07,0.0077074,0.0623985,0.0243111,0.0864485,0.0666548,0.0519997,0.0816455,0.0659523,0.0868307,0.1090371,0.1846091,
74,1e-07,0.0093043,0.0116309,0.0651881,0.060919,0.0504,0.0402594,0.0801668,0.109996,0.0625411,0.0686892,0.1302705,
75,1e-07,0.0084384,0.0567816,0.0796886,0.0440647,0.1116895,0.0390275,0.0441778,0.089982,0.0795707,0.1211442,0.1038296,
76,1e-07,0.0092211,0.0444903,0.028463,0.0263647,0.0552299,0.0242249,0.0349897,0.1324583,0.1053842,0.1010358,0.121611,
77,1e-07,0.003435,0.032841,0.0460996,0.0443854,0.0278337,0.0274217,0.0427805,0.1398957,0.1190398,0.0844434,0.1452594,
78,1e-07,0.0058291,0.0065296,0.0596782,0.0406161,0.0862649,0.0510257,0.0489227,0.1492799,0.1150754,0.0872262,0.1424856,
79,0.0,0.0032195,0.0235739,0.0630225,0.0256079,0.0457393,0.0298352,0.042408,0.1536032,0.1320955,0.0789649,0.096079,
80,0.0,0.0018452,0.0514116,0.0766004,0.0444551,0.0216068,0.0287318,0.0707884,0.1281006,0.0918854,0.0528425,0.1191989,
81,0.0,0.0007138,0.0561632,0.037963,0.0683105,0.0229463,0.0289554,0.0790621,0.1719449,0.119555,0.0560325,0.0912777,
82,0.0,0.0020194,0.0688211,0.0356666,0.057262,0.0592493,0.035311,0.0610047,0.1493213,0.1531175,0.0776068,0.0252805,
83,1e-07,0.0085316,0.0248526,0.0182259,0.1106229,0.0754088,0.0165135,0.0429481,0.095354,0.0983035,0.051178,0.0925933,
84,1e-07,0.0104964,0.0181228,0.0301538,0.0986732,0.0789605,0.025523,0.0742464,0.0847234,0.1180162,0.0324691,0.0832918,
85,0.0,0.0085585,0.0192776,0.0247322,0.0712556,0.0483839,0.0209295,0.0386571,0.0840715,0.076678,0.0608566,0.071974,
86,0.0,0.0023247,0.0258102,0.040517,0.0774488,0.0465147,0.0134733,0.0376432,0.0927327,0.0542541,0.0372525,0.0581446,
87,0.0,0.0021326,0.0324646,0.0420549,0.0636897,0.0321945,0.0281796,0.0480704,0.1072154,0.0609993,0.0410356,0.0422415,
88,0.0,0.0010249,0.0252323,0.0469086,0.0658809,0.0284572,0.0434224,0.0689746,0.1190932,0.0804812,0.0333866,0.0775815,
89,0.0,0.0021127,0.0218966,0.0454643,0.0717416,0.0156624,0.0478879,0.0387938,0.0888552,0.0774811,0.0447411,0.0972377,
90,0.0,0.0018915,0.0202936,0.0647657,0.0697044,0.0557128,0.0593707,0.0567112,0.1221328,0.0472241,0.0512036,0.1208173,
91,0.0,0.0050385,0.0224125,0.0346556,0.0840179,0.0680368,0.0510571,0.0510394,0.119306,0.0477172,0.0881691,0.1084423,
92,1e-07,0.0113673,0.013073,0.0285662,0.0395118,0.0567252,0.0598476,0.0610779,0.141527,0.0383864,0.0730188,0.1733457,
93,0.0,0.0057898,0.0191975,0.031232,0.0877813,0.076053,0.1286368,0.1286084,0.1831238,0.077337,0.0723159,0.1561572,
94,0.0,0.0063697,0.026023,0.051304,0.0340369,0.0574912,0.1276274,0.0890309,0.1608167,0.0811058,0.0746971,0.0836165,
95,0.0,0.0031287,0.0153727,0.0332425,0.0434338,0.0561385,0.0646879,0.1008261,0.0791754,0.0665651,0.0715386,0.038209,
96,0.0,0.0029825,0.019253,0.0396946,0.1118551,0.0967964,0.0620404,0.1110374,0.0920427,0.0962797,0.1367394,0.0339545,
97,0.0,0.0031877,0.0286216,0.0877892,0.039527,0.1126978,0.0502195,0.138968,0.0927827,0.0869329,0.0856201,0.0671199,
98,1e-07,0.0024962,0.0432559,0.0607278,0.0651968,0.1138839,0.0481822,0.1401629,0.1022692,0.0769278,0.0591049,0.065511,
99,1e-07,0.0024364,0.0233097,0.039103,0.0522385,0.1300443,0.0544745,0.0759023,0.1032296,0.0686708,0.074218,0.0844106,
100,1e-07,0.003229,0.0188685,0.0504908,0.0332959,0.0888434,0.0527445,0.0596993,0.0444762,0.072092,0.0728596,0.0790948,
101,1e-07,0.0032825,0.0277496,0.0236401,0.0344355,0.063944,0.0379058,0.0675746,0.0610971,0.0728087,0.0556623,0.0651023,
102,1e-07,0.005485,0.0628372,0.0444958,0.0399709,0.0086783,0.1026283,0.07693,0.0455336,0.0715648,0.063392,0.0630436,
103,1e-07,0.0039271,0.0610693,0.0394493,0.0372834,0.0210379,0.1325461,0.0468381,0.0342829,0.0745884,0.0403367,0.0373078,
104,1e-07,0.0008435,0.0240975,0.0367335,0.0148121,0.0474743,0.0886094,0.0297727,0.0298488,0.0690812,0.0903248,0.0523588,
105,1e-07,0.0033697,0.02095,0.033988,0.0206945,0.0289018,0.0735767,0.0276268,0.0353849,0.059258,0.0736145,0.0367225,
106,1e-07,0.0046647,0.020831,0.06148,0.0261479,0.0391095,0.0434843,0.0322701,0.0297589,0.0577065,0.1015779,0.0148522,
107,1e-07,0.0027804,0.0346381,0.0566215,0.0477132,0.067267,0.0558455,0.0633549,0.0219634,0.0731123,0.0692296,0.0485152,
108,1e-07,0.0026366,0.0213027,0.0539353,0.0557529,0.0424697,0.0807173,0.0375973,0.0121732,0.0910942,0.0439911,0.0670817,
109,1e-07,0.0044422,0.0216995,0.0482346,0.0895659,0.0494414,0.0475894,0.0090987,0.0594917,0.0620534,0.0493053,0.0792377,
110,1e-07,0.0026453,0.0203022,0.0503185,0.0473282,0.0230581,0.0567153,0.0055572,0.0074458,0.0543452,0.0689537,0.054793,
111,1e-07,0.0023285,0.0078167,0.0092114,0.0384442,0.0296446,0.0321271,0.0117484,0.0608826,0.0479429,0.0576116,0.0580241,
112,1e-07,0.002359,0.0105889,0.0298377,0.0267882,0.057121,0.0197046,0.0310758,0.0872019,0.0457987,0.0670613,0.0255366,
113,1e-07,0.0047028,0.0113736,0.0120643,0.0330717,0.0399633,0.0357605,0.0150861,0.0650182,0.0433876,0.0615546,0.0611458,
114,0.0,0.0047052,0.0124047,0.0627052,0.0356255,0.0363367,0.0859567,0.0162075,0.0669431,0.0210116,0.0699893,0.0253014,
115,0.0,0.0101568,0.0115576,0.0685124,0.0143283,0.0445138,0.0473845,0.027985,0.0441855,0.0326115,0.0646751,0.0263356,
116,1e-07,0.012597,0.0164143,0.0635787,0.0435135,0.0532684,0.0589501,0.0165828,0.0671037,0.031886,0.0696009,0.0331391,
117,1e-07,0.0065037,0.0062223,0.034607,0.0516819,0.0315222,0.0546663,0.0229262,0.0697945,0.0237494,0.0920873,0.0645692,
118,1e-07,0.0186257,0.0183375,0.0216636,0.0437503,0.0646047,0.0276701,0.0135451,0.0567914,0.0318134,0.1036763,0.0551747,
119,1e-07,0.0454204,0.0680122,0.0336622,0.0080429,0.0243951,0.0507543,0.127942,0.1073973,0.0894081,0.1544132,0.0886319,
120,1e-07,0.0492254,0.0658042,0.0154462,0.0369522,0.0234737,0.0249789,0.0551204,0.0427506,0.0700406,0.1147975,0.0538855,
121,1e-07,0.012453,0.0527132,0.0547298,0.0647157,0.0292788,0.0173426,0.068176,0.0303133,0.0424872,0.0836235,0.0467808,
122,1e-07,0.0060721,0.0481896,0.0593972,0.043103,0.048953,0.0289134,0.0478862,0.0361916,0.0416647,0.021237,0.0448448,
123,1e-07,0.0034871,0.0500692,0.0601786,0.0308522,0.0293937,0.0279621,0.0096208,0.0258512,0.0284463,0.0516266,0.0322373,
124,1e-07,0.0039486,0.0221825,0.0355637,0.0467747,0.0352247,0.0295456,0.0259498,0.0519474,0.0295278,0.0881722,0.0727674,
125,0.0,0.0025072,0.0226137,0.029726,0.0352477,0.0553335,0.0360019,0.0171686,0.0387757,0.0283501,0.0751704,0.0471589,
126,0.0,0.0099255,0.0206122,0.0299296,0.0456353,0.0387209,0.0579987,0.032972,0.0898952,0.0395622,0.0844808,0.0361052,
127,0.0,0.0070455,0.0137697,0.0232377,0.050865,0.0310531,0.051957,0.0350411,0.0743607,0.0294861,0.0620978,0.0516639,
128,1e-07,0.0071402,0.0052793,0.0481362,0.0409713,0.0348277,0.0331608,0.0398389,0.0467277,0.0315341,0.0496393,0.0584561,
129,1e-07,0.0049911,0.0100357,0.0431287,0.0582934,0.0352113,0.0122204,0.0633378,0.0310976,0.0222687,0.0121693,0.0753809,
130,1e-07,0.0029313,0.0035778,0.0395279,0.0304385,0.0547339,0.0850742,0.067848,0.0237213,0.0336446,0.0526455,0.0468028,
131,1e-07,0.0027108,0.0157307,0.0160799,0.043547,0.017375,0.0898244,0.0451344,0.0065703,0.0484089,0.0694861,0.0796318,
132,1e-07,0.0055217,0.0262651,0.0154801,0.0799163,0.0287927,0.0655444,0.0825963,0.0696754,0.0368788,0.0158269,0.0866682,
133,1e-07,0.0067335,0.0109933,0.0217579,0.0271624,0.034733,0.0464387,0.0871952,0.0460787,0.0659664,0.0565511,0.0908933,
134,1e-07,0.0060709,0.0076374,0.0309115,0.0258941,0.0491393,0.050115,0.0615099,0.0318322,0.0469074,0.0343324,0.1096623,
135,0.0,0.0082159,0.0273789,0.0219108,0.039885,0.0441688,0.0475047,0.0586486,0.0397725,0.0723445,0.0453411,0.0825727,
136,0.0,0.015929,0.0318406,0.031472,0.0250556,0.059389,0.0479277,0.0883443,0.0285187,0.0761571,0.0731208,0.079716,
137,0.0,0.0224249,0.0435918,0.0411093,0.0404839,0.0232398,0.018805,0.076568,0.0205054,0.0599178,0.0585786,0.0715209,
138,0.0,0.0286795,0.0368585,0.0291672,0.0507479,0.074062,0.014521,0.11879,0.0413601,0.0329366,0.0722864,0.0600884,
139,1e-07,0.0196153,0.0327568,0.0392649,0.0605902,0.0711846,0.0240439,0.0561265,0.0969967,0.0216833,0.089867,0.0575851,
140,1e-07,0.0274047,0.0323653,0.026192,0.011497,0.0746529,0.0203674,0.0271964,0.0811645,0.0321358,0.1064702,0.0824009,
141,1e-07,0.0175464,0.0404927,0.0308851,0.0305392,0.0903925,0.0141891,0.034962,0.0602369,0.0552723,0.0870645,0.1100748,
142,1e-07,0.0378071,0.0608362,0.096969,0.0250205,0.1118166,0.0192098,0.0465998,0.100581,0.0287761,0.0551486,0.0826091,
143,1e-07,0.047333,0.0679062,0.0694952,0.0507115,0.0593593,0.0621908,0.0555794,0.0950836,0.0328848,0.1032881,0.0474585,
144,1e-07,0.0244114,0.0361979,0.0519289,0.0193034,0.0165079,0.060254,0.0437438,0.0831755,0.0601532,0.0650145,0.0324833,
145,1e-07,0.0243212,0.0530915,0.0672621,0.0249837,0.0447494,0.0451215,0.0052409,0.0792822,0.0339919,0.091348,0.0247002,
146,1e-07,0.0215198,0.0537597,0.0389221,0.0164495,0.0734625,0.0270294,0.0257587,0.0402657,0.0619294,0.1032436,0.0344707,
147,0.0,0.0202612,0.0267506,0.0352391,0.0272902,0.0320582,0.0589775,0.0601419,0.0542958,0.0688291,0.0312437,0.0322904,
148,0.0,0.0130061,0.0261949,0.0419698,0.024174,0.0325255,0.0739137,0.0546775,0.0690993,0.0214682,0.0297607,0.0445746,
149,0.0,0.0141289,0.0457782,0.0294967,0.0216046,0.0523306,0.0727883,0.0442686,0.040838,0.0548385,0.0558675,0.0744385,
150,1e-07,0.0033838,0.0105779,0.0248223,0.035917,0.0274211,0.0587928,0.0588681,0.0431222,0.0388869,0.0669614,0.0528715,
151,1e-07,0.0038801,0.0083125,0.012637,0.0603034,0.0260021,0.0520656,0.0401225,0.0528353,0.0508472,0.033014,0.0351959,
152,1e-07,0.002264,0.0073053,0.0408656,0.0430504,0.0225344,0.0416578,0.044112,0.061514,0.0690515,0.0345221,0.0565323,
153,1e-07,0.001384,0.0247773,0.0479521,0.0819196,0.0969133,0.0539016,0.0422457,0.0689309,0.0920181,0.0439734,0.1012317,
154,2e-07,0.0013026,0.0118154,0.036005,0.0755401,0.0890431,0.0914162,0.1011803,0.0705351,0.0973535,0.0742577,0.1022003,
155,1e-07,0.0012231,0.0231512,0.0323657,0.0432233,0.0677542,0.0959229,0.0796892,0.0517704,0.0969236,0.1089411,0.0730484,
156,1e-07,0.0014889,0.0344206,0.0464728,0.0306446,0.0559361,0.0585227,0.0504108,0.0242269,0.0934114,0.0352684,0.0920606,
157,1e-07,0.0011315,0.0223166,0.0129558,0.038152,0.0805798,0.0523579,0.0598242,0.0395245,0.0720372,0.0317453,0.0732265,
158,1e-07,0.0030579,0.0151496,0.0402352,0.012111,0.0402064,0.026294,0.0812049,0.0337807,0.0701178,0.0643201,0.0806745,
159,1e-07,0.0016911,0.021258,0.0392715,0.0405966,0.034239,0.0607023,0.0437047,0.0306438,0.0768491,0.0628721,0.0626099,
160,1e-07,0.0083452,0.0085113,0.0491593,0.0294258,0.0574558,0.0507399,0.0407786,0.0843687,0.0416802,0.0381973,0.059163,
161,1e-07,0.0117268,0.0360404,0.0434354,0.0358526,0.0608624,0.049681,0.0623592,0.0289907,0.0432415,0.0236021,0.0658811,
162,0.0,0.011446,0.0137946,0.0609236,0.0490271,0.0356717,0.0611274,0.0237389,0.0691042,0.0356795,0.0687919,0.045983,
163,0.0,0.0067183,0.0172398,0.0515182,0.0380747,0.0666165,0.0509526,0.0450046,0.0826104,0.0211836,0.0852591,0.0612904,
164,0.0,0.0162365,0.0728255,0.0587969,0.0298085,0.0774778,0.0515038,0.0786467,0.0246556,0.0388973,0.0800894,0.1067676,
165,1e-07,0.0333448,0.0540204,0.0300267,0.0223608,0.0738878,0.0404914,0.0761492,0.0324486,0.0432484,0.0774817,0.0978593,
166,1e-07,0.0286472,0.0782928,0.0088499,0.0276196,0.062197,0.0423589,0.0545884,0.02619,0.0495785,0.0650385,0.1108124,
167,1e-07,0.0392111,0.0450085,0.0483299,0.0316462,0.0621297,0.0794708,0.0343102,0.0476169,0.0371518,0.0635839,0.1058405,
168,1e-07,0.0630848,0.0802169,0.0954945,0.0874766,0.0659009,0.1807435,0.0628709,0.0580424,0.0789237,0.1372057,0.1377885,
169,1e-07,0.0266967,0.0553321,0.0696072,0.0616538,0.0385737,0.111513,0.0399845,0.0556311,0.0703195,0.0990433,0.1053931,
170,1e-07,0.0568894,0.044623,0.0379772,0.105896,0.0417546,0.1331621,0.036747,0.0387388,0.0374868,0.1132058,0.1098954,
171,0.0,0.0148629,0.0308388,0.0450701,0.0333574,0.0663753,0.0402492,0.0580691,0.0617735,0.0144738,0.0579812,0.0989716,
172,0.0,0.0211073,0.0257788,0.0224332,0.0257247,0.0509256,0.0378884,0.0721634,0.050149,0.0356752,0.0681113,0.1007262,
173,0.0,0.0058546,0.0312629,0.0387521,0.040198,0.0378114,0.0392877,0.0558269,0.060758,0.0871206,0.0574272,0.0448963,
174,0.0,0.028198,0.0349276,0.0518672,0.0677343,0.0652621,0.0343091,0.0554693,0.0616116,0.0569015,0.0488857,0.0644532,
175,0.0,0.0078916,0.024527,0.0301465,0.0197401,0.0527218,0.0315043,0.0486253,0.0601741,0.0433709,0.0258138,0.0285565,
176,1e-07,0.0083487,0.0348037,0.0456531,0.055651,0.0365682,0.0482807,0.0667528,0.0748737,0.0504549,0.0539685,0.0373742,
177,1e-07,0.0036326,0.0253695,0.0495015,0.060802,0.0383563,0.0569648,0.0287827,0.0597178,0.0350649,0.0732756,0.0293318,
178,1e-07,0.0016303,0.0215124,0.0602223,0.0544306,0.0273917,0.1068166,0.0466704,0.0214317,0.0443256,0.075678,0.1224784,
179,1e-07,0.0065243,0.0363957,0.0733914,0.0707296,0.0159144,0.0997723,0.0653372,0.0550786,0.0559452,0.0834029,0.1237675,
180,1e-07,0.0079289,0.0231028,0.0523883,0.0654208,0.0734357,0.0647034,0.033517,0.0213845,0.0165852,0.0484846,0.0753966,
181,1e-07,0.0065319,0.0133211,0.0586765,0.0564258,0.0453511,0.0550735,0.0550719,0.029484,0.0371868,0.0430711,0.0818603,
182,1e-07,0.0075968,0.0128957,0.0452927,0.0168894,0.0416262,0.0315808,0.0512177,0.0448623,0.0351342,0.0434652,0.0707355,
183,1e-07,0.0084069,0.0161733,0.05837,0.0157945,0.0536177,0.0830559,0.0882111,0.1137477,0.1092667,0.067415,0.1382643,
184,1e-07,0.0258,0.0244369,0.077498,0.0621368,0.0469306,0.0305041,0.0704622,0.05713,0.0687525,0.0853481,0.0531049,
185,0.0,0.0133799,0.0477416,0.0493744,0.0417531,0.0507367,0.0527502,0.0483085,0.109592,0.06265,0.0888395,0.0458317,
186,0.0,0.0263732,0.0512103,0.1169413,0.039367,0.0417648,0.0647774,0.0415834,0.0557935,0.0577207,0.0284525,0.0689201,
187,0.0,0.0253959,0.0236277,0.1053972,0.0460662,0.0338745,0.0186115,0.0357467,0.0823379,0.1521011,0.1206242,0.1875083,
188,1e-07,0.0095399,0.0380619,0.0697431,0.097381,0.070132,0.0587325,0.1046035,0.1570724,0.1671465,0.1753351,0.2641414,
189,1e-07,0.0345106,0.0038267,0.2265919,0.1529716,0.1630174,0.2457007,0.2181562,0.2997223,0.3438405,0.291775,0.3535461,
190,1e-07,0.0343997,0.0287126,0.1373845,0.1425701,0.1795941,0.2334261,0.2210087,0.2610588,0.2747055,0.2903259,0.3617002,
191,1e-07,0.0269589,0.0199212,0.020496,0.0464375,0.2210232,0.1854315,0.1315897,0.2519035,0.0736035,0.1238178,0.2436734,
192,0.0,0.0096469,0.0394866,0.0308769,0.0486016,0.0791942,0.1553428,0.0666058,0.1184,0.0539868,0.0700039,0.1206508,
193,0.0,0.0113574,0.0527924,0.0299695,0.0656546,0.0963727,0.1260607,0.0792147,0.0909375,0.0454463,0.0768941,0.0890951,
194,0.0,0.009571,0.0401175,0.0277789,0.0508079,0.0244848,0.1242563,0.0929199,0.0100449,0.0421352,0.0515018,0.124646,
195,1e-07,0.0182859,0.0530707,0.0673145,0.064628,0.0950399,0.0831624,0.1059939,0.0729886,0.0423876,0.0667181,0.0537701,
196,1e-07,0.0099776,0.0358232,0.0737642,0.0682093,0.065297,0.0639576,0.1263437,0.0458549,0.0573627,0.0499173,0.0742941,
197,1e-07,0.0107002,0.030725,0.0701161,0.0739316,0.0550463,0.0614462,0.0987036,0.0567432,0.0557857,0.0902326,0.0909934,
198,1e-07,0.0108895,0.0309452,0.0643837,0.0398511,0.0272859,0.0603907,0.1037955,0.0628595,0.0624872,0.0714818,0.0853719,
199,1e-07,0.0039019,0.0378786,0.0404319,0.0562398,0.063983,0.0565413,0.0760841,0.0471617,0.0621923,0.0539621,0.1030373,
200,1e-07,0.0022595,0.0081778,0.0434018,0.0818181,0.074113,0.0544607,0.0343482,0.027517,0.0586453,0.0428906,0.1128654,
201,1e-07,0.0026293,0.007266,0.0824636,0.0740455,0.0725222,0.0730828,0.0405072,0.0515528,0.009363,0.0571549,0.1027898,
202,2e-07,0.0027783,0.0104969,0.0789383,0.0458612,0.0869389,0.075073,0.0398107,0.0463507,0.0259246,0.0204431,0.0856139,
203,1e-07,0.0004525,0.0073109,0.0500028,0.0512287,0.0283461,0.0571774,0.0453615,0.0170668,0.024091,0.0132423,0.0741732,
204,1e-07,0.0027588,0.0085826,0.0541062,0.0570977,0.0253596,0.0649941,0.0441798,0.0328929,0.0170737,0.0208544,0.0792462,
205,2e-07,0.0013314,0.0054544,0.0345069,0.0508391,0.0168079,0.0630853,0.0367921,0.0578393,0.0296025,0.0349379,0.0751653,
206,2e-07,0.0017947,0.0178593,0.0370046,0.0549468,0.026497,0.0746327,0.0287871,0.0750501,0.0260487,0.0358732,0.0726539,
207,1e-07,0.0016445,0.0181299,0.0559431,0.034887,0.030549,0.076076,0.0497951,0.0312864,0.0184927,0.0247773,0.0622992,
208,1e-07,0.0023577,0.0187331,0.0619185,0.0492953,0.040982,0.0623492,0.044726,0.0596829,0.0314152,0.030169,0.0814644,
209,2e-07,0.0011213,0.009134,0.0583775,0.0606905,0.0344238,0.0656391,0.0289558,0.0804595,0.0505478,0.0614469,0.0741139,
210,1e-07,0.0011225,0.0227928,0.0476859,0.0362058,0.0657223,0.1050434,0.0415866,0.052126,0.0597284,0.0461571,0.058472,
211,1e-07,0.000851,0.0268183,0.0474979,0.0551424,0.0489398,0.1161462,0.0280651,0.0770305,0.0815377,0.0406567,0.0647491,
212,2e-07,0.0006696,0.0134121,0.0553898,0.0736357,0.0553892,0.0911451,0.0162412,0.0763618,0.0815325,0.0279208,0.0619551,
213,2e-07,0.0014661,0.0148933,0.0605438,0.0337931,0.0735787,0.1023074,0.0838082,0.0987413,0.1057907,0.0269575,0.1069062,
214,1e-07,0.0038034,0.0304908,0.0472094,0.0643704,0.0393079,0.1271699,0.0786477,0.1209892,0.1123393,0.016394,0.0894457,
215,1e-07,0.0025452,0.0204304,0.065356,0.0630791,0.0515942,0.0818369,0.1287294,0.1290051,0.2496859,0.1117793,0.0436611,
216,1e-07,0.0022391,0.0205932,0.0569975,0.0453206,0.0581879,0.1088782,0.081314,0.1013773,0.1226069,0.0666715,0.1075539,
217,1e-07,0.0011887,0.0276182,0.0770079,0.0524211,0.0494294,0.0275039,0.0700914,0.0495695,0.1489193,0.0603318,0.0565553,
218,1e-07,0.0010191,0.0497762,0.0501034,0.0520538,0.0482169,0.044131,0.0749768,0.1172802,0.1255182,0.0252339,0.0570345,
219,1e-07,0.000469,0.0434405,0.0612299,0.0543362,0.0542312,0.0451216,0.0584343,0.1046212,0.0926169,0.0604249,0.0929202,
220,2e-07,0.0025071,0.0353739,0.0427366,0.0316407,0.0383261,0.0699392,0.0690906,0.0810133,0.1104262,0.0896142,0.0986293,
221,2e-07,0.0014628,0.0169508,0.0338034,0.0597972,0.0694932,0.0449884,0.0966906,0.1281266,0.1052789,0.1379711,0.1073466,
222,2e-07,0.0034758,0.004996,0.0498883,0.0587763,0.0472638,0.066444,0.0893935,0.1588037,0.0941961,0.1378767,0.0928103,
223,2e-07,0.0046942,0.0247763,0.0260551,0.034045,0.0483585,0.1089416,0.1344267,0.1756255,0.1236804,0.115311,0.1528668,
224,2e-07,0.007607,0.0374544,0.0239987,0.0500166,0.0880577,0.1394499,0.1672175,0.1756165,0.135056,0.0830532,0.1772363,
225,2e-07,0.0031356,0.0267923,0.0139394,0.0205042,0.0660463,0.1105009,0.1442756,0.1057639,0.1279763,0.1951282,0.3000283,
226,2e-07,0.0047477,0.0551933,0.0582107,0.0468493,0.0414672,0.1234664,0.1741271,0.1066893,0.1126043,0.2036098,0.2249635,
227,2e-07,0.0083148,0.0345012,0.0363324,0.0359295,0.041291,0.1286495,0.1739754,0.1328149,0.1109731,0.1830591,0.1269583,
228,2e-07,0.0075257,0.014945,0.0376286,0.0398176,0.0379193,0.1776254,0.1957591,0.1516486,0.1004386,0.1716033,0.1880363,
229,2e-07,0.0044744,0.0194863,0.05275,0.0369868,0.0436981,0.1557629,0.174478,0.081773,0.1279685,0.2626974,0.1872371,
230,2e-07,0.0023166,0.0226652,0.0709392,0.0474538,0.0555881,0.0925572,0.1493194,0.05244,0.1202113,0.2065854,0.105657,
231,2e-07,0.0028605,0.0085666,0.0561176,0.0317554,0.0167389,0.0992383,0.1676383,0.0333491,0.112436,0.1687149,0.0722545,
232,2e-07,0.0067221,0.0202892,0.0376255,0.0292589,0.0835221,0.0370255,0.1079007,0.0671836,0.1703973,0.2359293,0.0994617,
233,2e-07,0.0057366,0.0297164,0.0409335,0.0429231,0.1076783,0.0831847,0.1281132,0.0971892,0.1604772,0.220773,0.0858463,
234,2e-07,0.0033338,0.0204305,0.0295834,0.0484458,0.0764675,0.0777652,0.1638528,0.1132798,0.1402265,0.2183201,0.1110406,
235,1e-07,0.0029104,0.0432621,0.0572222,0.048156,0.045423,0.0801382,0.2093273,0.0850748,0.2031741,0.1901667,0.1016351,
236,1e-07,0.0090408,0.0263482,0.0853351,0.0596853,0.0260922,0.0490483,0.1280824,0.1038077,0.1252884,0.120387,0.079627,
237,1e-07,0.0083779,0.0298813,0.0662623,0.058938,0.0633789,0.0979772,0.0343398,0.1137004,0.0575126,0.1133256,0.0806176,
238,1e-07,0.0059686,0.0272343,0.0223237,0.0493667,0.0366367,0.1005733,0.0941802,0.0651481,0.116237,0.10559,0.0671068,
239,1e-07,0.007631,0.0133403,0.0251996,0.0813417,0.0494354,0.0817894,0.0828969,0.0781015,0.0652291,0.1334766,0.0829284,
240,2e-07,0.0049909,0.0084532,0.0326781,0.1026826,0.0451335,0.1108709,0.11969,0.07783,0.0543053,0.0940091,0.0759337,
241,2e-07,0.0043196,0.0045454,0.0281854,0.0498379,0.0377629,0.1146189,0.1646169,0.0578381,0.0668715,0.078613,0.1075048,
242,2e-07,0.0019852,0.0205417,0.0198956,0.01751,0.0423634,0.1099235,0.1522914,0.0592512,0.0658474,0.0919342,0.1093006,
243,2e-07,0.0034869,0.0350923,0.062917,0.0128287,0.0388954,0.0668777,0.0925457,0.0830294,0.0609286,0.1006647,0.0928596,
244,2e-07,0.0027391,0.0442741,0.090099,0.0070919,0.0440865,0.0455137,0.1128155,0.0832539,0.087976,0.1287668,0.0764104,
245,2e-07,0.0032866,0.0553956,0.0732467,0.014238,0.1021156,0.0811826,0.1251031,0.1345717,0.0584297,0.1133969,0.1170028,
246,2e-07,0.0018783,0.0135496,0.0505818,0.0097464,0.086997,0.0921389,0.0854061,0.1300091,0.140846,0.0656008,0.0782695,
247,2e-07,0.0006851,0.0318528,0.0405447,0.0317332,0.0559776,0.1328555,0.0700143,0.1854693,0.1972979,0.0828556,0.0767995,
248,2e-07,0.001309,0.021414,0.0315822,0.0353312,0.0286934,0.1463701,0.065102,0.209294,0.1457455,0.0609865,0.0945237,
249,2e-07,0.0013877,0.0191409,0.0483016,0.0408974,0.0501863,0.1536682,0.0725565,0.1455463,0.1912147,0.0525284,0.1157363,
250,2e-07,0.0023315,0.0165975,0.0459994,0.0400316,0.0484995,0.1261185,0.0726869,0.105207,0.1590695,0.0261539,0.0608885,
251,2e-07,0.0017932,0.0193698,0.0525775,0.0293494,0.0747854,0.0893606,0.0746241,0.1218948,0.1821571,0.0574684,0.0616231,
252,2e-07,0.0008427,0.0227627,0.0535679,0.0463773,0.0820826,0.09613,0.0843764,0.1078513,0.1728359,0.0405661,0.0476618,
253,2e-07,0.0006805,0.0221534,0.0644324,0.0409041,0.0695986,0.0672952,0.0262261,0.0614185,0.1070698,0.0364361,0.0601042,
254,2e-07,0.0013198,0.0343888,0.0352444,0.0367793,0.0396078,0.0580755,0.0331752,0.109089,0.0860133,0.0941171,0.060703,
255,2e-07,0.0031979,0.0279275,0.0565427,0.0491795,0.0444577,0.1034999,0.0205955,0.1263824,0.1501101,0.1298328,0.048227,
256,2e-07,0.0020563,0.0129004,0.0644823,0.0837838,0.0770713,0.108332,0.0220679,0.1249487,0.1544086,0.0788867,0.017056,
257,2e-07,0.0018552,0.0159422,0.05956,0.0281639,0.085958,0.087983,0.0792364,0.1231161,0.1031707,0.0715787,0.1181938,
258,2e-07,0.0042404,0.0539145,0.0522717,0.0616328,0.0942834,0.094434,0.1097119,0.1274744,0.0708529,0.0308546,0.1252013,
259,2e-07,0.0008457,0.0154911,0.0615656,0.0665904,0.021822,0.1015298,0.0620768,0.0696051,0.0961915,0.0534961,0.079964,
260,2e-07,0.00047,0.0332572,0.0743091,0.0757347,0.0264165,0.1344385,0.0694366,0.0902313,0.0791567,0.1419282,0.0682732,
261,2e-07,0.0016597,0.0100143,0.0423561,0.0618218,0.0190891,0.1170103,0.0766602,0.124133,0.0402849,0.1501526,0.0578334,
262,2e-07,0.0006787,0.0102246,0.0556533,0.0669628,0.034161,0.1020729,0.0945774,0.1239935,0.0931263,0.1607663,0.0382243,
263,2e-07,0.0025586,0.0200395,0.0421097,0.0800545,0.0245258,0.0709523,0.0573075,0.132536,0.0834925,0.1192185,0.0623453,
264,2e-07,0.0013095,0.0077919,0.0287884,0.088745,0.0553906,0.0654565,0.0393789,0.0948154,0.0762453,0.1131104,0.0470909,
265,2e-07,0.0004631,0.0104608,0.0442937,0.0604518,0.0471556,0.0925142,0.0887264,0.1222646,0.1060375,0.132832,0.0435792,
266,2e-07,0.0013091,0.0174749,0.0433904,0.0644483,0.0421928,0.0586012,0.0962701,0.1443285,0.1335289,0.1137952,0.0475668,
267,2e-07,0.0024522,0.0270241,0.0204948,0.0441784,0.0274518,0.0532025,0.061191,0.0874252,0.0990969,0.1161447,0.0473694,
268,2e-07,0.002395,0.021164,0.0436778,0.0555529,0.0327057,0.0439548,0.094102,0.092461,0.0974686,0.0886902,0.0758524,
269,2e-07,0.0013938,0.0278367,0.0462793,0.0627163,0.0420125,0.0756692,0.1066992,0.0970262,0.0613542,0.1290686,0.0840309,
270,2e-07,0.0044842,0.0488467,0.0427001,0.0597343,0.0413367,0.1013787,0.0915283,0.1015062,0.0815496,0.1583294,0.1002938,
271,1e-07,0.0045267,0.0344059,0.0306751,0.0522226,0.0261665,0.0750706,0.0309979,0.0996586,0.058494,0.1551877,0.0882042,
272,1e-07,0.0145956,0.0571704,0.0664605,0.0605058,0.0368728,0.0856714,0.0503643,0.1073237,0.0709455,0.1101868,0.1018342,
273,1e-07,0.0115074,0.0593947,0.0606749,0.0547613,0.0733981,0.1008622,0.0886218,0.2023133,0.0944941,0.1645041,0.1469439,
274,1e-07,0.0087608,0.0499567,0.051755,0.0521215,0.0497404,0.142517,0.0671162,0.1511387,0.0448323,0.1703912,0.1870648,
275,1e-07,0.0083902,0.0422629,0.0587201,0.0568697,0.0652964,0.1033288,0.0977551,0.1560882,0.0712137,0.1795702,0.1987969,
276,1e-07,0.0028413,0.02594,0.0509216,0.0702441,0.0478966,0.0672565,0.0396087,0.1120467,0.0555495,0.1321718,0.2238058,
277,1e-07,0.0049357,0.030975,0.0603557,0.0809448,0.1312474,0.1293386,0.0695857,0.1695046,0.0633791,0.1815151,0.1666557,
278,0.0,0.0046608,0.0237017,0.0626091,0.107999,0.0840591,0.1104004,0.1580258,0.1301357,0.0593052,0.1746008,0.1432603,
279,1e-07,0.0076499,0.0179012,0.0574256,0.0766297,0.0406779,0.0800766,0.0819929,0.104176,0.0683139,0.136976,0.1750141,
280,1e-07,0.007081,0.0254772,0.0814577,0.0386281,0.0526533,0.0647576,0.0504427,0.1134628,0.0694064,0.0700144,0.1471705,
281,1e-07,0.0069255,0.0403804,0.0496876,0.0575357,0.0683778,0.051311,0.0398222,0.0858392,0.0319997,0.0336329,0.1574901,
282,1e-07,0.0013358,0.0297943,0.0608274,0.050862,0.0680761,0.0527251,0.062201,0.0490897,0.041473,0.0691483,0.1535508,
283,0.0,0.0058746,0.0389379,0.0966286,0.0505007,0.0422726,0.0930368,0.0948889,0.0414167,0.058312,0.0729088,0.151455,
284,0.0,0.006565,0.024536,0.0411635,0.0591671,0.0346647,0.0723557,0.0699174,0.077258,0.0507753,0.0481663,0.1017485,
285,0.0,0.0045182,0.0340164,0.0830083,0.0679124,0.0235268,0.0597638,0.0775291,0.0712807,0.1043577,0.0569596,0.1359657,
286,0.0,0.0119205,0.0351965,0.0508355,0.0723158,0.0372961,0.0792618,0.066554,0.057195,0.1196068,0.0788574,0.1162089,
287,1e-07,0.0092782,0.0405241,0.0538259,0.0586669,0.039967,0.0640694,0.0930153,0.035946,0.0498855,0.0578878,0.1006142,
288,1e-07,0.0041613,0.0360123,0.0568401,0.0713064,0.0128225,0.0720931,0.0664894,0.0420138,0.0432697,0.050224,0.0972417,
289,1e-07,0.0018112,0.0133691,0.0630715,0.0644804,0.0356157,0.0493186,0.0479778,0.0566761,0.049572,0.0264409,0.0978659,
290,1e-07,0.0045142,0.0214356,0.0544764,0.0585791,0.0324354,0.0429217,0.0570187,0.0440231,0.0504463,0.0388992,0.0648619,
291,1e-07,0.0039292,0.0177474,0.0431282,0.067614,0.0373007,0.0285918,0.0538237,0.0520743,0.0386238,0.0391423,0.0724124,
292,1e-07,0.0012329,0.0169671,0.0342208,0.0444872,0.0212047,0.025443,0.0275907,0.040976,0.0558206,0.0196273,0.0663342,
293,2e-07,0.000455,0.0101293,0.04545,0.0505302,0.0467389,0.0871,0.0533915,0.029831,0.0558327,0.0482527,0.0243292,
294,2e-07,0.0012275,0.0091182,0.0409986,0.0424186,0.0287691,0.0493154,0.0501334,0.0313387,0.0699495,0.042213,0.0508658,
295,1e-07,0.0008472,0.0101993,0.0430868,0.0465147,0.030098,0.0301642,0.027237,0.06451,0.0632945,0.0104979,0.0647774,
296,1e-07,0.0013027,0.0088872,0.0203465,0.0190433,0.0435258,0.0659281,0.0274158,0.0466825,0.0903653,0.0293375,0.048507,
297,2e-07,0.0011227,0.008012,0.0457789,0.0426526,0.0309162,0.089695,0.0299926,0.0524779,0.1000813,0.0379876,0.0520777,
298,1e-07,0.0010028,0.0121354,0.0421923,0.05138,0.0354744,0.0571726,0.0234258,0.0453099,0.0664249,0.0402583,0.0355938,
299,1e-07,0.0013969,0.0145052,0.0505677,0.0490741,0.0499223,0.0777632,0.0145357,0.0333866,0.0755528,0.0474187,0.0360452,
300,1e-07,0.0024856,0.0086865,0.0528222,0.079656,0.0768924,0.0563407,0.0248796,0.0539655,0.0205954,0.0488917,0.0613228,
301,2e-07,0.0029166,0.0290929,0.0863738,0.0850515,0.0841442,0.0574792,0.0513349,0.0281107,0.0264304,0.1052506,0.0537956,
302,1e-07,0.002493,0.0775111,0.1469986,0.1344671,0.1131123,0.0316436,0.074813,0.0792314,0.0246516,0.0165217,0.0304699,
303,2e-07,0.0015665,0.0332246,0.0711396,0.0844741,0.0733077,0.0306686,0.0510514,0.058472,0.0293158,0.0271058,0.0698262,
304,1e-07,0.0020693,0.0112972,0.0572012,0.0340813,0.0519338,0.0479352,0.045094,0.0439126,0.0270313,0.0386254,0.0789967,
305,1e-07,0.0024834,0.0251738,0.0317728,0.0339059,0.0590989,0.0323295,0.0650066,0.0201857,0.0398611,0.0663939,0.0849824,
306,1e-07,0.0017954,0.0277613,0.0302731,0.0542499,0.0734159,0.0506628,0.118271,0.0551216,0.1214527,0.048309,0.1354905,
307,1e-07,0.0359887,0.062136,0.0471409,0.0619493,0.0392394,0.0262684,0.0543064,0.1342139,0.0513572,0.1102057,0.0955874,
308,1e-07,0.0132078,0.0279211,0.0581547,0.0765912,0.0787165,0.0550975,0.0131176,0.0830968,0.083165,0.1323899,0.0468698,
309,1e-07,0.0115371,0.0141396,0.0400691,0.0389548,0.0174139,0.0610102,0.0331068,0.067421,0.0314615,0.1014356,0.0714529,
310,1e-07,0.0058222,0.0346831,0.0462934,0.0283945,0.0140591,0.029904,0.023482,0.0729186,0.0575437,0.0726765,0.0233733,
311,1e-07,0.008234,0.0262702,0.0459475,0.0319655,0.0421442,0.0384092,0.0181953,0.0777708,0.0572191,0.0498907,0.0449195,
312,1e-07,0.0066332,0.0227061,0.0482691,0.0339568,0.0283552,0.0392397,0.0373996,0.0400811,0.0180592,0.0777611,0.0641532,
313,0.0,0.0033507,0.0221768,0.0287292,0.0695587,0.0386077,0.0499939,0.0298123,0.0240531,0.042882,0.046387,0.038826,
314,1e-07,0.0020887,0.0196348,0.0517254,0.0755572,0.0561349,0.0527605,0.0378758,0.0254621,0.049193,0.0438948,0.051383,
315,1e-07,0.0018806,0.0096728,0.0415818,0.0707352,0.0571473,0.0230211,0.035556,0.0348691,0.073157,0.0573239,0.07799,
316,0.0,0.0027903,0.0093728,0.0342947,0.0255138,0.0788277,0.0294614,0.0336105,0.037843,0.0496505,0.048939,0.0327383,
317,0.0,0.0066843,0.0202411,0.0125017,0.0195424,0.0602372,0.0371906,0.0463447,0.0464735,0.0564714,0.040828,0.0435094,
318,1e-07,0.0041741,0.0378512,0.013201,0.0315064,0.0568673,0.0287346,0.0166735,0.0330025,0.097515,0.0483014,0.0505375,
319,0.0,0.0038023,0.0086182,0.0249758,0.0149312,0.0586486,0.067614,0.0268568,0.0298117,0.08236,0.0423174,0.0239448,
320,0.0,0.0058402,0.0114046,0.0391825,0.0308069,0.045397,0.0343155,0.0407683,0.0344276,0.0919754,0.0341069,0.0305266,
321,0.0,0.007738,0.0145197,0.0767,0.0849996,0.0540746,0.035359,0.0573462,0.0379125,0.0288161,0.046861,0.0585095,
322,0.0,0.0031304,0.0144876,0.0115166,0.0370807,0.0572253,0.0172714,0.0423914,0.02607,0.0638447,0.0400291,0.0173166,
323,0.0,0.0029298,0.0197972,0.0442583,0.0253699,0.039654,0.057831,0.0436699,0.0254954,0.020547,0.0649187,0.0328342,
324,1e-07,0.0012312,0.0121463,0.0426681,0.0126396,0.0234584,0.0661707,0.0421812,0.077966,0.0220027,0.0491728,0.0328443,
325,1e-07,0.0008456,0.0165473,0.0246663,0.0211911,0.0279693,0.0569032,0.0767707,0.0859516,0.037844,0.0393469,0.0225091,
326,1e-07,0.0020033,0.0171317,0.0284606,0.0579687,0.0526964,0.0587318,0.0220047,0.0887789,0.0326897,0.0363935,0.0195179,
327,1e-07,0.0040088,0.0150597,0.0435163,0.0598025,0.0614808,0.0632302,0.0118252,0.0982306,0.0977387,0.0082237,0.0627516,
328,1e-07,0.0023564,0.0172109,0.0433994,0.0394923,0.0410391,0.0611493,0.0271773,0.060879,0.128846,0.0392928,0.0728738,
329,2e-07,0.0041834,0.0239157,0.0486287,0.0663103,0.0821329,0.0875684,0.1408709,0.1006458,0.1849218,0.1106948,0.1205353,
330,2e-07,0.0021572,0.0396697,0.0887479,0.1082795,0.0268282,0.062706,0.0275032,0.181476,0.1370846,0.2827469,0.1184485,
331,1e-07,0.0030242,0.0239508,0.0461234,0.075821,0.0590659,0.0541253,0.0248741,0.1303681,0.0851166,0.0402547,0.0582652,
332,1e-07,0.0049144,0.052582,0.0119412,0.0483625,0.0248218,0.0288312,0.0200934,0.1263041,0.0583357,0.0157571,0.048115,
333,1e-07,0.0042478,0.0269786,0.0517759,0.0517537,0.0295906,0.0213554,0.0435148,0.0843479,0.0603808,0.0415061,0.0427479,
334,1e-07,0.0038054,0.0123866,0.03117,0.0497093,0.0130052,0.0863777,0.0754346,0.0572101,0.0566687,0.0115119,0.0324512,
335,1e-07,0.0006786,0.0147655,0.0618491,0.0643118,0.0418181,0.0309933,0.0400071,0.0615444,0.0445508,0.0154934,0.0549716,
336,0.0,0.0016489,0.0125367,0.0461768,0.0649669,0.0382107,0.0463228,0.0599137,0.0324483,0.0705646,0.0409618,0.0476229,
337,0.0,0.0015785,0.017479,0.0300409,0.028741,0.0311602,0.0324911,0.0411803,0.035265,0.0288787,0.04342,0.0329876,
338,0.0,0.0011305,0.0202642,0.052906,0.0223936,0.0356719,0.0505968,0.0647053,0.0201995,0.0452519,0.0377783,0.0337563,
339,0.0,0.0034192,0.0199378,0.018699,0.0477915,0.0581804,0.0619978,0.0680374,0.0124694,0.0511603,0.0293604,0.0753984,
340,0.0,0.0032084,0.0257042,0.0522543,0.0422067,0.0636746,0.0625783,0.0403694,0.0376932,0.0523262,0.0553754,0.0323992,
341,0.0,0.0012367,0.0155141,0.0579887,0.0360473,0.0414168,0.021256,0.0397974,0.0598625,0.052096,0.0685449,0.0391358,
342,0.0,0.0010064,0.0057932,0.0351427,0.0458231,0.0252781,0.0387615,0.018984,0.054481,0.0495504,0.0150869,0.0243847,
343,0.0,0.0021426,0.023261,0.0150612,0.0124472,0.0331093,0.0256591,0.0429982,0.0477243,0.0339055,0.0401805,0.030192,
344,0.0,0.0010101,0.0177924,0.0364414,0.0473213,0.0429726,0.0500769,0.0649831,0.0489826,0.0232477,0.0457288,0.0352876,
345,0.0,0.0011222,0.0191719,0.0333976,0.0472287,0.0426661,0.0464299,0.0562034,0.0245022,0.0614194,0.0334378,0.0382776,
346,1e-07,0.0010128,0.0260462,0.0471609,0.0584146,0.0685493,0.1092852,0.0509324,0.0637808,0.0687237,0.0354581,0.0298553,
347,1e-07,0.0020797,0.0357823,0.0481489,0.0624402,0.0625189,0.1047586,0.0776859,0.0898759,0.1060595,0.0357912,0.0305286,
348,1e-07,0.0032977,0.0178634,0.046907,0.0575536,0.0802239,0.0394625,0.0490583,0.0758799,0.0830355,0.0544217,0.0623435,
349,1e-07,0.0018709,0.0295322,0.0587503,0.0819521,0.0722378,0.0879353,0.0429552,0.0808048,0.07559,0.0358595,0.081313,
350,1e-07,0.0067493,0.0472494,0.062619,0.077495,0.0733911,0.0814357,0.0284783,0.1120155,0.0695624,0.0424076,0.0646757,
351,2e-07,0.0032673,0.0750901,0.0462634,0.1377971,0.142533,0.0500732,0.0570752,0.0833459,0.1467495,0.1070409,0.0424467,
352,2e-07,0.0021,0.0298997,0.0632835,0.1496709,0.1541595,0.0893621,0.0525723,0.0923241,0.2098174,0.187367,0.0432854,
353,2e-07,0.0045895,0.0378854,0.0964272,0.1171428,0.1993364,0.0493994,0.0445757,0.0851342,0.2493493,0.1778258,0.0975552,
354,1e-07,0.0098163,0.0231311,0.060225,0.0896873,0.0828463,0.0402912,0.0535013,0.0492013,0.179417,0.1120582,0.0942578,
355,1e-07,0.0090425,0.0248109,0.0761804,0.1118277,0.1066418,0.0844849,0.0518445,0.113271,0.1366352,0.1232304,0.0746543,
356,1e-07,0.0018554,0.0154783,0.0645679,0.1107181,0.0973011,0.063172,0.0574196,0.1097301,0.1113948,0.1033358,0.0972105,
357,1e-07,0.0004831,0.0128618,0.0703093,0.1007606,0.0626509,0.0979804,0.0404338,0.0617421,0.1441358,0.1075787,0.1008592,
358,1e-07,0.001457,0.0466257,0.0860893,0.0833702,0.031305,0.120804,0.1303133,0.0787713,0.1551259,0.116921,0.0900804,
359,1e-07,0.0047313,0.0151779,0.0904507,0.1119209,0.0433034,0.0593065,0.1297438,0.0308482,0.1546126,0.0877798,0.1076369,
360,1e-07,0.0004762,0.0110383,0.071151,0.1230486,0.0324577,0.0792354,0.1158902,0.0624361,0.1451722,0.0380685,0.1200181,
361,0.0,0.0011911,0.0170346,0.07346,0.1310062,0.0367472,0.0705358,0.1454025,0.0366674,0.1286324,0.0768189,0.1134464,
362,1e-07,0.0011949,0.0146701,0.0742098,0.0864261,0.0536975,0.099134,0.1395843,0.0519799,0.1255084,0.0832061,0.1257363,
363,1e-07,0.001793,0.0108364,0.0837009,0.1180657,0.0481408,0.1095889,0.1055347,0.0837886,0.12519,0.0436093,0.0936315,
364,1e-07,0.0041619,0.0484515,0.0825761,0.1173779,0.0570715,0.0820213,0.1458578,0.1113247,0.0859128,0.0550884,0.1200056,
365,1e-07,0.0050115,0.0246233,0.0833523,0.1598783,0.0423688,0.1035752,0.14625,0.1188502,0.0723138,0.0554533,0.1370635,
366,1e-07,0.0066272,0.027771,0.0640401,0.1830387,0.0733623,0.0892904,0.1167128,0.0965679,0.0741533,0.0326791,0.1597661,
367,1e-07,0.0039206,0.016705,0.0817675,0.1425827,0.0890028,0.1101505,0.129521,0.1348423,0.073792,0.1110136,0.11459,
368,1e-07,0.003392,0.0275987,0.1164263,0.118822,0.1036542,0.0991744,0.2036128,0.1281835,0.0630806,0.0844858,0.1263525,
369,1e-07,0.0012247,0.0416124,0.1129543,0.0707621,0.1166941,0.0432477,0.1239608,0.0837243,0.0572499,0.0557476,0.0840812,
370,1e-07,0.0066808,0.0493818,0.146619,0.0664958,0.1169624,0.0335976,0.1323867,0.1094077,0.0782036,0.0771616,0.0964374,
371,1e-07,0.0046975,0.0329204,0.0861654,0.0622785,0.0770356,0.0203408,0.1306949,0.0953515,0.0990496,0.0395387,0.0979129,
372,1e-07,0.0027859,0.0258125,0.0180018,0.0805937,0.0583355,0.0293933,0.1232227,0.0893154,0.0636354,0.0426938,0.0792842,
373,1e-07,0.0009982,0.0133343,0.0257253,0.0675856,0.0588449,0.0855532,0.1322539,0.1354166,0.0777009,0.051075,0.0807814,
374,1e-07,0.0009995,0.0296266,0.0162449,0.041175,0.0361715,0.0793005,0.0624879,0.1389929,0.0472529,0.0411787,0.0395582,
375,1e-07,0.0006882,0.0220184,0.0203803,0.0327239,0.0736396,0.0471153,0.107097,0.111457,0.0461559,0.0386247,0.0452209,
376,1e-07,0.0008446,0.0035501,0.0671386,0.0554314,0.0715334,0.0338073,0.1344657,0.1351308,0.0561444,0.1182452,0.0768368,
377,1e-07,0.0029913,0.0161342,0.160686,0.0787448,0.0603113,0.0623896,0.1162435,0.1682527,0.0195325,0.1638382,0.1153163,
378,1e-07,0.0021531,0.0186472,0.0509277,0.0699726,0.0521704,0.0825544,0.1460825,0.2183473,0.0832128,0.1495791,0.1166363,
379,1e-07,0.001387,0.028887,0.0355974,0.1015922,0.0639667,0.0416184,0.0796402,0.1947436,0.0372596,0.0688136,0.1517725,
380,1e-07,0.0011229,0.029556,0.041877,0.0509696,0.0348246,0.0280139,0.0550646,0.13565,0.0464588,0.0468544,0.1014188,
381,1e-07,0.0013912,0.0369037,0.0434142,0.025436,0.0177495,0.034751,0.0645346,0.1500514,0.028458,0.0273108,0.0243848,
382,1e-07,0.0034511,0.0276287,0.0289382,0.045626,0.0119144,0.0635608,0.0180202,0.1179602,0.0457908,0.0133132,0.0233705,
383,1e-07,0.0026276,0.0197836,0.0224143,0.0753735,0.0437919,0.0439693,0.0221768,0.06721,0.025905,0.0259667,0.0831993,
384,1e-07,0.0013869,0.0256329,0.010236,0.0530287,0.0757585,0.0585837,0.0273979,0.0748862,0.0405173,0.0490548,0.1369791,
385,0.0,0.0016613,0.011854,0.0543987,0.0388825,0.09558,0.0586597,0.054437,0.0514917,0.0247223,0.0782281,0.0587835,
386,0.0,0.0043867,0.0380196,0.0689892,0.0480289,0.0822603,0.0612088,0.0503434,0.0349965,0.0332576,0.0967876,0.0685897,
387,0.0,0.0028558,0.0262997,0.0375857,0.0508102,0.0652025,0.0796133,0.0381201,0.0303667,0.0263707,0.0677891,0.0572181,
388,0.0,0.0038136,0.0276271,0.0452646,0.0733282,0.0634153,0.0817361,0.0438987,0.0254519,0.0202797,0.0553097,0.0471657,
389,1e-07,0.0032309,0.0126026,0.0434664,0.0704763,0.0818664,0.1076092,0.0270258,0.0204488,0.0465328,0.0891154,0.0606754,
390,1e-07,0.0037732,0.0386391,0.0491338,0.1105917,0.0818029,0.1100539,0.041482,0.0803196,0.0165452,0.0852246,0.066222,
391,0.0,0.0038162,0.0266601,0.0307626,0.0891002,0.0717347,0.0722027,0.0389054,0.0504825,0.0276932,0.0810987,0.0462846,
392,0.0,0.0019604,0.0080968,0.0524248,0.0573342,0.0550967,0.0507188,0.0471585,0.0606893,0.0411909,0.0743892,0.0604973,
393,0.0,0.0019574,0.0260174,0.0640136,0.0695045,0.0620572,0.0386992,0.0698482,0.032289,0.062717,0.0328985,0.0281448,
394,0.0,0.0020106,0.0227993,0.0628448,0.0204619,0.0428841,0.021194,0.0653551,0.0148213,0.0453398,0.0476352,0.0573063,
395,0.0,0.0012332,0.0134136,0.0029661,0.0205152,0.0431344,0.0422977,0.0473301,0.011391,0.0589559,0.0229407,0.0594058,
396,0.0,0.003049,0.0053612,0.033912,0.051157,0.0621745,0.0528338,0.0282263,0.0614634,0.0323608,0.0292053,0.0550413,
397,0.0,0.0017968,0.041699,0.0215264,0.0603409,0.0333335,0.0586608,0.0477853,0.0580366,0.0513754,0.048711,0.0471394,
398,0.0,0.0012283,0.053861,0.0391239,0.0834888,0.0393506,0.0449695,0.039182,0.0492148,0.0422756,0.0616858,0.0996974,
399,0.0,0.0017978,0.0347125,0.0155306,0.064837,0.0488844,0.0931522,0.0942053,0.0304963,0.1053577,0.0299199,0.0719934,
400,0.0,0.0009966,0.0183028,0.0153734,0.0529264,0.0584043,0.098624,0.0615257,0.0590987,0.1258097,0.0478121,0.0814686,
401,0.0,0.0010002,0.0284781,0.0352498,0.0691028,0.0520378,0.0787065,0.0476384,0.065625,0.0765309,0.0432962,0.0683824,
402,0.0,0.0042534,0.0256148,0.0337703,0.1054176,0.0522586,0.0529136,0.0631049,0.067877,0.0821009,0.0518445,0.0886874,
403,0.0,0.010079,0.0321671,0.0501798,0.0232774,0.0598513,0.1153217,0.0526729,0.0384512,0.0069436,0.0423231,0.0578667,
404,1e-07,0.0071572,0.0307295,0.0657663,0.0636027,0.0759181,0.0588371,0.0308001,0.0514448,0.0339817,0.0155169,0.0820259,
405,1e-07,0.0101737,0.0093507,0.0293565,0.030513,0.0635,0.0916482,0.0345446,0.0209559,0.0494141,0.0580181,0.0671404,
406,1e-07,0.0079847,0.0187679,0.0201208,0.0313593,0.0939074,0.0992422,0.0710835,0.025458,0.0213351,0.054996,0.0258107,
407,1e-07,0.001278,0.0186954,0.0317015,0.0333876,0.1004005,0.1026525,0.0695889,0.0182282,0.0331549,0.0412244,0.0592893,
408,1e-07,0.0026547,0.0233177,0.0365129,0.0196276,0.1255219,0.104129,0.0778399,0.0457433,0.0194561,0.056743,0.0661645,
409,1e-07,0.0024441,0.0244452,0.0441666,0.0327448,0.1248598,0.0899424,0.0879403,0.0841596,0.0558916,0.0780591,0.0633786,
410,1e-07,0.0023745,0.020609,0.037555,0.0070966,0.083321,0.0735288,0.0717645,0.0357658,0.0623391,0.0497087,0.0682254,
411,1e-07,0.0012567,0.0211432,0.0309331,0.008411,0.0581318,0.1020247,0.0942002,0.0662683,0.0495587,0.0857117,0.0822428,
412,1e-07,0.0034415,0.0257702,0.0287364,0.0663436,0.0378607,0.100446,0.0945456,0.0478688,0.0971366,0.1088753,0.1239251,
413,1e-07,0.0034508,0.0398472,0.0208118,0.0558911,0.027204,0.1047846,0.1113518,0.0449833,0.1139426,0.1017508,0.0781158,
414,1e-07,0.0013798,0.0169058,0.0242473,0.0421059,0.0168384,0.0837866,0.0412347,0.0598323,0.04016,0.1049018,0.0506256,
415,1e-07,0.0041573,0.0277964,0.0289603,0.0540218,0.0645039,0.0651486,0.0440153,0.0597858,0.0470237,0.1065378,0.0763827,
416,1e-07,0.0017666,0.0266257,0.0360782,0.0532908,0.0549405,0.0605874,0.0368333,0.0239952,0.0458674,0.0738701,0.0632432,
417,1e-07,0.0011676,0.0171386,0.0412589,0.0522248,0.0126385,0.0604249,0.020797,0.025868,0.0214742,0.0468009,0.0351798,
418,1e-07,0.0015817,0.0106419,0.0288363,0.043274,0.0145926,0.0320777,0.0762401,0.0184223,0.0152683,0.0510304,0.0247613,
419,1e-07,0.0019109,0.0088765,0.0369578,0.0486831,0.0390608,0.05684,0.0549964,0.0150334,0.0111337,0.0630762,0.0416469,
420,0.0,0.0017695,0.0058318,0.0414684,0.033535,0.0153926,0.0456178,0.0340859,0.0121905,0.0275924,0.0560956,0.0385014,
421,0.0,0.0006789,0.0153758,0.0433386,0.0050746,0.0560617,0.101075,0.049476,0.0177468,0.0493609,0.0446035,0.0256315,
422,1e-07,0.0012375,0.0114584,0.0276018,0.0411422,0.0519019,0.1271594,0.0597758,0.0423184,0.035831,0.0419749,0.01846,
423,1e-07,0.0008484,0.008697,0.0142126,0.0106569,0.0189593,0.0812248,0.0749155,0.0541627,0.0276473,0.0493559,0.0423469,
424,1e-07,0.0020758,0.0171678,0.0290594,0.016645,0.0539069,0.0747379,0.0903664,0.076407,0.046254,0.0512282,0.0668947,
425,1e-07,0.0020119,0.0294416,0.0472304,0.0179937,0.0735879,0.0663511,0.1562264,0.1082921,0.043778,0.0741242,0.1335394,
426,1e-07,0.0009878,0.0356431,0.0209209,0.0192741,0.0438787,0.1011793,0.1072731,0.0808764,0.0169072,0.0745854,0.1242832,
427,1e-07,0.001125,0.0403813,0.0533405,0.0135932,0.0449264,0.0595339,0.0735058,0.0996326,0.0157082,0.1034508,0.0837946,
428,1e-07,0.0012319,0.0177646,0.0374241,0.0202701,0.0599002,0.0629825,0.0633302,0.060535,0.0307484,0.0196089,0.0752196,
429,1e-07,0.0010029,0.0127364,0.0292764,0.0445263,0.0611291,0.0533945,0.0599226,0.0385049,0.036903,0.0085109,0.0585011,
430,1e-07,0.0016577,0.0160683,0.0254911,0.0438859,0.0373202,0.0233314,0.0485611,0.0217054,0.0246605,0.0280641,0.0526275,
431,0.0,0.0016592,0.0017692,0.0131364,0.0388319,0.0252254,0.0219035,0.0411507,0.0318203,0.0393657,0.0198923,0.0262605,
432,0.0,0.0011758,0.0029696,0.0252248,0.0402956,0.0359709,0.04144,0.0395364,0.0228642,0.0288469,0.0367615,0.0478761,
433,0.0,0.0014683,0.013738,0.0161675,0.035559,0.0186186,0.0640491,0.0395623,0.03454,0.0144534,0.0105653,0.0202752,
434,0.0,0.0010183,0.016189,0.023111,0.0184744,0.0328197,0.0542861,0.0433433,0.0481523,0.0215374,0.0453204,0.0212971,
435,1e-07,0.0016584,0.0078564,0.0403123,0.0119951,0.0321095,0.0569528,0.0481907,0.0369379,0.0792435,0.0255025,0.0354099,
436,1e-07,0.0012546,0.0119695,0.0359667,0.0263994,0.0288746,0.037876,0.0524596,0.0462737,0.0626723,0.0247177,0.015597,
437,1e-07,0.0025177,0.0064485,0.0350248,0.0392515,0.0252729,0.027431,0.0704409,0.0496986,0.0291623,0.0302,0.0282904,
438,1e-07,0.0024932,0.0094846,0.0547312,0.0438921,0.0309338,0.0427409,0.0802813,0.0333248,0.0410885,0.0106248,0.0576343,
439,1e-07,0.0015909,0.0085672,0.0684483,0.0106275,0.0420136,0.015512,0.1367976,0.0383056,0.0345051,0.0299309,0.0601999,
440,1e-07,0.0020241,0.0131402,0.0744271,0.0184648,0.0509736,0.0370099,0.1202608,0.0653676,0.0440124,0.0416282,0.0276757,
441,0.0,0.0012512,0.0072258,0.061512,0.0183589,0.0642787,0.0381284,0.1245198,0.0629519,0.0328958,0.0558124,0.0574076,
442,0.0,0.0017596,0.0045792,0.0240378,0.0322363,0.0365557,0.0773484,0.0971548,0.0596747,0.0221775,0.0634119,0.0519169,
443,0.0,0.0013875,0.0073724,0.0171146,0.0274563,0.0415264,0.0939666,0.0871367,0.1202242,0.0899024,0.050309,0.0427109,
444,0.0,0.0013018,0.0046414,0.0233169,0.0670737,0.0530726,0.1238013,0.0729704,0.0978145,0.0949182,0.0637826,0.0396925,
445,1e-07,0.0014038,0.015344,0.0422132,0.0372902,0.0740738,0.0628042,0.0847875,0.0669701,0.0842431,0.0461209,0.0675558,
446,1e-07,0.0015762,0.0165873,0.056167,0.0220664,0.0744809,0.0242376,0.0825651,0.0463011,0.0513681,0.0448519,0.0403102,
447,1e-07,0.0026409,0.0246487,0.0559283,0.0455398,0.0810573,0.0700169,0.0768934,0.062917,0.0398067,0.0347071,0.0316446,
448,1e-07,0.0011187,0.02827,0.0385662,0.0466334,0.1089351,0.0676272,0.067708,0.1159868,0.0848699,0.0571256,0.0756188,
449,1e-07,0.0013099,0.0381447,0.0426458,0.0444604,0.132024,0.0742928,0.0815367,0.0811933,0.064025,0.0437113,0.0501822,
450,1e-07,0.0013963,0.0068749,0.028022,0.0535135,0.1227312,0.0580313,0.0972587,0.0586797,0.0652544,0.0297236,0.0367349,
451,1e-07,0.0004647,0.0124735,0.0556048,0.0574225,0.1224359,0.0879639,0.1052632,0.0515315,0.0334844,0.0273351,0.0506439,
452,1e-07,0.0008504,0.0046863,0.0121483,0.0614513,0.0661402,0.0923425,0.0656168,0.0554404,0.0227097,0.0182248,0.0372079,
453,0.0,0.0026663,0.0093475,0.0252466,0.0601348,0.0565445,0.0820268,0.0815385,0.0495853,0.0106481,0.0180836,0.0296932,
454,0.0,0.0009878,0.0176057,0.0428744,0.0404856,0.0411908,0.0342574,0.0713241,0.0478481,0.0338791,0.0373329,0.0314201,
455,0.0,0.001296,0.0123991,0.0364631,0.0323285,0.0406346,0.0708933,0.0915784,0.0263406,0.0305531,0.0166458,0.0754853,
456,1e-07,0.0006751,0.004601,0.035114,0.0491765,0.0309156,0.0206917,0.0967334,0.0492497,0.0240761,0.0397994,0.0602696,
457,1e-07,0.0016469,0.0154688,0.0246417,0.0989015,0.0456399,0.0212815,0.0847938,0.0356589,0.0211692,0.0237852,0.021667,
458,1e-07,0.0041788,0.0413987,0.0259897,0.048456,0.061815,0.0509713,0.0592928,0.0513036,0.0214431,0.0327203,0.0173046,
459,1e-07,0.0025804,0.0344696,0.0198428,0.0146387,0.0520498,0.0453962,0.1054155,0.0753206,0.019562,0.0398774,0.0158821,
460,1e-07,0.0025838,0.0118058,0.0357784,0.0444544,0.0475595,0.0315333,0.0815374,0.0581861,0.0392667,0.0154234,0.0318375,
461,1e-07,0.0039338,0.0448868,0.0249537,0.0456757,0.0866067,0.054244,0.0567268,0.0556153,0.074174,0.0463686,0.0360012,
462,1e-07,0.0090142,0.0298999,0.0252219,0.0209129,0.1072226,0.0494922,0.045729,0.0484808,0.0641171,0.0813081,0.0427435,
463,1e-07,0.0012501,0.028242,0.0453635,0.0477462,0.0951927,0.0291242,0.0593551,0.0103916,0.0280336,0.0562019,0.023722,
464,1e-07,0.0013844,0.0167985,0.0438602,0.0558558,0.1150506,0.0410087,0.069253,0.0212069,0.0274827,0.0168636,0.0641805,
465,1e-07,0.0027903,0.0179468,0.0456834,0.0608698,0.0568214,0.0687716,0.1252007,0.0190273,0.0408942,0.0140105,0.0546131,
466,1e-07,0.0004529,0.0029055,0.0240994,0.0519269,0.1008114,0.0731396,0.0798201,0.0323023,0.0419568,0.0571504,0.0569667,
467,1e-07,0.0012489,0.0051139,0.02131,0.0200355,0.0767962,0.0676867,0.0940458,0.0530619,0.0376231,0.0339958,0.0282555,
468,0.0,0.0008537,0.0167867,0.0450098,0.0263117,0.0768386,0.052013,0.0545099,0.065644,0.0550839,0.0291504,0.0272421,
469,0.0,0.000981,0.016378,0.051298,0.0405282,0.064293,0.0797197,0.0678059,0.0681538,0.0451239,0.0543018,0.0296045,
470,1e-07,0.0013295,0.0121887,0.0375688,0.0612293,0.0660953,0.0852802,0.0948693,0.1071455,0.0918465,0.0803801,0.0212794,
471,1e-07,0.0013267,0.0120332,0.0434992,0.0249833,0.068508,0.0798913,0.0890331,0.105426,0.1072166,0.0961567,0.0404497,
472,1e-07,0.0004703,0.0119167,0.0121845,0.0164182,0.0653913,0.0818999,0.057358,0.0645221,0.1018287,0.0696235,0.0427923,
473,1e-07,0.0006615,0.0212669,0.0456212,0.0030443,0.0738543,0.0800465,0.0569655,0.0604144,0.1096611,0.1067089,0.0406428,
474,1e-07,0.0047552,0.0397417,0.096481,0.0586614,0.0873902,0.0747264,0.0522005,0.1095635,0.1638796,0.1185834,0.077467,
475,1e-07,0.0020659,0.0379378,0.0918193,0.0329879,0.0384976,0.0663606,0.0837682,0.0835914,0.1607232,0.0894905,0.0569649,
476,1e-07,0.0028219,0.0399445,0.0390118,0.0477163,0.0439652,0.0947637,0.0872218,0.0775331,0.0759576,0.1222337,0.1250347,
477,0.0,0.0019202,0.024949,0.0353998,0.0167347,0.0685999,0.0364704,0.0752394,0.0814945,0.0572572,0.0783309,0.0453796,
478,0.0,0.0008542,0.0115233,0.0392898,0.0174944,0.0367971,0.0748852,0.072065,0.0769509,0.0447111,0.0744082,0.0436728,
479,0.0,0.0012465,0.0050247,0.0603717,0.0137587,0.0410585,0.0682763,0.0640398,0.0538091,0.0435728,0.0612349,0.0041376,
480,0.0,0.002731,0.0420577,0.02465,0.0201179,0.0489863,0.0543246,0.0644298,0.0728492,0.1470996,0.0731709,0.0178376,
481,0.0,0.003225,0.015626,0.0479331,0.0203735,0.0773332,0.0516596,0.0498823,0.0597348,0.0634094,0.0489091,0.0233511,
482,1e-07,0.0031897,0.0230491,0.0743391,0.0490159,0.0893034,0.0742618,0.0634793,0.0865664,0.0650711,0.047841,0.0351303,
483,1e-07,0.0018205,0.0242784,0.0683162,0.0066574,0.0581795,0.0715151,0.0810508,0.0752356,0.0717183,0.0712078,0.0210905,
484,1e-07,0.0031556,0.0217937,0.0387327,0.0216482,0.0744906,0.0643201,0.1070663,0.0569522,0.0284594,0.0927055,0.0115165,
485,1e-07,0.001388,0.015344,0.0601768,0.0224616,0.0324984,0.0562731,0.0750248,0.0690665,0.0187295,0.0385056,0.0166998,
486,1e-07,0.0038993,0.0090184,0.073603,0.0106493,0.0527528,0.0579157,0.0634774,0.050682,0.0489374,0.0882297,0.03727,
487,1e-07,0.0026694,0.0161775,0.0840411,0.0182854,0.050003,0.03963,0.068871,0.0535939,0.0904177,0.0888027,0.0298624,
488,1e-07,0.0004652,0.0201995,0.0842332,0.016777,0.0692399,0.080758,0.05585,0.0586297,0.103383,0.0636846,0.0316011,
489,1e-07,0.0019222,0.0302106,0.0583848,0.0677983,0.086292,0.0783437,0.1274674,0.1252946,0.0718339,0.1000713,0.0631885,
490,1e-07,0.0011227,0.0279984,0.0349069,0.0652938,0.0879062,0.133281,0.0651336,0.1522509,0.1303052,0.0983393,0.0139463,
491,0.0,0.001122,0.0149837,0.1036145,0.041277,0.1053229,0.1025291,0.0541998,0.1512653,0.0699916,0.0567401,0.0483537,
492,0.0,0.0017751,0.0242332,0.1026715,0.0518691,0.0601424,0.1945274,0.0849212,0.1366348,0.0874746,0.0619864,0.0339474,
493,1e-07,0.0020849,0.0369878,0.0409009,0.0523739,0.0413986,0.1206354,0.1108456,0.1059775,0.1014365,0.0653683,0.0252052,
494,1e-07,0.0023327,0.0197943,0.0288043,0.0618536,0.0682332,0.153895,0.0932128,0.1597377,0.1058249,0.1330396,0.1329632,
495,1e-07,0.002335,0.0337383,0.0096612,0.0495992,0.0750903,0.1534644,0.1279567,0.1457197,0.1304939,0.1299084,0.1488237,
496,1e-07,0.0004818,0.0326853,0.0600235,0.0590473,0.04529,0.1098503,0.1490685,0.1977071,0.1494983,0.0991138,0.0743951,
497,1e-07,0.002087,0.0564376,0.0887268,0.0688018,0.0908343,0.1352472,0.147524,0.2986928,0.1283814,0.0507428,0.1046106,
498,1e-07,0.0036483,0.0222879,0.0419856,0.044039,0.0698236,0.1134666,0.1248613,0.1624367,0.0916869,0.0158733,0.0807645,
499,0.0,0.0045071,0.0416288,0.0254665,0.0565012,0.0576139,0.102501,0.0978016,0.0751938,0.0798681,0.0887467,0.094554,
500,0.0,0.0051051,0.027937,0.1081383,0.1079995,0.042045,0.0477528,0.12271,0.114283,0.1477695,0.1688129,0.1026123,
501,0.0,0.001124,0.0150052,0.1050117,0.1049025,0.0145338,0.0628429,0.2076408,0.0331293,0.1560826,0.1321743,0.0855836,
502,1e-07,0.0022763,0.037564,0.0880086,0.0559355,0.0600608,0.0624516,0.1479234,0.0965071,0.0425285,0.0775531,0.1176874,
503,1e-07,0.0015908,0.0087136,0.0527663,0.1087904,0.069924,0.0328026,0.1000582,0.0465183,0.0780092,0.0718588,0.0681118,
504,1e-07,0.0015922,0.0069722,0.0420562,0.0384483,0.0827695,0.0202606,0.0956979,0.0734794,0.0957294,0.0517658,0.0446584,
505,1e-07,0.003031,0.0293291,0.0694121,0.0243931,0.0683136,0.0143576,0.0553694,0.0355201,0.0980968,0.0387557,0.0600459,
506,1e-07,0.0023186,0.0177751,0.0726562,0.0331803,0.0413621,0.0266407,0.0516905,0.0257444,0.0712696,0.0512566,0.0734901,
507,1e-07,0.0011615,0.0141079,0.0252155,0.03407,0.0431142,0.0316602,0.063308,0.0284179,0.0779675,0.0801188,0.0767077,
508,2e-07,0.0011382,0.018542,0.0220311,0.0276594,0.0378641,0.0399435,0.0374128,0.0364185,0.0718262,0.0452594,0.0637914,
509,1e-07,0.0010281,0.0087381,0.0182886,0.0336915,0.0391269,0.0341387,0.0227337,0.010299,0.0765197,0.0679189,0.0439516,
510,1e-07,0.0008645,0.0208593,0.0209615,0.0258563,0.0366791,0.0231329,0.0199459,0.0174207,0.0553273,0.0617572,0.0340912,
511,2e-07,0.0011399,0.0088652,0.0211985,0.0384043,0.0267165,0.0255495,0.0283471,0.0293585,0.0434471,0.052976,0.0359545,
512,2e-07,0.0020647,0.0128163,0.0287276,0.0384566,0.0329203,0.022989,0.019627,0.0243772,0.0360656,0.0552325,0.0364183,
513,1e-07,0.0016733,0.0130911,0.0338681,0.0364417,0.051367,0.0058887,0.0331867,0.0283657,0.0126722,0.056487,0.0129892,
514,1e-07,0.001284,0.0149425,0.0235087,0.0487036,0.0287264,0.0174383,0.0456615,0.0354193,0.0492278,0.0612445,0.0582656,
515,2e-07,0.0026345,0.0084998,0.0272035,0.0168891,0.0247504,0.025013,0.0421971,0.0490846,0.0518371,0.0610707,0.0673504,
516,1e-07,0.0044532,0.0148941,0.0380741,0.0192352,0.0435244,0.0450644,0.0606415,0.0426499,0.0554003,0.0748478,0.0285577,
517,1e-07,0.0030624,0.0240385,0.025001,0.0789324,0.0443364,0.0621758,0.0840855,0.0494204,0.0575966,0.0983525,0.037291,
518,2e-07,0.0162945,0.0255005,0.0239225,0.0715557,0.0756536,0.0854086,0.0629159,0.0503049,0.0712533,0.1309514,0.0303099,
519,2e-07,0.0190042,0.0379721,0.0297455,0.0511769,0.0750815,0.0979808,0.0789524,0.0444386,0.0838994,0.1019901,0.0618749,
520,1e-07,0.0188982,0.0247145,0.0205604,0.0687959,0.0774487,0.0332037,0.0914193,0.0487335,0.087239,0.0971759,0.0603717,
521,1e-07,0.0328384,0.0508969,0.0952068,0.0965892,0.0699378,0.053019,0.1021679,0.0270027,0.1141992,0.0888923,0.1345318,
522,1e-07,0.0169502,0.0455273,0.0526745,0.0623638,0.0669551,0.1148378,0.0994078,0.0504013,0.0802633,0.1248483,0.1064519,
523,1e-07,0.0190107,0.0479914,0.0581361,0.0470968,0.0398624,0.0599516,0.0916968,0.063461,0.0997393,0.1831036,0.1431656,
524,1e-07,0.0085679,0.0387863,0.0748525,0.0729577,0.0797671,0.0729952,0.0926761,0.0630094,0.0949724,0.1835379,0.1616419,
525,1e-07,0.0053705,0.0410108,0.0637912,0.0713896,0.0628739,0.0930677,0.0720625,0.0736448,0.0380659,0.1931666,0.0992876,
526,2e-07,0.0025066,0.0301307,0.0346918,0.0639419,0.0695713,0.0928197,0.0688153,0.0474532,0.0517603,0.1392539,0.0753783,
527,2e-07,0.0051577,0.028756,0.0436033,0.0577693,0.1380086,0.0929555,0.0799124,0.0710499,0.0771653,0.1408673,0.1454307,
528,2e-07,0.008646,0.0212592,0.0603756,0.0527737,0.1074202,0.0830188,0.1062989,0.1311849,0.1732117,0.195128,0.1898376,
529,2e-07,0.0043449,0.0229488,0.0637874,0.0656988,0.1229252,0.1273133,0.0227569,0.0424646,0.0284019,0.1588425,0.162858,
530,2e-07,0.0033847,0.0127574,0.04892,0.0703137,0.1168861,0.1145324,0.0415405,0.0668535,0.0421938,0.1261486,0.1447009,
531,2e-07,0.0009913,0.0259505,0.057333,0.0611079,0.0703481,0.0959541,0.0512466,0.0618689,0.0092903,0.1319018,0.1674856,
532,2e-07,0.0019141,0.0132978,0.0561369,0.0480596,0.0604779,0.0949354,0.0402597,0.0610486,0.058561,0.1215177,0.2322788,
533,2e-07,0.000455,0.0242865,0.0668638,0.0581928,0.041576,0.0850723,0.0767378,0.0385829,0.0792032,0.1027473,0.2275095,
534,2e-07,0.0017669,0.0342163,0.0526958,0.0864707,0.0821243,0.1164792,0.1076462,0.1235271,0.1167607,0.1346343,0.2733077,
535,2e-07,0.0009848,0.0140526,0.0143493,0.0597428,0.0783736,0.1241021,0.073869,0.1353012,0.1046956,0.0904355,0.2394027,
536,2e-07,0.0006481,0.0134924,0.0571067,0.0388814,0.085524,0.0685897,0.0709457,0.0921555,0.1163573,0.049212,0.2445032,
537,2e-07,0.0013687,0.0115228,0.07565,0.0848379,0.1162926,0.0991383,0.0692778,0.0868002,0.151455,0.0844622,0.2201373,
538,2e-07,0.0006438,0.0200255,0.0474452,0.1085672,0.1137078,0.1433523,0.0767575,0.0914114,0.1061005,0.0850656,0.2426258,
539,2e-07,0.0029716,0.0208406,0.0519458,0.0799958,0.0972524,0.0912332,0.0685525,0.0606957,0.0969716,0.104498,0.2600611,
540,2e-07,0.0018683,0.0199281,0.0539642,0.0530521,0.1257651,0.055974,0.0810241,0.0786396,0.0926052,0.0633319,0.2020554,
541,1e-07,0.0024928,0.0319307,0.06723,0.0856314,0.0652549,0.0638535,0.1220864,0.100751,0.1166903,0.1028211,0.1816102,
542,1e-07,0.0019865,0.027138,0.1047592,0.092532,0.1447971,0.0612616,0.0876828,0.0829779,0.0943575,0.1062985,0.2305444,
543,1e-07,0.0026222,0.0257529,0.0412514,0.0634459,0.1003272,0.0464459,0.0357759,0.0803802,0.091337,0.1039,0.1722096,
544,1e-07,0.0019436,0.0162431,0.05525,0.0864191,0.094869,0.0343711,0.0700008,0.0898232,0.0843247,0.075457,0.1533082,
545,1e-07,0.0015924,0.0076997,0.0661004,0.0740814,0.0690961,0.0075412,0.061525,0.0647773,0.0969201,0.0534044,0.1343503,
546,1e-07,0.0016575,0.0105863,0.0617823,0.0649163,0.0776097,0.0200504,0.086652,0.0638182,0.0866491,0.0744287,0.0906867,
547,2e-07,0.0004611,0.0171243,0.0877316,0.046898,0.1045533,0.0297605,0.09734,0.0721525,0.0782258,0.1457513,0.1541917,
548,2e-07,0.0018559,0.0350175,0.0766098,0.0685149,0.0998509,0.0768543,0.0394796,0.037776,0.1134438,0.1320278,0.1583444,
549,2e-07,0.00104,0.0180545,0.0978809,0.0605723,0.1401729,0.1053151,0.0851024,0.0351099,0.145797,0.0838846,0.1688048,
550,2e-07,0.0016577,0.0189646,0.0855566,0.0495186,0.1081254,0.0729666,0.0634436,0.0645423,0.1743438,0.0938935,0.1504444,
551,2e-07,0.0016651,0.0138982,0.0572939,0.0385443,0.0884053,0.0863582,0.0576005,0.0910827,0.1502076,0.1044911,0.1798869,
552,2e-07,0.0011543,0.0054393,0.0582001,0.0309851,0.0914679,0.0764086,0.0534826,0.0500496,0.0705605,0.13036,0.1990744,
553,2e-07,0.0004468,0.0391435,0.064844,0.0329162,0.0758972,0.043661,0.0165927,0.025817,0.0342115,0.1625008,0.2094228,
554,2e-07,0.0025061,0.0349658,0.0274476,0.0747685,0.0633182,0.0180591,0.0527612,0.05793,0.0831424,0.1674672,0.2389047,
555,2e-07,0.0021184,0.0360153,0.0279154,0.044536,0.0236228,0.0366457,0.0406013,0.0635867,0.032586,0.1333396,0.1749739,
556,2e-07,0.00182,0.0341925,0.0284954,0.062846,0.0288958,0.025227,0.0388592,0.0546808,0.0184957,0.1271636,0.1331553,
557,2e-07,0.0018224,0.0458055,0.0334528,0.0638826,0.0596492,0.0172235,0.0214517,0.0791601,0.0198359,0.1199124,0.1697274,
558,2e-07,0.0022943,0.0611024,0.0481009,0.0991459,0.0677117,0.0471553,0.0327128,0.0299643,0.0526468,0.1056604,0.1589715,
559,2e-07,0.0054358,0.0294002,0.0267129,0.0753667,0.0824162,0.0602496,0.0400663,0.0283636,0.0396785,0.087641,0.0965472,
560,2e-07,0.0032784,0.0346743,0.0187459,0.0841499,0.1619048,0.1168822,0.0637918,0.0682182,0.0633952,0.1215788,0.1214815,
561,2e-07,0.0075752,0.0510351,0.0311416,0.1008973,0.2154019,0.1199467,0.070606,0.030661,0.144359,0.1735887,0.1525623,
562,2e-07,0.0063723,0.0404898,0.0227476,0.0852158,0.1622083,0.0930259,0.0610349,0.047117,0.1346562,0.1133356,0.125524,
563,2e-07,0.0069296,0.0105245,0.0442061,0.0461651,0.1086974,0.0322497,0.0798269,0.0454167,0.0926488,0.1322666,0.0737251,
564,2e-07,0.0048976,0.060336,0.0559019,0.0502266,0.1119516,0.0764409,0.0892791,0.0688301,0.1180442,0.1994166,0.1067293,
565,2e-07,0.00304,0.0248629,0.0381467,0.0304968,0.0876678,0.0389017,0.0713346,0.0593287,0.0853036,0.139483,0.1249632,
566,2e-07,0.0043749,0.0368378,0.0399802,0.0393764,0.1080798,0.0630968,0.07646,0.0540794,0.0411203,0.1093706,0.121421,
567,2e-07,0.0011445,0.0306302,0.0477382,0.0266989,0.1042589,0.0777428,0.0394656,0.0207189,0.0188728,0.0702555,0.1021324,
568,2e-07,0.0011483,0.0381316,0.0437648,0.053458,0.1084295,0.0459014,0.0324727,0.0430115,0.0144191,0.0779799,0.1316152,
569,2e-07,0.0021809,0.0470846,0.0190431,0.0452806,0.0834815,0.0426573,0.0340352,0.0385456,0.0177284,0.088507,0.1120427,
570,2e-07,0.002492,0.0362806,0.0311598,0.0482721,0.0815021,0.0355776,0.0462144,0.0408997,0.0372476,0.0628053,0.1178682,
571,2e-07,0.0024941,0.0156349,0.0429549,0.0348963,0.1077852,0.0641526,0.0405881,0.0392034,0.0559898,0.0600949,0.1164535,
572,2e-07,0.0030322,0.0163993,0.0168227,0.0399718,0.0886349,0.104112,0.0270334,0.0312843,0.0513278,0.0598067,0.1204816,
573,2e-07,0.0023707,0.0260879,0.0124196,0.0502568,0.0771721,0.0983891,0.064416,0.0660551,0.0646201,0.0924834,0.1135249,
574,2e-07,0.0016579,0.0190228,0.0294357,0.0551323,0.0451052,0.1099161,0.0412185,0.0433713,0.0335366,0.086341,0.0985912,
575,2e-07,0.0017338,0.0397099,0.0347422,0.0808717,0.086438,0.1129719,0.0510019,0.0552507,0.0453802,0.0762227,0.1050753,
576,2e-07,0.0019874,0.0541388,0.0575355,0.0526835,0.095637,0.0836091,0.0629591,0.0269122,0.0987712,0.0684072,0.1770255,
577,1e-07,0.0029024,0.0250588,0.0501174,0.0588944,0.126542,0.0959174,0.0149091,0.0427274,0.0250488,0.0561903,0.1751248,
578,1e-07,0.0016573,0.0346328,0.0489757,0.089252,0.1092787,0.0838193,0.0570518,0.0402612,0.0853363,0.0621053,0.1625845,
579,1e-07,0.0052732,0.0401373,0.0074852,0.0557789,0.0899808,0.1300801,0.0767165,0.0624066,0.1515876,0.0693136,0.1483179,
580,1e-07,0.0093816,0.0476513,0.0443889,0.0648363,0.1572797,0.1234895,0.0754097,0.0734702,0.2386018,0.1069602,0.101126,
581,1e-07,0.0067376,0.0662792,0.0517468,0.057709,0.1199792,0.1313102,0.0514107,0.0528535,0.174241,0.14665,0.1846782,
582,1e-07,0.008965,0.048916,0.073285,0.0640135,0.0723114,0.2263789,0.0516563,0.0241197,0.0681595,0.1399781,0.2411494,
583,1e-07,0.0067667,0.0643425,0.1218745,0.1466131,0.0518746,0.2201906,0.0540672,0.0958015,0.1557485,0.1939001,0.2318617,
584,0.0,0.0115632,0.0657443,0.0786716,0.1125129,0.096553,0.267282,0.0839722,0.0289345,0.1657016,0.1252739,0.3011278,
585,1e-07,0.0079267,0.0362284,0.0529386,0.0369598,0.0952087,0.1353122,0.0840706,0.0360309,0.0693213,0.1293806,0.2382668,
586,1e-07,0.0076339,0.0298576,0.0455847,0.0659011,0.1308589,0.1017047,0.0499295,0.0526899,0.057928,0.0773399,0.1840999,
587,1e-07,0.0066448,0.0143731,0.0337862,0.0468953,0.1170445,0.1027069,0.066375,0.0630737,0.0636713,0.1166086,0.1246793,
588,1e-07,0.0090851,0.0570843,0.0586686,0.034759,0.110607,0.1380531,0.0804918,0.0913205,0.096361,0.1481124,0.0832984,
589,1e-07,0.0059959,0.042577,0.0640246,0.0465932,0.1248911,0.1228463,0.0339447,0.1625876,0.2166659,0.1817906,0.0989189,
590,0.0,0.0026219,0.0514282,0.071458,0.0285702,0.0952243,0.0884799,0.0410325,0.1257252,0.1314006,0.1397919,0.1019345,
591,0.0,0.0070729,0.0397391,0.0363298,0.0463343,0.0716151,0.0613174,0.071109,0.0971571,0.0741412,0.1304096,0.0836026,
592,1e-07,0.0041569,0.0314093,0.0393757,0.0463915,0.0440865,0.0706437,0.04479,0.1066732,0.0895146,0.1340058,0.1085026,
593,1e-07,0.0034379,0.0399942,0.0453882,0.0420223,0.0579893,0.0799106,0.0334668,0.1297764,0.064515,0.1078403,0.0904006,
594,1e-07,0.0032564,0.0267747,0.063328,0.026783,0.0473104,0.0507087,0.0587942,0.0840852,0.093789,0.0606848,0.0402,
595,1e-07,0.0034172,0.0259966,0.0640086,0.0300851,0.0454059,0.0581258,0.0405437,0.0168307,0.0891768,0.0357825,0.0341089,
596,1e-07,0.003428,0.0341037,0.0539941,0.0607108,0.0513029,0.0461877,0.0412178,0.0134747,0.0457126,0.0596866,0.0294161,
597,1e-07,0.0012644,0.029164,0.0463953,0.0397958,0.0600976,0.0614096,0.0162742,0.0358302,0.0536999,0.0136375,0.0492181,
598,1e-07,0.0024893,0.0114019,0.034447,0.0340928,0.048273,0.0566301,0.009137,0.0687651,0.0372571,0.0542889,0.0488914,
599,2e-07,0.0034545,0.0118266,0.0412891,0.0331053,0.0401877,0.0122509,0.0470621,0.0641188,0.0500442,0.0934816,0.0361109,
600,2e-07,0.0040713,0.0127277,0.043768,0.0487575,0.0511803,0.0562515,0.0254293,0.0756119,0.043317,0.0417903,0.022825,
601,1e-07,0.0023838,0.0153553,0.0541221,0.0206258,0.0442025,0.0631209,0.0281696,0.0438997,0.0328653,0.0564578,0.0330916,
602,1e-07,0.004475,0.0185909,0.041858,0.0182699,0.0389802,0.0534396,0.0368483,0.0715347,0.0176948,0.1062634,0.0676933,
603,2e-07,0.0076377,0.0367743,0.0331394,0.0151191,0.0904947,0.0607026,0.0373423,0.0802754,0.0170612,0.1306534,0.0598383,
604,1e-07,0.0065432,0.0306971,0.0573559,0.04365,0.0807769,0.0627931,0.0248541,0.0724515,0.0758077,0.1065715,0.039628,
605,1e-07,0.0119489,0.0295843,0.0669095,0.0339376,0.0691012,0.0594286,0.0409275,0.0510907,0.0924767,0.0918436,0.0470101,
606,1e-07,0.0035692,0.0335458,0.0878489,0.0353616,0.0384351,0.1161026,0.0445301,0.0889643,0.0697676,0.1094267,0.0551618,
607,2e-07,0.0197395,0.0356514,0.0489055,0.0803901,0.0802989,0.0529743,0.0393318,0.0504824,0.0616437,0.1218212,0.0577865,
608,1e-07,0.0239858,0.0335091,0.0343826,0.062165,0.0370904,0.0443875,0.0559174,0.081971,0.0482854,0.0574614,0.0711947,
609,1e-07,0.0212111,0.0395984,0.0360032,0.0364077,0.0219373,0.0604975,0.040493,0.0507131,0.0549716,0.0504214,0.046394,
610,1e-07,0.013542,0.0452072,0.0208814,0.0591267,0.071057,0.0751113,0.0881738,0.0148098,0.0493108,0.0372462,0.0927195,
611,1e-07,0.0100555,0.0583738,0.0346345,0.0634862,0.0496433,0.0825723,0.0599511,0.035193,0.0489384,0.0653392,0.0273688,
612,1e-07,0.0091303,0.0351879,0.0569939,0.0507678,0.0772313,0.0323012,0.0551043,0.0793583,0.0548175,0.0974815,0.0474422,
