#Time_ps,0,0.5,1,2,3,5,10,20,30,50,100,200,
1,0.0,0.0014985,0.0285923,0.0596463,0.0266052,0.0516982,0.0253724,0.0433443,0.1295909,0.1471656,0.1713535,0.0946369,
2,0.0,0.0016106,0.0259932,0.0795902,0.0438486,0.061866,0.0435823,0.0320318,0.0530728,0.0980827,0.12522,0.0397918,
3,0.0,0.0010187,0.0232839,0.0384056,0.0376994,0.1146892,0.0810399,0.030018,0.0528109,0.1070585,0.076197,0.0600054,
4,0.0,0.0027762,0.0167627,0.0211116,0.0623828,0.0857626,0.0795874,0.036214,0.0600234,0.0952544,0.0224099,0.0518405,
5,0.0,0.0020629,0.029463,0.0224423,0.0501786,0.0139725,0.0322931,0.0667323,0.0721708,0.0879478,0.0617815,0.0598043,
6,0.0,0.0040554,0.0207099,0.042656,0.0440248,0.060793,0.0271575,0.0401996,0.0404284,0.063258,0.0654413,0.0547057,
7,0.0,0.0028378,0.0124154,0.0625027,0.0505683,0.0357415,0.0201017,0.0467957,0.1295629,0.0347123,0.0672477,0.0689212,
8,0.0,0.0014864,0.0150425,0.0340329,0.0645822,0.037869,0.0465023,0.0431801,0.1796917,0.0192749,0.1011231,0.0762363,
9,0.0,0.0021053,0.0191334,0.052889,0.0353872,0.1065738,0.0456779,0.0471118,0.1226872,0.0880452,0.0928701,0.0543592,
10,0.0,0.00166,0.0081086,0.0436586,0.0492172,0.0951665,0.050102,0.0402415,0.0862996,0.0755123,0.056956,0.042737,
11,0.0,0.0014732,0.0356579,0.0305086,0.0616328,0.0334592,0.0795415,0.0591976,0.0467419,0.032248,0.0523798,0.0298463,
12,0.0,0.0015076,0.0270675,0.0128267,0.0314628,0.0209169,0.0643726,0.0578976,0.0560956,0.084133,0.0385379,0.0638325,
13,0.0,0.0022493,0.0297089,0.0595276,0.0260697,0.0286116,0.0330515,0.0334024,0.0854681,0.0504405,0.0573889,0.0815227,
14,0.0,0.0072076,0.020814,0.0789571,0.062708,0.0225435,0.032653,0.0942055,0.0919638,0.1051853,0.0396883,0.0976145,
15,0.0,0.0053954,0.0297552,0.1068661,0.0730825,0.0265902,0.0408343,0.0802059,0.1180961,0.1114099,0.0867404,0.141253,
16,0.0,0.0044735,0.0160544,0.0820234,0.0345785,0.0566246,0.0456626,0.0610296,0.0985814,0.0905025,0.0318423,0.06982,
17,0.0,0.0102271,0.0169103,0.0297112,0.0219473,0.0566491,0.0286197,0.0665915,0.0668977,0.0871045,0.0382591,0.0532577,
18,0.0,0.0067175,0.0036459,0.024047,0.021619,0.0734872,0.0498425,0.0982326,0.0439499,0.1101499,0.037074,0.0907226,
19,0.0,0.007135,0.0160536,0.0283375,0.0195039,0.075537,0.0093738,0.0954945,0.0778175,0.106939,0.0467527,0.1006642,
20,0.0,0.0104876,0.0104167,0.0241163,0.0441206,0.059771,0.039193,0.0469912,0.1014258,0.1148289,0.0474217,0.1156249,
21,0.0,0.0113736,0.0247414,0.0284199,0.045404,0.0438509,0.0989797,0.0394618,0.1217443,0.1453585,0.0730605,0.1257196,
22,0.0,0.0193262,0.0376803,0.0200509,0.0466927,0.0988097,0.0989537,0.0674972,0.1588169,0.1057996,0.1750165,0.1602391,
23,0.0,0.0279136,0.0610711,0.058263,0.0884228,0.1764076,0.1299019,0.1368418,0.2967308,0.1792606,0.2558118,0.178667,
24,0.0,0.0237776,0.0646741,0.0366832,0.0552728,0.1135268,0.0687861,0.1513815,0.2316497,0.2319656,0.2346198,0.1455235,
25,0.0,0.0506225,0.0437588,0.0086102,0.0214565,0.0162284,0.0937706,0.1252384,0.2078553,0.1565047,0.1277366,0.1249654,
26,0.0,0.0430441,0.0611516,0.0134095,0.0447967,0.0489356,0.0908923,0.1317292,0.2002961,0.1381499,0.0924001,0.1001543,
27,0.0,0.0306233,0.063022,0.0126558,0.0705305,0.0381964,0.0602761,0.0924175,0.1395165,0.1328381,0.0541532,0.0668602,
28,0.0,0.0119824,0.0236272,0.0295946,0.0488132,0.0695436,0.0634952,0.073265,0.063498,0.0583189,0.0421167,0.0671954,
29,0.0,0.0185607,0.0223866,0.025148,0.0545841,0.0673886,0.0396248,0.0755558,0.0954543,0.085287,0.0181138,0.1061828,
30,0.0,0.0044614,0.0115212,0.0453263,0.0346215,0.0731697,0.0361915,0.0529047,0.0525251,0.0821298,0.025503,0.0406763,
31,0.0,0.0050332,0.0075389,0.039771,0.0283854,0.0674958,0.0421029,0.0605272,0.0658116,0.111335,0.0177262,0.0520121,
32,0.0,0.0054839,0.0390089,0.0495151,0.0359149,0.0360343,0.0862008,0.0527454,0.0815927,0.0951981,0.0370371,0.0626904,
33,0.0,0.0049714,0.050287,0.0656378,0.0488285,0.0747672,0.0766285,0.0886254,0.0642991,0.1256853,0.0238373,0.1174412,
34,0.0,0.0069106,0.0284622,0.0455443,0.0737398,0.0832785,0.0819542,0.1046964,0.1017917,0.1235989,0.0416231,0.1064922,
35,0.0,0.0072555,0.0178996,0.0358106,0.0232083,0.0671354,0.0775064,0.0715715,0.0631321,0.1032321,0.0170592,0.0673702,
36,0.0,0.011116,0.0112847,0.0348073,0.0252985,0.0747116,0.0331871,0.0489414,0.0366837,0.1083482,0.02152,0.0483139,
37,0.0,0.0112055,0.0318637,0.0245127,0.0142936,0.0480712,0.0217999,0.0290478,0.0336879,0.0619597,0.0190996,0.0344302,
38,0.0,0.0180687,0.0250513,0.0397907,0.0747249,0.0573572,0.0283518,0.0639886,0.0867661,0.0682964,0.0236756,0.0326602,
39,0.0,0.0492857,0.0260151,0.0244305,0.0822863,0.0633693,0.0388984,0.1064053,0.0891836,0.0826636,0.0737292,0.078119,
40,0.0,0.0113688,0.0391556,0.0221316,0.0543249,0.072827,0.0560689,0.1010417,0.1107054,0.0811018,0.0716954,0.0726701,
41,0.0,0.0067246,0.0277796,0.0087855,0.0393665,0.0860981,0.0879961,0.1458845,0.1290798,0.1072471,0.0597347,0.060617,
42,0.0,0.0158257,0.03301,0.0376352,0.0286872,0.0878537,0.1140888,0.0730457,0.1533512,0.1255134,0.0846252,0.0674271,
43,0.0,0.0201264,0.0161484,0.1027719,0.0370476,0.0561602,0.081651,0.0938582,0.1602232,0.1655409,0.0876971,0.0261453,
44,0.0,0.0282707,0.0323701,0.0840274,0.0516498,0.0497932,0.1304772,0.0790332,0.1574315,0.1747429,0.0669033,0.0443305,
45,0.0,0.0436389,0.0231848,0.095272,0.0395932,0.0965396,0.1787313,0.1692683,0.1889362,0.2013265,0.0758987,0.030142,
46,0.0,0.0442103,0.0291431,0.0941926,0.1179761,0.192654,0.2407668,0.2914032,0.3277012,0.2026517,0.1856669,0.0774218,
47,0.0,0.0135769,0.0435533,0.1388903,0.131748,0.1687145,0.2014904,0.2444267,0.3816754,0.1898014,0.258844,0.0822369,
48,0.0,0.0087834,0.0364913,0.0924299,0.0381615,0.1254184,0.1585682,0.2013087,0.3296987,0.1763855,0.2484382,0.0738145,
49,0.0,0.0327162,0.0273866,0.0797005,0.1048802,0.1909858,0.2066278,0.2373212,0.2320663,0.116397,0.1902987,0.0878536,
50,0.0,0.0141121,0.0402182,0.0838761,0.1249136,0.190754,0.2698445,0.2978457,0.2454026,0.1601387,0.2482631,0.0581183,
51,0.0,0.0241083,0.0580956,0.0488193,0.1162758,0.170369,0.2835607,0.2850614,0.2297745,0.1860182,0.2302928,0.0877646,
52,0.0,0.0289982,0.0265654,0.0434693,0.0874502,0.1430312,0.1734892,0.2555307,0.215896,0.1815535,0.1955938,0.0756252,
53,0.0,0.0389529,0.0142266,0.0590906,0.0913826,0.1510072,0.1782746,0.2370961,0.214715,0.109577,0.1917072,0.1171107,
54,0.0,0.0131048,0.03446,0.054054,0.0671665,0.0573852,0.1180302,0.1103724,0.2321804,0.1839226,0.1572824,0.0975257,
55,0.0,0.0094838,0.0558405,0.0860606,0.0630258,0.0374889,0.1152705,0.1251838,0.2214976,0.215705,0.1506425,0.2008892,
56,0.0,0.0095563,0.0342093,0.0467776,0.0570539,0.0723118,0.1459183,0.168497,0.2423796,0.1125535,0.1031802,0.1497223,
57,0.0,0.0160144,0.0261676,0.0721971,0.0618329,0.0454324,0.0613355,0.0780025,0.2401539,0.0370888,0.0267656,0.1323741,
58,0.0,0.0066016,0.0314079,0.0297658,0.0393916,0.0348774,0.0714947,0.046963,0.1777918,0.0461092,0.0732927,0.1106096,
59,0.0,0.0067685,0.0326621,0.0418798,0.0534686,0.0560086,0.0929586,0.150144,0.1467637,0.1805542,0.1101247,0.1030686,
60,0.0,0.0086058,0.0354858,0.0426585,0.049491,0.0422528,0.0644154,0.0845296,0.1320431,0.1845371,0.1352405,0.1351362,
61,0.0,0.0013551,0.0327851,0.0319682,0.0255891,0.0787843,0.0618973,0.0267671,0.2353888,0.0681087,0.1487929,0.128621,
62,0.0,0.0055525,0.032519,0.0607362,0.0510114,0.1349632,0.1326499,0.0569794,0.2179021,0.0513387,0.0945135,0.1339159,
63,0.0,0.0028119,0.0222491,0.0800404,0.0490833,0.1479364,0.102486,0.0629416,0.1245879,0.1228292,0.0389054,0.1057158,
64,0.0,0.0039091,0.0468486,0.0431483,0.0966588,0.1433367,0.1068114,0.0605768,0.1705694,0.2145932,0.0809827,0.1696993,
65,0.0,0.0156367,0.0287752,0.0362817,0.0859231,0.1417378,0.0783457,0.035978,0.1492998,0.1340717,0.1149107,0.1749631,
66,0.0,0.0152261,0.0290876,0.0463353,0.0608689,0.0719275,0.1170239,0.0099948,0.0716348,0.0828499,0.0613686,0.1784073,
67,0.0,0.0092981,0.0140612,0.0272294,0.0207416,0.0761103,0.0605855,0.0126445,0.1271606,0.1092966,0.0653574,0.1686102,
68,0.0,0.0067311,0.0131401,0.0435791,0.0294457,0.0846598,0.0268111,0.0711085,0.0628857,0.0784445,0.0672191,0.1739404,
69,0.0,0.0057762,0.0041186,0.026835,0.0300902,0.0625613,0.0685995,0.0720589,0.0928129,0.1090584,0.0459591,0.1438342,
70,0.0,0.0141634,0.0384406,0.0583952,0.024484,0.0745222,0.1443535,0.1758505,0.1211856,0.1045552,0.0154248,0.145997,
71,0.0,0.0187733,0.0635143,0.0729778,0.0694805,0.1173354,0.2579694,0.162579,0.1394504,0.0932357,0.0466635,0.207655,
72,0.0,0.0097551,0.0400872,0.0385874,0.0439064,0.1009842,0.1449409,0.1632438,0.1417818,0.1010367,0.2085853,0.3498522,
73,0.0,0.0044922,0.0350211,0.0339153,0.0151894,0.0542834,0.0541346,0.1618204,0.1214684,0.1251365,0.0897893,0.2989243,
74,0.0,0.0055077,0.0135787,0.1202599,0.0800486,0.0591767,0.0743906,0.1382592,0.1548699,0.1077079,0.063939,0.2078596,
75,0.0,0.0070338,0.026248,0.0965316,0.075731,0.0597916,0.1124368,0.0880547,0.1745224,0.138655,0.0623253,0.1259641,
76,0.0,0.0042325,0.0325811,0.0668389,0.0541095,0.0868545,0.1434585,0.1166307,0.1358536,0.1085703,0.14928,0.1268851,
77,0.0,0.0068766,0.0145443,0.0609979,0.0598729,0.1406595,0.0657905,0.100401,0.0459759,0.0842828,0.1011426,0.1187168,
78,0.0,0.0098355,0.0225452,0.0418121,0.0303269,0.1331048,0.0779119,0.1254623,0.0470388,0.0684436,0.0413564,0.133235,
79,0.0,0.0018674,0.006608,0.0442286,0.0460958,0.1232439,0.0504385,0.1105907,0.0657997,0.091159,0.0413597,0.1599961,
80,0.0,0.0017144,0.0045453,0.0517733,0.0691049,0.0762595,0.0776443,0.0292683,0.1256021,0.0414032,0.0750526,0.1090937,
81,0.0,0.0050144,0.0337782,0.0387737,0.063119,0.0514075,0.1125911,0.0701874,0.1025773,0.0655026,0.0720338,0.104528,
82,0.0,0.0035756,0.0271639,0.050046,0.0521886,0.0537726,0.1123957,0.1330587,0.0817163,0.042964,0.0734783,0.102326,
83,0.0,0.0076582,0.0223088,0.0293775,0.0606838,0.0435647,0.1197596,0.0870795,0.0841585,0.0464231,0.0912401,0.1264552,
84,0.0,0.007546,0.0221431,0.0564721,0.0687999,0.0272692,0.047532,0.0681083,0.0857356,0.0532,0.0712907,0.129545,
85,0.0,0.0174884,0.0229842,0.0265239,0.0464608,0.0388023,0.0464937,0.0541705,0.0776452,0.0610554,0.0601326,0.0832089,
86,0.0,0.0166356,0.0278351,0.0342067,0.036055,0.0475009,0.0395775,0.046047,0.0738906,0.032643,0.0539317,0.0696281,
87,0.0,0.0162658,0.0246672,0.0449129,0.0421116,0.0538478,0.0533292,0.0692583,0.172992,0.0413189,0.0710714,0.0555937,
88,0.0,0.0087328,0.0060642,0.0488686,0.0380457,0.0628478,0.0576045,0.0321731,0.1034907,0.0349424,0.0458657,0.0985973,
89,0.0,0.0060682,0.0253243,0.038619,0.0330506,0.0666625,0.0460525,0.0224202,0.0155144,0.0884854,0.05337,0.1051971,
90,0.0,0.0056092,0.0272574,0.0664399,0.0459213,0.0836168,0.0710279,0.0720165,0.0752048,0.1172825,0.0221313,0.113556,
91,0.0,0.0014916,0.0287409,0.0876333,0.0655146,0.0717111,0.1246527,0.0939778,0.0921725,0.0816852,0.0347357,0.1303482,
92,0.0,0.0052502,0.0327612,0.0713774,0.1031349,0.1091574,0.1375069,0.1584433,0.1139377,0.0749416,0.0880591,0.1155194,
93,0.0,0.0042281,0.0369561,0.0330657,0.093117,0.098145,0.0902088,0.123913,0.0708278,0.0960953,0.0539232,0.1108345,
94,0.0,0.0033105,0.0375634,0.0666266,0.0960923,0.0467393,0.0854741,0.0653142,0.0773942,0.0982605,0.0566039,0.1229327,
95,0.0,0.0029192,0.0278845,0.0401469,0.0318241,0.0268169,0.1002582,0.0610916,0.1082129,0.0970679,0.0522174,0.1148706,
96,0.0,0.0053188,0.0675515,0.045066,0.0697778,0.0501917,0.0685151,0.0700691,0.0463296,0.114048,0.1109807,0.0607598,
97,0.0,0.0054947,0.0314209,0.0287642,0.034911,0.050546,0.0954878,0.0241155,0.0738448,0.1073136,0.0269776,0.0798016,
98,0.0,0.0056405,0.0523841,0.0509606,0.0287841,0.0345724,0.0786232,0.0343697,0.0695554,0.073652,0.0195883,0.1068969,
99,0.0,0.0045607,0.0399279,0.0448232,0.0296084,0.0817098,0.0875063,0.0365962,0.0801812,0.0806973,0.0638586,0.1022838,
100,0.0,0.0057502,0.0348689,0.040764,0.0443008,0.0887933,0.103978,0.0306392,0.0805138,0.0623992,0.1017842,0.0767287,
101,0.0,0.0062877,0.0076399,0.0366824,0.0387433,0.0733634,0.0762164,0.0212644,0.1175399,0.0810535,0.1156344,0.0500157,
102,0.0,0.0013664,0.0083567,0.015995,0.0211725,0.0478802,0.0767058,0.0178611,0.0892704,0.1229525,0.1213031,0.0581907,
103,0.0,0.0005843,0.0275602,0.0469987,0.0325253,0.0493552,0.0939552,0.0479351,0.0767055,0.0692587,0.13249,0.070165,
104,0.0,0.0027183,0.027416,0.0244994,0.0197951,0.0426783,0.085759,0.0525161,0.0893295,0.0641372,0.0857071,0.0825989,
105,0.0,0.0032634,0.0230921,0.0251379,0.0289758,0.0886075,0.0874147,0.0659564,0.0786165,0.041507,0.0624464,0.0627344,
106,0.0,0.0038097,0.024424,0.0415825,0.0224103,0.0776374,0.0967207,0.1233206,0.0921343,0.0602219,0.1087872,0.1117797,
107,0.0,0.0066618,0.0247154,0.0364539,0.0558624,0.0602933,0.0772599,0.0950978,0.1332007,0.0755282,0.1084291,0.1160725,
108,0.0,0.0048938,0.0213315,0.0281241,0.0625091,0.0748462,0.0849887,0.1188944,0.1680187,0.0503594,0.0926759,0.0505047,
109,0.0,0.0076351,0.0203705,0.0594863,0.0900752,0.0576312,0.113827,0.0654019,0.1928805,0.0407844,0.0813755,0.0241296,
110,0.0,0.0033064,0.0196303,0.0852792,0.0687386,0.0451861,0.0973201,0.0387401,0.1089229,0.0341316,0.0949694,0.0159739,
111,0.0,0.0023591,0.0100732,0.0622298,0.0194253,0.0077414,0.0508019,0.044811,0.1065024,0.0701177,0.1165569,0.037635,
112,0.0,0.0015158,0.029688,0.0551576,0.0341907,0.0283535,0.0270226,0.0423806,0.1016673,0.0525909,0.0806251,0.0264378,
113,0.0,0.0011983,0.0138384,0.0415715,0.0627418,0.0229173,0.0083605,0.0357557,0.1125904,0.0312826,0.0810961,0.0493153,
114,0.0,0.001319,0.015657,0.0326321,0.0324122,0.0520952,0.0153842,0.0207689,0.0894382,0.0350777,0.0612042,0.0439374,
115,0.0,0.0067093,0.0058192,0.0384192,0.0211019,0.0575606,0.0565329,0.0288723,0.0912737,0.0935704,0.0643831,0.0536667,
116,0.0,0.0082044,0.0317917,0.0434833,0.036946,0.0582421,0.0404163,0.046571,0.089775,0.0801014,0.0712739,0.0609455,
117,0.0,0.0089904,0.0253545,0.0394825,0.0330382,0.0533139,0.0396992,0.0643016,0.0691373,0.0322474,0.0267744,0.089486,
118,0.0,0.0094859,0.0148369,0.0561062,0.0769304,0.0663167,0.0546152,0.0786726,0.0537314,0.0191897,0.0308304,0.0795672,
119,0.0,0.0243377,0.0626437,0.0541695,0.145301,0.1370714,0.1124325,0.0792342,0.0514021,0.0438585,0.0828265,0.1117507,
120,0.0,0.0244892,0.0549012,0.0238449,0.1243096,0.0862828,0.1266624,0.0662075,0.0949782,0.0252033,0.0784339,0.119218,
121,0.0,0.0068835,0.0121673,0.025683,0.0402135,0.0501723,0.0471336,0.0763961,0.0899842,0.0618294,0.0409554,0.0661179,
122,0.0,0.0059924,0.0122887,0.0137111,0.0495903,0.0546754,0.0261172,0.0622486,0.0779855,0.0790667,0.0413699,0.1073934,
123,0.0,0.0052091,0.0138071,0.0355666,0.0299904,0.0933179,0.0328139,0.0421791,0.0777945,0.0789355,0.0698785,0.0887929,
124,0.0,0.0072038,0.0061683,0.0374581,0.0165491,0.0591716,0.0252171,0.03419,0.0783347,0.045889,0.0661557,0.0777893,
125,0.0,0.0033506,0.0064023,0.043794,0.041841,0.0213016,0.0430755,0.0222091,0.1014233,0.0594013,0.0722137,0.0654592,
126,0.0,0.0021548,0.0169329,0.0497343,0.0220569,0.0321221,0.03689,0.0193167,0.0953399,0.0625689,0.0759293,0.0557974,
127,0.0,0.0047761,0.0297563,0.0523435,0.0574688,0.0424604,0.0316879,0.052563,0.0852894,0.0908734,0.0928146,0.0528901,
128,0.0,0.0037488,0.02593,0.0542297,0.0667281,0.0474443,0.0430718,0.0314426,0.0877195,0.0857166,0.0833723,0.0390538,
129,0.0,0.0047265,0.0276411,0.0500415,0.0966699,0.0628812,0.019462,0.0407152,0.0970602,0.0840051,0.0859808,0.0358075,
130,0.0,0.0032355,0.0253047,0.0530485,0.0723784,0.0300744,0.0377329,0.0742965,0.0295647,0.0526481,0.0671488,0.0217093,
131,0.0,0.0044071,0.0310856,0.0462712,0.0390468,0.0583897,0.0643734,0.0988987,0.0205372,0.0525571,0.1012265,0.0486311,
132,0.0,0.0075633,0.0035663,0.0603455,0.0418502,0.0492822,0.0595181,0.0785191,0.0561634,0.0284519,0.100591,0.1036784,
133,0.0,0.0051003,0.03515,0.0716281,0.0356061,0.0564761,0.0591974,0.0466372,0.0389456,0.0491166,0.1059996,0.0984422,
134,0.0,0.0084088,0.0404522,0.0774675,0.05184,0.0542062,0.0705132,0.060375,0.0409242,0.0469732,0.0786081,0.0809739,
135,0.0,0.0080825,0.035163,0.0976311,0.0393252,0.0537418,0.0393801,0.0936751,0.0148136,0.0508457,0.086161,0.0386168,
136,0.0,0.0100639,0.0367105,0.1003799,0.0851346,0.0178918,0.063453,0.0963481,0.0270136,0.0817344,0.0925058,0.0639533,
137,0.0,0.0098959,0.0225694,0.0807283,0.1227563,0.0623929,0.0521898,0.0705213,0.0769072,0.075285,0.0805878,0.050549,
138,0.0,0.0117905,0.0187624,0.0774498,0.1007622,0.070391,0.0468047,0.0819871,0.0711638,0.010782,0.0651325,0.0203969,
139,0.0,0.0294602,0.0301067,0.0318127,0.0927798,0.077206,0.0153577,0.0568822,0.0472088,0.0122334,0.0667442,0.0329205,
140,0.0,0.0476982,0.0358667,0.0843129,0.0900149,0.0625208,0.0832984,0.0607934,0.0396618,0.0410803,0.0823934,0.002289,
141,0.0,0.0327187,0.0667101,0.1035995,0.1536123,0.0731393,0.108975,0.0599808,0.0663577,0.1150972,0.0537166,0.0510536,
142,0.0,0.0642551,0.0774127,0.1184319,0.1521568,0.1608425,0.141804,0.0932991,0.0746752,0.1859848,0.0696693,0.084147,
143,0.0,0.0843212,0.1292113,0.1269254,0.0739423,0.1638123,0.0514542,0.0894228,0.0468498,0.1120119,0.0713925,0.0895339,
144,0.0,0.0406582,0.0605411,0.0426522,0.089718,0.0847881,0.0564845,0.0604653,0.0233899,0.0563637,0.0858361,0.0661238,
145,0.0,0.0101047,0.0449296,0.0402024,0.0357673,0.0656081,0.0591734,0.0686445,0.0638921,0.0694355,0.0547502,0.0600813,
146,0.0,0.0146291,0.0293421,0.0349468,0.0536987,0.0641685,0.0477358,0.0483692,0.0839764,0.0483165,0.0658343,0.0484238,
147,0.0,0.0077568,0.0244796,0.0571579,0.0611763,0.0196198,0.0346766,0.0388781,0.0780073,0.0702485,0.0864393,0.0687168,
148,0.0,0.0060554,0.0177099,0.024382,0.0610671,0.0343983,0.0325777,0.031637,0.0301931,0.0444552,0.0708343,0.0644619,
149,0.0,0.007169,0.0140342,0.0136865,0.0629446,0.0271884,0.0588599,0.0459308,0.0761746,0.0614893,0.0614939,0.0559766,
150,0.0,0.0014882,0.0097997,0.018597,0.0680926,0.0217182,0.1074184,0.0445014,0.1150337,0.0408719,0.0586272,0.0401851,
151,0.0,0.0016984,0.0203581,0.0253316,0.0519198,0.0317518,0.1472202,0.0606523,0.1257298,0.0555881,0.0394602,0.0397678,
152,0.0,0.0020278,0.0212114,0.0095819,0.0567452,0.0427591,0.1540791,0.035587,0.0590512,0.0536673,0.039561,0.0496355,
153,0.0,0.0015112,0.032066,0.0321592,0.0321776,0.0639863,0.1222782,0.0531835,0.0634214,0.0658911,0.1010605,0.1129953,
154,0.0,0.0009186,0.050405,0.0348581,0.0675473,0.1095687,0.1548557,0.0616893,0.049487,0.1399736,0.1028571,0.1809008,
155,0.0,0.0024195,0.0265589,0.0546772,0.0705219,0.0847613,0.1548497,0.0523539,0.0784046,0.0801164,0.1347172,0.1643448,
156,0.0,0.0033101,0.0078786,0.0177854,0.0444815,0.0275196,0.1470302,0.0363648,0.0834583,0.0336055,0.1173941,0.0545887,
157,0.0,0.0013194,0.0114635,0.0184485,0.0410163,0.0231986,0.1303953,0.0281862,0.0856567,0.0584169,0.1274018,0.0673381,
158,0.0,0.0017981,0.0195318,0.012749,0.0192353,0.0287193,0.1350701,0.0526978,0.0705394,0.0570246,0.1166794,0.0218076,
159,0.0,0.0015789,0.0194912,0.0275047,0.025632,0.0404907,0.0904797,0.0423737,0.0767624,0.0627228,0.1058059,0.0825437,
160,0.0,0.002474,0.0159092,0.04143,0.0424016,0.0329912,0.0575338,0.0175784,0.0868949,0.0614282,0.0797141,0.1012357,
161,0.0,0.0095735,0.0297294,0.0454016,0.0361038,0.0422169,0.066721,0.0379626,0.0809573,0.0193306,0.0719686,0.0545352,
162,0.0,0.010207,0.0206211,0.0394701,0.0394436,0.0356953,0.0454786,0.0272675,0.021795,0.0290362,0.0404173,0.045248,
163,0.0,0.0085348,0.0358118,0.0437566,0.0552653,0.0245353,0.0355653,0.0714058,0.0230986,0.0408026,0.0425301,0.0416635,
164,0.0,0.0254235,0.030046,0.0613507,0.075054,0.0525227,0.0406399,0.0554035,0.0479335,0.0667363,0.0741739,0.0377535,
165,0.0,0.0152351,0.027595,0.0608503,0.0902979,0.0360705,0.0397998,0.0539842,0.0712232,0.061984,0.088411,0.0760359,
166,0.0,0.0270507,0.0362693,0.0703021,0.0633017,0.0145571,0.0423596,0.0364086,0.0753597,0.1020913,0.0970647,0.0603654,
167,0.0,0.0138944,0.0478199,0.0663726,0.0474413,0.0330722,0.144044,0.0317947,0.0590973,0.1584737,0.0873283,0.0528075,
168,0.0,0.0086532,0.094142,0.0835619,0.0779374,0.0797834,0.2443293,0.0718323,0.1394062,0.1897805,0.1019923,0.0536024,
169,0.0,0.0279819,0.1039027,0.0620168,0.0915113,0.0735894,0.1497547,0.0854773,0.0744671,0.1370376,0.0989577,0.1008696,
170,0.0,0.0274081,0.0720811,0.0650291,0.0988878,0.0616182,0.0667719,0.0757734,0.1103768,0.113926,0.1309496,0.1413452,
171,0.0,0.0063079,0.0246736,0.0621517,0.0816117,0.0307191,0.0340075,0.0435242,0.0878938,0.038946,0.0708336,0.0244475,
172,0.0,0.0083131,0.0232154,0.041366,0.0557253,0.0415763,0.0294448,0.0451023,0.0647589,0.053003,0.0598504,0.0238716,
173,0.0,0.0113153,0.0480138,0.0419905,0.0672079,0.0236579,0.0582693,0.0353893,0.0566025,0.0541108,0.0473983,0.0426308,
174,0.0,0.0078008,0.040193,0.0576617,0.0682575,0.0268941,0.0919875,0.0347203,0.0748092,0.0581818,0.1066167,0.0520623,
175,0.0,0.0100959,0.0232105,0.0611867,0.0336696,0.0099493,0.0669495,0.035306,0.0582941,0.0584139,0.0485991,0.0480396,
176,0.0,0.0081731,0.0091427,0.0708888,0.0543689,0.0536376,0.0687031,0.0431391,0.1147486,0.0535723,0.0162326,0.059384,
177,0.0,0.0026243,0.0096964,0.0857379,0.0451744,0.0850576,0.0779244,0.0110624,0.0559951,0.0449007,0.0230843,0.0818209,
178,0.0,0.0026743,0.0253541,0.0835649,0.0639814,0.0541044,0.0415767,0.0834378,0.0949288,0.0319617,0.0605609,0.0430234,
179,0.0,0.0108555,0.007207,0.0574843,0.0522418,0.0660742,0.0297147,0.0530183,0.0674474,0.0550954,0.0892429,0.0359137,
180,0.0,0.0073526,0.042346,0.0432735,0.0414446,0.0413024,0.0742867,0.0403275,0.0994611,0.0129746,0.1028424,0.0329503,
181,0.0,0.0062653,0.0344172,0.0507535,0.0319806,0.0357004,0.0580072,0.0310407,0.0887988,0.0205674,0.0919546,0.0714073,
182,0.0,0.0062498,0.0035389,0.0552997,0.0518824,0.0262144,0.0470662,0.0252936,0.1107636,0.0612797,0.1317294,0.0655177,
183,0.0,0.0116425,0.014495,0.0646144,0.0217575,0.0846888,0.0532043,0.04922,0.0631357,0.167601,0.1324161,0.0899003,
184,0.0,0.017781,0.0195871,0.0534651,0.0405551,0.0813978,0.1125516,0.0595362,0.1061841,0.1073421,0.1484063,0.0642144,
185,0.0,0.0196546,0.0333436,0.0316215,0.0297401,0.0785038,0.1053949,0.0746485,0.0847756,0.1296596,0.0813053,0.0609679,
186,0.0,0.0067774,0.0511194,0.0582715,0.0862621,0.0955752,0.1052465,0.0549842,0.102254,0.1493393,0.1012395,0.040465,
187,0.0,0.0054933,0.0529909,0.0581164,0.0623409,0.0848382,0.0577064,0.0867882,0.0941524,0.1136032,0.0777425,0.0682964,
188,0.0,0.031084,0.0562353,0.0669015,0.0959688,0.1500746,0.1217638,0.1306619,0.1609882,0.1257506,0.1728886,0.0687338,
189,0.0,0.0281178,0.0394037,0.0827122,0.1591358,0.1963391,0.2616902,0.2615835,0.2517019,0.1947559,0.2348651,0.0650199,
190,0.0,0.0326051,0.0611599,0.109513,0.1726127,0.2436175,0.3227285,0.3915558,0.2703544,0.2080328,0.3385634,0.0711282,
191,0.0,0.0933645,0.1498335,0.1886773,0.4088645,0.3575138,0.4858611,0.4337298,0.3617913,0.2920974,0.3722562,0.0876783,
192,0.0,0.0371311,0.1051492,0.1392738,0.2626337,0.2788992,0.3434372,0.2467954,0.1935489,0.1891473,0.2178279,0.0992676,
193,0.0,0.0239337,0.0207043,0.1369432,0.2131263,0.241136,0.3728478,0.1393176,0.0718406,0.1624821,0.1752708,0.1021616,
194,0.0,0.0211915,0.0203487,0.0566558,0.0784023,0.1411223,0.2697501,0.0238897,0.0819033,0.0953661,0.0375287,0.1015718,
195,0.0,0.0141636,0.0447346,0.0732494,0.033397,0.0305413,0.2050481,0.0597937,0.0212713,0.1279202,0.0373271,0.0973874,
196,0.0,0.0168797,0.0412131,0.0734167,0.0391847,0.0597981,0.1441908,0.0744066,0.0654269,0.1506853,0.0515621,0.0926903,
197,0.0,0.0066179,0.0200447,0.0915534,0.0788106,0.0372268,0.0784319,0.0970192,0.0951768,0.0749533,0.0904909,0.1609427,
198,0.0,0.0055129,0.0108591,0.0530729,0.0673354,0.0522052,0.0623669,0.0770369,0.0847913,0.0642531,0.0663279,0.0991419,
199,0.0,0.005688,0.0227387,0.0336126,0.0640341,0.0682902,0.0624639,0.1162938,0.039685,0.0478036,0.0734674,0.0812676,
200,0.0,0.0023499,0.0451403,0.0197152,0.0113274,0.0235699,0.0763073,0.1258735,0.045328,0.0440978,0.0961885,0.0959077,
201,0.0,0.0023499,0.0143799,0.0158322,0.0333848,0.0366413,0.0537537,0.0585798,0.0603325,0.0393582,0.0676063,0.0763952,
202,0.0,0.0029691,0.0201574,0.0472216,0.0465328,0.0586218,0.0334561,0.0532245,0.0141407,0.0489127,0.0984188,0.0551647,
203,0.0,0.001915,0.0175753,0.0553168,0.0539473,0.0449955,0.0252072,0.0562997,0.0326859,0.0540392,0.0496194,0.0348676,
204,0.0,0.0025019,0.0101564,0.0532362,0.0235984,0.0205433,0.0215821,0.0638758,0.0388028,0.0672342,0.0386028,0.0164311,
205,0.0,0.0029301,0.0087313,0.0514723,0.0155755,0.0147244,0.0180358,0.0096237,0.0637275,0.0507573,0.0590683,0.0270313,
206,0.0,0.0019647,0.0162338,0.0528349,0.0342943,0.0174725,0.0346474,0.0670341,0.0358009,0.0450269,0.04637,0.0176255,
207,0.0,0.002247,0.0130027,0.0511332,0.0507558,0.0192649,0.0274672,0.0744816,0.0725535,0.0599107,0.0420713,0.0286902,
208,0.0,0.0021217,0.0136792,0.026411,0.0574364,0.0087925,0.0122163,0.0310881,0.0686441,0.0252535,0.0752069,0.033295,
209,0.0,0.001455,0.0128781,0.0323787,0.0262544,0.0169284,0.0348377,0.0251259,0.0593449,0.0265736,0.0875503,0.0598093,
210,0.0,0.002148,0.0122104,0.0197724,0.0450331,0.0553001,0.0571986,0.0304555,0.0433463,0.0298161,0.0667876,0.0732205,
211,0.0,0.0021471,0.0250309,0.0224291,0.0361653,0.0482407,0.0665642,0.0386655,0.0312278,0.0558227,0.1113664,0.0703934,
212,0.0,0.0009931,0.024796,0.0284511,0.0229106,0.0688462,0.0688851,0.0349614,0.0582212,0.0810876,0.1371324,0.0976052,
213,0.0,0.0030643,0.0507214,0.036749,0.0245534,0.0435127,0.0928187,0.0378346,0.0776141,0.0740826,0.1421548,0.1430382,
214,0.0,0.0031835,0.007849,0.0356939,0.0427502,0.0715628,0.1378309,0.034775,0.0790254,0.0859778,0.1673274,0.181232,
215,0.0,0.002145,0.0221604,0.0356267,0.0362943,0.0582898,0.117097,0.0426364,0.0741393,0.045534,0.2032297,0.146836,
216,0.0,0.0028072,0.0210425,0.0548924,0.0339518,0.0736528,0.1112999,0.0893908,0.029146,0.0448451,0.1478387,0.1015927,
217,0.0,0.0019613,0.0237046,0.0764159,0.0488544,0.0776391,0.0870629,0.1249599,0.0170685,0.0295397,0.1590138,0.1062168,
218,0.0,0.002363,0.0333591,0.0549352,0.0568949,0.0856805,0.0599321,0.0746581,0.0152556,0.0251118,0.1456228,0.1183809,
219,0.0,0.0027538,0.0382038,0.0676277,0.057577,0.0788978,0.1057408,0.0578991,0.0419658,0.0628043,0.084483,0.0919844,
220,0.0,0.0024822,0.0326004,0.0850138,0.0518387,0.07808,0.1017503,0.033379,0.0594267,0.0318883,0.1174311,0.0865208,
221,0.0,0.0031443,0.0446811,0.0805031,0.0562784,0.075072,0.097556,0.0478337,0.017417,0.0500669,0.17589,0.0806967,
222,0.0,0.0051435,0.0432104,0.0523226,0.0372812,0.0891149,0.1420343,0.066802,0.02211,0.0740291,0.1154085,0.0771784,
223,0.0,0.0072171,0.0659561,0.0557463,0.0454137,0.0904562,0.1367528,0.0586687,0.061585,0.0455507,0.1629115,0.1022653,
224,0.0,0.0030434,0.0466381,0.0533876,0.0585339,0.0892789,0.114704,0.1125875,0.0868575,0.0495726,0.2073767,0.0944374,
225,0.0,0.0022965,0.0294285,0.0503785,0.067707,0.0883804,0.0750464,0.0930021,0.0766352,0.0550041,0.2046181,0.120291,
226,0.0,0.0027015,0.0245989,0.032045,0.0480695,0.0709864,0.0745525,0.0827383,0.0614807,0.0476571,0.2040935,0.1114395,
227,0.0,0.0027479,0.0321596,0.0411538,0.0766739,0.0666918,0.0798862,0.0844949,0.0758894,0.0293245,0.2145721,0.1970109,
228,0.0,0.0021352,0.0233458,0.0725909,0.0753963,0.0984747,0.0871623,0.1314323,0.076622,0.0399176,0.1473429,0.1679355,
229,0.0,0.003045,0.0150745,0.0735338,0.051051,0.0574174,0.0814889,0.1148987,0.0505871,0.058769,0.1084335,0.1566052,
230,0.0,0.0042227,0.021701,0.0668965,0.0550405,0.0247941,0.0288941,0.0969077,0.0926563,0.0472322,0.1288814,0.222248,
231,0.0,0.0048431,0.0218503,0.0589251,0.0715626,0.1057007,0.0939774,0.1205161,0.0805092,0.0473614,0.1549221,0.2342789,
232,0.0,0.0045508,0.0161984,0.0457573,0.0608956,0.0431451,0.1002797,0.1279069,0.1696604,0.1000969,0.1012839,0.1706954,
233,0.0,0.0013144,0.0148696,0.0322804,0.0477538,0.0548577,0.0505556,0.1708949,0.166393,0.036661,0.0585261,0.2255234,
234,0.0,0.0023489,0.0247078,0.1069034,0.0573897,0.0866543,0.0454977,0.1681318,0.1182661,0.0823134,0.0874914,0.2598853,
235,0.0,0.0043557,0.0730334,0.1120571,0.0256004,0.1151737,0.0897068,0.0336475,0.1220571,0.1496398,0.155431,0.1275675,
236,0.0,0.0057653,0.081666,0.1171352,0.0583489,0.0904541,0.0602103,0.1347817,0.1583448,0.148159,0.1322956,0.1256357,
237,0.0,0.008629,0.0517174,0.0990146,0.0520226,0.0974576,0.0412771,0.0560257,0.0789539,0.127988,0.0966436,0.0742714,
238,0.0,0.0050004,0.0366606,0.1518516,0.0739962,0.1216435,0.0641091,0.0250792,0.0563733,0.0985067,0.0987608,0.0530491,
239,0.0,0.0043563,0.022175,0.0817723,0.0709309,0.0890115,0.0567937,0.0546505,0.0725237,0.0765496,0.0089277,0.0269582,
240,0.0,0.0029403,0.0304382,0.0808476,0.0821509,0.0772388,0.0629418,0.1247201,0.0715261,0.1029671,0.0276104,0.1051998,
241,0.0,0.0029886,0.0119838,0.0724575,0.072373,0.077336,0.0160998,0.2022854,0.0878869,0.108638,0.0280326,0.138686,
242,0.0,0.0013908,0.0222916,0.0471296,0.0549726,0.0439341,0.0461189,0.1624836,0.0638865,0.1401726,0.0616893,0.102568,
243,0.0,0.003497,0.0132191,0.0371468,0.0643141,0.0524212,0.0966014,0.1082587,0.0531056,0.1280219,0.1266242,0.014477,
244,0.0,0.0032027,0.0378321,0.0484572,0.1231206,0.0561636,0.0601408,0.0991625,0.0625022,0.0934735,0.182825,0.0656711,
245,0.0,0.002581,0.0238583,0.0757981,0.1139414,0.0640514,0.074441,0.0730906,0.0637799,0.0829089,0.1583507,0.1080838,
246,0.0,0.0035276,0.0299081,0.061478,0.074477,0.0931122,0.0724728,0.0955765,0.0333135,0.0320979,0.1237373,0.1157223,
247,0.0,0.0018144,0.0199626,0.0168103,0.1266559,0.0982122,0.0744481,0.0846033,0.0377521,0.0381186,0.1497115,0.0539359,
248,0.0,0.0045421,0.0073237,0.0478296,0.1474068,0.0965547,0.0562461,0.0621712,0.0382094,0.0586502,0.1874749,0.0465988,
249,0.0,0.0012054,0.0119095,0.0348337,0.1212649,0.0936362,0.0529583,0.0701644,0.0282457,0.0785345,0.1391523,0.0619956,
250,0.0,0.0008759,0.0224188,0.0716304,0.0841462,0.0654981,0.0473737,0.0961813,0.0131387,0.0607261,0.116642,0.0398321,
251,0.0,0.0025467,0.0310436,0.0972808,0.0652333,0.0425509,0.0432453,0.0931666,0.0268981,0.0569102,0.1422885,0.09475,
252,0.0,0.0008736,0.0199743,0.1093921,0.0868197,0.0423082,0.0796491,0.0657995,0.0588989,0.0875071,0.1440796,0.1447476,
253,0.0,0.0033724,0.0128857,0.0331265,0.0262819,0.0113575,0.053841,0.044529,0.0493749,0.0884937,0.1101199,0.0317689,
254,0.0,0.0024027,0.0094859,0.0503702,0.0902428,0.0679707,0.066392,0.0415731,0.0934666,0.0775715,0.0941534,0.1283754,
255,0.0,0.0012116,0.0222819,0.1146701,0.1333905,0.0809632,0.0721038,0.026228,0.1328902,0.085933,0.184364,0.1175482,
256,0.0,0.0039547,0.0185903,0.055274,0.0938921,0.0460532,0.0636559,0.0523894,0.0941954,0.1052984,0.1376505,0.09629,
257,0.0,0.0099055,0.0208362,0.0196559,0.0711917,0.0605861,0.0786757,0.0307965,0.1044289,0.1146873,0.1493175,0.1194084,
258,0.0,0.0073421,0.0229146,0.0468083,0.0678897,0.0665399,0.101012,0.0522757,0.1152887,0.0807941,0.1781228,0.1898705,
259,0.0,0.0022551,0.0328662,0.057622,0.0842274,0.0529673,0.0628025,0.0657632,0.0891952,0.0545592,0.2038325,0.1620526,
260,0.0,0.0017784,0.0270956,0.0694246,0.0870909,0.0394141,0.0821117,0.0886011,0.0622955,0.048881,0.197745,0.1310454,
261,0.0,0.0022581,0.0169132,0.0422035,0.0516452,0.0459568,0.06037,0.0860441,0.0688677,0.0472068,0.1544837,0.1037576,
262,0.0,0.0024849,0.0276252,0.0658818,0.0564987,0.0431524,0.0560804,0.0872315,0.0723719,0.079845,0.1594553,0.0878906,
263,0.0,0.0022872,0.0459911,0.0522556,0.0608677,0.0333189,0.0600763,0.0752572,0.0596908,0.04111,0.1651862,0.051107,
264,0.0,0.0019701,0.0334256,0.0156562,0.0467634,0.0413078,0.036022,0.0574463,0.0600193,0.047819,0.1418441,0.0550537,
265,0.0,0.0005905,0.0152388,0.0330166,0.0690552,0.0362586,0.027842,0.0459895,0.0626809,0.0583294,0.1111175,0.0493153,
266,0.0,0.0006247,0.0192937,0.0316707,0.085604,0.068257,0.0417287,0.0483867,0.0510665,0.0337452,0.1129558,0.0368114,
267,0.0,0.0028487,0.0045708,0.0478331,0.0551106,0.0731483,0.0659214,0.042451,0.0607179,0.0458226,0.1298234,0.0338295,
268,0.0,0.0029329,0.0188779,0.0360244,0.0536728,0.0525392,0.0513307,0.0459057,0.1015047,0.074527,0.0872069,0.0257729,
269,0.0,0.0022522,0.0308903,0.039018,0.0536262,0.0406803,0.0544106,0.0434076,0.0998799,0.0801779,0.0794951,0.0129191,
270,0.0,0.00202,0.0151834,0.0503902,0.0254047,0.0219916,0.072773,0.0335546,0.0989019,0.0625786,0.0892364,0.0420285,
271,0.0,0.0028003,0.0097149,0.0501915,0.0419372,0.0149291,0.0543284,0.0500101,0.0986543,0.0445401,0.0497762,0.0754181,
272,0.0,0.0037674,0.0162487,0.0638489,0.0513683,0.0310674,0.0559908,0.0647278,0.1233302,0.0869823,0.0344601,0.0714948,
273,0.0,0.003994,0.0059721,0.032881,0.0769434,0.0306237,0.0756673,0.0697977,0.1258643,0.1530508,0.1004654,0.051274,
274,0.0,0.0102725,0.0451146,0.0631696,0.1069956,0.0819753,0.1508204,0.05627,0.1276037,0.1555117,0.269031,0.0450699,
275,0.0,0.0056272,0.0207675,0.0605841,0.0939266,0.077304,0.0740633,0.0540693,0.1191524,0.0873064,0.1996354,0.0552202,
276,0.0,0.0022795,0.0410547,0.0419473,0.0573894,0.0883106,0.0627437,0.0390042,0.1128961,0.0788916,0.1652298,0.0875714,
277,0.0,0.0137016,0.0325194,0.0459246,0.0523241,0.0524954,0.0622021,0.0591765,0.1313319,0.115381,0.2045234,0.2537449,
278,0.0,0.0105207,0.0180399,0.0404694,0.0363957,0.0867315,0.0496923,0.0907678,0.1308746,0.1127763,0.2149402,0.1392207,
279,0.0,0.0022702,0.0347271,0.0295093,0.0574905,0.0777115,0.0142373,0.0774862,0.0954864,0.1028705,0.1473677,0.0421192,
280,0.0,0.0017922,0.023001,0.0287946,0.0666546,0.0732113,0.0640744,0.1257129,0.0325775,0.1267387,0.1827393,0.0209474,
281,0.0,0.0015086,0.0344259,0.0521277,0.0348326,0.0373722,0.1243692,0.0824951,0.0461677,0.0547104,0.1192073,0.0346876,
282,0.0,0.001956,0.0160442,0.0693471,0.050148,0.0378713,0.1404264,0.0799367,0.057054,0.0467434,0.1545544,0.0278066,
283,0.0,0.0015061,0.0320131,0.0572945,0.0595071,0.0680383,0.1268197,0.0834538,0.0859558,0.1111215,0.2081049,0.0308176,
284,0.0,0.0019571,0.0548828,0.0508043,0.0844057,0.0640872,0.031024,0.0830802,0.1136689,0.0695969,0.1842291,0.0271495,
285,0.0,0.0039952,0.0377488,0.0521904,0.090143,0.0679053,0.0525466,0.0864913,0.1185804,0.0953806,0.1261068,0.0608751,
286,0.0,0.0041136,0.0397233,0.0631749,0.0814813,0.0667434,0.0477826,0.0660082,0.1284666,0.1027858,0.1069183,0.0345595,
287,0.0,0.0034146,0.0494202,0.0654795,0.0419382,0.0312164,0.0707596,0.0975838,0.1168151,0.0617537,0.0315514,0.0365492,
288,0.0,0.0086178,0.0335184,0.1004172,0.0532662,0.0291608,0.0618,0.1197045,0.088254,0.0568759,0.0835089,0.0778564,
289,0.0,0.0056639,0.0167449,0.0821973,0.0643617,0.0269841,0.0386807,0.0888956,0.0503591,0.0764999,0.0827628,0.0700778,
290,0.0,0.0103556,0.0212089,0.0429691,0.0425088,0.0351651,0.0086577,0.0753224,0.0596023,0.0648892,0.0379598,0.0427843,
291,0.0,0.0055517,0.0102537,0.0475189,0.0306288,0.0595684,0.0340956,0.0631246,0.0505241,0.0409137,0.0439147,0.0255492,
292,0.0,0.0025004,0.0141677,0.0517044,0.021355,0.0511717,0.0310981,0.0502887,0.0645204,0.0416261,0.0783634,0.0476946,
293,0.0,0.0024989,0.0084667,0.0353231,0.0060615,0.0101551,0.0394897,0.0565295,0.0645037,0.0482528,0.037937,0.0410736,
294,0.0,0.0030206,0.0273348,0.0635824,0.0398705,0.0522498,0.032601,0.0599822,0.0906187,0.0180495,0.0742932,0.0705394,
295,0.0,0.0020225,0.0135133,0.0580019,0.0313763,0.0502678,0.0500317,0.0379659,0.0462492,0.0283091,0.0977731,0.0355582,
296,0.0,0.001319,0.0038059,0.0396392,0.0237318,0.0531504,0.0390399,0.0358366,0.04966,0.0295814,0.0612324,0.0369839,
297,0.0,0.0012964,0.0248357,0.0452284,0.0469927,0.0858267,0.0590088,0.064784,0.0671346,0.0596335,0.0579302,0.0260332,
298,0.0,0.0019022,0.0345429,0.0537861,0.0423899,0.089733,0.0390672,0.06494,0.035414,0.0574926,0.0668518,0.0266027,
299,0.0,0.0026384,0.0137257,0.0263025,0.0428748,0.0572589,0.0775649,0.0642773,0.0218298,0.1019703,0.062034,0.0349587,
300,0.0,0.0025765,0.0091584,0.0258581,0.025339,0.0500577,0.0428078,0.0473432,0.0118444,0.1300664,0.0581653,0.0476883,
301,0.0,0.0035063,0.021986,0.0458039,0.038093,0.0701024,0.0456591,0.0854909,0.0340793,0.0790659,0.0756854,0.0135403,
302,0.0,0.0026366,0.0222419,0.0720857,0.0551462,0.1110946,0.0462524,0.0744935,0.0312366,0.0436723,0.0984819,0.0233212,
303,0.0,0.0028262,0.0302727,0.0342224,0.0606136,0.0821143,0.0533074,0.0821408,0.0531452,0.02698,0.0860441,0.049846,
304,0.0,0.0018996,0.0318532,0.0671331,0.0520832,0.0611944,0.0395684,0.0327372,0.0551866,0.0306311,0.0864449,0.0580605,
305,0.0,0.0018036,0.02611,0.0816987,0.0757598,0.1242424,0.0236517,0.0281516,0.1048716,0.0885469,0.126846,0.1312766,
306,0.0,0.0042862,0.0161529,0.0800868,0.0530913,0.1058073,0.0765975,0.0743252,0.1109429,0.1230646,0.2981792,0.2376401,
307,0.0,0.016581,0.0677313,0.0365488,0.0909785,0.0664601,0.0547158,0.0785562,0.1374006,0.0749864,0.0631414,0.0536324,
308,0.0,0.021091,0.0318763,0.0610313,0.0939394,0.0945966,0.0826631,0.1267655,0.1663152,0.0522114,0.0136103,0.0463046,
309,0.0,0.0176485,0.0256603,0.0226986,0.0511761,0.0246172,0.0469776,0.0486091,0.1262661,0.033362,0.0256868,0.0534525,
310,0.0,0.0069312,0.0130076,0.0120701,0.048444,0.029463,0.0365962,0.0115146,0.087891,0.0171279,0.0360029,0.0720084,
311,0.0,0.006409,0.0343092,0.0190324,0.0398491,0.0251344,0.0598758,0.0154608,0.0807287,0.0515446,0.0703191,0.0877572,
312,0.0,0.0061516,0.0259256,0.0514547,0.0471879,0.0195988,0.0332543,0.0243855,0.0611513,0.0498562,0.0708937,0.0334462,
313,0.0,0.0031799,0.0154182,0.0385502,0.0313552,0.0209246,0.0434745,0.0482679,0.0586753,0.0385425,0.0826811,0.0643646,
314,0.0,0.0020278,0.0057642,0.017445,0.0419984,0.0751771,0.0137835,0.0725671,0.076046,0.0247566,0.0570759,0.0553384,
315,0.0,0.0016599,0.0122418,0.0207743,0.0241376,0.0989615,0.0391784,0.0578064,0.0765874,0.0222578,0.0720011,0.0767976,
316,0.0,0.0023498,0.0241607,0.0213612,0.0251595,0.1152109,0.0246322,0.0478296,0.067978,0.0469141,0.0737135,0.0863059,
317,0.0,0.004285,0.0261661,0.0088612,0.0281107,0.0852887,0.0606674,0.0451612,0.0912074,0.0570809,0.065514,0.0890352,
318,0.0,0.0055283,0.009375,0.0191302,0.0311225,0.0770571,0.0619133,0.0696223,0.0942629,0.0677973,0.0081652,0.0818696,
319,0.0,0.0019375,0.0128189,0.0152921,0.04986,0.0641089,0.0570643,0.047219,0.1203096,0.0398967,0.018535,0.0816843,
320,0.0,0.0014995,0.0183877,0.0171517,0.0608427,0.0797395,0.0518803,0.0469677,0.1508032,0.0400394,0.056159,0.0480019,
321,0.0,0.0021723,0.0256755,0.0288384,0.0460752,0.0935775,0.0169205,0.062769,0.1554213,0.0373721,0.1005893,0.0904512,
322,0.0,0.0006191,0.0157758,0.024878,0.0453903,0.0604648,0.0156999,0.0301973,0.0947482,0.0350154,0.0350201,0.0771682,
323,0.0,0.0014887,0.0177888,0.0343729,0.0322346,0.1056448,0.0814037,0.0366643,0.083392,0.0577902,0.0530521,0.0445793,
324,0.0,0.0024673,0.0170134,0.0371977,0.0375406,0.0435416,0.068699,0.0173854,0.0803312,0.0296072,0.0577307,0.0617207,
325,0.0,0.0050399,0.0289169,0.032813,0.0472755,0.0201679,0.0386358,0.0170798,0.076264,0.033691,0.063175,0.0811107,
326,0.0,0.0018031,0.0214237,0.0355495,0.0360758,0.0708175,0.025554,0.0498735,0.0313138,0.0428239,0.08391,0.0683009,
327,0.0,0.0012398,0.0209127,0.0695694,0.0640473,0.1112048,0.0532979,0.067891,0.0850766,0.0429103,0.0612903,0.0710585,
328,0.0,0.0030062,0.0385313,0.0472539,0.0874654,0.102455,0.0626415,0.0578875,0.0885732,0.0440482,0.1024382,0.0435553,
329,0.0,0.0023177,0.0916559,0.0513069,0.1325644,0.0824962,0.0996977,0.1116742,0.0961336,0.1123927,0.1429045,0.1058207,
330,0.0,0.0023269,0.0177823,0.0495133,0.0664304,0.0711423,0.0661409,0.0642555,0.132758,0.0482958,0.263425,0.1008621,
331,0.0,0.0009273,0.0115343,0.0608335,0.0171084,0.0469386,0.0692259,0.0869846,0.1369679,0.0209659,0.2027118,0.0729587,
332,0.0,0.0018305,0.0227906,0.0513586,0.062823,0.0613443,0.0435925,0.0735365,0.1031107,0.0152893,0.1104006,0.0618865,
333,0.0,0.002411,0.0214208,0.0552856,0.0476831,0.0443535,0.0284863,0.0278124,0.0479229,0.0353895,0.0747015,0.0593255,
334,0.0,0.0013848,0.007855,0.0468059,0.02708,0.074314,0.0663753,0.0179504,0.031948,0.0365121,0.0446661,0.0583322,
335,0.0,0.0016035,0.0128212,0.0454692,0.0532532,0.0583142,0.0284526,0.0381138,0.095555,0.0895067,0.0184691,0.0655609,
336,0.0,0.0005518,0.009843,0.0281259,0.0259717,0.0072281,0.0421462,0.0442824,0.0318293,0.0313507,0.0204559,0.0758839,
337,0.0,0.0012826,0.0175811,0.0320975,0.0436389,0.0436084,0.0422385,0.043218,0.0392797,0.0506262,0.0290416,0.0724938,
338,0.0,0.0017725,0.0233239,0.0472921,0.0402013,0.0689179,0.0490214,0.0665241,0.0622413,0.0599254,0.039369,0.0985471,
339,0.0,0.0057817,0.0207159,0.0678085,0.0226119,0.0524062,0.0616712,0.0299762,0.068729,0.0767146,0.0269137,0.0855594,
340,0.0,0.0058965,0.0097125,0.0503574,0.0400956,0.0727175,0.0682304,0.0378442,0.0830601,0.0662192,0.0444705,0.0792468,
341,0.0,0.002284,0.0115827,0.0392429,0.0226066,0.0683727,0.036436,0.0218633,0.0914596,0.0576974,0.0241668,0.1242627,
342,0.0,0.0025637,0.0151911,0.0248715,0.0262304,0.0371211,0.0372484,0.0470472,0.0712152,0.0446212,0.0303992,0.0644528,
343,0.0,0.001576,0.0163582,0.0297581,0.0261488,0.0243904,0.057447,0.0365257,0.0708333,0.0525489,0.0266777,0.0797903,
344,0.0,0.0012421,0.0129119,0.0255981,0.0367208,0.0689396,0.0475604,0.0317614,0.0613745,0.0601645,0.0184687,0.046694,
345,0.0,0.0005481,0.0163015,0.0170305,0.0260197,0.0494926,0.0478562,0.0707456,0.0644417,0.0549495,0.0310835,0.0202981,
346,0.0,0.0010353,0.0182859,0.0278769,0.0202045,0.0500275,0.0360955,0.0687226,0.0685732,0.0727739,0.0694045,0.0378405,
347,0.0,0.0009321,0.0352013,0.0373491,0.0263486,0.02774,0.0529445,0.0573549,0.0628407,0.0587175,0.0867936,0.0416222,
348,0.0,0.0020988,0.024359,0.0382733,0.0474075,0.0490382,0.0363885,0.1009311,0.059393,0.0759481,0.0900471,0.0597949,
349,0.0,0.0012023,0.0173233,0.0435923,0.0481948,0.0665029,0.0488873,0.0706046,0.1227509,0.0825344,0.114598,0.0547332,
350,0.0,0.0019125,0.0218191,0.0494711,0.0975956,0.074851,0.0569847,0.2100688,0.1586759,0.1444469,0.0890306,0.0561447,
351,0.0,0.0024691,0.0327004,0.1181781,0.0695898,0.0496645,0.0943471,0.1594268,0.1702726,0.0939783,0.0638916,0.0805384,
352,0.0,0.002982,0.014023,0.1072166,0.0562722,0.0701313,0.0640003,0.0885649,0.1748374,0.1692606,0.0540853,0.1103761,
353,0.0,0.0008651,0.0404329,0.0457791,0.0394277,0.0611002,0.0665504,0.1128827,0.2432583,0.1667157,0.0405952,0.0677753,
354,0.0,0.0027042,0.0411119,0.0445181,0.0260916,0.0544566,0.0625306,0.1339159,0.2205904,0.1501303,0.0560489,0.0793725,
355,0.0,0.0027013,0.0257081,0.0398807,0.0497384,0.0367351,0.0595599,0.1188972,0.2082273,0.1629124,0.0691004,0.1321642,
356,0.0,0.0019109,0.0199234,0.0255536,0.0381914,0.0690269,0.0679307,0.1896678,0.2594023,0.2039315,0.0660003,0.2319183,
357,0.0,0.0019581,0.0094277,0.0838173,0.1211664,0.0812513,0.0581125,0.1551209,0.2746755,0.1537658,0.0822075,0.2237012,
358,0.0,0.0019276,0.0141089,0.0322028,0.0454582,0.0174538,0.0423129,0.1448783,0.1881778,0.1293151,0.0753535,0.0725053,
359,0.0,0.0041999,0.0109628,0.0215979,0.022558,0.0824482,0.0406812,0.1429544,0.1897234,0.1044234,0.1235502,0.0796143,
360,0.0,0.0025928,0.0160079,0.0275563,0.013293,0.1284133,0.0888427,0.09939,0.120462,0.0710975,0.1063624,0.0413218,
361,0.0,0.0019219,0.0162902,0.0170899,0.1156578,0.1470488,0.1065218,0.1373907,0.2241412,0.0727652,0.037658,0.0959775,
362,0.0,0.0017949,0.0276412,0.0219611,0.1092346,0.1013606,0.1202092,0.1524667,0.2366373,0.0957637,0.0545206,0.0955689,
363,0.0,0.0015824,0.0210849,0.0224084,0.1201467,0.1160688,0.110381,0.122627,0.1538397,0.0976432,0.0534714,0.0550649,
364,0.0,0.0056195,0.0143957,0.0256955,0.1028038,0.1160073,0.0878893,0.0829453,0.1243841,0.0559501,0.1020013,0.0760207,
365,0.0,0.0068043,0.0097078,0.0210699,0.0672589,0.0794578,0.0813208,0.1030631,0.0656484,0.0301143,0.1112916,0.0502132,
366,0.0,0.0038163,0.0232721,0.0180295,0.0763361,0.0871182,0.1262705,0.1112804,0.0259753,0.0963128,0.1183362,0.060232,
367,0.0,0.0023539,0.0280239,0.0171405,0.1009085,0.1352474,0.1317737,0.1257141,0.0722576,0.0861105,0.0943603,0.0687045,
368,0.0,0.0046379,0.0532629,0.0670486,0.1265133,0.0915624,0.1395257,0.1767062,0.1018397,0.1163141,0.1306577,0.1130701,
369,0.0,0.0043561,0.0305212,0.0387351,0.1013061,0.0309576,0.0820036,0.0741434,0.1421841,0.107585,0.1016132,0.1092074,
370,0.0,0.0017845,0.0152901,0.0228028,0.1042841,0.025641,0.0542645,0.1609924,0.1390291,0.1233498,0.0688578,0.096602,
371,0.0,0.0030763,0.029268,0.0643347,0.1153857,0.0384076,0.0897131,0.1341196,0.1458352,0.092615,0.0942404,0.0918756,
372,0.0,0.0042377,0.0175572,0.080389,0.0224001,0.033125,0.0375128,0.0617265,0.1724225,0.0686906,0.0660577,0.1087505,
373,0.0,0.002899,0.0290232,0.0689088,0.0382757,0.0336357,0.0269739,0.0759781,0.1432268,0.0840763,0.0582383,0.0642745,
374,0.0,0.0025856,0.0176818,0.0427629,0.0151989,0.0603827,0.0340158,0.0557726,0.073533,0.0675922,0.043339,0.0610767,
375,0.0,0.0017707,0.0161937,0.0821176,0.0330326,0.0767892,0.0474051,0.0358884,0.0330919,0.056316,0.0701179,0.0285131,
376,0.0,0.001204,0.0434029,0.029489,0.1067484,0.0520911,0.0769467,0.0215325,0.0458437,0.044712,0.0863865,0.1434518,
377,0.0,0.0031453,0.0351922,0.0914932,0.081273,0.1234235,0.0997104,0.0294672,0.0485529,0.0615093,0.0728855,0.1887574,
378,0.0,0.0022599,0.0309856,0.07848,0.07157,0.1239793,0.0704071,0.0282827,0.0803264,0.1009828,0.1499623,0.2378556,
379,0.0,0.0018359,0.0179948,0.039592,0.0314043,0.0623532,0.1067526,0.0604339,0.0506125,0.0985111,0.0762497,0.0810543,
380,0.0,0.0083149,0.0198574,0.0480471,0.0500552,0.1141578,0.1181807,0.0595878,0.060067,0.0927497,0.0939873,0.0533143,
381,0.0,0.0048831,0.0197002,0.0819945,0.0669042,0.124459,0.0588605,0.0244989,0.0744634,0.0796644,0.080901,0.0705999,
382,0.0,0.0023548,0.0270905,0.080905,0.0216177,0.0819838,0.0527595,0.0265773,0.0328617,0.0530939,0.0786891,0.1277405,
383,0.0,0.0028465,0.0222739,0.0729968,0.0411758,0.0921035,0.0229926,0.067345,0.0850979,0.0602475,0.0748649,0.1234648,
384,0.0,0.0080797,0.0308174,0.0555022,0.1222255,0.1097861,0.0441674,0.0854684,0.1196809,0.0277568,0.0598662,0.1082589,
385,0.0,0.0063608,0.0460964,0.0435749,0.1657916,0.0573594,0.0450681,0.0976052,0.0937773,0.0724426,0.0485416,0.0887983,
386,0.0,0.0052119,0.0269811,0.0498649,0.0385393,0.0405526,0.0305494,0.0345512,0.1125931,0.0765246,0.0826296,0.0739823,
387,0.0,0.0022213,0.0398333,0.0428323,0.0424009,0.0320791,0.0357962,0.0527003,0.0819314,0.0641038,0.0681689,0.0855954,
388,0.0,0.0014506,0.025077,0.0401085,0.061606,0.0526128,0.068725,0.0602133,0.0940927,0.0309871,0.083584,0.075842,
389,0.0,0.0029031,0.0378433,0.0480783,0.0803224,0.0541945,0.1230833,0.1020759,0.1416368,0.0265456,0.0585281,0.0620397,
390,0.0,0.0057098,0.0382312,0.0804091,0.0682694,0.0229805,0.074431,0.1129519,0.097667,0.0266655,0.0694681,0.0650681,
391,0.0,0.0076437,0.0128756,0.0341649,0.0497691,0.0224058,0.0406382,0.1207736,0.0806164,0.0330551,0.0723637,0.0411407,
392,0.0,0.0009384,0.0278792,0.0274712,0.0689135,0.0083059,0.0502688,0.080293,0.0657746,0.0351536,0.0673816,0.0251615,
393,0.0,0.0005427,0.030905,0.0380302,0.039709,0.0195317,0.0238131,0.0622452,0.095948,0.0736922,0.0669359,0.0329108,
394,0.0,0.0014811,0.0192581,0.0431966,0.0362299,0.0112781,0.0198306,0.0291675,0.0969282,0.0876561,0.0586143,0.0858925,
395,0.0,0.0009825,0.0267535,0.0408282,0.0353457,0.0570473,0.0336407,0.0432853,0.1361433,0.0706179,0.0503635,0.0907772,
396,0.0,0.006168,0.0306259,0.0248409,0.0388876,0.0568497,0.0197296,0.0445925,0.0993579,0.0439249,0.0584716,0.1019769,
397,0.0,0.0020087,0.0297237,0.0548668,0.0223548,0.0860348,0.0555852,0.0362793,0.0533683,0.0390846,0.0832953,0.1027242,
398,0.0,0.00146,0.0247074,0.0690135,0.0109806,0.0695207,0.0651579,0.0961169,0.0287336,0.0494322,0.1013417,0.1509505,
399,0.0,0.0040474,0.0334303,0.0503106,0.0318839,0.0479668,0.0266419,0.0962016,0.0649322,0.0422029,0.09442,0.0740324,
400,0.0,0.0020898,0.0216704,0.0830848,0.0373527,0.0437601,0.0510835,0.075382,0.1032262,0.1557431,0.0431416,0.0575499,
401,0.0,0.0044813,0.019051,0.0588562,0.0323575,0.0564988,0.070656,0.0993788,0.1127011,0.1122491,0.0415695,0.0963265,
402,0.0,0.0048462,0.0348046,0.0828773,0.0205138,0.0264326,0.060167,0.120986,0.1681023,0.1418463,0.0565844,0.1087637,
403,0.0,0.0013692,0.0209039,0.0705729,0.0211924,0.047507,0.050935,0.0596797,0.1505466,0.1224997,0.0555069,0.0775049,
404,0.0,0.0044856,0.0293323,0.0788886,0.0438267,0.0412351,0.0531463,0.0413525,0.1112121,0.0823458,0.0609451,0.0735155,
405,0.0,0.0046496,0.0103974,0.0571628,0.0522713,0.0568931,0.0749091,0.0437157,0.0892516,0.0864902,0.0430127,0.0802502,
406,0.0,0.0025019,0.01327,0.0395355,0.0455435,0.0406501,0.0484146,0.0733096,0.0808658,0.0535914,0.0393719,0.0588908,
407,0.0,0.001901,0.0372206,0.0413005,0.0454118,0.0121677,0.0409228,0.1239872,0.0552244,0.041697,0.0231501,0.0620488,
408,0.0,0.0012428,0.0232893,0.0498491,0.1031247,0.0182489,0.1052621,0.0857442,0.0530864,0.0405556,0.0462197,0.1172354,
409,0.0,0.0025597,0.0204401,0.0425103,0.0330882,0.0697467,0.0238196,0.0685132,0.0320247,0.0705343,0.0091847,0.0996658,
410,0.0,0.0006199,0.0194416,0.0858749,0.0332419,0.0261174,0.0476987,0.0500943,0.0816972,0.0979325,0.0320978,0.0862852,
411,0.0,0.0030217,0.009471,0.1045424,0.0276394,0.0549185,0.0787408,0.0651092,0.0384648,0.0707144,0.0187304,0.0978899,
412,0.0,0.0023358,0.0256535,0.1273446,0.0473967,0.0350674,0.1390346,0.0576831,0.0629294,0.0535525,0.0913963,0.0897136,
413,0.0,0.0019024,0.0547277,0.1056547,0.050244,0.0984809,0.0752558,0.0369653,0.0697756,0.0827797,0.0854313,0.0731128,
414,0.0,0.001379,0.0286064,0.1057535,0.0551469,0.0802653,0.0527763,0.0829234,0.0576284,0.067562,0.0718694,0.0576291,
415,0.0,0.0027723,0.0240858,0.0837989,0.0702704,0.0439501,0.0656483,0.0835168,0.0867584,0.0735563,0.0727268,0.0560639,
416,0.0,0.0020203,0.014369,0.0684616,0.049654,0.0433276,0.0618524,0.0420671,0.0530505,0.0638111,0.0404042,0.0673384,
417,0.0,0.0031501,0.0084431,0.0776259,0.0409559,0.0216677,0.0216879,0.0300441,0.0492623,0.0460019,0.0392613,0.0793984,
418,0.0,0.0014897,0.0206233,0.08046,0.0522635,0.0177021,0.0194389,0.0503903,0.0289175,0.0619121,0.0267018,0.0723922,
419,0.0,0.0008938,0.0214667,0.0392136,0.0312738,0.0266554,0.028393,0.0167029,0.0172306,0.0384398,0.0267574,0.0333386,
420,0.0,0.0014637,0.0079091,0.0420837,0.0304396,0.0435371,0.0283422,0.023959,0.0468496,0.073895,0.0330259,0.0317525,
421,0.0,0.001786,0.0196224,0.0401716,0.0341189,0.0172375,0.047775,0.0192005,0.0403519,0.070298,0.0456321,0.0130064,
422,0.0,0.0020158,0.0192596,0.0383671,0.0424041,0.06621,0.0854373,0.0214402,0.0323815,0.0138578,0.0550406,0.0111343,
423,0.0,0.0018235,0.0168397,0.0307474,0.0411484,0.0458268,0.0714146,0.0176006,0.0595032,0.033571,0.0482587,0.0251329,
424,0.0,0.0021409,0.0229993,0.0316498,0.0504281,0.0269306,0.1019768,0.0250647,0.0596689,0.0414214,0.0801932,0.0357254,
425,0.0,0.0023243,0.0191192,0.0713506,0.05336,0.0479874,0.1018947,0.0595596,0.0709792,0.0607003,0.1332265,0.0857271,
426,0.0,0.0028075,0.0358102,0.042477,0.0465127,0.0467208,0.069866,0.0430407,0.0363542,0.0236855,0.1208774,0.0710598,
427,0.0,0.0014606,0.0237412,0.0226603,0.0576146,0.0428814,0.0644611,0.0366637,0.0555646,0.0516176,0.0734777,0.0575054,
428,0.0,0.0021466,0.020815,0.0393466,0.0576936,0.0539967,0.0561567,0.0368883,0.051828,0.0166842,0.0803131,0.0729301,
429,0.0,0.0009213,0.0180265,0.0354378,0.0338296,0.0535947,0.0723039,0.046209,0.0488944,0.0466456,0.1139737,0.071669,
430,0.0,0.0021467,0.0129868,0.0606432,0.0188953,0.0356646,0.0602436,0.0407792,0.0507065,0.0465882,0.0560637,0.0562365,
431,0.0,0.0023462,0.0086211,0.0637119,0.0224812,0.0312864,0.0552921,0.0392257,0.0690959,0.0393465,0.0644384,0.0403892,
432,0.0,0.0022555,0.0086379,0.0806725,0.0332263,0.0440711,0.0479573,0.0596987,0.0498495,0.0648068,0.0353843,0.045825,
433,0.0,0.0025985,0.0184989,0.0577746,0.0392745,0.0541148,0.0525512,0.0600784,0.0521367,0.0918929,0.0343922,0.050027,
434,0.0,0.0005637,0.0206727,0.0621973,0.0223049,0.0645008,0.0777008,0.050993,0.0521711,0.0581566,0.0433802,0.0648648,
435,0.0,0.0005605,0.0076485,0.0608507,0.0501247,0.0667978,0.0992701,0.060301,0.0618079,0.013918,0.0706477,0.1179525,
436,0.0,0.0018916,0.0090697,0.05412,0.05376,0.0470328,0.0686653,0.0607752,0.0038601,0.0319212,0.0498968,0.0836562,
437,0.0,0.0017836,0.0090047,0.0376021,0.0165137,0.0413145,0.062719,0.0793294,0.0102307,0.0401282,0.0613198,0.06962,
438,0.0,0.0014577,0.0255899,0.0709933,0.0342098,0.0460123,0.0686316,0.090168,0.0381762,0.0306251,0.0903183,0.0332316,
439,0.0,0.0006266,0.0309686,0.050644,0.0406623,0.0385588,0.0450254,0.053173,0.0585869,0.0234455,0.0311425,0.0865558,
440,0.0,0.0017796,0.0277346,0.0463442,0.0324287,0.0660444,0.0519149,0.0432151,0.042172,0.0203673,0.0420075,0.0679976,
441,0.0,0.0022327,0.0241777,0.0481,0.0368039,0.049822,0.0553315,0.0531728,0.0562744,0.0395815,0.0771459,0.0260787,
442,0.0,0.000559,0.0108673,0.0257774,0.0242852,0.0457531,0.0475101,0.0774448,0.0805193,0.0424815,0.0787186,0.0773309,
443,0.0,0.002023,0.0137274,0.0380421,0.0439351,0.0720047,0.0195714,0.1086574,0.0702531,0.0864805,0.0955879,0.0740397,
444,0.0,0.0008842,0.0192929,0.0739781,0.0253684,0.0510405,0.0375942,0.1181291,0.1144874,0.0791396,0.0895294,0.0374545,
445,0.0,0.001021,0.0119222,0.0570793,0.0113845,0.0556833,0.0313631,0.0870055,0.0423739,0.0604149,0.0524003,0.040931,
446,0.0,0.0022749,0.0216966,0.056391,0.0415803,0.0893057,0.0560716,0.114903,0.0160806,0.0543732,0.120275,0.0470436,
447,0.0,0.0018112,0.0289045,0.0245255,0.0303639,0.0907705,0.0566279,0.1035433,0.0454843,0.0483752,0.1037943,0.0221073,
448,0.0,0.0037669,0.0351537,0.0441278,0.0293999,0.1157812,0.0807537,0.0855024,0.0364632,0.0455936,0.1553102,0.0786139,
449,0.0,0.002323,0.0502344,0.0546082,0.0831076,0.0970936,0.1052166,0.0587669,0.1114424,0.0482816,0.1307089,0.0368587,
450,0.0,0.0012851,0.0122364,0.0381618,0.0786207,0.0589404,0.0740511,0.0540548,0.0951288,0.0566335,0.0534178,0.0201493,
451,0.0,0.0012351,0.0178948,0.042694,0.0533625,0.0439298,0.0543855,0.0294075,0.0586731,0.0119313,0.0344812,0.0370882,
452,0.0,0.0017718,0.0053794,0.0262812,0.0392429,0.0330539,0.0665117,0.0444049,0.0309358,0.0216424,0.0879844,0.0265307,
453,0.0,0.0012852,0.0130249,0.0126824,0.0438479,0.0286263,0.0381854,0.02283,0.0227494,0.0212572,0.0304671,0.0243359,
454,0.0,0.000622,0.009615,0.0146241,0.023463,0.0602106,0.0526152,0.0328154,0.0227051,0.0542957,0.0443091,0.025262,
455,0.0,0.0018019,0.0069587,0.0547394,0.0128024,0.0361905,0.0638844,0.0573786,0.047036,0.0534191,0.0264803,0.0333509,
456,0.0,0.001652,0.0060174,0.0271507,0.047866,0.0636836,0.0438326,0.055204,0.0690758,0.0189184,0.0231526,0.0484092,
457,0.0,0.002744,0.0024734,0.0388677,0.1082629,0.0303357,0.0468038,0.0551155,0.0603337,0.0702412,0.0210324,0.0803636,
458,0.0,0.0034577,0.0150643,0.0744608,0.0611995,0.0433265,0.0350434,0.0780453,0.0729241,0.0692115,0.0255815,0.0507613,
459,0.0,0.0033407,0.0226096,0.0636071,0.0541736,0.0328159,0.0529723,0.0702583,0.0663804,0.1051061,0.0275259,0.0849305,
460,0.0,0.0032825,0.0332404,0.0538077,0.0385333,0.0671635,0.0707568,0.0606349,0.0872238,0.1792418,0.0306686,0.0451855,
461,0.0,0.0081805,0.0092542,0.0558064,0.0568463,0.0507384,0.117872,0.0738884,0.0905569,0.1393597,0.0804195,0.0522671,
462,0.0,0.0026111,0.0300214,0.0381015,0.0239643,0.0218613,0.0338812,0.0827441,0.0689367,0.062199,0.027752,0.0421642,
463,0.0,0.0014959,0.017734,0.0218999,0.0379706,0.0235876,0.0427536,0.0780829,0.0502848,0.0587741,0.0414706,0.062679,
464,0.0,0.0006174,0.0317183,0.0327941,0.0550741,0.0360701,0.082419,0.0711682,0.0686482,0.0650059,0.0451665,0.0901612,
465,0.0,0.0009383,0.0358152,0.0297546,0.020431,0.0491874,0.0391307,0.0592144,0.0794724,0.0711601,0.0529449,0.0469681,
466,0.0,0.0009377,0.0108085,0.0580583,0.0333982,0.0252014,0.0364107,0.0693255,0.0556286,0.0578035,0.0434268,0.0321926,
467,0.0,0.0005527,0.0040663,0.0518114,0.0198535,0.0316161,0.0767592,0.0541047,0.0280349,0.033176,0.057357,0.0277702,
468,0.0,0.0006242,0.0108821,0.0266534,0.0298669,0.0228194,0.0652175,0.0827354,0.0445849,0.03608,0.0328635,0.0385903,
469,0.0,0.0016062,0.0177121,0.0341947,0.0583225,0.0081857,0.0578118,0.0666338,0.0723187,0.0525461,0.0302523,0.0485,
470,0.0,0.0018052,0.0251754,0.0440425,0.0587454,0.0273865,0.0399717,0.0414494,0.0932844,0.0295892,0.0265089,0.0808675,
471,0.0,0.0023192,0.0276866,0.0474791,0.045137,0.0499851,0.0760745,0.0429891,0.1008186,0.089722,0.062159,0.0900187,
472,0.0,0.0027871,0.0314662,0.0478788,0.0295979,0.0815634,0.0481584,0.0587463,0.0897814,0.0773152,0.0731338,0.1007871,
473,0.0,0.0064073,0.0131434,0.044987,0.0303769,0.0550536,0.0434486,0.0539375,0.1307026,0.103751,0.0788269,0.0948684,
474,0.0,0.0024132,0.0173592,0.0543588,0.026821,0.0518507,0.0159475,0.0749985,0.1073803,0.1314268,0.0647871,0.1448836,
475,0.0,0.0020232,0.0173028,0.0440265,0.035323,0.0396042,0.072903,0.0742661,0.0556841,0.0236704,0.1407236,0.1511528,
476,0.0,0.002667,0.038048,0.0346921,0.0646064,0.0575179,0.077955,0.0780365,0.0627727,0.0705005,0.1891146,0.0953656,
477,0.0,0.0035205,0.0150711,0.0265748,0.0383111,0.0356639,0.0785398,0.0592476,0.0660239,0.0655148,0.0954033,0.0716902,
478,0.0,0.0017844,0.0106768,0.0304856,0.0372274,0.0628769,0.0461474,0.0705237,0.0818675,0.0642739,0.0992343,0.0538623,
479,0.0,0.001029,0.0114365,0.0389505,0.0349117,0.05945,0.0494115,0.0576624,0.0837865,0.0588898,0.0943862,0.0512065,
480,0.0,0.0027807,0.021228,0.054775,0.0605505,0.0462158,0.0576451,0.0649965,0.0677822,0.070235,0.0824322,0.0644654,
481,0.0,0.0009832,0.0170086,0.0367172,0.0420815,0.0209913,0.0670576,0.0613917,0.0740674,0.0383777,0.0572817,0.0430283,
482,0.0,0.0063407,0.0169279,0.0405842,0.0291551,0.0382963,0.1210721,0.1161019,0.091538,0.0356325,0.0592552,0.0557954,
483,0.0,0.0019961,0.0344043,0.0234517,0.025229,0.0642852,0.0845139,0.1163682,0.1085225,0.0480169,0.051439,0.0727052,
484,0.0,0.007771,0.0398427,0.038035,0.0528323,0.0372239,0.102582,0.0969501,0.1360772,0.0542257,0.0547393,0.0847669,
485,0.0,0.0041429,0.0490122,0.0416632,0.0808604,0.0363169,0.0896137,0.0718365,0.1090628,0.009352,0.0508652,0.058941,
486,0.0,0.0065737,0.0086985,0.0442393,0.0810471,0.0237447,0.0937714,0.090844,0.0525611,0.0524291,0.0877528,0.0241793,
487,0.0,0.0026203,0.0067348,0.0188756,0.0810844,0.0256651,0.0753023,0.0854683,0.108641,0.063365,0.0861481,0.0032869,
488,0.0,0.0005486,0.0228245,0.0303,0.0711574,0.0617258,0.0415168,0.0494289,0.0949877,0.0471402,0.0670499,0.0363433,
489,0.0,0.0018308,0.0104914,0.0369093,0.0592953,0.091507,0.0341613,0.124963,0.0576936,0.0960349,0.0531237,0.082264,
490,0.0,0.0005461,0.0144017,0.0640746,0.1205385,0.0558982,0.0304688,0.1202685,0.1014589,0.0729892,0.1333352,0.0158444,
491,0.0,0.0015798,0.0216838,0.0478817,0.0482089,0.0562759,0.0579281,0.0877131,0.1072095,0.0411511,0.0691711,0.0350074,
492,0.0,0.0009335,0.0149568,0.0263188,0.1137075,0.0972759,0.061375,0.0740229,0.1086691,0.0937993,0.0850919,0.0817804,
493,0.0,0.0017827,0.0051526,0.0114345,0.0622645,0.0594516,0.0319358,0.0812289,0.1257654,0.1050777,0.0537622,0.0353372,
494,0.0,0.0017952,0.0180803,0.0303117,0.0745103,0.0532331,0.047407,0.1081886,0.1134467,0.1223936,0.0400156,0.0603144,
495,0.0,0.0005498,0.0256235,0.0614012,0.0731103,0.0738739,0.0292729,0.094491,0.1079102,0.2308825,0.0571959,0.1521837,
496,0.0,0.0022462,0.040388,0.0872829,0.0398702,0.0819236,0.0476667,0.125678,0.1611753,0.2439603,0.088694,0.2096306,
497,0.0,0.0009908,0.0701236,0.1558591,0.057908,0.0964468,0.0843007,0.1545702,0.1735324,0.2771346,0.0873012,0.2021509,
498,0.0,0.0009262,0.0368303,0.0471632,0.020558,0.0788845,0.0555864,0.0476627,0.1320093,0.1684701,0.0676259,0.062426,
499,0.0,0.001783,0.0425051,0.0537268,0.0507698,0.0469573,0.0642738,0.0657741,0.1001827,0.0876177,0.0965552,0.1270994,
500,0.0,0.0010324,0.0515919,0.0586646,0.0502481,0.0854253,0.0810435,0.1027477,0.0533193,0.0596593,0.0957897,0.1689251,
501,0.0,0.0013583,0.0302093,0.05958,0.0401961,0.0396288,0.0712701,0.0497811,0.0757781,0.0531683,0.1088317,0.1457713,
502,0.0,0.0012829,0.0130045,0.0118059,0.0320675,0.0578689,0.0395394,0.0837312,0.0898222,0.0662657,0.164226,0.163741,
503,0.0,0.0012858,0.0110145,0.0384077,0.0533072,0.0227289,0.064682,0.0770919,0.0693357,0.0432967,0.1222425,0.0619017,
504,0.0,0.0051454,0.0376846,0.0366314,0.0690951,0.0363641,0.072119,0.0711055,0.0451176,0.0428964,0.1789911,0.0554566,
505,0.0,0.0083504,0.0306427,0.0257024,0.0731819,0.0358425,0.0895634,0.0625701,0.049133,0.0539955,0.1530971,0.099039,
506,0.0,0.0061187,0.0321671,0.0288826,0.0393128,0.0592858,0.0772443,0.0623401,0.0379937,0.0689381,0.0876019,0.0590501,
507,0.0,0.0020212,0.0126961,0.0271149,0.0346537,0.0680845,0.0907391,0.0760919,0.0212621,0.08162,0.1193428,0.0653011,
508,0.0,0.0014904,0.009769,0.0239639,0.0212354,0.0591921,0.0502271,0.0529959,0.0725627,0.0679254,0.0828213,0.0671309,
509,0.0,0.0013766,0.0101999,0.0677728,0.014908,0.0531914,0.0245668,0.0538336,0.0671205,0.1014258,0.0639097,0.088973,
510,0.0,0.0031835,0.0175324,0.0652595,0.0407319,0.0275775,0.0213164,0.0724378,0.0618355,0.1022134,0.0658306,0.1088397,
511,0.0,0.0006138,0.0073238,0.0610505,0.0294238,0.0340136,0.0512998,0.0814428,0.0592072,0.0831282,0.0498938,0.0792162,
512,0.0,0.0005681,0.0186231,0.0492397,0.037363,0.0740418,0.0381718,0.0309302,0.076169,0.0992075,0.0404713,0.0940512,
513,0.0,0.0045846,0.0145853,0.0551136,0.0566117,0.0719805,0.0648805,0.0283365,0.0420977,0.1108269,0.0899707,0.0867732,
514,0.0,0.0036897,0.0136785,0.022913,0.0732836,0.0236274,0.0700192,0.0367586,0.0310683,0.1169504,0.0778235,0.0835161,
515,0.0,0.004657,0.0039326,0.0298243,0.0691202,0.0143271,0.1017511,0.061826,0.0755205,0.1248761,0.0519814,0.0640763,
516,0.0,0.0010022,0.019701,0.0220027,0.0968195,0.0415376,0.0919807,0.05331,0.0404077,0.1036111,0.0408946,0.1053656,
517,0.0,0.0042293,0.0119481,0.0357169,0.0920681,0.0423079,0.083438,0.0768212,0.028036,0.1076208,0.0909844,0.0940803,
518,0.0,0.0083173,0.0169926,0.0197421,0.0785746,0.0290976,0.0820997,0.0978015,0.0583324,0.1505017,0.1111376,0.0781877,
519,0.0,0.019923,0.0373838,0.050419,0.0446385,0.0730823,0.064692,0.0964412,0.1088034,0.1330315,0.0839961,0.0852205,
520,0.0,0.0146512,0.0529202,0.0691795,0.0594895,0.0679798,0.0557565,0.0997175,0.0916457,0.0850072,0.0545974,0.0776909,
521,0.0,0.0519323,0.0392322,0.0906405,0.0517366,0.1049433,0.0419381,0.1275561,0.0622101,0.1905107,0.115267,0.1054826,
522,0.0,0.0116814,0.030666,0.0659765,0.0640785,0.0668317,0.0641108,0.1096643,0.0294919,0.1392216,0.1535431,0.1093775,
523,0.0,0.0175482,0.010782,0.0427047,0.0745346,0.1101071,0.0925452,0.0762962,0.0838679,0.1023324,0.1486203,0.125978,
524,0.0,0.0066273,0.0147882,0.0543498,0.0624389,0.1178721,0.0877791,0.0965658,0.1098603,0.1144973,0.1027595,0.1217059,
525,0.0,0.0068029,0.0564773,0.0429893,0.0744595,0.0927362,0.0864069,0.0959785,0.0950471,0.1167024,0.0890336,0.1362049,
526,0.0,0.0082514,0.0206438,0.0088938,0.0397069,0.0522829,0.0537772,0.1185847,0.1310158,0.1177806,0.045336,0.0969785,
527,0.0,0.0111378,0.0229696,0.0576133,0.0906588,0.0537847,0.0426733,0.0944134,0.1056592,0.0445309,0.1059224,0.1335296,
528,0.0,0.0033521,0.0491002,0.0881924,0.1147352,0.1399974,0.0831974,0.0560877,0.0579479,0.1451797,0.2438582,0.2376949,
529,0.0,0.0017464,0.0343826,0.0811826,0.1051308,0.1307285,0.0839152,0.0963013,0.0684932,0.2000563,0.2342219,0.1397439,
530,0.0,0.0039967,0.0220566,0.0672813,0.0854913,0.1405991,0.1517886,0.1166192,0.0947728,0.2010316,0.2641322,0.1866473,
531,0.0,0.0019435,0.0267969,0.0664611,0.0400021,0.1242469,0.1053931,0.0958621,0.0839376,0.0781134,0.1102542,0.0325232,
532,0.0,0.0005623,0.0256606,0.0366071,0.0508587,0.0852968,0.0895845,0.1408753,0.0980623,0.0964307,0.1152353,0.0335552,
533,0.0,0.0017011,0.0150295,0.0351924,0.0640702,0.0759318,0.0795912,0.1462221,0.0827635,0.0453029,0.1304412,0.0493896,
534,0.0,0.0012334,0.0208305,0.0423255,0.0988253,0.0865084,0.1365434,0.1483309,0.0738546,0.0729233,0.1348273,0.0513897,
535,0.0,0.0015744,0.013587,0.0370287,0.0554201,0.0855148,0.1394256,0.1356472,0.0329836,0.0529653,0.1415226,0.0574331,
536,0.0,0.002355,0.0092798,0.0542407,0.0518495,0.0680361,0.1252313,0.1212967,0.0117354,0.0502051,0.1277476,0.0250239,
537,0.0,0.0020693,0.0138257,0.0417087,0.0271537,0.0872438,0.0762378,0.1676859,0.0533895,0.0663721,0.1398602,0.0245681,
538,0.0,0.0031274,0.0158069,0.0577024,0.0513035,0.0856518,0.0581786,0.2049135,0.1236527,0.0706857,0.1634797,0.0296145,
539,0.0,0.0016499,0.030236,0.058683,0.083629,0.0905528,0.1222288,0.1887223,0.1145222,0.0972372,0.1500173,0.0644551,
540,0.0,0.0094876,0.0106457,0.0988926,0.1221051,0.051181,0.1761331,0.1372759,0.0517282,0.0649909,0.1776427,0.0783023,
541,0.0,0.0075113,0.0118992,0.0874189,0.1163082,0.0585036,0.1722769,0.1341012,0.0618975,0.0834752,0.1815871,0.1610255,
542,0.0,0.0056022,0.0290058,0.0342663,0.0874561,0.0545478,0.1673271,0.1705668,0.0685313,0.0622026,0.2023666,0.0647484,
543,0.0,0.0056652,0.0418042,0.0167156,0.0674007,0.0535791,0.110009,0.1186552,0.0452035,0.0686321,0.1695334,0.0859182,
544,0.0,0.0022744,0.0182717,0.0202939,0.0820082,0.0476545,0.0824599,0.0959862,0.0510553,0.0574385,0.2093818,0.064854,
545,0.0,0.0079941,0.0260132,0.0321022,0.0637814,0.0357249,0.0496063,0.0955872,0.0381126,0.0565172,0.2049233,0.0778466,
546,0.0,0.0055667,0.0098335,0.0396751,0.0683415,0.0529893,0.0427077,0.0726544,0.0805616,0.0618213,0.1855869,0.0699361,
547,0.0,0.0024833,0.0100585,0.0549346,0.0329242,0.0530786,0.0769472,0.1000489,0.0635019,0.0813378,0.168256,0.0648738,
548,0.0,0.0020982,0.0187562,0.0342237,0.0157171,0.0632413,0.1150723,0.1303531,0.0278968,0.0378162,0.119647,0.0431428,
549,0.0,0.0024833,0.0157756,0.0345491,0.1072952,0.0874783,0.0331596,0.1483457,0.0400305,0.0415299,0.1289764,0.0348811,
550,0.0,0.0009023,0.026407,0.0376055,0.102253,0.1221085,0.0563082,0.1599629,0.0680406,0.0848569,0.0943079,0.0607835,
551,0.0,0.0022389,0.0110517,0.0262523,0.0646114,0.0896522,0.0991872,0.1433514,0.0886529,0.1340931,0.1411258,0.0481462,
552,0.0,0.0005577,0.0217589,0.0381001,0.0548286,0.099225,0.0345105,0.122615,0.0524688,0.0780148,0.1257331,0.0902692,
553,0.0,0.0019134,0.0301537,0.0619008,0.0710161,0.0753003,0.1198941,0.0975386,0.071295,0.1087087,0.1382139,0.1297115,
554,0.0,0.0009397,0.0295959,0.063249,0.0545009,0.0865604,0.141692,0.1472217,0.0625735,0.0983836,0.1346429,0.0687651,
555,0.0,0.0054526,0.0470466,0.0408821,0.0135191,0.0656914,0.0815708,0.1224807,0.0576864,0.0819159,0.0745549,0.022098,
556,0.0,0.0049766,0.0218131,0.0449877,0.0192812,0.0679433,0.043333,0.0893829,0.0074319,0.1153671,0.0916456,0.0316065,
557,0.0,0.0031222,0.0406807,0.0470215,0.0485034,0.0700848,0.0905554,0.1371097,0.0694814,0.1034362,0.0970317,0.0838841,
558,0.0,0.0036968,0.0541595,0.0669058,0.0419594,0.0429025,0.1103766,0.0689186,0.0803393,0.1138089,0.0609473,0.0535125,
559,0.0,0.0062826,0.0450976,0.0452578,0.0786816,0.0335922,0.0585424,0.0557144,0.0686824,0.0974972,0.0421068,0.04924,
560,0.0,0.0073929,0.0324328,0.0272865,0.0630852,0.0591224,0.0635179,0.0916755,0.044331,0.061095,0.0255575,0.0591957,
561,0.0,0.0111491,0.0654734,0.0344569,0.0999807,0.0321251,0.0653315,0.1839735,0.0448105,0.0831902,0.0467724,0.0460449,
562,0.0,0.0126307,0.0217108,0.0520006,0.112628,0.0391322,0.051203,0.2037307,0.0683862,0.1148416,0.0245713,0.0143712,
563,0.0,0.0100582,0.0296565,0.0238773,0.0689102,0.0666062,0.0730185,0.1443238,0.0782527,0.1117384,0.0462455,0.0163235,
564,0.0,0.0266062,0.0423115,0.0308617,0.0664924,0.0740147,0.1118381,0.1438718,0.0663762,0.0636807,0.0694093,0.0378118,
565,0.0,0.0038093,0.0199787,0.0334485,0.0699217,0.0446325,0.0700906,0.0600608,0.0676892,0.0967088,0.051131,0.0854102,
566,0.0,0.0022686,0.0301818,0.0317588,0.0753835,0.0752436,0.0744048,0.0410058,0.0374135,0.1194547,0.0512143,0.0832469,
567,0.0,0.0017854,0.0036198,0.0237347,0.094675,0.0758931,0.0721692,0.0297658,0.0590334,0.09463,0.017569,0.0592625,
568,0.0,0.0022581,0.0084029,0.0080485,0.0620666,0.0767049,0.0613251,0.026973,0.0547286,0.0554497,0.0497911,0.0974082,
569,0.0,0.0028442,0.0116045,0.0184994,0.04609,0.0795548,0.0409341,0.0339092,0.0636415,0.0533086,0.0339637,0.1193397,
570,0.0,0.0030178,0.0209721,0.0269942,0.0452333,0.0571787,0.0498808,0.0395056,0.0600213,0.0747201,0.0626335,0.119143,
571,0.0,0.0013751,0.0124239,0.0481132,0.0263473,0.0481314,0.0438071,0.0368937,0.0876166,0.0396017,0.0892916,0.093046,
572,0.0,0.0022585,0.018914,0.0154789,0.0240145,0.095188,0.040903,0.0193823,0.0739113,0.0436873,0.1051825,0.0997573,
573,0.0,0.0032354,0.0145717,0.0242505,0.0138846,0.08673,0.0547222,0.0353293,0.0453306,0.0662638,0.0836691,0.1222681,
574,0.0,0.0027843,0.0126667,0.0427283,0.0426736,0.0225382,0.0612879,0.0621396,0.0477983,0.0682553,0.1138926,0.0927633,
575,0.0,0.002563,0.0152388,0.0623845,0.1066313,0.0708785,0.0423352,0.0420331,0.0660429,0.0594503,0.1039893,0.0993969,
576,0.0,0.0067334,0.0224355,0.0650938,0.0923862,0.0927233,0.0568258,0.0395073,0.0411419,0.0664083,0.0864833,0.1313708,
577,0.0,0.0046584,0.0177771,0.04991,0.0614774,0.0237105,0.0726013,0.0642929,0.102426,0.0688409,0.1224487,0.1280554,
578,0.0,0.0032914,0.0100553,0.0900091,0.1065767,0.0899424,0.0942282,0.0662124,0.1222036,0.0595957,0.1469243,0.1809466,
579,0.0,0.005294,0.0278937,0.0956404,0.1612262,0.1210406,0.1097136,0.0400167,0.0758746,0.1330014,0.0833253,0.3231392,
580,0.0,0.006425,0.0236299,0.0924841,0.1055485,0.1026499,0.135183,0.0539999,0.1088457,0.1845126,0.0536426,0.2103709,
581,0.0,0.0036001,0.0661555,0.0548496,0.1172481,0.1305678,0.1275039,0.0586461,0.1528587,0.1973392,0.1506352,0.2937561,
582,0.0,0.007576,0.0553721,0.0632651,0.1000491,0.0704063,0.0894873,0.0729191,0.0579404,0.1360352,0.1497633,0.3254632,
583,0.0,0.0147924,0.0512477,0.0717072,0.0736515,0.0529557,0.1702696,0.0958024,0.1025018,0.1972213,0.1427457,0.3490184,
584,0.0,0.0104687,0.0532574,0.1165212,0.1094114,0.1366848,0.1071924,0.0958664,0.1505852,0.1120845,0.0948734,0.4533251,
585,0.0,0.0108993,0.0485913,0.1282927,0.0805445,0.0281138,0.0826253,0.1023439,0.1020617,0.0744582,0.1362659,0.2613997,
586,0.0,0.0045564,0.0303881,0.0851289,0.0679946,0.0362492,0.0599646,0.071674,0.0464838,0.0618076,0.0999183,0.1087268,
587,0.0,0.0152984,0.0348757,0.0535689,0.077465,0.0513713,0.0634962,0.0899166,0.0229115,0.1146708,0.1166434,0.1033413,
588,0.0,0.0058057,0.0273511,0.0356108,0.0804471,0.0479272,0.0693392,0.1021337,0.0500754,0.109015,0.134491,0.102726,
589,0.0,0.0104002,0.0398297,0.0313042,0.1024878,0.0358241,0.15192,0.133306,0.0787158,0.1196707,0.160219,0.1107769,
590,0.0,0.0108467,0.047268,0.0354765,0.0861959,0.0630296,0.0627898,0.1133908,0.0191213,0.1237563,0.1289878,0.0398242,
591,0.0,0.0063485,0.0317802,0.0452964,0.0382895,0.0253003,0.0725903,0.1366444,0.0654309,0.1282013,0.1235491,0.0506157,
592,0.0,0.0082204,0.0249066,0.0551195,0.0182764,0.049283,0.0635598,0.0839793,0.1126213,0.123473,0.1173015,0.0554409,
593,0.0,0.0155626,0.0078032,0.0402659,0.0492899,0.0621705,0.0576605,0.0790368,0.0943851,0.1564924,0.1199667,0.1072041,
594,0.0,0.0163534,0.0258231,0.0529659,0.0544658,0.0697032,0.0459911,0.1074459,0.1108515,0.1025847,0.0837351,0.0998074,
595,0.0,0.003922,0.0173551,0.0407899,0.0279952,0.0631553,0.0722911,0.0537109,0.0920217,0.0331939,0.0949511,0.1037511,
596,0.0,0.0050959,0.014171,0.0518239,0.0393305,0.0368581,0.0881345,0.0544278,0.0805357,0.0192916,0.1021614,0.1116446,
597,0.0,0.0033491,0.0094677,0.0839933,0.0370767,0.0486123,0.0460003,0.0614274,0.0961164,0.0630459,0.0599191,0.082911,
598,0.0,0.0042772,0.0104707,0.0661495,0.0473905,0.0686775,0.0419126,0.0765363,0.104272,0.1203359,0.0497779,0.0708602,
599,0.0,0.0066863,0.0170538,0.0632829,0.0496481,0.0608327,0.0708205,0.0562622,0.0756252,0.0862233,0.0709003,0.1030738,
600,0.0,0.0054757,0.0178482,0.0393948,0.0392904,0.0502283,0.0889778,0.0415839,0.0901377,0.1022522,0.1119608,0.0849323,
601,0.0,0.0047684,0.0137836,0.0264238,0.0759734,0.0318627,0.0350304,0.0387384,0.0898003,0.0957106,0.0884426,0.0866408,
602,0.0,0.0031211,0.0180216,0.0260346,0.0583842,0.0257712,0.0550046,0.0453422,0.0656906,0.0780265,0.07587,0.0596345,
603,0.0,0.0024868,0.0212843,0.050104,0.0434833,0.0715581,0.065452,0.0943063,0.1316007,0.1320443,0.1138672,0.0639568,
604,0.0,0.0038837,0.0118809,0.0607639,0.0388749,0.0416424,0.0532559,0.079366,0.13266,0.1104147,0.1160336,0.0719939,
605,0.0,0.0079048,0.0307279,0.0652765,0.0575776,0.0416056,0.0137025,0.0992944,0.1570171,0.1176269,0.1118221,0.0873326,
606,0.0,0.0092527,0.0362986,0.0610825,0.0437755,0.0750628,0.0190499,0.1660314,0.1663385,0.1098785,0.0828108,0.1352484,
607,0.0,0.0060456,0.0303206,0.0417573,0.0769625,0.0991427,0.055263,0.1581779,0.1510236,0.1861912,0.1384868,0.1408052,
608,0.0,0.0025739,0.0892438,0.0470848,0.05318,0.1187842,0.0574372,0.1757774,0.1574864,0.1661802,0.1082916,0.0467091,
609,0.0,0.0057301,0.0580456,0.0561325,0.0525656,0.1528423,0.0184716,0.1210024,0.0704419,0.0494187,0.1384203,0.0448438,
610,0.0,0.0081795,0.0292972,0.0516672,0.0373627,0.0678963,0.0276016,0.0905617,0.0877096,0.0557176,0.0472123,0.0362063,
611,0.0,0.0045368,0.0228909,0.0394783,0.0434996,0.0696429,0.0338079,0.0766778,0.055787,0.069468,0.0761183,0.1373151,
612,0.0,0.0050076,0.0413079,0.0462729,0.0588374,0.080334,0.0260939,0.1275512,0.1014907,0.0798442,0.1296095,0.1315355,
