#Time_ps,0,0.5,1,2,3,5,10,20,30,50,100,200,
1,2e-07,0.0041388,0.0355421,0.0542158,0.0338259,0.0397728,0.0622432,0.0674048,0.0748394,0.0645047,0.0294953,0.0602763,
2,1e-07,0.0017884,0.0434068,0.0588253,0.0531738,0.063516,0.0494972,0.0288166,0.0633293,0.0631575,0.0299451,0.0514475,
3,1e-07,0.0018625,0.0228703,0.0429934,0.0234878,0.0743025,0.0469017,0.0335651,0.0636688,0.096713,0.0364327,0.0493752,
4,1e-07,0.0026342,0.0176845,0.0323873,0.0330764,0.0465372,0.043471,0.060958,0.0425586,0.1118139,0.0308178,0.1168285,
5,0.0,0.0024753,0.0124569,0.0219735,0.0074447,0.0405479,0.0517078,0.011572,0.0297028,0.0672094,0.0541595,0.1065275,
6,1e-07,0.0027696,0.0115833,0.0130727,0.0130498,0.0476111,0.040931,0.0333047,0.0304636,0.0760604,0.0792014,0.1624166,
7,1e-07,0.001392,0.008064,0.0341159,0.0559333,0.0405176,0.0683838,0.0835605,0.0318264,0.075697,0.0221501,0.1203236,
8,1e-07,0.0028775,0.0147002,0.020935,0.0440196,0.0383366,0.0587555,0.0881587,0.0379713,0.0655448,0.0760906,0.1314288,
9,1e-07,0.0062802,0.0146509,0.0317336,0.032039,0.0256165,0.0501302,0.0586401,0.0450961,0.0820426,0.0931363,0.1632739,
10,1e-07,0.0041315,0.0082648,0.0420725,0.0624114,0.0521076,0.0601061,0.0471913,0.034034,0.1364684,0.135846,0.1507715,
11,1e-07,0.0037269,0.0094076,0.033237,0.0709026,0.0538571,0.0280957,0.044678,0.0277048,0.0850774,0.1283793,0.113565,
12,1e-07,0.0041776,0.0140643,0.0193081,0.0354553,0.0518178,0.0783755,0.0691192,0.0166985,0.0811436,0.1064046,0.1359571,
13,1e-07,0.0025931,0.0189987,0.0274737,0.0399296,0.0618127,0.0689502,0.0664437,0.0480794,0.0739128,0.0906914,0.1175727,
14,1e-07,0.0039234,0.0090059,0.0433585,0.0416898,0.0378343,0.0363701,0.060819,0.0580014,0.0277354,0.1357349,0.119324,
15,1e-07,0.0038466,0.0388975,0.1008198,0.0210988,0.0296283,0.121329,0.0629784,0.0629493,0.0475933,0.1382805,0.1118818,
16,2e-07,0.005352,0.0116896,0.046466,0.0430736,0.0451665,0.0906247,0.0606764,0.0495052,0.0772659,0.1555346,0.1124139,
17,2e-07,0.0078051,0.0140323,0.035687,0.0404125,0.0334244,0.1183935,0.0644726,0.0568394,0.0404588,0.1543963,0.0974984,
18,2e-07,0.0067173,0.0151973,0.051061,0.0486041,0.0223259,0.10561,0.0392527,0.0794018,0.0504969,0.1134272,0.0682894,
19,3e-07,0.0153643,0.0371499,0.0486102,0.045741,0.045196,0.1032936,0.0631748,0.0646473,0.0693543,0.1278576,0.1070061,
20,3e-07,0.0135374,0.0597215,0.0543915,0.0422825,0.0675608,0.0450077,0.0686001,0.0434248,0.0836081,0.1084402,0.0731861,
21,3e-07,0.0179332,0.0564723,0.1066898,0.0899052,0.078194,0.0999418,0.1264869,0.0439807,0.0726413,0.140366,0.0595777,
22,3e-07,0.016692,0.0632421,0.120704,0.1083574,0.0763236,0.0972584,0.166323,0.0585837,0.0672268,0.1739353,0.0639181,
23,4e-07,0.0435376,0.0704806,0.1006231,0.0975194,0.1171422,0.0863956,0.2146433,0.0908682,0.0781339,0.2744519,0.0825976,
24,4e-07,0.0458317,0.0456542,0.087146,0.1272944,0.1695537,0.1382097,0.2793651,0.0804176,0.0630334,0.3205713,0.0763516,
25,3e-07,0.0236293,0.0683081,0.0655502,0.104859,0.0776518,0.081281,0.1435711,0.0436977,0.0297136,0.2141523,0.0783812,
26,3e-07,0.0169773,0.0311415,0.0504442,0.0590866,0.0667107,0.0831596,0.1350881,0.0608251,0.0179861,0.1734259,0.0925292,
27,3e-07,0.0321943,0.0418076,0.0386227,0.0626586,0.0371695,0.0691379,0.0853093,0.0291251,0.0262076,0.1123218,0.0932694,
28,3e-07,0.0207479,0.0314007,0.0252275,0.0634116,0.0271872,0.0520661,0.0319064,0.0299338,0.0225806,0.0996835,0.0848268,
29,3e-07,0.0094352,0.0549054,0.0339792,0.0397782,0.0231002,0.0634195,0.0242537,0.0383172,0.0145012,0.08897,0.1041644,
30,3e-07,0.0061253,0.0065622,0.0400544,0.0503607,0.0686017,0.0443829,0.0475084,0.0441301,0.0674502,0.0509371,0.1004745,
31,2e-07,0.0025875,0.0159329,0.0710457,0.06454,0.0640519,0.0510501,0.0309165,0.042068,0.0830749,0.107592,0.0841114,
32,3e-07,0.000853,0.0150472,0.0393366,0.0699423,0.0568273,0.0807756,0.0144346,0.0503014,0.0850194,0.13749,0.0686063,
33,3e-07,0.0018833,0.0078247,0.039551,0.0395171,0.0357095,0.1140686,0.077362,0.0676085,0.0791629,0.1659646,0.0879735,
34,3e-07,0.0012376,0.0103481,0.0638037,0.0201358,0.0932595,0.1068445,0.0605832,0.07757,0.0695423,0.1860926,0.0924192,
35,3e-07,0.00273,0.0240631,0.0438422,0.047344,0.0760688,0.0968653,0.0511388,0.0629288,0.0952495,0.1242496,0.0708505,
36,3e-07,0.0085818,0.0163716,0.0259578,0.0360899,0.0729167,0.0727921,0.0565936,0.0310836,0.0758009,0.0888613,0.0497703,
37,3e-07,0.0062394,0.0255644,0.0263277,0.0111023,0.0648374,0.0664426,0.061249,0.0666673,0.0720151,0.0662357,0.1028811,
38,3e-07,0.0087397,0.0194736,0.0400707,0.0279253,0.0474886,0.0366649,0.0374904,0.0551395,0.0969406,0.079179,0.1143928,
39,3e-07,0.0137605,0.0312692,0.0665635,0.0062071,0.0814336,0.08739,0.0408883,0.0361811,0.0733683,0.0882929,0.1386495,
40,3e-07,0.0214335,0.0282134,0.0586149,0.0131922,0.1116415,0.064905,0.0617457,0.0333028,0.0577755,0.1614251,0.1380808,
41,3e-07,0.0171649,0.0334001,0.0272842,0.057019,0.0831135,0.1044315,0.0621518,0.0564975,0.0466991,0.2045544,0.1288287,
42,3e-07,0.0142781,0.0183545,0.0474247,0.0503706,0.0826086,0.1142178,0.0633952,0.0482457,0.0546998,0.1731182,0.138937,
43,3e-07,0.0125883,0.0299455,0.0796424,0.0682254,0.085794,0.1112839,0.1016244,0.0666252,0.0920321,0.1337777,0.1010436,
44,5e-07,0.0215716,0.0309018,0.0831309,0.0889477,0.1260789,0.0992425,0.1282925,0.0534177,0.0436047,0.1742934,0.1216563,
45,5e-07,0.0371859,0.0265564,0.0863303,0.1284628,0.2034269,0.1171343,0.2030766,0.0489484,0.1026142,0.2394583,0.1852196,
46,5e-07,0.0510751,0.025827,0.1005481,0.11096,0.1497268,0.1086052,0.299622,0.1798853,0.1834976,0.4305204,0.20967,
47,5e-07,0.0233657,0.0081214,0.1283909,0.0818718,0.1162033,0.0800984,0.348706,0.227994,0.201208,0.4863104,0.1346781,
48,5e-07,0.0077489,0.0130804,0.0919829,0.0790308,0.1304052,0.1263106,0.2904574,0.1693511,0.1104826,0.3144877,0.0519932,
49,5e-07,0.0139293,0.0210527,0.1022644,0.1033024,0.0928316,0.1234121,0.2811858,0.1376774,0.1281239,0.2294034,0.1438155,
50,5e-07,0.0147865,0.0274473,0.1249764,0.105324,0.1134139,0.1403109,0.3578137,0.1984055,0.15301,0.3777343,0.1024325,
51,5e-07,0.012994,0.0155048,0.080674,0.0952272,0.1375356,0.1346412,0.3871416,0.2009191,0.188445,0.385368,0.102779,
52,5e-07,0.0124976,0.0275687,0.0632246,0.088296,0.1700871,0.126266,0.3907065,0.176975,0.1987257,0.3253227,0.1653175,
53,5e-07,0.0118773,0.0112093,0.0339657,0.0722863,0.1066978,0.1174377,0.3406785,0.1841326,0.2072943,0.322049,0.1342234,
54,5e-07,0.0040591,0.0147658,0.0318142,0.0894169,0.1538012,0.096086,0.297478,0.1602592,0.1106431,0.2152595,0.1237054,
55,5e-07,0.010429,0.0378763,0.0379337,0.0592491,0.158523,0.0831034,0.3209445,0.2099646,0.1393138,0.2904577,0.154292,
56,5e-07,0.0121592,0.0132945,0.0286182,0.0573637,0.1574263,0.0979849,0.3680915,0.201646,0.1444081,0.4331079,0.1777483,
57,5e-07,0.0125761,0.0321823,0.0650128,0.0879053,0.1449521,0.1002963,0.2785267,0.1396581,0.1181019,0.3531923,0.1634412,
58,5e-07,0.0067892,0.0431097,0.0576098,0.0580005,0.1170255,0.0637216,0.2102008,0.1618799,0.1162627,0.2238239,0.1529942,
59,5e-07,0.0073865,0.0382113,0.0580626,0.0607392,0.1128068,0.0869043,0.2769181,0.1780986,0.119531,0.2792143,0.1726372,
60,5e-07,0.0096752,0.027447,0.0428886,0.0849434,0.1078886,0.1022354,0.2687823,0.2075806,0.0887701,0.3499862,0.1698533,
61,5e-07,0.0134404,0.0450525,0.0521972,0.0699448,0.0965737,0.0520126,0.2913337,0.1825468,0.1102096,0.2721449,0.1532843,
62,5e-07,0.0107648,0.0512278,0.0555363,0.0773883,0.0809072,0.0340857,0.2151494,0.1894294,0.0914616,0.2248774,0.1598125,
63,3e-07,0.0109817,0.0354942,0.0601653,0.0679395,0.0835565,0.0618484,0.1721788,0.0785807,0.0853401,0.2465265,0.1339839,
64,4e-07,0.0117046,0.0273204,0.0821541,0.0935153,0.0745557,0.0969328,0.143939,0.1074776,0.0816205,0.3874525,0.2186265,
65,4e-07,0.010027,0.0197333,0.0693658,0.0523251,0.0977378,0.0950399,0.1628634,0.0886217,0.0688014,0.2828317,0.1509607,
66,4e-07,0.0055044,0.0516188,0.08265,0.0832599,0.0682773,0.0779588,0.0718396,0.0629078,0.0628718,0.2102824,0.0870706,
67,4e-07,0.0096074,0.0596602,0.0604993,0.0589954,0.0584938,0.0827171,0.0754248,0.1172394,0.0785547,0.1972404,0.0506745,
68,4e-07,0.0166298,0.0454379,0.0118108,0.0084834,0.0491214,0.084107,0.0635587,0.0927966,0.1080331,0.1743418,0.0243498,
69,4e-07,0.0100858,0.0477269,0.0304059,0.0641347,0.0436326,0.0448553,0.054726,0.0978492,0.0862331,0.2352546,0.0524246,
70,3e-07,0.0112578,0.0426196,0.0294041,0.0676025,0.0870448,0.0634062,0.0571618,0.0920444,0.0782718,0.2417923,0.0979382,
71,2e-07,0.0432313,0.0802779,0.0528712,0.0526786,0.0972383,0.0912127,0.1335583,0.1816525,0.0723748,0.2251807,0.1482163,
72,3e-07,0.0195849,0.0378435,0.073151,0.0288754,0.0548558,0.1240214,0.0352439,0.1703846,0.1685975,0.2808041,0.1264781,
73,3e-07,0.0110203,0.0430909,0.0710795,0.0631037,0.029988,0.1059032,0.0359736,0.1637961,0.0722656,0.3227877,0.0769338,
74,4e-07,0.0079264,0.0567271,0.042909,0.0787037,0.020681,0.0809462,0.0641966,0.1265539,0.0945307,0.2646259,0.0330127,
75,4e-07,0.0085189,0.0385789,0.0581316,0.0626183,0.0351955,0.1084798,0.0925329,0.1036071,0.1152263,0.1720949,0.0534123,
76,3e-07,0.0075202,0.0441141,0.0343344,0.0481985,0.0379956,0.1044283,0.0500953,0.0966924,0.07925,0.2128016,0.0754195,
77,3e-07,0.0087224,0.0605513,0.021843,0.0482539,0.0338951,0.1183871,0.0804626,0.0578622,0.0796497,0.1751113,0.0868181,
78,3e-07,0.0084996,0.0451934,0.0349363,0.0566788,0.0417217,0.0815731,0.1071136,0.0930884,0.0909348,0.1206885,0.0724335,
79,3e-07,0.0035081,0.0151853,0.0401634,0.0375987,0.0384571,0.0574967,0.0908535,0.0675291,0.1007638,0.0780502,0.1023714,
80,3e-07,0.0042644,0.0337132,0.1314285,0.0462126,0.0477447,0.1168334,0.0903002,0.0635266,0.0961721,0.0489226,0.0849721,
81,3e-07,0.0049854,0.0644443,0.126873,0.0549085,0.0379995,0.0740376,0.0595836,0.0689098,0.128676,0.0953827,0.0725857,
82,5e-07,0.0119844,0.0399275,0.0347108,0.0404524,0.0828634,0.0537086,0.119275,0.0826773,0.1414018,0.1454576,0.0807229,
83,3e-07,0.0086548,0.0280006,0.0622862,0.036228,0.0607384,0.0397236,0.1299864,0.0186821,0.1120362,0.1581905,0.103158,
84,3e-07,0.0056536,0.041156,0.0505187,0.0685165,0.0631523,0.0565699,0.1516854,0.0406912,0.1046193,0.198217,0.129719,
85,2e-07,0.0097291,0.0135352,0.0561495,0.0979462,0.0665245,0.0426115,0.1077479,0.0525714,0.0703705,0.1751909,0.1356319,
86,3e-07,0.0122189,0.0121822,0.0465284,0.0542747,0.0570565,0.0563605,0.0911552,0.0399363,0.0505921,0.1619817,0.0907032,
87,3e-07,0.0064906,0.0191671,0.0385267,0.0441349,0.0757107,0.0697571,0.0477731,0.0183926,0.0696988,0.1872121,0.0456965,
88,3e-07,0.0052082,0.0333,0.0600734,0.0409128,0.0620732,0.0884881,0.0498331,0.0480559,0.0948346,0.1221582,0.0536744,
89,3e-07,0.0035466,0.0144156,0.0497728,0.0344303,0.063675,0.0994465,0.0227383,0.0498098,0.0972702,0.0518817,0.1102377,
90,3e-07,0.0016573,0.0200469,0.0292729,0.0261193,0.074951,0.0748009,0.059186,0.044669,0.1006804,0.0876148,0.1131708,
91,3e-07,0.0035577,0.0396566,0.0367682,0.0290921,0.0603596,0.0735687,0.0262445,0.0533208,0.0555593,0.1147135,0.1195059,
92,3e-07,0.0008617,0.0459709,0.03399,0.0113889,0.0604013,0.0764488,0.0556546,0.1274861,0.0714455,0.2028142,0.1506888,
93,3e-07,0.0019717,0.0341701,0.0127864,0.0330602,0.0878851,0.0767986,0.0343341,0.0913474,0.0548531,0.225354,0.1194956,
94,3e-07,0.0008485,0.0229094,0.0037163,0.0188036,0.0674945,0.0939364,0.0481498,0.0854512,0.0543219,0.194395,0.1167493,
95,3e-07,0.0006068,0.0300998,0.0351905,0.0686335,0.0390288,0.0991971,0.0745388,0.0700786,0.0824759,0.2315771,0.0920798,
96,3e-07,0.0027955,0.0298949,0.0549057,0.0631525,0.0403143,0.2009309,0.1151677,0.0486189,0.080385,0.2459077,0.1202394,
97,2e-07,0.0008784,0.0408801,0.0290171,0.0494297,0.0393614,0.1273213,0.0689791,0.0377322,0.0619131,0.2335517,0.10723,
98,3e-07,0.0018687,0.0456488,0.0176572,0.0838025,0.0299862,0.0966582,0.0598322,0.0405637,0.0837425,0.1630368,0.0933096,
99,1e-07,0.002179,0.0258968,0.0159409,0.0745777,0.0397323,0.0828488,0.0478464,0.0698334,0.0810115,0.1538216,0.0976471,
100,2e-07,0.000592,0.0297043,0.0172621,0.0885027,0.0394429,0.1031751,0.0587055,0.0444338,0.0779003,0.1847608,0.0650216,
101,2e-07,0.0019872,0.0565311,0.0395105,0.0588545,0.0298608,0.0845422,0.063744,0.0412403,0.0745114,0.158481,0.0741506,
102,2e-07,0.0017713,0.0427007,0.0365501,0.064478,0.0464749,0.0968966,0.05692,0.0385696,0.1137558,0.16362,0.0888455,
103,3e-07,0.001688,0.0411263,0.0249548,0.0713964,0.058947,0.0648584,0.0478804,0.0797649,0.1338734,0.1241378,0.070933,
104,3e-07,0.0027878,0.025132,0.0077278,0.0691343,0.0613123,0.072109,0.0971108,0.0861871,0.1071463,0.1448949,0.0814874,
105,3e-07,0.0051665,0.0098066,0.0429687,0.0731237,0.0534483,0.0836259,0.1406586,0.0598764,0.0782844,0.1279676,0.0739291,
106,3e-07,0.0064233,0.0080323,0.0483982,0.0727286,0.0559636,0.088329,0.1300863,0.0645601,0.1369721,0.1596543,0.0485015,
107,3e-07,0.0095626,0.0100437,0.064712,0.0621048,0.0490937,0.0869342,0.0718634,0.0496792,0.1237415,0.1275392,0.0881557,
108,3e-07,0.0083247,0.015784,0.0298965,0.0670521,0.0806707,0.0938222,0.0819954,0.0712453,0.0975817,0.12065,0.1188738,
109,2e-07,0.0183035,0.0256459,0.0553413,0.0231779,0.0221133,0.1462966,0.0547586,0.1046624,0.1191114,0.1066744,0.1350766,
110,2e-07,0.0069707,0.0077305,0.0571458,0.0245976,0.0385415,0.0770745,0.0617746,0.0600406,0.0965229,0.0825144,0.0600612,
111,2e-07,0.0053021,0.0241623,0.0296454,0.0192804,0.0392363,0.0561241,0.0801097,0.0328142,0.0872626,0.076703,0.0490885,
112,1e-07,0.0036145,0.0159922,0.032643,0.0048057,0.021148,0.0460308,0.062967,0.0430591,0.0866059,0.0750916,0.0367486,
113,1e-07,0.0030074,0.0209554,0.0412265,0.0212709,0.0362201,0.0767055,0.0687049,0.0434113,0.1031042,0.0577693,0.0718629,
114,1e-07,0.0049484,0.0153662,0.0273068,0.0363705,0.0351137,0.0474373,0.0994337,0.0394987,0.1083793,0.0347672,0.0350973,
115,1e-07,0.0055006,0.0115136,0.0215002,0.0392411,0.0602123,0.0631553,0.1021144,0.0506939,0.0941225,0.0284266,0.0677629,
116,1e-07,0.0053221,0.0080138,0.0187854,0.0527418,0.0536679,0.0429967,0.0933639,0.0607459,0.0754161,0.0373952,0.0765167,
117,2e-07,0.0187746,0.0208431,0.0392035,0.0614998,0.065019,0.0666694,0.0801454,0.0574929,0.0609128,0.0658152,0.0616607,
118,2e-07,0.0095602,0.0295308,0.0410034,0.0677791,0.0281608,0.0332207,0.0853156,0.085845,0.0613755,0.1027509,0.0594377,
119,2e-07,0.0107721,0.035049,0.0617901,0.0969025,0.0707798,0.0486997,0.0997287,0.1165942,0.1045947,0.1702684,0.0607368,
120,2e-07,0.0163995,0.0233228,0.0305459,0.1130668,0.0327437,0.0613145,0.0282864,0.0791601,0.0520626,0.0937385,0.0395811,
121,2e-07,0.014913,0.029375,0.0461551,0.080987,0.0385853,0.0264587,0.106342,0.0461033,0.0535354,0.1438246,0.0742292,
122,1e-07,0.0127457,0.0533879,0.020122,0.0551897,0.0475873,0.0409867,0.0807091,0.0426415,0.0537726,0.1108122,0.0576053,
123,1e-07,0.0086248,0.0368718,0.0206748,0.0533526,0.054809,0.0541828,0.0838752,0.0474254,0.08139,0.0940332,0.0458481,
124,1e-07,0.0034834,0.0486672,0.027049,0.0369753,0.0208049,0.0593288,0.0820897,0.0335366,0.1011893,0.0454656,0.0465093,
125,1e-07,0.0030332,0.0033973,0.039481,0.0143975,0.0317264,0.0452537,0.0829282,0.030292,0.0848261,0.0520304,0.0196464,
126,1e-07,0.0008732,0.0117625,0.0234046,0.0406626,0.031091,0.04845,0.0680724,0.0205973,0.0991926,0.0404817,0.0474871,
127,1e-07,0.0022061,0.0154907,0.0230776,0.0569397,0.0166925,0.0613141,0.0779819,0.0367922,0.11116,0.0641053,0.0556126,
128,1e-07,0.0043959,0.0139967,0.0468806,0.0667192,0.0502689,0.0707453,0.0615687,0.0363613,0.0842602,0.0926279,0.1052407,
129,1e-07,0.0024871,0.0241352,0.0440097,0.0802029,0.0496631,0.0802633,0.0687766,0.0568289,0.0947334,0.0855325,0.1033821,
130,1e-07,0.0053843,0.0192595,0.0535512,0.0372167,0.0554489,0.0974777,0.0820101,0.0680213,0.0781154,0.1334431,0.0777752,
131,3e-07,0.0014837,0.0280281,0.0460559,0.0355987,0.0714932,0.0797708,0.0647765,0.0567404,0.0726499,0.1135699,0.1185246,
132,3e-07,0.0026216,0.0233418,0.0492033,0.0513691,0.082562,0.0737652,0.0670716,0.0364293,0.0642361,0.150091,0.1296651,
133,3e-07,0.0082919,0.0466052,0.0553105,0.0496769,0.0965814,0.0970312,0.0486357,0.039012,0.0810168,0.1550585,0.1047035,
134,3e-07,0.0072525,0.022487,0.0619541,0.0311163,0.0795995,0.0902064,0.089171,0.0520389,0.1008007,0.116721,0.0797637,
135,2e-07,0.0069326,0.0324964,0.0439277,0.0456849,0.0781405,0.0826441,0.0631738,0.0341441,0.0706596,0.079595,0.078774,
136,1e-07,0.0101915,0.038828,0.0616452,0.0361027,0.0647899,0.0923668,0.0892986,0.0196865,0.0402907,0.0605477,0.0561868,
137,1e-07,0.017743,0.0392134,0.0351396,0.0560773,0.05963,0.086473,0.1033082,0.0306194,0.0895161,0.0385512,0.0589344,
138,1e-07,0.0168215,0.026293,0.0449738,0.0512395,0.0260675,0.0272664,0.0918809,0.0231521,0.1139406,0.0543983,0.0677399,
139,1e-07,0.0205051,0.0067767,0.0307527,0.0402832,0.0255332,0.0541137,0.0832157,0.0640839,0.0969047,0.0881973,0.0838684,
140,2e-07,0.0073313,0.0269837,0.0452534,0.0674764,0.0522401,0.0609495,0.0619594,0.072313,0.083025,0.0731984,0.0673305,
141,2e-07,0.0057369,0.0804006,0.0764551,0.0535901,0.1115979,0.0652622,0.0499453,0.099973,0.0287592,0.0701671,0.0889319,
142,3e-07,0.021482,0.0727708,0.0898933,0.0569906,0.1441933,0.0617816,0.0543172,0.0655962,0.0351364,0.0789285,0.1044058,
143,3e-07,0.0279959,0.0781969,0.0833638,0.0740693,0.0741364,0.0695917,0.0608263,0.0924482,0.0715936,0.063501,0.1195256,
144,3e-07,0.0332582,0.0418843,0.0676219,0.0804542,0.0470652,0.0395377,0.0616232,0.0581881,0.0889751,0.1120293,0.0993683,
145,3e-07,0.0788179,0.049987,0.0548849,0.0554923,0.0364733,0.046236,0.0609985,0.0331788,0.0554344,0.1023301,0.0871595,
146,3e-07,0.044879,0.0521182,0.0356039,0.0255567,0.0117503,0.0520406,0.0577515,0.0348095,0.0385297,0.0687028,0.0735791,
147,1e-07,0.0227687,0.0322628,0.0140451,0.0306683,0.0233888,0.0454679,0.0538165,0.0565588,0.03161,0.0574277,0.0498541,
148,1e-07,0.0159888,0.0219405,0.011314,0.012756,0.0371923,0.0312075,0.0705598,0.0378096,0.0196533,0.0314122,0.0643168,
149,1e-07,0.0168292,0.0208107,0.0563134,0.0439916,0.0494261,0.0570217,0.0771705,0.0253599,0.0625233,0.0643532,0.0534316,
150,1e-07,0.0017763,0.0234411,0.0280229,0.0435031,0.0454651,0.0788131,0.1129731,0.0381458,0.0923472,0.0467227,0.054581,
151,1e-07,0.0024299,0.0205399,0.0253801,0.0398255,0.0254298,0.0549549,0.1283084,0.0256915,0.0560546,0.0611414,0.0705299,
152,1e-07,0.0012416,0.0191551,0.0429464,0.0566515,0.0231564,0.078404,0.1318236,0.0503622,0.0534373,0.0906811,0.118608,
153,1e-07,0.0012301,0.0149601,0.0332885,0.0916371,0.0640232,0.1184378,0.149476,0.0296644,0.1248109,0.1274031,0.1324576,
154,3e-07,0.0024289,0.0140237,0.0481352,0.0683962,0.0830304,0.0991823,0.130944,0.0436096,0.1680047,0.1045994,0.1127844,
155,2e-07,0.0028944,0.021642,0.0481048,0.0967871,0.1166047,0.1199829,0.1227471,0.0697584,0.1462653,0.1005914,0.1400286,
156,2e-07,0.0055576,0.036305,0.0448271,0.0555341,0.0587048,0.1249949,0.1722845,0.0605368,0.1187958,0.1467198,0.1223974,
157,2e-07,0.0013863,0.0287377,0.015329,0.0414048,0.0278575,0.0541199,0.1140497,0.0624585,0.0549647,0.131702,0.0728652,
158,2e-07,0.0022466,0.0158109,0.0177026,0.0599542,0.0385132,0.0496023,0.0838444,0.0710293,0.0813838,0.123594,0.0892208,
159,1e-07,0.0006121,0.0303445,0.0202971,0.0568592,0.047389,0.0818345,0.0785774,0.0787799,0.1086752,0.0986737,0.0697972,
160,1e-07,0.0064097,0.0253962,0.0261386,0.0542031,0.0431918,0.0395901,0.0810808,0.0744196,0.0868087,0.1119094,0.0372811,
161,2e-07,0.0080756,0.0270731,0.0267829,0.0287975,0.0339809,0.0572516,0.0538101,0.0292894,0.0783946,0.0925972,0.0289479,
162,2e-07,0.0137143,0.0283211,0.0280873,0.0379115,0.0536885,0.0447947,0.0519618,0.0256225,0.0872788,0.0995641,0.049496,
163,2e-07,0.0169114,0.0402489,0.0437995,0.0539068,0.0467539,0.0203392,0.0426441,0.0417701,0.0753401,0.0811818,0.0666063,
164,3e-07,0.0449978,0.0423796,0.0392467,0.0641805,0.064157,0.0492266,0.0679459,0.0750524,0.0414106,0.0385913,0.1227468,
165,2e-07,0.0395733,0.0396217,0.0624101,0.0347479,0.1138312,0.0254394,0.039543,0.0661376,0.0533815,0.0686872,0.1324991,
166,2e-07,0.0446546,0.0443269,0.0523372,0.0763557,0.0470898,0.0484764,0.0668903,0.0530133,0.0362195,0.0440108,0.1231055,
167,3e-07,0.0355751,0.0645343,0.0596563,0.0564934,0.0299007,0.0579975,0.0999166,0.0211578,0.0573859,0.0466916,0.117809,
168,3e-07,0.051791,0.0835263,0.054389,0.0226835,0.0544238,0.0613607,0.1741513,0.0733342,0.0763776,0.0794617,0.1334929,
169,3e-07,0.0335459,0.0641179,0.0435242,0.018608,0.0310414,0.099617,0.1132382,0.093443,0.1473811,0.0756511,0.0640825,
170,3e-07,0.0358283,0.0442335,0.0610833,0.0837388,0.0533068,0.094784,0.0938797,0.0605717,0.1163897,0.0029746,0.0629357,
171,3e-07,0.0260767,0.0159181,0.038751,0.0585234,0.0779641,0.1161051,0.0738076,0.075308,0.0866571,0.0463561,0.0246982,
172,2e-07,0.0168624,0.0320339,0.0418137,0.0606124,0.0525272,0.0818405,0.0498533,0.0696556,0.0740273,0.0392441,0.0656237,
173,2e-07,0.0154207,0.0380426,0.0425945,0.0557448,0.0381558,0.0679718,0.0364844,0.052615,0.0582496,0.0649201,0.0872476,
174,2e-07,0.0194011,0.027094,0.0248441,0.0643317,0.0567742,0.0667217,0.0845232,0.0616196,0.0742885,0.0831541,0.0806675,
175,2e-07,0.015556,0.0247552,0.0216009,0.0484029,0.0508155,0.0478377,0.0425065,0.0602126,0.0297168,0.0744101,0.0807897,
176,3e-07,0.0109866,0.0220896,0.0584979,0.063285,0.0370283,0.0573592,0.0433413,0.0379806,0.0763062,0.1065256,0.0768312,
177,3e-07,0.0027821,0.0045205,0.0413077,0.0765002,0.0387872,0.0766521,0.0893731,0.020574,0.0613385,0.1223453,0.0750829,
178,3e-07,0.005445,0.0169633,0.0302,0.0622519,0.0544707,0.0808346,0.106141,0.0437778,0.1291666,0.1489918,0.1346072,
179,2e-07,0.0078658,0.0141632,0.0291797,0.0724217,0.0532685,0.0838787,0.0744188,0.0844191,0.0581566,0.1458649,0.1324912,
180,3e-07,0.0085633,0.0328506,0.0323084,0.0975306,0.0358878,0.0675659,0.0845552,0.050702,0.0451568,0.1856179,0.1356555,
181,2e-07,0.0102586,0.0483761,0.0465045,0.0827367,0.0411728,0.0379118,0.0741773,0.0235568,0.0388643,0.12851,0.1218168,
182,2e-07,0.0095572,0.018796,0.0418716,0.046072,0.0313369,0.0635093,0.0526675,0.0608012,0.07193,0.0871138,0.075324,
183,2e-07,0.0126605,0.0302313,0.0422162,0.0632001,0.0537668,0.070818,0.1616144,0.0602267,0.0676852,0.1382682,0.0463529,
184,2e-07,0.0225595,0.0145929,0.0100017,0.0464329,0.0479303,0.0759222,0.1440548,0.0486149,0.1033617,0.2121434,0.1162928,
185,2e-07,0.012357,0.0287944,0.0737157,0.0295026,0.0823184,0.0827028,0.1890513,0.0462806,0.0942517,0.1385082,0.0651229,
186,2e-07,0.0140866,0.0257816,0.0962723,0.0795803,0.1156994,0.1402519,0.2625281,0.0287437,0.0997777,0.1223157,0.0668706,
187,3e-07,0.0142896,0.0400531,0.0794475,0.0524839,0.1296668,0.1682536,0.1588196,0.0882673,0.1158019,0.1140716,0.0623366,
188,5e-07,0.0272666,0.0604151,0.1018061,0.1011049,0.1572318,0.2439622,0.2483058,0.1609218,0.1328467,0.1700163,0.0359969,
189,3e-07,0.0306315,0.0671375,0.1158453,0.0979504,0.1482598,0.241283,0.3143092,0.2426599,0.2131875,0.2572132,0.0725332,
190,5e-07,0.042652,0.0726789,0.1117427,0.0917006,0.1928582,0.2809232,0.3974557,0.2620656,0.311495,0.337775,0.1132094,
191,5e-07,0.0258982,0.0819186,0.0753562,0.0157881,0.2123596,0.368808,0.4466826,0.3100175,0.3837404,0.4173769,0.3005856,
192,3e-07,0.0295009,0.0937909,0.0619636,0.0543087,0.1453156,0.1815482,0.2679144,0.1356491,0.1974802,0.257091,0.1715547,
193,3e-07,0.0266621,0.0936299,0.0430208,0.0618852,0.0904231,0.1068948,0.208279,0.0467248,0.0490491,0.3064531,0.1326781,
194,2e-07,0.0230913,0.0798096,0.066567,0.0200951,0.058487,0.1062574,0.0288435,0.1157089,0.052443,0.1721266,0.0455813,
195,3e-07,0.0123356,0.0646359,0.0731522,0.0348563,0.0847629,0.1247423,0.0257048,0.0960172,0.0874098,0.2215433,0.0598625,
196,3e-07,0.027261,0.0231684,0.0602526,0.0374033,0.1609592,0.1222977,0.0532717,0.0839977,0.0348925,0.2087264,0.1327498,
197,3e-07,0.0123545,0.0322852,0.0554459,0.0383885,0.1203305,0.1188428,0.0381274,0.0563155,0.03546,0.1698371,0.1444989,
198,2e-07,0.0057263,0.0405237,0.0332767,0.052807,0.0803942,0.041418,0.0409963,0.039007,0.0469973,0.166464,0.0981584,
199,2e-07,0.0075529,0.0353242,0.0257131,0.054118,0.0648729,0.0490724,0.0244974,0.0323745,0.0385646,0.1241889,0.0915286,
200,2e-07,0.0037177,0.0251565,0.0220698,0.0194481,0.0404199,0.070126,0.0328778,0.0288899,0.0438309,0.1165994,0.0917015,
201,2e-07,0.0048023,0.0333538,0.0300632,0.0224719,0.0496542,0.0807356,0.0498671,0.029744,0.0400557,0.1148732,0.0972891,
202,3e-07,0.0023915,0.0141479,0.0278556,0.0236881,0.0259301,0.0668892,0.0311367,0.0376014,0.0504372,0.108008,0.0992858,
203,1e-07,0.0024139,0.0331111,0.0482387,0.0410743,0.0293848,0.0466645,0.0457255,0.0565936,0.041501,0.091066,0.0950649,
204,2e-07,0.0019793,0.0262054,0.0733337,0.0606708,0.0261054,0.0338676,0.0528404,0.0518394,0.0174256,0.0895611,0.084317,
205,3e-07,0.0030399,0.0160794,0.0653707,0.0565511,0.0377746,0.0434295,0.0533119,0.0522085,0.0305284,0.04476,0.0905575,
206,2e-07,0.001262,0.0139414,0.0565299,0.0540147,0.0184701,0.0620899,0.0355903,0.0409236,0.0559538,0.0286444,0.0906468,
207,2e-07,0.0020132,0.0256494,0.060449,0.0527728,0.0321063,0.0512793,0.0400851,0.0182319,0.053086,0.0750209,0.0637617,
208,2e-07,0.0010904,0.0180432,0.0587614,0.0684104,0.0286381,0.0403462,0.0796524,0.0451672,0.0207211,0.0804295,0.0414098,
209,3e-07,0.001981,0.0174081,0.0317917,0.0669858,0.0256539,0.0521768,0.0610655,0.0634194,0.0569914,0.0536862,0.0679536,
210,1e-07,0.0012286,0.0228199,0.038948,0.0603109,0.0124247,0.0685497,0.1013138,0.061194,0.062961,0.0698381,0.1004085,
211,2e-07,0.0012619,0.0229106,0.0186092,0.0637089,0.0209906,0.0537827,0.1115823,0.0508097,0.066935,0.0768991,0.0489746,
212,3e-07,0.001091,0.0247928,0.0412067,0.0907776,0.015402,0.0617339,0.0760741,0.0590744,0.0404267,0.0818526,0.0455413,
213,3e-07,0.002684,0.031976,0.0370304,0.0761895,0.0456426,0.0791008,0.1073934,0.0540446,0.0382267,0.0831122,0.0567619,
214,2e-07,0.0025187,0.0274681,0.0411638,0.0500894,0.0929993,0.0728186,0.0607286,0.0176937,0.0428956,0.0774611,0.1101635,
215,2e-07,0.0018618,0.0214361,0.0427537,0.0765457,0.1043091,0.0328546,0.1175254,0.0412337,0.1602391,0.2563514,0.1313334,
216,2e-07,0.0017828,0.0158831,0.0372657,0.084568,0.0852637,0.0866517,0.1199481,0.0794332,0.0863271,0.1180058,0.090562,
217,3e-07,0.0018512,0.0254222,0.0467328,0.0801288,0.0626432,0.0764038,0.1134248,0.0981178,0.1009252,0.082742,0.1303346,
218,3e-07,0.001691,0.0371506,0.0549892,0.0766581,0.0371214,0.1336078,0.1004154,0.1021822,0.1448133,0.0800133,0.1206421,
219,3e-07,0.0022238,0.0219597,0.0580861,0.0614542,0.0504095,0.0642685,0.1252142,0.0988428,0.0603029,0.1061781,0.079101,
220,3e-07,0.0029866,0.0232703,0.0965058,0.0658737,0.0844063,0.0654701,0.1312017,0.0278545,0.0609102,0.1258706,0.0926578,
221,3e-07,0.0029849,0.0260243,0.0784322,0.0470225,0.0772093,0.0638125,0.1237034,0.0278683,0.0380533,0.1883299,0.1116398,
222,3e-07,0.0029932,0.0450848,0.0591291,0.0682316,0.0562938,0.1389313,0.1453228,0.0620628,0.0385871,0.3116105,0.1049049,
223,3e-07,0.0024324,0.0432195,0.0341427,0.0754742,0.0258403,0.1897596,0.1554953,0.0392109,0.0397073,0.2288767,0.1420002,
224,3e-07,0.0033695,0.019579,0.0440969,0.0628187,0.0542692,0.0971082,0.1105851,0.0429043,0.0426912,0.1440614,0.1112666,
225,3e-07,0.0041543,0.0220103,0.0610718,0.0735584,0.0480096,0.0565753,0.0890109,0.0224826,0.0656825,0.0678714,0.0740327,
226,3e-07,0.0035075,0.0134946,0.0662942,0.0763502,0.0984708,0.0796677,0.0887446,0.0463089,0.0683284,0.0974735,0.0754767,
227,3e-07,0.0020696,0.0195085,0.0828292,0.083967,0.0639477,0.0846358,0.0878664,0.0735913,0.0831898,0.0805307,0.0539582,
228,4e-07,0.004947,0.0163364,0.0526875,0.0890696,0.1081476,0.0796252,0.0739602,0.0805988,0.08482,0.0844247,0.0663456,
229,4e-07,0.0040206,0.0452986,0.0397218,0.0890057,0.0930545,0.0587924,0.0982645,0.0578342,0.0798882,0.0645638,0.0904383,
230,4e-07,0.0040253,0.0262361,0.0239067,0.0782597,0.0624747,0.0723053,0.1328643,0.0584942,0.0786749,0.0748613,0.0591957,
231,4e-07,0.0059477,0.0412883,0.0274798,0.1015444,0.1080828,0.056273,0.1394632,0.1210064,0.0891855,0.0251456,0.0898953,
232,4e-07,0.0091726,0.0394561,0.0600805,0.1085224,0.1407785,0.1152165,0.1951238,0.1038122,0.0922552,0.0308022,0.074702,
233,4e-07,0.0023953,0.0244853,0.0608759,0.1433343,0.1152746,0.1249083,0.1838403,0.1228978,0.1206064,0.0934713,0.0428986,
234,3e-07,0.0025529,0.0156897,0.0466666,0.1060909,0.0789008,0.0865308,0.0703259,0.1567868,0.1090136,0.0816348,0.0298069,
235,4e-07,0.0021661,0.0201238,0.0682778,0.0950607,0.0612446,0.0685827,0.1364768,0.1260982,0.071414,0.0682332,0.0612395,
236,3e-07,0.0028897,0.041659,0.0759705,0.0735383,0.089706,0.0882636,0.0537808,0.1153622,0.0738423,0.1441405,0.0725746,
237,3e-07,0.0021157,0.0332345,0.0625461,0.0808564,0.0523535,0.0613659,0.0615682,0.0823115,0.0484574,0.112931,0.1052733,
238,3e-07,0.0023967,0.0195827,0.0122711,0.0731632,0.0442022,0.1009917,0.0358345,0.0827798,0.0306692,0.1102773,0.1165794,
239,2e-07,0.0160845,0.0310515,0.0199543,0.0520807,0.0552059,0.0579959,0.062729,0.0454319,0.0568537,0.0988219,0.114732,
240,2e-07,0.0202936,0.027057,0.0470656,0.0483584,0.0396034,0.0320107,0.0625512,0.0582956,0.0536,0.1013039,0.1206345,
241,3e-07,0.010744,0.0122706,0.0314992,0.0471428,0.0573285,0.0285014,0.1341509,0.0554392,0.1699116,0.0567865,0.1127394,
242,3e-07,0.0135958,0.0187426,0.0285932,0.051196,0.0550602,0.0412809,0.1165686,0.0680134,0.166255,0.0451652,0.1005165,
243,3e-07,0.0145405,0.0163154,0.0396362,0.0525191,0.1051798,0.0821631,0.1345768,0.0541041,0.161606,0.0864333,0.1311512,
244,3e-07,0.0180215,0.0254587,0.0507365,0.0420434,0.1116605,0.102144,0.1126512,0.0281128,0.2099546,0.0945996,0.1214284,
245,3e-07,0.0017985,0.0140875,0.0547872,0.0650511,0.0231443,0.0915438,0.1370078,0.0311036,0.1836238,0.051811,0.1235671,
246,2e-07,0.0042411,0.0356051,0.0645512,0.0982632,0.0568474,0.093461,0.1091966,0.0566164,0.1074572,0.0444699,0.118066,
247,2e-07,0.0029431,0.0321997,0.0715004,0.0791329,0.0752765,0.1630357,0.1163968,0.0664051,0.1257054,0.0324195,0.1424138,
248,3e-07,0.0034931,0.0339694,0.0732144,0.0853325,0.0604433,0.1703125,0.0830954,0.0818293,0.1048852,0.0707558,0.1543276,
249,2e-07,0.0018089,0.0404014,0.0442168,0.0643717,0.0190224,0.1383089,0.1054712,0.0822535,0.109902,0.0562887,0.1697091,
250,2e-07,0.0026192,0.0181089,0.0458751,0.0835983,0.0316563,0.1290342,0.0845467,0.0683547,0.1684947,0.0608665,0.1830791,
251,2e-07,0.0022125,0.0212558,0.0936426,0.0691412,0.081218,0.151659,0.1371606,0.0690877,0.166161,0.1567176,0.2076976,
252,2e-07,0.0005994,0.0341693,0.0651823,0.0444065,0.0750756,0.17121,0.137074,0.066681,0.1663909,0.1148201,0.128564,
253,3e-07,0.0006125,0.0184143,0.0501687,0.0548378,0.0629281,0.1064667,0.1099727,0.0445439,0.1246679,0.0291415,0.0709849,
254,2e-07,0.001092,0.0251419,0.0684536,0.0458735,0.0805076,0.0983967,0.1218922,0.0804053,0.1353081,0.0985202,0.024124,
255,3e-07,0.0024454,0.0368996,0.057635,0.03164,0.0867423,0.086323,0.1271732,0.1054253,0.1568833,0.107858,0.0906323,
256,3e-07,0.0016742,0.0285634,0.0642467,0.06974,0.0662587,0.0727896,0.1303886,0.0858939,0.113205,0.1029655,0.1006128,
257,3e-07,0.0010884,0.0207314,0.0668359,0.034737,0.0488864,0.0776815,0.1174995,0.0914493,0.1120645,0.1004199,0.0555156,
258,3e-07,0.0008391,0.0229246,0.118963,0.0673946,0.0560585,0.1169087,0.1490029,0.1010133,0.1655237,0.1066375,0.0604573,
259,3e-07,0.0006209,0.0113069,0.0759622,0.0573931,0.0613693,0.1240325,0.1168362,0.0741243,0.1473775,0.0815707,0.0786068,
260,3e-07,0.0005848,0.0088547,0.0561526,0.0225646,0.0633078,0.1452394,0.0905124,0.0481022,0.1188933,0.0662548,0.0733971,
261,3e-07,0.0012473,0.0177945,0.0343311,0.0218842,0.0650033,0.0748466,0.1037422,0.0620513,0.1089282,0.0367281,0.0362967,
262,3e-07,0.001115,0.0262875,0.0551822,0.0521712,0.092155,0.0267718,0.0870414,0.0611274,0.0584385,0.0781018,0.033992,
263,3e-07,0.0011143,0.0137768,0.0428784,0.0657312,0.0754546,0.0556805,0.0933917,0.0667147,0.0447018,0.0762977,0.0248389,
264,3e-07,0.0005718,0.0190761,0.0442837,0.0618701,0.0796326,0.0233531,0.0557768,0.0602688,0.043887,0.0577174,0.0483927,
265,3e-07,0.0014407,0.0249834,0.0352202,0.0573298,0.0500664,0.006111,0.0637466,0.0210871,0.0191768,0.0451297,0.0427838,
266,3e-07,0.0010828,0.0140989,0.0230346,0.0643587,0.0554292,0.0353263,0.0779758,0.0267334,0.0192901,0.0620722,0.0449304,
267,3e-07,0.0006338,0.0108688,0.0470444,0.0423316,0.05114,0.0426412,0.0871509,0.0326784,0.0404927,0.1278307,0.0458097,
268,3e-07,0.0018366,0.0196604,0.0232909,0.0404023,0.032503,0.0906885,0.0874689,0.0491916,0.026783,0.1201356,0.0474431,
269,3e-07,0.0019387,0.017713,0.0491171,0.0612463,0.0533411,0.0852658,0.0741117,0.0599553,0.0445257,0.1080696,0.0439793,
270,3e-07,0.0021328,0.0359685,0.0458523,0.0529309,0.0400112,0.0815762,0.0732313,0.0904115,0.0332284,0.1285242,0.0388536,
271,3e-07,0.002413,0.0245317,0.0314163,0.0679359,0.0474222,0.0770335,0.0584421,0.0631057,0.0297394,0.1305917,0.047854,
272,3e-07,0.0042561,0.0197327,0.02582,0.0746751,0.0554251,0.0168999,0.0637807,0.0493445,0.0621547,0.1472259,0.069615,
273,3e-07,0.0046693,0.034863,0.0478902,0.0621283,0.054824,0.0600729,0.091665,0.1079605,0.0815889,0.2093537,0.0999273,
274,3e-07,0.0036607,0.0331501,0.0632331,0.0432558,0.0901254,0.1022532,0.0694268,0.1197495,0.0767698,0.2371692,0.1047052,
275,3e-07,0.0034481,0.0228255,0.0549486,0.0381182,0.0792876,0.087015,0.0432583,0.1364404,0.1161918,0.1948838,0.1266313,
276,3e-07,0.0042894,0.0307988,0.0557942,0.0515741,0.0458728,0.0704388,0.132211,0.13578,0.1286727,0.1572767,0.1996566,
277,3e-07,0.0042208,0.0294973,0.1038191,0.0608434,0.0700304,0.1223615,0.193335,0.1680162,0.2121341,0.194876,0.2142125,
278,3e-07,0.0019466,0.0200648,0.1272151,0.0287929,0.0255732,0.1229861,0.1802255,0.1827381,0.1065914,0.2115377,0.2568654,
279,3e-07,0.0028212,0.0212646,0.0646809,0.0360027,0.0384215,0.0791061,0.147198,0.0803988,0.10927,0.1888641,0.1415504,
280,3e-07,0.0029145,0.0248275,0.0527087,0.0089712,0.0865542,0.0765222,0.1454041,0.0783212,0.0682032,0.1307621,0.1280076,
281,1e-07,0.0015062,0.0296181,0.0357622,0.0305829,0.105797,0.0763942,0.1352848,0.0841345,0.0648856,0.1318553,0.0686253,
282,2e-07,0.0013808,0.0359551,0.0628844,0.0711639,0.1199374,0.0794952,0.1346845,0.0600785,0.0711154,0.0705495,0.1305781,
283,2e-07,0.0029342,0.0441708,0.049669,0.081529,0.1172672,0.0927201,0.1080839,0.1489699,0.0391118,0.086033,0.1390736,
284,1e-07,0.0027233,0.0331939,0.1153275,0.0864654,0.1058146,0.0597993,0.1332851,0.090691,0.0999287,0.112798,0.1254914,
285,2e-07,0.0006113,0.0294754,0.0152353,0.0810851,0.0910099,0.0296671,0.1179866,0.0440867,0.1053431,0.1492754,0.1474174,
286,1e-07,0.0055064,0.003918,0.0334586,0.0724387,0.0695673,0.0707634,0.0865436,0.0420714,0.050396,0.1571033,0.1214386,
287,1e-07,0.0089861,0.0444626,0.0587133,0.0088671,0.0487851,0.0421934,0.0943276,0.0267068,0.0422535,0.1261761,0.0868002,
288,1e-07,0.0072667,0.0399197,0.0536008,0.0244717,0.0257893,0.059938,0.1081741,0.0380609,0.0871132,0.1167696,0.0854153,
289,2e-07,0.0030385,0.0117101,0.0295791,0.0396237,0.0677587,0.0791488,0.0277083,0.0586336,0.0548272,0.1276676,0.1059726,
290,1e-07,0.0033563,0.027244,0.0287569,0.0291536,0.0694742,0.0861218,0.0487057,0.055308,0.0733315,0.1190321,0.1088892,
291,1e-07,0.0012139,0.023149,0.0503447,0.0340453,0.051728,0.0764275,0.0470373,0.0340754,0.1003254,0.0686837,0.1108897,
292,1e-07,0.001106,0.0174937,0.0482523,0.0371849,0.0611067,0.0900428,0.0473931,0.0492079,0.1022407,0.066226,0.0928416,
293,2e-07,0.0025722,0.0212944,0.0209073,0.0540153,0.0298675,0.0945346,0.0396512,0.0680483,0.0933707,0.0860994,0.0763989,
294,2e-07,0.0006117,0.0192801,0.0195619,0.0536069,0.0378636,0.0962452,0.0364416,0.0433836,0.119392,0.1065444,0.116367,
295,1e-07,0.0005872,0.0195055,0.0199437,0.0386589,0.0427437,0.039519,0.0291168,0.0596089,0.1183436,0.0896615,0.0893634,
296,1e-07,0.0016741,0.0160229,0.0134934,0.0148974,0.04395,0.0287618,0.0475974,0.040603,0.0864261,0.0722493,0.1112215,
297,2e-07,0.0016743,0.009856,0.0167011,0.0367859,0.0362708,0.0362967,0.0358797,0.0564544,0.0858297,0.0790787,0.1262993,
298,1e-07,0.0005885,0.0136691,0.0243284,0.0507032,0.0325344,0.0379177,0.0721582,0.0801497,0.1116436,0.0998999,0.1956567,
299,1e-07,0.0010866,0.0133382,0.0290793,0.0346776,0.0187742,0.0589843,0.0966289,0.066177,0.0865695,0.0945802,0.1561827,
300,2e-07,0.0024503,0.0069946,0.0534239,0.0700807,0.056594,0.0665753,0.0221546,0.0767697,0.1215535,0.090028,0.1558093,
301,3e-07,0.0005879,0.0083166,0.0947534,0.0151028,0.0905767,0.0841447,0.0344985,0.0478769,0.1271575,0.1124197,0.1524611,
302,3e-07,0.0033531,0.073173,0.0918076,0.0285293,0.1511337,0.0646567,0.0293902,0.0386675,0.082432,0.0564567,0.1302312,
303,2e-07,0.0014052,0.0237799,0.0449257,0.0314979,0.1181103,0.0521004,0.0376103,0.0461317,0.1117585,0.1227385,0.1447993,
304,3e-07,0.0023609,0.0221626,0.0564367,0.0354064,0.1358166,0.0347012,0.0491009,0.1467437,0.0886959,0.0990835,0.0896917,
305,3e-07,0.002533,0.0209259,0.0762188,0.0387033,0.1296935,0.0765954,0.0963808,0.0789461,0.0753235,0.0884492,0.0983149,
306,3e-07,0.0056351,0.0427947,0.0697556,0.053208,0.2026564,0.101953,0.1253896,0.0787541,0.0572322,0.0806655,0.1434096,
307,2e-07,0.0251562,0.0846524,0.0419418,0.1177606,0.0214521,0.1142251,0.0808003,0.0668684,0.0838411,0.016602,0.0502829,
308,1e-07,0.0457257,0.0666337,0.0549814,0.0741244,0.0228575,0.0718467,0.0468149,0.0469002,0.1012868,0.0149802,0.1175745,
309,1e-07,0.0205297,0.0443158,0.0162257,0.0714114,0.0538326,0.0894553,0.070125,0.0180085,0.0778775,0.0196013,0.1467464,
310,1e-07,0.0082747,0.033379,0.0311428,0.0493891,0.0516478,0.0571104,0.0608339,0.0382254,0.0670959,0.0105921,0.0930065,
311,1e-07,0.0040978,0.0286986,0.0363251,0.0740322,0.0708855,0.0873169,0.0665383,0.0276204,0.0690724,0.0320727,0.0592754,
312,1e-07,0.0028969,0.0355993,0.0358796,0.0382272,0.0307162,0.0976546,0.0535544,0.0256166,0.0134912,0.0847596,0.0308191,
313,1e-07,0.0033824,0.0091522,0.0213948,0.0289837,0.0392748,0.0565541,0.0683002,0.0395742,0.0110138,0.0195267,0.0398638,
314,1e-07,0.0029917,0.0084006,0.0246621,0.0370182,0.0501381,0.0646744,0.0561266,0.0353816,0.0587895,0.0381461,0.0714485,
315,1e-07,0.0035623,0.027269,0.0172471,0.0164158,0.0454187,0.0453711,0.0656125,0.031155,0.0899029,0.0443681,0.082933,
316,1e-07,0.002991,0.012839,0.0259828,0.0400667,0.0684784,0.0470088,0.0570517,0.0428418,0.0950135,0.0502453,0.1131501,
317,1e-07,0.0030294,0.0138201,0.0376309,0.0341201,0.0523611,0.0260852,0.0809215,0.0291526,0.038438,0.0621217,0.0971052,
318,1e-07,0.0038682,0.0226751,0.0266765,0.0441357,0.0634388,0.0532997,0.0687557,0.0262485,0.0458791,0.067455,0.0788683,
319,1e-07,0.0024841,0.0210009,0.0192314,0.0604255,0.0908978,0.0576683,0.0934495,0.0498678,0.0405905,0.0408855,0.0749396,
320,1e-07,0.0051186,0.0342093,0.0200257,0.0324121,0.061507,0.0605335,0.0714722,0.0385113,0.0388878,0.0204189,0.0901972,
321,1e-07,0.004869,0.0483403,0.0095409,0.0830258,0.0717126,0.055194,0.0532906,0.0539946,0.0816715,0.0717824,0.128938,
322,2e-07,0.0028448,0.0410016,0.0213326,0.0138317,0.0298978,0.0450905,0.0314224,0.0160656,0.087402,0.0521838,0.0820453,
323,2e-07,0.0031323,0.0225805,0.060741,0.0203011,0.0222093,0.0501457,0.0427307,0.0367887,0.0580409,0.0380933,0.0746077,
324,2e-07,0.0013846,0.0167593,0.0493696,0.015216,0.0573351,0.0565163,0.0482228,0.0506068,0.0577173,0.0561997,0.0505974,
325,2e-07,0.0008479,0.0102448,0.0273776,0.0336068,0.0706334,0.085261,0.0542577,0.0657243,0.0820481,0.0600681,0.0565285,
326,3e-07,0.0022433,0.02083,0.0153083,0.0191994,0.0417704,0.0602607,0.0357268,0.0566432,0.0646333,0.0690271,0.0653457,
327,3e-07,0.0026861,0.0301829,0.0219324,0.0126485,0.0392896,0.0618465,0.0759824,0.1154528,0.0387606,0.0688432,0.1153751,
328,3e-07,0.0036073,0.0180633,0.050909,0.0226517,0.0537166,0.0367542,0.0459866,0.0989958,0.0521534,0.0984932,0.1356952,
329,4e-07,0.0112504,0.0449076,0.0543993,0.0523373,0.0679741,0.056722,0.0495724,0.1062296,0.1195099,0.1242282,0.3280693,
330,4e-07,0.0030963,0.0496513,0.0909371,0.0900729,0.0574303,0.0643088,0.1246157,0.2119609,0.1233149,0.1166545,0.320894,
331,3e-07,0.0029096,0.0302827,0.0247212,0.0654617,0.0519513,0.0424084,0.0293905,0.064048,0.0637561,0.107209,0.2020847,
332,3e-07,0.0008462,0.0246315,0.0486061,0.0605297,0.064372,0.0251165,0.0136059,0.0476756,0.0456589,0.0823753,0.1099006,
333,3e-07,0.0017774,0.0217386,0.0384935,0.0646692,0.048595,0.0685896,0.0143409,0.0428103,0.0566277,0.0486183,0.0797824,
334,3e-07,0.0026275,0.0106153,0.0242693,0.0420635,0.0242103,0.0675765,0.0648152,0.0331186,0.0504849,0.0202018,0.0315861,
335,3e-07,0.0006247,0.0128037,0.0056153,0.0486293,0.0452901,0.1141443,0.0554876,0.0699616,0.0736801,0.0399254,0.029622,
336,2e-07,0.0006214,0.0216193,0.0416879,0.0501347,0.0141253,0.0547969,0.0243241,0.0567738,0.0825853,0.0413794,0.036285,
337,2e-07,0.0028733,0.0278305,0.0411415,0.0530741,0.0215417,0.0426247,0.0467465,0.0503938,0.0876973,0.0458186,0.0437478,
338,2e-07,0.0011092,0.0352931,0.0399878,0.0461933,0.0437627,0.0205793,0.0300821,0.0240603,0.0748796,0.0538584,0.0228049,
339,3e-07,0.007442,0.0380912,0.0333618,0.0256631,0.0282584,0.0707022,0.0406742,0.0171357,0.137082,0.0509998,0.0378712,
340,3e-07,0.0069094,0.0072875,0.0085463,0.0242666,0.0505601,0.057665,0.0631518,0.0404753,0.1092541,0.0463592,0.0509506,
341,3e-07,0.0025055,0.034439,0.0611825,0.0232518,0.03326,0.0408223,0.0694039,0.0497875,0.0784916,0.0334428,0.0412395,
342,3e-07,0.003443,0.0270659,0.0516639,0.0330016,0.0336623,0.0351981,0.0649089,0.0571526,0.1011961,0.0522427,0.0410801,
343,3e-07,0.0024514,0.0114046,0.0441507,0.0681733,0.0719748,0.0695864,0.0663658,0.0673335,0.1106275,0.0628354,0.022776,
344,3e-07,0.001944,0.0110741,0.0352991,0.0592478,0.0351842,0.0543867,0.0380356,0.0395506,0.0847983,0.0478852,0.0723538,
345,3e-07,0.0020917,0.015893,0.0133443,0.0597147,0.0278117,0.0247733,0.0412737,0.0570366,0.0363893,0.0455045,0.0931726,
346,3e-07,0.0016103,0.0251086,0.0291524,0.050418,0.0652878,0.0185552,0.0627928,0.0129209,0.0268792,0.0599813,0.1448227,
347,3e-07,0.0005154,0.0234093,0.0469724,0.0712863,0.0725327,0.0517766,0.0591908,0.0655304,0.0212395,0.0751889,0.0828874,
348,3e-07,0.0013847,0.0238246,0.0377216,0.0477661,0.0342915,0.0492336,0.0359709,0.0745849,0.0138436,0.1001401,0.1079472,
349,3e-07,0.002094,0.0252404,0.0217017,0.0661223,0.0461788,0.0415565,0.0447874,0.067173,0.0598041,0.1005638,0.1537235,
350,3e-07,0.0018206,0.0363063,0.0375116,0.0567688,0.0474745,0.0872313,0.0755198,0.0619328,0.0399001,0.1209238,0.177975,
351,3e-07,0.0023312,0.0367171,0.0631628,0.0277577,0.0593321,0.1442496,0.0394732,0.1155527,0.0997371,0.1024957,0.1907192,
352,3e-07,0.0018159,0.0203112,0.0780986,0.0687384,0.0415239,0.1830379,0.1382045,0.1466071,0.1062201,0.0497303,0.2039231,
353,5e-07,0.0016202,0.0184776,0.0621944,0.0740508,0.0605568,0.1624493,0.0834118,0.1409789,0.1019597,0.0965692,0.1478328,
354,5e-07,0.0066904,0.0391555,0.0305193,0.0398072,0.0629034,0.1386321,0.0840978,0.0627674,0.0612322,0.1479885,0.1422503,
355,5e-07,0.0012494,0.0429223,0.0499188,0.0377767,0.079568,0.1762074,0.1404548,0.1201475,0.0633531,0.1570276,0.196337,
356,5e-07,0.0028885,0.0214741,0.0479185,0.0739556,0.1070516,0.186737,0.0999278,0.0837389,0.068751,0.1374974,0.1989172,
357,5e-07,0.0067426,0.028319,0.0227359,0.0488935,0.048375,0.1301366,0.1110022,0.0539753,0.0474147,0.1519194,0.166508,
358,5e-07,0.0090679,0.0523386,0.0265828,0.0915959,0.1262175,0.1473872,0.1541023,0.0693436,0.1606329,0.1320626,0.1669635,
359,5e-07,0.0023604,0.0190062,0.0391595,0.0524505,0.1524326,0.1121562,0.1418247,0.0728283,0.1587881,0.1374697,0.1171197,
360,5e-07,0.0014412,0.0195261,0.028919,0.01914,0.0820741,0.1261267,0.0822192,0.0510375,0.0838679,0.1385163,0.1327195,
361,5e-07,0.004461,0.0189102,0.0615104,0.0392367,0.0772593,0.0889494,0.0774031,0.0917002,0.1262271,0.1404283,0.1453044,
362,5e-07,0.0068954,0.0135699,0.0490504,0.0759412,0.0612735,0.1095623,0.0793346,0.1261687,0.1537896,0.1778265,0.1248936,
363,5e-07,0.0056507,0.0283007,0.0673409,0.0761348,0.0498328,0.1063383,0.0549426,0.1306024,0.0942316,0.0915844,0.1186404,
364,5e-07,0.003814,0.0244633,0.0537029,0.0600548,0.0576528,0.0567889,0.090485,0.0598418,0.0751963,0.068735,0.1042717,
365,5e-07,0.0028512,0.035252,0.0552484,0.0901225,0.0900718,0.0817515,0.1147436,0.0862912,0.0676555,0.08369,0.1040508,
366,5e-07,0.0041177,0.012313,0.0381235,0.1007988,0.0829293,0.1179842,0.0764908,0.1271527,0.0856905,0.0951921,0.1463254,
367,5e-07,0.0032691,0.0309472,0.0433635,0.0940903,0.0570385,0.1036729,0.1298651,0.1004369,0.0727295,0.0746263,0.1342565,
368,5e-07,0.0041651,0.0281334,0.0550511,0.0548756,0.0406482,0.0732936,0.1635878,0.1119316,0.0981502,0.0749809,0.1041329,
369,4e-07,0.0009566,0.0128868,0.0497073,0.0570264,0.0566256,0.0744808,0.1147477,0.1138049,0.0929679,0.0493998,0.0717056,
370,4e-07,0.0033649,0.0121014,0.0862437,0.0473356,0.0533126,0.0673333,0.1373936,0.1236107,0.088174,0.0802567,0.0831467,
371,4e-07,0.0076286,0.026607,0.037664,0.0601981,0.0180846,0.0512519,0.0955202,0.0935057,0.0792992,0.120686,0.1017479,
372,4e-07,0.0046128,0.0367621,0.0517721,0.0461235,0.0505268,0.0859646,0.0317091,0.1124367,0.0713912,0.1124267,0.0562244,
373,4e-07,0.0028915,0.0551708,0.0224555,0.0300497,0.0428608,0.1417909,0.0435951,0.1176513,0.0540802,0.0991297,0.0773341,
374,4e-07,0.0012796,0.0147902,0.0316377,0.021683,0.0347155,0.065936,0.0689664,0.0848652,0.0816347,0.0834555,0.0699174,
375,3e-07,0.0012204,0.0133163,0.0271892,0.0149196,0.0451083,0.1326081,0.0630758,0.0941508,0.0808769,0.0782378,0.0646357,
376,3e-07,0.0048296,0.0196625,0.031023,0.0315896,0.158882,0.2086347,0.128124,0.0879775,0.0864711,0.0804283,0.0834026,
377,2e-07,0.0045278,0.04838,0.03078,0.1005621,0.2617456,0.2053376,0.2547819,0.1400393,0.1398805,0.0621785,0.1703499,
378,3e-07,0.0017599,0.0046562,0.0307812,0.0803554,0.2115017,0.2238791,0.1895566,0.1044724,0.207708,0.0582977,0.1724776,
379,3e-07,0.0009087,0.0341773,0.0338643,0.0423488,0.0302248,0.1857705,0.0556603,0.0327078,0.1662586,0.1034832,0.0966606,
380,3e-07,0.0017264,0.0219018,0.066232,0.0880116,0.0761858,0.1069094,0.0576599,0.0357671,0.1712039,0.100765,0.0678599,
381,4e-07,0.0025827,0.0130638,0.0989041,0.1031304,0.0443051,0.0947907,0.0483346,0.071721,0.101737,0.0857917,0.0600823,
382,4e-07,0.0017769,0.0272791,0.0789108,0.0974093,0.0410941,0.0998684,0.0562664,0.0891228,0.1353456,0.0622312,0.0401159,
383,3e-07,0.0022686,0.0118928,0.053364,0.0611643,0.04421,0.088904,0.0608133,0.0910858,0.1508581,0.0591815,0.0496983,
384,3e-07,0.0008482,0.0262935,0.0507086,0.0284866,0.0751683,0.090262,0.0951466,0.0700438,0.1302053,0.0495543,0.0604945,
385,3e-07,0.0018513,0.0277224,0.0133703,0.0442263,0.0791084,0.0772591,0.0780149,0.0823518,0.1100117,0.0459096,0.0748255,
386,3e-07,0.0025226,0.0373067,0.0507485,0.0497773,0.0557097,0.0687847,0.0879716,0.0637614,0.049719,0.0803434,0.0942504,
387,3e-07,0.0026543,0.0468531,0.0360922,0.02996,0.0370965,0.0478286,0.1288021,0.0502534,0.0520426,0.08178,0.0983811,
388,3e-07,0.0041888,0.0397181,0.0610243,0.03232,0.0551445,0.1049461,0.0810231,0.0615591,0.0398666,0.0313947,0.0669204,
389,3e-07,0.0027469,0.0205015,0.0626327,0.046535,0.0414229,0.074606,0.0927796,0.0987091,0.0863374,0.0627672,0.039159,
390,2e-07,0.003388,0.0130019,0.0649368,0.0555707,0.0289437,0.0396088,0.0617383,0.0424957,0.0877421,0.0439021,0.1250444,
391,2e-07,0.0036106,0.0152269,0.0453408,0.0629809,0.0195773,0.0169673,0.0418667,0.0271208,0.0736627,0.0306674,0.0993326,
392,3e-07,0.0022463,0.0146881,0.0236314,0.0646447,0.0449328,0.0514706,0.0973684,0.0149217,0.0510546,0.0237864,0.0713891,
393,3e-07,0.0009431,0.0332657,0.0321522,0.0585363,0.0332969,0.0484775,0.0905412,0.0798349,0.0116734,0.0588729,0.0740017,
394,3e-07,0.0009447,0.0394458,0.028124,0.0513554,0.0258903,0.0299427,0.0998016,0.0698843,0.0596148,0.0661855,0.0401099,
395,3e-07,0.0021265,0.0102551,0.0415888,0.0383875,0.0344559,0.0435075,0.0654787,0.0538141,0.0977683,0.0646372,0.0396735,
396,3e-07,0.0017682,0.0280166,0.0221861,0.0078003,0.0396757,0.0770055,0.0460404,0.0596812,0.1255723,0.0524311,0.0378542,
397,3e-07,0.0026374,0.0119053,0.0369588,0.058641,0.0500161,0.0879037,0.0429416,0.0655888,0.1113175,0.0483942,0.0432084,
398,3e-07,0.0019527,0.0395835,0.0263572,0.0697008,0.0313568,0.0670979,0.0649568,0.0658967,0.0874694,0.0602318,0.0879037,
399,3e-07,0.001443,0.0252803,0.0480234,0.045283,0.0571444,0.0671761,0.0797843,0.0389435,0.0610578,0.0360511,0.1529553,
400,3e-07,0.0020498,0.0384559,0.0548123,0.0492511,0.0676236,0.050754,0.0597289,0.0514283,0.078755,0.0810551,0.055701,
401,3e-07,0.0096087,0.0264692,0.0266352,0.057511,0.0327813,0.0640195,0.0512191,0.0568447,0.0981909,0.0479939,0.0542493,
402,2e-07,0.0070093,0.0249953,0.0409601,0.1227221,0.0244534,0.1029967,0.0519671,0.0579079,0.1293062,0.09454,0.0582583,
403,2e-07,0.0080484,0.0239735,0.0676774,0.0620457,0.0574188,0.0747681,0.0283924,0.0269005,0.0899093,0.1006571,0.0650863,
404,3e-07,0.0027173,0.0087218,0.0449322,0.0784662,0.024112,0.0741037,0.0420544,0.04069,0.0828274,0.0324748,0.0761929,
405,1e-07,0.0017201,0.0477743,0.030996,0.0932817,0.076004,0.0797348,0.0337534,0.0431114,0.0604851,0.0559204,0.0896025,
406,2e-07,0.0040737,0.0276001,0.0212937,0.0528376,0.0390934,0.0199178,0.0292375,0.059716,0.0514395,0.0401228,0.1076912,
407,2e-07,0.0057492,0.020411,0.0112502,0.0542103,0.0236819,0.0381363,0.0496812,0.0296486,0.0218983,0.0563512,0.0872842,
408,2e-07,0.0101464,0.0297519,0.0216721,0.0168086,0.0498534,0.0403843,0.054746,0.0717539,0.0323314,0.0385768,0.053708,
409,2e-07,0.00189,0.0309169,0.0475311,0.031697,0.0827325,0.0522538,0.0994331,0.0227445,0.0240073,0.055928,0.0139668,
410,2e-07,0.005785,0.0400781,0.0492842,0.0178315,0.0715029,0.0515313,0.1297387,0.0283845,0.0206193,0.0532444,0.0312281,
411,3e-07,0.0054489,0.0308237,0.0573088,0.0287945,0.0431036,0.0588684,0.0846868,0.0643907,0.0596275,0.0554734,0.0579137,
412,2e-07,0.0019265,0.0400233,0.0448159,0.027877,0.058159,0.0850667,0.086259,0.0953831,0.0474771,0.0672611,0.0770361,
413,3e-07,0.0011313,0.0340241,0.0448474,0.0602363,0.0693729,0.0767297,0.0987942,0.0781424,0.0585583,0.0690335,0.0685968,
414,3e-07,0.0016961,0.0452691,0.0214813,0.0734529,0.1004323,0.0532052,0.0811661,0.0891318,0.0458437,0.0831235,0.060066,
415,2e-07,0.0032271,0.0076259,0.0495443,0.1078733,0.1214305,0.0493231,0.0954759,0.1136648,0.0751662,0.1088173,0.0548168,
416,2e-07,0.0032075,0.0298846,0.0425882,0.046548,0.1001347,0.0458202,0.0535733,0.0698666,0.0350961,0.052386,0.06942,
417,2e-07,0.0038024,0.011659,0.042758,0.0509335,0.0581673,0.0244145,0.0565709,0.052926,0.0546767,0.1137052,0.0886331,
418,1e-07,0.003005,0.0228907,0.0297603,0.0392549,0.0520558,0.0534298,0.0445454,0.046879,0.0422491,0.0794156,0.0902105,
419,1e-07,0.0005596,0.0164398,0.0192501,0.0494579,0.0323524,0.0334052,0.0501551,0.0297389,0.0336112,0.0240158,0.0759003,
420,1e-07,0.0011989,0.0159371,0.0316772,0.0307986,0.0306169,0.0408841,0.0616073,0.0458035,0.0726885,0.044816,0.0554816,
421,1e-07,0.0008643,0.0158459,0.0520689,0.0300644,0.036551,0.0311541,0.0441316,0.0438511,0.0610263,0.0565853,0.1124807,
422,1e-07,0.0005602,0.0229941,0.0485674,0.0274491,0.0522731,0.0439724,0.0242964,0.0509958,0.0680454,0.0367482,0.1057644,
423,2e-07,0.0005568,0.0244019,0.0376091,0.0435445,0.0484559,0.0492731,0.0595719,0.0195793,0.0208349,0.0808343,0.0711396,
424,2e-07,0.0013832,0.0261594,0.007908,0.0493929,0.0577957,0.0807016,0.0499391,0.0128766,0.0351258,0.0536359,0.080998,
425,2e-07,0.0036952,0.0365669,0.0153614,0.0722532,0.0379915,0.1347794,0.0854199,0.0216401,0.0471698,0.0686208,0.0741967,
426,2e-07,0.0027822,0.0366356,0.0473561,0.0639216,0.1011851,0.107024,0.0569166,0.055669,0.0674473,0.0563701,0.0561971,
427,2e-07,0.0014982,0.0193146,0.0376353,0.0667856,0.1180968,0.0462093,0.0687818,0.0358311,0.0281506,0.0762016,0.0799063,
428,1e-07,0.0040014,0.0175195,0.033512,0.0287993,0.064969,0.0687359,0.0427534,0.0935044,0.1056349,0.0482272,0.138538,
429,1e-07,0.0037917,0.029404,0.0286903,0.0349458,0.034343,0.0427551,0.053546,0.093034,0.0857081,0.0322498,0.1394127,
430,1e-07,0.0023483,0.0267767,0.0412947,0.0512064,0.0284361,0.0852308,0.0550147,0.0435739,0.0988237,0.0647122,0.0892039,
431,1e-07,0.0005724,0.0167114,0.023575,0.0338823,0.0306499,0.0162102,0.0611557,0.0420683,0.0572205,0.033787,0.0829494,
432,1e-07,0.0011036,0.0078745,0.0140704,0.0214158,0.0252169,0.0401623,0.061463,0.0138003,0.051661,0.0364688,0.0956791,
433,1e-07,0.0011091,0.0351441,0.0127905,0.0368866,0.0526353,0.0603946,0.0477253,0.0323263,0.0492246,0.0652458,0.0754666,
434,1e-07,0.0018039,0.0151436,0.0214442,0.0649582,0.0998721,0.0537351,0.0514157,0.0308457,0.0583343,0.0770971,0.0756027,
435,1e-07,0.0017164,0.0090723,0.0555087,0.0322765,0.0840709,0.042492,0.0585543,0.0723899,0.0511127,0.0597791,0.045671,
436,1e-07,0.0005482,0.0238644,0.0532335,0.0534984,0.1444414,0.0179759,0.0401252,0.0637453,0.0650188,0.0791399,0.0666133,
437,3e-07,0.0011233,0.0314309,0.0517274,0.0588253,0.0899872,0.0059103,0.0541912,0.0451989,0.0674524,0.0697028,0.1003082,
438,3e-07,0.0011773,0.0417096,0.0070723,0.0376282,0.0612712,0.0066024,0.0487847,0.0845364,0.0517633,0.0537286,0.1017754,
439,3e-07,0.0014973,0.0408359,0.0425189,0.0492673,0.0490208,0.0533457,0.0766709,0.0903717,0.0421929,0.0513928,0.11157,
440,3e-07,0.0008848,0.0243916,0.0617077,0.0370995,0.0938189,0.0588421,0.0443471,0.0783911,0.0335665,0.0541041,0.1071011,
441,2e-07,0.0008799,0.0142043,0.0884588,0.0202693,0.1140378,0.036481,0.0535258,0.0795172,0.0382625,0.0382203,0.1148622,
442,2e-07,0.0005505,0.0172879,0.0371618,0.0555095,0.0970039,0.0484802,0.0510805,0.0654059,0.0482908,0.0385649,0.0781921,
443,1e-07,0.0005616,0.0257307,0.0360098,0.0613559,0.0703735,0.0751411,0.0465334,0.0647122,0.0567931,0.0444223,0.0881672,
444,1e-07,0.0011976,0.0139709,0.0390545,0.0585437,0.050202,0.066912,0.041522,0.0530619,0.0651461,0.0396236,0.0836844,
445,1e-07,0.0015171,0.0139649,0.0322909,0.0495066,0.0306152,0.0239129,0.0402827,0.0536447,0.0362747,0.0635127,0.0696257,
446,2e-07,0.001212,0.0085203,0.046876,0.0377164,0.0179757,0.0442274,0.0332139,0.0460747,0.0282715,0.0931398,0.0859544,
447,2e-07,0.001074,0.0333588,0.0308316,0.0337919,0.0623842,0.0276819,0.0656496,0.0396684,0.0511774,0.0819245,0.0837972,
448,3e-07,0.0016336,0.0329722,0.0201469,0.0711664,0.0852111,0.044636,0.0888662,0.0982836,0.1005429,0.1284374,0.0968575,
449,3e-07,0.0012217,0.0245325,0.0232242,0.0731571,0.0869597,0.0361387,0.1219319,0.0811997,0.0368521,0.1283352,0.0865419,
450,2e-07,0.0017448,0.0266048,0.0227961,0.0820169,0.0515364,0.0422845,0.0525754,0.0568897,0.0694889,0.0629625,0.0881792,
451,3e-07,0.0014847,0.0191349,0.0232668,0.0420186,0.0549433,0.0493237,0.0346006,0.03889,0.0409421,0.0488197,0.0646499,
452,3e-07,0.0012561,0.0107702,0.0396856,0.0482239,0.048097,0.0358006,0.0267165,0.024179,0.028279,0.0318691,0.0395943,
453,1e-07,0.0005443,0.0134392,0.0357798,0.0918788,0.0251149,0.0313529,0.0264779,0.0150006,0.0424814,0.0245773,0.0248867,
454,1e-07,0.0017918,0.012688,0.023303,0.0670384,0.037675,0.0501472,0.0244341,0.0241617,0.0613587,0.0486462,0.0235075,
455,1e-07,0.0021298,0.0176196,0.0338243,0.0441825,0.049671,0.0662955,0.0136218,0.0502914,0.0369583,0.0402351,0.0189114,
456,1e-07,0.0016453,0.0185498,0.0456328,0.0475616,0.0337386,0.0372406,0.0465001,0.0221226,0.0366938,0.1008332,0.0483291,
457,1e-07,0.0012008,0.0251776,0.0169818,0.0268399,0.0857163,0.0410501,0.0582665,0.0208812,0.0608026,0.0896899,0.0260038,
458,1e-07,0.0038397,0.0310773,0.0162648,0.0389406,0.0608464,0.0461616,0.0155829,0.0605578,0.0297497,0.0949207,0.0275241,
459,1e-07,0.0091394,0.0167556,0.0388554,0.0277618,0.0518405,0.0334949,0.0257452,0.0865945,0.0370414,0.0614049,0.05805,
460,2e-07,0.0058617,0.0259408,0.0326133,0.0400865,0.0501938,0.047482,0.0538983,0.0055973,0.0767889,0.0799917,0.0503071,
461,2e-07,0.0053662,0.0215701,0.0265972,0.047768,0.0322305,0.0443521,0.0563089,0.0201791,0.0498962,0.1004364,0.0343621,
462,2e-07,0.001368,0.0145023,0.0191098,0.0785039,0.0345986,0.0374315,0.0255296,0.0210071,0.0142739,0.0925697,0.0935719,
463,2e-07,0.0031878,0.0167432,0.0313676,0.0643576,0.0344017,0.0370191,0.0444824,0.0324213,0.0178884,0.0785958,0.0702334,
464,2e-07,0.0021347,0.0134191,0.0132437,0.0285869,0.0354061,0.0284788,0.0605872,0.0399849,0.0212156,0.0434855,0.0359685,
465,1e-07,0.0022519,0.0151037,0.0128823,0.021712,0.0350471,0.0107287,0.0647279,0.0274031,0.0274834,0.0661233,0.058627,
466,2e-07,0.0017077,0.0062766,0.0035932,0.0438764,0.0597303,0.0637306,0.0878191,0.0237245,0.0342184,0.0709001,0.0506918,
467,2e-07,0.0006012,0.0113303,0.0159751,0.0436514,0.0600152,0.0352368,0.049157,0.0453214,0.0500665,0.0542016,0.0162642,
468,2e-07,0.0008675,0.0115046,0.0382518,0.0419543,0.0485425,0.0298529,0.086899,0.0192979,0.0450467,0.0381954,0.0216074,
469,2e-07,0.0017931,0.0149501,0.042475,0.0500904,0.0476968,0.0293533,0.0865744,0.0214102,0.0569729,0.0383678,0.0285401,
470,3e-07,0.0006131,0.0114449,0.0387314,0.0561587,0.0723044,0.0229182,0.0642139,0.0452174,0.039055,0.0545786,0.0419144,
471,2e-07,0.0013753,0.0128315,0.039008,0.0643868,0.0737513,0.0496953,0.0619767,0.0712468,0.0183888,0.0806132,0.0598458,
472,2e-07,0.0009022,0.0202658,0.0285463,0.0547727,0.0863758,0.0916991,0.0519093,0.0802444,0.0275043,0.0711462,0.0554736,
473,3e-07,0.0017937,0.0230089,0.0263481,0.0590758,0.0830893,0.0973045,0.0707177,0.1198548,0.0097313,0.0982584,0.0787644,
474,3e-07,0.005012,0.0314719,0.0397239,0.0867689,0.0699666,0.1985593,0.0874386,0.1337628,0.062969,0.1047336,0.1010672,
475,3e-07,0.0068941,0.031334,0.0693787,0.0884661,0.0423719,0.1438597,0.0372944,0.0698682,0.0512716,0.1032023,0.0938708,
476,3e-07,0.0127102,0.0116884,0.0975863,0.0858832,0.079162,0.1800947,0.0835925,0.0797278,0.0884903,0.0843604,0.0899104,
477,2e-07,0.0012083,0.0177089,0.0731101,0.0498455,0.0998708,0.079334,0.086279,0.0241827,0.018772,0.0750884,0.0871741,
478,2e-07,0.0005475,0.0199231,0.0582089,0.0471686,0.0668917,0.1170026,0.0761875,0.0482233,0.0342783,0.0584199,0.0564775,
479,2e-07,0.0013105,0.0044829,0.0518631,0.0279583,0.0525968,0.0551786,0.0475499,0.0252915,0.0334381,0.0607405,0.0514746,
480,2e-07,0.0006055,0.0119168,0.0504663,0.0567821,0.0598893,0.0566135,0.056194,0.028031,0.0449763,0.0689629,0.0829954,
481,2e-07,0.000929,0.0086737,0.0436025,0.0392168,0.0536537,0.0288884,0.0331912,0.021512,0.0245605,0.0632742,0.0490263,
482,3e-07,0.0018108,0.0136932,0.0393467,0.0347748,0.0785452,0.0459373,0.0302808,0.039082,0.0439885,0.0570817,0.0689177,
483,3e-07,0.0029812,0.022573,0.0636199,0.0265501,0.0981975,0.0373291,0.0342276,0.0301001,0.0486815,0.0505042,0.0947121,
484,3e-07,0.0030863,0.0162375,0.1127123,0.0862946,0.0840959,0.0491625,0.0218791,0.0643415,0.0643829,0.0281483,0.0867998,
485,2e-07,0.0033927,0.0115328,0.1213683,0.0684616,0.0481125,0.0574316,0.0464932,0.0409113,0.0713449,0.021671,0.0449794,
486,2e-07,0.0041613,0.0101551,0.0520595,0.0720503,0.0831846,0.0345705,0.0219241,0.042047,0.0507594,0.0368713,0.0893905,
487,2e-07,0.002116,0.0122195,0.0495855,0.0899872,0.0826532,0.0735103,0.0280128,0.0804279,0.0531293,0.0455965,0.0372011,
488,2e-07,0.0016908,0.0108654,0.0367154,0.0913106,0.0877406,0.033856,0.061374,0.0114512,0.0273834,0.0544174,0.0828685,
489,2e-07,0.0019009,0.0156226,0.0591437,0.0300915,0.0725006,0.0789331,0.079898,0.0751503,0.0701624,0.0432541,0.0780515,
490,2e-07,0.0021153,0.0359262,0.0772151,0.077389,0.0830141,0.0876085,0.0775898,0.0913827,0.1062495,0.0500066,0.081505,
491,2e-07,0.0030628,0.0182215,0.0478433,0.0829708,0.0986914,0.0805037,0.0276562,0.1043579,0.1171612,0.0370632,0.0871158,
492,2e-07,0.0057765,0.0365924,0.0256065,0.0981568,0.0828701,0.0529338,0.0700695,0.1331377,0.1250862,0.0516639,0.0888885,
493,3e-07,0.0047857,0.0389071,0.0215903,0.0780842,0.1002668,0.045245,0.0990951,0.0836425,0.1048333,0.0318325,0.0775748,
494,5e-07,0.0060396,0.0399067,0.0388426,0.028278,0.119113,0.1146625,0.1634684,0.0668293,0.2020269,0.0773428,0.1083487,
495,5e-07,0.0054092,0.0521067,0.0519748,0.0278802,0.0670132,0.1632995,0.1306339,0.0646182,0.2105822,0.1101821,0.1428384,
496,5e-07,0.0089326,0.0506912,0.0489548,0.0284666,0.0619352,0.1821419,0.0964626,0.0762499,0.2198581,0.0842397,0.1140762,
497,5e-07,0.0040515,0.0460392,0.080631,0.0393708,0.1086423,0.2299534,0.0823435,0.1204634,0.1949848,0.0853401,0.1364126,
498,3e-07,0.0006049,0.0613654,0.0609743,0.0191054,0.0411851,0.157184,0.0444519,0.1038496,0.1296088,0.0855366,0.0800736,
499,3e-07,0.002949,0.042705,0.0789648,0.0577047,0.0398428,0.1723528,0.0853311,0.0565696,0.048333,0.1352749,0.0549134,
500,3e-07,0.0030031,0.0220269,0.0553487,0.1178072,0.0356075,0.115987,0.1067698,0.0470261,0.137584,0.1066578,0.076898,
501,3e-07,0.0027622,0.0235785,0.0243696,0.0753142,0.0702629,0.1337066,0.1313835,0.0497924,0.2556475,0.0943798,0.1524853,
502,3e-07,0.0038811,0.0291267,0.0467143,0.0540365,0.0552442,0.0132936,0.0558832,0.0370667,0.108439,0.0930037,0.1082954,
503,3e-07,0.0016649,0.022319,0.0453428,0.0529577,0.0258129,0.0237943,0.0523351,0.0333092,0.0462324,0.0654905,0.0928206,
504,3e-07,0.001694,0.0171452,0.0374263,0.0292512,0.0482955,0.04326,0.0424658,0.0347505,0.0708928,0.0634114,0.0489384,
505,2e-07,0.0015262,0.0353541,0.0504078,0.0577856,0.0572111,0.0480163,0.0572767,0.0299143,0.0696651,0.0685942,0.0561134,
506,2e-07,0.0026997,0.0298945,0.0616225,0.0518674,0.0341113,0.0590343,0.0688454,0.0363113,0.0247253,0.0623846,0.0736258,
507,2e-07,0.0013469,0.0147997,0.038275,0.0404443,0.0740708,0.0640658,0.0697448,0.0384261,0.0481907,0.0989432,0.0520945,
508,3e-07,0.0011574,0.0177637,0.0394033,0.0548607,0.0428661,0.0403242,0.0716144,0.0472341,0.0686183,0.0775687,0.0312895,
509,2e-07,0.0011667,0.0083544,0.039454,0.0688236,0.0643812,0.0665316,0.1061467,0.0314087,0.032106,0.0754773,0.0807655,
510,2e-07,0.0017004,0.0162652,0.0272597,0.0591702,0.0803671,0.0430991,0.0944875,0.0662433,0.0474084,0.0841719,0.0698527,
511,3e-07,0.0016807,0.0171103,0.0174403,0.0483072,0.0655019,0.054754,0.0954595,0.0540563,0.0699091,0.1040237,0.0733062,
512,2e-07,0.0030641,0.0134221,0.0317389,0.073314,0.0522842,0.0537294,0.0845556,0.0240884,0.0415777,0.0858075,0.0381678,
513,2e-07,0.001708,0.0130691,0.0121914,0.0669867,0.1002126,0.0835493,0.0922585,0.0403082,0.0075431,0.0472555,0.0429255,
514,2e-07,0.0046293,0.0040886,0.0138771,0.0363569,0.1102546,0.0802364,0.096773,0.040703,0.0701121,0.0987773,0.0454312,
515,3e-07,0.0033569,0.0116912,0.0390729,0.0354118,0.1197117,0.0737762,0.122966,0.0751536,0.0671493,0.1385188,0.0581768,
516,2e-07,0.0048177,0.0124079,0.0591024,0.0518172,0.1045913,0.0718622,0.1328969,0.0726494,0.0638989,0.1232416,0.0972491,
517,2e-07,0.009622,0.0125549,0.046438,0.04593,0.0800947,0.1185413,0.0756224,0.0572505,0.0742512,0.1014746,0.0636111,
518,3e-07,0.0090747,0.0131139,0.0398947,0.0370284,0.0297488,0.1379489,0.0792881,0.0539419,0.1059581,0.1388264,0.0863391,
519,3e-07,0.0088965,0.0222208,0.0540013,0.0265886,0.0156433,0.1483465,0.1030471,0.0650608,0.1025952,0.1425851,0.1618717,
520,2e-07,0.009864,0.0146599,0.0418262,0.0241809,0.0986616,0.1221467,0.0932604,0.013554,0.0870839,0.1538376,0.1756344,
521,2e-07,0.007601,0.0538867,0.0351572,0.0206782,0.0919227,0.1572257,0.1021221,0.058561,0.1368863,0.1460794,0.1805779,
522,2e-07,0.0035972,0.0531174,0.0079828,0.0273404,0.0595745,0.1153091,0.104201,0.1111219,0.1249035,0.1372371,0.1439169,
523,4e-07,0.006352,0.0311649,0.0161102,0.0469356,0.0732121,0.1197753,0.1103868,0.1172644,0.1489543,0.1233966,0.1574553,
524,3e-07,0.0065428,0.0289147,0.0422642,0.0310212,0.0743056,0.0926103,0.08542,0.104406,0.1417704,0.182728,0.1690319,
525,3e-07,0.0056021,0.0405589,0.0348329,0.0265878,0.0335573,0.0532298,0.0612298,0.0574145,0.1230297,0.14237,0.1202487,
526,3e-07,0.006503,0.0550896,0.0427454,0.0289,0.0645962,0.0876539,0.1158812,0.0624564,0.1171736,0.1948951,0.1131367,
527,3e-07,0.0080881,0.0313111,0.0477428,0.0225265,0.064701,0.1144572,0.1015958,0.070086,0.1139937,0.2104945,0.1082797,
528,3e-07,0.0144507,0.0311605,0.059877,0.0381322,0.0810355,0.1483671,0.1674257,0.1228801,0.1483108,0.2491142,0.2045595,
529,3e-07,0.006114,0.0157465,0.0682931,0.0927718,0.0769109,0.1771099,0.1929415,0.133413,0.172674,0.2817321,0.0359344,
530,3e-07,0.0067839,0.0183556,0.0312368,0.1009606,0.1542019,0.1508172,0.2578959,0.1562016,0.1735609,0.2285488,0.0787177,
531,3e-07,0.004234,0.0142888,0.0455553,0.0933084,0.0897162,0.1270672,0.2409548,0.10847,0.1589162,0.2549936,0.0887689,
532,4e-07,0.0011738,0.0157387,0.0780624,0.0714201,0.0593532,0.1068112,0.1919968,0.072899,0.1793433,0.2605324,0.15567,
533,4e-07,0.0019481,0.0212763,0.1346746,0.0935311,0.0395568,0.072279,0.1408221,0.0138613,0.1286558,0.246829,0.1840297,
534,4e-07,0.0021824,0.009945,0.1541904,0.1200237,0.1100782,0.1109543,0.1760894,0.0787105,0.1074466,0.2713199,0.2437819,
535,4e-07,0.0011549,0.0250914,0.0961348,0.0709877,0.1258798,0.1044988,0.2196054,0.1021011,0.0808986,0.2753323,0.2139483,
536,4e-07,0.0015383,0.0160433,0.0753143,0.0719108,0.0911289,0.0704497,0.1335644,0.0748047,0.0768825,0.2597899,0.1973295,
537,4e-07,0.001342,0.020544,0.0661087,0.0851067,0.0433023,0.0876171,0.0950443,0.0755101,0.0860568,0.2713627,0.2690498,
538,4e-07,0.0019551,0.0169635,0.0633881,0.0526737,0.0348512,0.0821647,0.15551,0.07834,0.1199424,0.3028892,0.3563956,
539,4e-07,0.0025307,0.0166405,0.0920473,0.0499874,0.0650114,0.0848326,0.132994,0.0425822,0.1161153,0.2531417,0.20456,
540,3e-07,0.0013538,0.0101339,0.1085655,0.0802518,0.081284,0.0613494,0.0911328,0.0567001,0.0961551,0.23228,0.1533023,
541,4e-07,0.0013439,0.0239806,0.1218854,0.1081882,0.0727343,0.0810643,0.1030926,0.0931631,0.1146844,0.2698322,0.2286948,
542,4e-07,0.004627,0.054424,0.1103525,0.0854374,0.0362576,0.0782225,0.120447,0.0762577,0.1399999,0.2306037,0.2031929,
543,3e-07,0.002072,0.026873,0.0963842,0.110038,0.0223741,0.0302966,0.114969,0.0494429,0.0799596,0.2291712,0.1509008,
544,4e-07,0.0031169,0.0350095,0.0934902,0.0644229,0.0670728,0.0364625,0.0830576,0.0942025,0.0726842,0.1558005,0.0625008,
545,2e-07,0.0005544,0.0223571,0.0744817,0.0632185,0.0846252,0.0337023,0.1005803,0.0423618,0.0703242,0.1497979,0.0740518,
546,2e-07,0.0015206,0.0172656,0.0418701,0.0540359,0.0833385,0.0523647,0.0826426,0.0508949,0.0651728,0.120644,0.0947383,
547,3e-07,0.0011432,0.0104305,0.0454475,0.0478351,0.1017757,0.0513499,0.1251495,0.0464838,0.0759842,0.1802108,0.1920896,
548,3e-07,0.0019532,0.0140451,0.0606348,0.0209748,0.0257515,0.0530154,0.1124552,0.0480836,0.0858098,0.2105585,0.1890273,
549,3e-07,0.0032025,0.009245,0.0251393,0.1138677,0.0853738,0.0419591,0.0966754,0.048841,0.1070487,0.251014,0.1688115,
550,3e-07,0.0062415,0.0268739,0.0771068,0.1717043,0.105204,0.043378,0.0854007,0.0537189,0.1158255,0.2733931,0.1568059,
551,3e-07,0.0068512,0.0264256,0.063227,0.1334057,0.0542484,0.0333514,0.0922022,0.0561911,0.137593,0.2023817,0.1693254,
552,3e-07,0.0073074,0.0100151,0.0276086,0.0268471,0.0732577,0.021253,0.1015238,0.0462847,0.1256772,0.1139288,0.1724609,
553,3e-07,0.0038338,0.0290854,0.0796916,0.1127876,0.0839991,0.0347261,0.0334144,0.0314501,0.1395044,0.1535889,0.1480426,
554,3e-07,0.0110893,0.024186,0.0635436,0.0785195,0.0560223,0.0435043,0.0425429,0.0292089,0.1694963,0.1617364,0.1791046,
555,3e-07,0.00167,0.0359361,0.057232,0.0460111,0.0903109,0.062633,0.0322683,0.0706108,0.1201363,0.10968,0.1648825,
556,2e-07,0.0043409,0.0313917,0.0351161,0.0533719,0.0469877,0.0425902,0.0621336,0.0724794,0.0883476,0.0996317,0.140468,
557,2e-07,0.0253075,0.0369713,0.0650549,0.1223995,0.1248445,0.1128225,0.0745079,0.073289,0.0910145,0.1076759,0.1277778,
558,2e-07,0.025661,0.0398527,0.0687439,0.1130254,0.1835695,0.1488073,0.1257214,0.1197489,0.1038359,0.1108714,0.1323331,
559,2e-07,0.0141182,0.0191156,0.0380982,0.0575198,0.0871278,0.0728799,0.1193489,0.0966414,0.0720823,0.1529371,0.0889167,
560,3e-07,0.0159093,0.029643,0.0554349,0.0826518,0.0762964,0.0585174,0.1266046,0.1090373,0.1114319,0.1621815,0.0735273,
561,3e-07,0.0145731,0.0581365,0.0655783,0.0798967,0.0861958,0.044792,0.1537365,0.1561932,0.0728417,0.1360991,0.1133788,
562,3e-07,0.0106494,0.0414058,0.0654114,0.0831669,0.0634831,0.0792359,0.1460712,0.0875853,0.098679,0.1574844,0.0692141,
563,3e-07,0.0061228,0.0201667,0.0637978,0.0737152,0.047766,0.0826439,0.1389807,0.1020477,0.1080232,0.1991208,0.0795392,
564,3e-07,0.0154118,0.0348883,0.0658205,0.097442,0.0234581,0.0602862,0.1615243,0.1247225,0.1106832,0.2327519,0.0779952,
565,3e-07,0.0054961,0.0284694,0.0737762,0.0955665,0.0654516,0.097856,0.1475517,0.1166518,0.0947045,0.2310151,0.0421733,
566,3e-07,0.0045912,0.0148054,0.095826,0.0860765,0.0444762,0.1027062,0.1288962,0.0744445,0.0850709,0.2150111,0.0452115,
567,3e-07,0.0031239,0.0116898,0.0667322,0.0545162,0.0881864,0.0733445,0.1175343,0.0824737,0.0674961,0.1557972,0.041982,
568,3e-07,0.0008964,0.0132347,0.1178307,0.0524697,0.0995614,0.0837069,0.123107,0.0853757,0.0931356,0.1924291,0.0531421,
569,3e-07,0.0039388,0.0346531,0.0872081,0.0534237,0.087433,0.0971794,0.156107,0.0833406,0.1024792,0.2038806,0.0313893,
570,3e-07,0.0013256,0.036337,0.0542812,0.0573026,0.0737304,0.089706,0.1337589,0.0588073,0.0774914,0.1587378,0.0279054,
571,3e-07,0.0013491,0.0342899,0.0520235,0.0488325,0.0554598,0.0805791,0.1355812,0.0506167,0.0803295,0.1616238,0.0613137,
572,3e-07,0.0011459,0.0349545,0.0990862,0.0323899,0.0660753,0.0859726,0.121788,0.0488588,0.1471006,0.1786502,0.1016351,
573,3e-07,0.0048997,0.0156216,0.0467891,0.0323387,0.0559421,0.0931579,0.1118204,0.0548691,0.1365199,0.1741672,0.0870328,
574,3e-07,0.0048252,0.0084312,0.0406213,0.0434484,0.0772209,0.101121,0.1116093,0.0566949,0.0748028,0.1527821,0.0616539,
575,3e-07,0.0033036,0.0197604,0.0388397,0.0857482,0.0776632,0.0956452,0.1258775,0.0503995,0.1082421,0.1946816,0.1255645,
576,3e-07,0.001363,0.0175027,0.0427462,0.130381,0.0893564,0.0691576,0.1419933,0.1009224,0.1478091,0.2130492,0.1495369,
577,3e-07,0.0036027,0.0214258,0.0612685,0.0700059,0.0854799,0.0663211,0.0734221,0.1092072,0.139138,0.1119985,0.1374624,
578,3e-07,0.0016981,0.0084144,0.0655448,0.0980416,0.0937229,0.0716323,0.0922337,0.0971499,0.1102205,0.1098367,0.1335032,
579,3e-07,0.0041954,0.018033,0.0619053,0.122491,0.115869,0.0474384,0.0982721,0.098984,0.2637234,0.1151031,0.1108582,
580,3e-07,0.0041433,0.0247999,0.0690273,0.0915183,0.1177673,0.040733,0.1127288,0.1133802,0.2270372,0.1709417,0.2177958,
581,2e-07,0.0046262,0.0249402,0.0849481,0.0508468,0.1140009,0.0613277,0.083125,0.1220826,0.1996794,0.1739828,0.1556168,
582,2e-07,0.004048,0.0179573,0.0636605,0.0649019,0.1162018,0.0723521,0.1239367,0.1144251,0.1649746,0.2034691,0.1298779,
583,2e-07,0.0078691,0.028735,0.0776092,0.0110887,0.1647812,0.1458706,0.2545833,0.1391542,0.2085938,0.2158569,0.2686321,
584,3e-07,0.0055344,0.0187128,0.0733028,0.0724942,0.1779478,0.0614098,0.1150774,0.1455575,0.1992199,0.1941608,0.1828867,
585,3e-07,0.0096055,0.0199552,0.0595326,0.0443718,0.1415979,0.0194319,0.0559154,0.1294281,0.1382822,0.1825459,0.1328591,
586,3e-07,0.0078521,0.0371887,0.0421386,0.054776,0.099459,0.0182947,0.0603322,0.1169232,0.1574369,0.1750307,0.0997433,
587,2e-07,0.0068931,0.0303813,0.0601931,0.0692993,0.1166148,0.0726882,0.1051643,0.1044445,0.1390333,0.1661828,0.0834778,
588,1e-07,0.0026553,0.0224931,0.0447505,0.0615405,0.079175,0.0367761,0.1210008,0.1341168,0.1281141,0.1552352,0.0851747,
589,1e-07,0.0206778,0.0342198,0.0871235,0.0891509,0.0282567,0.0772179,0.1405217,0.1014031,0.2140648,0.1582921,0.0927332,
590,1e-07,0.0055984,0.0260834,0.0344866,0.0750191,0.0534729,0.0335828,0.0727224,0.100488,0.1657383,0.171349,0.0783161,
591,2e-07,0.0053053,0.0257887,0.0483285,0.0238005,0.0776517,0.0949796,0.0402809,0.0716579,0.1487312,0.1754554,0.0623562,
592,1e-07,0.0056669,0.0275313,0.0526667,0.0417057,0.0881314,0.0944775,0.0299488,0.0833793,0.1232178,0.1193374,0.0607395,
593,1e-07,0.0058643,0.0391231,0.0825096,0.0324092,0.0790862,0.0811783,0.0868398,0.0896038,0.1093805,0.1220928,0.0539772,
594,1e-07,0.0041139,0.015903,0.0685473,0.0298725,0.0855721,0.0200159,0.0443832,0.0950723,0.0598273,0.0732621,0.0401416,
595,2e-07,0.0011767,0.0186316,0.0624532,0.0543047,0.0477126,0.0308149,0.0744118,0.0233693,0.0291847,0.0727563,0.0401993,
596,1e-07,0.0011182,0.0076778,0.0575011,0.0371844,0.0380387,0.0829205,0.0530811,0.0568861,0.0564385,0.0487499,0.0459932,
597,1e-07,0.0019558,0.0080443,0.0335798,0.0459105,0.0189513,0.0906721,0.0433438,0.0751082,0.0334199,0.0729825,0.0508034,
598,1e-07,0.001672,0.0394851,0.0348365,0.0767282,0.0486218,0.0506499,0.0662897,0.0657611,0.0323515,0.0683037,0.0595358,
599,2e-07,0.0055843,0.0325351,0.0413277,0.0695611,0.0570319,0.0525365,0.0527035,0.0353448,0.0497364,0.0829422,0.1275164,
600,2e-07,0.0021022,0.0366958,0.0377577,0.0570804,0.0548755,0.030845,0.07409,0.03842,0.0715168,0.0949794,0.1329892,
601,1e-07,0.003087,0.0174094,0.0256951,0.0546715,0.0444493,0.0417574,0.054105,0.0332846,0.0474647,0.0855488,0.0975051,
602,1e-07,0.0077444,0.0113868,0.0196695,0.0903276,0.0870264,0.0575741,0.0630761,0.0485024,0.0924214,0.0825838,0.0869452,
603,2e-07,0.0077067,0.0349021,0.0339612,0.077108,0.0894953,0.0436652,0.0911652,0.0549066,0.0947904,0.0676731,0.090841,
604,1e-07,0.0053215,0.051083,0.0085754,0.0790065,0.0845368,0.0370179,0.0727866,0.039523,0.1070555,0.0812209,0.1472305,
605,1e-07,0.0054017,0.0548911,0.0397098,0.0902049,0.0937417,0.0420381,0.0259971,0.0533634,0.1016956,0.0912429,0.1173625,
606,2e-07,0.0258303,0.0458447,0.0417016,0.0915232,0.0929493,0.0642803,0.0401734,0.0465558,0.0860335,0.1262008,0.0426653,
607,3e-07,0.0266193,0.0252048,0.077737,0.1125167,0.0992458,0.1643592,0.051965,0.0329344,0.0829005,0.1513646,0.0951415,
608,3e-07,0.0312772,0.0305578,0.0646692,0.1001058,0.1477318,0.0761942,0.0572718,0.0951446,0.0438876,0.1354226,0.0731185,
609,2e-07,0.0133535,0.0409799,0.0574745,0.0620191,0.0401283,0.0303476,0.0613125,0.0689746,0.0480915,0.1290957,0.0888698,
610,3e-07,0.0219487,0.0289675,0.0446202,0.0626395,0.0297546,0.0582468,0.0544505,0.0831488,0.0182915,0.1352262,0.044978,
611,1e-07,0.0114242,0.0420775,0.0264334,0.0605559,0.0430099,0.0660037,0.1014931,0.0608486,0.0268345,0.1355708,0.0617766,
612,2e-07,0.0130324,0.0546722,0.0463459,0.0588815,0.0330801,0.0417717,0.0781637,0.0525737,0.0292493,0.161221,0.091465,
