#Time_ps,0,0.5,1,2,3,5,10,20,30,50,100,200,
1,0.0,0.0024266,0.0238566,0.0257611,0.0382494,0.0527397,0.061911,0.1152976,0.045269,0.0533045,0.1412131,0.0455873,
2,0.0,0.0006888,0.0127693,0.0541212,0.1099634,0.0641135,0.099078,0.1258283,0.0419982,0.0935005,0.084397,0.0632037,
3,0.0,0.0018544,0.0106627,0.0205645,0.1424133,0.0255041,0.041,0.1093305,0.0519967,0.0874272,0.0194307,0.0547477,
4,0.0,0.0005816,0.0181293,0.0213729,0.0584815,0.045013,0.0284472,0.0580023,0.0218185,0.0591719,0.0108652,0.0693881,
5,0.0,0.0028434,0.0091367,0.0248403,0.0094529,0.0263996,0.0415615,0.059037,0.0225264,0.0793748,0.0164679,0.0770108,
6,0.0,0.0017298,0.0194837,0.0556163,0.0375168,0.08183,0.0483351,0.0549439,0.0267101,0.0827234,0.0291382,0.0263275,
7,0.0,0.0023425,0.0184477,0.0426573,0.0516309,0.0750844,0.0404274,0.0274258,0.0452601,0.0742346,0.0071716,0.0598989,
8,0.0,0.0009585,0.0243301,0.0416497,0.0436873,0.0572201,0.0343474,0.041877,0.040499,0.0414182,0.0455821,0.0532475,
9,0.0,0.0018789,0.0200872,0.0245054,0.0759201,0.0342261,0.0356491,0.0333107,0.0536558,0.0344673,0.05547,0.050768,
10,0.0,0.0019183,0.0024728,0.0168061,0.0671345,0.0219028,0.0716687,0.052616,0.0629247,0.0176659,0.0693513,0.0519341,
11,0.0,0.0039263,0.0273573,0.0237752,0.068149,0.0232078,0.0927446,0.0702311,0.0862268,0.0251174,0.0796488,0.0492954,
12,0.0,0.0027742,0.0206521,0.0348211,0.0417862,0.044929,0.0421507,0.0765964,0.0877787,0.0326796,0.0666461,0.0367067,
13,0.0,0.0018391,0.0298245,0.0083033,0.0595586,0.0159867,0.056521,0.0534928,0.1051079,0.0260694,0.0835783,0.0246442,
14,0.0,0.0059948,0.0306762,0.0198837,0.02171,0.0589137,0.0874921,0.0744621,0.0958954,0.0474615,0.0826486,0.0429097,
15,0.0,0.006066,0.0308461,0.0651752,0.0477843,0.0922491,0.1008892,0.0866356,0.1227824,0.0814307,0.1845899,0.0940799,
16,0.0,0.0041129,0.0297232,0.0505269,0.0793254,0.0935355,0.0695545,0.0500154,0.0895301,0.1038282,0.0902093,0.027811,
17,0.0,0.0059759,0.016677,0.0486868,0.0406654,0.0723518,0.0445751,0.0387749,0.084223,0.0503899,0.0752606,0.0198435,
18,0.0,0.0093168,0.0045638,0.049131,0.0458848,0.076379,0.0636802,0.0482383,0.0940496,0.0913172,0.0938242,0.0297187,
19,0.0,0.0154916,0.0342528,0.0618119,0.0309819,0.0946966,0.0720356,0.0700268,0.1077767,0.0685519,0.0842067,0.0661109,
20,0.0,0.0279337,0.0372629,0.0246056,0.0503193,0.0528261,0.0817965,0.0787471,0.1243147,0.0919291,0.0890171,0.0617707,
21,0.0,0.0124163,0.0166237,0.0223523,0.0521116,0.049788,0.07741,0.1136948,0.1240992,0.1130557,0.1081166,0.1058988,
22,0.0,0.024788,0.0389432,0.0129025,0.0568325,0.0724658,0.0710808,0.1488595,0.140062,0.0838039,0.1054096,0.100732,
23,0.0,0.0292496,0.0550511,0.0424672,0.0641677,0.1394445,0.160058,0.1431253,0.2140881,0.1223499,0.0894865,0.1791457,
24,0.0,0.0467348,0.0467249,0.059019,0.0646129,0.0766033,0.1207371,0.090832,0.1326632,0.1156182,0.1017673,0.1792076,
25,0.0,0.0153711,0.0289291,0.0349406,0.0798269,0.0703736,0.1087106,0.0906851,0.1254147,0.1003778,0.1087335,0.12901,
26,0.0,0.0178988,0.0326991,0.0411394,0.0532939,0.0718973,0.0956553,0.0629805,0.112377,0.113242,0.1049179,0.1520385,
27,0.0,0.0290212,0.0501559,0.0414443,0.0465057,0.0610059,0.0800748,0.0528993,0.0749973,0.0833008,0.0893528,0.1321661,
28,0.0,0.0129583,0.0060518,0.0427894,0.0404327,0.0631983,0.0643249,0.0754579,0.0758198,0.0649282,0.0574939,0.0319802,
29,0.0,0.0248338,0.008885,0.0504295,0.0437731,0.078245,0.0430108,0.0629,0.0729608,0.1047005,0.0505049,0.049894,
30,0.0,0.0151385,0.0210679,0.035499,0.0430265,0.085186,0.0440601,0.0549732,0.0711067,0.1331486,0.0502997,0.0469842,
31,0.0,0.0038244,0.0278723,0.05318,0.0498654,0.090565,0.0433082,0.0298602,0.0653481,0.1149641,0.0853504,0.0465557,
32,0.0,0.0016268,0.0379109,0.0396574,0.0265882,0.0805421,0.0555916,0.0779404,0.0618668,0.0719899,0.069162,0.0458617,
33,0.0,0.0060993,0.011988,0.0583258,0.0338076,0.0755542,0.078428,0.1146366,0.072348,0.0546066,0.0812954,0.0710548,
34,0.0,0.0042627,0.0308014,0.0623914,0.0434645,0.1052156,0.0586188,0.1194734,0.1000589,0.1243661,0.0781053,0.0541286,
35,0.0,0.0028461,0.0161505,0.0213727,0.0410443,0.070831,0.0597781,0.1216089,0.0566169,0.1063265,0.0833206,0.0154169,
36,0.0,0.0039136,0.0147907,0.0375239,0.0552754,0.0605973,0.0511451,0.0850718,0.0970873,0.0834617,0.0875361,0.0210595,
37,0.0,0.0068432,0.0386434,0.0387263,0.0603176,0.0674939,0.0255235,0.0879908,0.1062278,0.0970404,0.0706341,0.043588,
38,0.0,0.0055627,0.053234,0.0357056,0.0829201,0.0541514,0.0400697,0.0993678,0.0861358,0.1063297,0.0705895,0.0663528,
39,0.0,0.0329589,0.042528,0.0271169,0.0702574,0.0501508,0.0592668,0.0846375,0.0466971,0.0956607,0.0834282,0.0860744,
40,0.0,0.0147437,0.0230427,0.0397596,0.0519369,0.0522904,0.0337151,0.0723188,0.0779822,0.0845679,0.0727005,0.0869024,
41,1e-07,0.0311865,0.0178642,0.0633671,0.0535288,0.07726,0.0584223,0.1058106,0.0882729,0.0816805,0.0879745,0.087637,
42,1e-07,0.0218893,0.0330883,0.0375553,0.0688273,0.0706586,0.0962691,0.0831392,0.1065684,0.0885743,0.100248,0.0773929,
43,0.0,0.0179378,0.0188044,0.031204,0.0703194,0.0348232,0.0966494,0.0649114,0.129288,0.0862705,0.0736273,0.1148637,
44,0.0,0.0099275,0.0425348,0.0320429,0.0591558,0.0496697,0.1306992,0.0782544,0.1043997,0.1003348,0.0700985,0.1444196,
45,0.0,0.084571,0.0491926,0.0730399,0.0894062,0.1306695,0.2403216,0.0570907,0.1154134,0.0857235,0.1276066,0.1732121,
46,0.0,0.0908505,0.0891673,0.1501344,0.1478725,0.1762099,0.2709945,0.1230006,0.1823608,0.205245,0.2274933,0.1419172,
47,0.0,0.0290552,0.0689355,0.1843262,0.1709615,0.1836307,0.2841692,0.1488245,0.2350248,0.2433018,0.2015371,0.128705,
48,0.0,0.0253718,0.0486687,0.1272064,0.1270065,0.1546893,0.1999665,0.0785129,0.1453906,0.1291151,0.1040968,0.1171919,
49,0.0,0.0250171,0.0555778,0.0985214,0.1312219,0.1417316,0.2313233,0.1086184,0.1504285,0.1831087,0.120797,0.1519455,
50,0.0,0.0420697,0.0502521,0.1119334,0.1403297,0.1448827,0.255576,0.1703891,0.175028,0.2293032,0.127593,0.1810721,
51,1e-07,0.0239073,0.0057856,0.0986357,0.1393327,0.1345768,0.2279047,0.1463294,0.1330545,0.2014514,0.1135853,0.1493063,
52,1e-07,0.0180481,0.0163448,0.1203096,0.1552867,0.1331805,0.1871401,0.0927532,0.1188736,0.1656451,0.1022735,0.1308705,
53,1e-07,0.0141356,0.024474,0.056323,0.1069337,0.1122347,0.1551732,0.0879299,0.1057374,0.1551914,0.1489668,0.0997339,
54,1e-07,0.0114746,0.036137,0.0207008,0.1154036,0.1090841,0.1362326,0.0558722,0.1101793,0.1262574,0.1276428,0.1330086,
55,1e-07,0.0162113,0.038671,0.0571646,0.1156737,0.177627,0.1501406,0.0357134,0.147665,0.1095666,0.1261725,0.1599223,
56,1e-07,0.0112565,0.0438516,0.0427089,0.1043746,0.1557522,0.1723786,0.0804126,0.161664,0.1385037,0.2210983,0.1934592,
57,1e-07,0.011604,0.0795614,0.0688331,0.0772416,0.1519649,0.1071301,0.0748892,0.1696215,0.0812813,0.2137552,0.1824726,
58,1e-07,0.0150728,0.0562257,0.0777341,0.1085564,0.1261339,0.0452868,0.0819889,0.1555182,0.0731418,0.0920337,0.1287583,
59,1e-07,0.0191101,0.0515572,0.0469723,0.1430943,0.1486834,0.1163564,0.1594209,0.1093342,0.102129,0.1117383,0.1110882,
60,0.0,0.0073195,0.0559673,0.0901152,0.0793739,0.1479052,0.0196816,0.1646809,0.1854389,0.0993968,0.1389751,0.1134817,
61,0.0,0.0209615,0.0453435,0.0729674,0.0757909,0.1001527,0.0708893,0.2031179,0.1973749,0.1902769,0.1669381,0.1048833,
62,1e-07,0.0103991,0.0449616,0.0631398,0.0467828,0.1082415,0.0746503,0.1965742,0.1961158,0.1343755,0.1487804,0.0636275,
63,1e-07,0.0123471,0.0524677,0.0346021,0.0370327,0.103093,0.09343,0.1483865,0.1614344,0.103156,0.1358305,0.0576284,
64,0.0,0.0162718,0.030159,0.0635158,0.0868602,0.1841841,0.0915458,0.1062706,0.1998313,0.0956584,0.1569055,0.0523769,
65,0.0,0.0126246,0.0303296,0.0705974,0.0731073,0.1463809,0.0869679,0.0857497,0.1401193,0.0725112,0.144383,0.0747559,
66,0.0,0.0064944,0.0102337,0.060586,0.0324263,0.066156,0.0837296,0.0679227,0.1103398,0.0772946,0.1455894,0.0782672,
67,0.0,0.0129929,0.0069119,0.0716428,0.0317844,0.0277305,0.1030666,0.0964102,0.1142306,0.0896209,0.1487936,0.0953222,
68,0.0,0.0136246,0.0302697,0.0165843,0.0204828,0.0475788,0.1032202,0.0968975,0.1067844,0.0942638,0.1195297,0.0730526,
69,0.0,0.0103541,0.0417088,0.0266652,0.0848006,0.0601081,0.0666359,0.0753146,0.1047942,0.084359,0.1102149,0.0502307,
70,0.0,0.0252062,0.030502,0.0343703,0.0877872,0.0987953,0.0524175,0.0622694,0.1758645,0.1254056,0.09161,0.0968547,
71,0.0,0.0257566,0.0572007,0.0427753,0.0938258,0.0953894,0.0615129,0.0650293,0.1747238,0.1070595,0.1365202,0.2067343,
72,0.0,0.0108414,0.0193131,0.0327672,0.0720831,0.1203667,0.1798512,0.1788975,0.3174593,0.1343695,0.2037845,0.2784907,
73,0.0,0.0065051,0.0180976,0.0190726,0.0499023,0.0487088,0.0984038,0.0807393,0.2189419,0.2028553,0.1550885,0.1369029,
74,0.0,0.0122014,0.0295696,0.0192079,0.0595792,0.0541614,0.055905,0.0500688,0.0922723,0.0538011,0.1368836,0.0824588,
75,0.0,0.0092639,0.045084,0.064414,0.0809702,0.0792723,0.0653072,0.1249532,0.1652659,0.0806331,0.1283782,0.0538656,
76,0.0,0.0139008,0.0141714,0.0799395,0.0814782,0.0949657,0.0972517,0.2112153,0.1630279,0.1088021,0.1430717,0.0665254,
77,1e-07,0.005504,0.0141504,0.0670309,0.0582931,0.0695369,0.0811549,0.1648043,0.1307992,0.0978125,0.131652,0.0823931,
78,0.0,0.0055301,0.0337368,0.0750898,0.0660994,0.0567096,0.1006749,0.124747,0.1466741,0.0590948,0.1545738,0.0916764,
79,0.0,0.0072086,0.0387818,0.0455784,0.0645777,0.0574498,0.0755048,0.1146065,0.1464166,0.064058,0.1201862,0.1092843,
80,0.0,0.0156691,0.0142476,0.0496877,0.0950266,0.105569,0.0850784,0.0750757,0.0934452,0.1222597,0.0994244,0.0598583,
81,0.0,0.0076092,0.0212796,0.0663268,0.0706181,0.0453428,0.0458203,0.1036884,0.0835954,0.1037627,0.0674957,0.1242167,
82,0.0,0.0055658,0.0340587,0.0491961,0.1062449,0.0674596,0.1043124,0.2030083,0.1790395,0.1126163,0.0766372,0.1061366,
83,0.0,0.0043087,0.0208467,0.0477209,0.0446694,0.0404753,0.0832498,0.1463406,0.0447909,0.0870485,0.0336088,0.1683769,
84,0.0,0.0086754,0.0225976,0.0367113,0.0625775,0.0425138,0.111672,0.0694239,0.0682278,0.0642275,0.0453626,0.1308659,
85,0.0,0.0114693,0.0230189,0.0348353,0.0594413,0.0533202,0.114934,0.0858645,0.0534701,0.1072923,0.0677629,0.0410723,
86,0.0,0.0117371,0.0318688,0.0468968,0.0427338,0.0354785,0.0617652,0.1220164,0.0448982,0.1191223,0.0575434,0.0391693,
87,0.0,0.0039764,0.0407665,0.0470067,0.0802336,0.0426946,0.0713589,0.0700417,0.0601362,0.1082222,0.0627988,0.0561164,
88,0.0,0.0038888,0.0153319,0.0408492,0.0744541,0.0492873,0.0791908,0.0844953,0.0756425,0.1211486,0.0659001,0.0929625,
89,0.0,0.005197,0.011968,0.0477652,0.0655063,0.0922308,0.0977423,0.0677794,0.1035061,0.0981129,0.1131954,0.0911665,
90,0.0,0.0024129,0.0101233,0.0725679,0.0672767,0.1054961,0.090951,0.0567261,0.1107469,0.0776278,0.1008088,0.1188653,
91,0.0,0.0027277,0.0161663,0.0842487,0.0639295,0.0967608,0.0963844,0.1396109,0.1197453,0.1113678,0.1360835,0.0880744,
92,0.0,0.0112389,0.0100166,0.0970733,0.0789407,0.083674,0.1009476,0.211769,0.1077923,0.1407188,0.203408,0.1187396,
93,0.0,0.0042849,0.0445356,0.0886271,0.0659191,0.1582065,0.1274491,0.1061717,0.0925788,0.1217395,0.2371419,0.0713307,
94,0.0,0.0019809,0.0379087,0.0700048,0.0874259,0.1076431,0.0871061,0.1028204,0.0733093,0.105113,0.1617213,0.0531024,
95,0.0,0.001863,0.0222524,0.0743074,0.0640349,0.0933041,0.0509553,0.1061767,0.1008471,0.1042244,0.1426458,0.0685785,
96,0.0,0.0066469,0.0218517,0.1289832,0.0877422,0.0828792,0.1289276,0.1074348,0.129083,0.1323216,0.1434097,0.0856559,
97,0.0,0.0056597,0.0125145,0.0682893,0.0482011,0.100429,0.0482235,0.0599364,0.1243954,0.139579,0.0919382,0.0440143,
98,0.0,0.0111767,0.0202342,0.0450227,0.0408509,0.1090948,0.0570746,0.0596833,0.0909966,0.102186,0.0546574,0.0208622,
99,0.0,0.0067717,0.018927,0.0572132,0.0743108,0.102929,0.0702905,0.0915643,0.0887822,0.0643689,0.0960831,0.0387364,
100,0.0,0.0051656,0.02891,0.0739174,0.0610691,0.0797377,0.0547063,0.0689593,0.089886,0.0711262,0.1046938,0.0660642,
101,0.0,0.002264,0.0197383,0.0699768,0.0681633,0.0994147,0.0622832,0.0236551,0.0809495,0.1055156,0.0810344,0.0822636,
102,0.0,0.0095078,0.0250343,0.0395492,0.0845556,0.0795769,0.0432245,0.0321079,0.0358735,0.0872686,0.0818886,0.0411265,
103,0.0,0.0071826,0.0228459,0.0445317,0.1089674,0.0761557,0.0544826,0.0266608,0.0463321,0.0617826,0.0945778,0.0926234,
104,0.0,0.002927,0.0052702,0.060226,0.1019046,0.0614884,0.0672314,0.058309,0.0813863,0.0694999,0.0873662,0.098475,
105,0.0,0.0049319,0.0121165,0.0397544,0.0465752,0.0719821,0.0994425,0.0582928,0.0785377,0.0752157,0.0767076,0.099508,
106,0.0,0.0064815,0.0191946,0.0504991,0.0364708,0.0695518,0.1084344,0.0737926,0.1261753,0.0702632,0.0879169,0.0967567,
107,0.0,0.0055911,0.0375774,0.029662,0.0210487,0.0504287,0.085318,0.103999,0.1193932,0.0396919,0.0732733,0.081536,
108,0.0,0.0088934,0.0398642,0.021602,0.0222635,0.062621,0.1008113,0.0923798,0.1140288,0.0607121,0.0843446,0.1032259,
109,0.0,0.0108337,0.0135647,0.0234903,0.0534918,0.0669996,0.0807107,0.0491516,0.0628519,0.0321855,0.0232149,0.0906349,
110,0.0,0.0055666,0.0168908,0.0098539,0.0238977,0.063847,0.0449408,0.0264788,0.0297307,0.0707657,0.0656785,0.08656,
111,0.0,0.0029013,0.026107,0.0204115,0.014803,0.0694739,0.0496144,0.0508968,0.0448894,0.0837534,0.0566087,0.0629053,
112,0.0,0.0009798,0.0207371,0.0553197,0.0081553,0.0518459,0.0391869,0.0489404,0.0708303,0.053127,0.0386382,0.0263273,
113,0.0,0.005876,0.0210658,0.0383434,0.0234997,0.0699069,0.0237899,0.0559873,0.0714841,0.0365067,0.0454993,0.0456742,
114,0.0,0.0087454,0.0228786,0.0465271,0.0089002,0.0773689,0.0239706,0.0388994,0.0529535,0.0294353,0.0565336,0.0347281,
115,0.0,0.0105257,0.0137848,0.0467893,0.0364568,0.0396597,0.042608,0.0301355,0.0690879,0.0205981,0.0447133,0.0352308,
116,0.0,0.0155548,0.0215592,0.0283242,0.0452521,0.0330147,0.0347245,0.0488518,0.0723463,0.0090279,0.051306,0.0302364,
117,0.0,0.0107015,0.0411813,0.0168076,0.0672221,0.0556979,0.0615581,0.0457866,0.0490411,0.0357253,0.0188161,0.0083489,
118,0.0,0.0185503,0.0375845,0.0261768,0.0486678,0.0670312,0.0355856,0.0825799,0.059506,0.0587095,0.0252101,0.0038502,
119,0.0,0.0187777,0.029608,0.0397584,0.0553884,0.1047777,0.04599,0.1056212,0.0811734,0.0628094,0.0427984,0.0626017,
120,0.0,0.0167892,0.0418351,0.0617086,0.0778786,0.1000543,0.0723813,0.0429439,0.1069042,0.0602726,0.042781,0.0572746,
121,0.0,0.0024545,0.0294297,0.0617556,0.040156,0.0509035,0.0792671,0.0543031,0.0703271,0.0541232,0.0356216,0.0763773,
122,0.0,0.0088109,0.0381864,0.0600357,0.0155441,0.0783138,0.0753356,0.0802275,0.0662563,0.0476655,0.0578607,0.1018145,
123,0.0,0.0211583,0.0268757,0.0500498,0.0480247,0.0335923,0.058976,0.0229245,0.0763076,0.0269734,0.0511587,0.094893,
124,0.0,0.0063303,0.0174426,0.0244074,0.0784657,0.0463095,0.0488768,0.0764085,0.0666868,0.0285249,0.0346479,0.0447992,
125,0.0,0.0036403,0.0140902,0.0254815,0.0182914,0.0656191,0.0311018,0.035447,0.0562963,0.0293837,0.0230428,0.0144982,
126,0.0,0.0022265,0.0123652,0.0182631,0.0090908,0.0493746,0.0274376,0.0275164,0.048113,0.0167623,0.035693,0.0333812,
127,0.0,0.0037702,0.0129589,0.0313846,0.0078038,0.0215388,0.0300963,0.0272365,0.0453954,0.0627225,0.0623892,0.0162638,
128,0.0,0.004519,0.0124081,0.0171489,0.0199509,0.0904426,0.0289368,0.0157306,0.0524025,0.0270695,0.0535659,0.0595439,
129,0.0,0.0050524,0.0272121,0.0434277,0.0444946,0.0580425,0.0375484,0.0223715,0.0876505,0.0653125,0.051069,0.0587205,
130,0.0,0.0044824,0.027517,0.0217397,0.0221283,0.0520997,0.0433649,0.0393506,0.0617571,0.0499034,0.0481323,0.1033748,
131,0.0,0.0067654,0.0285309,0.0132313,0.0115494,0.0856766,0.0487419,0.0332378,0.0475529,0.039401,0.0733686,0.124451,
132,0.0,0.0050281,0.0066484,0.0334318,0.0326897,0.0812068,0.0518388,0.0432664,0.0686424,0.0432893,0.0704686,0.0820714,
133,0.0,0.0133637,0.0254529,0.0669255,0.0374576,0.0764926,0.1015157,0.0673097,0.1102268,0.0439669,0.0509345,0.0480924,
134,0.0,0.0047699,0.0210291,0.0461923,0.0356656,0.0590816,0.0684864,0.0283266,0.0892448,0.0803846,0.0459135,0.0705876,
135,0.0,0.0098909,0.0496731,0.0511605,0.0332221,0.0534826,0.0373473,0.0084403,0.0814503,0.066812,0.0613278,0.0946558,
136,0.0,0.0028602,0.0281287,0.0459749,0.0211667,0.0534212,0.0849208,0.0187587,0.0686852,0.0470979,0.0678245,0.0894381,
137,0.0,0.0064903,0.0150396,0.0279302,0.0259241,0.0744726,0.0893232,0.0070031,0.0756054,0.0228566,0.06741,0.0846714,
138,0.0,0.0214466,0.0534387,0.0397071,0.0198771,0.052649,0.0866456,0.0532032,0.0348815,0.0335487,0.0938201,0.0643129,
139,0.0,0.0195977,0.0418284,0.0519601,0.0201495,0.0415839,0.079813,0.0653993,0.049085,0.053762,0.061928,0.0697688,
140,0.0,0.0169101,0.0362835,0.0257461,0.0246763,0.0361365,0.0920475,0.0824004,0.0715502,0.0033248,0.0520195,0.0440919,
141,0.0,0.0189603,0.048565,0.0410581,0.0489208,0.0773572,0.0931843,0.0511059,0.0835454,0.019533,0.0674988,0.0479144,
142,0.0,0.0605801,0.0788069,0.1097416,0.180983,0.1669586,0.0708594,0.1348225,0.0879494,0.0656135,0.0632336,0.1012349,
143,0.0,0.0697894,0.0478387,0.0760413,0.0779313,0.0921143,0.0509268,0.1105285,0.0445582,0.0875832,0.0533404,0.042808,
144,0.0,0.0184928,0.0648756,0.0379116,0.0337529,0.0584037,0.0621325,0.0227704,0.0634441,0.0275263,0.0277419,0.0477898,
145,0.0,0.0236263,0.0322219,0.0284969,0.1047404,0.0709085,0.0787078,0.0394836,0.0732549,0.0565681,0.0211663,0.0169458,
146,0.0,0.0083295,0.0286144,0.0257534,0.0618417,0.0568997,0.0714569,0.0583649,0.0613134,0.0464209,0.0276547,0.0159981,
147,0.0,0.012398,0.0276278,0.0214632,0.0553957,0.0581865,0.0598219,0.0268263,0.0532429,0.0400277,0.0228249,0.0384771,
148,0.0,0.011794,0.0087115,0.0382845,0.0532573,0.0784961,0.0617883,0.0352151,0.0603229,0.0506125,0.0269908,0.0313066,
149,0.0,0.0077539,0.0374283,0.021114,0.0352933,0.0584631,0.0368195,0.0440762,0.0634324,0.0608659,0.0255094,0.0311979,
150,0.0,0.0057942,0.0369067,0.0225214,0.0463976,0.0881201,0.0407908,0.0426125,0.0792634,0.0686677,0.027868,0.0655416,
151,0.0,0.0027702,0.0351585,0.0645347,0.0331082,0.0713216,0.0458753,0.0470499,0.0720519,0.0891019,0.025434,0.065337,
152,0.0,0.0026743,0.0185457,0.0372794,0.0569591,0.0861848,0.0520317,0.0493584,0.0864799,0.095407,0.0430779,0.0149996,
153,0.0,0.0023371,0.0161187,0.0286726,0.1098188,0.0871086,0.0570669,0.0615667,0.0803317,0.1077996,0.0767136,0.0372419,
154,0.0,0.0032319,0.0245372,0.0370087,0.1023605,0.1223152,0.04456,0.0612794,0.0972283,0.0999741,0.0901114,0.0720882,
155,0.0,0.004332,0.0490278,0.029988,0.0501612,0.1334461,0.0324742,0.054692,0.1051072,0.0845748,0.1146656,0.0991697,
156,0.0,0.0019602,0.0319699,0.0245132,0.0698179,0.1045312,0.0605283,0.0403841,0.089427,0.0973595,0.1058727,0.0826745,
157,0.0,0.0010075,0.017352,0.0516672,0.0670442,0.0769143,0.088437,0.0522067,0.1083922,0.0880497,0.0825264,0.0483578,
158,0.0,0.0010486,0.0228814,0.0504936,0.0679068,0.0687052,0.0567584,0.0213107,0.0896557,0.0850439,0.0590916,0.0274738,
159,0.0,0.0035861,0.0222096,0.0641299,0.0897267,0.0592332,0.0610239,0.0454127,0.0885399,0.086707,0.0504462,0.0181075,
160,0.0,0.0069082,0.0247129,0.0458328,0.0701172,0.0585211,0.065919,0.072839,0.0914278,0.0663749,0.0386718,0.0574037,
161,0.0,0.0073897,0.0291727,0.0364353,0.0680666,0.0481686,0.0573182,0.0801632,0.0707993,0.0656742,0.0349948,0.0395256,
162,0.0,0.0166393,0.0372457,0.0356757,0.0677219,0.0462643,0.0526916,0.0832154,0.0729441,0.1050243,0.050765,0.0336974,
163,0.0,0.0249845,0.0430921,0.037433,0.0767029,0.0612828,0.0560503,0.0719795,0.0650505,0.0772608,0.0599354,0.0064296,
164,0.0,0.0454677,0.0460891,0.0732447,0.1466928,0.1117132,0.0874731,0.0813289,0.1137015,0.0551465,0.0675274,0.0726442,
165,0.0,0.0630085,0.0398433,0.0772803,0.1147746,0.0642756,0.082864,0.075679,0.1411901,0.0265964,0.076022,0.0926619,
166,0.0,0.0333015,0.0371753,0.0656393,0.1123579,0.06523,0.0731153,0.0848642,0.1570385,0.0403481,0.0819399,0.0861173,
167,1e-07,0.0469437,0.0863249,0.0544326,0.1245628,0.0638769,0.0597359,0.0812345,0.1553129,0.1019132,0.056402,0.084232,
168,1e-07,0.0277243,0.0990552,0.1186249,0.1723013,0.1251756,0.07872,0.1197771,0.2026038,0.0997775,0.0362819,0.1008317,
169,0.0,0.0313946,0.0641739,0.0951027,0.1823567,0.1043534,0.0932771,0.1462733,0.0906981,0.1108079,0.0640668,0.0385214,
170,0.0,0.0254821,0.0274605,0.108971,0.0996223,0.0543531,0.1212286,0.1228784,0.168724,0.0834877,0.0222609,0.0472734,
171,0.0,0.0212691,0.0497604,0.1003832,0.0589645,0.0603008,0.0728139,0.0506061,0.0734806,0.03743,0.0487035,0.0479015,
172,0.0,0.0177131,0.056427,0.0643608,0.0402911,0.0602871,0.0714241,0.0419246,0.0743975,0.036887,0.0648636,0.0532863,
173,0.0,0.0253996,0.0650466,0.042084,0.0773733,0.061943,0.075432,0.0702846,0.0555565,0.0403787,0.0828859,0.0592244,
174,0.0,0.0157968,0.0177024,0.0426466,0.0959192,0.0683348,0.0817702,0.0558931,0.0719949,0.0490133,0.0898292,0.0483045,
175,0.0,0.0131271,0.0326459,0.0303841,0.1120919,0.0901761,0.074291,0.0657777,0.0781267,0.0566857,0.0334075,0.0631399,
176,0.0,0.0138511,0.0437272,0.0381594,0.1045093,0.0942533,0.1010473,0.0712157,0.0793612,0.0432403,0.0232214,0.0893176,
177,0.0,0.0128653,0.0454131,0.0389623,0.0621379,0.0699989,0.075522,0.0621739,0.0372474,0.0490646,0.0525293,0.0745799,
178,1e-07,0.0170075,0.0257276,0.0422568,0.0906756,0.0933943,0.0697339,0.086425,0.0387681,0.0891363,0.0529051,0.0769228,
179,0.0,0.0042729,0.0216284,0.0176137,0.1018916,0.0596469,0.0621315,0.0480886,0.0349794,0.0405069,0.0419591,0.103438,
180,1e-07,0.0120868,0.0182988,0.0113535,0.0967026,0.1099682,0.100957,0.063542,0.0632996,0.0892403,0.0325771,0.0788411,
181,0.0,0.0049172,0.0129431,0.0355455,0.1053097,0.1018183,0.1211063,0.0537034,0.0710571,0.0880767,0.0498711,0.0355094,
182,1e-07,0.0129607,0.0303903,0.0249797,0.0883445,0.0874638,0.1199728,0.088692,0.0484631,0.075536,0.0625286,0.0466822,
183,1e-07,0.0150009,0.0555565,0.0232857,0.1499819,0.0771063,0.0932497,0.0785367,0.0320627,0.0570254,0.09392,0.060409,
184,0.0,0.0146118,0.054528,0.0232446,0.0749327,0.0724444,0.0594561,0.0370629,0.0481908,0.0507716,0.1073118,0.0670868,
185,0.0,0.018482,0.0534022,0.048721,0.127486,0.0748074,0.0926979,0.1667542,0.0497413,0.0619589,0.1172156,0.1414223,
186,0.0,0.0262706,0.0275672,0.0789735,0.1582403,0.0862659,0.1838572,0.2218131,0.0780094,0.1172283,0.1118657,0.1255533,
187,0.0,0.0364914,0.0089418,0.0800189,0.1599992,0.1194878,0.2043816,0.1701483,0.0918757,0.1735206,0.10139,0.1154036,
188,1e-07,0.0533721,0.0392172,0.1075607,0.1501557,0.1376703,0.2242659,0.1724109,0.0904077,0.2633411,0.1188019,0.1937054,
189,0.0,0.0510438,0.06777,0.1759608,0.1849558,0.2439284,0.2586151,0.2079214,0.1455494,0.2686036,0.1278231,0.2607638,
190,1e-07,0.0410435,0.0819027,0.1564256,0.1860196,0.2205494,0.2487178,0.2028823,0.1014969,0.2495256,0.1612129,0.3125992,
191,1e-07,0.1043252,0.0692013,0.1857661,0.2764005,0.3585228,0.3085343,0.2604679,0.1959053,0.3821102,0.2701549,0.4018563,
192,0.0,0.0664252,0.0413399,0.1244326,0.219421,0.2353368,0.2228915,0.106848,0.0509244,0.2062975,0.164524,0.3168397,
193,0.0,0.0529018,0.106816,0.120998,0.1308396,0.2687881,0.1831341,0.1173652,0.1447047,0.1891016,0.0996329,0.1905523,
194,0.0,0.0155757,0.0398449,0.1216699,0.0092359,0.1342415,0.104977,0.1005219,0.1632911,0.1152393,0.1083081,0.1337363,
195,0.0,0.0112048,0.0294717,0.0990304,0.1106601,0.083089,0.0654906,0.1116608,0.0820163,0.1574744,0.0896528,0.0387292,
196,1e-07,0.0094509,0.0308636,0.0702646,0.0796627,0.0566299,0.0474361,0.0799962,0.0600228,0.2142843,0.020141,0.0800461,
197,0.0,0.0162033,0.0320349,0.0309417,0.0468291,0.0952796,0.0403463,0.058162,0.0480766,0.1307009,0.0402878,0.0529688,
198,0.0,0.0103304,0.0196935,0.0478003,0.0280398,0.0897035,0.0359762,0.071256,0.0667842,0.0982418,0.0525434,0.0520935,
199,0.0,0.0020107,0.0209705,0.044726,0.0570507,0.0658041,0.0346049,0.07248,0.0355653,0.0560443,0.0764729,0.0480466,
200,0.0,0.0047145,0.0237136,0.0272825,0.0610259,0.0672378,0.0398346,0.0884776,0.0429489,0.0420406,0.0508132,0.0419767,
201,0.0,0.0017595,0.0265352,0.0431162,0.0366711,0.0509291,0.0503186,0.0849642,0.0223715,0.074977,0.036643,0.0405047,
202,0.0,0.0017716,0.0311946,0.040385,0.0356951,0.0777962,0.0470594,0.0804672,0.0190747,0.0773616,0.0382146,0.0312174,
203,0.0,0.0025365,0.0265758,0.0390899,0.0361458,0.033783,0.0274758,0.0555083,0.0126399,0.0614783,0.0324112,0.0451124,
204,0.0,0.0010665,0.0075575,0.0258977,0.0194521,0.0295625,0.0246188,0.0574218,0.0122599,0.0402432,0.0469695,0.0435873,
205,0.0,0.0010709,0.0082679,0.049551,0.0266705,0.0515863,0.0416915,0.0804418,0.0497343,0.0486798,0.0511913,0.0500787,
206,0.0,0.0009762,0.007694,0.0273128,0.0505149,0.0560176,0.0136629,0.0933343,0.0646842,0.0543296,0.0290245,0.0496855,
207,0.0,0.0023366,0.0100928,0.0187654,0.0541303,0.0701792,0.0154542,0.0562984,0.0738321,0.0593719,0.0666158,0.0174121,
208,0.0,0.0013856,0.0076604,0.0285571,0.0648655,0.0388398,0.0471161,0.0646187,0.0293091,0.0420713,0.0818118,0.0298269,
209,0.0,0.0024363,0.0040211,0.0317317,0.0760859,0.0681075,0.0636169,0.0911149,0.057202,0.0437648,0.0800097,0.0617265,
210,0.0,0.0018033,0.0043024,0.0572358,0.0590998,0.0628707,0.0690898,0.0888487,0.0636371,0.0932735,0.0728126,0.0284091,
211,0.0,0.0010549,0.0137185,0.0771676,0.0315135,0.0576807,0.0819832,0.0643133,0.0240434,0.0722668,0.0542534,0.0335482,
212,0.0,0.0010153,0.0128929,0.0853496,0.0354795,0.0517349,0.0755108,0.0738232,0.063648,0.1119564,0.0701663,0.0841522,
213,0.0,0.0005778,0.0111148,0.1288919,0.062233,0.0725856,0.1574903,0.096147,0.0662523,0.1276365,0.0654149,0.0735222,
214,0.0,0.0013394,0.0118674,0.1344745,0.0801291,0.0870384,0.1402091,0.0892873,0.0596496,0.1493104,0.0798222,0.0373885,
215,0.0,0.0019529,0.0196959,0.1241129,0.1159589,0.0493851,0.0797946,0.1091509,0.0329046,0.1752038,0.1112995,0.1615843,
216,0.0,0.001933,0.014436,0.1023935,0.0625704,0.0660978,0.03584,0.0848115,0.0523845,0.1055193,0.1171131,0.0741141,
217,0.0,0.0020354,0.0306462,0.0900054,0.0909912,0.0525503,0.0498467,0.1064353,0.0496189,0.1202362,0.1228198,0.0814803,
218,0.0,0.0013966,0.0286165,0.0756192,0.1274865,0.0824045,0.0711429,0.1212414,0.040998,0.1240434,0.1685118,0.04761,
219,0.0,0.0010397,0.0165358,0.0266067,0.1306738,0.082973,0.0674712,0.1270376,0.0471647,0.0939603,0.1313828,0.0788129,
220,0.0,0.0025751,0.012128,0.0449767,0.0845852,0.0472413,0.0401382,0.0942891,0.038362,0.1263684,0.1224698,0.0790226,
221,0.0,0.0012331,0.0138311,0.0632695,0.088732,0.0380598,0.062194,0.1059073,0.0658725,0.1250465,0.1414971,0.0521309,
222,0.0,0.0018507,0.0194967,0.0638221,0.0920407,0.04892,0.1085584,0.2069443,0.1104137,0.1071818,0.1980114,0.159395,
223,0.0,0.0020179,0.0417645,0.0345449,0.100022,0.0379464,0.0966636,0.1865579,0.0876631,0.1081108,0.2155319,0.1182422,
224,0.0,0.002745,0.0380092,0.0226605,0.0950175,0.066799,0.0758813,0.2037757,0.0748027,0.1160433,0.1941274,0.1541734,
225,1e-07,0.0023325,0.0282921,0.0050178,0.064254,0.0814218,0.080225,0.1904736,0.0872586,0.1164966,0.1331241,0.0801105,
226,1e-07,0.0027775,0.0328328,0.0552001,0.0589629,0.0741297,0.0748018,0.2183136,0.0630522,0.1254968,0.1483808,0.1122536,
227,0.0,0.0051831,0.0195968,0.0419117,0.0228848,0.0833981,0.0563124,0.2056784,0.0558151,0.160397,0.1477226,0.0302138,
228,0.0,0.0045703,0.0101673,0.0396902,0.0442141,0.1010845,0.0762193,0.2075664,0.0702304,0.1661266,0.1689941,0.1324056,
229,0.0,0.0026914,0.0152078,0.0509802,0.0444083,0.0418838,0.0936461,0.1865325,0.0734265,0.1304791,0.1456517,0.0998728,
230,0.0,0.0018901,0.0091881,0.0409673,0.0621603,0.0322955,0.0491094,0.1765524,0.0770258,0.1021877,0.0845543,0.0779319,
231,0.0,0.001385,0.0059902,0.0423314,0.0801433,0.072291,0.0427717,0.1970946,0.0588551,0.112684,0.1045275,0.0587744,
232,0.0,0.0025271,0.0115407,0.0447377,0.0442943,0.0424925,0.0342377,0.2214798,0.0848588,0.1395478,0.1242343,0.0637053,
233,0.0,0.0021643,0.0396697,0.0423473,0.0521101,0.0499728,0.0601633,0.1561298,0.0813351,0.0862116,0.106673,0.0561896,
234,0.0,0.0024548,0.0328702,0.0354817,0.076796,0.0306921,0.0752166,0.1682716,0.0503155,0.0305686,0.0951191,0.0668884,
235,0.0,0.0056545,0.0337699,0.0522286,0.0599311,0.0443198,0.0813753,0.1167593,0.0918982,0.0188334,0.0291094,0.1155096,
236,0.0,0.0066458,0.0395953,0.0722577,0.0828933,0.0885839,0.060483,0.1917986,0.095073,0.0169198,0.0392072,0.1016216,
237,0.0,0.0059832,0.0241585,0.036413,0.0664085,0.0906216,0.0483899,0.1272594,0.0382232,0.0465228,0.0492413,0.0960889,
238,0.0,0.0050696,0.0119854,0.0271581,0.0330807,0.096148,0.0546896,0.0941824,0.0212574,0.064584,0.0639214,0.0950399,
239,0.0,0.0038105,0.0178148,0.0377606,0.0583663,0.0504161,0.0507411,0.073536,0.0085715,0.0367862,0.0759013,0.0697848,
240,0.0,0.00254,0.0176987,0.0673177,0.0632769,0.0593445,0.0539256,0.150323,0.0434186,0.0505885,0.0615259,0.0302132,
241,0.0,0.0031228,0.0326093,0.0563748,0.0473142,0.0653282,0.060644,0.2065908,0.0332436,0.0658367,0.1014048,0.0290122,
242,0.0,0.0031982,0.0312959,0.0441878,0.0188376,0.0641281,0.0773357,0.20216,0.0428393,0.0690783,0.0903841,0.042744,
243,0.0,0.0049021,0.0433165,0.0579866,0.0224479,0.0747872,0.0539424,0.2470476,0.1167585,0.1836652,0.0662934,0.09761,
244,0.0,0.0024974,0.0394915,0.0369093,0.0319868,0.056727,0.0774507,0.2300581,0.1149361,0.1719257,0.0893302,0.0842483,
245,0.0,0.0033899,0.0392433,0.0462427,0.0475837,0.1113043,0.0496449,0.2206527,0.0555607,0.071182,0.091185,0.0894032,
246,0.0,0.0031446,0.0364755,0.0584958,0.0424285,0.1016009,0.0217298,0.210782,0.0192997,0.0612592,0.0430365,0.0470991,
247,1e-07,0.0032192,0.0406202,0.0510536,0.0565495,0.0992098,0.0474348,0.2171973,0.0322353,0.0604482,0.0378589,0.0708891,
248,1e-07,0.0030261,0.0235749,0.0509109,0.0538318,0.1047838,0.0510323,0.16491,0.0614183,0.0705811,0.0452177,0.0647384,
249,1e-07,0.0029268,0.0248175,0.0285602,0.0316218,0.0918498,0.060971,0.1298309,0.0602826,0.0626818,0.04046,0.0409813,
250,0.0,0.0023405,0.0255662,0.0210198,0.0624383,0.0523289,0.0397227,0.1532692,0.1005765,0.0240091,0.0441648,0.0522667,
251,0.0,0.0008473,0.0204071,0.0253997,0.0230744,0.0571314,0.0582452,0.1587899,0.1027269,0.0553538,0.085346,0.0510537,
252,0.0,0.0015885,0.0075785,0.0581337,0.013333,0.0542669,0.078857,0.1579872,0.0832852,0.0555053,0.0928706,0.051004,
253,0.0,0.000837,0.0168208,0.0544024,0.0237608,0.0672284,0.0642421,0.1183615,0.0540702,0.0365052,0.0788029,0.0369645,
254,0.0,0.0019701,0.00974,0.0616543,0.0198918,0.0691548,0.1044121,0.1988034,0.0408028,0.0365976,0.0575627,0.0278521,
255,0.0,0.0023297,0.0314278,0.0809219,0.0484472,0.0992949,0.0963867,0.1850446,0.028935,0.0294091,0.0998707,0.0643684,
256,1e-07,0.0019632,0.0217929,0.0622636,0.0735229,0.1016915,0.0700004,0.1621225,0.0832583,0.0533038,0.1483399,0.0514544,
257,1e-07,0.0010717,0.0090729,0.0671979,0.031557,0.0600872,0.0860334,0.1341511,0.057024,0.0407444,0.1289164,0.0282698,
258,1e-07,0.0012148,0.0568469,0.0783483,0.0282297,0.0261551,0.0618115,0.2197773,0.0632146,0.0581352,0.1406842,0.0137782,
259,0.0,0.0010833,0.0157293,0.0700686,0.046614,0.0414428,0.1139291,0.1631213,0.0181776,0.0434989,0.121863,0.0435025,
260,0.0,0.0012255,0.0165565,0.0144349,0.0528415,0.0472933,0.1226598,0.1752916,0.0758404,0.0211253,0.0728467,0.0519197,
261,0.0,0.0013441,0.0081447,0.0241559,0.0684752,0.0373927,0.1274348,0.1710664,0.0653445,0.0279596,0.0356924,0.0423724,
262,0.0,0.0010279,0.020683,0.0348642,0.0620822,0.0449301,0.0858218,0.145482,0.0933476,0.0474275,0.0754161,0.1025661,
263,0.0,0.0023293,0.0113771,0.0291759,0.0308589,0.0319346,0.094503,0.1126984,0.0311575,0.0580637,0.0908773,0.0874911,
264,0.0,0.0005337,0.0099249,0.036115,0.0586017,0.0508601,0.1000894,0.1506651,0.0512268,0.0570451,0.058956,0.0551383,
265,0.0,0.0014017,0.010223,0.0506218,0.0515985,0.0351193,0.0750938,0.1421932,0.0543026,0.0567941,0.0626496,0.0492824,
266,0.0,0.0012341,0.0152199,0.0267318,0.0612542,0.0297679,0.0715219,0.1161686,0.0494231,0.0963959,0.1065546,0.0750087,
267,0.0,0.0017201,0.0134014,0.0357739,0.068809,0.0244933,0.0883071,0.0997183,0.070215,0.088227,0.1289387,0.0785749,
268,0.0,0.0019774,0.0143867,0.0335707,0.0490559,0.013563,0.0499736,0.1061109,0.0754224,0.065211,0.1024959,0.0677305,
269,0.0,0.0009266,0.020456,0.0116614,0.043541,0.0228507,0.0193561,0.131885,0.0403836,0.079927,0.0877739,0.0477953,
270,0.0,0.0010353,0.0268208,0.0373882,0.0644559,0.0311777,0.0516498,0.1060291,0.0265283,0.1029885,0.0837923,0.0536932,
271,0.0,0.0025887,0.0104593,0.0185438,0.0442585,0.0586237,0.059736,0.103998,0.0319083,0.11132,0.0663162,0.0627887,
272,0.0,0.0016544,0.0074652,0.0224968,0.0337829,0.0577983,0.068204,0.1468176,0.0440176,0.089858,0.0613,0.1232385,
273,0.0,0.0032881,0.0251707,0.0513331,0.0547857,0.0346074,0.1267353,0.1715657,0.0448604,0.0699192,0.0861383,0.1111777,
274,0.0,0.0027055,0.0061798,0.0416122,0.0336861,0.1387261,0.0944589,0.2406912,0.0586274,0.1471175,0.1072387,0.2350109,
275,0.0,0.0040518,0.0329765,0.0566592,0.0297986,0.1094795,0.0935073,0.1715382,0.0244926,0.1353565,0.1496096,0.1157896,
276,0.0,0.0034631,0.0222317,0.0466609,0.0379338,0.1004703,0.0854437,0.1061732,0.1238793,0.1093289,0.138302,0.1032919,
277,0.0,0.0037641,0.0226955,0.0553816,0.0608243,0.1349636,0.054476,0.1292049,0.1446185,0.1172123,0.1542405,0.148588,
278,0.0,0.0035738,0.0294719,0.1204152,0.0557078,0.0800486,0.0800998,0.1458056,0.0730006,0.1408276,0.1112446,0.0821586,
279,0.0,0.0017383,0.020309,0.0229293,0.0502175,0.091552,0.106738,0.1209899,0.1017111,0.1384948,0.1090952,0.1154675,
280,0.0,0.0019827,0.0177592,0.0470514,0.0539071,0.0634188,0.1291528,0.1229344,0.0932981,0.1266416,0.104605,0.0802795,
281,0.0,0.0005885,0.0208806,0.071625,0.0798862,0.0068504,0.0477092,0.1029061,0.0802337,0.084186,0.0766128,0.0487359,
282,0.0,0.0023045,0.0098267,0.0675058,0.0546762,0.0375669,0.0491539,0.0926839,0.0786439,0.1212773,0.0898235,0.0415256,
283,0.0,0.0064102,0.0250235,0.1264549,0.0585621,0.0450296,0.0416686,0.1014407,0.1050295,0.0993495,0.0915938,0.1000133,
284,0.0,0.0063857,0.0147923,0.0924354,0.0748882,0.0558401,0.0440923,0.1000371,0.1355096,0.0378661,0.0561097,0.0550532,
285,0.0,0.0067971,0.0404873,0.0770704,0.0578719,0.0521744,0.0461698,0.0849157,0.1316855,0.0489698,0.0741595,0.032767,
286,0.0,0.0100542,0.0384376,0.0713908,0.06462,0.0765237,0.0419446,0.0696194,0.0594696,0.0442654,0.0872298,0.0566908,
287,0.0,0.0022667,0.0324438,0.072137,0.0549829,0.0452032,0.0148717,0.0548511,0.0359741,0.0558854,0.0631777,0.0655707,
288,0.0,0.0059599,0.0326758,0.027812,0.0428639,0.0573634,0.0354073,0.0519592,0.0173104,0.0597413,0.0676315,0.0858029,
289,0.0,0.0038334,0.0099583,0.020973,0.037304,0.0565968,0.007042,0.053005,0.0197311,0.0727511,0.04262,0.0941087,
290,0.0,0.0009402,0.020836,0.019201,0.0506253,0.0437497,0.009876,0.0388518,0.0256553,0.1028413,0.0288957,0.0759398,
291,0.0,0.0029863,0.02993,0.0207204,0.0297742,0.0249267,0.0307559,0.0523389,0.0580363,0.0531088,0.0748373,0.0571714,
292,0.0,0.0037034,0.0217444,0.0357792,0.0107319,0.0477524,0.0375664,0.0444549,0.0342979,0.0506664,0.0694593,0.0156701,
293,0.0,0.003985,0.0080757,0.0919768,0.004099,0.0378058,0.0462129,0.0852361,0.0309393,0.078881,0.0708159,0.0323184,
294,0.0,0.0042522,0.0087296,0.0374584,0.0573439,0.0513218,0.069981,0.0819543,0.0457438,0.0934382,0.025222,0.0396703,
295,0.0,0.0038719,0.0325835,0.0375747,0.0486055,0.0471644,0.0401893,0.0660958,0.0191221,0.0882758,0.0806191,0.0210998,
296,0.0,0.0021552,0.0245754,0.0556526,0.0467487,0.0416609,0.0718655,0.0490616,0.0457684,0.1049056,0.0765346,0.0071432,
297,0.0,0.0032321,0.0287863,0.0400858,0.0472874,0.0447075,0.0482329,0.0353456,0.059235,0.1584973,0.1013631,0.0284552,
298,0.0,0.001042,0.0199166,0.0381607,0.0450203,0.0238259,0.0060791,0.0498172,0.0398595,0.1172095,0.0829367,0.0363279,
299,0.0,0.0027393,0.0221908,0.0444355,0.0484199,0.0446612,0.0205609,0.0409172,0.0488837,0.1406994,0.0937217,0.0724446,
300,0.0,0.0009114,0.0259255,0.0270306,0.0175214,0.0502819,0.0138097,0.0363229,0.0197667,0.1044248,0.1082521,0.0741853,
301,0.0,0.0014539,0.0128363,0.0296854,0.0525982,0.0398599,0.0290811,0.0116092,0.0310748,0.0981283,0.1145112,0.066174,
302,0.0,0.0020028,0.059915,0.0456525,0.0562845,0.0765864,0.0287895,0.0214565,0.0234328,0.1019797,0.0983647,0.0271144,
303,0.0,0.001814,0.0578267,0.0554451,0.0332927,0.0431702,0.0544589,0.0123198,0.0306374,0.0887917,0.1238466,0.019782,
304,0.0,0.0029645,0.037994,0.0636376,0.0255278,0.0786883,0.0479902,0.0473678,0.0155057,0.0716334,0.1028139,0.0330071,
305,0.0,0.0022258,0.0260615,0.0415733,0.0466866,0.1268058,0.0292187,0.0238795,0.0203014,0.0973103,0.1097713,0.0761574,
306,0.0,0.0034189,0.0457225,0.0805794,0.0482471,0.15288,0.0471381,0.0203745,0.0481619,0.1074825,0.1161259,0.0599842,
307,0.0,0.0207155,0.0437184,0.0616394,0.0674608,0.054245,0.0568801,0.0807739,0.1307904,0.0303039,0.0471561,0.0257254,
308,0.0,0.0197413,0.0351036,0.0816296,0.0476694,0.0134487,0.106416,0.0289343,0.0403591,0.0607726,0.064171,0.0778948,
309,0.0,0.014692,0.0367201,0.0323065,0.0559683,0.0408518,0.0899008,0.0391915,0.0367629,0.0611169,0.0466921,0.0836118,
310,0.0,0.021935,0.029113,0.0381169,0.0526733,0.0480815,0.046798,0.0407607,0.0382772,0.0919312,0.0610382,0.0810978,
311,0.0,0.0114106,0.0185833,0.0365947,0.0610023,0.0585377,0.0365614,0.0381382,0.0889737,0.1361048,0.0766518,0.1200119,
312,0.0,0.0072007,0.021729,0.0453926,0.103198,0.0684453,0.0385712,0.0340617,0.1111065,0.1446257,0.0722157,0.0759802,
313,0.0,0.0050381,0.0118615,0.0231808,0.0694967,0.0559046,0.0459444,0.0099438,0.0556392,0.0335121,0.0615677,0.0416998,
314,0.0,0.0039836,0.0165919,0.0139858,0.0500852,0.0296234,0.0701114,0.0245212,0.0563033,0.0230826,0.0421753,0.06081,
315,0.0,0.0017793,0.0133959,0.0241325,0.0476215,0.0282491,0.0714533,0.0760231,0.0880133,0.0307758,0.0737516,0.0305608,
316,0.0,0.0024266,0.0381324,0.019378,0.0796426,0.0338186,0.0770747,0.0472216,0.0808899,0.0311679,0.069432,0.036361,
317,0.0,0.0037552,0.0402906,0.0357588,0.0840892,0.0669845,0.1022136,0.0775591,0.0942322,0.0141805,0.0650018,0.0438604,
318,0.0,0.0021859,0.0200724,0.0319466,0.102865,0.1067969,0.1172099,0.0934808,0.1181561,0.0655494,0.076374,0.070817,
319,0.0,0.0029798,0.0131698,0.0215139,0.0744651,0.064337,0.0615332,0.0538039,0.0816473,0.0384902,0.0624303,0.0820709,
320,0.0,0.0010135,0.036957,0.055008,0.0774778,0.0377978,0.0619511,0.0839917,0.0667229,0.0376201,0.0812671,0.0846255,
321,0.0,0.0053601,0.0466702,0.0642216,0.091797,0.0299713,0.0761884,0.0719656,0.0716152,0.0517248,0.0973344,0.1353974,
322,0.0,0.0031705,0.0133213,0.0107858,0.0387399,0.0322427,0.044524,0.0627333,0.0703279,0.0575372,0.0383246,0.0967104,
323,0.0,0.0016731,0.0172714,0.01096,0.0321666,0.0428494,0.0480062,0.0711087,0.0720541,0.0911715,0.0380647,0.0518835,
324,0.0,0.0018325,0.0151535,0.0294431,0.0233345,0.053309,0.0559541,0.0623877,0.04939,0.0722273,0.046213,0.0471689,
325,0.0,0.0018698,0.0260053,0.0230153,0.0711041,0.0460603,0.0498585,0.0653587,0.0964943,0.1066483,0.0456272,0.082904,
326,0.0,0.0018656,0.0121592,0.0446175,0.0705618,0.0353942,0.0208128,0.069074,0.094438,0.0996795,0.0410653,0.0626703,
327,0.0,0.0018511,0.0098699,0.0591549,0.0701814,0.0988261,0.0550896,0.1079676,0.0612504,0.0669161,0.0434728,0.0377813,
328,0.0,0.0010093,0.0136817,0.0771966,0.0702271,0.0570348,0.0479495,0.1592202,0.1187323,0.0662204,0.0434442,0.0616651,
329,0.0,0.0038155,0.0141109,0.1068373,0.1214817,0.0604718,0.0472644,0.1545997,0.1823076,0.1159789,0.1509196,0.0956967,
330,0.0,0.0019317,0.0289672,0.0484749,0.1186574,0.0694579,0.0525709,0.1321457,0.1289649,0.0468978,0.1825881,0.1962161,
331,0.0,0.0026938,0.053463,0.0510351,0.0733046,0.0337291,0.0406303,0.1026023,0.0904604,0.1021276,0.0756635,0.0970204,
332,0.0,0.001884,0.0715037,0.0430596,0.08261,0.0318482,0.060822,0.0782825,0.1013871,0.1011663,0.024784,0.0612136,
333,0.0,0.0017821,0.0386173,0.0529795,0.1405412,0.019599,0.07056,0.0323366,0.0801238,0.0717759,0.0331974,0.0576777,
334,0.0,0.0018584,0.0146332,0.041492,0.0841445,0.0533135,0.0244101,0.02918,0.0532897,0.0697974,0.0574751,0.0378848,
335,0.0,0.0018511,0.0109855,0.0528764,0.0882402,0.0271464,0.0355252,0.0407618,0.0968103,0.0678012,0.0795217,0.0305353,
336,0.0,0.0011127,0.0104096,0.0327335,0.052688,0.0294031,0.0655432,0.0218197,0.0717198,0.0686257,0.0651858,0.0254857,
337,0.0,0.0027673,0.0067837,0.0446074,0.0193884,0.0444013,0.0335657,0.0594562,0.0733703,0.0688414,0.066385,0.0309016,
338,0.0,0.002406,0.0126839,0.0261966,0.0528118,0.040946,0.0721022,0.0903361,0.040276,0.05322,0.0830438,0.0578182,
339,0.0,0.0031772,0.0229851,0.0150239,0.0454267,0.0408419,0.1112203,0.1071994,0.109463,0.0949026,0.0978257,0.0271482,
340,0.0,0.0031254,0.0184861,0.0205365,0.0417726,0.0410697,0.0839298,0.1012341,0.1228089,0.1130904,0.1569153,0.0911558,
341,0.0,0.0018279,0.0237342,0.0193761,0.0309229,0.0359483,0.0538678,0.1166463,0.0775854,0.098674,0.0854168,0.0172372,
342,0.0,0.0009951,0.0114528,0.0518286,0.025763,0.0407654,0.030752,0.0668665,0.0697643,0.1164939,0.0639398,0.0446339,
343,0.0,0.0016539,0.021529,0.0421141,0.0416769,0.033531,0.0404642,0.0277723,0.0721009,0.1063543,0.0572855,0.0471984,
344,0.0,0.0017715,0.0220302,0.009957,0.0654868,0.04241,0.0394046,0.0420228,0.0856757,0.0697364,0.0311071,0.0256434,
345,0.0,0.0006583,0.0175254,0.0254609,0.0490692,0.0394399,0.0273234,0.0174186,0.0825228,0.0875844,0.0516484,0.0599866,
346,0.0,0.0015095,0.0309268,0.0277883,0.0535327,0.038975,0.026115,0.0184904,0.0700775,0.0990338,0.0635472,0.0772966,
347,1e-07,0.00282,0.0297439,0.024282,0.0782801,0.085677,0.0644057,0.0496279,0.0649933,0.0855752,0.0305497,0.0909142,
348,1e-07,0.0011089,0.0115409,0.020273,0.0448724,0.1130004,0.1052,0.0504967,0.0921493,0.0951691,0.030173,0.0831651,
349,0.0,0.0019247,0.021082,0.0590482,0.0584184,0.106662,0.0934422,0.1064941,0.0954881,0.09958,0.1078282,0.0977301,
350,0.0,0.0031756,0.025808,0.0398802,0.0655208,0.1382463,0.0979478,0.0969851,0.0810739,0.0667675,0.1480437,0.1054929,
351,0.0,0.002308,0.0425891,0.0946011,0.0301693,0.1094224,0.1204827,0.0803392,0.0961315,0.1035286,0.1043326,0.1022428,
352,0.0,0.0052417,0.0147392,0.1018108,0.0358001,0.1176682,0.1294784,0.132369,0.0961296,0.1167182,0.0957082,0.1066675,
353,0.0,0.0027695,0.0268314,0.0654095,0.0459151,0.0755729,0.0694139,0.1463055,0.1393641,0.124096,0.0692953,0.063349,
354,0.0,0.0045621,0.0263275,0.0400636,0.0395392,0.0885709,0.0594832,0.1172599,0.0924197,0.092607,0.1184126,0.0479622,
355,0.0,0.00331,0.021478,0.0562604,0.0605687,0.0653993,0.0609997,0.1375573,0.1290419,0.1603466,0.0859625,0.0867206,
356,0.0,0.0013779,0.0299523,0.0810879,0.0744379,0.0572096,0.1163051,0.1392722,0.0906025,0.1564692,0.1954613,0.1778034,
357,1e-07,0.0048006,0.0286547,0.0609449,0.0750408,0.013793,0.0983131,0.1244707,0.0732566,0.1299802,0.2374591,0.1691397,
358,1e-07,0.0067716,0.0482042,0.0827251,0.0783939,0.0246188,0.081165,0.0894392,0.0941932,0.0830747,0.2644235,0.1941848,
359,1e-07,0.0064974,0.0320988,0.0839842,0.0808263,0.0951128,0.0825035,0.0912427,0.0697691,0.071343,0.2184047,0.190745,
360,1e-07,0.0039155,0.0494636,0.0517467,0.089467,0.0698567,0.0786531,0.0825799,0.0637469,0.0935904,0.1359759,0.1269011,
361,1e-07,0.0062735,0.0354865,0.0728931,0.1202343,0.1317283,0.077684,0.0906374,0.0934985,0.0825096,0.1813046,0.1632067,
362,1e-07,0.0037883,0.0290665,0.0910711,0.1454293,0.1831,0.1062023,0.1222969,0.0498378,0.0819288,0.218089,0.1480168,
363,1e-07,0.0045256,0.0473559,0.0621485,0.1574829,0.1651765,0.1134674,0.1575438,0.0344339,0.1407981,0.1702514,0.1309406,
364,1e-07,0.0083803,0.0512985,0.0689066,0.1387379,0.1639785,0.1088008,0.1641244,0.05326,0.146628,0.1475192,0.0720629,
365,1e-07,0.0077322,0.0233395,0.0802821,0.1836074,0.1661819,0.1161221,0.1304406,0.0764975,0.1558992,0.1010142,0.0347015,
366,0.0,0.0028108,0.0176365,0.0949481,0.0857144,0.1258482,0.1153839,0.1218422,0.0909565,0.156797,0.0811706,0.1212462,
367,0.0,0.0016971,0.0163172,0.0830166,0.1379728,0.1848851,0.1120365,0.1238874,0.1624044,0.1670978,0.0816186,0.1011376,
368,1e-07,0.0016717,0.0273857,0.1113396,0.1347184,0.1502715,0.1287718,0.2064757,0.1170365,0.1038041,0.1099434,0.0755899,
369,1e-07,0.0060566,0.0498157,0.1243613,0.126842,0.1702482,0.105093,0.1226613,0.0463517,0.1144089,0.1134934,0.0491425,
370,0.0,0.0047824,0.0656276,0.1117078,0.1268906,0.1693672,0.0778695,0.1460498,0.135474,0.1295758,0.1022145,0.0526243,
371,0.0,0.0009355,0.0348893,0.1371477,0.0973419,0.1669543,0.0840323,0.1369838,0.0715815,0.1232377,0.107728,0.0714781,
372,0.0,0.0018794,0.0419411,0.1114816,0.038385,0.0539146,0.0714779,0.1610451,0.0505225,0.1367353,0.1021166,0.0800752,
373,0.0,0.0011236,0.0164172,0.0944467,0.0393296,0.0593763,0.0733696,0.1088772,0.03501,0.1323598,0.073106,0.0573507,
374,0.0,0.0028192,0.0071242,0.1024152,0.0517881,0.0724809,0.0633696,0.0975029,0.0538762,0.097694,0.0421566,0.0433454,
375,0.0,0.0040728,0.0133455,0.0569301,0.070875,0.0655394,0.0852783,0.0891787,0.0617495,0.1281133,0.0493763,0.0187073,
376,0.0,0.0049207,0.0334864,0.0467764,0.1261204,0.0828232,0.1602806,0.1062746,0.0438367,0.1369694,0.046855,0.0839772,
377,0.0,0.0036757,0.0204973,0.0344775,0.0822543,0.0835865,0.1352314,0.0786263,0.0436835,0.2354268,0.0593109,0.1118823,
378,0.0,0.0040396,0.0238501,0.0324204,0.067378,0.0490012,0.1304748,0.1180371,0.0290895,0.0561691,0.054485,0.0657118,
379,0.0,0.0045997,0.030453,0.0653121,0.0943455,0.1415936,0.1364347,0.1256377,0.031331,0.0726331,0.0611762,0.050215,
380,0.0,0.0041174,0.0242466,0.0720267,0.1313378,0.1077987,0.1214852,0.1080025,0.0451025,0.0642152,0.0500351,0.0738261,
381,0.0,0.0031834,0.0243825,0.1121779,0.1906341,0.080503,0.0825582,0.1013684,0.0508867,0.0842539,0.0901699,0.0716415,
382,0.0,0.002554,0.0359042,0.11855,0.1949993,0.0707749,0.0780494,0.1128175,0.0573233,0.0646467,0.0916234,0.0366829,
383,1e-07,0.0022731,0.0440236,0.0695489,0.1248982,0.0510838,0.0984748,0.1220686,0.0760141,0.0815284,0.0856307,0.0525165,
384,0.0,0.0071113,0.0381081,0.0416063,0.1141546,0.0813424,0.1378143,0.1653004,0.1264315,0.0944017,0.0894704,0.0515789,
385,0.0,0.0071207,0.0547747,0.0441133,0.0619486,0.0591403,0.1276212,0.1833652,0.1176945,0.0916745,0.1149486,0.0670383,
386,0.0,0.0016648,0.0230799,0.0229369,0.0665132,0.0693665,0.0548516,0.1478686,0.0927495,0.0949209,0.1229362,0.0339139,
387,0.0,0.0022403,0.0478758,0.0224866,0.051169,0.0590043,0.050975,0.0649525,0.0877868,0.1134924,0.0848491,0.0381655,
388,0.0,0.0023078,0.0319752,0.0281002,0.0583629,0.1032993,0.0767671,0.122166,0.0868619,0.1064151,0.1034142,0.0583907,
389,0.0,0.0032692,0.0453749,0.0345662,0.0542313,0.1163045,0.048455,0.1075517,0.0405426,0.1094139,0.0917658,0.052798,
390,0.0,0.0016745,0.0226815,0.0371166,0.0370949,0.0743697,0.0510506,0.0683282,0.0304122,0.0620136,0.0969419,0.0774914,
391,0.0,0.0018122,0.0161754,0.0427407,0.0481718,0.0451468,0.0317095,0.0711827,0.0479177,0.0860004,0.0787314,0.0654109,
392,0.0,0.0021108,0.0267375,0.0506261,0.0698087,0.059566,0.04387,0.0660423,0.0568775,0.0972849,0.0637514,0.045076,
393,0.0,0.0018248,0.0160564,0.055832,0.0895815,0.0446867,0.0468141,0.049748,0.1135684,0.1089318,0.0574306,0.0229362,
394,0.0,0.0018438,0.019413,0.0339993,0.0413277,0.0526258,0.0505495,0.0763186,0.0887852,0.1295345,0.0785847,0.0103611,
395,0.0,0.0023469,0.0158809,0.0500406,0.0613293,0.0678775,0.0547609,0.1232025,0.09985,0.0844721,0.086044,0.0424639,
396,0.0,0.0028076,0.0110181,0.0372363,0.148853,0.0445961,0.0901869,0.1315081,0.0961012,0.0992074,0.1155873,0.0526792,
397,0.0,0.0023575,0.0264843,0.0312297,0.1254546,0.0557323,0.1149317,0.0920718,0.1332926,0.0991481,0.1061744,0.0260523,
398,0.0,0.0028066,0.0130534,0.042092,0.0662074,0.0897051,0.1775343,0.0830777,0.1466851,0.12327,0.15985,0.0616465,
399,0.0,0.0045808,0.0268799,0.0449588,0.1135221,0.0843189,0.1498569,0.074828,0.1649819,0.1076585,0.1074113,0.0623911,
400,0.0,0.0008508,0.023,0.0555201,0.0889685,0.0888525,0.0821042,0.0809171,0.1497501,0.1452919,0.1488758,0.0601642,
401,0.0,0.003805,0.0202801,0.021975,0.0774055,0.0645907,0.0594701,0.0745752,0.1395144,0.113476,0.1393299,0.0688471,
402,0.0,0.0060689,0.0046757,0.0716287,0.0800284,0.0796999,0.075899,0.0858959,0.1432959,0.1553006,0.2219805,0.1368732,
403,0.0,0.0075302,0.0193907,0.0588536,0.0953445,0.0797932,0.0730272,0.0591074,0.1154334,0.1294924,0.1716657,0.1200262,
404,0.0,0.0031488,0.0469102,0.0341681,0.101594,0.0765373,0.0812996,0.0839565,0.0810745,0.1124467,0.0991733,0.0775357,
405,0.0,0.0021886,0.0290691,0.0250989,0.1067173,0.1012996,0.096703,0.0991639,0.0779335,0.1032107,0.0838482,0.0973939,
406,0.0,0.0055516,0.0220504,0.0209172,0.0841162,0.1603858,0.0972126,0.0819096,0.1004125,0.0917123,0.1279837,0.1182932,
407,0.0,0.0025186,0.0100793,0.0250551,0.0670967,0.1031795,0.0609606,0.1115804,0.0693468,0.0428941,0.1436504,0.0984504,
408,0.0,0.0046823,0.0368469,0.0209283,0.0684299,0.0722631,0.0550641,0.0460494,0.0456856,0.0517336,0.0767953,0.0565394,
409,0.0,0.0016694,0.0192878,0.0388521,0.0897093,0.0829472,0.0565696,0.0436757,0.0277199,0.0345244,0.0804898,0.0885156,
410,0.0,0.0041603,0.0221931,0.061746,0.0723866,0.0849129,0.0715,0.0258556,0.0265692,0.0549879,0.1162894,0.0909079,
411,0.0,0.0043598,0.0163468,0.0403816,0.038652,0.0860223,0.0809412,0.0387703,0.0295502,0.0742522,0.1230031,0.0927947,
412,0.0,0.002089,0.0132335,0.0340829,0.0401918,0.0925606,0.0216188,0.0325392,0.0433065,0.0745024,0.0583336,0.0907918,
413,0.0,0.0025935,0.0215635,0.0413973,0.0417699,0.0397479,0.0245077,0.0481893,0.0561372,0.0831796,0.0455227,0.0642599,
414,0.0,0.0020535,0.0104829,0.0471553,0.0591226,0.0389416,0.0142967,0.0416357,0.0422922,0.0799577,0.0428796,0.0499558,
415,0.0,0.0035113,0.0292057,0.0500093,0.0560851,0.0969623,0.0539274,0.0465359,0.0186526,0.0697593,0.0358298,0.0155983,
416,0.0,0.0035944,0.0310698,0.0470045,0.0586504,0.0224569,0.0810884,0.0629584,0.0399593,0.0703565,0.0174498,0.0182147,
417,0.0,0.0030606,0.0167983,0.0150124,0.0388638,0.0573066,0.0562039,0.0344407,0.0278039,0.0759954,0.0568891,0.028711,
418,0.0,0.0016667,0.0183497,0.0188609,0.0379189,0.0497481,0.0286703,0.047891,0.0202497,0.0578787,0.0279759,0.0297253,
419,0.0,0.0018807,0.0079551,0.0303321,0.0091739,0.051604,0.0588023,0.0342567,0.0485722,0.0132217,0.0133844,0.0121336,
420,0.0,0.0014823,0.0122255,0.0276154,0.0137825,0.07788,0.0319943,0.0406133,0.0285368,0.0289038,0.0593046,0.0448027,
421,0.0,0.0005969,0.0165677,0.0261922,0.0303145,0.0653108,0.021024,0.0574124,0.0328942,0.0290444,0.0476147,0.0544871,
422,0.0,0.0017955,0.0045559,0.0658172,0.0470802,0.0733556,0.0189907,0.0231465,0.0459651,0.0496915,0.0625984,0.0348707,
423,0.0,0.0017973,0.0134352,0.0597278,0.0359322,0.0376536,0.0389737,0.0281733,0.0406146,0.0468405,0.0895231,0.0488941,
424,0.0,0.0010249,0.0180307,0.0544431,0.0640026,0.0697395,0.0184961,0.0580408,0.0513862,0.0676695,0.0798263,0.0648564,
425,0.0,0.0026843,0.0171002,0.072543,0.1218784,0.016023,0.0348237,0.0287385,0.1086024,0.1283017,0.0402686,0.0587204,
426,0.0,0.0028835,0.0215122,0.0351,0.0847899,0.0492028,0.0397061,0.0778828,0.0922509,0.0497661,0.0438343,0.0726375,
427,0.0,0.0018083,0.0099098,0.065711,0.0264846,0.0718456,0.0232787,0.0456997,0.0554022,0.0715658,0.042494,0.071552,
428,0.0,0.0021088,0.0082493,0.0730211,0.0264859,0.0994896,0.0337873,0.0294671,0.0338684,0.0522749,0.1220703,0.0540068,
429,0.0,0.0016509,0.0204029,0.0713687,0.05218,0.0620224,0.0153613,0.0416187,0.0292619,0.0557801,0.0813867,0.0482226,
430,0.0,0.0019283,0.0162652,0.0385581,0.0435162,0.0677477,0.0452517,0.022902,0.029919,0.0614232,0.0678732,0.0632675,
431,0.0,0.0018883,0.0075041,0.0295236,0.0309901,0.0545901,0.0546222,0.0406408,0.0380845,0.0589879,0.0194752,0.0635717,
432,0.0,0.0005898,0.0075335,0.0201335,0.0279892,0.0583622,0.0566525,0.023611,0.0492977,0.0620138,0.0555151,0.0584742,
433,0.0,0.0019481,0.0044636,0.0249962,0.0696447,0.0554539,0.0546406,0.0246702,0.0229018,0.0635695,0.0688997,0.0569722,
434,0.0,0.0010141,0.005547,0.0178823,0.0522761,0.0223773,0.0610927,0.0606315,0.0272209,0.0568823,0.0486003,0.026937,
435,0.0,0.0009482,0.0108122,0.0405225,0.0162463,0.0345813,0.0535457,0.0559597,0.0365737,0.0791377,0.0572558,0.0254429,
436,0.0,0.0018723,0.01217,0.026918,0.0362372,0.043416,0.0440146,0.0578962,0.0484699,0.1029381,0.0644042,0.0256532,
437,0.0,0.0010091,0.0345854,0.0365905,0.051857,0.0365038,0.0713005,0.0360562,0.036143,0.0854618,0.0564879,0.0250479,
438,0.0,0.0015599,0.0251362,0.0513636,0.0500441,0.0533119,0.0792262,0.0547963,0.0437108,0.1108129,0.0357065,0.0377651,
439,0.0,0.0016691,0.019107,0.0103385,0.0766879,0.0372292,0.0732162,0.0498456,0.068963,0.1278547,0.1056712,0.047468,
440,0.0,0.0037753,0.0052249,0.0115306,0.0569119,0.0380106,0.0488292,0.0388304,0.0534489,0.135738,0.1056795,0.0250076,
441,0.0,0.0023139,0.0065805,0.027888,0.0563193,0.0171259,0.0375136,0.0404432,0.0665931,0.1193391,0.109071,0.0357883,
442,0.0,0.0016762,0.0044737,0.05699,0.0622442,0.033331,0.0367345,0.0354932,0.0202477,0.111263,0.0873671,0.0211518,
443,0.0,0.0018914,0.0145898,0.059374,0.0491875,0.0245259,0.0260708,0.0638254,0.0328557,0.1017617,0.0693062,0.0598141,
444,0.0,0.0008027,0.0228249,0.0730582,0.0294161,0.0163066,0.0374347,0.071123,0.0337248,0.0941389,0.0449041,0.0662066,
445,0.0,0.0007041,0.0214527,0.018274,0.0335412,0.0202402,0.0503982,0.0563115,0.0361322,0.0858087,0.0673606,0.0608529,
446,0.0,0.0010293,0.0362133,0.0232975,0.0490053,0.0343597,0.0290253,0.0251281,0.0309441,0.0723048,0.0988394,0.0570863,
447,0.0,0.002074,0.0370501,0.0053358,0.0861939,0.0263376,0.0092387,0.0457028,0.0237434,0.0751767,0.0828212,0.0370522,
448,0.0,0.0050976,0.0435981,0.0373225,0.0948873,0.0073599,0.0616648,0.0457304,0.0451286,0.0994951,0.1189563,0.0421498,
449,0.0,0.0039417,0.0565137,0.0440969,0.0525278,0.0566921,0.0702211,0.1407692,0.0881476,0.0977352,0.1909315,0.1455578,
450,0.0,0.0008039,0.0305978,0.0415885,0.0636109,0.0603229,0.0298081,0.0391997,0.0473362,0.0347757,0.1012958,0.0775435,
451,0.0,0.0019471,0.0097968,0.0283031,0.048399,0.0653243,0.0325942,0.0531809,0.0774068,0.0597956,0.0673221,0.0732712,
452,0.0,0.0017067,0.0126837,0.0380031,0.0386202,0.0238917,0.0490397,0.062278,0.0841195,0.0646974,0.0431443,0.0437277,
453,0.0,0.0017184,0.0050901,0.0431642,0.0305702,0.0206637,0.0322232,0.0372216,0.0594356,0.040473,0.0212494,0.0526466,
454,0.0,0.0017821,0.021081,0.0287475,0.0082432,0.0417821,0.0226535,0.039805,0.0545015,0.039078,0.0191624,0.0347047,
455,0.0,0.0035422,0.0266118,0.0732886,0.0324495,0.0350616,0.0307538,0.0395561,0.0271485,0.0127656,0.0319183,0.030613,
456,0.0,0.0027152,0.0229397,0.0415289,0.0247879,0.011418,0.0164465,0.0372556,0.0328691,0.0157678,0.0079609,0.0873426,
457,0.0,0.0090463,0.0216594,0.0191584,0.0300462,0.0235328,0.0624758,0.0330617,0.0703733,0.0591889,0.0256863,0.0789114,
458,0.0,0.007669,0.025033,0.0253565,0.0396007,0.0108311,0.0538233,0.0381606,0.0894064,0.0949701,0.0336327,0.071807,
459,0.0,0.0085696,0.0188219,0.0290824,0.046214,0.0327462,0.0287426,0.0870914,0.130564,0.098799,0.0988526,0.0371103,
460,0.0,0.0060983,0.0266514,0.0645794,0.06621,0.0170609,0.0417977,0.0703108,0.0999615,0.0543742,0.0993747,0.0327025,
461,0.0,0.0031752,0.0301624,0.1072897,0.1093808,0.0415544,0.0887865,0.1140019,0.1519715,0.0537723,0.1255553,0.0795889,
462,0.0,0.0047161,0.0162649,0.0734913,0.0662218,0.0636592,0.0713644,0.0850588,0.1655209,0.0617084,0.0687656,0.0373736,
463,0.0,0.0016884,0.0168089,0.0709654,0.0728755,0.0897547,0.060765,0.0214055,0.0850755,0.0428392,0.0479061,0.1078069,
464,0.0,0.0022352,0.0435094,0.0453442,0.0233736,0.0340128,0.042994,0.0262936,0.020197,0.0514482,0.0211349,0.1064083,
465,0.0,0.0026745,0.0128994,0.0568943,0.0411356,0.0327225,0.0484218,0.0339536,0.0305503,0.0471026,0.0506579,0.0533171,
466,0.0,0.0018358,0.0190074,0.0335417,0.0710707,0.0284018,0.0535891,0.0787828,0.0292967,0.0442577,0.0390469,0.0540512,
467,0.0,0.0007462,0.016505,0.0471299,0.0451332,0.0311419,0.025029,0.0502762,0.0363535,0.0377166,0.0369041,0.0461055,
468,0.0,0.0008712,0.0133641,0.0333905,0.039431,0.026951,0.012741,0.0566588,0.0518109,0.0419415,0.0401073,0.0421308,
469,0.0,0.0008648,0.012884,0.0388032,0.0510089,0.0563018,0.0158815,0.0456147,0.0425629,0.0544677,0.0710841,0.0417903,
470,0.0,0.0010113,0.0110156,0.0301796,0.0506106,0.0814754,0.0226316,0.065389,0.0246149,0.0592101,0.0613961,0.0378374,
471,1e-07,0.0010171,0.0024573,0.015493,0.0202906,0.0414286,0.0431395,0.0782133,0.0377137,0.0574702,0.090628,0.0941109,
472,0.0,0.0035869,0.0306329,0.0271924,0.0161076,0.0819095,0.063456,0.0911681,0.0673671,0.0987483,0.0897202,0.0508278,
473,0.0,0.0014336,0.0275425,0.052882,0.073696,0.0898687,0.0687769,0.0421369,0.0728583,0.1280978,0.1547028,0.047986,
474,0.0,0.0019776,0.0283485,0.0446388,0.0610721,0.1398541,0.1066912,0.107123,0.1047908,0.1298908,0.2408449,0.0480964,
475,0.0,0.0019758,0.0333899,0.0669644,0.0848232,0.1304789,0.0785917,0.098481,0.0490776,0.1216976,0.2242374,0.0277131,
476,0.0,0.0010034,0.009562,0.0356371,0.0547183,0.1145609,0.0765948,0.1159279,0.0629409,0.1497778,0.1434447,0.031921,
477,0.0,0.0006426,0.0196297,0.0563719,0.0348835,0.0188071,0.0428055,0.061889,0.0797827,0.1160179,0.1054667,0.0514168,
478,0.0,0.0010183,0.0119144,0.0361814,0.0345415,0.0511034,0.028681,0.0407012,0.0457966,0.0693389,0.1025374,0.0510318,
479,0.0,0.0008379,0.0055411,0.0408854,0.0631022,0.0612284,0.0344546,0.0599097,0.0273217,0.0418584,0.1017019,0.0392771,
480,0.0,0.0008434,0.0171,0.0278228,0.0626313,0.0872358,0.0495484,0.0586871,0.0360501,0.0783278,0.0860806,0.1029234,
481,0.0,0.0010803,0.0311478,0.0468301,0.0316969,0.0821728,0.0394577,0.0154639,0.0223044,0.0492289,0.066225,0.0594281,
482,0.0,0.0023721,0.0239143,0.0377845,0.0323216,0.0499079,0.03958,0.0170519,0.0391575,0.0586835,0.0543907,0.0482802,
483,0.0,0.0039892,0.016938,0.0695723,0.0369862,0.0358357,0.0471533,0.0377676,0.0460658,0.095547,0.0647713,0.0203056,
484,1e-07,0.0027638,0.0269346,0.0663015,0.0630759,0.0221246,0.072915,0.0634471,0.0350158,0.0745699,0.0813072,0.0620565,
485,0.0,0.0052663,0.0284403,0.0416729,0.0469847,0.0422244,0.0438475,0.0493173,0.0460789,0.0777668,0.0622766,0.0826782,
486,1e-07,0.0028137,0.0263968,0.0386359,0.0261229,0.0805193,0.0474116,0.0427025,0.025801,0.0624855,0.0917882,0.0380755,
487,0.0,0.0006905,0.0434429,0.0459992,0.0449205,0.101094,0.036914,0.0652487,0.0237626,0.0573121,0.0849896,0.0566475,
488,1e-07,0.0027976,0.0522428,0.030105,0.0651714,0.0984964,0.0477633,0.0596986,0.035536,0.0616659,0.0925364,0.0440371,
489,1e-07,0.0077602,0.0593071,0.0361233,0.0305624,0.0975485,0.0920822,0.0825445,0.0796888,0.0730957,0.0828981,0.0570546,
490,0.0,0.0035016,0.0283316,0.0233274,0.0404422,0.0992414,0.1032901,0.0993679,0.0703061,0.0665841,0.1766945,0.0800393,
491,0.0,0.0045042,0.0431756,0.0203706,0.0178708,0.0707592,0.0618134,0.0563235,0.0190351,0.0772079,0.1043296,0.0396345,
492,0.0,0.0036782,0.0325735,0.0349723,0.0652478,0.0685636,0.0231862,0.0723345,0.0378543,0.0928574,0.0820459,0.0604298,
493,0.0,0.0023605,0.0231082,0.0144972,0.085008,0.0399518,0.0567608,0.0729173,0.0600429,0.1019606,0.04017,0.0485714,
494,1e-07,0.001733,0.0158279,0.051736,0.0713725,0.0320523,0.0456635,0.1017679,0.0641507,0.096831,0.1137048,0.0415649,
495,1e-07,0.0026984,0.0203565,0.0326001,0.0548866,0.051248,0.079387,0.1441475,0.0561526,0.1551346,0.1309379,0.1191262,
496,1e-07,0.001962,0.0264935,0.0866614,0.0822392,0.0731384,0.1006748,0.095635,0.1217801,0.229139,0.1397835,0.190255,
497,1e-07,0.0035434,0.0193165,0.0521104,0.1133737,0.0725889,0.1426311,0.1028777,0.1172255,0.2464109,0.2498562,0.2003321,
498,0.0,0.0024035,0.0101962,0.0128623,0.0442784,0.0312101,0.0521011,0.0459062,0.14858,0.2250067,0.2747409,0.0928053,
499,0.0,0.0027475,0.0089717,0.0162687,0.0525293,0.0950676,0.0428478,0.0815782,0.4317574,0.30918,0.3171356,0.059079,
500,0.0,0.0039081,0.0502518,0.0425787,0.0637221,0.0685788,0.0729145,0.0310559,0.3104424,0.1888724,0.2832901,0.0682409,
501,0.0,0.0035757,0.0393713,0.0490683,0.0481149,0.0495286,0.0464617,0.0537356,0.1874023,0.1753764,0.2107435,0.0648842,
502,1e-07,0.0010941,0.0407495,0.0050322,0.0301064,0.0712333,0.0274549,0.0784785,0.0610825,0.2510795,0.1477956,0.1453853,
503,0.0,0.0006777,0.0379837,0.0340225,0.0290427,0.0575369,0.0908917,0.0824964,0.0264326,0.1161222,0.1032784,0.2216016,
504,0.0,0.0028177,0.0502795,0.0325574,0.0289797,0.044224,0.1017987,0.0916022,0.0388997,0.0522834,0.0796909,0.1492683,
505,0.0,0.0023035,0.0301419,0.0358194,0.0245804,0.0621911,0.0499033,0.0723274,0.0570419,0.0343635,0.0435129,0.0883973,
506,0.0,0.0015265,0.0126053,0.0332215,0.0245759,0.0466024,0.0454056,0.0305113,0.0452671,0.0366683,0.0431061,0.0618671,
507,0.0,0.0025759,0.0107235,0.0312156,0.0239797,0.0573725,0.079868,0.0378181,0.0350407,0.0536216,0.034746,0.0817928,
508,0.0,0.0029011,0.0074575,0.0329059,0.0463231,0.064282,0.0577009,0.0130525,0.0615086,0.0119719,0.0387718,0.0843673,
509,0.0,0.001672,0.0092209,0.0569455,0.0628563,0.040183,0.0464089,0.0368237,0.0682905,0.031094,0.0487232,0.0409925,
510,0.0,0.0007215,0.0088931,0.013023,0.0348804,0.056008,0.0372516,0.0703621,0.0375498,0.0457057,0.0480887,0.0392126,
511,0.0,0.0011116,0.0099464,0.0113139,0.0639893,0.0694596,0.0357532,0.0808977,0.0327525,0.0739134,0.030855,0.0627812,
512,0.0,0.003915,0.0127546,0.0289935,0.0778161,0.0642798,0.0415555,0.056703,0.0473918,0.0400256,0.0186752,0.0522818,
513,0.0,0.0014642,0.028413,0.0255225,0.089283,0.0741187,0.0726041,0.0434262,0.0513976,0.0539342,0.0297408,0.0187293,
514,0.0,0.0018839,0.0218995,0.0338224,0.0591272,0.0717963,0.0747534,0.0499143,0.0678142,0.0797811,0.0396238,0.0558229,
515,0.0,0.003904,0.0164044,0.0398171,0.0285088,0.0634792,0.0790016,0.0438782,0.0432459,0.1048948,0.0399688,0.0764451,
516,0.0,0.0026661,0.0267641,0.0403907,0.0424564,0.135149,0.0855193,0.0264915,0.0151783,0.0920449,0.048959,0.0905915,
517,0.0,0.0048719,0.0211043,0.0309134,0.0340118,0.1090488,0.073331,0.0461261,0.0295024,0.0830536,0.035417,0.1075758,
518,0.0,0.0048948,0.0451649,0.0829747,0.0575525,0.0774917,0.0907724,0.0721356,0.057574,0.0870251,0.0308374,0.1340555,
519,0.0,0.0048735,0.0348217,0.1480823,0.0833247,0.0966225,0.0973415,0.071159,0.0456445,0.1069364,0.1001667,0.1486796,
520,0.0,0.0072789,0.0137166,0.0869979,0.0628305,0.1154223,0.0282787,0.0240299,0.049769,0.1046513,0.0912609,0.1213969,
521,0.0,0.0056024,0.0192763,0.2362602,0.1293927,0.1125728,0.1430698,0.1786643,0.0619509,0.2132973,0.0789491,0.1034906,
522,0.0,0.0116636,0.0330966,0.0944446,0.0169279,0.0901213,0.0808311,0.0744163,0.0209511,0.0920132,0.0400264,0.0731343,
523,0.0,0.0093122,0.0389035,0.0276602,0.0186873,0.1097063,0.1020837,0.0397816,0.0403448,0.0720444,0.0410467,0.0652957,
524,0.0,0.0074938,0.0309435,0.0709095,0.0449942,0.1170069,0.0890399,0.0295584,0.0316281,0.0704613,0.0471346,0.0733325,
525,0.0,0.0076683,0.0272964,0.0639769,0.0837477,0.0711704,0.061277,0.0570281,0.0767307,0.0881628,0.0943994,0.0617909,
526,0.0,0.0120855,0.0188795,0.0290826,0.0701636,0.0155251,0.0351915,0.0283373,0.0530237,0.097478,0.1059662,0.055363,
527,0.0,0.0067057,0.0149865,0.02889,0.0483414,0.0169625,0.021233,0.0286153,0.1026325,0.1348161,0.1591508,0.1164869,
528,0.0,0.0065943,0.026985,0.0258463,0.0455269,0.0508324,0.0818164,0.0436866,0.066262,0.0643004,0.185448,0.2005538,
529,0.0,0.0049665,0.0194668,0.0501838,0.0498864,0.0691843,0.1479009,0.0585229,0.0985174,0.0827519,0.2288321,0.1192576,
530,0.0,0.0053783,0.049918,0.0780667,0.0369532,0.0369567,0.1077893,0.0634405,0.0804905,0.0744973,0.1823345,0.0868418,
531,1e-07,0.0038181,0.0530226,0.0679473,0.0348312,0.0328757,0.0988999,0.0585955,0.0835445,0.0736053,0.1725848,0.1143286,
532,1e-07,0.0028566,0.0302713,0.0418304,0.0434017,0.0711242,0.1092694,0.0629061,0.1130216,0.0898195,0.1718389,0.0732906,
533,0.0,0.0037712,0.029826,0.0423869,0.0344407,0.0674824,0.1172805,0.0685121,0.1323047,0.0798245,0.0945867,0.132222,
534,0.0,0.0028025,0.0271032,0.0637653,0.0402527,0.0556066,0.1013389,0.0862328,0.1327135,0.109924,0.08846,0.0781649,
535,0.0,0.0025959,0.027551,0.0495061,0.0373588,0.0691993,0.0816527,0.0800409,0.1045194,0.0374092,0.0897746,0.008166,
536,0.0,0.0024885,0.0279268,0.0469633,0.0402469,0.0522634,0.0852748,0.0311136,0.0239254,0.0813651,0.1182119,0.1225563,
537,0.0,0.0028933,0.0203652,0.0437513,0.04163,0.0632219,0.0951581,0.0690854,0.0794301,0.0908592,0.1072754,0.1434524,
538,0.0,0.003697,0.0240675,0.0567175,0.0568131,0.0817008,0.0906289,0.0144767,0.0596645,0.0990655,0.1113889,0.0841268,
539,0.0,0.0025971,0.0187062,0.0657121,0.057953,0.0623344,0.0759305,0.073488,0.0659397,0.0955439,0.1185264,0.0925243,
540,0.0,0.0024887,0.0363678,0.0676179,0.0586274,0.0631646,0.0990757,0.1018981,0.0367448,0.0847249,0.0613369,0.0972835,
541,0.0,0.0020922,0.0229819,0.0483049,0.0511894,0.0445424,0.0942905,0.1606221,0.0416081,0.0451094,0.0864181,0.1390194,
542,0.0,0.0026018,0.0385939,0.0428955,0.0336045,0.1034338,0.1130362,0.1831998,0.0541816,0.1218778,0.1045409,0.1360485,
543,0.0,0.0006827,0.0205078,0.033587,0.0355183,0.1001977,0.0875998,0.1151403,0.068149,0.058117,0.0509848,0.1337444,
544,0.0,0.0015182,0.0365974,0.0428464,0.0543571,0.0547475,0.0926089,0.1181506,0.0628626,0.0799603,0.0446384,0.1973979,
545,0.0,0.0006812,0.0278923,0.0393423,0.0533521,0.0877148,0.1030052,0.0712826,0.0748283,0.0573951,0.0249246,0.1044619,
546,0.0,0.002072,0.0141363,0.0567404,0.0605744,0.0755534,0.0988047,0.0829591,0.0900291,0.0692742,0.0321823,0.1244582,
547,0.0,0.000704,0.0152404,0.0492163,0.0557416,0.0556669,0.0789633,0.0449076,0.0946338,0.1078728,0.0633411,0.0755266,
548,0.0,0.0020756,0.0381927,0.0595926,0.030188,0.0908146,0.0771638,0.0638482,0.0779449,0.0906695,0.053592,0.0778473,
549,0.0,0.0053093,0.0451259,0.0694129,0.0633712,0.0990546,0.0719523,0.077562,0.0822515,0.0801802,0.0946785,0.0604121,
550,0.0,0.0037128,0.0223961,0.0555599,0.1029792,0.1372038,0.0494325,0.0860196,0.1098223,0.089811,0.133785,0.104859,
551,0.0,0.0062609,0.028931,0.0378626,0.1202957,0.1045573,0.0443216,0.0705712,0.1095219,0.0936464,0.118155,0.0864998,
552,1e-07,0.0010616,0.0440652,0.0298814,0.0806322,0.103388,0.0506813,0.0325593,0.0902,0.0820755,0.0974238,0.0716417,
553,1e-07,0.0028988,0.0305467,0.0179796,0.0712961,0.148263,0.0287067,0.0313649,0.0571224,0.0620849,0.0859074,0.1261578,
554,1e-07,0.0062053,0.0316451,0.0394653,0.0497207,0.0682079,0.0681043,0.039666,0.0450507,0.0607108,0.0805084,0.0574953,
555,0.0,0.004516,0.043807,0.0576732,0.0478123,0.0991892,0.039029,0.0210252,0.0600518,0.044844,0.1331006,0.1117598,
556,0.0,0.0066082,0.0407522,0.0722212,0.0684766,0.0627096,0.0485159,0.0274844,0.0623855,0.0563923,0.1339949,0.1422649,
557,0.0,0.00845,0.0422503,0.1233159,0.1686693,0.0519441,0.0647404,0.0358472,0.0798783,0.0850905,0.098402,0.1279543,
558,0.0,0.0095863,0.0609098,0.1332415,0.1888564,0.0722012,0.0907689,0.0948701,0.0181192,0.0780541,0.1401428,0.1159417,
559,0.0,0.0104633,0.0167384,0.0605995,0.0979292,0.0423088,0.0564874,0.0694231,0.0546261,0.0877062,0.1273201,0.0782872,
560,0.0,0.0065165,0.0263508,0.0534912,0.0811397,0.0688138,0.0346975,0.0499692,0.0471856,0.1003081,0.1088262,0.0844988,
561,1e-07,0.0055558,0.025475,0.0632939,0.1195878,0.0916037,0.0533368,0.0812818,0.0407309,0.0770504,0.2007586,0.1572078,
562,1e-07,0.007575,0.037386,0.086168,0.1112276,0.0596331,0.0686828,0.0495306,0.0670301,0.0336647,0.2169027,0.1326139,
563,1e-07,0.0110398,0.0505703,0.0643885,0.0446836,0.0512667,0.0552032,0.0515344,0.0547867,0.0428596,0.1509152,0.1113019,
564,1e-07,0.0308031,0.037563,0.0501671,0.0445759,0.1029877,0.0772787,0.019007,0.0416333,0.0458436,0.1714021,0.0944688,
565,1e-07,0.0046079,0.0295439,0.0596398,0.0200259,0.0838487,0.0717456,0.0392807,0.0178001,0.0587313,0.1224993,0.070375,
566,0.0,0.0097348,0.0288147,0.0407028,0.0198192,0.0676853,0.062732,0.074784,0.0586903,0.0639483,0.1403322,0.1156976,
567,0.0,0.0059995,0.0406497,0.0489862,0.0156254,0.0546253,0.0538593,0.0609774,0.0159863,0.0209627,0.1644679,0.0964707,
568,0.0,0.0039237,0.0217487,0.0562759,0.0130613,0.0215326,0.0754483,0.0554518,0.0266142,0.0504558,0.1304157,0.0353246,
569,0.0,0.0067582,0.0178664,0.0337946,0.0390106,0.059555,0.0888667,0.0584633,0.0513546,0.0810122,0.1683957,0.0360478,
570,0.0,0.0060944,0.0182935,0.0136691,0.0371516,0.0529157,0.0469202,0.0509886,0.048359,0.0411421,0.1320619,0.0306103,
571,0.0,0.0033891,0.0201955,0.0221649,0.0249331,0.0457012,0.029663,0.04483,0.0493602,0.0273774,0.1505698,0.0418186,
572,0.0,0.0149671,0.0340924,0.0382399,0.0229339,0.0112618,0.0325381,0.065773,0.0444915,0.05992,0.1659395,0.0562221,
573,0.0,0.0141019,0.0477694,0.0330804,0.0233748,0.0305642,0.0300221,0.0522329,0.0456314,0.0685695,0.152474,0.0457388,
574,0.0,0.00661,0.0320095,0.0111304,0.0285643,0.0655416,0.0427546,0.047823,0.0660429,0.0481322,0.1290072,0.0225366,
575,0.0,0.0019415,0.0222878,0.025019,0.0366477,0.062624,0.0555934,0.0659523,0.0806357,0.0589898,0.1623686,0.0552506,
576,0.0,0.0032926,0.0142883,0.0330645,0.0241588,0.0724591,0.0694789,0.0865012,0.1194481,0.105051,0.2019176,0.0827269,
577,0.0,0.0030467,0.0318809,0.0469206,0.0223443,0.051066,0.0528155,0.1025355,0.1262516,0.1131087,0.1909479,0.0879359,
578,0.0,0.001357,0.0328926,0.0447697,0.0577976,0.0538741,0.0467625,0.1421745,0.1456962,0.0871173,0.2239537,0.0628647,
579,0.0,0.0014927,0.0119676,0.0343303,0.0381329,0.0764624,0.1077424,0.1699049,0.1738123,0.1098443,0.2174974,0.0711841,
580,0.0,0.0019196,0.0313627,0.0477267,0.0256464,0.0674725,0.0932031,0.192489,0.2632312,0.1698351,0.2561905,0.1185814,
581,0.0,0.0052985,0.0259893,0.0280604,0.0482386,0.162985,0.109156,0.1341213,0.2492524,0.1969339,0.1428172,0.1205315,
582,0.0,0.0039947,0.0496767,0.0535667,0.0619471,0.1101045,0.1624031,0.0944656,0.1607535,0.1167293,0.1214025,0.1855877,
583,0.0,0.0006641,0.0844743,0.0847337,0.1172125,0.0578747,0.234086,0.1511233,0.1515457,0.1557401,0.1287731,0.1483506,
584,0.0,0.0046505,0.0632471,0.0543338,0.1178746,0.0345257,0.1065099,0.0878775,0.0700144,0.1498418,0.0997466,0.1041732,
585,0.0,0.0044749,0.0591201,0.0402435,0.0775038,0.0750241,0.1097351,0.1062159,0.0397488,0.0671329,0.0682748,0.1125329,
586,0.0,0.0027304,0.0468766,0.0466939,0.0177835,0.0916824,0.0424197,0.0979728,0.0584757,0.0851715,0.0937394,0.0912049,
587,0.0,0.0059691,0.0464972,0.0470526,0.0267817,0.0425463,0.015055,0.0407931,0.0654052,0.0710361,0.0287597,0.0804948,
588,0.0,0.0098005,0.0476129,0.051311,0.0094025,0.0446819,0.0469544,0.0625064,0.0719538,0.0754508,0.0274823,0.0844873,
589,0.0,0.0118795,0.0178688,0.0325685,0.0502085,0.1146402,0.0564865,0.0641767,0.0841359,0.0674658,0.1258198,0.0795427,
590,0.0,0.0042987,0.0470115,0.0338568,0.0620145,0.0964785,0.0606225,0.0274631,0.0954884,0.0480637,0.0899519,0.0578069,
591,0.0,0.0046832,0.0292451,0.047801,0.0554406,0.0369762,0.0550184,0.0666745,0.0818363,0.0607428,0.0778764,0.0575073,
592,0.0,0.0018893,0.022189,0.0440545,0.0277239,0.0454106,0.0572305,0.0825638,0.1214104,0.0178495,0.0760216,0.069783,
593,0.0,0.0014916,0.0219022,0.0122354,0.0498355,0.0520135,0.0512693,0.0449515,0.0792763,0.0125112,0.0501253,0.0624126,
594,0.0,0.0034612,0.0146511,0.0389599,0.0579428,0.0715962,0.0319861,0.0568121,0.0804956,0.026592,0.0231588,0.0982914,
595,0.0,0.0044512,0.0174611,0.0301669,0.0715757,0.059164,0.0345684,0.0692366,0.0862303,0.0550335,0.0476351,0.0649019,
596,0.0,0.0015118,0.0238336,0.0263715,0.0894544,0.0438262,0.0110877,0.0659862,0.0633811,0.0301522,0.0157698,0.0637141,
597,0.0,0.0015231,0.0070107,0.0226077,0.0947807,0.0398438,0.0501811,0.1387011,0.058946,0.0110678,0.0381629,0.0544269,
598,0.0,0.0039056,0.010753,0.025765,0.076834,0.0220763,0.0426955,0.1203912,0.0267673,0.0324813,0.042806,0.0449669,
599,0.0,0.0042681,0.0223054,0.0274546,0.076939,0.0459518,0.0508277,0.0706331,0.0428973,0.0484485,0.0326067,0.0629764,
600,0.0,0.0039993,0.0239567,0.0206591,0.053352,0.0421021,0.0541956,0.0711968,0.0309998,0.0284182,0.055786,0.0441167,
601,0.0,0.0026898,0.0074972,0.0306729,0.0798024,0.0324424,0.056713,0.0752579,0.0362204,0.0393523,0.0289882,0.0690503,
602,0.0,0.0036576,0.0209425,0.0379812,0.1317671,0.0263767,0.0401348,0.0519278,0.0604564,0.049106,0.0364238,0.0405702,
603,0.0,0.0027542,0.0302334,0.0607875,0.0974709,0.0664101,0.0714416,0.0400956,0.0136744,0.0411062,0.0342583,0.0807501,
604,0.0,0.0037988,0.0198742,0.0488964,0.0637724,0.0683515,0.0695791,0.0506282,0.0646888,0.0370364,0.033752,0.0701624,
605,0.0,0.005599,0.0181569,0.052873,0.0695006,0.0568008,0.067739,0.061485,0.0724014,0.0256909,0.0196773,0.0576563,
606,0.0,0.01178,0.0603258,0.0728261,0.0654217,0.1076569,0.042975,0.096739,0.1003855,0.0573353,0.029646,0.0586212,
607,0.0,0.0178411,0.0444403,0.1080022,0.0494003,0.0801356,0.0524652,0.1063746,0.1414101,0.0452837,0.0520147,0.052806,
608,0.0,0.0191653,0.0556718,0.1403698,0.083569,0.2236858,0.0611632,0.1523929,0.1424405,0.1430655,0.0634632,0.090273,
609,0.0,0.0317693,0.0172516,0.1043054,0.0162083,0.1000137,0.0643215,0.0799881,0.0574515,0.1488842,0.2143937,0.0858815,
610,0.0,0.0259275,0.0360522,0.0589046,0.0776629,0.0518089,0.0646848,0.0522363,0.0682325,0.1197497,0.1569949,0.173741,
611,0.0,0.0129642,0.0471096,0.0587725,0.0682108,0.0509822,0.0687902,0.0496198,0.0841705,0.0631092,0.1044332,0.0818085,
612,0.0,0.0111982,0.0305978,0.0301166,0.058649,0.1235487,0.1005878,0.1234969,0.0785313,0.0641478,0.1204045,0.1160051,
