#Time_ps,0,0.5,1,2,3,5,10,20,30,50,100,200,
1,1e-07,0.0082856,0.0486837,0.056766,0.0291606,0.0605876,0.0764309,0.0532428,0.0586059,0.0489914,0.0786811,0.120533,
2,1e-07,0.0036631,0.0203926,0.0424739,0.028131,0.0705426,0.0473738,0.0418485,0.0882881,0.0671404,0.0549756,0.11111,
3,1e-07,0.0040513,0.026926,0.0312295,0.0696906,0.0953023,0.057196,0.015045,0.0914001,0.0988748,0.0794177,0.1187367,
4,1e-07,0.0042458,0.0200581,0.0129954,0.128745,0.0665153,0.0276621,0.0341391,0.0364254,0.0599645,0.078719,0.1172006,
5,0.0,0.0027628,0.0096816,0.0231311,0.0646161,0.0457016,0.049662,0.0456135,0.0095005,0.0229503,0.1117772,0.1258429,
6,0.0,0.0024761,0.0053516,0.0195896,0.038529,0.0422054,0.0350652,0.0410546,0.0472589,0.0817715,0.0954871,0.1477823,
7,0.0,0.0031245,0.0250428,0.0291701,0.0523537,0.0481984,0.0360039,0.0333333,0.053705,0.0887681,0.07615,0.0937632,
8,1e-07,0.0033075,0.0244557,0.0577791,0.0359974,0.0507783,0.0652838,0.036716,0.0347786,0.0600022,0.0813412,0.0560054,
9,1e-07,0.0020492,0.011131,0.0607844,0.0290949,0.0286016,0.0823365,0.0344847,0.0290319,0.0519034,0.0590739,0.0278677,
10,1e-07,0.0012839,0.0044527,0.046521,0.0608363,0.0383488,0.0235872,0.0501081,0.0513897,0.0214986,0.0336228,0.0509826,
11,1e-07,0.002758,0.0117948,0.0468712,0.0513425,0.0546392,0.0068378,0.1194497,0.0761337,0.083113,0.0148864,0.0144352,
12,1e-07,0.002775,0.0297388,0.0723164,0.0692261,0.0442498,0.0328731,0.0963997,0.1060858,0.1142615,0.0330302,0.1074793,
13,1e-07,0.0017882,0.0313462,0.0698861,0.0699704,0.0417654,0.0374838,0.0293205,0.0216807,0.0439497,0.032086,0.1009513,
14,1e-07,0.0024148,0.0194456,0.055884,0.0527205,0.0536361,0.049051,0.0398911,0.0940758,0.0510435,0.0430015,0.0462082,
15,1e-07,0.0050228,0.0205625,0.0672172,0.0702908,0.1099284,0.0837267,0.0353989,0.1878436,0.0442936,0.1071586,0.1208258,
16,1e-07,0.0041172,0.0134441,0.040662,0.0574389,0.0865977,0.0625994,0.0701219,0.07708,0.0651586,0.0680244,0.048366,
17,1e-07,0.0057663,0.0241238,0.0167148,0.0593448,0.0330343,0.0452317,0.0822566,0.1034039,0.0368521,0.0677429,0.0566091,
18,1e-07,0.0095399,0.026682,0.0336852,0.0452633,0.0294046,0.070754,0.0866136,0.1010507,0.0218872,0.0577872,0.0258351,
19,1e-07,0.0048368,0.0185799,0.0354529,0.0391229,0.0220167,0.0535323,0.0688415,0.1020982,0.0556486,0.0467301,0.025989,
20,1e-07,0.0076233,0.0194823,0.0517248,0.0615656,0.047922,0.0784174,0.0570404,0.0587914,0.0928923,0.016021,0.0224033,
21,2e-07,0.0087982,0.0214856,0.0880853,0.0835178,0.0515559,0.0904382,0.0449252,0.0763219,0.0765827,0.0787537,0.0518526,
22,2e-07,0.0091709,0.03562,0.1020128,0.0843479,0.0633031,0.0718663,0.1022126,0.1040799,0.0611201,0.1078715,0.0817364,
23,2e-07,0.0327003,0.0593964,0.1265304,0.0497998,0.0903976,0.0622213,0.1487438,0.1214353,0.0908192,0.1425536,0.0665574,
24,2e-07,0.0205685,0.0686763,0.1255436,0.0442159,0.066122,0.089265,0.1190256,0.0620841,0.1177301,0.1435374,0.0673536,
25,2e-07,0.0164929,0.0192568,0.0576105,0.0272231,0.0887056,0.0816819,0.0487124,0.0839783,0.1023619,0.0998847,0.0651468,
26,2e-07,0.0468297,0.0255485,0.0447882,0.0617509,0.0714537,0.056561,0.0515882,0.0602418,0.0415307,0.100258,0.0413499,
27,2e-07,0.0309457,0.0185277,0.0327296,0.0471527,0.0441923,0.0580593,0.0359145,0.0369308,0.0196435,0.051729,0.032162,
28,1e-07,0.0213262,0.0418357,0.03757,0.0333411,0.0270342,0.0500292,0.0673167,0.0454114,0.0610146,0.0383361,0.0334936,
29,1e-07,0.0202017,0.046268,0.0345054,0.0746493,0.0513495,0.0638302,0.1123064,0.0216408,0.0565479,0.0380776,0.0492092,
30,1e-07,0.0044832,0.0142846,0.0570355,0.0282715,0.0646404,0.0634558,0.0654128,0.0240631,0.0484743,0.0572728,0.0444551,
31,1e-07,0.0010689,0.0418764,0.0277606,0.022789,0.0479192,0.0995596,0.0582602,0.0615472,0.0475544,0.059948,0.0569836,
32,1e-07,0.00606,0.0371075,0.0783905,0.0545562,0.0364124,0.0703653,0.0377434,0.0804811,0.0856174,0.0633271,0.0489036,
33,2e-07,0.006868,0.0149528,0.0638944,0.0531147,0.0397957,0.0596291,0.1317827,0.0840868,0.0799314,0.0841205,0.117088,
34,2e-07,0.0064767,0.0292676,0.0605314,0.0786426,0.0500209,0.0658657,0.0744733,0.1055925,0.0775172,0.0883308,0.0853975,
35,2e-07,0.0028659,0.0249,0.0519295,0.0419013,0.051744,0.0514699,0.065453,0.0637282,0.0681722,0.0820768,0.073331,
36,1e-07,0.0118558,0.0089891,0.0541838,0.0265245,0.0582321,0.0707749,0.0808579,0.0470145,0.0715409,0.0912737,0.0504385,
37,1e-07,0.0095895,0.0382689,0.0367402,0.0160621,0.0449249,0.0365616,0.0689782,0.0465756,0.1018262,0.068356,0.0583726,
38,1e-07,0.0124128,0.0361017,0.0400499,0.0255471,0.0410246,0.0281635,0.0472729,0.0325784,0.0674437,0.0529015,0.0500871,
39,1e-07,0.0211467,0.0335204,0.0619731,0.014254,0.0317864,0.0349571,0.0355733,0.0498412,0.0203281,0.0543711,0.0548722,
40,1e-07,0.030042,0.0195285,0.0573492,0.0156583,0.0450798,0.0417643,0.0275523,0.0482171,0.014866,0.0610614,0.0788796,
41,1e-07,0.0596145,0.0227826,0.0827639,0.0236995,0.0757893,0.0778479,0.0473822,0.0609977,0.0488448,0.0578619,0.0786636,
42,1e-07,0.0306466,0.0388504,0.0954991,0.0219568,0.1043082,0.0841616,0.0564502,0.0732438,0.0535366,0.0475238,0.0750559,
43,2e-07,0.0177698,0.032079,0.0574894,0.0542732,0.0657763,0.0903551,0.0313937,0.0597757,0.0208017,0.1325569,0.0346386,
44,2e-07,0.0159533,0.0150016,0.0987268,0.0861724,0.0653708,0.0838127,0.0315771,0.0344643,0.0365516,0.1879358,0.0708836,
45,1e-07,0.0262855,0.0257449,0.0363567,0.0737972,0.0452146,0.0740392,0.0938416,0.0660736,0.0666915,0.2103789,0.0490899,
46,1e-07,0.0153207,0.0311816,0.0121718,0.0657056,0.0969908,0.084395,0.0705384,0.0310458,0.0363684,0.1721507,0.0855081,
47,1e-07,0.0190809,0.0204104,0.0225459,0.0610864,0.1202197,0.0848089,0.0192325,0.0343679,0.0522154,0.1759693,0.071384,
48,1e-07,0.0187489,0.0116689,0.0401336,0.0188917,0.0872734,0.0823609,0.0470276,0.0660039,0.0811947,0.1549296,0.0983554,
49,1e-07,0.0212244,0.0239947,0.0211363,0.0572436,0.0850264,0.0958009,0.0457569,0.0675394,0.0956118,0.087545,0.0576252,
50,1e-07,0.018572,0.0569363,0.0374285,0.0610654,0.0552889,0.0865396,0.0707053,0.0700095,0.127203,0.0924617,0.0942533,
51,1e-07,0.0191857,0.0876828,0.1064511,0.0904145,0.0653264,0.115947,0.0982754,0.0690147,0.1032826,0.1143306,0.0915522,
52,1e-07,0.0242478,0.0589096,0.0978456,0.1056624,0.062394,0.1196781,0.1069531,0.0632935,0.1358548,0.128809,0.0973756,
53,1e-07,0.0192113,0.050147,0.081567,0.0174466,0.0259122,0.1104702,0.0878828,0.0777922,0.071902,0.1417281,0.1072818,
54,1e-07,0.0125151,0.0089076,0.0711843,0.0607348,0.0783207,0.0893297,0.037535,0.0561126,0.0818847,0.1770864,0.1063055,
55,1e-07,0.010517,0.0226982,0.0723199,0.0676418,0.0822794,0.1043386,0.0726855,0.1250312,0.1107892,0.1548814,0.1531693,
56,2e-07,0.0088539,0.0242171,0.0651191,0.043768,0.0488618,0.1273613,0.0431352,0.1453364,0.0950309,0.1670839,0.1899745,
57,1e-07,0.0132463,0.0132808,0.0943598,0.0669648,0.0631099,0.0827446,0.0662042,0.1242972,0.0589233,0.1662305,0.1851306,
58,1e-07,0.0053771,0.0151814,0.0727545,0.0526469,0.0572725,0.0367776,0.0879219,0.0467842,0.0317754,0.1061323,0.1561062,
59,1e-07,0.0067868,0.0224735,0.0402301,0.1146253,0.1124532,0.0547587,0.0846655,0.0665412,0.0259949,0.0851667,0.2148824,
60,2e-07,0.0187585,0.0330124,0.0390377,0.1123304,0.1072607,0.072448,0.1263048,0.1207237,0.0505022,0.0537588,0.2593323,
61,2e-07,0.0024506,0.0122494,0.0526994,0.0618221,0.0215055,0.0591338,0.1124089,0.1254278,0.0220093,0.068142,0.195201,
62,2e-07,0.0136636,0.0342737,0.0524174,0.0696606,0.0080864,0.0343059,0.1050859,0.1161982,0.1153071,0.0671445,0.1897425,
63,2e-07,0.0090365,0.0159575,0.0693465,0.0488989,0.0490957,0.0702809,0.0867004,0.0873403,0.049528,0.0552888,0.1527048,
64,3e-07,0.0120473,0.0065839,0.0959472,0.0604218,0.0698642,0.0901959,0.086342,0.1786618,0.0423857,0.0696427,0.1288629,
65,3e-07,0.0115553,0.0070362,0.1019891,0.0677498,0.0420559,0.0697018,0.0744301,0.1588612,0.051704,0.0846525,0.1052167,
66,3e-07,0.0046206,0.0215675,0.0957511,0.0711074,0.0294811,0.0738521,0.0368689,0.106995,0.0279058,0.1037816,0.0744851,
67,3e-07,0.0098411,0.0522906,0.0673693,0.0555823,0.0537772,0.0859055,0.0394127,0.0996258,0.0433539,0.0860712,0.0620191,
68,2e-07,0.0082743,0.0297043,0.0493145,0.0537535,0.049872,0.1056954,0.0847006,0.052856,0.053542,0.0750208,0.073314,
69,2e-07,0.0068943,0.0200367,0.0513435,0.0437948,0.0522542,0.0868488,0.0866495,0.1369291,0.0763615,0.088852,0.025684,
70,2e-07,0.0099906,0.0201299,0.0325238,0.0254763,0.0905956,0.1104718,0.2637585,0.2770962,0.0973056,0.1481878,0.1231807,
71,2e-07,0.003806,0.037435,0.0438126,0.0837509,0.1977281,0.2094363,0.3618492,0.3470448,0.1163498,0.0716633,0.1353978,
72,3e-07,0.0079625,0.0271922,0.0351506,0.0565459,0.1187871,0.1379088,0.1662351,0.219726,0.1243135,0.0682996,0.2452934,
73,2e-07,0.0074498,0.0180364,0.0238951,0.0528784,0.0361407,0.0922922,0.103521,0.0697964,0.050989,0.0684847,0.2026425,
74,3e-07,0.0043847,0.0138447,0.0462325,0.0123136,0.0512819,0.0817737,0.0788967,0.0734396,0.0283998,0.085212,0.1519959,
75,2e-07,0.002038,0.0248464,0.0673362,0.0905221,0.0712729,0.0790516,0.0948074,0.0981872,0.0405415,0.1246045,0.1077136,
76,2e-07,0.0047982,0.0305563,0.0493079,0.056462,0.0506557,0.0348318,0.1135757,0.1091098,0.0785142,0.1047218,0.0920141,
77,2e-07,0.0077707,0.0170494,0.042041,0.0569518,0.0527601,0.0749294,0.149963,0.0966015,0.0619042,0.0742807,0.0893389,
78,2e-07,0.0098007,0.0375036,0.0374374,0.0479821,0.0571002,0.0810493,0.1422968,0.0873543,0.04821,0.0461951,0.1037002,
79,2e-07,0.0251746,0.0167261,0.0734524,0.0339027,0.0534275,0.1208789,0.1112102,0.0299284,0.0800858,0.0602518,0.1194776,
80,2e-07,0.0142833,0.0136557,0.0491895,0.0325938,0.0586113,0.0656845,0.087418,0.0404487,0.0795605,0.0526464,0.1114448,
81,1e-07,0.0112116,0.0154752,0.0369856,0.0203506,0.1013253,0.0817943,0.0469077,0.0922358,0.0958558,0.0270924,0.0747927,
82,1e-07,0.0025348,0.0170878,0.0319401,0.0398736,0.0722942,0.0554258,0.045933,0.060447,0.0498056,0.1125718,0.0688096,
83,1e-07,0.004096,0.0077558,0.0485471,0.0427646,0.0475974,0.0713016,0.062183,0.0539881,0.0765278,0.0900719,0.0261747,
84,1e-07,0.0088974,0.0120203,0.0384358,0.0316366,0.0316277,0.0607272,0.086436,0.0205987,0.105762,0.072026,0.0375876,
85,1e-07,0.0027576,0.0179855,0.0394395,0.0458994,0.0298798,0.0423311,0.0459148,0.0484415,0.0304792,0.0418992,0.0605323,
86,1e-07,0.008008,0.0247365,0.0613252,0.0242519,0.0258034,0.0614941,0.0381905,0.0250201,0.0329153,0.0270689,0.0634225,
87,1e-07,0.009137,0.0101372,0.0585073,0.0157049,0.0925126,0.0490933,0.0385422,0.0275135,0.0372667,0.0226275,0.0597073,
88,1e-07,0.0094221,0.0242794,0.0462762,0.0321044,0.0882689,0.084411,0.1003911,0.0381262,0.0503856,0.0271647,0.0377355,
89,2e-07,0.0040825,0.0209303,0.0583328,0.0368089,0.0452412,0.0776782,0.1244,0.0473525,0.058409,0.0665615,0.0673775,
90,2e-07,0.0053587,0.0266666,0.0476234,0.0594212,0.0394022,0.0777485,0.1354077,0.0348593,0.0719497,0.0476506,0.0850838,
91,2e-07,0.0028764,0.040265,0.0281598,0.0111886,0.0262987,0.0758681,0.1265587,0.0678345,0.082719,0.0508693,0.0867859,
92,2e-07,0.0021428,0.028551,0.0203776,0.0752311,0.0442307,0.0681709,0.0971124,0.0365521,0.0994135,0.0501321,0.093771,
93,2e-07,0.0050588,0.0420249,0.0625299,0.0356474,0.0385974,0.0609024,0.1395093,0.048836,0.0972642,0.0693154,0.0626226,
94,2e-07,0.0022449,0.0380979,0.0635277,0.0339221,0.062225,0.0526683,0.1503701,0.1213477,0.0703412,0.0777969,0.0963055,
95,2e-07,0.0029513,0.0231649,0.0365305,0.0327168,0.0753984,0.0560357,0.0762382,0.1193435,0.0397924,0.0631076,0.0818971,
96,2e-07,0.0007058,0.0227509,0.0239122,0.0487844,0.0463323,0.0641392,0.0744366,0.1053824,0.0391685,0.1090998,0.0927154,
97,2e-07,0.0041901,0.0227059,0.0603043,0.0393156,0.0758674,0.0651237,0.091352,0.0746212,0.035157,0.117444,0.0672779,
98,2e-07,0.0022659,0.0170848,0.0617758,0.0326507,0.0613185,0.0639016,0.0461425,0.0594949,0.032875,0.1269399,0.0204166,
99,1e-07,0.001878,0.0183877,0.1028355,0.0598544,0.1066266,0.0544595,0.0144043,0.0689795,0.0356295,0.0736503,0.0559617,
100,2e-07,0.0030024,0.0140916,0.0627872,0.0482881,0.0776699,0.0522798,0.0627469,0.0615141,0.086949,0.0921606,0.0383671,
101,2e-07,0.0044402,0.0138271,0.0574638,0.0250779,0.0851742,0.0435422,0.136376,0.0952055,0.0919741,0.0366973,0.0259063,
102,2e-07,0.0053187,0.0554405,0.0546086,0.0578773,0.080464,0.0293088,0.1611861,0.0868247,0.152552,0.057146,0.0085509,
103,2e-07,0.0026293,0.0237414,0.0739006,0.0685919,0.085673,0.0626508,0.1210851,0.1045622,0.1233494,0.0533281,0.0133732,
104,1e-07,0.0122287,0.0096393,0.0445349,0.0663089,0.0594291,0.1237516,0.1312747,0.0916403,0.0660998,0.0544694,0.0730687,
105,1e-07,0.0057048,0.0131168,0.0136361,0.0476299,0.0564788,0.0745903,0.106792,0.0699893,0.0218938,0.0541848,0.0278733,
106,1e-07,0.0043551,0.0271298,0.0111281,0.0483141,0.0664102,0.0487133,0.0846884,0.0799825,0.0328869,0.0409448,0.0234155,
107,1e-07,0.0031602,0.0132744,0.0305806,0.0887793,0.0901373,0.0556923,0.0411205,0.0798387,0.044518,0.02745,0.060126,
108,1e-07,0.0052869,0.0292254,0.0298161,0.0930264,0.107512,0.0197352,0.0498239,0.0770403,0.0507244,0.0640469,0.0546366,
109,1e-07,0.0045605,0.0094686,0.015702,0.0454688,0.1185449,0.0661488,0.0377214,0.0812324,0.0429948,0.0673445,0.0657596,
110,1e-07,0.0057818,0.0231107,0.0478839,0.0391023,0.0521638,0.0865836,0.0269011,0.0856382,0.0285655,0.0623739,0.058742,
111,1e-07,0.0077474,0.0188974,0.0340593,0.0335739,0.0237204,0.0527654,0.0440091,0.0729809,0.0463484,0.056012,0.0881555,
112,1e-07,0.0026041,0.0324665,0.0249029,0.0603158,0.0449698,0.0353745,0.0710073,0.0673038,0.0193547,0.0416075,0.0728876,
113,0.0,0.0062706,0.0262997,0.0311001,0.0704565,0.0416127,0.0166096,0.0432937,0.0653514,0.0356963,0.041611,0.0747691,
114,0.0,0.007563,0.0279131,0.0317311,0.0663515,0.0412031,0.0322341,0.0282994,0.0569034,0.0349202,0.0314934,0.1073516,
115,1e-07,0.0213211,0.035798,0.0772818,0.0811262,0.0147081,0.0166505,0.0323934,0.0350789,0.0640959,0.0553611,0.095047,
116,0.0,0.023425,0.0320418,0.0759972,0.068416,0.01344,0.0166276,0.0182158,0.0515941,0.0743352,0.0567538,0.0951801,
117,1e-07,0.0179605,0.0493137,0.0146203,0.0333695,0.0298434,0.0128323,0.0462139,0.0474394,0.0403902,0.0546512,0.0873002,
118,1e-07,0.0196146,0.013113,0.0181623,0.0435114,0.0404165,0.028033,0.0200548,0.0353919,0.0360276,0.0505377,0.1051969,
119,2e-07,0.0093601,0.0201993,0.0164613,0.0365542,0.0520531,0.0214578,0.049593,0.0613232,0.0628395,0.0825109,0.1870617,
120,1e-07,0.0153936,0.0133488,0.0639788,0.0505868,0.0636956,0.0219725,0.0710192,0.0971052,0.073488,0.0787446,0.0898566,
121,1e-07,0.0044343,0.0075248,0.0845552,0.021886,0.0683074,0.0072899,0.047443,0.0593504,0.0557357,0.0378384,0.0629166,
122,1e-07,0.0053974,0.0369079,0.059587,0.0329758,0.0138376,0.017295,0.0319005,0.0683709,0.0517902,0.0116874,0.0798376,
123,1e-07,0.0098686,0.0324556,0.0661911,0.0417192,0.0199739,0.0299741,0.0311455,0.0157712,0.0500988,0.0463631,0.1157622,
124,1e-07,0.0102613,0.042433,0.0880792,0.0680451,0.0604056,0.0381506,0.0229902,0.0472665,0.0226451,0.0415715,0.1336917,
125,0.0,0.0109182,0.0126873,0.0467221,0.0870951,0.0415973,0.0446225,0.0292397,0.0214905,0.0438337,0.0511837,0.1017305,
126,0.0,0.0042296,0.017113,0.0166974,0.0818995,0.0207679,0.0373129,0.0270629,0.0521579,0.0616643,0.0318509,0.1058524,
127,0.0,0.00212,0.0357467,0.0275674,0.0555162,0.0357566,0.0377204,0.0544947,0.0394895,0.02757,0.0385274,0.0784251,
128,0.0,0.0027756,0.0281587,0.0390616,0.0423774,0.0598123,0.0280834,0.0430192,0.0308784,0.0358715,0.0586463,0.083277,
129,1e-07,0.0053607,0.0231999,0.0338024,0.0267366,0.0362223,0.0598278,0.0777094,0.0231935,0.0636595,0.0837683,0.0864446,
130,1e-07,0.0071133,0.0266416,0.0311403,0.0235143,0.0433691,0.0381329,0.0538325,0.0504443,0.0389779,0.0770692,0.0781756,
131,1e-07,0.0057306,0.0318063,0.0197361,0.021962,0.0455372,0.0451084,0.0593586,0.058958,0.0479818,0.0822385,0.0755073,
132,1e-07,0.0034978,0.0463629,0.0196156,0.0704228,0.033842,0.0432044,0.07766,0.041989,0.0710373,0.0760086,0.0675414,
133,1e-07,0.0099793,0.0424855,0.0226408,0.0333248,0.0517729,0.0343239,0.0770796,0.0508744,0.0652768,0.0863913,0.1271869,
134,1e-07,0.0045397,0.0395444,0.0476449,0.0319374,0.0286135,0.0092213,0.0462196,0.0632238,0.0519657,0.1035035,0.1136572,
135,1e-07,0.0106511,0.0093706,0.0662874,0.0275622,0.0212111,0.0251021,0.0383376,0.0488458,0.0542803,0.1065181,0.1155753,
136,0.0,0.010284,0.0026025,0.0160203,0.0646256,0.030683,0.0215984,0.0147401,0.046445,0.07363,0.1118151,0.0700485,
137,1e-07,0.0068509,0.0449091,0.0190046,0.053752,0.0273029,0.0266561,0.0467374,0.1137314,0.0745533,0.1471431,0.0984732,
138,0.0,0.0076483,0.0147272,0.0313321,0.0448674,0.0449422,0.0122264,0.0663808,0.0548964,0.0216304,0.1041298,0.0857027,
139,1e-07,0.0231851,0.023004,0.0353508,0.0301701,0.035073,0.0238359,0.0324701,0.0493391,0.0214713,0.1050647,0.0788988,
140,1e-07,0.0221498,0.0315258,0.0348637,0.0349448,0.0622025,0.057279,0.0369732,0.0547349,0.0508969,0.0935567,0.0843398,
141,1e-07,0.0417354,0.0338271,0.0446301,0.0469813,0.068257,0.0561427,0.0506967,0.0728724,0.0656858,0.0943641,0.1002248,
142,1e-07,0.0441376,0.0733186,0.0601534,0.0436497,0.0530693,0.0559685,0.1099279,0.1055655,0.0796736,0.2011649,0.1238161,
143,1e-07,0.0830154,0.1202976,0.0774576,0.0175489,0.0719094,0.0373913,0.0333522,0.0909097,0.0934108,0.1213587,0.1258029,
144,1e-07,0.0475455,0.0713244,0.0411344,0.0189185,0.0337644,0.0201647,0.0485425,0.035634,0.0468786,0.0821168,0.0613878,
145,1e-07,0.0491087,0.0660265,0.0334211,0.0491734,0.052877,0.042598,0.0836199,0.04723,0.0826844,0.0964937,0.0751884,
146,1e-07,0.0331812,0.062541,0.0401797,0.0438272,0.0591702,0.0560816,0.0703992,0.0380125,0.0758969,0.0813868,0.0549572,
147,1e-07,0.0261355,0.0461841,0.0273275,0.0116543,0.0370743,0.0245449,0.0453536,0.0394038,0.0319912,0.0847239,0.0322721,
148,1e-07,0.0276215,0.0460151,0.0369743,0.0312801,0.0356043,0.0399008,0.0432494,0.0714033,0.0317189,0.0904297,0.042528,
149,0.0,0.0274632,0.030286,0.0261671,0.038108,0.0765568,0.0433298,0.0918407,0.0347719,0.0529457,0.0737358,0.0236581,
150,1e-07,0.0030948,0.0241868,0.0254505,0.0332853,0.0590807,0.0473887,0.0804573,0.0312171,0.0685422,0.0441137,0.0684884,
151,1e-07,0.0057305,0.0319316,0.0275776,0.0124074,0.0535308,0.029232,0.078498,0.0286117,0.0451653,0.0499857,0.0599652,
152,1e-07,0.0037364,0.0362238,0.0591635,0.0139762,0.0089861,0.0234625,0.0697765,0.031959,0.0808249,0.0762083,0.0795014,
153,1e-07,0.001794,0.0244849,0.0623106,0.0234542,0.0348503,0.0456683,0.1406012,0.1000276,0.1229039,0.1172119,0.1226062,
154,2e-07,0.0021729,0.0365686,0.0376096,0.0764581,0.0490792,0.0609676,0.1188584,0.059527,0.1164407,0.0948047,0.1044563,
155,2e-07,0.0021,0.0133305,0.0250229,0.0851914,0.0623303,0.0801272,0.1209097,0.0891793,0.0795601,0.1024756,0.054474,
156,2e-07,0.0012491,0.0155338,0.0913869,0.0436168,0.0722446,0.0519687,0.119068,0.107125,0.0790214,0.0900347,0.0567076,
157,2e-07,0.0031188,0.0352096,0.0653644,0.0263322,0.0755387,0.0701785,0.1155567,0.0702951,0.0976392,0.0702726,0.0386714,
158,1e-07,0.0038782,0.0489948,0.0696589,0.0321791,0.0551939,0.0561115,0.0951344,0.0635101,0.0733998,0.0529558,0.0404939,
159,1e-07,0.0082439,0.0170007,0.0533313,0.0271993,0.049282,0.0454954,0.0949416,0.0557469,0.0241701,0.0378344,0.0293874,
160,1e-07,0.0075069,0.0144313,0.0252415,0.047598,0.0644336,0.0481839,0.0630957,0.0674557,0.0366961,0.0386223,0.0384086,
161,0.0,0.0150237,0.0283326,0.0158799,0.0270812,0.0866726,0.0506978,0.055366,0.0559501,0.0317296,0.0486526,0.0265257,
162,1e-07,0.0162814,0.0478549,0.0176419,0.0175884,0.0576791,0.0488561,0.0553915,0.0469688,0.0330031,0.0416628,0.0119823,
163,0.0,0.0198746,0.0575745,0.0154902,0.0437418,0.0103541,0.0584964,0.037327,0.0889579,0.022589,0.0298228,0.0184617,
164,1e-07,0.0429028,0.0727781,0.0236911,0.032184,0.0598059,0.064227,0.0468236,0.074539,0.0466627,0.052486,0.036536,
165,1e-07,0.0527165,0.0447746,0.0368679,0.0575054,0.051921,0.0288236,0.0759601,0.1047315,0.0768939,0.0565402,0.0756506,
166,1e-07,0.0190729,0.0276589,0.0779919,0.0420811,0.0435806,0.0210155,0.05503,0.0708245,0.0572828,0.0711947,0.0169656,
167,1e-07,0.0251,0.039738,0.1061314,0.0571389,0.0519057,0.0485609,0.0829288,0.0795247,0.049245,0.1340935,0.1319232,
168,1e-07,0.0277001,0.041583,0.1396957,0.0649649,0.0666383,0.04564,0.084502,0.1122928,0.05718,0.199215,0.1431052,
169,1e-07,0.0421246,0.0580901,0.1493027,0.0795122,0.0390121,0.100673,0.0755588,0.0775122,0.1077786,0.2269136,0.1852836,
170,1e-07,0.0458311,0.0565739,0.1535995,0.1613422,0.0122614,0.0474711,0.1767557,0.1483095,0.0652872,0.1535704,0.1151191,
171,1e-07,0.0348119,0.0257255,0.0915656,0.0590176,0.0189962,0.0637593,0.0588369,0.1135815,0.0287156,0.1035704,0.0568665,
172,0.0,0.0377411,0.0109287,0.0437205,0.022016,0.0299336,0.0402054,0.0382918,0.0535234,0.0389579,0.0920126,0.0517415,
173,0.0,0.0369744,0.0410547,0.0456547,0.0297367,0.0326423,0.0432359,0.0447278,0.0776366,0.0683422,0.0956708,0.037399,
174,0.0,0.0205425,0.0553585,0.0223325,0.0317421,0.0109262,0.1194772,0.0878721,0.036034,0.0278205,0.0845414,0.0079215,
175,0.0,0.0178587,0.0061642,0.0250994,0.0385859,0.0251231,0.0644889,0.081249,0.0594314,0.052425,0.0589477,0.0263278,
176,1e-07,0.0166709,0.0116401,0.0264169,0.0287837,0.0398638,0.0541096,0.0846259,0.0839828,0.0348644,0.0557525,0.0312604,
177,1e-07,0.0024632,0.0272543,0.0343515,0.0409876,0.039428,0.0505379,0.0671714,0.0726704,0.0552375,0.0756635,0.0512547,
178,1e-07,0.0069882,0.0240518,0.0559544,0.0588529,0.0353175,0.059298,0.0770814,0.0500824,0.0512395,0.0707488,0.0919587,
179,1e-07,0.0053719,0.0087393,0.0477178,0.0513601,0.0394639,0.0579185,0.0810228,0.0688372,0.0695757,0.0799575,0.0804738,
180,1e-07,0.0063546,0.0258189,0.0381713,0.0393538,0.0260391,0.051223,0.0345303,0.0639795,0.0357659,0.1024141,0.0541082,
181,0.0,0.0135571,0.0277091,0.0271428,0.0448666,0.0149649,0.0713618,0.0321833,0.0450779,0.0295473,0.0775177,0.0526934,
182,0.0,0.0045822,0.0315353,0.022337,0.0256306,0.020119,0.0825887,0.0574051,0.0682304,0.0389736,0.079442,0.0667341,
183,0.0,0.0158711,0.0518393,0.0331122,0.0387257,0.0396648,0.0752551,0.0759354,0.0816041,0.0245426,0.0536073,0.112146,
184,1e-07,0.0078816,0.1026599,0.0427983,0.063542,0.0402813,0.0674953,0.0391671,0.0757814,0.0610359,0.0323525,0.1172418,
185,0.0,0.0108156,0.0418097,0.0663306,0.0605259,0.0485832,0.0587196,0.0385912,0.054104,0.0702077,0.0408831,0.098194,
186,0.0,0.0091371,0.0165098,0.0524757,0.0575076,0.1039376,0.1099649,0.037813,0.0467275,0.0677937,0.0580462,0.089369,
187,1e-07,0.01876,0.0357948,0.0098394,0.0451035,0.0705371,0.1158225,0.0519709,0.0166257,0.1140523,0.0796765,0.0889144,
188,1e-07,0.0205194,0.0693391,0.0499084,0.0803682,0.0695591,0.2002733,0.0741492,0.1829747,0.1886675,0.2098471,0.126555,
189,1e-07,0.0495544,0.0620716,0.0557612,0.1279936,0.0652598,0.243882,0.1698607,0.2487382,0.289362,0.270583,0.2546779,
190,1e-07,0.070305,0.1156962,0.0531436,0.1527398,0.0970956,0.2568822,0.182336,0.2658178,0.3221109,0.2912681,0.2610632,
191,1e-07,0.0708467,0.074514,0.0527762,0.2243571,0.104035,0.3392656,0.2561153,0.293643,0.3415209,0.2076077,0.3457319,
192,1e-07,0.0437335,0.0393628,0.0534255,0.1954342,0.2213432,0.2547365,0.1642996,0.1477806,0.170965,0.109367,0.137808,
193,1e-07,0.0114516,0.0402957,0.0489082,0.1912904,0.3439925,0.3617755,0.162816,0.1949451,0.0823177,0.0758785,0.1172225,
194,1e-07,0.0218353,0.0265962,0.028914,0.0569874,0.196327,0.144367,0.148015,0.1420542,0.0831909,0.0469736,0.1985783,
195,1e-07,0.034667,0.0418881,0.0184319,0.0302177,0.0958205,0.0724227,0.1464621,0.1207943,0.1526674,0.1316978,0.1641416,
196,1e-07,0.0171698,0.033753,0.0494925,0.0869926,0.0914276,0.1037324,0.0491572,0.0882904,0.2535675,0.2717751,0.1204997,
197,1e-07,0.0107814,0.0611927,0.0905697,0.0858591,0.1108733,0.0569313,0.0743605,0.0728897,0.1677815,0.1165637,0.0847364,
198,1e-07,0.0010356,0.0390394,0.0655058,0.0514775,0.0635526,0.0290513,0.0569408,0.0572559,0.1042477,0.0532143,0.0687286,
199,1e-07,0.0024487,0.0170129,0.0457494,0.0253024,0.0716029,0.0255303,0.0422544,0.0320663,0.0735904,0.0307296,0.0627579,
200,2e-07,0.00128,0.0201355,0.0255768,0.0397092,0.0652839,0.0342831,0.0216144,0.0218355,0.09225,0.0422758,0.065382,
201,2e-07,0.0023798,0.0163854,0.0247882,0.0393775,0.0272917,0.0267541,0.0029759,0.0508872,0.1125322,0.0373539,0.0690074,
202,2e-07,0.0034556,0.0197807,0.0115412,0.0621116,0.055131,0.0272486,0.0225734,0.0673334,0.1006606,0.0647313,0.052415,
203,2e-07,0.0020273,0.0159006,0.0177806,0.0398154,0.0618673,0.0592593,0.0253332,0.022572,0.0798402,0.0566379,0.0464679,
204,2e-07,0.0007809,0.0086968,0.0354323,0.0487052,0.0591761,0.0605281,0.0581494,0.0408042,0.061302,0.0648992,0.0243179,
205,2e-07,0.0018864,0.0161777,0.0341452,0.0394672,0.0614942,0.0509936,0.0585565,0.067534,0.0644088,0.0748688,0.0568117,
206,2e-07,0.0003786,0.0112391,0.0149801,0.066472,0.0476085,0.0558585,0.0754835,0.0543768,0.0941189,0.091836,0.0465132,
207,2e-07,0.0012857,0.0066531,0.0362586,0.0633708,0.0377465,0.0756803,0.106225,0.049775,0.0908889,0.0742318,0.0282571,
208,2e-07,0.0007827,0.0113146,0.0214184,0.062845,0.0561729,0.0694769,0.0852423,0.0489597,0.0456276,0.0912208,0.0663055,
209,2e-07,0.0014576,0.0096391,0.0342175,0.0738834,0.0486223,0.1145186,0.0926159,0.0480934,0.0548372,0.0885264,0.0572806,
210,1e-07,0.0025007,0.0131768,0.0371395,0.1033059,0.056502,0.1008708,0.1127257,0.0574084,0.123991,0.096005,0.012986,
211,2e-07,0.0031258,0.0269982,0.024467,0.0856086,0.0482161,0.1017755,0.1294418,0.0709467,0.1022125,0.0781068,0.0138458,
212,2e-07,0.0022759,0.0191694,0.0328564,0.0881445,0.0389671,0.1317675,0.1495071,0.07321,0.0400485,0.0662401,0.0371548,
213,2e-07,0.0021373,0.0157923,0.0437685,0.1433677,0.0394423,0.1605076,0.1219007,0.0968636,0.0896548,0.0861363,0.0684299,
214,2e-07,0.0066563,0.041026,0.0602912,0.1379642,0.0725775,0.1520141,0.10383,0.1104596,0.122384,0.0586639,0.0527547,
215,2e-07,0.0108135,0.0716744,0.0695649,0.1520829,0.1354711,0.1369503,0.135259,0.0822486,0.0661231,0.0773319,0.0615126,
216,2e-07,0.0023546,0.0328252,0.0438547,0.0732061,0.0794997,0.0950462,0.1218131,0.084247,0.0775425,0.1143826,0.0497909,
217,2e-07,0.0026463,0.0211787,0.0530935,0.0643137,0.0612708,0.1465532,0.1402248,0.0837631,0.0706699,0.1051846,0.0628116,
218,3e-07,0.0012909,0.0238169,0.0361781,0.0685655,0.0481509,0.1546073,0.1229682,0.0928502,0.1112787,0.084205,0.0631346,
219,3e-07,0.0021241,0.0312968,0.0442453,0.0402979,0.0727786,0.1117057,0.0764467,0.0325335,0.0965324,0.0650317,0.0432003,
220,3e-07,0.0030282,0.0167978,0.029272,0.0521596,0.0924498,0.1172577,0.0962648,0.0103544,0.0947312,0.0694927,0.0706757,
221,3e-07,0.0026549,0.0225272,0.0524216,0.0463677,0.0707102,0.0444579,0.1029055,0.0179815,0.1034912,0.0680894,0.0351767,
222,3e-07,0.0018125,0.0350199,0.0316101,0.078031,0.0624212,0.0667748,0.0772021,0.0333555,0.097615,0.1236512,0.0636666,
223,3e-07,0.0035684,0.0145598,0.0332944,0.072572,0.0666815,0.0544359,0.0856358,0.0332826,0.188017,0.1194199,0.0630487,
224,3e-07,0.0049603,0.0127111,0.0188074,0.0547544,0.1066798,0.0614505,0.1667058,0.0368728,0.1650628,0.0981132,0.1564782,
225,3e-07,0.0057727,0.0299804,0.0376786,0.0400439,0.0575646,0.0233052,0.0858326,0.0159824,0.1627023,0.1095919,0.149419,
226,3e-07,0.0074702,0.0193191,0.0361757,0.0611767,0.0844679,0.0655158,0.0651308,0.046818,0.1751372,0.1165291,0.1413883,
227,3e-07,0.0023966,0.0322781,0.041406,0.0499515,0.0456313,0.032686,0.0415806,0.0321788,0.1713277,0.1348564,0.1437635,
228,3e-07,0.0047122,0.0202086,0.0629118,0.0614202,0.0341042,0.0456165,0.0256223,0.065122,0.1235435,0.132205,0.1634005,
229,3e-07,0.0015969,0.031485,0.0459551,0.0538394,0.0604669,0.0483084,0.0461902,0.0551347,0.1019383,0.1264797,0.1398233,
230,3e-07,0.0032374,0.008878,0.0404436,0.0444564,0.0606464,0.0370274,0.0369504,0.0602951,0.1035318,0.1259893,0.1063439,
231,3e-07,0.0065156,0.0087642,0.039579,0.0769303,0.0325224,0.0520778,0.0508521,0.0437218,0.083639,0.129252,0.129162,
232,3e-07,0.0041668,0.0230724,0.0472428,0.095739,0.0487599,0.0420271,0.1023079,0.0464807,0.073525,0.1481179,0.1634401,
233,3e-07,0.0027729,0.0199702,0.0283527,0.0632959,0.0676633,0.0446567,0.0805152,0.0849335,0.0943999,0.134073,0.1313174,
234,3e-07,0.0083422,0.0174159,0.0714737,0.0752842,0.0465531,0.0314801,0.0749852,0.0921909,0.1535365,0.0974345,0.0913349,
235,3e-07,0.0134593,0.0412998,0.0983186,0.0527363,0.0338042,0.060647,0.0607226,0.0957612,0.1361955,0.0915978,0.1035094,
236,3e-07,0.0124686,0.0222138,0.0836409,0.0502981,0.0132706,0.0899386,0.101979,0.0609424,0.051112,0.1031658,0.0835741,
237,3e-07,0.0148121,0.0242075,0.0852297,0.0461801,0.0464353,0.0518295,0.0506389,0.0604911,0.051355,0.0958559,0.1757459,
238,2e-07,0.0080812,0.016461,0.0668263,0.0757053,0.0485208,0.0447439,0.0433373,0.084672,0.1156116,0.087939,0.1049434,
239,2e-07,0.0024981,0.0302719,0.0692946,0.0454414,0.0642584,0.0514255,0.0513381,0.0322505,0.1228685,0.0480984,0.0654857,
240,2e-07,0.0020138,0.0058004,0.0497087,0.0275114,0.0586815,0.0243387,0.0719303,0.0440086,0.1189456,0.0879693,0.049168,
241,2e-07,0.0061539,0.0293128,0.0158809,0.0760824,0.0592564,0.032772,0.0561811,0.0288674,0.0985863,0.0671365,0.1114516,
242,3e-07,0.0081,0.0281795,0.0406517,0.0340609,0.0762675,0.0444431,0.0573864,0.027334,0.1147502,0.0716158,0.1197507,
243,3e-07,0.0122429,0.0222049,0.0387305,0.0329033,0.0648929,0.0919422,0.0721796,0.0353437,0.2116768,0.070599,0.1490921,
244,3e-07,0.0061001,0.0321452,0.0353431,0.0493339,0.0802542,0.0813332,0.0542616,0.0457881,0.227501,0.0933388,0.1606112,
245,2e-07,0.0047944,0.0283686,0.0423036,0.0542341,0.1016227,0.0428489,0.0889783,0.0535392,0.2344098,0.1019104,0.1284829,
246,3e-07,0.0115035,0.0279639,0.0310688,0.0528844,0.0868064,0.0517457,0.108945,0.0493155,0.1759371,0.0881492,0.1246728,
247,3e-07,0.0158228,0.0229402,0.062618,0.049391,0.0727505,0.0856091,0.0703129,0.0629821,0.1512689,0.0393195,0.1235198,
248,2e-07,0.0075428,0.0099523,0.0504071,0.0840884,0.0308808,0.0767125,0.0433694,0.0597222,0.1294506,0.054987,0.1316548,
249,2e-07,0.0048825,0.0296128,0.0174252,0.0804975,0.0467654,0.0979319,0.0148386,0.0614756,0.0736601,0.0444998,0.0797202,
250,2e-07,0.0024896,0.0206272,0.0236321,0.0819864,0.1027134,0.1049986,0.0371174,0.0642543,0.0590055,0.048909,0.02636,
251,2e-07,0.002578,0.0191038,0.0466891,0.0747522,0.1152892,0.1332611,0.0689189,0.066101,0.0735746,0.0692858,0.0383053,
252,2e-07,0.0038791,0.0271855,0.0889714,0.0630314,0.1311464,0.1391882,0.0791096,0.058632,0.0912318,0.0751889,0.0657894,
253,2e-07,0.0021663,0.0348061,0.101759,0.0792979,0.0683691,0.1282923,0.0536506,0.0808502,0.0766074,0.0197475,0.0527029,
254,3e-07,0.0027211,0.0280002,0.0391117,0.0278745,0.0518524,0.1387621,0.0523879,0.0563383,0.086508,0.0390696,0.0550335,
255,2e-07,0.0045146,0.0325696,0.0862263,0.0380903,0.0942337,0.1691569,0.1329374,0.0781993,0.0671784,0.0509,0.0759228,
256,2e-07,0.0033543,0.0404834,0.106071,0.0286125,0.0408754,0.1603725,0.121403,0.1103565,0.0761613,0.1051261,0.0694913,
257,3e-07,0.001414,0.0240613,0.0554235,0.0269812,0.0659517,0.1318175,0.0854519,0.1041371,0.0653954,0.0934059,0.061753,
258,3e-07,0.0024683,0.0238722,0.0330977,0.0656265,0.1218686,0.1543555,0.0802879,0.0991094,0.1100734,0.0768479,0.0623762,
259,3e-07,0.0018805,0.0326866,0.0728906,0.0362609,0.1106055,0.1274358,0.07565,0.0751043,0.1194934,0.0655197,0.0491633,
260,3e-07,0.0007929,0.03889,0.0624434,0.03337,0.0595141,0.063092,0.0840702,0.0677487,0.1206099,0.1170028,0.1322435,
261,3e-07,0.0007906,0.0346337,0.0210389,0.0465029,0.0121267,0.0324147,0.1121237,0.0762917,0.1053493,0.1247474,0.1198121,
262,3e-07,0.0032001,0.0293769,0.0264378,0.0480551,0.0814659,0.0299898,0.0893105,0.0352854,0.1372624,0.1225647,0.120965,
263,3e-07,0.002648,0.0143907,0.0306581,0.025124,0.0448986,0.0613256,0.093351,0.0101551,0.1214128,0.1029838,0.1123912,
264,3e-07,0.0017662,0.0170086,0.0288571,0.0251253,0.0591558,0.0467644,0.1072962,0.031115,0.0765525,0.1243786,0.0771763,
265,3e-07,0.0007696,0.0138417,0.0391927,0.0207409,0.0650894,0.0286671,0.1075941,0.0503872,0.1085761,0.1282387,0.0645459,
266,3e-07,0.0029716,0.0034072,0.0343524,0.0581581,0.0545326,0.022353,0.1377544,0.0385837,0.143598,0.1273272,0.10507,
267,3e-07,0.0027798,0.0280816,0.04869,0.0729167,0.0749185,0.0136427,0.1551301,0.035511,0.0828392,0.1134157,0.0786354,
268,3e-07,0.0027747,0.023317,0.0617991,0.0414882,0.0705811,0.024553,0.1117432,0.031399,0.0637049,0.0876543,0.0837414,
269,3e-07,0.0028529,0.0217151,0.0463354,0.0699116,0.0506021,0.0306561,0.0762203,0.0588053,0.1068448,0.1089983,0.0680344,
270,3e-07,0.0048387,0.0299358,0.0309204,0.0613293,0.0677745,0.0602363,0.0775889,0.0687911,0.1170062,0.067473,0.0725914,
271,3e-07,0.0027862,0.037844,0.0332658,0.032444,0.0699805,0.0756976,0.0766713,0.0357959,0.0843549,0.0571879,0.0766546,
272,3e-07,0.0057642,0.0419855,0.0277419,0.0350054,0.0706375,0.0488441,0.0547101,0.0409155,0.0758949,0.1332973,0.0891589,
273,3e-07,0.0080993,0.0580303,0.0341654,0.0997315,0.0531158,0.088904,0.1024989,0.0552326,0.1398295,0.1555713,0.1331083,
274,3e-07,0.0044701,0.0565766,0.0365783,0.1196743,0.0460866,0.1423464,0.122172,0.0593509,0.1494621,0.148215,0.120772,
275,2e-07,0.0020077,0.0234223,0.0447142,0.0778166,0.114112,0.1633275,0.1391632,0.0447559,0.1624226,0.1972237,0.1051778,
276,2e-07,0.0043747,0.0173056,0.0390316,0.0847711,0.0676357,0.1646925,0.1412541,0.0273136,0.1034253,0.211208,0.1334012,
277,2e-07,0.0044193,0.0284151,0.0438814,0.0487303,0.0958406,0.2004433,0.168681,0.0354704,0.1558869,0.1579934,0.2023716,
278,2e-07,0.0014882,0.0248324,0.0452847,0.0215418,0.0949683,0.1956132,0.177696,0.0530919,0.2041263,0.1441993,0.1742015,
279,2e-07,0.0033416,0.0409653,0.0687207,0.0351548,0.0902947,0.1893997,0.1660146,0.0348506,0.0939058,0.0788134,0.1194115,
280,1e-07,0.0029543,0.0324712,0.0524334,0.0421771,0.0929451,0.1360438,0.1441562,0.0513196,0.0965931,0.0510633,0.027785,
281,1e-07,0.0021463,0.0103158,0.0480805,0.0681553,0.0648212,0.1096533,0.1125208,0.0359904,0.0730221,0.077659,0.0605633,
282,1e-07,0.0033103,0.0107662,0.031607,0.0796093,0.0872058,0.1201255,0.1568966,0.0440853,0.0843995,0.0765168,0.0803146,
283,1e-07,0.0030186,0.0176134,0.0686899,0.1023214,0.0394519,0.1262715,0.1496461,0.1700845,0.0729697,0.1465298,0.0506931,
284,1e-07,0.0026821,0.0104405,0.0609194,0.0835304,0.0561021,0.1274592,0.1715133,0.0424088,0.0913333,0.0818307,0.0938412,
285,1e-07,0.0030224,0.0191861,0.0734604,0.0667827,0.0609058,0.0962445,0.1369717,0.0463325,0.0773834,0.0606551,0.0806008,
286,1e-07,0.0012487,0.0393801,0.0334145,0.0765955,0.0692745,0.1144837,0.0892843,0.0665215,0.0667879,0.0298541,0.0374864,
287,1e-07,0.0010355,0.0381627,0.0457053,0.0783099,0.0709196,0.1289109,0.0918919,0.086253,0.05741,0.0645654,0.0522468,
288,1e-07,0.0042376,0.0336724,0.0464217,0.0372089,0.0469182,0.096662,0.0433947,0.0716052,0.0445941,0.0743534,0.031301,
289,1e-07,0.0051403,0.0293561,0.0595295,0.035174,0.0428141,0.0672373,0.0400359,0.0737422,0.085438,0.0656813,0.04168,
290,1e-07,0.004231,0.0143762,0.0260038,0.0429528,0.0468162,0.064555,0.0192439,0.1016749,0.058106,0.0849584,0.0607031,
291,1e-07,0.0029432,0.0090399,0.05025,0.0226014,0.0664945,0.0588637,0.0381252,0.0674072,0.0642727,0.0959654,0.0418712,
292,1e-07,0.0048744,0.0219859,0.0425737,0.0340494,0.0795775,0.0865564,0.0372637,0.045527,0.0499959,0.0734963,0.0585572,
293,1e-07,0.0034668,0.0104007,0.0290752,0.0230514,0.0624023,0.1113998,0.0255508,0.0224996,0.0510538,0.0577988,0.0487097,
294,1e-07,0.0020108,0.0193493,0.0862956,0.0612273,0.0385019,0.0900252,0.0539227,0.0296801,0.0486251,0.0307352,0.0158229,
295,1e-07,0.0012719,0.0180346,0.0296573,0.0256406,0.0342747,0.073085,0.0249469,0.027588,0.048209,0.017484,0.0390567,
296,1e-07,0.0010913,0.0190994,0.043086,0.0340084,0.0434382,0.0694493,0.0481845,0.0246914,0.0969217,0.0254663,0.0435868,
297,1e-07,0.000787,0.0193007,0.1091748,0.045109,0.0570585,0.0679337,0.0708735,0.0218891,0.0978546,0.0251179,0.0331833,
298,1e-07,0.0012907,0.0048348,0.0445876,0.0440739,0.0482993,0.0348736,0.086765,0.0194597,0.1083939,0.0289003,0.0616235,
299,1e-07,0.0012913,0.0116929,0.030558,0.0449844,0.068199,0.0531184,0.0944004,0.0115669,0.0724571,0.0199644,0.0907535,
300,1e-07,0.0007866,0.0208868,0.0582927,0.0594936,0.0555011,0.0439421,0.0900222,0.0640862,0.0208117,0.032171,0.0845839,
301,1e-07,0.0024325,0.0155049,0.0861896,0.0749441,0.0497943,0.0346858,0.0978138,0.0613686,0.0734993,0.0284547,0.1016396,
302,1e-07,0.0034696,0.0112544,0.0440543,0.0562713,0.0627509,0.0325908,0.1149566,0.1049619,0.0407835,0.030725,0.1601019,
303,1e-07,0.0031436,0.0078675,0.0291187,0.0626625,0.0571491,0.0479494,0.0917038,0.0561317,0.0506001,0.0366069,0.0933696,
304,1e-07,0.0031172,0.0138498,0.0343723,0.0459533,0.0420007,0.0699313,0.0658038,0.0703351,0.0295024,0.0257098,0.1096202,
305,2e-07,0.0024149,0.0264226,0.0493278,0.0465239,0.0472795,0.0776554,0.0814903,0.0455604,0.0623595,0.0471275,0.0972303,
306,2e-07,0.0016793,0.0303159,0.0618595,0.0625252,0.0436682,0.0855438,0.128539,0.0298937,0.1242773,0.0560321,0.0901523,
307,1e-07,0.0561098,0.0148271,0.0510598,0.0609742,0.0470546,0.0418696,0.0942473,0.0499424,0.0155718,0.0937339,0.0913469,
308,1e-07,0.0340779,0.0353824,0.0317999,0.0739876,0.1122821,0.0259941,0.1054238,0.0622791,0.0479121,0.100174,0.0723677,
309,1e-07,0.0027676,0.0166935,0.0256996,0.0325115,0.0561326,0.0483347,0.0691654,0.0694532,0.016896,0.0644293,0.1148519,
310,1e-07,0.0057912,0.0383056,0.0410773,0.0359404,0.0702061,0.0318485,0.046901,0.0626014,0.013695,0.0969517,0.1311041,
311,0.0,0.0026892,0.0490142,0.033737,0.016436,0.0508636,0.0577953,0.0573111,0.0144958,0.0162909,0.0927317,0.088278,
312,0.0,0.0029774,0.0190214,0.0534306,0.0670739,0.0549594,0.0408291,0.0509741,0.0240633,0.0214318,0.035214,0.0937036,
313,0.0,0.002324,0.0153254,0.0416124,0.0470139,0.060964,0.0243405,0.0372628,0.0323661,0.0282056,0.0458982,0.1337535,
314,1e-07,0.0031349,0.0182849,0.0135111,0.0321899,0.0364854,0.0260664,0.0513688,0.0437819,0.0313651,0.0725,0.120865,
315,1e-07,0.0017112,0.0233991,0.0283074,0.0279314,0.0590383,0.0432652,0.0881175,0.030331,0.0387415,0.0773391,0.0597916,
316,1e-07,0.0012856,0.003189,0.0184808,0.004953,0.0496479,0.0413316,0.0566634,0.028006,0.0582863,0.0626061,0.036616,
317,1e-07,0.0031607,0.013477,0.0277976,0.027494,0.0343103,0.0737121,0.0736422,0.0167202,0.0442953,0.0671996,0.0358947,
318,1e-07,0.0025926,0.0345942,0.0342531,0.0397621,0.0461027,0.0871991,0.0621933,0.0455781,0.0565914,0.0422054,0.0618728,
319,1e-07,0.0025958,0.0310159,0.0460525,0.0503773,0.0425462,0.047772,0.0569963,0.0367043,0.0325713,0.0521938,0.018706,
320,1e-07,0.0025021,0.0173306,0.0172865,0.0539916,0.0666562,0.0495296,0.0855798,0.0772117,0.0589461,0.053517,0.0478741,
321,1e-07,0.0021357,0.014041,0.0336388,0.0655286,0.0571422,0.0854433,0.130509,0.0859148,0.0752678,0.0280523,0.0368422,
322,1e-07,0.0032265,0.0337256,0.0267624,0.0566219,0.0394374,0.0459497,0.1091302,0.0424185,0.0454341,0.0502504,0.0255467,
323,1e-07,0.0028702,0.0056843,0.0504383,0.0474677,0.0497537,0.0251462,0.128641,0.0415575,0.0696374,0.0312743,0.0310775,
324,1e-07,0.0021356,0.0134558,0.0119262,0.0373475,0.0480418,0.0452064,0.1278431,0.0855648,0.0512642,0.0584109,0.0815034,
325,1e-07,0.0010909,0.016475,0.0421078,0.046208,0.0518531,0.0330939,0.1399749,0.089921,0.0491893,0.0706788,0.0564442,
326,1e-07,0.0027532,0.0158598,0.0272257,0.0356328,0.0141005,0.0319238,0.1199653,0.0981085,0.060531,0.0610939,0.1094003,
327,2e-07,0.0029616,0.0130543,0.0248418,0.0243105,0.0733107,0.0822406,0.09835,0.0916908,0.098914,0.0775801,0.1201557,
328,2e-07,0.0077566,0.0064224,0.0140253,0.0498644,0.0616704,0.010748,0.0285679,0.0936219,0.0388477,0.0776645,0.1619709,
329,2e-07,0.0050853,0.0340179,0.0420199,0.0455416,0.0998635,0.095133,0.0302832,0.1675134,0.0549106,0.0964558,0.2296322,
330,2e-07,0.0026364,0.0477338,0.0523046,0.1118342,0.0879664,0.1562598,0.1113549,0.1579057,0.1970526,0.1259199,0.2254522,
331,2e-07,0.0069132,0.0463657,0.0437976,0.0189466,0.090593,0.133335,0.0681581,0.1364425,0.1044723,0.047915,0.1306701,
332,2e-07,0.006879,0.0172625,0.0519013,0.0470661,0.0360868,0.0512545,0.0761946,0.1061092,0.0531309,0.058527,0.129319,
333,1e-07,0.0040615,0.0160609,0.0263629,0.0475895,0.0244467,0.0522535,0.0769512,0.0749836,0.0503177,0.0540746,0.0958829,
334,1e-07,0.0020296,0.0019643,0.0075844,0.0205459,0.034198,0.0512587,0.0879625,0.0660263,0.0259035,0.0375215,0.0632584,
335,1e-07,0.0024073,0.0132726,0.0312929,0.0318233,0.0715664,0.0489475,0.0894603,0.0637088,0.0520334,0.0473334,0.0654294,
336,1e-07,0.0025176,0.0091537,0.0407282,0.0164768,0.0463406,0.0499741,0.0744868,0.0601049,0.062365,0.0350419,0.0611853,
337,1e-07,0.0020883,0.010887,0.0554428,0.0173174,0.0427884,0.05399,0.1029093,0.0585492,0.0805818,0.0639039,0.0749608,
338,2e-07,0.0018849,0.018922,0.0577357,0.0183353,0.0547951,0.0490985,0.1102858,0.0688636,0.1051223,0.0850791,0.0883509,
339,2e-07,0.003541,0.0166142,0.0951127,0.0131974,0.0552388,0.0528386,0.1058397,0.1085422,0.1082469,0.0497447,0.0850766,
340,2e-07,0.0029233,0.0105504,0.0971526,0.054024,0.0556623,0.0511847,0.0971,0.07776,0.0735478,0.0745846,0.0959746,
341,2e-07,0.0044547,0.0197775,0.07221,0.0449408,0.0543474,0.0566127,0.1521977,0.066015,0.0729796,0.0735797,0.0616238,
342,1e-07,0.002737,0.0093682,0.0523839,0.0490873,0.0455134,0.0427659,0.1368925,0.0694774,0.0670228,0.0560451,0.0516276,
343,1e-07,0.0008154,0.0104308,0.0650983,0.022484,0.0474159,0.0398735,0.1229062,0.0873994,0.0653525,0.0639713,0.1067761,
344,1e-07,0.0008083,0.0047812,0.0505126,0.0220909,0.0448488,0.0555442,0.094672,0.0481296,0.0464456,0.0645069,0.0861161,
345,1e-07,0.0021064,0.0070503,0.0404602,0.0201484,0.0524039,0.0679386,0.0633883,0.0586047,0.0632952,0.1021614,0.0898682,
346,1e-07,0.0033527,0.0152128,0.066585,0.0156204,0.042156,0.0523378,0.0463558,0.0442064,0.0610979,0.0822397,0.1330085,
347,1e-07,0.0033601,0.02675,0.0592375,0.0171334,0.050522,0.0379195,0.0348306,0.0336325,0.0642909,0.0911704,0.126949,
348,1e-07,0.0057181,0.0431304,0.0294782,0.0381072,0.0783518,0.0698745,0.0187759,0.0322212,0.1126684,0.1582876,0.1161847,
349,1e-07,0.0074072,0.0128537,0.0287063,0.0557055,0.0638871,0.0942128,0.0354359,0.0647215,0.1108229,0.0624529,0.1142526,
350,1e-07,0.0101837,0.0276038,0.0165331,0.0645963,0.0671627,0.1058358,0.113483,0.0715342,0.0799479,0.0866166,0.1260803,
351,1e-07,0.0154499,0.0469433,0.0859154,0.1210699,0.1141058,0.2252484,0.2579059,0.1030213,0.132133,0.1276641,0.1572346,
352,1e-07,0.0049758,0.0504145,0.1293301,0.1909562,0.1164708,0.2717892,0.3754995,0.2135876,0.1725787,0.1722414,0.1092363,
353,1e-07,0.0050229,0.0261427,0.1152382,0.1468205,0.1028939,0.2205465,0.3323225,0.1975795,0.168602,0.1706995,0.1053149,
354,1e-07,0.0206899,0.0229507,0.0892492,0.0908806,0.0344468,0.1511802,0.2889132,0.1453692,0.1197849,0.1268015,0.0096909,
355,1e-07,0.0142786,0.0442532,0.0557494,0.106153,0.0639163,0.1681501,0.3090534,0.1669128,0.1931325,0.1287744,0.1084495,
356,1e-07,0.0036077,0.0116919,0.099427,0.1382416,0.0677249,0.1825746,0.3369447,0.1840747,0.1759744,0.1334368,0.1187343,
357,1e-07,0.006294,0.0119639,0.0874373,0.1652357,0.0607986,0.1511124,0.3109794,0.1675594,0.1557774,0.0996149,0.1127221,
358,1e-07,0.0061303,0.0187847,0.0842187,0.1620935,0.101126,0.1353207,0.2750913,0.1736558,0.1145205,0.1148951,0.1248837,
359,1e-07,0.005525,0.025073,0.0712251,0.1508742,0.0821744,0.1609968,0.2482167,0.1482343,0.0384459,0.0445834,0.1222785,
360,1e-07,0.0025119,0.0284495,0.0542958,0.1566991,0.1004378,0.1616491,0.2399157,0.1613587,0.0431321,0.0344087,0.1233599,
361,1e-07,0.0070429,0.0286468,0.022555,0.1548002,0.0600355,0.1035317,0.2526729,0.1534502,0.0386507,0.047334,0.1438426,
362,1e-07,0.0052666,0.037095,0.0718918,0.1261899,0.1109159,0.0760024,0.2315196,0.1482719,0.0670869,0.0208069,0.1794612,
363,1e-07,0.0022451,0.0506014,0.0576097,0.1325275,0.1330669,0.1066567,0.2210843,0.0333856,0.0658244,0.0084075,0.1585106,
364,1e-07,0.0030376,0.0548649,0.0326486,0.1065965,0.1084768,0.1482627,0.1130036,0.0979481,0.0449487,0.0454801,0.1580375,
365,1e-07,0.0113088,0.027203,0.0671933,0.1209509,0.0824459,0.1327003,0.0963665,0.2250263,0.1036669,0.075142,0.1447239,
366,1e-07,0.0066155,0.0258031,0.0498485,0.0875488,0.1050485,0.1626875,0.0994969,0.2083795,0.1298815,0.0428418,0.0493565,
367,1e-07,0.0070816,0.0555204,0.0354861,0.0259791,0.0506234,0.1535633,0.1281709,0.1714069,0.1007301,0.0446174,0.0583756,
368,2e-07,0.0071906,0.0420078,0.0646783,0.0331835,0.0553969,0.1162084,0.1343055,0.1978118,0.1136707,0.0812417,0.0645573,
369,2e-07,0.0094588,0.0318952,0.0812027,0.0788624,0.0365187,0.0869476,0.1055931,0.148491,0.0732641,0.1026097,0.1380224,
370,3e-07,0.0085762,0.0377377,0.0597404,0.0229802,0.0453502,0.1213578,0.0879481,0.1633674,0.0487031,0.1247389,0.1569004,
371,3e-07,0.0044314,0.0408703,0.0633172,0.0416076,0.0467281,0.0466077,0.0775591,0.1217651,0.0293975,0.1084708,0.1036301,
372,3e-07,0.0023985,0.0282507,0.0410718,0.0493274,0.0523107,0.0442541,0.0587373,0.1005789,0.0358031,0.1089177,0.1379615,
373,3e-07,0.0031023,0.0244407,0.0189583,0.0350256,0.0458625,0.0561476,0.0905856,0.1502226,0.0473249,0.0823421,0.1061489,
374,2e-07,0.0021156,0.0160434,0.0251373,0.0967721,0.0545794,0.0386456,0.1606389,0.1261088,0.0329497,0.0807512,0.0838773,
375,3e-07,0.0009947,0.0286185,0.0686018,0.0922199,0.0469427,0.0213536,0.1411808,0.1283084,0.0571612,0.0748647,0.0974952,
376,2e-07,0.0016917,0.0287426,0.0483676,0.0723571,0.0327918,0.0586953,0.1669008,0.1641529,0.0727137,0.0428378,0.1074564,
377,2e-07,0.0038175,0.0425174,0.0581651,0.0604623,0.093901,0.0785583,0.1461902,0.1758387,0.1225985,0.1365597,0.1353228,
378,3e-07,0.0028171,0.0338596,0.084653,0.0876492,0.1970411,0.0808886,0.2068582,0.273856,0.1451516,0.1638447,0.066827,
379,3e-07,0.0035669,0.0152646,0.0212812,0.1110347,0.1064428,0.0585686,0.1937114,0.2746693,0.1290037,0.1158736,0.0713336,
380,3e-07,0.0028598,0.0128094,0.0378693,0.0644909,0.0358289,0.0779644,0.1685296,0.1987661,0.1236325,0.1303041,0.0755064,
381,2e-07,0.0033424,0.0127098,0.0571249,0.0749766,0.0445096,0.0457064,0.1578268,0.1928231,0.054761,0.1427156,0.0778279,
382,2e-07,0.0029702,0.0159065,0.0542269,0.0812986,0.0422262,0.0531968,0.1398576,0.1923013,0.1096998,0.1559901,0.0874559,
383,2e-07,0.0035617,0.0191039,0.0646619,0.0729406,0.0338693,0.0533523,0.1207556,0.1770542,0.0568969,0.1364643,0.0711092,
384,2e-07,0.0103923,0.0333793,0.0588345,0.0362861,0.0184947,0.0938292,0.153618,0.2029049,0.0483959,0.1175007,0.0552865,
385,2e-07,0.005393,0.0768323,0.0514716,0.0764719,0.0234945,0.1064538,0.095152,0.172766,0.0406744,0.1910014,0.0848957,
386,2e-07,0.0057789,0.0304326,0.0482059,0.0664896,0.0415112,0.1099274,0.0560778,0.148821,0.0762213,0.2328043,0.18022,
387,1e-07,0.0041155,0.0313518,0.0338135,0.0518849,0.0222465,0.0802888,0.0913429,0.1309099,0.1463445,0.207993,0.1571071,
388,1e-07,0.0067436,0.0184312,0.0378232,0.0704014,0.0108656,0.067002,0.0728188,0.0760545,0.1261349,0.1902723,0.1663174,
389,1e-07,0.0055229,0.0297258,0.0350172,0.0472649,0.0410429,0.0691097,0.0947264,0.0871543,0.1484141,0.0888457,0.1064106,
390,1e-07,0.0046075,0.0320479,0.0939966,0.0527557,0.0227003,0.047879,0.0812336,0.1156085,0.1161558,0.0441816,0.0625641,
391,1e-07,0.0015066,0.013907,0.0432391,0.0220822,0.0588503,0.0554629,0.0555254,0.1014429,0.0847674,0.0187771,0.0580275,
392,1e-07,0.0012791,0.0073231,0.0128109,0.0285003,0.098138,0.06564,0.0524298,0.045108,0.0717074,0.0487143,0.1056288,
393,1e-07,0.0010711,0.0075944,0.0217577,0.0272757,0.0875785,0.0684,0.0543026,0.0379113,0.1002526,0.1091414,0.2126854,
394,1e-07,0.0045025,0.0245196,0.0261757,0.0290244,0.0690831,0.0286553,0.0777064,0.026692,0.1104492,0.1176246,0.1873411,
395,2e-07,0.0060923,0.024802,0.0288472,0.0268032,0.0182345,0.0628245,0.0933002,0.0501937,0.0440976,0.1296327,0.1209886,
396,2e-07,0.0033644,0.0184003,0.0668295,0.0586247,0.0326454,0.0431158,0.0933248,0.1229569,0.0378243,0.138677,0.1215982,
397,2e-07,0.0025221,0.0170328,0.0469399,0.0713324,0.0310123,0.0449177,0.0955912,0.1447994,0.0442082,0.1355189,0.0547566,
398,2e-07,0.0048945,0.0169624,0.0519719,0.0517818,0.0413549,0.0739512,0.1547257,0.2127068,0.084217,0.1760606,0.0274543,
399,2e-07,0.0039511,0.034339,0.0539885,0.0407591,0.0447919,0.096657,0.1090837,0.1379629,0.18646,0.1946167,0.0515782,
400,2e-07,0.0027429,0.0258852,0.0782473,0.0397604,0.0602604,0.1117392,0.103025,0.0941563,0.0901085,0.1044303,0.0576733,
401,2e-07,0.0095006,0.0198789,0.0729062,0.0261237,0.0502494,0.0493747,0.0958929,0.0976327,0.0549161,0.0661802,0.0922897,
402,2e-07,0.0132422,0.0323123,0.1014522,0.0381774,0.0973697,0.0399406,0.0540457,0.0580319,0.0892017,0.10265,0.098451,
403,2e-07,0.007338,0.0282915,0.0876286,0.0596199,0.1209998,0.0479558,0.1198537,0.1012959,0.081239,0.0799809,0.0786355,
404,2e-07,0.0070143,0.0567339,0.0480824,0.0683285,0.0828888,0.0502689,0.1275214,0.0869179,0.0635875,0.0597566,0.0743114,
405,1e-07,0.0054514,0.0490222,0.0457335,0.0668487,0.0556962,0.0874889,0.1251216,0.05725,0.0597134,0.0599404,0.0633415,
406,2e-07,0.0038871,0.0328778,0.048975,0.0569291,0.0918305,0.0739123,0.125681,0.054616,0.0577065,0.1047681,0.0751581,
407,1e-07,0.0046305,0.0227727,0.0430689,0.0474662,0.0668031,0.0525366,0.1248154,0.007268,0.0577694,0.0683994,0.0877861,
408,2e-07,0.0020591,0.0226687,0.0416254,0.0557131,0.0633811,0.0520123,0.1147516,0.0783205,0.0797031,0.0630115,0.0917595,
409,2e-07,0.0020553,0.0388866,0.03252,0.0355814,0.0593304,0.0746943,0.112652,0.1149261,0.0706476,0.0750507,0.0569376,
410,1e-07,0.002374,0.0300811,0.0290028,0.0298096,0.1137024,0.0682169,0.0956936,0.0573135,0.0602702,0.0831817,0.0571379,
411,1e-07,0.0015135,0.0208586,0.0610847,0.039656,0.102241,0.0580234,0.0776736,0.0735278,0.0430989,0.0539703,0.0479422,
412,1e-07,0.002755,0.006865,0.0304279,0.0560089,0.0815579,0.07425,0.0608438,0.0985792,0.0748107,0.0634242,0.0217977,
413,1e-07,0.0007477,0.0130594,0.0356967,0.0572413,0.0871554,0.0669275,0.088615,0.1115415,0.0668434,0.1418049,0.0839349,
414,1e-07,0.0020121,0.0043825,0.0650785,0.0243179,0.0860294,0.0250762,0.0907919,0.0889892,0.0509454,0.0586633,0.0740624,
415,1e-07,0.0017349,0.0555751,0.0718365,0.0491526,0.0376135,0.0459654,0.0701555,0.1042502,0.0599005,0.0293845,0.0443498,
416,1e-07,0.0026589,0.0191957,0.0597977,0.0553975,0.040655,0.0612744,0.0605832,0.0586244,0.0703307,0.0811924,0.0827014,
417,1e-07,0.0017243,0.0158294,0.030334,0.0416618,0.0428796,0.0520045,0.0597639,0.0467537,0.0606478,0.0623599,0.0959683,
418,1e-07,0.0034378,0.0077745,0.0389913,0.0120684,0.0474202,0.0484995,0.0346059,0.04861,0.0221903,0.0456566,0.0916048,
419,0.0,0.0029781,0.0086596,0.040476,0.0359881,0.0224111,0.0561269,0.0332129,0.0585901,0.0305193,0.0407446,0.0845408,
420,0.0,0.0031331,0.0070866,0.0122303,0.0492592,0.0328566,0.0409111,0.0517486,0.0759176,0.0453978,0.026461,0.0494456,
421,1e-07,0.0021195,0.0061302,0.0142381,0.0442836,0.0636222,0.0295142,0.0479432,0.0606944,0.0453511,0.0302959,0.0344027,
422,1e-07,0.0088074,0.0118705,0.0233568,0.0275418,0.0308507,0.0156481,0.0605031,0.064393,0.0453753,0.0065431,0.0954775,
423,1e-07,0.0076372,0.0123244,0.0141615,0.0211614,0.0321447,0.0436546,0.0531898,0.059611,0.028491,0.028106,0.0896576,
424,1e-07,0.0061671,0.0116109,0.0217848,0.0173358,0.0258913,0.0582938,0.0498369,0.0822345,0.0710889,0.0703676,0.0776749,
425,2e-07,0.0034369,0.0428821,0.0569395,0.0553784,0.1088232,0.0975054,0.0487385,0.0933516,0.0642475,0.1374138,0.0794171,
426,1e-07,0.0060519,0.0202549,0.0509873,0.0442245,0.0681019,0.1056095,0.0664102,0.0730571,0.0729556,0.0654645,0.074875,
427,2e-07,0.0047038,0.0322844,0.0275698,0.0580514,0.0493272,0.0888445,0.0952079,0.0514938,0.043307,0.0717806,0.07455,
428,1e-07,0.0041233,0.0138977,0.045906,0.0174891,0.0504956,0.0554127,0.0662023,0.0428074,0.0421243,0.0760502,0.075104,
429,1e-07,0.0038756,0.0157579,0.0491888,0.0116096,0.04799,0.0534908,0.0772285,0.048512,0.0445967,0.0672779,0.1031721,
430,1e-07,0.0034216,0.0122295,0.0321602,0.0278793,0.0278368,0.0602163,0.0650507,0.0751826,0.1282718,0.0510213,0.1044283,
431,0.0,0.0016643,0.008723,0.0256084,0.0277499,0.0238283,0.056284,0.0621901,0.0352746,0.0681148,0.0288481,0.0946066,
432,0.0,0.0003777,0.0042333,0.0281209,0.0613015,0.0146231,0.0292241,0.0560145,0.074626,0.0555595,0.0566689,0.1043246,
433,0.0,0.0010832,0.0119626,0.02277,0.0492768,0.0094734,0.0135715,0.0451151,0.0586704,0.0547418,0.0826671,0.0949357,
434,0.0,0.0012671,0.0083041,0.0435742,0.0533723,0.0151192,0.0219954,0.051572,0.0528487,0.0404625,0.0748942,0.1103323,
435,1e-07,0.0010534,0.0086739,0.0412298,0.0545384,0.0126271,0.0292927,0.0218832,0.0589725,0.0445951,0.0628573,0.1375222,
436,1e-07,0.0018809,0.0082132,0.039593,0.0584762,0.0679473,0.041831,0.0444369,0.0686947,0.0584439,0.0349162,0.0887057,
437,1e-07,0.0021655,0.0098736,0.0310247,0.036069,0.0349317,0.0277968,0.0521843,0.0704707,0.0540237,0.0364807,0.0873766,
438,1e-07,0.0010593,0.0257044,0.050511,0.0185707,0.0425834,0.0326498,0.0355113,0.0862733,0.0463537,0.0395433,0.0994448,
439,1e-07,0.0003629,0.0261605,0.0540638,0.0263537,0.0380708,0.0128981,0.0645402,0.08511,0.0852476,0.0486874,0.064186,
440,1e-07,0.0018066,0.0131869,0.06656,0.0307952,0.025123,0.0255694,0.057669,0.0373959,0.1017567,0.040745,0.0616764,
441,1e-07,0.0014604,0.0074538,0.0510734,0.037409,0.0356621,0.0299422,0.0232259,0.0310497,0.0736134,0.0448981,0.0680069,
442,1e-07,0.0012707,0.0127449,0.0391849,0.0745877,0.0335074,0.0213131,0.0248431,0.0216775,0.055784,0.0292393,0.0802979,
443,1e-07,0.003004,0.0188915,0.0229219,0.0762747,0.0419158,0.0345831,0.0263428,0.0728959,0.0588324,0.0229674,0.1286489,
444,0.0,0.0012803,0.0124786,0.0535334,0.064621,0.0463374,0.0583426,0.0155693,0.0936454,0.0377838,0.0098563,0.0925656,
445,1e-07,0.0047577,0.0253165,0.0336018,0.0243406,0.0607549,0.0579006,0.0250208,0.0546835,0.05157,0.0385636,0.0821862,
446,1e-07,0.0026781,0.0407123,0.0503562,0.054471,0.0609035,0.0660841,0.0115344,0.0166978,0.0490466,0.0667718,0.0887178,
447,1e-07,0.0042381,0.027856,0.0540185,0.0446986,0.0950945,0.0365639,0.0398659,0.0383804,0.060776,0.0528266,0.1197674,
448,1e-07,0.0041098,0.0383007,0.0386594,0.0388906,0.0846535,0.0205134,0.0379736,0.0915772,0.0827223,0.06925,0.1397831,
449,1e-07,0.0021648,0.070434,0.031458,0.0348515,0.0414001,0.078053,0.058185,0.0538222,0.0460242,0.0668441,0.0886205,
450,1e-07,0.0023824,0.0154633,0.0213558,0.0298692,0.0190568,0.0392915,0.0261534,0.0915226,0.0486619,0.0467318,0.070123,
451,1e-07,0.0014968,0.0118121,0.0472213,0.0185703,0.0428088,0.0465638,0.059607,0.0993732,0.0562374,0.0293083,0.0459682,
452,1e-07,0.0021203,0.0229815,0.040192,0.0614511,0.0262692,0.0490902,0.0802075,0.0387332,0.0467118,0.0370148,0.0783316,
453,1e-07,0.0022338,0.010722,0.0246982,0.0266366,0.0145573,0.0713438,0.0627243,0.027186,0.0302387,0.0243304,0.0372347,
454,1e-07,0.0020506,0.0105114,0.0176787,0.0297639,0.0365085,0.0615155,0.0485172,0.0466981,0.0237929,0.0441783,0.0192645,
455,1e-07,0.001084,0.0089982,0.0298698,0.0085679,0.0311693,0.0686111,0.0479859,0.0672402,0.0527293,0.0585898,0.0585012,
456,1e-07,0.0007352,0.0129694,0.0274595,0.041019,0.0594048,0.0589976,0.0646243,0.0432943,0.0465842,0.0319195,0.0515585,
457,1e-07,0.0010564,0.0152035,0.0430377,0.0102453,0.0308782,0.0444277,0.0813344,0.0757769,0.0600524,0.0459169,0.0786481,
458,1e-07,0.0012463,0.0135633,0.058865,0.0366732,0.0267452,0.063895,0.0272784,0.0512187,0.0558856,0.0459071,0.1045315,
459,1e-07,0.0026602,0.0451053,0.0096993,0.0372164,0.0644679,0.1072498,0.0502852,0.0513981,0.0644776,0.0820705,0.1028029,
460,2e-07,0.008619,0.0378005,0.0829152,0.0502897,0.0774623,0.0869197,0.0418257,0.0576224,0.0656742,0.0587584,0.0759571,
461,2e-07,0.0042883,0.0606889,0.0718275,0.0541572,0.0680988,0.0551826,0.0405305,0.0715094,0.1025863,0.0576001,0.0850508,
462,2e-07,0.002152,0.0249112,0.0245613,0.0231768,0.0544235,0.0620359,0.0829938,0.0424872,0.0653134,0.0655927,0.0859216,
463,1e-07,0.0028732,0.0208511,0.0343859,0.0221996,0.0394287,0.0663658,0.0782705,0.0078264,0.0677996,0.0499264,0.0558112,
464,1e-07,0.002621,0.0165352,0.0411747,0.0220167,0.040478,0.095061,0.0928235,0.0668175,0.0771194,0.024738,0.0617906,
465,1e-07,0.0014469,0.0240297,0.0416968,0.0301712,0.0389021,0.0928477,0.0811613,0.0525254,0.0890774,0.0103929,0.0467601,
466,1e-07,0.001864,0.0271267,0.0293563,0.0411914,0.0418065,0.0351813,0.0660913,0.0504408,0.0889092,0.0469406,0.0439102,
467,1e-07,0.0014292,0.0186866,0.0144014,0.044614,0.0225183,0.0353417,0.05961,0.0661355,0.0341347,0.0154164,0.0324221,
468,1e-07,0.0021042,0.0139102,0.013248,0.0460082,0.0456264,0.0714993,0.0302704,0.0475176,0.0107089,0.0134388,0.0465549,
469,0.0,0.003004,0.0088493,0.0267142,0.0486875,0.0326172,0.0896432,0.0208574,0.0319958,0.0238998,0.0259051,0.0583902,
470,1e-07,0.0007491,0.0301206,0.0234648,0.039891,0.0109682,0.0519101,0.0194716,0.0676085,0.0637181,0.0404961,0.0645256,
471,1e-07,0.0031115,0.036469,0.0149677,0.031654,0.0239831,0.0563255,0.015238,0.0562259,0.0666833,0.0632262,0.0614456,
472,1e-07,0.0051656,0.0413131,0.0310825,0.0475195,0.0320844,0.0305163,0.027335,0.0659684,0.0594832,0.0384708,0.0942917,
473,1e-07,0.0048797,0.0356475,0.0296221,0.0699322,0.0597287,0.0324632,0.0360271,0.0666577,0.0383078,0.0272348,0.0724384,
474,1e-07,0.0102272,0.0342486,0.0794611,0.117906,0.0835742,0.0833943,0.156623,0.1327553,0.0409304,0.1219408,0.0624568,
475,1e-07,0.0055024,0.0244103,0.0431849,0.1251798,0.0774636,0.0640266,0.0560942,0.1266809,0.0293206,0.0419725,0.1412062,
476,1e-07,0.0054242,0.0130814,0.0516818,0.0425783,0.0455354,0.0568124,0.0368813,0.1246933,0.0223781,0.0631166,0.1255311,
477,1e-07,0.0026996,0.0146587,0.0232543,0.0319935,0.0787223,0.0204435,0.0279412,0.0703597,0.0622457,0.024421,0.0382221,
478,0.0,0.001639,0.0224849,0.047646,0.0432279,0.0774908,0.0200303,0.0244483,0.0630687,0.0619018,0.0302329,0.0550329,
479,0.0,0.0013117,0.0122442,0.0517993,0.0126832,0.0475458,0.0268146,0.0386759,0.0584929,0.0442593,0.0369211,0.0281965,
480,0.0,0.0008084,0.0192378,0.069818,0.0401706,0.0380242,0.0395267,0.0478622,0.0747277,0.0436005,0.0806982,0.02372,
481,0.0,0.0003864,0.0148332,0.0383539,0.0429332,0.0593591,0.0373959,0.0080262,0.0760441,0.0408001,0.0751939,0.0171838,
482,1e-07,0.0019782,0.014971,0.0464144,0.0720845,0.0724666,0.0637125,0.0483859,0.07025,0.0491051,0.0760325,0.0286981,
483,1e-07,0.0017077,0.0230194,0.0614134,0.0885871,0.0734745,0.0740431,0.0624639,0.0680964,0.053954,0.0146826,0.0269107,
484,1e-07,0.0010289,0.0249532,0.1198246,0.1181099,0.0534677,0.0833401,0.051874,0.1046817,0.100587,0.0190387,0.0324613,
485,1e-07,0.0007337,0.0147684,0.0998824,0.0822525,0.0714403,0.0720838,0.0501906,0.0894738,0.0901994,0.0228027,0.0459996,
486,1e-07,0.0014277,0.005568,0.0691116,0.0285857,0.0879755,0.0608779,0.0484095,0.0385254,0.0834535,0.0666891,0.0501088,
487,0.0,0.0026666,0.0090134,0.0630306,0.0500997,0.0798019,0.03947,0.0138342,0.0886643,0.0763116,0.089597,0.0675448,
488,1e-07,0.0026703,0.0158198,0.0560864,0.0228405,0.044737,0.0395534,0.0414471,0.0365943,0.0982239,0.0606187,0.0647849,
489,1e-07,0.0018073,0.0205532,0.0826254,0.0605663,0.0329963,0.0613358,0.0603655,0.0215696,0.0973604,0.0152291,0.1278846,
490,0.0,0.0013061,0.0209125,0.035216,0.1073626,0.0729192,0.0657222,0.0944998,0.0352761,0.084777,0.0939544,0.0389447,
491,0.0,0.0014522,0.0214299,0.0343255,0.1181355,0.0505184,0.0353886,0.0849481,0.0183797,0.0587812,0.0101941,0.0466213,
492,0.0,0.0014457,0.0246631,0.0235306,0.0818569,0.0471214,0.0323459,0.0746949,0.0935917,0.0853272,0.0377575,0.0583156,
493,1e-07,0.0013238,0.0303592,0.0411562,0.0631865,0.0368166,0.0323706,0.0429647,0.0745721,0.0923323,0.0723344,0.0504889,
494,1e-07,0.0016489,0.0169255,0.0541326,0.0561597,0.0365829,0.0423913,0.0437696,0.0758378,0.0810112,0.0401813,0.0805975,
495,1e-07,0.0020213,0.0228852,0.0738447,0.0538682,0.0376621,0.0792552,0.0809017,0.1093004,0.0555501,0.0797658,0.1107361,
496,1e-07,0.0021222,0.0061122,0.087688,0.0748425,0.0573471,0.0918899,0.1124603,0.1227058,0.0644803,0.0450831,0.06303,
497,1e-07,0.0024427,0.0169989,0.0831853,0.070456,0.0751887,0.1074856,0.1381322,0.1363119,0.1150377,0.0474909,0.1755466,
498,1e-07,0.0057827,0.0156736,0.0824205,0.1255008,0.1271664,0.0594967,0.093489,0.1458749,0.0337805,0.0960031,0.104091,
499,1e-07,0.0026861,0.0507344,0.1235842,0.2330403,0.2089309,0.057521,0.1302058,0.1798199,0.0493419,0.1154251,0.1268709,
500,1e-07,0.0012986,0.0343272,0.1089767,0.1391497,0.1089574,0.0618302,0.0948862,0.1645831,0.0608734,0.1310232,0.073021,
501,1e-07,0.0020262,0.0239463,0.0890452,0.103509,0.1037593,0.0424904,0.1535597,0.09812,0.1013323,0.0535579,0.0586186,
502,1e-07,0.001268,0.0446162,0.0499861,0.0762211,0.1014331,0.0446589,0.1331628,0.0653933,0.0749415,0.0720348,0.0757484,
503,1e-07,0.0021539,0.0303251,0.0434364,0.0218469,0.0594397,0.0278053,0.112279,0.0955193,0.1553897,0.0546645,0.0816863,
504,1e-07,0.0027479,0.0302901,0.0197447,0.0364109,0.0324822,0.0391507,0.108449,0.0606219,0.1011843,0.0337249,0.1155422,
505,1e-07,0.0017611,0.0323048,0.0348176,0.04874,0.0378287,0.0577245,0.1238618,0.0204793,0.0641635,0.0460868,0.0913645,
506,2e-07,0.0014254,0.0093094,0.0448377,0.0441045,0.0192076,0.0451273,0.0942134,0.0407117,0.0389888,0.0751638,0.0837673,
507,2e-07,0.0012418,0.0134626,0.0205777,0.0619631,0.0147095,0.0524196,0.0720142,0.0304814,0.0448562,0.0174009,0.0593037,
508,2e-07,0.000762,0.0121056,0.0256714,0.0509111,0.0108693,0.0552899,0.0880045,0.0575129,0.0421314,0.0469481,0.1023572,
509,2e-07,0.002156,0.008621,0.031824,0.0402803,0.0087397,0.0453086,0.0778173,0.0570922,0.068868,0.0253704,0.0550734,
510,2e-07,0.0026755,0.0190181,0.0428981,0.0553817,0.0208873,0.0598012,0.0666161,0.0010773,0.0736419,0.0356867,0.0455742,
511,2e-07,0.0020261,0.01826,0.0467343,0.0306037,0.0267483,0.0580628,0.0509624,0.0202933,0.059858,0.0449774,0.0594188,
512,2e-07,0.0066345,0.0116184,0.0433583,0.0544739,0.0232222,0.0437309,0.0439894,0.0108649,0.0880798,0.0795914,0.1273573,
513,2e-07,0.002159,0.0151815,0.0513311,0.0466981,0.0382851,0.0520771,0.0497077,0.0347088,0.0915546,0.0982289,0.1288306,
514,2e-07,0.0086765,0.0135795,0.0345026,0.0313133,0.036639,0.0315343,0.0548799,0.0204125,0.054308,0.0703502,0.0435553,
515,2e-07,0.0116203,0.0282431,0.0321645,0.0332053,0.0472158,0.0586379,0.0834342,0.0354376,0.0351806,0.0721365,0.0675911,
516,2e-07,0.006959,0.0316519,0.0307591,0.0453731,0.0600001,0.0605824,0.0665173,0.0312363,0.0852098,0.0695929,0.0971021,
517,2e-07,0.008375,0.0400219,0.0582156,0.0506363,0.0519558,0.0562522,0.0344143,0.0935778,0.0514936,0.1082949,0.0672163,
518,2e-07,0.0100088,0.0517454,0.0599316,0.0247248,0.0931779,0.0319313,0.051422,0.0657782,0.038512,0.1132692,0.0772304,
519,2e-07,0.0178311,0.0331973,0.0860936,0.0344446,0.0759973,0.0458212,0.094719,0.0615774,0.0475006,0.0857489,0.1011146,
520,2e-07,0.0148184,0.033707,0.0940253,0.0308254,0.0269442,0.0514192,0.1237099,0.0787621,0.0542207,0.0746067,0.0790897,
521,2e-07,0.0061503,0.0448787,0.1062353,0.0480402,0.1504546,0.1669055,0.1861563,0.0984062,0.0694416,0.1184522,0.1765493,
522,2e-07,0.0074447,0.0317472,0.0916434,0.0616367,0.1198731,0.1603975,0.100355,0.1793733,0.1293,0.1432632,0.2047052,
523,2e-07,0.0129752,0.0285693,0.1111168,0.0834435,0.1150626,0.084444,0.0814928,0.1443732,0.1685039,0.1277257,0.1773991,
524,3e-07,0.0083047,0.022527,0.1048137,0.0456793,0.0839499,0.0609788,0.0881174,0.1313759,0.1653527,0.1138588,0.1836124,
525,3e-07,0.0056196,0.0221347,0.0951866,0.0370236,0.0764944,0.0788842,0.0486718,0.106212,0.1730949,0.1012573,0.08903,
526,3e-07,0.0041475,0.0416878,0.0694744,0.0109305,0.0840893,0.1033603,0.0921977,0.1326981,0.2046258,0.0796798,0.100574,
527,3e-07,0.003289,0.033842,0.0613342,0.0361509,0.1468115,0.1117802,0.1180354,0.1219461,0.1269427,0.0604512,0.0800755,
528,3e-07,0.0040903,0.0192253,0.0246233,0.0427427,0.0984122,0.1165164,0.1470289,0.2154775,0.1130722,0.0770833,0.1145918,
529,3e-07,0.0036989,0.0336902,0.0266412,0.0418484,0.0669852,0.0702532,0.1104543,0.1472905,0.0407867,0.093531,0.1446809,
530,3e-07,0.0054296,0.0230435,0.0300896,0.0563315,0.1043563,0.0709244,0.1247916,0.029947,0.0467202,0.0190617,0.1415584,
531,3e-07,0.0035935,0.024556,0.0348459,0.0486416,0.0889096,0.0560644,0.1264179,0.0822989,0.0747021,0.0276842,0.1107288,
532,3e-07,0.0053931,0.0187683,0.0789921,0.0984532,0.0777461,0.0796737,0.1312301,0.0911578,0.0982715,0.1307611,0.178282,
533,3e-07,0.003678,0.011783,0.0360351,0.0500734,0.1288471,0.0668309,0.1060019,0.0928658,0.0705834,0.1244962,0.1692005,
534,3e-07,0.0044818,0.0233345,0.0236485,0.0438454,0.0822092,0.1296305,0.104148,0.1235733,0.0261455,0.1320424,0.1418398,
535,3e-07,0.0021794,0.0277665,0.0570626,0.0053475,0.0966917,0.1040352,0.0814116,0.1260652,0.0416114,0.124906,0.097962,
536,3e-07,0.0007813,0.0282887,0.0365139,0.0239055,0.0904989,0.1007885,0.1024279,0.0854285,0.0798924,0.1161803,0.0577873,
537,3e-07,0.0023395,0.0237389,0.0472032,0.0361628,0.0303946,0.082417,0.1214931,0.0244506,0.099865,0.1417646,0.1280627,
538,3e-07,0.004439,0.0158633,0.0811145,0.0620801,0.0388637,0.0777677,0.1148164,0.0516204,0.1692398,0.1520271,0.1176601,
539,3e-07,0.0028673,0.0284079,0.0686965,0.0449043,0.0302381,0.0714274,0.0676184,0.0433778,0.1354759,0.1298395,0.120048,
540,3e-07,0.0051492,0.0426375,0.0570277,0.0889826,0.0429897,0.1041948,0.0957967,0.0729166,0.1236305,0.0673635,0.1207648,
541,3e-07,0.0043826,0.0143552,0.045746,0.1120023,0.051479,0.1220209,0.1548143,0.0645388,0.1166696,0.0886339,0.1501754,
542,3e-07,0.0078718,0.0438716,0.0590776,0.0735714,0.0526375,0.1223614,0.1144118,0.0486692,0.1021369,0.0990709,0.0481786,
543,2e-07,0.0029289,0.0188821,0.06208,0.0260141,0.0648395,0.1039984,0.0978225,0.0355668,0.1244812,0.1087809,0.0893068,
544,2e-07,0.0027353,0.0172941,0.0363453,0.0423452,0.0469651,0.068084,0.1011179,0.0417777,0.1336831,0.0377118,0.1460265,
545,2e-07,0.0020023,0.0228158,0.0462004,0.0175236,0.0260493,0.1000666,0.0848525,0.0383135,0.1077921,0.019486,0.1137354,
546,2e-07,0.0008227,0.0320318,0.0667926,0.0398652,0.0433942,0.0752652,0.1176253,0.0423684,0.0862131,0.0264359,0.1403357,
547,2e-07,0.0012834,0.0115312,0.0826812,0.0475978,0.0145482,0.0704681,0.1195444,0.0639116,0.1824311,0.0757299,0.1316873,
548,3e-07,0.0016048,0.0313593,0.0657646,0.0421994,0.0388477,0.0661197,0.1292919,0.0410297,0.0866954,0.101294,0.1389486,
549,3e-07,0.0032219,0.0374926,0.1114469,0.1092796,0.0204425,0.0311909,0.1849215,0.042676,0.1277924,0.0723693,0.2166043,
550,3e-07,0.0030573,0.0120673,0.113185,0.1113584,0.0384601,0.0425758,0.1728898,0.1148747,0.1312322,0.084806,0.2188252,
551,2e-07,0.0074722,0.0170167,0.0755812,0.1251205,0.0255283,0.0264967,0.1742994,0.1185178,0.1154532,0.1213797,0.2214292,
552,3e-07,0.0062928,0.0183975,0.0878771,0.1444384,0.028069,0.0289021,0.1392663,0.0824016,0.1326161,0.0837527,0.1755634,
553,3e-07,0.0088209,0.0071529,0.1117348,0.1459759,0.0340345,0.0360355,0.117517,0.1074872,0.1442808,0.068961,0.1692244,
554,2e-07,0.0109071,0.0084511,0.0956908,0.1332445,0.0481529,0.0275927,0.1385896,0.1073917,0.1640777,0.0752322,0.0831962,
555,2e-07,0.0049405,0.0321966,0.0521093,0.112716,0.0608372,0.0111364,0.1171351,0.092264,0.1511967,0.0644737,0.087178,
556,2e-07,0.0020484,0.0332192,0.0652423,0.1072684,0.081361,0.0454827,0.0949114,0.0303073,0.1135932,0.0907611,0.0849842,
557,2e-07,0.006764,0.0528901,0.0648196,0.091584,0.0977484,0.0726517,0.114278,0.0847835,0.118812,0.1097445,0.0512293,
558,2e-07,0.009022,0.0340123,0.0292917,0.0554743,0.0904712,0.0432898,0.1165907,0.0906428,0.1213866,0.1439299,0.0425386,
559,2e-07,0.0083386,0.0199021,0.0270442,0.0481151,0.0982312,0.0573241,0.1125677,0.0502768,0.0786521,0.1287913,0.0562766,
560,3e-07,0.0156169,0.0194835,0.0384395,0.0352713,0.080802,0.0821248,0.0841853,0.0513186,0.085583,0.0882022,0.0624484,
561,2e-07,0.0179277,0.0368783,0.0657601,0.0561376,0.1174007,0.1183677,0.095922,0.0695862,0.0620469,0.1412262,0.0518011,
562,2e-07,0.0077936,0.038421,0.073836,0.051633,0.1226189,0.1260902,0.1111931,0.0601197,0.0932737,0.1472153,0.0750275,
563,3e-07,0.0103685,0.0310031,0.0672228,0.0667295,0.1317957,0.0964165,0.0955835,0.0519778,0.0839547,0.1349339,0.0261733,
564,3e-07,0.0096517,0.0335971,0.0785914,0.0979125,0.1235341,0.1223673,0.0876526,0.0448662,0.131741,0.0793437,0.0769737,
565,3e-07,0.0054731,0.0448142,0.04767,0.0194692,0.0890942,0.0963544,0.0819083,0.0631027,0.1137217,0.0699588,0.0606222,
566,3e-07,0.0063722,0.0181856,0.0530926,0.0302697,0.0639082,0.0837032,0.0835614,0.0590502,0.0498018,0.0388486,0.0870147,
567,3e-07,0.0104576,0.012016,0.0701654,0.0330178,0.0568545,0.0571695,0.0818078,0.0358578,0.0533267,0.0373291,0.1209038,
568,3e-07,0.0050709,0.0152862,0.0599573,0.1044575,0.0920468,0.1037604,0.1091338,0.0469351,0.0263688,0.0346532,0.1307177,
569,3e-07,0.0039557,0.0186611,0.048427,0.0633821,0.0728927,0.0397667,0.1127116,0.0534474,0.0723173,0.0393363,0.1038817,
570,3e-07,0.0003266,0.0308447,0.0463131,0.0250887,0.0740369,0.0633432,0.0530495,0.0516612,0.0627276,0.044944,0.0989155,
571,2e-07,0.002473,0.0092776,0.0208349,0.0367764,0.0753819,0.0828226,0.0512368,0.0634916,0.0438002,0.0359597,0.0910134,
572,3e-07,0.001291,0.0045677,0.0193548,0.0214729,0.0784123,0.0476533,0.0977963,0.0739466,0.0525934,0.032135,0.0875268,
573,3e-07,0.0016036,0.0037307,0.0311266,0.0399117,0.0619848,0.0598126,0.0733345,0.0459956,0.0834001,0.063302,0.0612602,
574,3e-07,0.0003288,0.0049811,0.0259624,0.0520968,0.0552426,0.0914689,0.0402179,0.0537789,0.0669181,0.047581,0.0695674,
575,3e-07,0.0025534,0.0120311,0.0242781,0.0420435,0.0632825,0.0760076,0.0447383,0.1014075,0.0950756,0.0530783,0.0557816,
576,3e-07,0.0035922,0.0147221,0.0404882,0.0142757,0.0480755,0.0994659,0.0234297,0.0995317,0.095328,0.0575633,0.0602931,
577,3e-07,0.0018003,0.004725,0.0377703,0.0641568,0.0552857,0.1077785,0.0259865,0.0996051,0.0907845,0.0707707,0.1006176,
578,3e-07,0.0045186,0.0295707,0.0336767,0.0740956,0.0595619,0.1288332,0.0980467,0.1105043,0.0981187,0.0860044,0.1401586,
579,3e-07,0.003465,0.0350848,0.0289098,0.0599903,0.0628282,0.0944908,0.0866613,0.1392635,0.141328,0.0604177,0.0860484,
580,3e-07,0.0017714,0.0208657,0.0283042,0.0724022,0.0358534,0.0783086,0.1237701,0.1351475,0.1516832,0.1788535,0.2328794,
581,2e-07,0.0052177,0.019307,0.0648415,0.078999,0.0566843,0.1131395,0.0994763,0.1527523,0.1392338,0.1671697,0.2561799,
582,2e-07,0.0075894,0.0181847,0.0940437,0.0491617,0.0512628,0.0910793,0.0597958,0.1212649,0.1261638,0.084519,0.2335891,
583,2e-07,0.0174485,0.0172252,0.0849658,0.0224488,0.0367032,0.137499,0.193168,0.3032249,0.1872821,0.0890166,0.3115926,
584,2e-07,0.0113471,0.0383975,0.0735673,0.026445,0.0562181,0.1709035,0.1822532,0.1814498,0.2086236,0.1370325,0.3866154,
585,2e-07,0.0097056,0.0401558,0.0469686,0.0348285,0.0621214,0.1297803,0.1027482,0.1313846,0.098405,0.0656355,0.2459966,
586,2e-07,0.0065226,0.0480611,0.0614963,0.0638497,0.0643497,0.0979983,0.0711289,0.072132,0.0764699,0.0558523,0.2205966,
587,1e-07,0.0051748,0.0369453,0.0682342,0.051699,0.0532902,0.0728284,0.0749625,0.0616479,0.0668265,0.0866034,0.1996582,
588,1e-07,0.0091536,0.0336895,0.0740993,0.0417392,0.0509179,0.0688022,0.0942367,0.0593855,0.0710231,0.0790824,0.2131044,
589,1e-07,0.0012713,0.0701334,0.1340937,0.0784453,0.1475478,0.1026428,0.1719084,0.1460442,0.0802218,0.1860201,0.3265632,
590,1e-07,0.0060596,0.0210832,0.059575,0.0335866,0.0661784,0.0336048,0.0965272,0.0533948,0.0895896,0.1554169,0.2463906,
591,2e-07,0.0053394,0.0452163,0.0521555,0.0841095,0.0535625,0.0575546,0.1379626,0.0393652,0.0879906,0.0903182,0.1639356,
592,1e-07,0.0025671,0.0315027,0.0481099,0.0820554,0.0666042,0.0296706,0.1016995,0.0674344,0.099962,0.0373839,0.061262,
593,1e-07,0.0031239,0.0280183,0.0403815,0.075087,0.0491052,0.0481471,0.0868755,0.0586772,0.1122056,0.0625138,0.0449202,
594,1e-07,0.0017591,0.0275028,0.0298906,0.0650771,0.0363174,0.016415,0.0886034,0.0516167,0.1145101,0.1327288,0.0801553,
595,1e-07,0.0022861,0.0230127,0.0413491,0.0905621,0.0382689,0.0377968,0.0763462,0.0552822,0.0462049,0.070438,0.0552199,
596,1e-07,0.0027644,0.0221867,0.0082155,0.0730288,0.0226359,0.0363636,0.0757305,0.0396147,0.0447745,0.0851834,0.1192454,
597,1e-07,0.0027434,0.0134217,0.0320134,0.0539211,0.0161859,0.0157487,0.0807817,0.0583336,0.0369467,0.0694464,0.0783116,
598,1e-07,0.0024383,0.0110571,0.0661136,0.0467908,0.0147048,0.0289478,0.0761669,0.0445169,0.0621413,0.0533942,0.102024,
599,1e-07,0.0015808,0.0308586,0.0240041,0.0870977,0.0147522,0.0447869,0.1030245,0.0454841,0.0568924,0.0976547,0.1266237,
600,1e-07,0.0034274,0.0412782,0.032227,0.1139291,0.0380385,0.0387536,0.0962659,0.0763116,0.0280215,0.0744808,0.0765433,
601,1e-07,0.0035738,0.0317313,0.0560051,0.081821,0.0460594,0.0412258,0.1006166,0.0825889,0.0384781,0.0829217,0.0497437,
602,1e-07,0.0040257,0.0265698,0.038662,0.0565361,0.0589899,0.0296565,0.04748,0.0493375,0.0863546,0.1290459,0.0761099,
603,1e-07,0.0062549,0.0314968,0.0431185,0.0398595,0.0353212,0.0396054,0.0167437,0.0661682,0.0789826,0.1102153,0.0806145,
604,1e-07,0.0040245,0.0354894,0.0089139,0.054401,0.0425134,0.0507888,0.0467245,0.0790626,0.0611878,0.0586885,0.1041045,
605,1e-07,0.0035731,0.0125054,0.055442,0.066463,0.0823124,0.0570433,0.0550874,0.0486383,0.0524425,0.0710897,0.0812075,
606,1e-07,0.0155187,0.0056501,0.0555936,0.0585006,0.0682269,0.0449473,0.0421754,0.0840168,0.0457102,0.0951858,0.183757,
607,1e-07,0.0084507,0.0280485,0.0453893,0.0704817,0.0636686,0.0515986,0.0615174,0.0766916,0.064197,0.0865307,0.1871739,
608,1e-07,0.0119725,0.0236678,0.0599683,0.0815211,0.097241,0.0456483,0.0647171,0.1979816,0.0423819,0.0508092,0.1765481,
609,1e-07,0.0156682,0.0329972,0.074784,0.0564765,0.0957483,0.0466946,0.0478894,0.0503232,0.1113073,0.1109394,0.1345733,
610,1e-07,0.0162401,0.0301475,0.0894806,0.0756724,0.0750917,0.047946,0.0610759,0.0495941,0.0990718,0.1245678,0.1640732,
611,2e-07,0.0071516,0.0246659,0.0618321,0.0602442,0.1015628,0.0367081,0.0877008,0.0549737,0.0381706,0.0374292,0.1717993,
612,2e-07,0.0043036,0.0164727,0.071083,0.0548417,0.0910144,0.065616,0.0752839,0.1427909,0.1385981,0.1175586,0.216389,
