#Time_ps,0,0.5,1,2,3,5,10,20,30,50,100,200,
1,1e-07,0.0044884,0.0046151,0.0317687,0.0463332,0.0389056,0.0435221,0.1016659,0.0558914,0.0900173,0.0899462,0.0802963,
2,1e-07,0.0049731,0.0116253,0.0682526,0.0427382,0.0685707,0.0852461,0.0868628,0.0510674,0.0749985,0.0540691,0.1450824,
3,1e-07,0.0022738,0.0132424,0.0637985,0.0863727,0.036303,0.0274329,0.0614565,0.0135734,0.0516016,0.0521929,0.1711161,
4,1e-07,0.0032564,0.0177773,0.0495973,0.0374089,0.032371,0.0280851,0.0566984,0.0185029,0.0306301,0.0435813,0.1007132,
5,1e-07,0.0028893,0.0150889,0.0255805,0.0227287,0.0260944,0.048168,0.0888032,0.0301789,0.0334798,0.0376192,0.1005449,
6,0.0,0.002342,0.010002,0.0246895,0.022936,0.0429215,0.0531903,0.1178453,0.0521925,0.0478665,0.0452357,0.0649335,
7,0.0,0.0011243,0.0059205,0.0327143,0.0119861,0.0645099,0.0244418,0.0812755,0.0780759,0.0806281,0.0204765,0.0495273,
8,1e-07,0.0013565,0.0171295,0.0450402,0.0260833,0.0554659,0.046985,0.0888218,0.056945,0.0820109,0.0316127,0.0661406,
9,1e-07,0.0006484,0.0110689,0.055461,0.024307,0.0498643,0.0419631,0.1103041,0.0262674,0.0861027,0.0329669,0.0920859,
10,1e-07,0.000653,0.0056415,0.060999,0.0284826,0.056098,0.0320477,0.0539578,0.0391193,0.0552308,0.0548905,0.0742243,
11,1e-07,0.0021705,0.0171012,0.0648133,0.0282724,0.0430795,0.0410968,0.0349138,0.0522883,0.0329313,0.0481095,0.0688707,
12,1e-07,0.0011496,0.0357656,0.0398558,0.0546438,0.054343,0.0289329,0.0246348,0.0346415,0.0345819,0.0308903,0.0758666,
13,1e-07,0.0021929,0.0064315,0.0370071,0.0299589,0.0402644,0.0254889,0.0152944,0.0251594,0.0381897,0.033028,0.0920967,
14,1e-07,0.003989,0.0192737,0.0277176,0.0454649,0.0419697,0.0428182,0.031671,0.0325774,0.0176818,0.0305931,0.0506277,
15,2e-07,0.007347,0.0226892,0.0323446,0.032844,0.0487022,0.0574513,0.0582576,0.039816,0.0616126,0.0425072,0.0570527,
16,2e-07,0.0019643,0.0194598,0.0088746,0.0602568,0.0785233,0.041982,0.0440765,0.0598045,0.075448,0.04253,0.1059585,
17,1e-07,0.0022708,0.0151105,0.0759263,0.0531293,0.0181158,0.0410663,0.0593981,0.0476913,0.0085576,0.0393389,0.0407498,
18,2e-07,0.0088799,0.0123773,0.0387758,0.0468425,0.0363309,0.0690974,0.0650895,0.0782408,0.0408503,0.0768232,0.0894487,
19,2e-07,0.0146462,0.0238474,0.0777787,0.0594258,0.0498481,0.0648735,0.094518,0.0821393,0.0791331,0.088541,0.0772221,
20,2e-07,0.0063301,0.0253187,0.0680992,0.0549095,0.0293221,0.1060247,0.121614,0.0807668,0.0653908,0.1024215,0.0739057,
21,2e-07,0.0147217,0.0366177,0.0645366,0.0651719,0.0626906,0.1408439,0.1543963,0.10343,0.0519426,0.0966419,0.089745,
22,2e-07,0.013707,0.0669051,0.0572511,0.0647768,0.104219,0.1139762,0.1671344,0.1120313,0.0610913,0.0532075,0.1068257,
23,2e-07,0.0440042,0.0881121,0.1164764,0.0907653,0.1479966,0.0800323,0.1946834,0.0931212,0.1565457,0.0491401,0.173136,
24,1e-07,0.0511501,0.1107477,0.1285733,0.0739823,0.1686872,0.1235039,0.1360089,0.0955256,0.2046154,0.0890588,0.1200401,
25,1e-07,0.0239515,0.0977447,0.0629837,0.0477345,0.0725142,0.1156065,0.1740708,0.0758498,0.0814746,0.0412526,0.1067848,
26,1e-07,0.0146139,0.0495279,0.0415846,0.0570421,0.0914371,0.1146581,0.15698,0.0510015,0.0643565,0.0502539,0.0829621,
27,1e-07,0.0318018,0.0414518,0.0659812,0.0531181,0.039636,0.0813252,0.1119269,0.042156,0.0393411,0.0513733,0.0592586,
28,1e-07,0.0147359,0.0211265,0.0359814,0.0268509,0.0396838,0.0458054,0.056739,0.0513794,0.0543824,0.0612809,0.0698417,
29,1e-07,0.0087515,0.0134838,0.0660866,0.0091805,0.0457705,0.0480462,0.0931614,0.080883,0.0593321,0.0780516,0.0411089,
30,1e-07,0.002406,0.0232569,0.0336146,0.0205771,0.0846415,0.0374271,0.100329,0.0888241,0.06061,0.0625917,0.0275123,
31,2e-07,0.0010171,0.0227896,0.0080965,0.020855,0.049574,0.0426317,0.1257619,0.0935785,0.0587548,0.0723975,0.0436721,
32,2e-07,0.0017018,0.02033,0.0180536,0.035141,0.0725267,0.0482065,0.1164501,0.0572553,0.085032,0.0726711,0.0601616,
33,2e-07,0.0016396,0.0272725,0.0363986,0.0455352,0.0437483,0.0515959,0.1333207,0.0983086,0.094026,0.0599322,0.0394599,
34,2e-07,0.006018,0.0498904,0.0214351,0.0270444,0.0285135,0.0292609,0.1417957,0.1627313,0.1037216,0.1032562,0.0666316,
35,2e-07,0.0017086,0.0378764,0.022946,0.0281836,0.0208808,0.0498433,0.1456249,0.1512761,0.1298513,0.1241315,0.0647969,
36,2e-07,0.0054175,0.0142407,0.0234512,0.0335281,0.0197225,0.0375898,0.1356481,0.1134941,0.088032,0.0978448,0.0640385,
37,2e-07,0.0057271,0.036137,0.0353979,0.0177784,0.0288361,0.0321559,0.0903825,0.0999785,0.0745841,0.0561904,0.0439842,
38,1e-07,0.0055828,0.0279548,0.0324046,0.0469053,0.0364259,0.0370042,0.1000622,0.1008232,0.0586198,0.039885,0.014799,
39,1e-07,0.0091394,0.0269827,0.0543796,0.0269044,0.0375442,0.060955,0.082463,0.107582,0.0765265,0.0322357,0.0487211,
40,1e-07,0.0034133,0.0415679,0.028286,0.0623757,0.0416818,0.0420267,0.1011728,0.0787643,0.0530727,0.0542189,0.085416,
41,1e-07,0.018362,0.0361201,0.0187767,0.0570853,0.0384603,0.095852,0.0665099,0.0791646,0.0286082,0.0637833,0.0685395,
42,1e-07,0.0263945,0.0199723,0.0645209,0.0232794,0.0245186,0.0998712,0.0735574,0.061961,0.035392,0.054122,0.0549999,
43,1e-07,0.0263648,0.0406704,0.0459175,0.0110237,0.0105321,0.0849653,0.1066487,0.070816,0.0308013,0.0728389,0.0266025,
44,1e-07,0.0242044,0.0355973,0.0371918,0.0744083,0.0110586,0.0963574,0.1238177,0.0849577,0.0463124,0.0690583,0.0621212,
45,1e-07,0.0328294,0.0570096,0.0901732,0.091836,0.0563996,0.1527985,0.1330857,0.1660635,0.0748188,0.0639363,0.27011,
46,1e-07,0.0345342,0.0523765,0.0682077,0.0496577,0.0840658,0.2477233,0.1764382,0.3899558,0.1315349,0.1069402,0.3267959,
47,1e-07,0.0510506,0.0309019,0.0558006,0.0475387,0.0251863,0.2282634,0.1557006,0.3961803,0.0988155,0.0405125,0.2204698,
48,1e-07,0.0435444,0.0263009,0.0536424,0.0750717,0.0224265,0.2041743,0.0816342,0.2264419,0.0684188,0.0504809,0.0531345,
49,1e-07,0.0296293,0.0426362,0.0334752,0.0816792,0.0250727,0.1832994,0.1390748,0.1492653,0.0573135,0.0918777,0.1293492,
50,0.0,0.0207898,0.0638037,0.0466354,0.0855457,0.0409314,0.1818725,0.1154241,0.1460017,0.0677917,0.0941378,0.1071969,
51,1e-07,0.0149718,0.0413162,0.0628421,0.0955254,0.0449608,0.1709164,0.0772784,0.2214655,0.0657519,0.1441261,0.0927468,
52,1e-07,0.0159892,0.0336333,0.0471772,0.0537403,0.0343397,0.0973046,0.0708956,0.1123855,0.0709223,0.1058119,0.0743804,
53,1e-07,0.0193077,0.0180496,0.011765,0.0176229,0.0319606,0.0540635,0.0960192,0.1645366,0.08198,0.1559597,0.1138588,
54,1e-07,0.0030338,0.0109028,0.0655775,0.0324729,0.0549224,0.0549794,0.1180832,0.0531701,0.0723668,0.110175,0.0363012,
55,1e-07,0.0140277,0.0180852,0.0469858,0.0304137,0.022691,0.0587882,0.1647095,0.0400808,0.1848041,0.1332074,0.1431108,
56,1e-07,0.0101574,0.0428596,0.080284,0.0388153,0.0572099,0.0538102,0.2140763,0.099128,0.2379136,0.1725461,0.176955,
57,1e-07,0.0080812,0.0401077,0.0591577,0.041351,0.0669793,0.0468694,0.2075333,0.1638498,0.2284557,0.1450536,0.1470615,
58,2e-07,0.0086279,0.0357081,0.0497895,0.0367111,0.0460809,0.0331298,0.2017346,0.171405,0.1853009,0.1530445,0.0906313,
59,2e-07,0.0144752,0.0474716,0.0588193,0.0253758,0.0617215,0.0460801,0.2855031,0.2221936,0.356202,0.1437049,0.0411499,
60,2e-07,0.0121537,0.0297157,0.0689728,0.0445567,0.073379,0.0749864,0.2687623,0.2633901,0.306742,0.3034897,0.1531319,
61,2e-07,0.005097,0.0357515,0.0629106,0.0463739,0.0690064,0.0942786,0.1957634,0.2136245,0.1689235,0.1702204,0.1319909,
62,2e-07,0.0104044,0.0310821,0.0708201,0.0539711,0.0808079,0.1018981,0.1991174,0.1894536,0.1153879,0.1788618,0.1516264,
63,2e-07,0.0088493,0.0545555,0.081937,0.0565826,0.0944986,0.1056869,0.1770755,0.1464067,0.083027,0.1578194,0.0704402,
64,2e-07,0.0110182,0.0448531,0.0670639,0.1070745,0.0873093,0.102072,0.2291127,0.1489628,0.1353773,0.118862,0.11032,
65,2e-07,0.0041902,0.0589211,0.0500368,0.0700019,0.0577145,0.105927,0.1965007,0.0990185,0.0916769,0.0560199,0.0527329,
66,2e-07,0.0158155,0.0382031,0.025213,0.0551127,0.0206935,0.0973263,0.1618535,0.1042619,0.053109,0.129484,0.0516637,
67,2e-07,0.0238726,0.0568176,0.0690922,0.0287216,0.0419977,0.1566064,0.1751843,0.0891344,0.0694005,0.1248313,0.0822886,
68,2e-07,0.0126452,0.0437583,0.0662513,0.0581294,0.0733826,0.11867,0.1382148,0.1026284,0.0661269,0.0792671,0.0878238,
69,2e-07,0.0062227,0.0168064,0.1080438,0.0354934,0.051124,0.0532343,0.0695737,0.1082752,0.076309,0.0909061,0.0980633,
70,2e-07,0.0107928,0.0141218,0.0687339,0.0599682,0.0668628,0.0259904,0.0673858,0.1222016,0.0622592,0.1030876,0.0576628,
71,2e-07,0.0165752,0.0432027,0.0747478,0.0806037,0.092031,0.1409673,0.2085778,0.170081,0.1884688,0.1316039,0.1037817,
72,2e-07,0.0123804,0.0177891,0.0830152,0.0331126,0.0602142,0.1228926,0.2511675,0.167383,0.1662886,0.1757077,0.0565959,
73,2e-07,0.0103555,0.0094224,0.0514669,0.0178916,0.045948,0.0980552,0.1707127,0.1463834,0.0933594,0.2132548,0.1237185,
74,2e-07,0.0122625,0.0157288,0.0314203,0.0486096,0.059215,0.0916511,0.1762999,0.1123579,0.1072776,0.1349019,0.1021618,
75,2e-07,0.0042849,0.0202034,0.0260748,0.0528416,0.1014927,0.1117765,0.127948,0.1133048,0.1094415,0.1615732,0.1206797,
76,2e-07,0.0021335,0.0229317,0.0355827,0.0837116,0.0529513,0.0146392,0.1349484,0.0799599,0.1569227,0.1640794,0.0597485,
77,2e-07,0.0019206,0.0097997,0.0453821,0.0884057,0.0783155,0.0570862,0.1328223,0.0987424,0.1566984,0.1136534,0.1058835,
78,2e-07,0.0043431,0.0310143,0.0561721,0.0745399,0.0754958,0.0726884,0.2000883,0.1147826,0.1585817,0.0981324,0.0960864,
79,2e-07,0.0059066,0.0210002,0.0729126,0.0678575,0.0914885,0.0737685,0.2083552,0.1025815,0.1383919,0.0840629,0.0671219,
80,2e-07,0.0055737,0.0299409,0.1004141,0.1006255,0.0352673,0.0717174,0.1756945,0.1020953,0.1447262,0.0558337,0.0508778,
81,2e-07,0.0030395,0.042599,0.0450427,0.0717614,0.0253532,0.0565942,0.1761653,0.1253519,0.1447612,0.0998324,0.0396192,
82,2e-07,0.0023269,0.0105183,0.0422115,0.0453699,0.0703526,0.0692248,0.1399864,0.1133921,0.0794801,0.0646777,0.0787722,
83,1e-07,0.0011319,0.0222106,0.0482374,0.0246272,0.0397619,0.0513668,0.0999035,0.1101927,0.0452322,0.0672778,0.0776818,
84,1e-07,0.004356,0.0210767,0.031001,0.0138592,0.0588521,0.0498578,0.0777216,0.1111962,0.0606935,0.0578234,0.0852868,
85,1e-07,0.0032877,0.0215214,0.0361424,0.0170145,0.0689793,0.0564457,0.0821785,0.0589441,0.0703712,0.0572223,0.0308718,
86,1e-07,0.0074625,0.0379834,0.0421646,0.0334588,0.0564611,0.0554695,0.0937642,0.0741867,0.0681975,0.0535298,0.0188566,
87,2e-07,0.0042613,0.0376473,0.0404692,0.0456191,0.0288295,0.0462439,0.129486,0.1615412,0.0689167,0.0247117,0.0239792,
88,2e-07,0.0049427,0.0219983,0.0222721,0.0591385,0.0225418,0.0610841,0.1321225,0.1562077,0.0311436,0.0514248,0.0322088,
89,2e-07,0.002259,0.0138158,0.0183329,0.0447479,0.0255448,0.0983166,0.1665027,0.1291053,0.0752893,0.0797818,0.0618813,
90,2e-07,0.0022644,0.0329453,0.019155,0.0259002,0.0384026,0.0496002,0.1756061,0.1256816,0.1311582,0.1299305,0.0804162,
91,2e-07,0.0034608,0.0214335,0.0189093,0.0363482,0.0287512,0.0283707,0.1779829,0.1062539,0.1207837,0.1419548,0.0612928,
92,5e-07,0.0052376,0.030316,0.0587905,0.024624,0.0581236,0.0439045,0.2202435,0.1744878,0.1615321,0.1857368,0.0758768,
93,2e-07,0.0044796,0.036566,0.0623483,0.0452037,0.0713339,0.0263826,0.2010084,0.1824383,0.1577727,0.1217102,0.1134099,
94,2e-07,0.0015184,0.0255219,0.0121227,0.0291352,0.0193089,0.0371814,0.1817951,0.1437502,0.1056026,0.0627249,0.1148566,
95,2e-07,0.0015524,0.0199991,0.018121,0.039189,0.0171957,0.0430315,0.1746544,0.1411847,0.082031,0.0948599,0.1106615,
96,2e-07,0.0016552,0.0628212,0.074306,0.0601641,0.0611324,0.0917165,0.2229258,0.183476,0.1302959,0.1051144,0.0631391,
97,2e-07,0.0094624,0.0555641,0.0407915,0.0676539,0.0632025,0.0499404,0.1682691,0.1150204,0.0277244,0.0562967,0.0541512,
98,2e-07,0.0083629,0.047364,0.0339329,0.0678036,0.0520822,0.0504913,0.1407471,0.0409433,0.066741,0.0393923,0.0725591,
99,2e-07,0.0025957,0.0463845,0.0377049,0.1155077,0.0387655,0.0863711,0.1301278,0.0382599,0.0557559,0.0340604,0.0724725,
100,2e-07,0.0036682,0.0379192,0.0431547,0.0466113,0.0320109,0.1115285,0.1138302,0.0217145,0.0673264,0.0297486,0.0635211,
101,2e-07,0.0015363,0.0126668,0.0831281,0.0376506,0.0400102,0.0864544,0.1056468,0.0162156,0.0472356,0.0517143,0.0352895,
102,1e-07,0.0020182,0.0298507,0.0763274,0.0355776,0.053501,0.0648741,0.1338453,0.0389959,0.0978302,0.0493698,0.0603073,
103,1e-07,0.0011227,0.0296831,0.0764043,0.0190266,0.0768269,0.063726,0.1344193,0.0858497,0.0721722,0.0472174,0.0852837,
104,1e-07,0.0030888,0.0251582,0.0698821,0.0552679,0.07471,0.0356251,0.0897165,0.0719296,0.0818637,0.0456236,0.1005577,
105,1e-07,0.004863,0.0468342,0.0623218,0.0445556,0.0350482,0.0436956,0.0660867,0.0705364,0.04975,0.0480136,0.0638502,
106,0.0,0.0048638,0.0202872,0.05227,0.0272544,0.0699744,0.0244541,0.0313742,0.1202371,0.0965112,0.0510063,0.0576584,
107,0.0,0.0036138,0.0124392,0.0390232,0.0440461,0.0863194,0.0255146,0.0298753,0.0962228,0.106269,0.0724787,0.101354,
108,1e-07,0.0072598,0.052556,0.0221915,0.0441872,0.0622643,0.0419049,0.0362845,0.0578672,0.0706582,0.0478426,0.0466862,
109,1e-07,0.0065085,0.0148012,0.0304349,0.0663181,0.0698771,0.0418792,0.0278602,0.0515242,0.0580922,0.0379676,0.0602846,
110,0.0,0.004058,0.0153067,0.0197541,0.0452357,0.022987,0.0299173,0.0228351,0.0514686,0.0348386,0.0310063,0.0906778,
111,0.0,0.0018986,0.0101761,0.0329291,0.0332621,0.0173997,0.0749589,0.020552,0.0487831,0.0526944,0.059411,0.074457,
112,0.0,0.0025924,0.0063166,0.0288338,0.0468405,0.0382615,0.0594878,0.0405844,0.0450974,0.0621112,0.0515628,0.0467411,
113,0.0,0.0031867,0.015153,0.0222297,0.0579549,0.0385372,0.0437408,0.0226393,0.0500646,0.0421305,0.0660497,0.0755718,
114,0.0,0.0035388,0.0115389,0.0281556,0.0337796,0.0799026,0.0095243,0.0653251,0.0643039,0.0314643,0.0329847,0.0960354,
115,1e-07,0.0037753,0.0182364,0.0567533,0.0458869,0.0726379,0.0454789,0.0573062,0.0716531,0.0650727,0.0449319,0.0964117,
116,1e-07,0.0031644,0.0220688,0.0562476,0.030721,0.0364872,0.0850121,0.0506405,0.037672,0.0704939,0.0296583,0.0804833,
117,1e-07,0.0183986,0.0399213,0.0117204,0.034743,0.0302918,0.0472585,0.0812782,0.0339242,0.0484797,0.0324938,0.0535627,
118,1e-07,0.0302143,0.0486827,0.0493331,0.0478157,0.074173,0.1098619,0.0479234,0.0345447,0.1053255,0.0205892,0.0742031,
119,1e-07,0.0375253,0.0388638,0.1044068,0.1047005,0.1416498,0.1413303,0.0484202,0.0357485,0.1434836,0.0907721,0.0928569,
120,1e-07,0.0116468,0.0389481,0.0546997,0.0516422,0.1007422,0.1013199,0.0232041,0.0424175,0.1165655,0.0968356,0.0830788,
121,1e-07,0.0237702,0.0391427,0.0354668,0.0647601,0.1085924,0.0985429,0.0179666,0.0369161,0.0831976,0.0859365,0.099759,
122,1e-07,0.0152131,0.0310278,0.0451659,0.0491917,0.0832207,0.033017,0.0356272,0.0199959,0.0349325,0.0506555,0.073718,
123,1e-07,0.0091178,0.0193635,0.0386912,0.0479171,0.0554966,0.0334313,0.0190621,0.0550467,0.064906,0.0564939,0.0178194,
124,1e-07,0.0023703,0.0185458,0.0105069,0.0447175,0.0613126,0.0324428,0.0319797,0.0592714,0.0516291,0.0451249,0.0210772,
125,1e-07,0.0023066,0.0141049,0.0243095,0.0451919,0.057891,0.0262263,0.0706143,0.0462819,0.0631526,0.0259543,0.0541707,
126,0.0,0.0037042,0.0168282,0.0209065,0.057323,0.0521476,0.0132724,0.058706,0.0531185,0.0709602,0.0526156,0.1008221,
127,0.0,0.0023458,0.0091131,0.0207301,0.0350645,0.0628618,0.0349722,0.0671219,0.074972,0.0539121,0.0690053,0.059849,
128,0.0,0.0019011,0.0408028,0.0262468,0.0297582,0.0374358,0.0301976,0.0690043,0.076707,0.0582237,0.0523397,0.0763099,
129,1e-07,0.0043541,0.0111653,0.0234146,0.0294906,0.044133,0.0167854,0.0810192,0.0869403,0.0683766,0.0822582,0.0895495,
130,1e-07,0.0055621,0.0222251,0.0185484,0.0322563,0.0360083,0.0552032,0.0212487,0.0852448,0.0285298,0.0368541,0.0770688,
131,1e-07,0.0040436,0.019787,0.0200993,0.0427084,0.0442981,0.0462165,0.0489105,0.0907741,0.0559535,0.0592884,0.0428581,
132,1e-07,0.0120761,0.0153729,0.0524071,0.0615232,0.0979235,0.0517815,0.0373259,0.1105631,0.0446517,0.0836453,0.0590367,
133,1e-07,0.0117817,0.0285918,0.0812877,0.061729,0.0645223,0.0392922,0.016869,0.1243892,0.0548673,0.0727647,0.0504383,
134,1e-07,0.0078143,0.0214781,0.0539926,0.037882,0.0625061,0.0779185,0.0273069,0.1552049,0.0623689,0.0251547,0.085147,
135,1e-07,0.0066583,0.0267247,0.0423963,0.0265486,0.053981,0.0962206,0.036125,0.0981322,0.0531416,0.0660468,0.0994077,
136,1e-07,0.0131741,0.0124631,0.0388175,0.0358913,0.0434896,0.0612144,0.0250318,0.0974094,0.0430924,0.0711501,0.1187962,
137,1e-07,0.0108389,0.0140589,0.0547888,0.0397325,0.0436347,0.0478069,0.022975,0.0801426,0.0269261,0.0705434,0.1183349,
138,0.0,0.0135386,0.0204075,0.0804532,0.0330715,0.0485937,0.0343534,0.0783771,0.0622782,0.0731134,0.0851569,0.0813914,
139,1e-07,0.0044417,0.0246796,0.0530905,0.0063314,0.0383983,0.0514378,0.1113787,0.0730765,0.0340013,0.0676161,0.0217944,
140,0.0,0.0035865,0.0479152,0.0821287,0.023388,0.0326567,0.0513701,0.0495668,0.0714918,0.0577817,0.0596296,0.0386016,
141,0.0,0.0274087,0.0386346,0.0447728,0.0581857,0.016376,0.0363196,0.0216119,0.1220632,0.0622484,0.0509013,0.0385067,
142,0.0,0.0628263,0.1140439,0.0258201,0.0770754,0.0697496,0.1210833,0.1327386,0.2325907,0.0618259,0.1044088,0.0442831,
143,1e-07,0.0699597,0.1337428,0.0317252,0.1262119,0.1456689,0.2104274,0.2211896,0.1754629,0.1186986,0.1739335,0.053354,
144,1e-07,0.0594262,0.0791597,0.0144155,0.0351248,0.0572101,0.089445,0.0623896,0.0584596,0.0383405,0.0837181,0.0907913,
145,1e-07,0.068311,0.0446522,0.0460267,0.0519981,0.0603413,0.0912244,0.0265297,0.0521672,0.0441306,0.0564463,0.0939347,
146,1e-07,0.0399769,0.0310297,0.0399722,0.0195889,0.0571053,0.0836099,0.0141359,0.0312631,0.0518337,0.0209839,0.0429404,
147,1e-07,0.0199871,0.0150949,0.0239352,0.0168738,0.0449686,0.0852629,0.026471,0.0392139,0.0663329,0.0134335,0.0413323,
148,1e-07,0.0079895,0.0123939,0.0230273,0.020706,0.0512404,0.0721481,0.0199593,0.0150945,0.026494,0.0378276,0.014879,
149,1e-07,0.0039762,0.0096087,0.0477831,0.0646463,0.0752033,0.0675247,0.0338246,0.0304873,0.0260601,0.0432174,0.034215,
150,1e-07,0.0011179,0.0117944,0.0222909,0.0994652,0.0811789,0.0473139,0.0491965,0.0586778,0.0632992,0.0496677,0.019618,
151,1e-07,0.0022319,0.0139132,0.0396873,0.0353716,0.1029926,0.0211114,0.0754127,0.0801924,0.0559896,0.0431746,0.020381,
152,1e-07,0.00125,0.0229323,0.051124,0.0351239,0.0812388,0.0240815,0.0755576,0.0771722,0.068142,0.0254925,0.0357547,
153,1e-07,0.0033118,0.0321018,0.0860517,0.0465212,0.0919153,0.0367733,0.1083272,0.1516501,0.1399614,0.0824141,0.0469793,
154,1e-07,0.0035056,0.0253764,0.08322,0.050027,0.0620069,0.0124147,0.1111576,0.0445418,0.0805647,0.0626071,0.0866694,
155,1e-07,0.0015365,0.0031527,0.0446456,0.0728233,0.0349627,0.0132161,0.1011144,0.0652635,0.0838868,0.0662619,0.0571653,
156,1e-07,0.0023,0.0168353,0.0614302,0.043162,0.0686607,0.0147401,0.1015277,0.064265,0.0661073,0.0432899,0.0248363,
157,1e-07,0.0014648,0.0149912,0.0805413,0.0368015,0.0335069,0.0147461,0.0718669,0.044716,0.0424215,0.0516687,0.0735913,
158,1e-07,0.0042169,0.007699,0.0605062,0.0197819,0.021889,0.0311553,0.0752609,0.0314875,0.0541985,0.0435278,0.0497686,
159,1e-07,0.0037101,0.0203661,0.0351903,0.0188744,0.0203624,0.0078624,0.0621564,0.0517832,0.0506633,0.0597502,0.0561332,
160,1e-07,0.0118097,0.0402037,0.0222168,0.0685193,0.054847,0.0509641,0.0818152,0.0869304,0.039143,0.0366366,0.0263511,
161,1e-07,0.0131816,0.0207934,0.0378721,0.0509995,0.0137672,0.0717573,0.0601751,0.0550991,0.0259102,0.0483211,0.0422169,
162,1e-07,0.008295,0.0210046,0.0395238,0.0392383,0.0247376,0.0780296,0.0560551,0.0472043,0.0160931,0.0191771,0.0399832,
163,1e-07,0.0275173,0.0218817,0.0262053,0.018423,0.0235122,0.0410409,0.0491082,0.036978,0.0232147,0.0302215,0.0322954,
164,0.0,0.02381,0.0227344,0.041114,0.0655711,0.0142064,0.053046,0.0385737,0.0359557,0.0505133,0.0792935,0.0456824,
165,0.0,0.0131612,0.0589905,0.0713978,0.0442825,0.0112405,0.0466314,0.0364579,0.0329423,0.0368857,0.0590114,0.0417474,
166,0.0,0.0279704,0.0604611,0.0885153,0.0515031,0.011334,0.0428033,0.0499885,0.0396497,0.0409467,0.0434401,0.0439324,
167,1e-07,0.0539527,0.0717212,0.1010801,0.0668429,0.0201497,0.0768954,0.0522735,0.099318,0.1190191,0.0644668,0.0656158,
168,1e-07,0.0598925,0.0973592,0.069044,0.0879822,0.0288602,0.0710685,0.0962244,0.1989367,0.1699131,0.1089527,0.049063,
169,1e-07,0.0202929,0.0757718,0.0544184,0.0580877,0.0488831,0.0745818,0.0968384,0.219556,0.1664776,0.0942616,0.019171,
170,1e-07,0.0188095,0.0978664,0.0785116,0.0613382,0.0801635,0.0890406,0.0804548,0.162189,0.1511575,0.0877871,0.0654232,
171,1e-07,0.0174889,0.0680962,0.0684889,0.0921361,0.0657945,0.0680652,0.0114752,0.0910023,0.1124999,0.04414,0.0616968,
172,0.0,0.0143107,0.0165565,0.0502402,0.0722024,0.0413501,0.0246303,0.0270279,0.0446409,0.0654928,0.0618141,0.042338,
173,0.0,0.0211839,0.0294854,0.0530109,0.0489687,0.0424104,0.051149,0.0535794,0.0138511,0.018075,0.0719074,0.0234439,
174,0.0,0.0209776,0.0293886,0.0359992,0.0455824,0.061983,0.0645373,0.0235574,0.0254096,0.0592345,0.0499343,0.008981,
175,1e-07,0.0195773,0.0232854,0.0409509,0.0416418,0.0557571,0.0623473,0.0374678,0.0261703,0.0281487,0.0120139,0.0144602,
176,1e-07,0.0161658,0.0255084,0.0598198,0.0426248,0.0595559,0.0624723,0.0555958,0.056459,0.0239617,0.0596971,0.0436335,
177,1e-07,0.0053583,0.0141323,0.0626932,0.0271126,0.0681123,0.1179632,0.0750426,0.0814189,0.0394675,0.0770583,0.0322904,
178,1e-07,0.0051085,0.0252358,0.0838423,0.0300431,0.0689624,0.0974111,0.0806119,0.0777393,0.044291,0.050894,0.0595852,
179,1e-07,0.0099335,0.0289939,0.0840244,0.0447866,0.0792725,0.1044264,0.0509206,0.0323738,0.0497832,0.0665759,0.0564221,
180,1e-07,0.0042881,0.0184264,0.0419727,0.0557572,0.0428043,0.0623808,0.0603519,0.0483247,0.0483534,0.0479685,0.0489496,
181,0.0,0.0118189,0.026566,0.037207,0.0382964,0.0557211,0.0521172,0.0326041,0.0645087,0.0326858,0.0535521,0.0486315,
182,0.0,0.0160061,0.0136742,0.0232413,0.0714864,0.0351226,0.0520532,0.0414089,0.0654308,0.0119643,0.0455269,0.0497156,
183,0.0,0.015628,0.0451905,0.0591019,0.0741033,0.0268848,0.0273776,0.0609804,0.0755727,0.0287567,0.035504,0.0975822,
184,1e-07,0.0377268,0.0520995,0.0521333,0.0100534,0.1028999,0.0571719,0.1066199,0.0581462,0.0741464,0.021074,0.1160505,
185,0.0,0.0091172,0.0572169,0.0448068,0.0089293,0.070265,0.0489843,0.0894724,0.0212631,0.0688792,0.0359899,0.0970552,
186,0.0,0.0305823,0.039378,0.0284536,0.0216738,0.0639919,0.0597211,0.1554874,0.1459972,0.0367262,0.0559784,0.1439469,
187,0.0,0.0182609,0.0583858,0.0298561,0.0625177,0.0630977,0.0749619,0.1312459,0.1068891,0.0556502,0.0536795,0.1153753,
188,1e-07,0.0254927,0.0447738,0.0364949,0.1099358,0.0920474,0.1026418,0.1204624,0.0998732,0.0601452,0.1211725,0.1138323,
189,1e-07,0.0125831,0.0795627,0.033973,0.1416493,0.1722077,0.1606358,0.1994526,0.1121462,0.0306906,0.1365661,0.0715453,
190,1e-07,0.0397183,0.0715365,0.0474049,0.1462304,0.1785196,0.1503179,0.2086712,0.0665557,0.044772,0.2474156,0.1147234,
191,1e-07,0.0616006,0.067465,0.1610808,0.2113524,0.2486834,0.1564534,0.2507502,0.1084845,0.130073,0.3449936,0.0995565,
192,1e-07,0.0463943,0.0728418,0.1035374,0.099606,0.1405136,0.1261116,0.1261981,0.0876536,0.0240306,0.1863177,0.0656906,
193,1e-07,0.0253736,0.0621084,0.1074088,0.0419126,0.1283664,0.1090695,0.0791752,0.1294392,0.0900201,0.1447749,0.08422,
194,1e-07,0.0227575,0.0407947,0.0925103,0.0573177,0.0557633,0.0975328,0.0907798,0.1288643,0.0825677,0.0813483,0.0465346,
195,1e-07,0.0318608,0.0561761,0.0438525,0.0601958,0.0297698,0.1365457,0.077988,0.0721251,0.0537087,0.0743293,0.0473079,
196,1e-07,0.0097763,0.0839247,0.0560877,0.057984,0.0465692,0.1563462,0.090093,0.104734,0.067758,0.0467132,0.0669694,
197,1e-07,0.0057152,0.0653491,0.0477868,0.0499219,0.0438377,0.0700797,0.0795412,0.0670743,0.063774,0.0368352,0.060192,
198,2e-07,0.0087988,0.024978,0.0395959,0.0786893,0.0589063,0.0773503,0.0350203,0.0311051,0.0335219,0.1017131,0.0478322,
199,2e-07,0.0093123,0.0243092,0.0462493,0.0806804,0.0431692,0.0625669,0.0489511,0.0189017,0.0524207,0.0857718,0.0711273,
200,1e-07,0.0021721,0.0280944,0.0311706,0.0787727,0.0396737,0.0716268,0.0424589,0.0296452,0.0383766,0.0666662,0.0746569,
201,1e-07,0.0011337,0.0159467,0.0157205,0.0517533,0.0640236,0.045356,0.0727958,0.0213296,0.0235534,0.0701955,0.0555573,
202,1e-07,0.0027054,0.0232619,0.0354533,0.0294206,0.0476617,0.0497132,0.0478431,0.0190546,0.050229,0.0840655,0.0710272,
203,1e-07,0.0017259,0.0203181,0.0145866,0.0226433,0.0525967,0.0420087,0.0502733,0.025071,0.0673519,0.061286,0.0686404,
204,1e-07,0.0011163,0.0191728,0.0328249,0.0278238,0.0823282,0.0241011,0.0185392,0.0306381,0.0629442,0.0823477,0.0714568,
205,1e-07,0.0014848,0.0173819,0.0175331,0.0529242,0.0695946,0.0242936,0.0557451,0.0237614,0.0294764,0.1022187,0.0291078,
206,1e-07,0.0023686,0.0034219,0.028977,0.0615326,0.0615813,0.0340086,0.0352514,0.0327474,0.0304882,0.1303448,0.0270443,
207,1e-07,0.0003741,0.0054431,0.0449085,0.079645,0.0659996,0.0464549,0.0401596,0.018391,0.0440819,0.097928,0.0372547,
208,1e-07,0.0011414,0.0084068,0.0201566,0.0784096,0.0617711,0.0395619,0.0757116,0.0591994,0.0222472,0.0542748,0.0152814,
209,1e-07,0.0011418,0.0037776,0.0133173,0.0569723,0.0551583,0.0572887,0.0486715,0.0236137,0.0150494,0.1106281,0.0331012,
210,1e-07,0.0012343,0.01445,0.0283503,0.0966306,0.0437849,0.0632044,0.0638398,0.0277679,0.0516208,0.0652966,0.0394822,
211,1e-07,0.0013608,0.0230774,0.0419125,0.1080518,0.0574773,0.0478098,0.0905282,0.0394375,0.0647278,0.0299407,0.0221367,
212,1e-07,0.0020919,0.0141788,0.0586198,0.0905015,0.0576488,0.0493199,0.0580789,0.0663089,0.0587675,0.0806797,0.0376568,
213,1e-07,0.002139,0.025817,0.1256515,0.0973844,0.0491593,0.0764802,0.088012,0.120173,0.0551785,0.0569533,0.0736232,
214,1e-07,0.0019395,0.0147643,0.055973,0.0816476,0.0649302,0.0564119,0.1171284,0.1472342,0.0617904,0.0697932,0.0734119,
215,1e-07,0.0033021,0.0223079,0.0446989,0.0501311,0.0746299,0.060508,0.2938547,0.2185017,0.0473438,0.1065956,0.0923916,
216,2e-07,0.0011464,0.0207994,0.0384297,0.0471508,0.0550599,0.0761554,0.1573831,0.1627624,0.086354,0.1063757,0.0811442,
217,2e-07,0.0029728,0.0033941,0.0409135,0.0490157,0.0172222,0.0769834,0.0340795,0.0865694,0.0725899,0.064872,0.0746436,
218,2e-07,0.002972,0.0067448,0.054802,0.0780673,0.0601853,0.0642456,0.0077361,0.0940275,0.0695498,0.0615383,0.0567427,
219,2e-07,0.0025301,0.0153453,0.0464999,0.0870341,0.0400549,0.0839764,0.0367467,0.0977116,0.0670711,0.0786459,0.0419364,
220,2e-07,0.0017602,0.0186919,0.046032,0.0712678,0.0371807,0.0922809,0.0509226,0.1194187,0.0848291,0.0750552,0.0941104,
221,2e-07,0.0017625,0.029291,0.062058,0.0765149,0.0520695,0.0289992,0.0568538,0.0940002,0.1002213,0.0903737,0.0311529,
222,2e-07,0.0034544,0.0332742,0.103917,0.0782117,0.0484543,0.0097257,0.0972527,0.0936857,0.1192591,0.1344185,0.191572,
223,2e-07,0.0032135,0.0253123,0.0898753,0.1281973,0.0581204,0.0618341,0.0888085,0.1083133,0.1052872,0.2009232,0.2172138,
224,2e-07,0.0034661,0.0137484,0.0835882,0.0682746,0.0767609,0.0663521,0.1185035,0.0666918,0.1716887,0.2019467,0.2310786,
225,2e-07,0.0023574,0.0178941,0.1005318,0.0498641,0.0726635,0.1004613,0.0962308,0.0441344,0.1280087,0.1284628,0.2035141,
226,2e-07,0.0037062,0.0433946,0.0990647,0.0481157,0.0624813,0.1028575,0.1023064,0.0386729,0.1314583,0.1447233,0.182089,
227,2e-07,0.0027123,0.0327751,0.0907403,0.0805518,0.0519722,0.0947598,0.0972683,0.1403971,0.1185177,0.1254691,0.1856127,
228,2e-07,0.0036086,0.0403368,0.0769215,0.0825663,0.0804645,0.1149737,0.0963528,0.1855326,0.1218774,0.152088,0.1715525,
229,2e-07,0.0024052,0.0119797,0.0568868,0.0503672,0.0558652,0.1031294,0.0900454,0.1300651,0.1210947,0.1129736,0.1315159,
230,2e-07,0.0054246,0.0346899,0.0360684,0.0539077,0.041373,0.100418,0.0845432,0.083728,0.1015453,0.1150608,0.1101715,
231,2e-07,0.0066232,0.0201317,0.0325461,0.0693536,0.0664475,0.0659791,0.1275144,0.0720433,0.0988011,0.1289742,0.1126004,
232,2e-07,0.0034865,0.0471764,0.0609177,0.1112937,0.0545952,0.0817092,0.134552,0.0922253,0.1177175,0.1248387,0.1623268,
233,2e-07,0.001145,0.0612223,0.0245588,0.1243878,0.0309155,0.0816216,0.1200425,0.0825255,0.0901418,0.1107073,0.0855097,
234,2e-07,0.0039682,0.047404,0.060622,0.0365494,0.0470738,0.0428683,0.0640627,0.0706274,0.0986973,0.1448013,0.1137632,
235,2e-07,0.0040035,0.0227314,0.0732602,0.082953,0.0581527,0.0546308,0.1480363,0.102256,0.0964286,0.1648703,0.1104011,
236,2e-07,0.0091179,0.0375478,0.0658298,0.0958648,0.0517782,0.0633893,0.0844971,0.0728607,0.0443239,0.0823922,0.0607615,
237,2e-07,0.004007,0.0343382,0.0529741,0.0657744,0.041056,0.0253424,0.0736347,0.0723132,0.0326654,0.1055784,0.0417591,
238,2e-07,0.0029813,0.0352062,0.028519,0.0704575,0.0420878,0.088562,0.0428766,0.0290299,0.0189744,0.1137051,0.0284587,
239,2e-07,0.0035106,0.0390283,0.0473031,0.0421924,0.0264467,0.0784213,0.0520687,0.0758956,0.0145198,0.1377146,0.0630775,
240,2e-07,0.0074747,0.053171,0.026155,0.0603146,0.0402147,0.0783865,0.0605046,0.0598841,0.0459301,0.1442406,0.0884527,
241,2e-07,0.003584,0.0469516,0.0802482,0.0490765,0.0346226,0.0595129,0.1163441,0.1308445,0.0619129,0.1378915,0.0743217,
242,2e-07,0.007909,0.0331743,0.0891567,0.0613449,0.0368635,0.0891773,0.0627506,0.0683642,0.0736711,0.169112,0.0981034,
243,2e-07,0.0046189,0.0290399,0.0542027,0.0487719,0.1167652,0.1058142,0.076008,0.101122,0.2076571,0.1767673,0.1473146,
244,1e-07,0.0036393,0.0274119,0.0374009,0.0870642,0.2071416,0.1620479,0.0793828,0.1409052,0.2882616,0.1990881,0.2458065,
245,1e-07,0.0063936,0.0419291,0.0933474,0.1039097,0.1484509,0.1111545,0.1470212,0.0960724,0.3337334,0.1807674,0.2808569,
246,1e-07,0.0017311,0.0272936,0.0670177,0.100401,0.1206718,0.1725913,0.1398652,0.119592,0.2217425,0.1873721,0.1284176,
247,1e-07,0.0035758,0.0216282,0.0506285,0.0977123,0.1562658,0.2079157,0.117657,0.1269292,0.055759,0.1624607,0.1751362,
248,1e-07,0.0022032,0.0343818,0.0449192,0.0839116,0.197781,0.2038781,0.116534,0.1029177,0.1324162,0.0669668,0.1735531,
249,1e-07,0.0016628,0.0099168,0.0281144,0.0798785,0.1455025,0.1744924,0.1323969,0.116525,0.1176587,0.1082464,0.1199026,
250,1e-07,0.0011615,0.021302,0.0239431,0.0573536,0.1071681,0.0400955,0.1509901,0.0884224,0.070046,0.114463,0.0790212,
251,1e-07,0.0003843,0.0362295,0.0256351,0.0685328,0.0721962,0.0337247,0.1338592,0.155783,0.1353116,0.0894702,0.0631304,
252,1e-07,0.0011241,0.0139187,0.056573,0.058491,0.0544267,0.0509081,0.1070406,0.1482266,0.0773704,0.1358874,0.0363845,
253,1e-07,0.0011219,0.0154684,0.0531567,0.0298297,0.0496183,0.0592755,0.1029511,0.1002444,0.048845,0.0622094,0.0406499,
254,1e-07,0.0022392,0.0098346,0.0302732,0.020434,0.0429864,0.0554859,0.140504,0.085352,0.07413,0.0764727,0.0856293,
255,1e-07,0.0021517,0.0100924,0.075258,0.012203,0.0251814,0.0410987,0.1340631,0.0987783,0.0888089,0.104979,0.0546062,
256,1e-07,0.0028619,0.024055,0.0392616,0.0179053,0.0835869,0.0660236,0.1070935,0.0985247,0.054606,0.062928,0.1201279,
257,1e-07,0.0010944,0.0205232,0.03017,0.0265818,0.0608972,0.0510812,0.1541814,0.0956383,0.0972597,0.0459406,0.1505623,
258,1e-07,0.0033065,0.0826072,0.0562663,0.0503426,0.0464881,0.0728436,0.2389148,0.0780373,0.1315708,0.096982,0.1488926,
259,2e-07,0.0016593,0.0325878,0.0622337,0.0326267,0.0454479,0.0592784,0.1951338,0.0699568,0.1228495,0.1311451,0.1494209,
260,2e-07,0.0006465,0.0129595,0.0617626,0.0166574,0.0434342,0.048844,0.2105017,0.0661716,0.121283,0.1969525,0.1397115,
261,2e-07,0.0037117,0.0107904,0.0291783,0.0558021,0.0431467,0.0379381,0.1521286,0.0343131,0.1372794,0.1741977,0.1358014,
262,2e-07,0.0045864,0.0251726,0.0345942,0.0505683,0.0335226,0.0387384,0.1866946,0.1160146,0.1633734,0.1688424,0.1770039,
263,2e-07,0.0013702,0.0214209,0.0367546,0.0229832,0.0288742,0.0405088,0.1582092,0.0680558,0.1568674,0.137593,0.1626887,
264,2e-07,0.0011682,0.0195658,0.0136287,0.0169648,0.0399521,0.0157218,0.1077606,0.0621449,0.1119424,0.1019305,0.0696644,
265,2e-07,0.0003808,0.0154565,0.0503438,0.029006,0.0281956,0.0341288,0.0603728,0.0648552,0.1088513,0.1065478,0.1043118,
266,2e-07,0.0022554,0.0311394,0.0371875,0.0152579,0.0328799,0.0461863,0.0750084,0.0884961,0.1295522,0.0979435,0.1058254,
267,2e-07,0.0031563,0.0209755,0.0482986,0.0340012,0.0333163,0.0436864,0.0713593,0.1013913,0.1043802,0.0530056,0.0619592,
268,2e-07,0.0023143,0.0201548,0.014503,0.047826,0.0461787,0.0394749,0.0088745,0.0787775,0.0608779,0.0518041,0.025397,
269,2e-07,0.0014865,0.0358621,0.0313125,0.0702895,0.052852,0.0662172,0.0107874,0.0699702,0.136246,0.0681929,0.0561893,
270,2e-07,0.0031957,0.022317,0.0342438,0.0877827,0.0449295,0.0699,0.0121792,0.1084086,0.1556249,0.0640688,0.0732004,
271,2e-07,0.0022246,0.043123,0.0205011,0.1001901,0.0511801,0.0221601,0.0103154,0.1194356,0.0991024,0.0685643,0.0575664,
272,2e-07,0.0029962,0.0577185,0.0349421,0.1063822,0.0531811,0.0289894,0.0227077,0.1091315,0.1203538,0.075971,0.0480092,
273,2e-07,0.0030653,0.0345786,0.0514703,0.0520617,0.0692977,0.0469635,0.0310617,0.0794658,0.1162297,0.1140724,0.0351113,
274,2e-07,0.0025198,0.049555,0.057345,0.0466634,0.0756173,0.079503,0.0125378,0.1483836,0.15157,0.1162224,0.0230142,
275,2e-07,0.0065188,0.0523011,0.0434616,0.0662654,0.0896228,0.0591188,0.0523676,0.1982392,0.0999954,0.0956467,0.0794533,
276,2e-07,0.0028047,0.0227996,0.0695687,0.073309,0.0678091,0.0747146,0.0617073,0.1345569,0.0978066,0.050746,0.0764092,
277,2e-07,0.0080874,0.0265517,0.0939309,0.0406915,0.0623134,0.1096197,0.066445,0.1410156,0.0837518,0.1488905,0.2917773,
278,2e-07,0.0078635,0.1048965,0.0857651,0.1246737,0.0271407,0.1888739,0.0708827,0.1792209,0.1073941,0.0640309,0.1089549,
279,2e-07,0.003297,0.0342939,0.0429073,0.0444513,0.0571807,0.0981662,0.0869652,0.0745558,0.1171437,0.0563756,0.1078977,
280,2e-07,0.0101284,0.0086661,0.022467,0.0704618,0.0593605,0.0534341,0.0616137,0.061111,0.069098,0.096815,0.0840827,
281,2e-07,0.0045435,0.0297812,0.0354471,0.0936914,0.0314521,0.0694456,0.0173112,0.079068,0.0442832,0.0611515,0.0881978,
282,1e-07,0.0030409,0.0277382,0.0278816,0.0879432,0.016142,0.0905515,0.0641116,0.0774226,0.0656702,0.1408473,0.0909151,
283,2e-07,0.001442,0.0123932,0.0327664,0.0619356,0.0254226,0.1077678,0.0896211,0.092808,0.0735644,0.1388295,0.1673328,
284,2e-07,0.0020324,0.0124281,0.0189195,0.0513053,0.041619,0.0751354,0.0262271,0.0909902,0.0854358,0.0624491,0.0884671,
285,2e-07,0.0015599,0.0268486,0.0179411,0.0508586,0.0365702,0.0749715,0.0568094,0.0919722,0.0957656,0.0281394,0.0320326,
286,2e-07,0.001646,0.0171868,0.0312094,0.0452263,0.0389107,0.0424484,0.0545986,0.0868697,0.0545631,0.0629517,0.0375778,
287,2e-07,0.0011268,0.0348728,0.0156883,0.0306464,0.0458109,0.0285971,0.0820225,0.0670366,0.0437697,0.0847682,0.0394864,
288,1e-07,0.0018967,0.0345779,0.0557191,0.0324519,0.0368553,0.0535652,0.077659,0.0616625,0.048037,0.0803799,0.0496649,
289,1e-07,0.002362,0.037034,0.0432483,0.0356293,0.0103638,0.0455712,0.045503,0.0436201,0.0435051,0.0182205,0.050127,
290,1e-07,0.0028414,0.0150435,0.0256156,0.0399655,0.0295079,0.0602954,0.0553611,0.0482553,0.0519371,0.0374035,0.0490981,
291,1e-07,0.0014469,0.0145697,0.036931,0.0274242,0.0271593,0.030864,0.0542495,0.0219782,0.0704368,0.0597428,0.0343053,
292,1e-07,0.0017243,0.0123332,0.047425,0.0154022,0.036019,0.0577374,0.0915097,0.0645697,0.057528,0.0526895,0.0557362,
293,1e-07,0.0012683,0.0103232,0.0209715,0.0327101,0.0732192,0.0487997,0.0722297,0.1029166,0.0748728,0.0776141,0.0322777,
294,0.0,0.0024275,0.0113168,0.0452979,0.0435247,0.0424021,0.0511062,0.0865566,0.1031841,0.0611425,0.0549634,0.0694778,
295,0.0,0.0012382,0.0175608,0.03757,0.0666603,0.020754,0.0453361,0.098188,0.0909377,0.0807017,0.0375286,0.061876,
296,1e-07,0.001261,0.0132466,0.0143348,0.0535437,0.0556925,0.0409935,0.1019969,0.1222277,0.0580977,0.0582384,0.068321,
297,0.0,0.0003775,0.0133417,0.0159178,0.0429607,0.0653179,0.0543789,0.0962201,0.1209121,0.0449795,0.0931626,0.0609847,
298,0.0,0.0024142,0.0131835,0.0183086,0.0612443,0.0674205,0.0377732,0.0668389,0.0948926,0.0348148,0.0848926,0.1015594,
299,0.0,0.0040434,0.0114852,0.0284079,0.0252971,0.0300138,0.0358522,0.0705353,0.0585595,0.0371784,0.0919272,0.0649713,
300,1e-07,0.0044897,0.016392,0.0356619,0.0646403,0.0433846,0.0305169,0.0988352,0.075535,0.0784612,0.0982596,0.0924576,
301,0.0,0.0022282,0.0332268,0.0455776,0.0971457,0.0189893,0.0167454,0.1223077,0.069423,0.0419203,0.0987617,0.0806963,
302,0.0,0.0032134,0.0242078,0.0405333,0.0707904,0.0584958,0.0622121,0.0714565,0.0704893,0.0800239,0.0255456,0.0560854,
303,1e-07,0.0036706,0.0273441,0.060093,0.0964067,0.0691677,0.1037637,0.0852766,0.0688817,0.1309684,0.0295061,0.1536156,
304,1e-07,0.0027999,0.0332672,0.0540484,0.0431911,0.050459,0.0848443,0.0476502,0.0598131,0.1120187,0.0641251,0.2077451,
305,1e-07,0.0032585,0.0200033,0.0619554,0.0393783,0.0506575,0.1017292,0.0495694,0.0910267,0.0522927,0.0776399,0.1063135,
306,1e-07,0.0033058,0.0140261,0.0700564,0.0279349,0.0812576,0.1150875,0.0908915,0.1029543,0.0934756,0.1465454,0.1570004,
307,1e-07,0.0262981,0.0625785,0.0931863,0.0326122,0.0131513,0.0370084,0.0577571,0.0663095,0.0701151,0.065397,0.0680957,
308,1e-07,0.0145717,0.0403621,0.0921662,0.0724947,0.0510284,0.0987459,0.0966395,0.1017207,0.0618243,0.0823133,0.0753475,
309,1e-07,0.0122986,0.0290252,0.0542788,0.0338934,0.0518029,0.0827466,0.0511062,0.0717537,0.0481397,0.0706338,0.0674038,
310,1e-07,0.0056523,0.0072465,0.0427592,0.0311015,0.0666601,0.0549015,0.0483444,0.0854985,0.036534,0.0827185,0.0500098,
311,1e-07,0.0066464,0.0166506,0.0655711,0.030662,0.0533785,0.0228766,0.0691554,0.0950733,0.0494295,0.0655702,0.069042,
312,0.0,0.0036096,0.0262652,0.0289698,0.0554773,0.0282613,0.0249484,0.0546594,0.0407469,0.0721051,0.016933,0.0733889,
313,0.0,0.0025518,0.0319407,0.0470477,0.0412327,0.0198193,0.0267073,0.0655201,0.0451089,0.0700639,0.0644259,0.0596656,
314,1e-07,0.0013528,0.0300612,0.0258039,0.0778085,0.0130294,0.0097482,0.0631658,0.0692361,0.0347361,0.09078,0.0717418,
315,1e-07,0.0019066,0.0271777,0.0111765,0.1084447,0.0338318,0.0369003,0.095221,0.0601,0.0330912,0.0783803,0.0460276,
316,1e-07,0.0017099,0.0148931,0.0069179,0.0912612,0.0178945,0.0176743,0.084815,0.0616125,0.0356594,0.073895,0.0676101,
317,1e-07,0.0026647,0.015058,0.0575223,0.0558881,0.023924,0.0296355,0.1141993,0.0801101,0.0257728,0.0702677,0.0653394,
318,1e-07,0.0021726,0.0138291,0.0500971,0.0541399,0.0203199,0.0269462,0.0914362,0.0373079,0.0585919,0.0794781,0.0690041,
319,1e-07,0.0014028,0.0208126,0.0543672,0.0525297,0.025536,0.0399274,0.0829733,0.0147622,0.0645967,0.1090336,0.0690974,
320,1e-07,0.001111,0.0188428,0.0380198,0.0515114,0.0246715,0.0406819,0.0941235,0.0442782,0.0331352,0.0924621,0.0684765,
321,2e-07,0.0010951,0.0091661,0.0509417,0.0339642,0.1091766,0.0621061,0.1012229,0.0824616,0.1002701,0.1488888,0.0406021,
322,2e-07,0.0019256,0.0170847,0.0402891,0.0411541,0.0817411,0.0683612,0.0758254,0.0537484,0.0879305,0.1262723,0.0234646,
323,2e-07,0.0016621,0.0145186,0.041649,0.0428281,0.0870662,0.0511257,0.0980035,0.0368271,0.0759778,0.0893,0.0303633,
324,2e-07,0.001205,0.0174029,0.0641018,0.0614056,0.0951896,0.0508488,0.1094615,0.0277277,0.0436841,0.084629,0.0577112,
325,2e-07,0.0040404,0.0274856,0.0475291,0.0105145,0.0958784,0.0364606,0.0577224,0.0553467,0.0472275,0.0659308,0.0332494,
326,2e-07,0.0006276,0.0280519,0.040416,0.0369095,0.0538969,0.0382166,0.0588733,0.0894445,0.0251385,0.0584461,0.0565517,
327,2e-07,0.0006236,0.0135944,0.0070785,0.0540746,0.0494166,0.0584373,0.0514788,0.0977992,0.1060852,0.0361081,0.085984,
328,2e-07,0.0025244,0.0170459,0.0381226,0.0610915,0.0200661,0.0816324,0.093739,0.09132,0.1002584,0.053623,0.0673749,
329,2e-07,0.0025842,0.0332862,0.0541697,0.1076508,0.1465031,0.1131021,0.1598202,0.0930841,0.1470825,0.1269692,0.1113247,
330,1e-07,0.0022931,0.0344109,0.0672514,0.101811,0.0827351,0.1633571,0.1435005,0.2234332,0.1360905,0.0940336,0.1736436,
331,1e-07,0.0015809,0.0126224,0.0431299,0.0815818,0.0802964,0.0729994,0.113733,0.0990618,0.1272504,0.1027631,0.0922383,
332,1e-07,0.0011648,0.0060232,0.0499161,0.0549354,0.0598529,0.0601085,0.0499685,0.0875059,0.0953574,0.0399337,0.0426024,
333,1e-07,0.0010509,0.0110807,0.0202907,0.0291058,0.0702934,0.0447023,0.0710557,0.1054181,0.0702279,0.0162662,0.0211692,
334,1e-07,0.0016841,0.0108484,0.0258076,0.0425607,0.0752118,0.0564212,0.0467713,0.0615686,0.0529384,0.0467459,0.0328299,
335,1e-07,0.0014413,0.0175008,0.0281234,0.0423881,0.1007036,0.0465207,0.0656565,0.0433097,0.0419809,0.0800318,0.0423265,
336,2e-07,0.0003711,0.023102,0.0196384,0.0222984,0.0862624,0.0320926,0.0652656,0.0629054,0.0597081,0.1001541,0.0395877,
337,2e-07,0.0017192,0.0193221,0.049479,0.046993,0.0579188,0.0689517,0.0867357,0.0774122,0.0718007,0.0503277,0.0589513,
338,2e-07,0.001679,0.0271283,0.0347125,0.0340899,0.055577,0.0708139,0.0639141,0.0610262,0.0664825,0.0499634,0.0958134,
339,2e-07,0.0056313,0.0232742,0.0418514,0.0747063,0.0630192,0.0601456,0.0890394,0.0770838,0.0843111,0.1308557,0.1571263,
340,2e-07,0.003188,0.0166406,0.0279486,0.0988236,0.0404539,0.053761,0.0818848,0.0884143,0.1165884,0.0607718,0.1306927,
341,2e-07,0.0010534,0.0075079,0.0315763,0.0839715,0.0682136,0.0592468,0.0861444,0.0569845,0.0873116,0.0682473,0.0773603,
342,2e-07,0.0030733,0.0204321,0.0203802,0.0618073,0.0728248,0.0515723,0.1400084,0.0657384,0.042378,0.0845583,0.050115,
343,2e-07,0.0026649,0.0306239,0.0439526,0.0575258,0.037355,0.0312811,0.1094794,0.0988035,0.0474937,0.0767976,0.0278397,
344,1e-07,0.0026713,0.0252852,0.0387013,0.0513572,0.0271391,0.0482874,0.0916603,0.1028296,0.0205449,0.079227,0.0435446,
345,1e-07,0.0011671,0.0160089,0.0357549,0.0413685,0.0348023,0.049999,0.0764608,0.0505735,0.0311817,0.0405713,0.0400174,
346,1e-07,0.0003846,0.0076876,0.0197694,0.0512437,0.0420893,0.0283736,0.0630348,0.0333857,0.0141381,0.0461364,0.0338472,
347,1e-07,0.0021732,0.0193519,0.0213865,0.0411812,0.0354429,0.0375643,0.07545,0.0474979,0.0211909,0.0571445,0.0211273,
348,1e-07,0.0015914,0.020668,0.0613094,0.047986,0.0416675,0.0464406,0.0712166,0.0454946,0.0456318,0.0759999,0.0471328,
349,1e-07,0.0023011,0.0114994,0.0566272,0.0471205,0.0769513,0.0426793,0.092684,0.097879,0.0746871,0.1001696,0.0506971,
350,1e-07,0.0011349,0.0138695,0.0540514,0.0439119,0.025177,0.0357605,0.0901633,0.0901259,0.0990984,0.11986,0.1178973,
351,1e-07,0.001522,0.0296832,0.0650066,0.1151355,0.0305811,0.0400933,0.0956717,0.0779232,0.0605409,0.1579083,0.0410827,
352,1e-07,0.0023596,0.0343581,0.0925992,0.0836415,0.063603,0.0736717,0.1170055,0.0496472,0.0420775,0.2328927,0.0838433,
353,1e-07,0.0056282,0.0306089,0.1101606,0.0154552,0.0417551,0.0990361,0.2176707,0.1243357,0.0788708,0.2953597,0.1270935,
354,1e-07,0.0016737,0.0152152,0.0794966,0.0438137,0.0834702,0.0252478,0.1487024,0.0693081,0.0849651,0.2767262,0.1140434,
355,1e-07,0.0036528,0.0524165,0.0661409,0.0389585,0.05661,0.0324614,0.1344853,0.0627417,0.0853015,0.1745781,0.0831873,
356,0.0,0.0017124,0.0657326,0.0378781,0.0916383,0.0428152,0.0268901,0.1287984,0.0161737,0.0980698,0.1865447,0.0707296,
357,1e-07,0.0003991,0.0602095,0.0263365,0.0596927,0.0475054,0.0377272,0.1034713,0.0709824,0.0763995,0.1867185,0.1133307,
358,1e-07,0.0023466,0.0119354,0.0164069,0.0737597,0.0514883,0.0121602,0.112324,0.0752679,0.0835525,0.26127,0.0679426,
359,1e-07,0.0023679,0.0246167,0.0682682,0.0771004,0.0776603,0.0527827,0.1341028,0.0765098,0.1064769,0.244266,0.0869869,
360,1e-07,0.0015771,0.0267922,0.0604634,0.0237008,0.0879273,0.1200703,0.1502213,0.0950475,0.0177039,0.1498489,0.0836646,
361,1e-07,0.0047943,0.0197627,0.0560541,0.0184394,0.1369869,0.16898,0.1035648,0.152178,0.0369368,0.1456947,0.0843125,
362,1e-07,0.0026493,0.0167955,0.0813955,0.049412,0.0891213,0.1078209,0.1511026,0.1065166,0.0850865,0.1313808,0.1044482,
363,1e-07,0.0015104,0.0160192,0.0791077,0.0782838,0.0766036,0.1336396,0.1442637,0.1131544,0.093238,0.1117785,0.0966439,
364,2e-07,0.0010237,0.0255893,0.0814474,0.1026349,0.0974084,0.1080897,0.1297578,0.0727108,0.0842793,0.0834196,0.0663065,
365,2e-07,0.0038792,0.0598041,0.0867535,0.1306642,0.0816127,0.1531183,0.1616197,0.0580462,0.0582717,0.1276195,0.0889173,
366,2e-07,0.0023252,0.0458686,0.0772379,0.1297373,0.0649894,0.1628118,0.1149179,0.090686,0.0922796,0.1515768,0.0789807,
367,2e-07,0.0029303,0.0545553,0.0477096,0.1319557,0.0768745,0.1343127,0.1619686,0.0723977,0.0863446,0.1176405,0.1540222,
368,2e-07,0.002927,0.0383602,0.0931283,0.0945666,0.0530907,0.1185501,0.1133233,0.0731331,0.0909682,0.1171086,0.1761081,
369,2e-07,0.0032668,0.0197446,0.0942378,0.1033184,0.0525734,0.1213478,0.1014253,0.0999065,0.115471,0.1415068,0.1483573,
370,2e-07,0.0024766,0.0340905,0.0700468,0.0753888,0.057901,0.0901353,0.0814972,0.1786041,0.118709,0.1075647,0.1006376,
371,2e-07,0.0028158,0.0309171,0.0638626,0.0700236,0.0336035,0.068176,0.1332476,0.1483729,0.0575056,0.0736128,0.0411316,
372,2e-07,0.0032607,0.0255952,0.0760234,0.1071073,0.0121129,0.0380251,0.0898516,0.1174871,0.1321178,0.0681741,0.0340815,
373,2e-07,0.0037721,0.0225166,0.0649334,0.089157,0.014323,0.0338826,0.0857595,0.1335376,0.1299065,0.0785839,0.0744908,
374,2e-07,0.0010541,0.016825,0.0316108,0.029396,0.0340678,0.0356262,0.1146827,0.1363903,0.0570076,0.0481458,0.038808,
375,2e-07,0.004481,0.0109992,0.0451944,0.0351697,0.0667019,0.0719197,0.1117192,0.0809418,0.071694,0.0975963,0.0322404,
376,2e-07,0.0010904,0.0201524,0.0872326,0.0514845,0.0515887,0.0853428,0.1346929,0.0716564,0.0668361,0.1057734,0.0878236,
377,2e-07,0.0003714,0.0261185,0.1002968,0.0799756,0.0633053,0.168719,0.3212052,0.2129205,0.1406403,0.1476105,0.2357394,
378,2e-07,0.0065827,0.0274918,0.1004329,0.0410511,0.0325952,0.0278719,0.0958115,0.0207836,0.056708,0.173784,0.2828891,
379,2e-07,0.0051688,0.0320618,0.0799263,0.0323478,0.0234099,0.0317343,0.0902982,0.0593427,0.0796963,0.0823623,0.1712148,
380,2e-07,0.0046971,0.0245056,0.0801566,0.0600251,0.0279891,0.0238295,0.0536259,0.1005371,0.1071827,0.0892851,0.0791373,
381,2e-07,0.0019391,0.0093255,0.0601163,0.073339,0.0417348,0.0286261,0.1375862,0.1085102,0.165908,0.0737187,0.062924,
382,2e-07,0.001501,0.0174197,0.0321216,0.0973363,0.0478109,0.0723328,0.1439142,0.1708178,0.1250495,0.0678063,0.0782839,
383,2e-07,0.0020794,0.0173734,0.0482352,0.0811087,0.0558157,0.0924506,0.0931985,0.1247035,0.0944238,0.0610176,0.0880463,
384,2e-07,0.0019545,0.0379133,0.0230055,0.0753901,0.0577435,0.1200476,0.0923299,0.0976391,0.028455,0.1161667,0.076766,
385,2e-07,0.002924,0.0346206,0.0509259,0.1001626,0.0463138,0.0989828,0.1051121,0.0778324,0.0487069,0.1106591,0.0570299,
386,2e-07,0.0020781,0.0202081,0.0096605,0.0826466,0.0452921,0.1405659,0.0780765,0.0953,0.0516951,0.1259431,0.0613682,
387,2e-07,0.0010684,0.0308593,0.0398827,0.0846822,0.0885716,0.1025085,0.1125688,0.1072914,0.0433089,0.1364313,0.1288284,
388,2e-07,0.0031067,0.0237714,0.0714912,0.0789863,0.0828646,0.0649731,0.0498442,0.0893125,0.0114397,0.1139323,0.077178,
389,1e-07,0.0024342,0.0254187,0.0847856,0.0498205,0.0365209,0.056123,0.1228438,0.1012974,0.0234123,0.1348134,0.1221551,
390,1e-07,0.0013794,0.0202862,0.0522884,0.0140023,0.0431931,0.0504973,0.1025373,0.0185451,0.0324683,0.0497687,0.0719458,
391,1e-07,0.0003807,0.0235029,0.0207936,0.0356758,0.0256916,0.0428045,0.0681382,0.0195566,0.0366074,0.098786,0.0408081,
392,1e-07,0.0011146,0.0055334,0.0200124,0.0400595,0.0245402,0.0329461,0.0623755,0.0326487,0.0351506,0.0739395,0.0550947,
393,1e-07,0.0037041,0.0089512,0.0264488,0.1016519,0.0233712,0.0372941,0.0950523,0.0498174,0.0280716,0.1000763,0.0481082,
394,2e-07,0.002585,0.0209174,0.0303808,0.0792991,0.0165193,0.0798396,0.101074,0.0620333,0.0182099,0.0942528,0.0470599,
395,2e-07,0.0011722,0.0119569,0.0153557,0.0644246,0.0451784,0.1011203,0.0811437,0.0734386,0.0397977,0.0738395,0.0643434,
396,2e-07,0.0025838,0.0268835,0.031277,0.0778683,0.0533565,0.1114544,0.0543018,0.0858489,0.0545331,0.0607303,0.1044691,
397,2e-07,0.0026584,0.0219245,0.022303,0.054556,0.0439976,0.0811594,0.0973073,0.1139845,0.0791379,0.0606245,0.1038715,
398,2e-07,0.0039701,0.0221457,0.0487773,0.0745212,0.0577005,0.0976101,0.0930625,0.1502303,0.0802351,0.0447218,0.0704251,
399,2e-07,0.0003691,0.028763,0.0609989,0.0971749,0.0459759,0.0907806,0.115227,0.1244023,0.1138067,0.0659992,0.1876321,
400,2e-07,0.0036947,0.0144769,0.0289499,0.1372277,0.0367249,0.0946551,0.0922056,0.1129886,0.1415011,0.0909614,0.2304996,
401,2e-07,0.0026377,0.0083022,0.026731,0.1300868,0.0456791,0.059928,0.1386402,0.1177367,0.1376256,0.0967091,0.1672599,
402,2e-07,0.0100738,0.035277,0.0752669,0.1205181,0.0654754,0.0771768,0.1693794,0.1261697,0.1357911,0.0803477,0.1269671,
403,2e-07,0.0077446,0.0206771,0.0387005,0.0616176,0.0378701,0.0855229,0.1694205,0.13851,0.1473521,0.1440182,0.0678242,
404,2e-07,0.0091946,0.0132313,0.0285356,0.055621,0.0494255,0.0927313,0.1205234,0.0912009,0.103726,0.1144843,0.079781,
405,2e-07,0.0107241,0.028777,0.0237911,0.0519152,0.092154,0.0727923,0.126657,0.0957617,0.0919416,0.1317014,0.0876342,
406,2e-07,0.0023139,0.0151491,0.0116322,0.0480786,0.0657099,0.0390523,0.1371261,0.1194133,0.0970004,0.1459083,0.0718292,
407,2e-07,0.0035984,0.0153794,0.0098092,0.0522085,0.0491188,0.041582,0.1439583,0.0782211,0.0891406,0.1065828,0.0912216,
408,1e-07,0.0010888,0.0073071,0.0300786,0.0675361,0.0336481,0.0511387,0.1186277,0.0873636,0.0880983,0.0830022,0.0855582,
409,1e-07,0.0012168,0.0109513,0.0493048,0.0699335,0.0474764,0.0091585,0.0563386,0.1129115,0.0531576,0.0751325,0.0561462,
410,1e-07,0.0015601,0.0210032,0.036989,0.0835481,0.0493905,0.0277813,0.0973061,0.0843335,0.0477229,0.0425415,0.0804572,
411,1e-07,0.0017056,0.0176484,0.0383444,0.0471164,0.0288906,0.0484713,0.0882868,0.0801071,0.0436736,0.0941868,0.0532626,
412,0.0,0.0023103,0.0265235,0.0448073,0.0104543,0.0705019,0.0744574,0.0714697,0.1141118,0.061258,0.1132321,0.042612,
413,0.0,0.0015424,0.0362586,0.0415213,0.0216263,0.0637094,0.0410158,0.0742767,0.0788673,0.0337715,0.1251409,0.0644695,
414,1e-07,0.0014482,0.0302011,0.0428714,0.0427913,0.0819788,0.0686692,0.0683327,0.0747039,0.057205,0.0411403,0.0548005,
415,1e-07,0.0028422,0.0130556,0.047011,0.0758513,0.0743051,0.0907545,0.0700042,0.0446867,0.0702574,0.0474907,0.0750505,
416,0.0,0.0017091,0.0312665,0.0416673,0.0737263,0.0759293,0.0664567,0.0463432,0.0521123,0.0568488,0.0718902,0.0607586,
417,0.0,0.0030631,0.0263324,0.0122352,0.0565259,0.0572952,0.058263,0.0484544,0.051562,0.0697463,0.0779212,0.0327284,
418,0.0,0.0026659,0.0055195,0.02122,0.0429899,0.0232247,0.0455597,0.0366821,0.0530323,0.0429016,0.0769574,0.0126369,
419,0.0,0.0019547,0.0086495,0.01881,0.0717245,0.0386903,0.0466184,0.0424174,0.0224776,0.0437683,0.0785002,0.0223171,
420,0.0,0.0003671,0.0082593,0.0359339,0.0342212,0.0448184,0.0403713,0.0323439,0.0456777,0.0769847,0.0824778,0.0421004,
421,1e-07,0.0015261,0.006374,0.0355959,0.0269955,0.0062813,0.0346686,0.072914,0.0872758,0.0702799,0.0707325,0.0562829,
422,1e-07,0.0023281,0.0028735,0.0286092,0.0566177,0.0230086,0.0251697,0.0618294,0.0604446,0.0457721,0.0531949,0.0518952,
423,1e-07,0.0011261,0.00862,0.0360083,0.0314803,0.0227579,0.0230318,0.0497324,0.0803434,0.0521343,0.0831375,0.0134954,
424,1e-07,0.0012411,0.0196614,0.0484431,0.0256019,0.0436501,0.04582,0.0649711,0.0676921,0.0250475,0.0966495,0.104924,
425,1e-07,0.0010952,0.0152616,0.0291602,0.0201248,0.041775,0.0596062,0.0513421,0.0605255,0.0262207,0.1117195,0.2175372,
426,1e-07,0.0020137,0.0167639,0.0457915,0.0155274,0.0457582,0.0578445,0.0687088,0.0699034,0.0197591,0.1000954,0.1993497,
427,1e-07,0.0021591,0.0160089,0.0567604,0.0207855,0.037978,0.0413027,0.1134239,0.0657144,0.0293948,0.0374166,0.0835299,
428,1e-07,0.0019408,0.0154027,0.0249115,0.0280851,0.0499902,0.081605,0.0369756,0.0585842,0.0612473,0.0647971,0.0542491,
429,1e-07,0.0021004,0.0165196,0.0204643,0.0406098,0.0544249,0.098248,0.0874416,0.0541854,0.0384879,0.0751421,0.0943369,
430,1e-07,0.0023343,0.0110376,0.0236454,0.040693,0.0879147,0.0922327,0.0929971,0.0767921,0.0575517,0.1021571,0.0751948,
431,0.0,0.0012419,0.0124024,0.0250216,0.0387184,0.0680403,0.0764608,0.0904969,0.0427881,0.0460389,0.0769349,0.0560863,
432,0.0,0.0011216,0.017526,0.0327594,0.027891,0.042267,0.0721353,0.0899903,0.0418158,0.0549078,0.0896349,0.0580396,
433,0.0,0.00283,0.0152613,0.0228285,0.0387581,0.0502767,0.0644607,0.0777678,0.0424831,0.0389114,0.1132765,0.0679535,
434,0.0,0.0019461,0.0131299,0.0353452,0.0466252,0.0113898,0.0414375,0.0532823,0.0376524,0.0215617,0.0852734,0.0847763,
435,1e-07,0.0015439,0.0148047,0.0290171,0.0347655,0.0306373,0.0206126,0.0775885,0.0432312,0.0674756,0.0832656,0.0889087,
436,1e-07,0.0015227,0.0194345,0.0317926,0.0569491,0.0471768,0.0535737,0.0839866,0.0296016,0.0439238,0.0405304,0.0534505,
437,1e-07,0.0015355,0.0252674,0.0212413,0.0569569,0.0464693,0.0594044,0.0890901,0.0311267,0.0903591,0.058573,0.0290278,
438,1e-07,0.0010961,0.0117159,0.0270705,0.0485689,0.0981627,0.052353,0.1059146,0.0377034,0.0604406,0.066991,0.0205863,
439,1e-07,0.0010952,0.0147178,0.0247441,0.0271868,0.0565499,0.0473267,0.1139142,0.0457792,0.0578137,0.086062,0.0634662,
440,1e-07,0.0003748,0.0201743,0.0218365,0.0432598,0.0542587,0.0513372,0.0872752,0.0520842,0.0589414,0.0779182,0.0380304,
441,1e-07,0.0006354,0.0273351,0.0872669,0.0613661,0.0349888,0.0791517,0.0853766,0.0459615,0.0690237,0.046369,0.1076393,
442,1e-07,0.0012166,0.0166201,0.0703294,0.0469422,0.0365804,0.0661538,0.0919812,0.0486962,0.0616911,0.0687031,0.0804991,
443,1e-07,0.0042341,0.0154441,0.05805,0.0291362,0.0327958,0.0564296,0.1249774,0.0379385,0.0382014,0.0249555,0.1009123,
444,1e-07,0.0035083,0.0222007,0.0543426,0.0162405,0.0209075,0.0444732,0.1157673,0.02707,0.0241645,0.0493397,0.0466535,
445,0.0,0.0014846,0.005553,0.0292234,0.0245545,0.023637,0.0254085,0.1188864,0.0315614,0.0609381,0.0328859,0.0157261,
446,0.0,0.0009967,0.0104722,0.0219277,0.0437394,0.0242327,0.0379124,0.0846598,0.0335467,0.0538364,0.0098039,0.0350835,
447,0.0,0.0016218,0.0111351,0.0411024,0.0583305,0.0434059,0.0541039,0.0972013,0.0422897,0.0501126,0.0461797,0.0781085,
448,0.0,0.0011565,0.0125012,0.0296649,0.0432677,0.0257588,0.0517666,0.0716359,0.0289011,0.0637189,0.0864211,0.0685542,
449,1e-07,0.0006303,0.019704,0.0711106,0.0776187,0.0322195,0.0432178,0.0787973,0.076894,0.0585921,0.1067778,0.0665539,
450,1e-07,0.0012081,0.0105458,0.0507277,0.0714013,0.0102785,0.0258613,0.0782478,0.0281072,0.0389481,0.0972489,0.0391439,
451,1e-07,0.0012367,0.0113312,0.0339329,0.0412688,0.034727,0.0255564,0.0395139,0.0675636,0.0198756,0.050945,0.0426533,
452,1e-07,0.0011235,0.0105531,0.0202642,0.0682379,0.0173772,0.0240717,0.0704461,0.0720712,0.0245532,0.0194348,0.0264096,
453,1e-07,0.0012092,0.0055992,0.0206884,0.0233859,0.0220895,0.025951,0.0515083,0.0790569,0.0415598,0.0563526,0.0387496,
454,1e-07,0.001231,0.0067187,0.0257372,0.0112724,0.0283707,0.033473,0.0148017,0.0874722,0.0222776,0.0638949,0.0133589,
455,1e-07,0.0015654,0.0127058,0.0210464,0.0136853,0.0178727,0.0477239,0.0227588,0.0538804,0.0321468,0.0634433,0.0435317,
456,1e-07,0.001218,0.0139932,0.0230949,0.074872,0.0254129,0.0495715,0.0320469,0.066379,0.0285451,0.0511786,0.0327546,
457,1e-07,0.0045294,0.0211991,0.0264033,0.0837156,0.0305807,0.0365846,0.0707485,0.0702217,0.0456713,0.0643123,0.0262311,
458,1e-07,0.0049306,0.0298259,0.0408458,0.0616733,0.0290348,0.0821473,0.08899,0.0442501,0.0575362,0.1259203,0.0501893,
459,1e-07,0.0067346,0.0184103,0.0320418,0.0255121,0.0358468,0.1177927,0.0971964,0.0812843,0.0993583,0.1335242,0.1334576,
460,1e-07,0.0056757,0.016043,0.0663648,0.0308616,0.0412368,0.1218992,0.1113093,0.1039365,0.0779617,0.1013803,0.1334988,
461,1e-07,0.0041051,0.0219991,0.0366533,0.020574,0.0624467,0.0922478,0.1586437,0.1056888,0.0834527,0.1765109,0.1307969,
462,1e-07,0.0049131,0.0207833,0.0320724,0.0272413,0.0621358,0.0325935,0.1263126,0.1100335,0.0775843,0.1435737,0.0304271,
463,1e-07,0.0025448,0.0071392,0.0263855,0.045228,0.0638985,0.0195533,0.1255824,0.0433641,0.0214635,0.1133977,0.043752,
464,1e-07,0.0003604,0.0255882,0.0127788,0.0346023,0.0412338,0.0324518,0.087937,0.0471598,0.0421786,0.0271328,0.0235252,
465,1e-07,0.0014696,0.0095173,0.03941,0.0531689,0.0164122,0.0247375,0.0838178,0.0391213,0.0985536,0.0338804,0.0479846,
466,1e-07,0.0022929,0.0038059,0.0359444,0.0400957,0.0617819,0.0200121,0.0748539,0.0583744,0.1184989,0.022844,0.044778,
467,1e-07,0.0011129,0.0030136,0.0243876,0.0221746,0.0396294,0.0280537,0.0776354,0.0382868,0.0583469,0.0542987,0.0220351,
468,1e-07,0.0003737,0.0038791,0.0130401,0.0213833,0.0306736,0.0249063,0.0758012,0.0627806,0.0482133,0.0467751,0.0116832,
469,1e-07,0.001522,0.0076518,0.0255094,0.0481168,0.0295767,0.0213315,0.0754065,0.0698784,0.0445437,0.0415762,0.0112013,
470,0.0,0.0012337,0.011654,0.0254519,0.0315843,0.0222341,0.0307397,0.0567637,0.047937,0.0114208,0.0501976,0.0327215,
471,0.0,0.0006286,0.0137625,0.0365467,0.0249901,0.0177225,0.0561234,0.0751557,0.0625429,0.0535326,0.065019,0.05674,
472,0.0,0.0023211,0.016156,0.0517517,0.0399984,0.0168186,0.0836831,0.1190358,0.0478698,0.0465405,0.0779783,0.0656992,
473,1e-07,0.0026371,0.0174344,0.0449553,0.0361843,0.0454968,0.0893678,0.1235138,0.0413264,0.0340554,0.0873447,0.0683913,
474,1e-07,0.0030355,0.0106534,0.0402965,0.0170278,0.026779,0.0877151,0.1839591,0.0461007,0.0440325,0.131485,0.1162117,
475,1e-07,0.0024082,0.0175649,0.0255835,0.0468955,0.0441094,0.0818379,0.2016264,0.0833124,0.0284817,0.125189,0.1412624,
476,1e-07,0.0014338,0.0098099,0.0636781,0.0740458,0.1062009,0.0578506,0.1186643,0.0435597,0.030666,0.0860404,0.1381999,
477,1e-07,0.0011362,0.0171705,0.0464089,0.0660425,0.0171139,0.0620204,0.1018085,0.0561438,0.031715,0.0914352,0.084443,
478,0.0,0.0015745,0.0077146,0.033686,0.0330354,0.0476148,0.0750037,0.1062543,0.0633365,0.0454019,0.0538538,0.0547062,
479,0.0,0.0019453,0.0029389,0.0183758,0.0242405,0.0636038,0.0384459,0.097748,0.0558639,0.0467701,0.0801875,0.0369188,
480,0.0,0.0017329,0.0121668,0.0408488,0.0532855,0.059512,0.0274129,0.110103,0.0569782,0.0332642,0.1128687,0.0673103,
481,1e-07,0.002086,0.0022262,0.0195994,0.062402,0.0615285,0.0424805,0.1047311,0.0427615,0.0235884,0.0628268,0.051281,
482,1e-07,0.0020803,0.0082349,0.0345826,0.0469279,0.058328,0.0180253,0.1133459,0.0479762,0.0296224,0.0695667,0.0601328,
483,1e-07,0.001107,0.0145349,0.0357178,0.0309454,0.0390555,0.0223976,0.076467,0.0422927,0.0642634,0.0485848,0.0612523,
484,1e-07,0.0012171,0.0128197,0.0427461,0.0723605,0.0715735,0.0425406,0.0824414,0.0299781,0.0908823,0.1120994,0.0518202,
485,1e-07,0.0013743,0.0264414,0.0188004,0.0666915,0.0261979,0.0548692,0.0673694,0.0627367,0.0643338,0.0997884,0.0353182,
486,1e-07,0.0017274,0.039418,0.0270811,0.049255,0.0321985,0.089111,0.0892643,0.0351877,0.0562436,0.0980198,0.0341779,
487,0.0,0.0015702,0.0307146,0.0162995,0.0393533,0.040325,0.0558702,0.0933712,0.0566012,0.05898,0.08521,0.0307476,
488,0.0,0.0006322,0.0210004,0.0236661,0.025051,0.0497034,0.0407245,0.1002232,0.0717622,0.0219355,0.0823115,0.0370962,
489,0.0,0.002662,0.0095389,0.0487392,0.0431883,0.0092635,0.1066486,0.1134058,0.1333004,0.0461126,0.0673255,0.0506756,
490,1e-07,0.001231,0.0155395,0.0764354,0.0446579,0.0554716,0.1156579,0.0983699,0.1601472,0.0757793,0.1172293,0.023132,
491,0.0,0.0019986,0.0173058,0.053914,0.0828933,0.0341877,0.1273611,0.1131677,0.1185618,0.0364131,0.0322189,0.057773,
492,0.0,0.0015169,0.015081,0.0716618,0.0427818,0.0667364,0.0758094,0.0747991,0.082568,0.0289406,0.0545656,0.0620482,
493,0.0,0.0017146,0.0264275,0.0451133,0.0244132,0.0732542,0.0664435,0.0537832,0.07361,0.0732893,0.0652862,0.0696408,
494,1e-07,0.0015931,0.0345996,0.0569073,0.0405499,0.0809206,0.0553444,0.097466,0.064918,0.0697662,0.0968921,0.0806603,
495,1e-07,0.0010641,0.0237604,0.0769521,0.0351382,0.0653301,0.1097095,0.0645383,0.0324154,0.0636208,0.1206171,0.1203852,
496,1e-07,0.0011653,0.0330467,0.0488222,0.0234157,0.0935189,0.109032,0.1530319,0.0749373,0.0644847,0.1529105,0.2051033,
497,1e-07,0.0032624,0.0520464,0.0927591,0.0812591,0.1672438,0.1303445,0.1598147,0.0471358,0.0360436,0.0221274,0.2078195,
498,1e-07,0.0006234,0.0387993,0.0450883,0.0496744,0.0677434,0.0846601,0.1486419,0.0303562,0.0499856,0.0543734,0.0964855,
499,1e-07,0.0027493,0.0255416,0.0202041,0.1190793,0.0392885,0.0713345,0.1164095,0.0680493,0.0939777,0.0399896,0.1982876,
500,1e-07,0.001206,0.0262721,0.0155316,0.1087563,0.0405409,0.0915555,0.1220752,0.0803631,0.0690363,0.0752865,0.2373274,
501,1e-07,0.0048012,0.0208212,0.0550387,0.0957603,0.0406389,0.0854987,0.1511828,0.0963072,0.1071408,0.0837907,0.1685299,
502,2e-07,0.0015237,0.0261556,0.0267732,0.0658973,0.0588515,0.073277,0.1227723,0.1199703,0.1170769,0.1687301,0.1202869,
503,1e-07,0.0006375,0.0296767,0.0260208,0.0370086,0.0533099,0.0849262,0.1311482,0.0694222,0.1126062,0.1037266,0.1204773,
504,2e-07,0.001389,0.0252468,0.0428073,0.0162746,0.0641881,0.0633779,0.1091601,0.0396366,0.1256175,0.0668182,0.0330728,
505,2e-07,0.0014474,0.019038,0.0572251,0.0472023,0.06575,0.0334701,0.0774942,0.0454606,0.1223687,0.0958602,0.0472129,
506,1e-07,0.002157,0.0133237,0.0623346,0.0452583,0.0398079,0.034966,0.031988,0.0565117,0.1816482,0.0297882,0.0639201,
507,1e-07,0.000651,0.0161057,0.0563862,0.0439419,0.0388984,0.0249226,0.0278463,0.0730478,0.0868975,0.0199715,0.0363668,
508,1e-07,0.0011537,0.0185428,0.0391811,0.0685813,0.0370349,0.0316032,0.0300308,0.0313185,0.0603975,0.0285324,0.0456946,
509,1e-07,0.0012392,0.0220449,0.0281315,0.0583339,0.018347,0.0509701,0.052507,0.0261951,0.1024188,0.0182272,0.0408902,
510,1e-07,0.0023573,0.0171402,0.0380439,0.0428588,0.0351773,0.0427531,0.0933623,0.0432595,0.0942609,0.0367887,0.0290126,
511,1e-07,0.0006574,0.0074938,0.028141,0.0248036,0.055102,0.0386522,0.083217,0.0190139,0.1079541,0.0283309,0.0178794,
512,1e-07,0.0003541,0.0085371,0.0249024,0.0379258,0.0356698,0.0254584,0.0739938,0.0350336,0.0872746,0.0233235,0.0170934,
513,1e-07,0.0012448,0.0048084,0.0466621,0.0399368,0.0644489,0.0126772,0.0550342,0.0647939,0.0782322,0.0324942,0.0356216,
514,1e-07,0.0030501,0.0121327,0.0431413,0.0490017,0.0745033,0.0394026,0.0746137,0.0625464,0.0790079,0.0157047,0.0320516,
515,1e-07,0.0058074,0.0090429,0.023592,0.0384291,0.0710313,0.039276,0.0949811,0.0501316,0.0655801,0.019966,0.027829,
516,1e-07,0.0054987,0.0293189,0.0360393,0.0498042,0.0660631,0.0339455,0.0672683,0.0585997,0.0578738,0.0532595,0.029229,
517,1e-07,0.0121351,0.0361838,0.0389121,0.0338804,0.1094498,0.0893131,0.0571279,0.046986,0.0621311,0.0669319,0.0399955,
518,1e-07,0.009935,0.02262,0.0063435,0.0484434,0.0676643,0.0966851,0.1188102,0.0444402,0.0900793,0.0444343,0.0369647,
519,1e-07,0.0104328,0.0283989,0.0320461,0.07431,0.0691597,0.1200299,0.1162507,0.0624628,0.0857792,0.1196901,0.063138,
520,1e-07,0.0107247,0.0142242,0.0349028,0.1371844,0.0875319,0.1562147,0.1516119,0.106723,0.1049891,0.1590792,0.1246749,
521,1e-07,0.010705,0.0160852,0.0191024,0.1279783,0.1156242,0.1395604,0.2059565,0.1031504,0.1395027,0.3826784,0.0793915,
522,2e-07,0.0032518,0.0384954,0.0510757,0.1072131,0.1078377,0.0962772,0.0797934,0.1383698,0.1523785,0.1414667,0.0650629,
523,2e-07,0.0058441,0.0323247,0.0630982,0.0984469,0.069167,0.0635941,0.0951688,0.071414,0.1008467,0.1158739,0.0511398,
524,2e-07,0.0058408,0.0464874,0.058374,0.0592911,0.0438169,0.0842044,0.0814656,0.0350079,0.0623859,0.0493267,0.0891454,
525,2e-07,0.006782,0.0249644,0.074256,0.0749435,0.0430713,0.0601812,0.1277357,0.0563931,0.0850997,0.0598852,0.0912756,
526,2e-07,0.0038164,0.0192581,0.0244522,0.0569499,0.0593186,0.0508019,0.1427468,0.0616855,0.0957272,0.0681547,0.0918341,
527,2e-07,0.007878,0.0202297,0.0240087,0.0485322,0.1000714,0.0845361,0.1768623,0.0487919,0.1206078,0.0837709,0.03599,
528,2e-07,0.0032733,0.0244103,0.019684,0.0616274,0.1337652,0.1203224,0.2442608,0.0439563,0.1174485,0.1399325,0.0440695,
529,2e-07,0.0064357,0.0159986,0.0382262,0.0625208,0.133138,0.1723456,0.3027751,0.0771109,0.1859539,0.1697903,0.0672533,
530,2e-07,0.0012437,0.0162191,0.0330286,0.0508925,0.0717367,0.1333216,0.1478464,0.0606266,0.1783404,0.1702536,0.0358348,
531,2e-07,0.0023353,0.0184233,0.061046,0.0347891,0.0369756,0.1198598,0.1132953,0.1101217,0.1814262,0.1588123,0.1069674,
532,2e-07,0.0048418,0.0222046,0.1112123,0.0788191,0.0647387,0.1480673,0.1081617,0.0380155,0.1056397,0.0889347,0.0718385,
533,2e-07,0.0039289,0.0297158,0.088867,0.0747027,0.0223279,0.1127611,0.0355684,0.0597638,0.069106,0.0413901,0.0503305,
534,2e-07,0.0035098,0.0367251,0.0551157,0.0575635,0.0640925,0.1109223,0.0761687,0.1017,0.1110141,0.0639955,0.072634,
535,2e-07,0.0021761,0.019761,0.0116101,0.0472467,0.0808485,0.1119879,0.1086239,0.0836542,0.1181369,0.0735731,0.0930508,
536,2e-07,0.0028143,0.0216637,0.0292818,0.0366296,0.0613454,0.0798633,0.0751483,0.0875821,0.1410073,0.0565503,0.1073908,
537,2e-07,0.0027788,0.0296303,0.0524229,0.0462414,0.0841431,0.096758,0.1230432,0.0877165,0.1602932,0.0322614,0.1066187,
538,2e-07,0.0031646,0.0273308,0.0867527,0.0643461,0.1096422,0.0817595,0.082198,0.0836562,0.2043016,0.0324123,0.1340403,
539,2e-07,0.0038491,0.0169508,0.093732,0.0690986,0.1008095,0.0548436,0.0417159,0.1119337,0.2484135,0.0563178,0.1279639,
540,2e-07,0.0023157,0.0239617,0.0584546,0.0912288,0.0808305,0.0558495,0.046387,0.0829044,0.0934951,0.0946751,0.1258897,
541,2e-07,0.0029797,0.0083213,0.0537964,0.0536118,0.0745999,0.0835125,0.1169069,0.0744033,0.1370195,0.1121775,0.1000949,
542,2e-07,0.0052602,0.0293691,0.0646347,0.0634997,0.0725701,0.0467087,0.1236103,0.0432713,0.1679219,0.1886138,0.0769774,
543,2e-07,0.0031253,0.0394231,0.0620674,0.089475,0.0751786,0.07036,0.1326149,0.0349222,0.1176016,0.1577876,0.0678858,
544,2e-07,0.0019788,0.026434,0.0889801,0.0336983,0.0683382,0.0697666,0.0901783,0.0439858,0.1526045,0.1301521,0.0560917,
545,2e-07,0.0011235,0.0286463,0.0498084,0.0511477,0.0620415,0.0265686,0.0655628,0.0405107,0.1060702,0.1072227,0.0717732,
546,2e-07,0.0012378,0.0255831,0.0200724,0.0477992,0.047962,0.0499791,0.0661349,0.0770337,0.0874459,0.0355355,0.0454025,
547,2e-07,0.0019533,0.0299118,0.0391987,0.0577548,0.0245087,0.0792456,0.0604781,0.1072639,0.1011048,0.018645,0.0876935,
548,2e-07,0.00123,0.0182481,0.0571347,0.0556006,0.027564,0.1317116,0.0470284,0.1318159,0.0585696,0.0376641,0.0692311,
549,2e-07,0.0025726,0.0091998,0.0458754,0.0470168,0.0440289,0.0993832,0.0697294,0.0663783,0.152888,0.1222265,0.0767373,
550,1e-07,0.0012284,0.0357839,0.0958223,0.0722874,0.0389907,0.0616028,0.1333321,0.0577343,0.1492205,0.1425653,0.0691712,
551,1e-07,0.0023139,0.0372626,0.0829096,0.070427,0.0295895,0.0546451,0.1307031,0.0763266,0.1007546,0.179374,0.0540168,
552,1e-07,0.001657,0.0345108,0.0474902,0.0724434,0.0554451,0.0931314,0.0830628,0.0655933,0.1664,0.1261292,0.1105404,
553,1e-07,0.0016536,0.0352263,0.025645,0.0542613,0.0335389,0.064291,0.0957034,0.1036491,0.1313027,0.0681226,0.1188375,
554,1e-07,0.0034807,0.0422959,0.0730661,0.0407725,0.0472333,0.0651331,0.1275944,0.0689617,0.120586,0.0595144,0.10691,
555,1e-07,0.002565,0.0387431,0.0926623,0.0465879,0.0686847,0.0989165,0.0775594,0.0601709,0.136426,0.1029462,0.0867978,
556,1e-07,0.0019998,0.04597,0.0602427,0.0503214,0.0793585,0.0546979,0.0871302,0.042696,0.0825675,0.0773227,0.0878908,
557,1e-07,0.0079782,0.0542604,0.0568162,0.0586299,0.1042871,0.1328709,0.0971475,0.0305376,0.1319107,0.1149474,0.0467693,
558,1e-07,0.0059317,0.0588632,0.0908318,0.0690663,0.0965451,0.0820823,0.1145417,0.0934869,0.1357831,0.1063212,0.0463804,
559,1e-07,0.0104962,0.0429982,0.0442312,0.0486265,0.0935242,0.0649562,0.1215179,0.0760369,0.0702311,0.0739266,0.0454735,
560,1e-07,0.0118913,0.0255459,0.0432979,0.0545854,0.0624639,0.1233018,0.1230692,0.0538205,0.0674031,0.0518948,0.0691551,
561,1e-07,0.0176604,0.0164637,0.05252,0.0509754,0.0837759,0.1076511,0.1089152,0.0667127,0.0860649,0.0541109,0.0656236,
562,1e-07,0.0183191,0.0260593,0.0566098,0.0854116,0.0592811,0.130334,0.1455865,0.0634544,0.081186,0.0834433,0.0526425,
563,1e-07,0.0120618,0.0629415,0.0481553,0.0561824,0.0887948,0.1246471,0.1310394,0.0598939,0.0690334,0.0832308,0.0113127,
564,1e-07,0.0143505,0.0610827,0.0508696,0.0669734,0.098146,0.2175592,0.1633722,0.0805889,0.0586419,0.0809085,0.0148568,
565,2e-07,0.0084969,0.0610519,0.0487376,0.0318841,0.0638606,0.1345925,0.1506981,0.0382438,0.0628333,0.0735896,0.0338203,
566,2e-07,0.0077143,0.0373774,0.0766833,0.0316968,0.1192303,0.0820499,0.176289,0.0568254,0.1096146,0.0661588,0.0179005,
567,1e-07,0.0036638,0.0252036,0.0416351,0.0416141,0.0931793,0.0834477,0.1928569,0.017967,0.0703024,0.0416814,0.0458458,
568,2e-07,0.0052076,0.0099017,0.0424614,0.0546296,0.0814563,0.1386722,0.169064,0.0448813,0.0886498,0.0782552,0.0693308,
569,2e-07,0.0065364,0.0047304,0.0355665,0.0480738,0.0848602,0.1024565,0.1879377,0.0482912,0.0945197,0.0647364,0.0544262,
570,2e-07,0.0032093,0.0227897,0.0215718,0.0489317,0.0573047,0.0916878,0.1980299,0.011137,0.0954764,0.0206555,0.0239853,
571,2e-07,0.0003532,0.0252458,0.0405259,0.0515427,0.0154033,0.0894588,0.1894161,0.0424028,0.1230101,0.0418344,0.0307247,
572,2e-07,0.0014838,0.0099727,0.0425545,0.0430181,0.0413844,0.0869946,0.1953642,0.0417307,0.1326409,0.0635881,0.0392691,
573,2e-07,0.0034197,0.0089091,0.0269653,0.0447793,0.0417528,0.0983238,0.2046548,0.0260562,0.1185145,0.0180657,0.0158406,
574,2e-07,0.0027159,0.0105048,0.0392296,0.0488409,0.0481137,0.0739653,0.1663579,0.0488569,0.1056922,0.0323163,0.0196225,
575,2e-07,0.0038886,0.0111788,0.0492682,0.055777,0.0451016,0.0881933,0.178591,0.0515702,0.1119216,0.061797,0.0551505,
576,2e-07,0.0028055,0.004959,0.0493831,0.1126417,0.0518218,0.0558759,0.1559205,0.0546262,0.1103278,0.0665203,0.0266722,
577,2e-07,0.0012498,0.011576,0.0971784,0.0850856,0.0413562,0.0327786,0.1412515,0.0933551,0.101842,0.0840659,0.0257957,
578,2e-07,0.0035243,0.0246447,0.1054243,0.125551,0.0383205,0.0853738,0.1594776,0.0789679,0.0637809,0.0915921,0.0268048,
579,2e-07,0.0110497,0.0296339,0.1323692,0.1193624,0.060984,0.0709441,0.1783482,0.0886361,0.0921043,0.0925243,0.0318501,
580,2e-07,0.013325,0.0256754,0.1019489,0.1241081,0.0862999,0.0999877,0.1293747,0.1895486,0.2033192,0.1181555,0.0305762,
581,2e-07,0.0107324,0.021332,0.1094388,0.0978794,0.0207577,0.0953566,0.1167604,0.1720071,0.2064064,0.0460082,0.1147157,
582,2e-07,0.0066864,0.027465,0.0784033,0.0772295,0.0392715,0.0284894,0.1074423,0.0746215,0.1374723,0.0669407,0.1478494,
583,2e-07,0.0062023,0.0547957,0.0494992,0.0653164,0.0796947,0.0373527,0.1770407,0.1407998,0.0710493,0.0730988,0.1937898,
584,2e-07,0.0038625,0.0446138,0.0811033,0.088115,0.0383387,0.039013,0.1394197,0.084736,0.1468024,0.09325,0.1403855,
585,2e-07,0.0074517,0.0169839,0.0644683,0.1102925,0.0596016,0.0604168,0.0564559,0.1027822,0.0654639,0.0886281,0.0304276,
586,2e-07,0.0055011,0.0417107,0.0775303,0.0537676,0.0823305,0.1024917,0.0268733,0.0778128,0.1272698,0.0467326,0.0154622,
587,2e-07,0.0065844,0.0211385,0.0414461,0.0415492,0.1026543,0.069254,0.0527755,0.078756,0.1842626,0.0359003,0.0258902,
588,1e-07,0.0083055,0.0384878,0.0368729,0.0307118,0.1131964,0.0446555,0.0485182,0.1054614,0.1751489,0.0817865,0.0749136,
589,2e-07,0.0039423,0.0350793,0.0669036,0.0439232,0.1224256,0.0539889,0.0515344,0.0941289,0.1739658,0.0815084,0.0925171,
590,2e-07,0.0035294,0.0175742,0.073801,0.0511187,0.1005523,0.0454547,0.0366611,0.0904767,0.1557654,0.0497603,0.0194977,
591,2e-07,0.0025945,0.0142311,0.0550278,0.0330853,0.0585478,0.0701335,0.0742971,0.0360338,0.1269988,0.0375448,0.0561973,
592,2e-07,0.0013562,0.0165307,0.0555085,0.0644556,0.0841455,0.0616842,0.1118366,0.0590455,0.1108325,0.1108901,0.0782457,
593,2e-07,0.0016492,0.0229385,0.0567978,0.087087,0.1007624,0.0837979,0.1691993,0.0495525,0.0816856,0.1029996,0.057053,
594,1e-07,0.001963,0.0177803,0.0615178,0.074449,0.0933855,0.0568422,0.1566482,0.0453773,0.1001363,0.0890325,0.0477776,
595,1e-07,0.0028514,0.023149,0.0400976,0.0611429,0.0474117,0.0164163,0.0804516,0.0510679,0.0893652,0.0473112,0.0531618,
596,1e-07,0.0021598,0.0281996,0.0678222,0.0680938,0.0357417,0.0531445,0.0500388,0.0446808,0.0618966,0.0510907,0.0672305,
597,1e-07,0.002355,0.0324304,0.0508912,0.0635124,0.0559454,0.0180694,0.0771573,0.0570638,0.0608466,0.0599845,0.0765501,
598,1e-07,0.002286,0.0149221,0.0367843,0.0386073,0.0400455,0.0445027,0.0847014,0.0668707,0.0453485,0.0762661,0.0742267,
599,1e-07,0.0014965,0.0175283,0.0328132,0.0257011,0.0400036,0.0676107,0.0617871,0.0440423,0.0417477,0.073132,0.0402619,
600,0.0,0.0033815,0.0162226,0.0715249,0.0327166,0.0196839,0.0985342,0.0836429,0.0402566,0.032938,0.0842811,0.0677788,
601,0.0,0.0059327,0.0206919,0.060644,0.0465797,0.0607225,0.0701771,0.1006848,0.0210765,0.0546713,0.0600422,0.0724996,
602,1e-07,0.0023486,0.0299606,0.0507349,0.048665,0.0814406,0.0783479,0.0476333,0.040701,0.0349614,0.0206928,0.0257822,
603,0.0,0.0029157,0.0339658,0.0467012,0.0409159,0.0773072,0.080618,0.0406733,0.0528492,0.0836344,0.0302481,0.044394,
604,0.0,0.0072627,0.0449693,0.0424197,0.0416254,0.0484528,0.0770225,0.0468846,0.070882,0.0545625,0.0316864,0.044791,
605,0.0,0.0176397,0.0319695,0.0332397,0.0740033,0.0797784,0.0849397,0.0495923,0.0557495,0.0208212,0.0488625,0.0684549,
606,0.0,0.0224428,0.0291697,0.0404133,0.0823896,0.0692186,0.103771,0.0423731,0.0576716,0.107358,0.0995813,0.0821315,
607,0.0,0.0230453,0.0237929,0.0937636,0.0470994,0.0389253,0.1061511,0.0996416,0.0839927,0.1490342,0.0904934,0.064079,
608,0.0,0.0112695,0.0289691,0.0512511,0.0234767,0.0548677,0.0912683,0.0760828,0.1046935,0.2019713,0.0419929,0.0139532,
609,1e-07,0.0063868,0.0321298,0.0703739,0.0229118,0.0441366,0.07158,0.0764496,0.0596038,0.1237459,0.0316509,0.0176397,
610,1e-07,0.016835,0.0456139,0.0561651,0.0300879,0.0794649,0.0516785,0.0940344,0.0384252,0.1055938,0.0558898,0.0662325,
611,1e-07,0.0083565,0.0508535,0.0408823,0.076824,0.0318585,0.0565651,0.1001736,0.0396917,0.0835571,0.0723443,0.1345583,
612,1e-07,0.0050053,0.0487103,0.0402153,0.0418141,0.0286023,0.0625614,0.1531604,0.0863852,0.1151497,0.0770481,0.2410669,
