#Time_ps,0,100,500,1000,3000,5000,
1,0.0005,0.0711,0.0749,0.0828,0.0940,0.0869,
2,0.0005,0.0680,0.0755,0.0810,0.0872,0.0836,
3,0.0005,0.0601,0.0701,0.0715,0.0757,0.0801,
4,0.0005,0.0564,0.0653,0.0718,0.0720,0.0762,
5,0.0005,0.0570,0.0595,0.0674,0.0675,0.0716,
6,0.0005,0.0559,0.0595,0.0616,0.0612,0.0646,
7,0.0005,0.0505,0.0548,0.0536,0.0587,0.0547,
8,0.0005,0.0494,0.0525,0.0549,0.0573,0.0561,
9,0.0005,0.0580,0.0567,0.0590,0.0637,0.0622,
10,0.0005,0.0544,0.0551,0.0542,0.0614,0.0572,
11,0.0005,0.0592,0.0616,0.0604,0.0667,0.0621,
12,0.0005,0.0620,0.0656,0.0678,0.0689,0.0677,
13,0.0005,0.0564,0.0622,0.0603,0.0666,0.0652,
14,0.0005,0.0548,0.0588,0.0563,0.0632,0.0662,
15,0.0005,0.0750,0.0772,0.0808,0.0821,0.0832,
16,0.0005,0.0596,0.0649,0.0614,0.0636,0.0653,
17,0.0005,0.0565,0.0608,0.0572,0.0636,0.0645,
18,0.0005,0.0584,0.0621,0.0585,0.0678,0.0630,
19,0.0005,0.0626,0.0627,0.0606,0.0684,0.0651,
20,0.0005,0.0623,0.0633,0.0624,0.0676,0.0686,
21,0.0005,0.0736,0.0814,0.0819,0.0842,0.0821,
22,0.0005,0.0843,0.0941,0.0909,0.0936,0.0952,
23,0.0005,0.1260,0.1305,0.1282,0.1430,0.1482,
24,0.0005,0.1326,0.1409,0.1328,0.1453,0.1540,
25,0.0005,0.0818,0.0998,0.0931,0.0968,0.1036,
26,0.0005,0.0743,0.0835,0.0801,0.0871,0.0885,
27,0.0005,0.0642,0.0660,0.0623,0.0676,0.0684,
28,0.0005,0.0504,0.0534,0.0502,0.0538,0.0572,
29,0.0005,0.0589,0.0580,0.0575,0.0649,0.0620,
30,0.0005,0.0510,0.0538,0.0559,0.0571,0.0575,
31,0.0005,0.0561,0.0573,0.0640,0.0581,0.0634,
32,0.0005,0.0616,0.0655,0.0708,0.0711,0.0692,
33,0.0005,0.0791,0.0917,0.0969,0.0967,0.1004,
34,0.0005,0.0767,0.0844,0.0904,0.0919,0.0946,
35,0.0005,0.0656,0.0694,0.0762,0.0748,0.0778,
36,0.0005,0.0617,0.0585,0.0622,0.0649,0.0659,
37,0.0005,0.0571,0.0547,0.0612,0.0611,0.0607,
38,0.0005,0.0546,0.0535,0.0575,0.0583,0.0603,
39,0.0005,0.0522,0.0546,0.0612,0.0599,0.0624,
40,0.0004,0.0560,0.0632,0.0665,0.0671,0.0727,
41,0.0005,0.0659,0.0700,0.0732,0.0742,0.0794,
42,0.0005,0.0718,0.0759,0.0743,0.0774,0.0819,
43,0.0005,0.0783,0.0882,0.0858,0.0898,0.0992,
44,0.0005,0.0922,0.1054,0.1054,0.1098,0.1203,
45,0.0005,0.1212,0.1278,0.1352,0.1315,0.1394,
46,0.0005,0.1539,0.1628,0.1653,0.1768,0.1867,
47,0.0005,0.1576,0.1723,0.1711,0.1875,0.1962,
48,0.0005,0.1237,0.1243,0.1345,0.1391,0.1521,
49,0.0005,0.1124,0.1201,0.1201,0.1274,0.1311,
50,0.0005,0.1348,0.1382,0.1415,0.1505,0.1608,
51,0.0005,0.1423,0.1493,0.1506,0.1646,0.1766,
52,0.0005,0.1396,0.1499,0.1584,0.1808,0.1919,
53,0.0005,0.1258,0.1420,0.1525,0.1621,0.1735,
54,0.0005,0.1038,0.1137,0.1230,0.1295,0.1370,
55,0.0005,0.1308,0.1526,0.1600,0.1585,0.1800,
56,0.0005,0.1282,0.1466,0.1566,0.1713,0.1813,
57,0.0005,0.1107,0.1232,0.1283,0.1424,0.1501,
58,0.0005,0.1058,0.1169,0.1199,0.1336,0.1399,
59,0.0005,0.1281,0.1415,0.1431,0.1630,0.1663,
60,0.0005,0.1254,0.1481,0.1537,0.1619,0.1671,
61,0.0005,0.1117,0.1278,0.1343,0.1381,0.1445,
62,0.0005,0.1095,0.1273,0.1351,0.1300,0.1448,
63,0.0005,0.0982,0.1098,0.1207,0.1137,0.1236,
64,0.0005,0.1068,0.1199,0.1264,0.1284,0.1304,
65,0.0005,0.0970,0.1076,0.1100,0.1115,0.1141,
66,0.0005,0.0912,0.0975,0.1029,0.1002,0.1024,
67,0.0005,0.0946,0.0944,0.1026,0.1055,0.1009,
68,0.0005,0.0757,0.0748,0.0799,0.0855,0.0821,
69,0.0005,0.0791,0.0809,0.0841,0.0910,0.0921,
70,0.0005,0.1012,0.0988,0.1005,0.1030,0.1058,
71,0.0005,0.1499,0.1500,0.1553,0.1634,0.1544,
72,0.0005,0.1747,0.1791,0.1694,0.2148,0.2063,
73,0.0005,0.1296,0.1329,0.1303,0.1533,0.1526,
74,0.0005,0.1039,0.1113,0.1046,0.1175,0.1180,
75,0.0005,0.0897,0.0980,0.0969,0.1020,0.1027,
76,0.0005,0.0942,0.1128,0.1096,0.1209,0.1155,
77,0.0005,0.0803,0.0969,0.0969,0.1028,0.0982,
78,0.0005,0.0849,0.0949,0.0977,0.1021,0.1015,
79,0.0005,0.0817,0.0932,0.0965,0.0968,0.0972,
80,0.0005,0.0800,0.0920,0.0871,0.0928,0.0950,
81,0.0005,0.0849,0.0853,0.0880,0.0961,0.0976,
82,0.0005,0.0759,0.0808,0.0875,0.0894,0.0874,
83,0.0005,0.0781,0.0877,0.0943,0.0957,0.0983,
84,0.0005,0.0774,0.0825,0.0862,0.0864,0.0935,
85,0.0005,0.0628,0.0650,0.0665,0.0704,0.0750,
86,0.0005,0.0587,0.0620,0.0642,0.0671,0.0694,
87,0.0005,0.0600,0.0666,0.0694,0.0759,0.0699,
88,0.0005,0.0662,0.0732,0.0757,0.0858,0.0784,
89,0.0005,0.0662,0.0712,0.0724,0.0778,0.0762,
90,0.0005,0.0690,0.0800,0.0810,0.0829,0.0862,
91,0.0005,0.0751,0.0906,0.0867,0.0892,0.0949,
92,0.0005,0.0969,0.1125,0.1153,0.1169,0.1198,
93,0.0005,0.1042,0.1157,0.1175,0.1281,0.1274,
94,0.0005,0.0925,0.1011,0.1027,0.1080,0.1110,
95,0.0005,0.0760,0.0838,0.0836,0.0841,0.0870,
96,0.0005,0.0952,0.1103,0.1050,0.1088,0.1151,
97,0.0005,0.0797,0.0909,0.0848,0.0912,0.0939,
98,0.0005,0.0696,0.0772,0.0785,0.0811,0.0824,
99,0.0005,0.0713,0.0795,0.0779,0.0813,0.0835,
100,0.0005,0.0725,0.0796,0.0752,0.0804,0.0844,
101,0.0005,0.0665,0.0736,0.0676,0.0745,0.0796,
102,0.0005,0.0646,0.0739,0.0722,0.0732,0.0779,
103,0.0005,0.0639,0.0732,0.0725,0.0726,0.0754,
104,0.0005,0.0650,0.0687,0.0742,0.0714,0.0739,
105,0.0005,0.0644,0.0675,0.0741,0.0705,0.0744,
106,0.0005,0.0688,0.0721,0.0750,0.0685,0.0746,
107,0.0005,0.0709,0.0747,0.0777,0.0787,0.0826,
108,0.0005,0.0628,0.0708,0.0730,0.0750,0.0788,
109,0.0005,0.0631,0.0697,0.0727,0.0744,0.0763,
110,0.0005,0.0533,0.0565,0.0586,0.0618,0.0653,
111,0.0005,0.0507,0.0560,0.0566,0.0604,0.0618,
112,0.0005,0.0463,0.0518,0.0531,0.0535,0.0564,
113,0.0005,0.0432,0.0481,0.0482,0.0512,0.0503,
114,0.0005,0.0454,0.0502,0.0506,0.0548,0.0520,
115,0.0005,0.0462,0.0544,0.0555,0.0575,0.0551,
116,0.0005,0.0486,0.0558,0.0566,0.0593,0.0617,
117,0.0005,0.0515,0.0559,0.0540,0.0607,0.0635,
118,0.0005,0.0602,0.0665,0.0653,0.0680,0.0722,
119,0.0005,0.0857,0.0934,0.0947,0.1038,0.1004,
120,0.0005,0.0707,0.0780,0.0738,0.0847,0.0809,
121,0.0005,0.0657,0.0732,0.0721,0.0782,0.0791,
122,0.0005,0.0596,0.0686,0.0659,0.0747,0.0752,
123,0.0005,0.0597,0.0675,0.0691,0.0778,0.0755,
124,0.0005,0.0533,0.0590,0.0607,0.0663,0.0612,
125,0.0005,0.0451,0.0495,0.0504,0.0539,0.0507,
126,0.0005,0.0470,0.0528,0.0517,0.0540,0.0542,
127,0.0005,0.0494,0.0543,0.0572,0.0611,0.0587,
128,0.0005,0.0514,0.0584,0.0600,0.0631,0.0623,
129,0.0005,0.0537,0.0638,0.0618,0.0624,0.0637,
130,0.0005,0.0557,0.0644,0.0650,0.0629,0.0645,
131,0.0005,0.0589,0.0662,0.0671,0.0671,0.0673,
132,0.0005,0.0650,0.0719,0.0726,0.0730,0.0794,
133,0.0005,0.0680,0.0724,0.0706,0.0788,0.0848,
134,0.0005,0.0624,0.0699,0.0666,0.0665,0.0762,
135,0.0005,0.0587,0.0706,0.0697,0.0669,0.0748,
136,0.0005,0.0550,0.0656,0.0607,0.0664,0.0662,
137,0.0005,0.0645,0.0693,0.0677,0.0762,0.0722,
138,0.0005,0.0642,0.0698,0.0713,0.0750,0.0747,
139,0.0005,0.0565,0.0643,0.0655,0.0708,0.0719,
140,0.0005,0.0563,0.0623,0.0622,0.0657,0.0715,
141,0.0005,0.0639,0.0743,0.0718,0.0778,0.0804,
142,0.0005,0.0890,0.0959,0.0937,0.0972,0.1057,
143,0.0005,0.0957,0.0935,0.0945,0.0970,0.1088,
144,0.0005,0.0542,0.0638,0.0545,0.0623,0.0653,
145,0.0005,0.0524,0.0595,0.0578,0.0633,0.0658,
146,0.0005,0.0501,0.0507,0.0515,0.0559,0.0594,
147,0.0005,0.0454,0.0493,0.0494,0.0493,0.0527,
148,0.0005,0.0454,0.0473,0.0499,0.0490,0.0503,
149,0.0005,0.0512,0.0508,0.0534,0.0536,0.0545,
150,0.0005,0.0508,0.0556,0.0502,0.0555,0.0543,
151,0.0005,0.0558,0.0578,0.0563,0.0608,0.0604,
152,0.0005,0.0606,0.0677,0.0665,0.0673,0.0715,
153,0.0005,0.0901,0.1023,0.1050,0.0999,0.1159,
154,0.0005,0.0985,0.1186,0.1203,0.1158,0.1344,
155,0.0005,0.1001,0.1147,0.1224,0.1200,0.1310,
156,0.0005,0.0724,0.0819,0.0822,0.0865,0.0923,
157,0.0005,0.0579,0.0650,0.0658,0.0680,0.0721,
158,0.0005,0.0549,0.0614,0.0629,0.0644,0.0638,
159,0.0005,0.0505,0.0573,0.0563,0.0563,0.0573,
160,0.0005,0.0528,0.0615,0.0566,0.0592,0.0631,
161,0.0005,0.0470,0.0510,0.0511,0.0493,0.0524,
162,0.0005,0.0463,0.0495,0.0455,0.0483,0.0502,
163,0.0005,0.0461,0.0522,0.0461,0.0511,0.0537,
164,0.0005,0.0546,0.0591,0.0531,0.0589,0.0622,
165,0.0005,0.0631,0.0704,0.0638,0.0719,0.0776,
166,0.0005,0.0674,0.0730,0.0699,0.0750,0.0818,
167,0.0005,0.0814,0.0883,0.0841,0.0851,0.0947,
168,0.0005,0.1190,0.1276,0.1264,0.1277,0.1360,
169,0.0005,0.1122,0.1234,0.1225,0.1265,0.1253,
170,0.0005,0.0957,0.1037,0.1028,0.1078,0.1103,
171,0.0005,0.0672,0.0756,0.0722,0.0736,0.0810,
172,0.0005,0.0523,0.0605,0.0569,0.0587,0.0670,
173,0.0005,0.0541,0.0591,0.0548,0.0562,0.0632,
174,0.0005,0.0561,0.0606,0.0554,0.0569,0.0641,
175,0.0005,0.0494,0.0527,0.0488,0.0529,0.0589,
176,0.0005,0.0553,0.0538,0.0559,0.0609,0.0628,
177,0.0005,0.0663,0.0630,0.0665,0.0678,0.0740,
178,0.0005,0.0802,0.0795,0.0865,0.0835,0.0921,
179,0.0005,0.0725,0.0735,0.0798,0.0779,0.0861,
180,0.0005,0.0620,0.0645,0.0675,0.0730,0.0729,
181,0.0005,0.0587,0.0608,0.0615,0.0659,0.0696,
182,0.0005,0.0600,0.0634,0.0608,0.0615,0.0665,
183,0.0005,0.0738,0.0753,0.0716,0.0802,0.0820,
184,0.0005,0.0843,0.0898,0.0886,0.0977,0.0934,
185,0.0005,0.0805,0.0858,0.0846,0.0925,0.0938,
186,0.0005,0.0853,0.0955,0.0971,0.1017,0.1030,
187,0.0005,0.0791,0.0868,0.0826,0.0896,0.0921,
188,0.0005,0.1015,0.0979,0.1007,0.1086,0.1103,
189,0.0005,0.1351,0.1222,0.1263,0.1345,0.1346,
190,0.0005,0.1460,0.1365,0.1394,0.1446,0.1435,
191,0.0005,0.1872,0.1594,0.1646,0.1580,0.1618,
192,0.0005,0.1324,0.1246,0.1335,0.1293,0.1330,
193,0.0005,0.1458,0.1516,0.1655,0.1597,0.1702,
194,0.0005,0.1237,0.1342,0.1439,0.1434,0.1531,
195,0.0005,0.1180,0.1305,0.1350,0.1473,0.1435,
196,0.0005,0.1111,0.1194,0.1234,0.1390,0.1407,
197,0.0005,0.0799,0.0899,0.0955,0.1044,0.1064,
198,0.0005,0.0720,0.0800,0.0852,0.0885,0.0927,
199,0.0005,0.0620,0.0661,0.0766,0.0772,0.0821,
200,0.0005,0.0578,0.0635,0.0705,0.0718,0.0781,
201,0.0005,0.0538,0.0586,0.0676,0.0705,0.0717,
202,0.0005,0.0553,0.0616,0.0675,0.0717,0.0726,
203,0.0005,0.0468,0.0530,0.0567,0.0599,0.0587,
204,0.0005,0.0479,0.0506,0.0539,0.0573,0.0583,
205,0.0005,0.0517,0.0533,0.0599,0.0611,0.0614,
206,0.0005,0.0530,0.0579,0.0633,0.0621,0.0632,
207,0.0005,0.0534,0.0558,0.0625,0.0636,0.0636,
208,0.0005,0.0559,0.0577,0.0633,0.0637,0.0681,
209,0.0005,0.0599,0.0627,0.0698,0.0719,0.0735,
210,0.0005,0.0634,0.0674,0.0723,0.0764,0.0785,
211,0.0005,0.0684,0.0711,0.0787,0.0855,0.0849,
212,0.0005,0.0766,0.0789,0.0900,0.0995,0.0941,
213,0.0005,0.0810,0.0919,0.0999,0.1110,0.1096,
214,0.0005,0.0918,0.1034,0.1121,0.1214,0.1265,
215,0.0005,0.1206,0.1391,0.1561,0.1645,0.1664,
216,0.0005,0.1014,0.1097,0.1244,0.1330,0.1356,
217,0.0005,0.0989,0.1040,0.1232,0.1285,0.1305,
218,0.0005,0.0965,0.1099,0.1239,0.1298,0.1306,
219,0.0005,0.0865,0.0990,0.1074,0.1095,0.1161,
220,0.0005,0.0875,0.0939,0.0987,0.1095,0.1113,
221,0.0005,0.1044,0.1102,0.1156,0.1340,0.1367,
222,0.0005,0.1355,0.1516,0.1677,0.1942,0.2015,
223,0.0005,0.1279,0.1382,0.1617,0.1616,0.1748,
224,0.0005,0.1291,0.1426,0.1643,0.1834,0.1929,
225,0.0005,0.1122,0.1196,0.1382,0.1570,0.1641,
226,0.0005,0.1131,0.1169,0.1353,0.1473,0.1595,
227,0.0005,0.1122,0.1119,0.1279,0.1438,0.1526,
228,0.0005,0.1226,0.1269,0.1475,0.1593,0.1684,
229,0.0005,0.1131,0.1254,0.1362,0.1523,0.1549,
230,0.0005,0.0964,0.1070,0.1138,0.1251,0.1324,
231,0.0005,0.1048,0.1190,0.1279,0.1398,0.1475,
232,0.0005,0.1209,0.1423,0.1514,0.1646,0.1735,
233,0.0005,0.1109,0.1309,0.1346,0.1408,0.1488,
234,0.0005,0.0982,0.1131,0.1146,0.1200,0.1312,
235,0.0005,0.1170,0.1312,0.1430,0.1466,0.1549,
236,0.0005,0.1077,0.1282,0.1371,0.1443,0.1502,
237,0.0005,0.0905,0.1040,0.1162,0.1213,0.1229,
238,0.0005,0.0845,0.0953,0.1067,0.1067,0.1154,
239,0.0005,0.0734,0.0797,0.0852,0.0922,0.0920,
240,0.0005,0.0771,0.0830,0.0905,0.0997,0.1022,
241,0.0005,0.0910,0.0935,0.1046,0.1193,0.1196,
242,0.0005,0.0906,0.0958,0.1100,0.1227,0.1242,
243,0.0005,0.1117,0.1169,0.1335,0.1526,0.1533,
244,0.0005,0.1207,0.1316,0.1412,0.1604,0.1650,
245,0.0005,0.1192,0.1368,0.1444,0.1632,0.1708,
246,0.0005,0.1021,0.1143,0.1277,0.1407,0.1506,
247,0.0005,0.1012,0.1064,0.1175,0.1342,0.1382,
248,0.0005,0.1051,0.1134,0.1225,0.1353,0.1363,
249,0.0005,0.0905,0.0951,0.1085,0.1151,0.1121,
250,0.0005,0.0829,0.0842,0.0983,0.0983,0.0968,
251,0.0005,0.1056,0.1070,0.1224,0.1241,0.1292,
252,0.0005,0.1074,0.1083,0.1250,0.1244,0.1260,
253,0.0005,0.0852,0.0856,0.0973,0.1007,0.1000,
254,0.0005,0.0885,0.0939,0.1053,0.1092,0.1113,
255,0.0005,0.1147,0.1165,0.1325,0.1355,0.1366,
256,0.0005,0.1127,0.1132,0.1273,0.1313,0.1352,
257,0.0005,0.1003,0.1036,0.1137,0.1203,0.1178,
258,0.0005,0.1103,0.1143,0.1255,0.1353,0.1310,
259,0.0005,0.0943,0.0978,0.1072,0.1155,0.1121,
260,0.0005,0.0922,0.0985,0.1112,0.1147,0.1133,
261,0.0005,0.0901,0.0894,0.1015,0.1053,0.1081,
262,0.0005,0.0931,0.0914,0.1098,0.1109,0.1147,
263,0.0005,0.0869,0.0882,0.1072,0.1085,0.1129,
264,0.0005,0.0740,0.0721,0.0852,0.0916,0.0918,
265,0.0005,0.0764,0.0741,0.0868,0.0949,0.0933,
266,0.0005,0.0834,0.0840,0.0950,0.1042,0.1066,
267,0.0005,0.0752,0.0796,0.0898,0.0962,0.0996,
268,0.0005,0.0691,0.0717,0.0784,0.0846,0.0861,
269,0.0005,0.0837,0.0859,0.0990,0.1017,0.1059,
270,0.0005,0.0927,0.1005,0.1156,0.1155,0.1238,
271,0.0005,0.0853,0.0956,0.1068,0.1095,0.1214,
272,0.0005,0.0957,0.1029,0.1119,0.1191,0.1292,
273,0.0005,0.1162,0.1321,0.1375,0.1561,0.1629,
274,0.0005,0.1318,0.1534,0.1615,0.1809,0.1895,
275,0.0005,0.1350,0.1483,0.1585,0.1712,0.1780,
276,0.0005,0.1251,0.1504,0.1502,0.1623,0.1669,
277,0.0005,0.1727,0.2048,0.1999,0.2152,0.2301,
278,0.0005,0.1652,0.2061,0.1989,0.2149,0.2259,
279,0.0005,0.1200,0.1359,0.1405,0.1440,0.1569,
280,0.0005,0.0887,0.1027,0.1050,0.1089,0.1215,
281,0.0005,0.0764,0.0897,0.0896,0.0983,0.1025,
282,0.0005,0.0857,0.1000,0.0981,0.1080,0.1151,
283,0.0005,0.1107,0.1310,0.1257,0.1342,0.1517,
284,0.0005,0.0854,0.1013,0.0993,0.1065,0.1183,
285,0.0005,0.0777,0.0969,0.0950,0.1039,0.1129,
286,0.0005,0.0689,0.0834,0.0797,0.0889,0.1006,
287,0.0005,0.0619,0.0716,0.0746,0.0748,0.0868,
288,0.0005,0.0594,0.0700,0.0738,0.0712,0.0862,
289,0.0005,0.0526,0.0570,0.0622,0.0634,0.0672,
290,0.0005,0.0505,0.0537,0.0599,0.0612,0.0639,
291,0.0005,0.0526,0.0545,0.0581,0.0649,0.0625,
292,0.0005,0.0556,0.0574,0.0615,0.0719,0.0657,
293,0.0005,0.0623,0.0679,0.0756,0.0875,0.0824,
294,0.0005,0.0681,0.0770,0.0795,0.0976,0.0946,
295,0.0005,0.0585,0.0616,0.0682,0.0828,0.0788,
296,0.0005,0.0567,0.0610,0.0645,0.0743,0.0727,
297,0.0005,0.0620,0.0708,0.0747,0.0873,0.0883,
298,0.0005,0.0574,0.0703,0.0800,0.0835,0.0912,
299,0.0005,0.0587,0.0737,0.0799,0.0803,0.0846,
300,0.0005,0.0703,0.0814,0.0854,0.0896,0.0886,
301,0.0005,0.0770,0.0867,0.0962,0.0953,0.1048,
302,0.0005,0.0882,0.1027,0.1041,0.1073,0.1197,
303,0.0005,0.0767,0.0828,0.0875,0.1000,0.1100,
304,0.0005,0.0722,0.0785,0.0879,0.1065,0.1095,
305,0.0005,0.0791,0.0836,0.0974,0.1149,0.1096,
306,0.0005,0.1025,0.1168,0.1314,0.1466,0.1482,
307,0.0005,0.0706,0.0777,0.0798,0.0917,0.1009,
308,0.0005,0.0716,0.0723,0.0799,0.0867,0.0897,
309,0.0005,0.0616,0.0659,0.0705,0.0738,0.0747,
310,0.0005,0.0541,0.0612,0.0681,0.0703,0.0763,
311,0.0005,0.0535,0.0614,0.0718,0.0755,0.0746,
312,0.0005,0.0552,0.0593,0.0634,0.0665,0.0628,
313,0.0005,0.0507,0.0520,0.0528,0.0548,0.0558,
314,0.0005,0.0520,0.0522,0.0507,0.0564,0.0556,
315,0.0005,0.0539,0.0567,0.0550,0.0601,0.0614,
316,0.0005,0.0509,0.0547,0.0529,0.0573,0.0578,
317,0.0005,0.0553,0.0557,0.0587,0.0613,0.0625,
318,0.0005,0.0610,0.0627,0.0628,0.0618,0.0715,
319,0.0005,0.0554,0.0571,0.0571,0.0580,0.0620,
320,0.0005,0.0549,0.0578,0.0607,0.0606,0.0661,
321,0.0005,0.0719,0.0741,0.0805,0.0837,0.0887,
322,0.0005,0.0571,0.0623,0.0622,0.0648,0.0677,
323,0.0005,0.0564,0.0588,0.0600,0.0651,0.0645,
324,0.0005,0.0569,0.0600,0.0618,0.0652,0.0656,
325,0.0005,0.0605,0.0664,0.0677,0.0722,0.0707,
326,0.0005,0.0602,0.0663,0.0666,0.0707,0.0742,
327,0.0005,0.0759,0.0807,0.0825,0.0860,0.0928,
328,0.0005,0.0869,0.0936,0.0900,0.0986,0.1067,
329,0.0005,0.1302,0.1413,0.1411,0.1465,0.1526,
330,0.0005,0.1380,0.1489,0.1491,0.1594,0.1593,
331,0.0005,0.0887,0.1021,0.1019,0.1113,0.1160,
332,0.0005,0.0754,0.0854,0.0844,0.0891,0.0939,
333,0.0005,0.0621,0.0666,0.0664,0.0720,0.0746,
334,0.0005,0.0498,0.0508,0.0555,0.0563,0.0618,
335,0.0005,0.0569,0.0598,0.0627,0.0631,0.0663,
336,0.0005,0.0529,0.0541,0.0580,0.0579,0.0606,
337,0.0005,0.0556,0.0591,0.0637,0.0616,0.0661,
338,0.0005,0.0596,0.0693,0.0702,0.0687,0.0722,
339,0.0005,0.0754,0.0957,0.0995,0.0958,0.0997,
340,0.0005,0.0762,0.0884,0.0866,0.0926,0.0934,
341,0.0005,0.0674,0.0735,0.0741,0.0793,0.0807,
342,0.0005,0.0545,0.0618,0.0625,0.0641,0.0680,
343,0.0005,0.0560,0.0580,0.0567,0.0593,0.0593,
344,0.0005,0.0536,0.0571,0.0567,0.0570,0.0573,
345,0.0005,0.0529,0.0577,0.0560,0.0585,0.0620,
346,0.0005,0.0577,0.0643,0.0672,0.0709,0.0723,
347,0.0005,0.0633,0.0727,0.0785,0.0805,0.0819,
348,0.0005,0.0661,0.0762,0.0764,0.0820,0.0849,
349,0.0005,0.0767,0.0869,0.0907,0.0914,0.0999,
350,0.0005,0.0875,0.1022,0.1068,0.1110,0.1169,
351,0.0005,0.1121,0.1302,0.1381,0.1493,0.1539,
352,0.0005,0.1402,0.1697,0.1748,0.1906,0.2005,
353,0.0005,0.1432,0.1721,0.1744,0.1901,0.2034,
354,0.0005,0.1139,0.1322,0.1334,0.1489,0.1477,
355,0.0005,0.1094,0.1290,0.1326,0.1546,0.1502,
356,0.0005,0.1199,0.1431,0.1539,0.1731,0.1813,
357,0.0005,0.1283,0.1450,0.1604,0.1749,0.1777,
358,0.0005,0.1247,0.1525,0.1699,0.1865,0.2038,
359,0.0005,0.1197,0.1452,0.1487,0.1645,0.1821,
360,0.0005,0.1026,0.1190,0.1251,0.1343,0.1402,
361,0.0005,0.1188,0.1469,0.1476,0.1619,0.1726,
362,0.0005,0.1250,0.1417,0.1441,0.1530,0.1684,
363,0.0005,0.1084,0.1205,0.1211,0.1352,0.1474,
364,0.0005,0.1016,0.1193,0.1203,0.1283,0.1391,
365,0.0005,0.1202,0.1370,0.1461,0.1511,0.1621,
366,0.0005,0.1272,0.1421,0.1590,0.1622,0.1777,
367,0.0005,0.1104,0.1244,0.1413,0.1410,0.1543,
368,0.0005,0.1145,0.1256,0.1358,0.1502,0.1552,
369,0.0005,0.1005,0.1134,0.1182,0.1271,0.1381,
370,0.0005,0.1081,0.1170,0.1260,0.1357,0.1517,
371,0.0005,0.0970,0.1075,0.1127,0.1181,0.1318,
372,0.0005,0.0873,0.0964,0.0902,0.0976,0.1084,
373,0.0005,0.0915,0.0984,0.0969,0.1006,0.1103,
374,0.0005,0.0735,0.0805,0.0805,0.0862,0.0875,
375,0.0005,0.0780,0.0833,0.0899,0.0938,0.0937,
376,0.0005,0.0886,0.0990,0.1073,0.1101,0.1112,
377,0.0005,0.1267,0.1391,0.1580,0.1688,0.1630,
378,0.0005,0.1507,0.1743,0.1896,0.2165,0.2112,
379,0.0005,0.1170,0.1398,0.1458,0.1568,0.1522,
380,0.0005,0.0973,0.1130,0.1194,0.1295,0.1229,
381,0.0005,0.0874,0.1002,0.1032,0.1089,0.1073,
382,0.0005,0.0925,0.1133,0.1091,0.1199,0.1227,
383,0.0005,0.0795,0.0973,0.0924,0.1003,0.1017,
384,0.0005,0.0847,0.0994,0.0993,0.1060,0.1093,
385,0.0005,0.0826,0.0930,0.0969,0.1011,0.1108,
386,0.0005,0.0778,0.0895,0.0871,0.0909,0.0950,
387,0.0005,0.0805,0.0931,0.0845,0.0921,0.0965,
388,0.0005,0.0780,0.0876,0.0835,0.0863,0.0898,
389,0.0005,0.0815,0.0937,0.0960,0.1000,0.1026,
390,0.0005,0.0760,0.0846,0.0901,0.0907,0.0984,
391,0.0005,0.0644,0.0697,0.0719,0.0748,0.0752,
392,0.0005,0.0613,0.0638,0.0628,0.0679,0.0683,
393,0.0005,0.0625,0.0699,0.0664,0.0692,0.0705,
394,0.0005,0.0614,0.0710,0.0682,0.0713,0.0745,
395,0.0005,0.0634,0.0726,0.0722,0.0751,0.0770,
396,0.0005,0.0694,0.0841,0.0801,0.0869,0.0910,
397,0.0005,0.0737,0.0893,0.0857,0.0976,0.0973,
398,0.0005,0.0963,0.1114,0.1121,0.1235,0.1260,
399,0.0005,0.1039,0.1247,0.1293,0.1299,0.1344,
400,0.0005,0.0923,0.1096,0.1081,0.1075,0.1097,
401,0.0005,0.0751,0.0887,0.0887,0.0874,0.0904,
402,0.0005,0.1061,0.1113,0.1129,0.1043,0.1140,
403,0.0005,0.0841,0.0882,0.0917,0.0876,0.0997,
404,0.0005,0.0755,0.0798,0.0779,0.0800,0.0852,
405,0.0005,0.0717,0.0790,0.0790,0.0789,0.0838,
406,0.0005,0.0691,0.0739,0.0764,0.0791,0.0817,
407,0.0005,0.0628,0.0681,0.0745,0.0748,0.0761,
408,0.0005,0.0669,0.0666,0.0762,0.0790,0.0776,
409,0.0005,0.0652,0.0626,0.0740,0.0749,0.0746,
410,0.0005,0.0649,0.0660,0.0761,0.0746,0.0759,
411,0.0005,0.0645,0.0680,0.0699,0.0736,0.0760,
412,0.0005,0.0714,0.0736,0.0739,0.0772,0.0783,
413,0.0005,0.0776,0.0751,0.0807,0.0835,0.0863,
414,0.0005,0.0683,0.0679,0.0704,0.0748,0.0807,
415,0.0005,0.0650,0.0664,0.0745,0.0726,0.0763,
416,0.0005,0.0514,0.0539,0.0611,0.0608,0.0585,
417,0.0005,0.0516,0.0564,0.0567,0.0603,0.0592,
418,0.0005,0.0477,0.0510,0.0499,0.0555,0.0533,
419,0.0005,0.0445,0.0424,0.0482,0.0504,0.0473,
420,0.0005,0.0448,0.0479,0.0520,0.0514,0.0477,
421,0.0005,0.0507,0.0514,0.0529,0.0544,0.0533,
422,0.0005,0.0535,0.0516,0.0553,0.0554,0.0569,
423,0.0005,0.0525,0.0527,0.0513,0.0551,0.0577,
424,0.0005,0.0579,0.0589,0.0587,0.0672,0.0679,
425,0.0005,0.0834,0.0781,0.0810,0.0953,0.0989,
426,0.0005,0.0739,0.0750,0.0754,0.0850,0.0809,
427,0.0005,0.0661,0.0670,0.0687,0.0755,0.0780,
428,0.0005,0.0614,0.0662,0.0646,0.0697,0.0784,
429,0.0005,0.0549,0.0626,0.0630,0.0680,0.0762,
430,0.0005,0.0534,0.0539,0.0603,0.0575,0.0607,
431,0.0005,0.0446,0.0483,0.0499,0.0514,0.0491,
432,0.0005,0.0478,0.0520,0.0521,0.0539,0.0520,
433,0.0005,0.0518,0.0511,0.0544,0.0572,0.0546,
434,0.0005,0.0504,0.0563,0.0558,0.0621,0.0628,
435,0.0005,0.0552,0.0627,0.0642,0.0705,0.0644,
436,0.0005,0.0552,0.0585,0.0677,0.0698,0.0654,
437,0.0005,0.0556,0.0615,0.0677,0.0684,0.0676,
438,0.0005,0.0639,0.0681,0.0738,0.0744,0.0760,
439,0.0005,0.0708,0.0676,0.0790,0.0823,0.0799,
440,0.0005,0.0644,0.0600,0.0702,0.0764,0.0743,
441,0.0005,0.0604,0.0587,0.0652,0.0739,0.0710,
442,0.0005,0.0583,0.0608,0.0661,0.0707,0.0709,
443,0.0005,0.0648,0.0720,0.0754,0.0834,0.0817,
444,0.0005,0.0646,0.0711,0.0771,0.0783,0.0784,
445,0.0005,0.0558,0.0612,0.0661,0.0694,0.0662,
446,0.0005,0.0561,0.0565,0.0628,0.0685,0.0675,
447,0.0005,0.0662,0.0687,0.0736,0.0805,0.0805,
448,0.0005,0.0878,0.0910,0.0926,0.1029,0.0966,
449,0.0005,0.0851,0.0856,0.0916,0.0994,0.0922,
450,0.0005,0.0564,0.0635,0.0619,0.0640,0.0697,
451,0.0005,0.0531,0.0594,0.0591,0.0588,0.0680,
452,0.0005,0.0464,0.0529,0.0527,0.0557,0.0605,
453,0.0005,0.0457,0.0525,0.0481,0.0510,0.0553,
454,0.0005,0.0443,0.0478,0.0444,0.0495,0.0499,
455,0.0005,0.0516,0.0516,0.0485,0.0531,0.0525,
456,0.0005,0.0519,0.0476,0.0533,0.0543,0.0531,
457,0.0005,0.0559,0.0577,0.0584,0.0602,0.0641,
458,0.0005,0.0621,0.0669,0.0679,0.0713,0.0748,
459,0.0005,0.0826,0.0928,0.0942,0.1034,0.1066,
460,0.0005,0.0842,0.0983,0.0950,0.1057,0.1082,
461,0.0005,0.0864,0.1019,0.1018,0.1128,0.1087,
462,0.0005,0.0713,0.0771,0.0770,0.0802,0.0846,
463,0.0005,0.0594,0.0618,0.0677,0.0660,0.0682,
464,0.0005,0.0576,0.0571,0.0623,0.0635,0.0652,
465,0.0005,0.0517,0.0519,0.0575,0.0601,0.0601,
466,0.0005,0.0541,0.0530,0.0581,0.0624,0.0639,
467,0.0005,0.0472,0.0473,0.0515,0.0521,0.0531,
468,0.0005,0.0425,0.0485,0.0481,0.0492,0.0525,
469,0.0005,0.0448,0.0511,0.0505,0.0521,0.0544,
470,0.0005,0.0465,0.0526,0.0561,0.0563,0.0583,
471,0.0005,0.0556,0.0648,0.0681,0.0717,0.0746,
472,0.0005,0.0649,0.0700,0.0741,0.0759,0.0816,
473,0.0005,0.0784,0.0834,0.0875,0.0918,0.0904,
474,0.0005,0.1134,0.1197,0.1222,0.1276,0.1246,
475,0.0005,0.1112,0.1148,0.1217,0.1277,0.1246,
476,0.0005,0.0981,0.0975,0.1079,0.1184,0.1122,
477,0.0005,0.0674,0.0706,0.0763,0.0814,0.0818,
478,0.0005,0.0535,0.0563,0.0596,0.0619,0.0645,
479,0.0005,0.0533,0.0530,0.0591,0.0644,0.0629,
480,0.0005,0.0566,0.0601,0.0620,0.0604,0.0620,
481,0.0005,0.0489,0.0505,0.0525,0.0559,0.0556,
482,0.0005,0.0537,0.0547,0.0562,0.0633,0.0628,
483,0.0005,0.0606,0.0646,0.0655,0.0723,0.0735,
484,0.0005,0.0782,0.0786,0.0896,0.0874,0.0899,
485,0.0005,0.0690,0.0710,0.0776,0.0797,0.0832,
486,0.0005,0.0673,0.0643,0.0694,0.0764,0.0735,
487,0.0005,0.0595,0.0627,0.0672,0.0696,0.0680,
488,0.0005,0.0597,0.0626,0.0628,0.0710,0.0663,
489,0.0005,0.0736,0.0757,0.0809,0.0875,0.0852,
490,0.0005,0.0854,0.0858,0.0873,0.0985,0.0945,
491,0.0005,0.0764,0.0825,0.0824,0.0881,0.0876,
492,0.0005,0.0771,0.0879,0.0873,0.0939,0.0922,
493,0.0005,0.0734,0.0864,0.0847,0.0909,0.0942,
494,0.0005,0.0880,0.1101,0.1063,0.1137,0.1172,
495,0.0005,0.1109,0.1337,0.1322,0.1432,0.1529,
496,0.0005,0.1164,0.1420,0.1454,0.1473,0.1631,
497,0.0005,0.1375,0.1503,0.1548,0.1617,0.1716,
498,0.0005,0.1007,0.1100,0.1112,0.1116,0.1209,
499,0.0005,0.1128,0.1152,0.1208,0.1223,0.1307,
500,0.0005,0.1105,0.1122,0.1231,0.1318,0.1267,
501,0.0005,0.1110,0.1214,0.1245,0.1377,0.1399,
502,0.0005,0.1035,0.1223,0.1251,0.1296,0.1495,
503,0.0005,0.0812,0.0885,0.0949,0.1029,0.1121,
504,0.0005,0.0693,0.0784,0.0821,0.0926,0.0991,
505,0.0005,0.0620,0.0695,0.0762,0.0782,0.0826,
506,0.0005,0.0582,0.0674,0.0699,0.0723,0.0755,
507,0.0005,0.0552,0.0612,0.0603,0.0695,0.0713,
508,0.0005,0.0573,0.0610,0.0618,0.0703,0.0754,
509,0.0005,0.0495,0.0537,0.0529,0.0592,0.0602,
510,0.0005,0.0460,0.0527,0.0532,0.0581,0.0564,
511,0.0005,0.0520,0.0561,0.0532,0.0612,0.0620,
512,0.0005,0.0543,0.0599,0.0596,0.0643,0.0675,
513,0.0005,0.0523,0.0619,0.0608,0.0680,0.0686,
514,0.0005,0.0546,0.0676,0.0619,0.0702,0.0728,
515,0.0005,0.0611,0.0712,0.0690,0.0751,0.0790,
516,0.0005,0.0631,0.0718,0.0742,0.0773,0.0838,
517,0.0005,0.0661,0.0769,0.0783,0.0829,0.0931,
518,0.0005,0.0731,0.0852,0.0884,0.0917,0.1019,
519,0.0005,0.0812,0.0973,0.0975,0.1032,0.1168,
520,0.0005,0.0932,0.1078,0.1054,0.1204,0.1337,
521,0.0005,0.1242,0.1391,0.1438,0.1628,0.1683,
522,0.0005,0.1048,0.1201,0.1231,0.1312,0.1416,
523,0.0005,0.1018,0.1151,0.1205,0.1224,0.1350,
524,0.0005,0.1028,0.1171,0.1213,0.1245,0.1308,
525,0.0005,0.0944,0.1017,0.1060,0.1114,0.1127,
526,0.0005,0.0923,0.0978,0.1039,0.1059,0.1068,
527,0.0005,0.1070,0.1174,0.1161,0.1250,0.1262,
528,0.0005,0.1392,0.1696,0.1569,0.1871,0.1975,
529,0.0005,0.1351,0.1492,0.1505,0.1609,0.1809,
530,0.0005,0.1359,0.1576,0.1688,0.1711,0.2096,
531,0.0005,0.1169,0.1244,0.1359,0.1413,0.1580,
532,0.0005,0.1109,0.1214,0.1309,0.1387,0.1522,
533,0.0005,0.1097,0.1137,0.1263,0.1335,0.1497,
534,0.0005,0.1217,0.1228,0.1492,0.1535,0.1675,
535,0.0005,0.1150,0.1190,0.1373,0.1438,0.1539,
536,0.0005,0.0959,0.1011,0.1144,0.1195,0.1284,
537,0.0005,0.1041,0.1109,0.1262,0.1312,0.1428,
538,0.0005,0.1225,0.1322,0.1502,0.1511,0.1720,
539,0.0005,0.1135,0.1241,0.1337,0.1441,0.1560,
540,0.0005,0.0973,0.1059,0.1140,0.1205,0.1292,
541,0.0005,0.1201,0.1412,0.1362,0.1445,0.1586,
542,0.0005,0.1211,0.1363,0.1340,0.1459,0.1581,
543,0.0005,0.0977,0.1085,0.1129,0.1197,0.1305,
544,0.0005,0.0834,0.0935,0.1053,0.1111,0.1179,
545,0.0005,0.0686,0.0781,0.0850,0.0887,0.0951,
546,0.0005,0.0717,0.0814,0.0876,0.0942,0.1062,
547,0.0005,0.0893,0.0926,0.1059,0.1116,0.1218,
548,0.0005,0.0902,0.0896,0.1085,0.1083,0.1211,
549,0.0005,0.1110,0.1156,0.1327,0.1352,0.1495,
550,0.0005,0.1200,0.1337,0.1470,0.1498,0.1623,
551,0.0005,0.1233,0.1356,0.1467,0.1494,0.1736,
552,0.0005,0.1064,0.1117,0.1243,0.1258,0.1487,
553,0.0005,0.1037,0.1150,0.1180,0.1279,0.1426,
554,0.0005,0.1151,0.1210,0.1303,0.1312,0.1499,
555,0.0005,0.1002,0.0993,0.1143,0.1197,0.1272,
556,0.0005,0.0891,0.0927,0.0942,0.1028,0.1082,
557,0.0005,0.1141,0.1178,0.1204,0.1362,0.1420,
558,0.0005,0.1133,0.1229,0.1164,0.1355,0.1430,
559,0.0005,0.0894,0.0939,0.0930,0.1037,0.1142,
560,0.0005,0.0982,0.1011,0.1055,0.1127,0.1221,
561,0.0005,0.1166,0.1296,0.1302,0.1385,0.1577,
562,0.0005,0.1165,0.1309,0.1277,0.1355,0.1509,
563,0.0005,0.1025,0.1160,0.1112,0.1223,0.1340,
564,0.0005,0.1132,0.1280,0.1221,0.1315,0.1472,
565,0.0005,0.0982,0.1111,0.1029,0.1169,0.1226,
566,0.0005,0.0962,0.1064,0.1041,0.1187,0.1172,
567,0.0005,0.0875,0.0905,0.0927,0.1025,0.1043,
568,0.0005,0.0896,0.0955,0.0999,0.1089,0.1119,
569,0.0005,0.0887,0.0939,0.0937,0.1061,0.1088,
570,0.0005,0.0760,0.0785,0.0791,0.0894,0.0895,
571,0.0005,0.0775,0.0781,0.0823,0.0889,0.0919,
572,0.0005,0.0867,0.0906,0.0918,0.0983,0.1040,
573,0.0005,0.0825,0.0848,0.0855,0.0943,0.0919,
574,0.0005,0.0720,0.0760,0.0777,0.0876,0.0832,
575,0.0005,0.0852,0.0889,0.0943,0.1022,0.1036,
576,0.0005,0.0961,0.1071,0.1125,0.1251,0.1217,
577,0.0005,0.0912,0.1014,0.1069,0.1198,0.1236,
578,0.0005,0.0951,0.1077,0.1218,0.1294,0.1375,
579,0.0005,0.1228,0.1343,0.1537,0.1684,0.1815,
580,0.0005,0.1407,0.1497,0.1683,0.2062,0.2044,
581,0.0005,0.1355,0.1432,0.1604,0.1898,0.1902,
582,0.0005,0.1284,0.1434,0.1530,0.1677,0.1703,
583,0.0005,0.1738,0.2054,0.2206,0.2258,0.2265,
584,0.0005,0.1673,0.1806,0.2035,0.2308,0.2321,
585,0.0005,0.1186,0.1338,0.1404,0.1569,0.1580,
586,0.0005,0.0911,0.1042,0.1101,0.1145,0.1154,
587,0.0005,0.0777,0.0890,0.0917,0.0974,0.1010,
588,0.0005,0.0857,0.0993,0.1022,0.1037,0.1119,
589,0.0005,0.1086,0.1231,0.1320,0.1291,0.1421,
590,0.0005,0.0846,0.1002,0.1050,0.1030,0.1174,
591,0.0005,0.0849,0.0973,0.0999,0.0995,0.1099,
592,0.0005,0.0774,0.0832,0.0874,0.0928,0.1029,
593,0.0005,0.0696,0.0735,0.0781,0.0811,0.0884,
594,0.0005,0.0604,0.0739,0.0765,0.0811,0.0838,
595,0.0005,0.0529,0.0614,0.0636,0.0640,0.0651,
596,0.0005,0.0541,0.0627,0.0642,0.0688,0.0688,
597,0.0005,0.0509,0.0596,0.0622,0.0654,0.0638,
598,0.0005,0.0528,0.0618,0.0641,0.0633,0.0623,
599,0.0005,0.0655,0.0712,0.0755,0.0811,0.0793,
600,0.0005,0.0699,0.0792,0.0802,0.0873,0.0881,
601,0.0005,0.0590,0.0677,0.0656,0.0750,0.0751,
602,0.0005,0.0592,0.0652,0.0639,0.0752,0.0779,
603,0.0005,0.0700,0.0760,0.0734,0.0886,0.0903,
604,0.0005,0.0671,0.0759,0.0777,0.0922,0.0923,
605,0.0005,0.0675,0.0762,0.0809,0.0928,0.0972,
606,0.0005,0.0760,0.0871,0.0896,0.1008,0.1058,
607,0.0005,0.0813,0.1002,0.0980,0.1119,0.1160,
608,0.0005,0.0878,0.1012,0.1048,0.1122,0.1198,
609,0.0005,0.0772,0.0939,0.0944,0.1135,0.1124,
610,0.0005,0.0861,0.1009,0.0945,0.1096,0.1153,
611,0.0005,0.0802,0.0959,0.0895,0.1026,0.1078,
612,0.0005,0.1008,0.1200,0.1214,0.1301,0.1334,
