#Time_ps,0,100,500,1000,3000,5000,
1,0.0003734,0.0625683,0.014524,0.120121,0.0349323,0.120735,
2,0.0007528,0.059651,0.0093728,0.0636034,0.0615891,0.0892636,
3,0.0002405,0.0380559,0.0204775,0.0328603,0.0574773,0.0392452,
4,0.0005502,0.0412332,0.0599419,0.0237403,0.0500194,0.0770516,
5,0.000352,0.0627421,0.0558393,0.0586976,0.031151,0.0706508,
6,0.0007537,0.0768853,0.0625963,0.089937,0.019303,0.060381,
7,0.0004942,0.0704535,0.0441674,0.061495,0.0301634,0.0832891,
8,0.0004487,0.0301257,0.0184029,0.0393297,0.0477142,0.0787708,
9,0.000498,0.0287565,0.074292,0.0271357,0.0509551,0.0643076,
10,0.0003228,0.0426536,0.0629222,0.0239537,0.0192445,0.0166909,
11,0.0006967,0.0550672,0.0607011,0.0529546,0.0530775,0.0191127,
12,0.0005385,0.0278101,0.0562148,0.0808265,0.0776246,0.083206,
13,0.0007151,0.0463278,0.0784118,0.1024167,0.0627418,0.0589015,
14,0.0001715,0.0941392,0.093101,0.0988039,0.0232779,0.0790505,
15,0.0005255,0.1177785,0.0781179,0.1880315,0.0637793,0.1097616,
16,0.0006133,0.0803241,0.0731054,0.0447151,0.014206,0.0403829,
17,0.0006491,0.0758972,0.0699154,0.01905,0.0215299,0.0688269,
18,0.000398,0.0758051,0.0603491,0.0320229,0.0431267,0.0795167,
19,0.0003212,0.0700867,0.0467748,0.0288319,0.073992,0.0786102,
20,0.0005707,0.0542203,0.0528745,0.0211727,0.0776872,0.0907043,
21,0.0006586,0.0318662,0.0758758,0.0435016,0.122467,0.1188282,
22,0.0005426,0.0737504,0.0832856,0.0319245,0.1364735,0.1206379,
23,0.0005435,0.1192686,0.2619196,0.1533305,0.2230773,0.0204776,
24,0.0005177,0.0808512,0.2082476,0.0802782,0.1592011,0.3455491,
25,0.0004875,0.0701087,0.1177725,0.0536954,0.043426,0.1495477,
26,0.0002178,0.0595044,0.0912424,0.0798829,0.0719894,0.1373971,
27,0.0003626,0.0499413,0.0438196,0.0288634,0.0351527,0.0987154,
28,0.0005989,0.0638841,0.0192548,0.0453309,0.0396747,0.0413072,
29,0.0005129,0.0777742,0.0935616,0.047204,0.0513839,0.0612552,
30,0.0004563,0.0943714,0.0654084,0.0621962,0.0583977,0.0376892,
31,0.0005512,0.0874782,0.0712463,0.0414079,0.0072654,0.0790535,
32,0.0006384,0.0819842,0.0788777,0.0524382,0.0409609,0.098578,
33,0.0003558,0.0966855,0.1607945,0.0663447,0.0455773,0.1428277,
34,0.000477,0.1309033,0.0843394,0.0774951,0.0655317,0.1310423,
35,0.0004716,0.0835786,0.0418479,0.0207305,0.0564686,0.1075058,
36,0.0004082,0.0280312,0.0320564,0.0212457,0.0222227,0.0864482,
37,0.0005944,0.0197872,0.0213344,0.0222472,0.0495915,0.0672603,
38,0.0003303,0.019446,0.0796834,0.0258345,0.0528269,0.0746616,
39,0.0004362,0.0590594,0.0336965,0.0345099,0.0574412,0.0723983,
40,0.0002503,0.0410057,0.0285159,0.0367499,0.0465156,0.0779797,
41,0.0001599,0.0448078,0.0489888,0.0633035,0.0471797,0.0998916,
42,0.0004373,0.0504023,0.0415937,0.0635971,0.021999,0.1346779,
43,0.0004632,0.1225889,0.0306821,0.0879847,0.0258077,0.1588754,
44,8.94e-05,0.1283858,0.0314215,0.1443377,0.0836155,0.1539634,
45,0.00038,0.1141361,0.0847735,0.2142203,0.173885,0.2205698,
46,0.000272,0.1143956,0.1338419,0.1690216,0.3024632,0.1891494,
47,0.0006591,0.0648875,0.182666,0.0650544,0.2181852,0.2124775,
48,0.0002022,0.0540433,0.0817962,0.0792373,0.1256573,0.1840962,
49,0.0001956,0.0789475,0.0992385,0.0922612,0.2135005,0.0968963,
50,0.000639,0.0662189,0.0827376,0.1184946,0.1455382,0.1136782,
51,0.0006029,0.1083303,0.0706293,0.1058066,0.1500544,0.1122904,
52,0.0005495,0.0890881,0.0633573,0.0903773,0.1308504,0.136196,
53,0.0006193,0.1095139,0.1213068,0.0751725,0.0986875,0.1008885,
54,0.0005302,0.0848894,0.0380438,0.045778,0.1018655,0.1242197,
55,0.0003469,0.0699973,0.1094443,0.0723205,0.1095745,0.1875617,
56,0.0003737,0.0655578,0.1460125,0.1022587,0.0446482,0.3071652,
57,0.0005428,0.0492563,0.1340221,0.148764,0.0451626,0.51022,
58,0.0003635,0.0676854,0.1137337,0.1448314,0.0792973,0.5334122,
59,0.0003941,0.1044161,0.1350458,0.1317691,0.1445111,0.3254795,
60,0.0003889,0.1255787,0.1103743,0.1277108,0.1583728,0.2359231,
61,0.0005953,0.1108124,0.0857804,0.1537279,0.131719,0.3238477,
62,0.000498,0.0571842,0.1058721,0.2261758,0.1273128,0.3169045,
63,0.000463,0.0608151,0.0656057,0.0996438,0.1185057,0.2334688,
64,0.0006061,0.0643018,0.0979941,0.163811,0.1379649,0.1673031,
65,0.0005384,0.039307,0.0395298,0.0559389,0.1292583,0.1803128,
66,0.0005161,0.066012,0.0288307,0.016091,0.1606234,0.1262608,
67,0.0005994,0.0881312,0.0244059,0.0602575,0.1637404,0.0771872,
68,5.25e-05,0.0574249,0.0376901,0.0578678,0.0692446,0.0961894,
69,0.000598,0.0540467,0.066644,0.0421065,0.1049946,0.1195493,
70,0.0004606,0.1069585,0.0660178,0.054039,0.0945373,0.104287,
71,0.0004077,0.1853626,0.1155286,0.1846415,0.0574393,0.0945441,
72,0.0004696,0.1176351,0.1176832,0.1411719,0.2786364,0.0761149,
73,0.0004753,0.064416,0.040754,0.027246,0.1765703,0.1462461,
74,0.0003868,0.0780262,0.0298239,0.0511755,0.1210221,0.1501968,
75,0.0007394,0.0743987,0.0573075,0.0257223,0.0845619,0.1527404,
76,0.0004907,0.0779897,0.0431437,0.0502902,0.1167938,0.2482163,
77,0.0006333,0.0467053,0.04286,0.0683286,0.1183498,0.2315356,
78,0.0007582,0.036306,0.0568851,0.1150695,0.0736719,0.2670622,
79,0.0005127,0.0525493,0.0626927,0.0895118,0.1351558,0.195079,
80,0.0001961,0.0668355,0.0868533,0.0499192,0.0867119,0.1718777,
81,0.0002526,0.1159461,0.082881,0.0517344,0.0563661,0.1203083,
82,0.000642,0.1269452,0.0689622,0.0331288,0.0405495,0.1261819,
83,0.000522,0.1076156,0.0798695,0.0397434,0.0357358,0.1360327,
84,0.0005897,0.0620946,0.0682725,0.0207485,0.056269,0.1318924,
85,0.0004042,0.0550702,0.0664886,0.0547543,0.0611318,0.1444276,
86,0.000609,0.0715248,0.0644269,0.0156408,0.0194928,0.1259054,
87,0.0003136,0.0182046,0.0564496,0.0218558,0.0510307,0.1063766,
88,0.0003456,0.0586655,0.0145872,0.0321979,0.0547174,0.1062383,
89,0.0005627,0.0713447,0.0358807,0.0592737,0.0485432,0.1331335,
90,0.0005945,0.0648888,0.0414302,0.0538478,0.0523166,0.1555498,
91,0.0006604,0.0671382,0.0522718,0.053857,0.0527892,0.1706946,
92,0.0005418,0.069498,0.0585126,0.1290085,0.0446643,0.2182662,
93,0.0003921,0.1496063,0.0715303,0.0599331,0.0725421,0.3508704,
94,0.0006595,0.106923,0.112255,0.0597795,0.0660558,0.272139,
95,0.0004828,0.0822684,0.1351226,0.0290574,0.0714093,0.1895388,
96,0.0005115,0.0741176,0.2265981,0.0617725,0.1177506,0.2194121,
97,0.0004139,0.0841155,0.1665555,0.0691197,0.080213,0.1380693,
98,0.0003371,0.0929677,0.1541097,0.070163,0.0750042,0.1713821,
99,0.0003001,0.061601,0.1531491,0.0913668,0.0526015,0.1822009,
100,0.0004578,0.0613129,0.1417945,0.0921287,0.0628601,0.1418595,
101,0.0003394,0.0760169,0.1045364,0.097785,0.0558823,0.1161951,
102,0.0003381,0.0648197,0.1119872,0.0877019,0.0562593,0.0440086,
103,0.0004064,0.0692798,0.0921858,0.0828299,0.0561627,0.0327316,
104,0.000445,0.0688071,0.1039132,0.0767776,0.0329526,0.0464807,
105,0.0002915,0.0712364,0.1069711,0.0558138,0.0384763,0.0569148,
106,0.0002834,0.0753378,0.0687523,0.0350441,0.0396485,0.124491,
107,0.0005641,0.0949746,0.0591658,0.0610644,0.1291811,0.1241673,
108,0.0004339,0.0821114,0.0644661,0.0381326,0.0783185,0.0543448,
109,0.0007068,0.0300788,0.0684665,0.0794127,0.0469862,0.0323005,
110,0.0003922,0.0261034,0.0863195,0.0474812,0.0543024,0.0689818,
111,0.0004582,0.0253718,0.0887241,0.0350496,0.0869618,0.0919366,
112,0.0005532,0.0324092,0.0494099,0.0350495,0.082404,0.0805838,
113,0.0004611,0.0403809,0.0456954,0.0546242,0.0720079,0.0393824,
114,0.0005733,0.0352635,0.0704732,0.0763655,0.0335572,0.0359719,
115,0.0007194,0.0267174,0.0516923,0.0651844,0.0458257,0.0221592,
116,0.0005841,0.0187064,0.0231746,0.0697744,0.0413942,0.0416834,
117,0.0005271,0.0337245,0.0268907,0.0881258,0.0685773,0.0354181,
118,0.0004117,0.0643101,0.0427132,0.0323728,0.0823027,0.0292863,
119,0.0006182,0.0759328,0.1050682,0.122316,0.1215218,0.0928593,
120,0.0004579,0.0766609,0.0274428,0.0713874,0.0984787,0.097843,
121,0.0004712,0.0569058,0.0170041,0.0891768,0.0794757,0.089524,
122,0.0002679,0.0694178,0.0362312,0.0987109,0.0344601,0.0738635,
123,0.0006407,0.0431524,0.0470548,0.0565805,0.0669836,0.0478742,
124,0.0004959,0.0113933,0.0414719,0.0556297,0.0462385,0.0722315,
125,0.0004615,0.0314668,0.016711,0.0536091,0.0534255,0.0266732,
126,0.0005391,0.0326551,0.0690921,0.0463662,0.0478058,0.0324774,
127,0.0005487,0.0185174,0.0209306,0.0568438,0.0399616,0.0289962,
128,0.0006305,0.0418524,0.0791942,0.0309659,0.0866126,0.0683044,
129,0.0003963,0.0061089,0.0803095,0.0491784,0.0380874,0.0718144,
130,0.0005256,0.02976,0.1088285,0.0158092,0.0881633,0.0549319,
131,0.0005374,0.0611454,0.0457237,0.06353,0.1049155,0.0518532,
132,0.0001276,0.0447978,0.0665533,0.0489084,0.1343292,0.0725888,
133,0.0004452,0.0588936,0.069747,0.052052,0.0520458,0.032664,
134,0.000288,0.0513161,0.0706934,0.0605148,0.075792,0.0432338,
135,0.0006306,0.0696066,0.0918684,0.0517525,0.0483389,0.1057045,
136,0.0004826,0.0931438,0.1331672,0.0432962,0.0282812,0.0780805,
137,0.0006706,0.0890529,0.1361414,0.1141031,0.0361172,0.0367012,
138,0.0005446,0.0943797,0.1307225,0.1234136,0.0353155,0.0938533,
139,0.0003059,0.0995061,0.1391554,0.1806781,0.0561202,0.0922407,
140,0.0002978,0.0886994,0.1300938,0.0655197,0.0776733,0.0577064,
141,0.0003541,0.1101794,0.2287584,0.0283022,0.0572178,0.0176979,
142,0.0007066,0.0788691,0.2140632,0.0394861,0.1193821,0.0281111,
143,0.0003604,0.0405493,0.1163059,0.0939656,0.212172,0.0776204,
144,0.0004057,0.0177225,0.1195634,0.0761822,0.0883865,0.0162431,
145,0.0005333,0.0295014,0.0403405,0.0416396,0.0603217,0.0558278,
146,0.0007725,0.0782229,0.027824,0.0268331,0.0447903,0.0591789,
147,0.0005484,0.0614884,0.0286848,0.0425045,0.0535451,0.0359796,
148,0.0006789,0.0425666,0.022873,0.0343873,0.0473086,0.0357775,
149,0.0005276,0.076651,0.077027,0.034356,0.0483714,0.021302,
150,0.000396,0.0596039,0.0662772,0.0478217,0.0392994,0.0741779,
151,0.0002981,0.0711765,0.0429457,0.0239123,0.0569413,0.0603943,
152,0.0005381,0.0916141,0.077417,0.0583885,0.0554691,0.088171,
153,0.0004557,0.0618671,0.1215416,0.0505278,0.1531063,0.2553764,
154,0.0006406,0.1014729,0.1260144,0.0370952,0.1793666,0.1407951,
155,0.0004973,0.1111915,0.1969213,0.1090201,0.1681739,0.0937202,
156,0.0005399,0.0481033,0.1458763,0.0656358,0.0661224,0.1522526,
157,0.0004748,0.0541082,0.0700585,0.0432321,0.0221595,0.1004217,
158,0.0006341,0.0403691,0.0762738,0.043362,0.0369171,0.0641665,
159,0.0004501,0.0296542,0.0911919,0.0614511,0.0469296,0.0348312,
160,0.0004594,0.0368017,0.0924403,0.06788,0.0346151,0.0524787,
161,0.0005286,0.0695568,0.0717163,0.0422519,0.0279703,0.034231,
162,0.0005745,0.0935708,0.0339232,0.0251156,0.0419375,0.0427996,
163,0.0002693,0.0619534,0.0146429,0.0318143,0.0542639,0.040065,
164,0.000241,0.081112,0.0942248,0.0286053,0.0526487,0.0231617,
165,0.0004722,0.111118,0.0719426,0.0467724,0.1071351,0.0810009,
166,0.0001875,0.1441126,0.0479831,0.0204097,0.0603658,0.0635548,
167,0.0005671,0.1152842,0.0715113,0.0873361,0.078698,0.06603,
168,0.0003192,0.0759149,0.0918974,0.0885854,0.1258464,0.1076697,
169,0.0002418,0.0875631,0.1293873,0.0842767,0.1202646,0.1232202,
170,0.0001536,0.1246363,0.0446232,0.0490718,0.129026,0.0927671,
171,0.0006292,0.1193394,0.0547376,0.06778,0.0509179,0.047118,
172,0.0006279,0.1028359,0.0568589,0.0163582,0.0427177,0.0463119,
173,0.0005766,0.1273467,0.0591368,0.0184863,0.0569846,0.0146773,
174,0.0005607,0.0899205,0.0767328,0.0341952,0.0263133,0.0285229,
175,0.0001629,0.0724116,0.0635153,0.0328765,0.0256394,0.0165783,
176,0.0001418,0.0402208,0.0481971,0.0510287,0.0272497,0.0595721,
177,0.0004817,0.0475679,0.0884318,0.0481868,0.0360557,0.0705464,
178,0.0004929,0.0601959,0.0771949,0.1055537,0.0410379,0.11983,
179,0.0006094,0.0682184,0.0750962,0.087643,0.0210292,0.1043341,
180,0.0004078,0.0562942,0.0192425,0.0667146,0.045635,0.0996232,
181,0.0005825,0.0463283,0.0261247,0.0259098,0.053588,0.0539684,
182,0.0004197,0.0537214,0.0482386,0.0460269,0.045226,0.0337494,
183,0.0003941,0.0915503,0.0542411,0.0987181,0.0501358,0.0414286,
184,0.0001848,0.1293304,0.0835325,0.1757462,0.0130533,0.1262325,
185,0.0004887,0.1080842,0.0764991,0.0888742,0.0660909,0.1015781,
186,0.0002639,0.1014788,0.1149284,0.0470511,0.1084736,0.0705197,
187,0.0003085,0.0476324,0.141254,0.0680977,0.1156602,0.0792326,
188,0.0004836,0.0822963,0.1549341,0.0408947,0.1510632,0.0968067,
189,0.0003133,0.2284562,0.1860944,0.0535926,0.1238727,0.1372741,
190,0.0005563,0.2568116,0.2012338,0.0871613,0.0681966,0.2035433,
191,0.0005398,0.2112921,0.2466932,0.0818926,0.1065324,0.3047718,
192,0.0006509,0.1911657,0.154649,0.1463244,0.0541861,0.1552379,
193,0.0003907,0.1407336,0.082009,0.0917867,0.121007,0.1902864,
194,0.0004199,0.0321818,0.1353917,0.0733432,0.0521109,0.1543955,
195,0.0005793,0.030377,0.1255188,0.0617992,0.0607059,0.0786578,
196,0.0004456,0.1345709,0.0791902,0.0923839,0.0949919,0.0934402,
197,0.0005317,0.092808,0.1003574,0.1119276,0.0802117,0.074666,
198,0.0005679,0.088725,0.0962499,0.1332998,0.1817818,0.0427816,
199,0.0005147,0.0796973,0.0852379,0.0821024,0.1612046,0.0792353,
200,0.0004773,0.0424719,0.084321,0.0690624,0.1564848,0.0601143,
201,0.0002891,0.0375002,0.0546328,0.0716191,0.1171319,0.0386203,
202,0.0005172,0.0225798,0.065654,0.0956983,0.1112027,0.0390396,
203,0.000623,0.0248455,0.0571559,0.0844852,0.0761074,0.0451151,
204,0.0005416,0.0525786,0.0429777,0.056294,0.0304623,0.047887,
205,0.000321,0.0368118,0.0409392,0.0522639,0.0477801,0.0862046,
206,0.0004068,0.0578191,0.0431268,0.0841341,0.0809396,0.0950221,
207,0.0003522,0.0537444,0.0299431,0.1083298,0.0640191,0.094105,
208,0.0006059,0.058842,0.0088698,0.0673903,0.0547809,0.1012969,
209,0.0005781,0.109179,0.0622471,0.0423049,0.0576805,0.1066259,
210,0.000509,0.12452,0.0679085,0.0242658,0.0587566,0.0682553,
211,0.0003701,0.1424314,0.0375747,0.0778337,0.0548688,0.0604229,
212,0.0002923,0.1333954,0.0439358,0.0833229,0.1122915,0.0980348,
213,0.0005503,0.1913133,0.0291276,0.0869353,0.1004649,0.1452619,
214,0.0007429,0.1996778,0.0564045,0.0610623,0.2498717,0.1772793,
215,0.0003513,0.2230391,0.3890541,0.326063,0.3755091,0.3601225,
216,0.000435,0.1857142,0.3044939,0.1941552,0.1941789,0.168869,
217,0.0004563,0.1033209,0.2141695,0.0741563,0.2244898,0.1042245,
218,0.0004056,0.1076616,0.2167988,0.0778196,0.2141502,0.099741,
219,0.0004271,0.1371391,0.1629577,0.0790915,0.1646388,0.1215437,
220,0.0007384,0.0706958,0.1542542,0.0370545,0.1447469,0.1150714,
221,0.0005948,0.0964953,0.1968429,0.0379138,0.1124599,0.0906357,
222,0.0006026,0.1081465,0.257617,0.0927819,0.1229025,0.0651831,
223,0.0006121,0.1020478,0.2846023,0.086929,0.0634638,0.0828055,
224,0.0002849,0.078832,0.2275437,0.0971798,0.0482905,0.0782066,
225,0.0005172,0.0527138,0.1629967,0.1313693,0.1794639,0.1416343,
226,0.000741,0.1161914,0.1593639,0.065567,0.176796,0.173422,
227,0.0001596,0.1747048,0.1590235,0.1332483,0.2297879,0.1074661,
228,0.0003671,0.1841627,0.1358635,0.1452817,0.2039871,0.1294119,
229,0.000659,0.1273462,0.1704419,0.1132604,0.2122976,0.1550828,
230,0.0004101,0.0834539,0.124064,0.1259341,0.2131468,0.1043672,
231,0.0004583,0.1544772,0.1053249,0.1418847,0.1973499,0.0877715,
232,0.0005854,0.2159194,0.2228061,0.116955,0.1619961,0.1092506,
233,0.0006294,0.1843036,0.2207457,0.1052976,0.1655461,0.1388405,
234,0.0006672,0.0657182,0.1591476,0.1331984,0.1894669,0.0930845,
235,0.0003655,0.0529175,0.1788322,0.2376638,0.2794326,0.0747504,
236,0.0005916,0.0640792,0.2492787,0.1715053,0.255086,0.0856213,
237,0.0002052,0.0928648,0.1945738,0.1374286,0.250618,0.0526692,
238,0.0005321,0.1009295,0.1018822,0.1103747,0.2539818,0.1020604,
239,0.0005413,0.0743482,0.0730237,0.0901415,0.2500327,0.0517855,
240,0.0006245,0.0654179,0.0809419,0.109583,0.2856569,0.0497123,
241,0.0005649,0.0881793,0.0401546,0.1087828,0.2540716,0.0655542,
242,0.0005661,0.0795712,0.0581343,0.1005693,0.2470327,0.0759241,
243,0.0004822,0.1289402,0.1565288,0.1450003,0.3583682,0.1339761,
244,0.0005531,0.1338799,0.1899863,0.1626492,0.3742386,0.1998126,
245,0.0005565,0.1408486,0.1839587,0.1587966,0.2916878,0.2193522,
246,0.0005219,0.1483657,0.1193498,0.0935707,0.186059,0.1510097,
247,0.0005061,0.1254152,0.1006837,0.1400012,0.1845882,0.1664411,
248,0.0005488,0.1521732,0.1510859,0.1582834,0.2637568,0.1523797,
249,0.0005539,0.1450235,0.1404925,0.1017286,0.2111255,0.0966731,
250,0.0004925,0.0584365,0.1187215,0.0849792,0.1693163,0.0830967,
251,0.0005774,0.0976067,0.1658555,0.1419428,0.2013139,0.1049329,
252,0.0004126,0.0920656,0.1707361,0.1610354,0.1754944,0.1472916,
253,0.0003093,0.0858008,0.0789049,0.1223131,0.1651604,0.1300387,
254,0.0005043,0.1037095,0.0764799,0.1513626,0.1660779,0.1015356,
255,0.0004356,0.1576964,0.1341193,0.1494321,0.205622,0.1153644,
256,0.0004465,0.1645362,0.1253458,0.126706,0.2621593,0.2158645,
257,0.0004463,0.1364269,0.085243,0.0752977,0.2165303,0.1953178,
258,0.0003251,0.181737,0.085249,0.0861525,0.2310793,0.2318116,
259,0.0004258,0.1092039,0.1189782,0.0936968,0.1357317,0.1690861,
260,0.0006452,0.0671152,0.1447069,0.085241,0.1017208,0.0903802,
261,0.0003011,0.0569633,0.1002069,0.1074632,0.0989675,0.0827994,
262,0.0004716,0.0755111,0.1066027,0.1225867,0.0879528,0.075764,
263,0.0002985,0.0368915,0.1180751,0.1041701,0.0574634,0.0943312,
264,0.0006752,0.0442642,0.0391361,0.0590412,0.0597153,0.0883088,
265,0.0004922,0.0790004,0.0622879,0.0483133,0.0751621,0.0744737,
266,0.0007451,0.0704808,0.1227214,0.0247845,0.0808806,0.1103623,
267,0.0005132,0.0513143,0.1005405,0.0316025,0.0721506,0.1286959,
268,0.0006337,0.0390765,0.0504048,0.0210359,0.0708476,0.0455083,
269,0.0006014,0.0906574,0.0917907,0.0280573,0.1064878,0.0678499,
270,0.0002866,0.0861422,0.1398204,0.0669069,0.113173,0.105453,
271,0.0005187,0.0942806,0.1255106,0.0627493,0.1582572,0.1011572,
272,0.0003243,0.1287046,0.1512345,0.0508017,0.2317898,0.0481029,
273,0.0007934,0.1612139,0.218177,0.0610373,0.277963,0.0768545,
274,0.0004961,0.2213003,0.3066287,0.0898826,0.3085312,0.0701686,
275,0.0002573,0.1892559,0.2501172,0.1254136,0.2840401,0.0985067,
276,0.0007443,0.1276689,0.2203246,0.2179687,0.3441089,0.1071178,
277,0.0006426,0.1306982,0.2212428,0.2413714,0.4869446,0.0957044,
278,0.0005497,0.1245919,0.1894047,0.0709821,0.7643158,0.0583524,
279,0.0003797,0.0651725,0.1362475,0.0416618,0.3807402,0.0407875,
280,0.0005171,0.0661415,0.1305642,0.0555167,0.0987712,0.0522587,
281,0.0005938,0.1109682,0.1427691,0.0676952,0.0506255,0.0739361,
282,0.0002748,0.1419141,0.2048927,0.1085781,0.0904605,0.0974528,
283,0.0006587,0.0803001,0.1923322,0.1116839,0.0964406,0.0895175,
284,0.0004756,0.0376148,0.1179997,0.0458818,0.0511657,0.029956,
285,0.0005491,0.0703685,0.1298582,0.0150429,0.061997,0.0708745,
286,0.0003833,0.0705474,0.0984476,0.0255497,0.0529409,0.1182256,
287,0.0003561,0.029892,0.0867475,0.0611324,0.0508796,0.0745651,
288,0.0003481,0.0597459,0.1025828,0.0806362,0.0360347,0.0436668,
289,0.0004689,0.0366336,0.1177268,0.063204,0.0594153,0.0513444,
290,0.0004933,0.0354489,0.1047428,0.0699444,0.0183848,0.0742766,
291,0.0005314,0.0140568,0.0760203,0.0953977,0.0331131,0.0238823,
292,0.0004378,0.0275709,0.0412886,0.0907323,0.0334593,0.0691711,
293,0.0005254,0.0283236,0.0739749,0.0957196,0.0433511,0.1690385,
294,0.0004997,0.0190546,0.1158163,0.0954441,0.0890316,0.1384286,
295,0.0006566,0.0162188,0.0855393,0.0970748,0.0557698,0.0642516,
296,0.0006638,0.0460947,0.0620479,0.0612064,0.0469562,0.0609888,
297,0.0005837,0.0576235,0.0598384,0.0670001,0.0435984,0.1075031,
298,0.0005882,0.0294714,0.0679067,0.0515273,0.0216272,0.114012,
299,0.0007514,0.0614329,0.0760607,0.0585268,0.0315308,0.079111,
300,0.0003635,0.0305477,0.0597482,0.0564389,0.0345295,0.0998968,
301,0.0006846,0.0479999,0.0428351,0.0749825,0.0413948,0.0969001,
302,0.0004242,0.0483049,0.1099418,0.0420495,0.058261,0.0823143,
303,0.0004895,0.0477088,0.0683325,0.0803409,0.0389941,0.0991938,
304,0.000405,0.0520854,0.0493598,0.0681526,0.0441953,0.3104051,
305,0.0006881,0.0818468,0.1268507,0.1464612,0.1567927,0.158829,
306,0.0005416,0.116797,0.2212344,0.2493503,0.2769054,0.1007323,
307,0.0006305,0.2517574,0.174827,0.1578627,0.1143301,0.1911941,
308,0.0004943,0.2435911,0.118534,0.1815591,0.1227209,0.1407612,
309,0.0004383,0.2043864,0.0633448,0.1029406,0.1204166,0.1087005,
310,0.0003988,0.0490561,0.0719231,0.0785776,0.1083441,0.0463113,
311,0.000507,0.046637,0.0468689,0.0607317,0.1165334,0.074008,
312,0.0006581,0.0357027,0.0671159,0.0453378,0.0919204,0.0664531,
313,0.0007246,0.0142233,0.0740575,0.0517465,0.0413546,0.0305862,
314,0.0003325,0.0289789,0.0297119,0.0313913,0.0341185,0.0283622,
315,0.0005148,0.018662,0.0396895,0.0299408,0.0534885,0.0269475,
316,0.0004998,0.047527,0.0338276,0.0262291,0.0412152,0.06782,
317,0.0004793,0.0752911,0.0344264,0.016232,0.0585144,0.075818,
318,0.0006434,0.0942177,0.0625286,0.0455508,0.0475558,0.0791786,
319,0.0004541,0.0890636,0.025871,0.0357658,0.0996206,0.0723375,
320,0.0003967,0.077014,0.0515918,0.0215881,0.0883927,0.0933357,
321,0.0004262,0.0699603,0.0455194,0.0494395,0.0983256,0.15993,
322,0.0007469,0.0482761,0.0377363,0.0485759,0.0760609,0.1564389,
323,0.0003149,0.0408591,0.0193366,0.0170343,0.0819273,0.1692295,
324,0.0005764,0.0306498,0.0151895,0.0214386,0.0821703,0.1572149,
325,0.0002481,0.067412,0.0412344,0.0243653,0.0756552,0.1492386,
326,0.0006322,0.0631824,0.0206391,0.0569546,0.0580328,0.1581852,
327,0.0006429,0.149321,0.0270122,0.0820487,0.0590817,0.1684955,
328,0.0005338,0.1697706,0.0517108,0.1021407,0.0636076,0.1689858,
329,0.0007692,0.1585933,0.1123566,0.1009323,0.08046,0.1754372,
330,0.0004013,0.0817004,0.0792209,0.0884376,0.2077525,0.3410512,
331,0.0003365,0.0578498,0.051503,0.0438071,0.1387254,0.2210287,
332,0.0005259,0.0667434,0.0247786,0.0818653,0.0782267,0.172641,
333,0.0007092,0.0355006,0.0166736,0.0844658,0.0283944,0.1463034,
334,0.0005517,0.0330282,0.058239,0.0749825,0.0356815,0.1336192,
335,0.000597,0.0456516,0.0467242,0.043228,0.0369904,0.1346589,
336,0.0004084,0.0331565,0.0236708,0.0443521,0.0065934,0.1570362,
337,0.000295,0.0178108,0.0310926,0.0180187,0.0299859,0.1571745,
338,0.0002728,0.0665155,0.064239,0.0368654,0.0146097,0.1489943,
339,0.0004454,0.093656,0.0476716,0.0173805,0.0526754,0.1476473,
340,0.0004862,0.0680636,0.0660857,0.0344398,0.0834347,0.1686301,
341,0.0007546,0.0482435,0.0595171,0.0293778,0.0848208,0.1512777,
342,0.0003005,0.0256876,0.0471826,0.0213205,0.029471,0.132714,
343,0.0004511,0.041881,0.0331038,0.0359026,0.0469897,0.0830334,
344,0.0004381,0.0256927,0.0398286,0.0625456,0.0225369,0.0863968,
345,0.0006174,0.0302487,0.0715499,0.0654964,0.0327301,0.0816507,
346,0.0006869,0.0757246,0.07551,0.1096115,0.0192253,0.1382479,
347,0.000375,0.1360801,0.0243965,0.1104591,0.0371232,0.1933913,
348,0.0006506,0.1239489,0.0468179,0.0947598,0.0491593,0.1956857,
349,0.0005367,0.1490836,0.0516721,0.034068,0.1076835,0.1548231,
350,0.0005869,0.0581594,0.0806853,0.0485701,0.1888925,0.174782,
351,0.0005002,0.0747597,0.2072041,0.0668273,0.1593122,0.2745421,
352,0.0006922,0.130457,0.2861831,0.0792633,0.2688351,0.3615074,
353,0.0006691,0.1405797,0.2882985,0.060179,0.2689245,0.3650112,
354,0.0005307,0.1105168,0.1866038,0.1043203,0.2137227,0.2593388,
355,0.0005336,0.1054195,0.082977,0.1890911,0.2157945,0.2371705,
356,0.0003444,0.1258448,0.1492105,0.2299112,0.1840496,0.311042,
357,0.0003562,0.1211405,0.0465191,0.2339239,0.2098011,0.3112369,
358,0.0004748,0.1437019,0.0651226,0.2443892,0.1950033,0.2748871,
359,0.0004467,0.16182,0.0563768,0.2286248,0.159916,0.2705538,
360,0.0006002,0.1757316,0.0932839,0.2063286,0.124899,0.1905262,
361,0.0003101,0.1823278,0.1867035,0.2506885,0.1461691,0.1677253,
362,0.0006028,0.1371081,0.2378924,0.2683486,0.2026135,0.1976197,
363,0.0006646,0.1458979,0.1493221,0.0853642,0.1744098,0.169005,
364,0.000466,0.1493531,0.1833914,0.1808893,0.1822785,0.0831526,
365,0.000639,0.0478593,0.1936766,0.3145991,0.196846,0.077222,
366,0.0003955,0.0717321,0.1488989,0.2949678,0.2641557,0.1088428,
367,0.0003979,0.0722632,0.150309,0.201735,0.2026225,0.209135,
368,0.0003124,0.0752801,0.138211,0.1082981,0.2511747,0.2691671,
369,0.0004899,0.0660778,0.172379,0.1005361,0.1429887,0.3298285,
370,0.0006761,0.0844969,0.1441241,0.1292872,0.0638389,0.4077558,
371,0.000625,0.1230569,0.0767094,0.1768174,0.1214083,0.3131784,
372,0.000537,0.1145401,0.0694245,0.1226192,0.0745088,0.2354855,
373,0.0004598,0.1375401,0.0478348,0.127395,0.0440568,0.2284569,
374,0.0004714,0.0896075,0.065589,0.1011069,0.0304909,0.2168765,
375,0.0006548,0.1048554,0.0625417,0.0777052,0.0923368,0.1782137,
376,0.0002089,0.1221762,0.0786575,0.2315808,0.0591358,0.1653879,
377,0.0005037,0.1569401,0.2067624,0.2899521,0.1007398,0.2232803,
378,0.0004666,0.2701252,0.2423575,0.1098728,0.3677796,0.209227,
379,0.0002723,0.2468905,0.1735531,0.1327146,0.2161992,0.2649319,
380,0.0005449,0.1520047,0.091245,0.0493535,0.191577,0.2108376,
381,0.0004791,0.1162099,0.1007464,0.0402306,0.1616658,0.2619154,
382,0.0004532,0.1093184,0.1327907,0.0136279,0.1186496,0.360801,
383,0.0003693,0.0810604,0.064078,0.0367144,0.1040498,0.2446169,
384,0.0003145,0.0883093,0.0610126,0.0516922,0.0498566,0.1949378,
385,0.0006255,0.0402367,0.0596247,0.0379997,0.063779,0.1918142,
386,0.0003191,0.031862,0.114584,0.0508079,0.1197147,0.1141751,
387,0.0004362,0.0413998,0.1530138,0.0856878,0.1127787,0.1173976,
388,0.0005509,0.0505887,0.1008,0.0856203,0.1210605,0.1283832,
389,0.0005028,0.090194,0.0401595,0.1017514,0.1193604,0.1199223,
390,0.0005015,0.054047,0.0112777,0.0495611,0.0863324,0.1117049,
391,0.0006322,0.0529766,0.0349257,0.0467573,0.0594166,0.0588862,
392,0.0005442,0.0473899,0.0468369,0.0796641,0.0295408,0.066576,
393,0.000548,0.0638531,0.0437104,0.0820377,0.0377309,0.0403483,
394,0.00055,0.0669911,0.0332241,0.0663287,0.0806666,0.0646572,
395,0.0004574,0.0486871,0.0397441,0.0209503,0.0915413,0.1375962,
396,0.0001734,0.1001936,0.0346625,0.0384714,0.1315682,0.1351773,
397,0.0004778,0.1129605,0.0703705,0.0653141,0.1377994,0.2182163,
398,0.0006938,0.219332,0.1511307,0.053795,0.1291627,0.2829793,
399,0.000485,0.2335449,0.0787234,0.102998,0.0895046,0.2435987,
400,0.0003396,0.1594432,0.0866698,0.0649318,0.1202128,0.1971605,
401,0.0006724,0.0736931,0.0484902,0.0194333,0.0956294,0.1415497,
402,0.0003039,0.0789537,0.0973005,0.0358395,0.0866558,0.1323958,
403,0.0006138,0.064272,0.0466809,0.0329526,0.053724,0.2509335,
404,0.0005559,0.0566904,0.0083546,0.0277917,0.0812301,0.2183531,
405,0.0005872,0.0453999,0.00809,0.0263857,0.0730165,0.1667311,
406,0.0006879,0.0477829,0.0470038,0.0549496,0.0613655,0.079952,
407,0.0006135,0.0426528,0.0525343,0.05256,0.0340695,0.0356373,
408,0.0005002,0.0062016,0.0310666,0.1179761,0.031392,0.0512953,
409,0.0005847,0.0097533,0.0476504,0.1061597,0.0381594,0.1008327,
410,0.0004523,0.0227816,0.063657,0.0493768,0.0810272,0.0927646,
411,0.0005249,0.0239399,0.0631702,0.019758,0.0119104,0.0936957,
412,0.0003715,0.039977,0.0918983,0.0692644,0.0330739,0.0742377,
413,0.0003735,0.0460993,0.0922283,0.1174964,0.1083787,0.1202765,
414,0.0005705,0.0255879,0.0734868,0.0687951,0.0821137,0.0801163,
415,0.0006351,0.0703532,0.0449977,0.0408945,0.0667153,0.0414249,
416,0.0004406,0.043294,0.0351602,0.0395931,0.0560159,0.0476878,
417,8.84e-05,0.0279806,0.0374645,0.0431829,0.0569408,0.0509304,
418,0.0004232,0.0358389,0.0375513,0.0443001,0.0433817,0.0318211,
419,0.0001489,0.0357551,0.0349131,0.0475538,0.0223087,0.0679523,
420,0.0005621,0.042166,0.0362912,0.034725,0.0311775,0.0547993,
421,0.0005376,0.0605379,0.0496848,0.0392251,0.0281984,0.0440373,
422,0.0002746,0.0434382,0.0318123,0.0414786,0.0667505,0.0671274,
423,0.00036,0.0760327,0.0722009,0.0470898,0.0675659,0.0468351,
424,0.0006168,0.0432899,0.0639158,0.0405991,0.0638337,0.0439601,
425,0.0003536,0.0611679,0.0466059,0.0413163,0.0670244,0.1188137,
426,0.0005072,0.1044763,0.0201566,0.0622996,0.0933345,0.0824994,
427,0.0005052,0.0351928,0.0257911,0.0496164,0.1005329,0.0925541,
428,0.0005158,0.0320996,0.023053,0.0630688,0.0789153,0.1604349,
429,0.0001029,0.0434624,0.0417415,0.0565029,0.0967806,0.1553074,
430,0.000612,0.0372334,0.0614914,0.0280444,0.0346905,0.109678,
431,0.0003987,0.0583621,0.0411948,0.0241252,0.0250335,0.0371432,
432,0.0003207,0.050178,0.041361,0.0422961,0.013877,0.0579043,
433,0.0005294,0.0282239,0.0150196,0.0470234,0.0285196,0.0479524,
434,0.0001222,0.0480536,0.0248393,0.0442861,0.0435904,0.0258773,
435,0.0003861,0.0353913,0.0409201,0.0297098,0.018575,0.0495012,
436,0.0004214,0.0367379,0.0342167,0.0358153,0.0410977,0.0642405,
437,0.0006939,0.0620282,0.0611377,0.0180186,0.0412281,0.0460384,
438,0.0006878,0.0551397,0.0801066,0.027805,0.0620876,0.045775,
439,0.0005643,0.0108115,0.0640626,0.0130815,0.0629224,0.0864015,
440,0.0002811,0.0255645,0.0421336,0.0521796,0.0828337,0.0534206,
441,0.0002422,0.0599405,0.0594054,0.0415195,0.0394102,0.0441909,
442,0.0005105,0.0449496,0.0702155,0.0490487,0.0340591,0.0491167,
443,0.0007024,0.0293148,0.0624007,0.0867032,0.1203133,0.070541,
444,0.0003224,0.0461254,0.047148,0.0158996,0.0817437,0.1079592,
445,0.0003056,0.0376348,0.0507256,0.0370031,0.0227461,0.0600723,
446,0.0003042,0.0358426,0.0450996,0.0645135,0.0294083,0.1056457,
447,0.0004033,0.0290984,0.0436738,0.0847528,0.049016,0.1019164,
448,0.0003215,0.076882,0.0803972,0.0638399,0.0553648,0.1944916,
449,0.0004012,0.0904419,0.1285474,0.1070499,0.0661393,0.1542823,
450,0.0004767,0.015404,0.0911683,0.0492132,0.0377816,0.0939827,
451,0.0003607,0.0093024,0.1014047,0.0751584,0.0403685,0.0690643,
452,0.000536,0.035627,0.1048623,0.0523885,0.0486376,0.0173587,
453,0.0003416,0.0627699,0.0649346,0.0485601,0.0533803,0.0330721,
454,0.0004909,0.0341988,0.0660987,0.0475341,0.0384461,0.049396,
455,0.0005787,0.0425766,0.0383691,0.054364,0.0349311,0.0651689,
456,0.000502,0.0802493,0.0382717,0.057355,0.0310004,0.0575386,
457,0.0006325,0.0407128,0.0396609,0.0558609,0.025274,0.0527097,
458,0.0001609,0.0451415,0.0194011,0.0779484,0.1183523,0.0669972,
459,0.0004724,0.0328189,0.0966558,0.0578078,0.1915999,0.0305063,
460,0.0006691,0.0419427,0.0895067,0.0457868,0.1725389,0.108653,
461,0.0003295,0.0829037,0.0490117,0.0929546,0.1354964,0.0896928,
462,0.0004512,0.053423,0.0632799,0.0880138,0.107623,0.0181336,
463,0.0004874,0.0414,0.0189984,0.0920292,0.0343026,0.047181,
464,0.0004992,0.0238141,0.0234731,0.0832686,0.0492547,0.0737098,
465,0.0006065,0.0055442,0.0350059,0.0607876,0.0405815,0.0960493,
466,0.0006864,0.0488695,0.0134722,0.0602393,0.0292435,0.1059573,
467,0.0003273,0.0694978,0.0144486,0.0534425,0.0290162,0.0319392,
468,0.0003821,0.0179472,0.0318215,0.0695058,0.0305502,0.0526854,
469,0.0004649,0.0208037,0.0519015,0.0780796,0.0701939,0.066232,
470,0.0002867,0.0288743,0.0573581,0.1006287,0.0344948,0.0652577,
471,0.0005718,0.0404998,0.0457324,0.0810964,0.0233489,0.0869809,
472,0.0004599,0.0247809,0.0280104,0.1067523,0.0363118,0.1289815,
473,0.0003525,0.0288884,0.0287484,0.1606533,0.1531415,0.1430957,
474,0.0006287,0.0964197,0.0685517,0.2232991,0.2465349,0.2597192,
475,0.0004228,0.1704639,0.1036627,0.2033548,0.2352063,0.1395817,
476,0.0005181,0.2049615,0.064538,0.0992319,0.1794638,0.1675425,
477,0.0005943,0.0449705,0.0295781,0.0266858,0.1133332,0.1040811,
478,0.000299,0.0440465,0.0241771,0.0293699,0.0518831,0.0362909,
479,0.000703,0.0432467,0.0745331,0.0203183,0.0483599,0.0480056,
480,0.0005153,0.0592517,0.0596266,0.1043318,0.0322519,0.0481133,
481,0.0006924,0.0453494,0.0606643,0.0864466,0.030015,0.045469,
482,0.0003776,0.0273198,0.0378137,0.0691501,0.0247707,0.0275243,
483,0.0003757,0.0237435,0.0389397,0.0331398,0.0411631,0.0725671,
484,0.0003754,0.0536008,0.0686764,0.066592,0.1062855,0.1244181,
485,0.0006792,0.0437784,0.0491177,0.0612242,0.1057818,0.1112483,
486,0.0004974,0.0259774,0.0341527,0.0756462,0.077413,0.0414336,
487,0.0006739,0.0311179,0.0851256,0.1004341,0.0575168,0.0710881,
488,0.000618,0.0408904,0.0774349,0.051127,0.0181575,0.0584084,
489,0.0006023,0.0220152,0.071533,0.0826724,0.0721536,0.0626772,
490,0.0003445,0.030687,0.0413427,0.0912702,0.1451558,0.1803905,
491,0.000516,0.0326755,0.0399903,0.1232695,0.1365505,0.1174692,
492,0.0006423,0.0258671,0.0655666,0.1082672,0.0834739,0.0952611,
493,2.58e-05,0.0434441,0.0248489,0.1584546,0.0302925,0.0843326,
494,0.0004173,0.0312141,0.0854592,0.1751372,0.0353271,0.0710557,
495,0.0003307,0.0997064,0.0969938,0.2581643,0.1263833,0.2019817,
496,0.0003645,0.1408583,0.0535875,0.3052595,0.1331716,0.2635478,
497,0.0005324,0.0654901,0.0861884,0.3675707,0.0945865,0.3728448,
498,0.0004864,0.0606645,0.0662676,0.1146347,0.1832393,0.2181006,
499,0.0002613,0.1200557,0.0922109,0.1997905,0.3167566,0.0961685,
500,0.0004723,0.06732,0.0583929,0.1194399,0.1955685,0.0843274,
501,0.0005125,0.0727895,0.0225927,0.0803286,0.117744,0.1000718,
502,0.0005218,0.0700824,0.0710779,0.1420073,0.0833701,0.1223728,
503,0.0002815,0.063462,0.0419908,0.0838879,0.0541005,0.0831241,
504,0.0004499,0.0883122,0.0208772,0.0569731,0.064233,0.0995484,
505,0.0005494,0.0820228,0.0700094,0.0494462,0.0555989,0.1256692,
506,0.0004725,0.0572009,0.0773656,0.0332705,0.0636342,0.131183,
507,0.0005156,0.0569425,0.0698705,0.0434961,0.0730777,0.1017808,
508,0.0002524,0.0156925,0.0439718,0.0473737,0.1027769,0.0661786,
509,0.0003761,0.0308391,0.0296758,0.0206254,0.1047155,0.0604567,
510,0.0002659,0.0319979,0.0491708,0.0712628,0.1000377,0.0868655,
511,0.0004696,0.0368758,0.0419983,0.0724525,0.0879598,0.0797821,
512,0.0005432,0.0317137,0.0791396,0.0375024,0.0767021,0.0862246,
513,0.000506,0.0633126,0.0566397,0.0476809,0.0730169,0.0988124,
514,0.0002214,0.0668653,0.0567067,0.0471291,0.0875861,0.144607,
515,0.0003273,0.052254,0.0604987,0.0510237,0.1236812,0.1609432,
516,0.0006514,0.073593,0.0642868,0.0751008,0.119641,0.1350638,
517,0.0004709,0.0791887,0.1012597,0.1254933,0.1075931,0.1237235,
518,0.0002262,0.1226772,0.1166575,0.1747567,0.1757083,0.0996376,
519,0.0006446,0.1455416,0.1642548,0.1349892,0.2068481,0.0939976,
520,8.94e-05,0.1060419,0.1676389,0.162747,0.2149533,0.1072752,
521,0.0004813,0.1896802,0.061245,0.2912032,0.1496728,0.3491963,
522,0.0004414,0.1819009,0.0849454,0.3105272,0.1432461,0.1330043,
523,9.3e-05,0.0941296,0.0944009,0.2453101,0.1363263,0.1773333,
524,0.0005735,0.1029471,0.0729064,0.1875306,0.1298504,0.1991121,
525,0.0007335,0.109273,0.0844395,0.1255738,0.1113988,0.1492516,
526,0.0006044,0.1000374,0.0914298,0.1384578,0.122771,0.1030526,
527,0.0004739,0.0614513,0.0921638,0.1455728,0.1083652,0.0336758,
528,0.0005306,0.1148502,0.1694315,0.1050229,0.0876815,0.0204755,
529,0.000306,0.0485998,0.1936493,0.0803362,0.0451491,0.0236417,
530,0.0002889,0.0474466,0.1667053,0.0957151,0.1223067,0.0501721,
531,0.0003487,0.0581894,0.1726927,0.0855064,0.1238322,0.0860314,
532,0.0005224,0.0590635,0.1536378,0.0964524,0.0367061,0.1732146,
533,0.0005149,0.0089006,0.1334297,0.0932137,0.1240232,0.2043354,
534,0.0006367,0.058338,0.1711752,0.146683,0.1096806,0.1838767,
535,0.0003755,0.0513665,0.1712261,0.1504488,0.0814188,0.160848,
536,0.0002918,0.0569439,0.122012,0.1257555,0.061455,0.1462239,
537,0.0006804,0.0858225,0.1471776,0.1424007,0.0407991,0.2070217,
538,7.42e-05,0.1073629,0.1710653,0.1678992,0.0695936,0.2110447,
539,0.0006215,0.1379475,0.0894751,0.1648808,0.0786488,0.2354242,
540,0.0006887,0.1374821,0.0996909,0.149685,0.044516,0.1709792,
541,0.0003532,0.1079543,0.1616159,0.1402359,0.0708837,0.180534,
542,0.0004381,0.0381421,0.1300659,0.1331595,0.066535,0.2299825,
543,0.0005566,0.0885279,0.0902017,0.1286364,0.1196668,0.2003684,
544,0.0004698,0.1230985,0.0463209,0.1322493,0.1347671,0.181495,
545,0.0005964,0.0734025,0.0713568,0.126469,0.0905,0.1690433,
546,0.0006939,0.0498282,0.068816,0.0765666,0.0544724,0.170319,
547,0.0004697,0.1080076,0.063754,0.0816109,0.094486,0.1794721,
548,0.0002776,0.1046073,0.0490575,0.0409503,0.0656577,0.1503063,
549,0.0004013,0.098002,0.1462549,0.0476655,0.0584572,0.1686365,
550,0.0005097,0.073348,0.167898,0.1032426,0.1224088,0.194278,
551,0.0001564,0.0606574,0.1484954,0.1319349,0.070253,0.1764461,
552,0.0004061,0.0447852,0.0865059,0.106227,0.0598222,0.1159689,
553,0.0006231,0.0577291,0.1043182,0.101139,0.0891932,0.0743666,
554,0.0003275,0.0769853,0.0734466,0.1161213,0.0834695,0.1238958,
555,0.0004957,0.0644052,0.063114,0.067082,0.1014337,0.164853,
556,0.0005493,0.0459543,0.0805677,0.0800512,0.1096766,0.1324167,
557,0.00061,0.0878977,0.1358249,0.0855998,0.1740246,0.1985362,
558,0.000453,0.036316,0.1404481,0.0930396,0.1713231,0.207968,
559,0.0006545,0.0330037,0.1246664,0.0621551,0.0499292,0.1659924,
560,0.0007089,0.0188726,0.1482829,0.0781062,0.1045837,0.1794848,
561,0.0005472,0.0294126,0.1924053,0.1216209,0.1528691,0.2317789,
562,0.0005777,0.0261852,0.2074964,0.1194769,0.1179119,0.2266598,
563,0.0003256,0.0808898,0.1651257,0.0917308,0.0761903,0.2204094,
564,0.000441,0.0653002,0.1806671,0.0657217,0.1788854,0.2634732,
565,0.0005674,0.0673339,0.1571991,0.0566075,0.1737705,0.1888526,
566,0.0005401,0.0800043,0.1390285,0.0748775,0.182487,0.1074398,
567,0.0003845,0.0668868,0.0685093,0.0809156,0.1276193,0.0412324,
568,0.0001944,0.0834586,0.1421034,0.0833144,0.1425431,0.0482502,
569,0.0004627,0.0833259,0.1085177,0.0699766,0.1423239,0.0883384,
570,0.0004394,0.0631018,0.0813728,0.0882331,0.1119087,0.0326666,
571,0.0004989,0.102216,0.1170886,0.113404,0.0531415,0.0257892,
572,0.0006331,0.1304585,0.1138076,0.1561513,0.0846587,0.0257008,
573,0.0002491,0.1048596,0.0683488,0.1430609,0.0918374,0.0286758,
574,0.0005737,0.0781199,0.0764725,0.1427558,0.0993344,0.0749688,
575,0.0004044,0.0883146,0.097983,0.1838404,0.1087924,0.1055157,
576,0.0005995,0.1142069,0.0672953,0.2050377,0.1226707,0.0817358,
577,0.0002035,0.0786476,0.0673091,0.1309828,0.1295631,0.1254512,
578,0.0003338,0.022332,0.0659694,0.1256577,0.1254274,0.134728,
579,0.0005609,0.0164794,0.0393349,0.0596362,0.1038101,0.1321771,
580,0.0006529,0.0338635,0.0489446,0.0668832,0.1316524,0.1008094,
581,0.0003194,0.0538529,0.0618255,0.0733672,0.156102,0.1969094,
582,0.0003372,0.0886656,0.0961183,0.0642642,0.1654156,0.2913831,
583,0.0007224,0.1510468,0.1403805,0.0847893,0.2547613,0.2332947,
584,0.0003931,0.2038429,0.0750983,0.1249939,0.2817592,0.2923455,
585,0.0002667,0.1840995,0.0786933,0.0692374,0.199023,0.1654754,
586,0.0004875,0.1981056,0.0763097,0.0738839,0.1757191,0.1647519,
587,0.0001608,0.1402762,0.057426,0.0690109,0.1472813,0.1538463,
588,0.0004528,0.1393283,0.0943733,0.083305,0.176186,0.1985623,
589,0.0005838,0.2102769,0.1362382,0.1203608,0.1328719,0.1864716,
590,0.0004505,0.1925193,0.1351007,0.1392324,0.1420188,0.1802503,
591,0.0004064,0.1386463,0.148232,0.0946592,0.1118719,0.140209,
592,0.0003911,0.1235425,0.1361486,0.1236358,0.1095881,0.1108184,
593,0.0004963,0.0959137,0.0937418,0.1153913,0.1637414,0.0814862,
594,0.0003679,0.0382389,0.1774769,0.1516177,0.2266557,0.1213253,
595,0.0005807,0.0595816,0.0635912,0.0270561,0.0640164,0.0687472,
596,0.0005723,0.0460455,0.0470511,0.0411653,0.0186825,0.0975124,
597,0.0003906,0.0336795,0.0375577,0.0428539,0.0661143,0.1030425,
598,0.0005698,0.0675916,0.0597963,0.0484938,0.0697356,0.0834779,
599,0.0005501,0.0512933,0.0474859,0.0344033,0.0784123,0.0720704,
600,0.0004886,0.0636498,0.0725391,0.0489946,0.0383114,0.0952674,
601,0.0002612,0.061803,0.0726335,0.0580397,0.0493253,0.0922035,
602,0.0003736,0.0647681,0.1015221,0.0755365,0.0484976,0.1015348,
603,0.0005843,0.0581991,0.0974937,0.0893941,0.0645395,0.0981886,
604,0.0004035,0.0663158,0.0663777,0.077332,0.0188006,0.1329349,
605,0.0005011,0.048798,0.1297751,0.0871283,0.0606921,0.1905862,
606,0.0003981,0.0467086,0.1714485,0.0510538,0.0642763,0.2159797,
607,0.0006325,0.0697125,0.0790237,0.0712249,0.0644643,0.2039814,
608,0.0006595,0.0742597,0.1035121,0.0624776,0.0753291,0.2508227,
609,0.0004014,0.0822253,0.0409808,0.0473785,0.0413626,0.1398001,
610,0.0004867,0.063538,0.0310178,0.0456996,0.072686,0.0545045,
611,0.0004403,0.055818,0.0304738,0.0298788,0.0901255,0.0502425,
612,0.0005432,0.0682771,0.0504651,0.0512873,0.04725,0.0692002,
