#Time_ps,0,100,500,1000,3000,5000,
1,0.0003533,0.0806813,0.0864819,0.0767564,0.1867428,0.1370779,
2,0.0002434,0.0912069,0.0827543,0.0926747,0.1138322,0.1288027,
3,0.0006086,0.0505017,0.1019977,0.0449827,0.0885261,0.1049599,
4,0.0004977,0.0145443,0.0795619,0.0353394,0.0366715,0.1186337,
5,0.0005571,0.0234066,0.0732874,0.065704,0.0747606,0.0767174,
6,0.0005343,0.0497854,0.0548983,0.048232,0.03499,0.1626552,
7,0.000529,0.0782168,0.0321679,0.0637854,0.0305561,0.1308935,
8,0.000729,0.0586012,0.0470693,0.0625376,0.0206768,0.0575159,
9,0.0003745,0.0513667,0.0255171,0.0581102,0.0486254,0.0296634,
10,0.0003238,0.019524,0.0544144,0.0093026,0.056145,0.0388439,
11,0.000442,0.0251394,0.0494732,0.0375225,0.0861216,0.0387672,
12,0.0005689,0.0163383,0.059641,0.0063948,0.080164,0.0220817,
13,0.000677,0.022812,0.0554449,0.035494,0.0908208,0.0508966,
14,0.0006484,0.0333141,0.0126653,0.0278218,0.0986116,0.0547253,
15,0.0001473,0.0341282,0.0633548,0.09024,0.1618566,0.0709633,
16,0.0001649,0.0600313,0.0859223,0.1095381,0.1190306,0.0716295,
17,0.0004663,0.1336218,0.0570689,0.1034346,0.0566259,0.0669368,
18,0.0006969,0.118473,0.0656699,0.0965827,0.0536937,0.0803372,
19,0.0005094,0.1142603,0.0290159,0.0805486,0.0490323,0.0720665,
20,0.0004547,0.0888909,0.0471266,0.0722986,0.0240483,0.0616268,
21,0.000477,0.1128994,0.0729451,0.0783338,0.0584182,0.0701686,
22,0.0004703,0.1053947,0.1226079,0.0226555,0.0838212,0.1275359,
23,0.0005193,0.1937434,0.2439877,0.0544346,0.0925073,0.1344593,
24,0.0005234,0.1074879,0.2248618,0.0271168,0.1021437,0.0836418,
25,0.000377,0.1059089,0.1190145,0.0469097,0.0779832,0.066092,
26,0.0005084,0.09097,0.1270186,0.051381,0.0550366,0.0411803,
27,0.0005242,0.0802603,0.0934085,0.0371977,0.0581652,0.0697454,
28,0.0005332,0.1092848,0.0698016,0.0611938,0.0654151,0.0517515,
29,0.0005891,0.1275067,0.0683947,0.0826536,0.0621978,0.0376406,
30,0.0004093,0.087762,0.0431801,0.0528688,0.0891194,0.0464195,
31,0.0004018,0.0593947,0.0504449,0.1274022,0.0758718,0.0514948,
32,0.0004185,0.0462179,0.0497104,0.1443346,0.0987007,0.0549862,
33,0.0005947,0.1094799,0.0535641,0.1532219,0.100441,0.0600324,
34,0.0005468,0.0709689,0.0549288,0.1216303,0.0484019,0.0634211,
35,0.0006152,0.0551174,0.036813,0.1498358,0.0540538,0.0354346,
36,0.0004673,0.0752992,0.0059825,0.0802426,0.0310237,0.0328953,
37,0.000342,0.114545,0.0236272,0.069903,0.0476645,0.0250394,
38,0.0004254,0.0470823,0.0464079,0.0364636,0.0644351,0.0422149,
39,0.000438,0.0175968,0.0947246,0.068845,0.0382827,0.039985,
40,0.0006109,0.0267233,0.0284523,0.0474087,0.0177909,0.0384416,
41,0.0005132,0.1265508,0.053762,0.0514426,0.030731,0.0550665,
42,0.0005013,0.1621767,0.0905042,0.0657617,0.0564347,0.0851692,
43,0.0004762,0.1514917,0.1814017,0.108902,0.0818972,0.0822471,
44,0.0004259,0.14546,0.1710398,0.0695274,0.1074375,0.0597259,
45,0.0005356,0.1090543,0.2009576,0.0462672,0.1130118,0.0885896,
46,0.000355,0.1702236,0.2927327,0.0426436,0.1254754,0.1049256,
47,0.0004868,0.113831,0.1770169,0.0601596,0.1499496,0.0644145,
48,0.0004873,0.1306058,0.1243934,0.0962809,0.1299206,0.094683,
49,0.0003687,0.1333071,0.1003206,0.0942311,0.1303798,0.1172398,
50,0.0001861,0.1228513,0.0894685,0.1036158,0.1423542,0.1384955,
51,0.0007654,0.0947494,0.0660917,0.0532498,0.0985598,0.1581517,
52,0.0004098,0.0450326,0.1309058,0.0723321,0.0784228,0.1792051,
53,0.0005622,0.0772759,0.1226345,0.0785576,0.064526,0.1611874,
54,0.0005165,0.0986426,0.0754988,0.0804817,0.0386482,0.1568622,
55,0.0005819,0.1190216,0.1410587,0.0671384,0.0557601,0.1450005,
56,0.0001935,0.1204971,0.1590296,0.0394691,0.0838844,0.1573342,
57,0.000566,0.1131574,0.1157226,0.0459149,0.0847229,0.1134499,
58,0.0004941,0.1192828,0.0795339,0.0781823,0.1021676,0.0570298,
59,0.0006727,0.1141504,0.1758618,0.0485009,0.2194267,0.1628719,
60,0.0002344,0.0634514,0.1981285,0.0785296,0.2336003,0.1626253,
61,0.000446,0.0980587,0.1844039,0.0975128,0.238452,0.0877896,
62,0.0002347,0.1529728,0.114444,0.1108078,0.1874483,0.0821155,
63,0.0005374,0.138526,0.0891473,0.1600684,0.1465882,0.0708273,
64,0.0005294,0.1570663,0.0397011,0.1728066,0.1099626,0.0930897,
65,0.0005178,0.1199577,0.0316876,0.1287767,0.152244,0.1368015,
66,0.0002655,0.0984856,0.0564774,0.0979544,0.1176495,0.1257988,
67,0.0005062,0.0935305,0.085615,0.0340803,0.1143603,0.0647326,
68,0.0002333,0.0992871,0.0536839,0.0318478,0.0537116,0.0434228,
69,0.0004226,0.1065299,0.0761722,0.1218866,0.0456905,0.0747139,
70,0.0002803,0.1410297,0.0710782,0.182119,0.0925461,0.0275888,
71,0.000617,0.12593,0.0870179,0.3012384,0.2746128,0.1474319,
72,0.000425,0.1760662,0.1210653,0.2537206,0.1129798,0.0471235,
73,0.0005246,0.1719179,0.0656683,0.1284899,0.1051838,0.1026946,
74,0.0003593,0.1377781,0.0699728,0.1218844,0.0878935,0.0158079,
75,0.0004328,0.0590564,0.0659666,0.2031552,0.0947446,0.0677106,
76,0.0006563,0.0594237,0.0609732,0.1949127,0.0613907,0.1420016,
77,0.0004416,0.0652376,0.0343098,0.1372599,0.0603917,0.1256609,
78,0.0003773,0.0561777,0.053929,0.1071052,0.1090042,0.1158699,
79,0.0006773,0.0670841,0.0673527,0.1010499,0.0775063,0.1073263,
80,0.0006595,0.085677,0.0541643,0.1013964,0.0586596,0.1427819,
81,0.000431,0.064316,0.0653452,0.1100086,0.0587059,0.0939134,
82,0.0004258,0.0459594,0.0504448,0.1151365,0.0514391,0.0620007,
83,0.0005453,0.04873,0.1012241,0.1680595,0.0917358,0.0880132,
84,0.0006383,0.0521642,0.0657442,0.1717363,0.0652856,0.1192877,
85,0.0003881,0.052121,0.0363825,0.1089219,0.0659678,0.0443738,
86,0.0004028,0.050396,0.0352128,0.0738973,0.0635406,0.0718331,
87,0.0003044,0.0474252,0.0477867,0.0906276,0.0695171,0.0382544,
88,0.0003861,0.0368587,0.0692572,0.0814422,0.0388898,0.0397756,
89,0.0005445,0.0820186,0.0964926,0.0799759,0.0328387,0.0271409,
90,0.0004677,0.0415339,0.0739619,0.1471654,0.0752463,0.0535606,
91,0.0006545,0.0580884,0.0630395,0.1567027,0.071878,0.1365468,
92,0.0004645,0.0618768,0.0414273,0.1534186,0.092696,0.1865547,
93,0.0005978,0.0939488,0.0520442,0.1657314,0.1433182,0.1858819,
94,0.0005576,0.0888682,0.0760887,0.1798525,0.1375822,0.071715,
95,0.000512,0.0799961,0.0647138,0.1576173,0.0935767,0.0992758,
96,0.0005048,0.111896,0.0684811,0.1370298,0.0849169,0.215043,
97,0.000652,0.0547331,0.0484462,0.1389848,0.0927065,0.2176525,
98,0.0006774,0.0457749,0.0771709,0.138605,0.0682734,0.1234911,
99,0.0002964,0.0763682,0.0766043,0.119686,0.0616377,0.2016439,
100,0.0005203,0.0731999,0.0867472,0.1071793,0.0822188,0.1874686,
101,0.0004962,0.0609453,0.0903702,0.1152388,0.1278604,0.1252744,
102,0.0006479,0.0360588,0.0875519,0.1445652,0.140599,0.0941997,
103,0.0003989,0.0636718,0.0274038,0.1291573,0.0909861,0.055325,
104,0.0007143,0.036948,0.0206387,0.1072099,0.0786091,0.0722897,
105,0.0005187,0.069506,0.0179511,0.1187738,0.0682634,0.0590193,
106,0.0006689,0.0689312,0.0510691,0.0941115,0.0592949,0.1019066,
107,0.0005598,0.0322783,0.1008374,0.0890503,0.074186,0.1270289,
108,0.0006093,0.0458553,0.0688084,0.1018412,0.0770559,0.1055474,
109,0.000393,0.0604296,0.0526808,0.1008225,0.069809,0.0795668,
110,0.0006345,0.0601379,0.0401198,0.0682004,0.0611567,0.0763334,
111,0.0005018,0.0194426,0.0589094,0.0789853,0.0561303,0.0272781,
112,0.0005067,0.0201135,0.050004,0.0652867,0.0605421,0.0331036,
113,0.0002047,0.0412226,0.0324267,0.0550836,0.0208285,0.0205226,
114,0.0004553,0.0386868,0.0418395,0.0444243,0.0413107,0.0372217,
115,0.0004688,0.0443835,0.0652608,0.1442586,0.068414,0.0509989,
116,0.0004302,0.0716077,0.0716579,0.1532291,0.0955205,0.0397097,
117,0.0002954,0.0688642,0.1190409,0.0896175,0.0956147,0.099773,
118,0.0003528,0.0839275,0.096659,0.1129856,0.075276,0.1014753,
119,0.0007218,0.0883049,0.1092962,0.1553069,0.0855703,0.0632613,
120,0.00046,0.0883817,0.0708554,0.0230416,0.0575151,0.0776964,
121,0.0004067,0.0541397,0.0627209,0.0850502,0.0937753,0.0606385,
122,0.0004481,0.0612382,0.12644,0.0366992,0.1942078,0.1167479,
123,0.0002499,0.0332582,0.1249963,0.1274323,0.1890618,0.131366,
124,0.0005,0.0420256,0.1030398,0.1082098,0.1258622,0.1170666,
125,0.0005056,0.0363979,0.0529625,0.0870714,0.078445,0.0471365,
126,0.000602,0.0322247,0.0234899,0.0372422,0.069946,0.0350362,
127,0.0004546,0.0558433,0.0782844,0.0827082,0.0862314,0.0334349,
128,0.0005266,0.037438,0.0516577,0.069098,0.032235,0.0144332,
129,0.0006352,0.0451171,0.0683422,0.0622833,0.0394014,0.0348571,
130,0.0004404,0.062637,0.0666821,0.0713743,0.023554,0.0876517,
131,0.0004822,0.0604573,0.0283944,0.072771,0.053409,0.0767533,
132,0.0002502,0.0705991,0.0462929,0.1032498,0.1175434,0.1437718,
133,0.0001175,0.0708868,0.059898,0.1273787,0.137596,0.1639924,
134,0.0002393,0.0643024,0.061428,0.1081432,0.1118454,0.0930709,
135,0.0003056,0.0511313,0.0689652,0.0940822,0.1003335,0.0901041,
136,0.0003333,0.0596109,0.0502219,0.0688984,0.090415,0.0702165,
137,0.0004147,0.0976982,0.0256936,0.0479629,0.0731136,0.0525428,
138,0.0006997,0.0922904,0.0690971,0.0384083,0.0728332,0.0609916,
139,0.0003402,0.1085561,0.0258745,0.0568055,0.1028706,0.075809,
140,0.0004056,0.0753235,0.0922996,0.0280128,0.1181052,0.0819639,
141,0.000493,0.0862854,0.1400364,0.0578222,0.1386029,0.1473716,
142,0.0005937,0.1696591,0.1238386,0.0667637,0.2318147,0.1519787,
143,0.0006612,0.1084067,0.0951773,0.1388396,0.2298934,0.1578079,
144,0.0004771,0.0481402,0.1022047,0.0518368,0.1406419,0.0750402,
145,0.0004925,0.0800387,0.0733492,0.0369007,0.097311,0.0943971,
146,0.0003825,0.0839005,0.0660169,0.0664799,0.0967365,0.0899166,
147,0.0003966,0.0581985,0.0643376,0.0540137,0.0809481,0.038752,
148,0.0003387,0.0525389,0.0563528,0.0475776,0.0780543,0.0560772,
149,0.0005675,0.0317244,0.0479813,0.0713125,0.0361985,0.0796838,
150,0.0006191,0.0266087,0.0537994,0.0762419,0.0194159,0.0796729,
151,0.0005879,0.0297116,0.0552888,0.0997735,0.0565455,0.0709821,
152,0.0005407,0.0614162,0.0526098,0.073064,0.0486684,0.0385631,
153,0.0003581,0.0749396,0.1082858,0.0622463,0.0797023,0.0757579,
154,0.0004849,0.1164311,0.1945964,0.0938746,0.1455893,0.1883889,
155,0.0003833,0.1244084,0.1663809,0.0640342,0.1014601,0.1275326,
156,0.0004989,0.0633667,0.1205729,0.0449276,0.1134763,0.0735191,
157,0.0003958,0.0823949,0.0791262,0.0803914,0.1236752,0.0673103,
158,0.0004626,0.0412135,0.0937542,0.0754563,0.0497311,0.0999211,
159,0.0005377,0.0239441,0.0261705,0.1049813,0.0505732,0.0653398,
160,0.0003457,0.018484,0.0519935,0.0807397,0.0190425,0.0530146,
161,0.0005413,0.0352713,0.0398969,0.0466897,0.0334974,0.0401102,
162,0.0007307,0.0529096,0.0538891,0.0522578,0.0641963,0.0340195,
163,0.0003237,0.0940322,0.0606119,0.0342588,0.0806021,0.0551359,
164,0.0004715,0.1015572,0.0431248,0.0603788,0.074049,0.1032283,
165,0.0003228,0.089797,0.0986251,0.0586686,0.0736112,0.1057112,
166,0.0003852,0.1155645,0.0628282,0.0646374,0.1668404,0.1314566,
167,0.0006879,0.114566,0.079502,0.0959339,0.1595702,0.1185354,
168,0.0006033,0.1595244,0.1104933,0.1248931,0.1088311,0.1915368,
169,0.000525,0.1355807,0.0883299,0.1322755,0.1430753,0.2237071,
170,0.0007529,0.0927462,0.065448,0.0717449,0.1466626,0.1980786,
171,0.0004512,0.0661035,0.0299957,0.0587581,0.1071658,0.1134338,
172,0.0005723,0.0742668,0.0237372,0.079911,0.0939696,0.0990676,
173,0.0003801,0.0623201,0.014563,0.0790102,0.0623515,0.1015587,
174,0.0005149,0.0839616,0.0867082,0.0734813,0.0487618,0.0649894,
175,0.000495,0.0380791,0.0384781,0.0691284,0.029088,0.060508,
176,0.0001901,0.0407876,0.0182705,0.0912529,0.0131039,0.0753222,
177,0.0004167,0.0493521,0.0216745,0.0834357,0.0153836,0.085253,
178,0.0005772,0.0868149,0.0968882,0.0827593,0.0504962,0.1162905,
179,0.0006773,0.0457724,0.1076409,0.1264854,0.0495949,0.0732451,
180,0.0006024,0.0288906,0.0566118,0.092577,0.0525799,0.098601,
181,0.0004172,0.029579,0.0607132,0.0479798,0.085656,0.0916196,
182,0.0006623,0.0395752,0.0768578,0.0645071,0.0665782,0.0789106,
183,0.0004797,0.0223975,0.1210113,0.0467968,0.091188,0.037092,
184,0.0005329,0.0194023,0.1462307,0.0579235,0.0674977,0.0709997,
185,0.000541,0.0313298,0.1267369,0.0809281,0.0691167,0.0576961,
186,0.0003244,0.0693096,0.1754653,0.0741568,0.0648717,0.0296812,
187,0.0005336,0.0841718,0.1255845,0.0573743,0.0881369,0.0455574,
188,0.0006657,0.0970619,0.090722,0.0785049,0.1530592,0.0506653,
189,0.0006373,0.1368488,0.10815,0.1477654,0.1892608,0.1056759,
190,0.0005515,0.1137173,0.1307378,0.1723362,0.2308184,0.0972619,
191,0.0004521,0.0519477,0.1125348,0.091748,0.1395784,0.1238939,
192,0.0003008,0.0247016,0.1468608,0.0720533,0.0778272,0.0808078,
193,0.00012,0.0325903,0.0878236,0.1647362,0.0839308,0.1288541,
194,0.0004691,0.0318592,0.0603995,0.1927674,0.1744616,0.143984,
195,0.0004149,0.0462495,0.0582429,0.2140707,0.1684407,0.1533468,
196,0.0004009,0.0492999,0.108515,0.2752762,0.1099992,0.1274067,
197,0.0003796,0.0197988,0.0819097,0.1941841,0.1185637,0.1021599,
198,0.0004133,0.0364875,0.0692061,0.1578988,0.0824969,0.0725672,
199,0.0004906,0.0271904,0.0043446,0.1230221,0.0576325,0.0758629,
200,0.000578,0.0557813,0.0835985,0.1474108,0.0475735,0.04955,
201,0.0005669,0.0352903,0.0769793,0.1198587,0.0382933,0.0288008,
202,0.0005738,0.0135332,0.0446432,0.100138,0.0488031,0.0390115,
203,0.0007396,0.0302878,0.0448005,0.0903492,0.0662754,0.0338797,
204,0.0004146,0.0382005,0.0471659,0.0861842,0.0570541,0.0533158,
205,0.0003566,0.05335,0.0495471,0.0938736,0.0860698,0.0547046,
206,0.0004298,0.057012,0.0665423,0.0869684,0.0814181,0.0671486,
207,0.0004679,0.0564426,0.0389567,0.0647847,0.0985085,0.0503851,
208,0.000496,0.0474013,0.0541057,0.0772897,0.0816743,0.0394567,
209,0.0002666,0.0383341,0.0424092,0.0814343,0.0874223,0.050187,
210,0.000548,0.0393678,0.0472693,0.1071259,0.0800833,0.0279655,
211,0.0004495,0.0726079,0.0722004,0.1178128,0.0936366,0.0348616,
212,0.0004574,0.0723713,0.0983514,0.1046768,0.1348204,0.0226022,
213,0.0005976,0.0874596,0.110287,0.1298003,0.1252984,0.0606377,
214,0.0005471,0.0989928,0.1913698,0.1873539,0.1325089,0.0485097,
215,0.0004057,0.1430029,0.3240795,0.3018122,0.1250059,0.0333301,
216,0.0004955,0.0443293,0.1291699,0.1722189,0.1377568,0.0430119,
217,0.0005631,0.1063263,0.1196323,0.1783138,0.2301969,0.0410686,
218,0.0005299,0.1014252,0.145492,0.2177526,0.2300953,0.0485156,
219,0.0004455,0.1067949,0.124967,0.2245161,0.1807801,0.0580144,
220,0.000453,0.121515,0.1439949,0.1927498,0.1137453,0.0665344,
221,0.0006906,0.134806,0.1498081,0.2491964,0.0800379,0.0717053,
222,0.0005231,0.2428331,0.235526,0.3260779,0.0839129,0.0697791,
223,0.0005076,0.1940594,0.1639847,0.2978274,0.0893337,0.1153813,
224,0.0004323,0.1768133,0.146055,0.2937175,0.0833848,0.2204858,
225,0.0005387,0.1413794,0.1159606,0.3079847,0.0681426,0.1048689,
226,0.0006482,0.125034,0.1455203,0.3078161,0.1265984,0.068242,
227,0.0006342,0.1304452,0.0893389,0.2976527,0.0743525,0.0827367,
228,0.0005843,0.1394738,0.0834548,0.3062045,0.0878749,0.1070171,
229,0.0004441,0.109273,0.1324178,0.2558746,0.13588,0.0715139,
230,0.000648,0.0423597,0.091314,0.2147874,0.1281353,0.0525054,
231,0.0005073,0.0796496,0.0445805,0.2143383,0.091283,0.0941292,
232,0.000651,0.0688565,0.1232924,0.1830554,0.1416578,0.0978464,
233,0.0005918,0.0584569,0.1427116,0.1291758,0.1472857,0.0488178,
234,0.0006385,0.0386979,0.0978123,0.1296936,0.1403531,0.1762453,
235,0.0005154,0.0872075,0.0510318,0.1357408,0.1299803,0.1863123,
236,0.0006205,0.0851712,0.1071908,0.1114124,0.1547174,0.1301217,
237,0.0005414,0.0653369,0.0349253,0.0444719,0.0983583,0.0590741,
238,0.0004376,0.0326294,0.0479556,0.0897649,0.1019147,0.0606684,
239,0.0006245,0.0194004,0.0501206,0.0911921,0.0853999,0.0710465,
240,0.0002876,0.0403922,0.053302,0.1434627,0.0660763,0.0517426,
241,0.0004772,0.1077625,0.0620414,0.1519074,0.0942789,0.0635823,
242,0.0001962,0.0918489,0.1042932,0.1890113,0.064817,0.0730442,
243,0.0006605,0.1177283,0.1208858,0.2401756,0.0798929,0.104961,
244,0.0005448,0.1722065,0.1676375,0.2867718,0.0715598,0.059483,
245,0.0004705,0.1683193,0.1976161,0.2490021,0.1699473,0.066345,
246,0.0003588,0.1309572,0.2289663,0.2091909,0.116677,0.0618217,
247,0.0003174,0.1553309,0.2018101,0.1960866,0.1221199,0.0307434,
248,0.0004826,0.1476093,0.1202569,0.2417229,0.1532533,0.0257093,
249,0.0006294,0.1140568,0.0088461,0.1710577,0.1170911,0.0574069,
250,0.0004631,0.0513127,0.0668564,0.1802364,0.1000228,0.0528446,
251,0.0003702,0.0969688,0.1388885,0.2021527,0.1158669,0.1013369,
252,0.0003059,0.12479,0.1645824,0.1144242,0.1110851,0.0689505,
253,0.0005508,0.1241927,0.1289077,0.1078539,0.0734707,0.0582521,
254,0.000424,0.0944623,0.1077458,0.1232056,0.125095,0.038874,
255,0.0003366,0.1000735,0.1808487,0.1317347,0.185295,0.0783155,
256,0.0004383,0.127722,0.1901748,0.1490153,0.1704245,0.0546604,
257,0.0004927,0.1315101,0.2435157,0.1144858,0.1571845,0.0763569,
258,0.0005603,0.1027303,0.2065079,0.1224136,0.2214068,0.0613868,
259,0.000383,0.1243995,0.180454,0.1551847,0.1858055,0.056761,
260,0.0005157,0.0984348,0.1217925,0.136811,0.1322956,0.0393254,
261,0.0005924,0.0721342,0.0869334,0.1618751,0.0896284,0.0783326,
262,0.0006411,0.0651526,0.0966837,0.2223939,0.0510149,0.0587367,
263,0.0003468,0.0658301,0.0955656,0.1996624,0.0790354,0.0372331,
264,0.0005152,0.0934545,0.0779416,0.1554667,0.0782203,0.0270812,
265,0.0005963,0.068176,0.0677722,0.1875232,0.0595709,0.0467023,
266,0.0008175,0.0968104,0.072515,0.2215093,0.0891654,0.017678,
267,0.0004689,0.1081846,0.0761816,0.1758285,0.1187177,0.0042791,
268,0.0003265,0.1187814,0.051012,0.1357218,0.108539,0.0143708,
269,0.0005724,0.102325,0.0601115,0.141007,0.104185,0.025821,
270,0.0004211,0.0861926,0.0828208,0.1108031,0.1614488,0.0767804,
271,0.0005293,0.0768128,0.0834878,0.1589396,0.2175707,0.0555443,
272,0.0005539,0.0810393,0.1018289,0.1689829,0.1985895,0.1318019,
273,0.000465,0.1119535,0.1954392,0.1537381,0.2380971,0.1938384,
274,0.0001756,0.0987255,0.2173796,0.1822937,0.2985406,0.126195,
275,0.0005135,0.0651971,0.157465,0.1568659,0.2999658,0.0866913,
276,0.0005855,0.0704886,0.149381,0.1328562,0.2719133,0.0888577,
277,0.0005894,0.1291734,0.1349472,0.2611682,0.3101495,0.1081023,
278,0.0003346,0.1062337,0.1522295,0.2580666,0.299142,0.059287,
279,0.0006865,0.0251427,0.1631902,0.2096678,0.2124284,0.0647502,
280,0.0004437,0.0286965,0.1370633,0.1529341,0.1815567,0.0764279,
281,0.0003496,0.0472675,0.0553305,0.117076,0.1471466,0.039322,
282,0.0005568,0.0736698,0.0461323,0.1268162,0.1439646,0.0431793,
283,0.0001582,0.0481229,0.0648906,0.0770546,0.1740667,0.0187532,
284,0.0002819,0.0162262,0.0753507,0.068807,0.1519237,0.0564818,
285,0.0004305,0.0191619,0.0707195,0.0809931,0.1364314,0.0856414,
286,0.0006164,0.022835,0.0546294,0.0636934,0.1239875,0.0747707,
287,9.24e-05,0.0407117,0.069623,0.1000373,0.080052,0.0562953,
288,0.000581,0.0486905,0.0750371,0.1077367,0.0664382,0.0736927,
289,0.0003897,0.0369418,0.0653406,0.1122352,0.0296618,0.0573377,
290,0.0004095,0.038639,0.0354864,0.0761875,0.0237209,0.0423399,
291,0.0005205,0.0347495,0.0446723,0.0460458,0.0390661,0.0525328,
292,0.0005812,0.0475583,0.0700441,0.0882008,0.0438002,0.0282718,
293,0.0003834,0.0938927,0.0934068,0.1010166,0.0397901,0.0105071,
294,0.000663,0.0590543,0.0881464,0.0734626,0.061666,0.0133234,
295,0.0002759,0.0635007,0.0336641,0.0463379,0.0592231,0.0188056,
296,0.0004748,0.0432703,0.0378087,0.0369786,0.0568251,0.019875,
297,0.0003997,0.0407755,0.0590666,0.0391046,0.0572833,0.0294225,
298,0.0005324,0.0783936,0.0392529,0.0494579,0.0570827,0.0766229,
299,0.0004549,0.0959127,0.0577233,0.075875,0.0607025,0.0902865,
300,0.0005418,0.0816141,0.0657341,0.0545982,0.0909486,0.100397,
301,0.0004415,0.0640821,0.0590833,0.0829825,0.0555496,0.0704687,
302,0.0005211,0.0591122,0.0962517,0.0713967,0.0959063,0.0663759,
303,0.0004909,0.0579218,0.0756013,0.0612598,0.096192,0.1023793,
304,0.0005104,0.0480147,0.0702213,0.0546164,0.041312,0.0790381,
305,0.0005338,0.0658768,0.0557973,0.1048222,0.0679608,0.1220172,
306,0.0006998,0.0482114,0.1084443,0.0966893,0.1007723,0.1216058,
307,0.0004881,0.1212921,0.0884223,0.0952172,0.1139119,0.1189223,
308,0.0003765,0.1260524,0.053988,0.0735777,0.1033726,0.0908716,
309,0.0001534,0.1320437,0.017114,0.079313,0.0852836,0.0932095,
310,0.0006216,0.0728871,0.063708,0.0314672,0.0635831,0.0379723,
311,0.0007264,0.044573,0.0392255,0.0542576,0.0323997,0.1571679,
312,0.0004675,0.0257693,0.031311,0.0507601,0.0110008,0.0196247,
313,0.0005433,0.031376,0.0296637,0.0560129,0.0468159,0.0327466,
314,0.000665,0.0294175,0.049947,0.0255652,0.0975654,0.0292055,
315,0.0004911,0.027489,0.0323075,0.038522,0.0851639,0.0311118,
316,0.0006636,0.0203173,0.0406739,0.033477,0.0611469,0.038057,
317,0.0005648,0.0739379,0.0164557,0.0416626,0.0474018,0.0484866,
318,0.0004415,0.0902403,0.0354636,0.0558455,0.09075,0.0310526,
319,0.0005486,0.0407485,0.0334193,0.0546138,0.1072916,0.0293348,
320,0.0005918,0.0654069,0.0426684,0.0703472,0.097068,0.030534,
321,0.0003809,0.0838192,0.0442104,0.112099,0.1226977,0.0415265,
322,0.0004554,0.0635938,0.0133495,0.0818107,0.0676979,0.033277,
323,0.0005491,0.0535221,0.0403022,0.0828949,0.059179,0.0859511,
324,0.0004525,0.0795846,0.0098353,0.0741387,0.0931926,0.0570559,
325,0.0003187,0.0668423,0.0965325,0.0891742,0.1629219,0.0466889,
326,0.0005106,0.0579435,0.0987333,0.0573167,0.0889069,0.0603801,
327,0.000644,0.04373,0.0325831,0.112529,0.1021345,0.1109544,
328,0.000632,0.0686402,0.0231242,0.1647097,0.102263,0.1506064,
329,0.0003924,0.1106303,0.0997859,0.2040859,0.143545,0.2826021,
330,0.0004524,0.1258241,0.0299082,0.2100822,0.2427889,0.2485639,
331,0.0004523,0.0375561,0.0291458,0.1924825,0.1651614,0.1562733,
332,0.0005539,0.0514719,0.0826746,0.1744591,0.0599661,0.1171536,
333,0.0007361,0.0585745,0.0718049,0.1130753,0.0859959,0.0878641,
334,0.0005339,0.0446041,0.0489757,0.0851324,0.0659258,0.0896009,
335,0.0004186,0.0572077,0.0776064,0.0825352,0.0504027,0.0756843,
336,0.0002254,0.0783965,0.032118,0.0626938,0.0394721,0.0550725,
337,0.0005033,0.0670403,0.0324104,0.0137935,0.0154198,0.0338491,
338,0.0004461,0.0763285,0.0660127,0.0385163,0.0175608,0.032428,
339,0.0005331,0.0743056,0.0718579,0.0816859,0.0349784,0.0274352,
340,0.0006128,0.1103959,0.102586,0.1118833,0.0157558,0.027366,
341,0.0007648,0.0903832,0.0463551,0.0570909,0.0225259,0.0180119,
342,0.0007581,0.0779391,0.0384853,0.0388041,0.041733,0.0310805,
343,0.000511,0.0963994,0.0124969,0.0212293,0.0386128,0.0334814,
344,0.0005674,0.0561967,0.055459,0.1010747,0.0285128,0.0637552,
345,0.0006565,0.0359498,0.0525368,0.0704929,0.0424289,0.0943201,
346,0.0004515,0.0477356,0.0663636,0.113073,0.0515604,0.0609912,
347,0.0005354,0.0466208,0.0677441,0.1743894,0.0719842,0.050026,
348,0.0005182,0.042284,0.0980392,0.1497648,0.0356739,0.029469,
349,0.0005371,0.0645204,0.0909178,0.1970265,0.0149803,0.0674296,
350,0.0003733,0.0503601,0.0808902,0.2172649,0.078622,0.065931,
351,0.0005473,0.0555997,0.1204387,0.2912548,0.0916596,0.1019465,
352,0.00066,0.1649844,0.1774926,0.2255915,0.1942193,0.1019096,
353,0.0003095,0.1806606,0.1355948,0.2423319,0.2141503,0.0975178,
354,0.000547,0.0648375,0.0658788,0.1918133,0.1268774,0.0518786,
355,0.0003032,0.1161096,0.0385133,0.1296364,0.1037598,0.0505953,
356,0.0004924,0.1684813,0.0940687,0.1592981,0.0935692,0.0593581,
357,0.000452,0.1424181,0.1202515,0.1307024,0.0979146,0.0275967,
358,0.000632,0.1373477,0.1188874,0.1608864,0.1866248,0.0675357,
359,0.0004607,0.1147072,0.1051156,0.1653723,0.1467915,0.1255558,
360,0.0005058,0.0675765,0.0548811,0.1123896,0.1220881,0.0895605,
361,0.0003293,0.0818703,0.0497205,0.1594304,0.0995887,0.10447,
362,0.0004007,0.0836664,0.116631,0.1191362,0.0851598,0.1328475,
363,0.000359,0.0628394,0.078689,0.1160182,0.0746903,0.053083,
364,0.0004762,0.0834461,0.0685112,0.055641,0.0772633,0.0894621,
365,0.0005486,0.0922063,0.0592201,0.0981793,0.2462535,0.0841494,
366,0.0006485,0.1513642,0.0725448,0.1246189,0.4089806,0.1755237,
367,0.0002523,0.0907476,0.0561362,0.1069282,0.238297,0.1238074,
368,0.0003892,0.0585799,0.1331894,0.178986,0.1692142,0.1206001,
369,0.0006421,0.0033049,0.0427169,0.180693,0.0904842,0.074127,
370,0.0004253,0.0493692,0.0276192,0.1811514,0.0849154,0.0949316,
371,0.0006213,0.0520197,0.0135808,0.1181965,0.1337725,0.1094965,
372,0.0006417,0.0477531,0.0355014,0.084866,0.0289274,0.058584,
373,0.0003526,0.0500482,0.0471605,0.0798051,0.0703187,0.0388411,
374,0.0002675,0.1469316,0.0440088,0.0544895,0.0851997,0.0604749,
375,0.0007413,0.1105327,0.0419278,0.0618803,0.11297,0.0372235,
376,0.000654,0.0993351,0.0218957,0.0393598,0.1252178,0.0664749,
377,0.0003675,0.1601193,0.0743412,0.2151668,0.1329106,0.1905656,
378,0.0005088,0.1795959,0.3176548,0.0883796,0.0891701,0.1584207,
379,0.0005106,0.0955857,0.1965991,0.1153462,0.1097596,0.1885947,
380,0.0005297,0.1165156,0.0895077,0.1117071,0.1125757,0.1186197,
381,0.0005984,0.1077126,0.0535989,0.1168495,0.1167129,0.0910749,
382,0.0005978,0.1544769,0.0383407,0.1811582,0.0840133,0.1339509,
383,0.0002888,0.0486706,0.0519434,0.1201456,0.0675452,0.0934002,
384,0.000597,0.0547957,0.0499303,0.117541,0.0691648,0.0643812,
385,0.0006286,0.0542857,0.029013,0.1515642,0.091357,0.0550996,
386,0.0006379,0.0667448,0.0267512,0.0914391,0.0957768,0.0598361,
387,0.0003999,0.0922877,0.0439267,0.067643,0.1107565,0.0730568,
388,0.0005047,0.0601633,0.0287005,0.0788167,0.1114288,0.0667098,
389,0.0007878,0.0637446,0.1057471,0.0695945,0.0476795,0.1089822,
390,0.0004514,0.0407622,0.0836239,0.10784,0.0389344,0.0913483,
391,0.0004862,0.0480388,0.0411472,0.0920069,0.0360632,0.0818997,
392,0.0005726,0.0388285,0.0534125,0.0501248,0.0442159,0.0589855,
393,0.0007058,0.0857052,0.0644042,0.063315,0.0356096,0.0821116,
394,0.0007779,0.0399651,0.0283461,0.0637333,0.0665102,0.0692973,
395,0.0006234,0.0685638,0.030653,0.0950361,0.0672256,0.0167322,
396,0.0004172,0.0547675,0.0408752,0.1071592,0.0602329,0.0550863,
397,0.0001795,0.0970165,0.0577093,0.1275547,0.0521574,0.0691587,
398,0.0005508,0.0846004,0.1415354,0.1650338,0.052131,0.0697464,
399,0.0003892,0.0752477,0.1215962,0.0923499,0.0574487,0.0901291,
400,0.0007629,0.0445067,0.1018147,0.102352,0.0517835,0.0534654,
401,0.0005096,0.0788012,0.0455833,0.0607359,0.0519538,0.0587997,
402,0.0005334,0.160025,0.0392801,0.0767258,0.0280532,0.1445923,
403,0.0003315,0.0972836,0.0701951,0.0406718,0.0212254,0.0571809,
404,0.000532,0.1083745,0.0449738,0.0564158,0.0314639,0.0074762,
405,0.0004784,0.0755347,0.0715152,0.0894057,0.0218034,0.0713393,
406,0.0003723,0.0764399,0.0395198,0.1303106,0.0358048,0.1035677,
407,0.0003796,0.0629975,0.0465254,0.1297524,0.0420967,0.102775,
408,0.0004665,0.0576049,0.0596901,0.0793236,0.0315089,0.0757906,
409,0.0004278,0.0614054,0.0427344,0.1100549,0.1066828,0.1127633,
410,0.0004121,0.0211494,0.0374797,0.1251211,0.1094897,0.0842066,
411,0.0006333,0.036307,0.0863043,0.0906428,0.0739103,0.0598801,
412,0.0005617,0.0359307,0.0607033,0.0323793,0.1102405,0.0675376,
413,0.0004963,0.0259164,0.0602305,0.0722423,0.1236726,0.0608192,
414,0.0005141,0.0479377,0.0377648,0.0749591,0.1170553,0.0621542,
415,0.0004817,0.0322836,0.0654026,0.0833444,0.0986498,0.0686734,
416,0.0006642,0.0318581,0.0545819,0.0775297,0.1147486,0.1037411,
417,0.0004865,0.0430654,0.0163261,0.0887137,0.1148157,0.0602203,
418,0.0005754,0.055338,0.0104518,0.0973453,0.1033862,0.0527275,
419,0.0005949,0.0346783,0.0101088,0.080086,0.1037429,0.0626286,
420,0.0002681,0.0012494,0.0301058,0.0570588,0.0347696,0.0644503,
421,0.0004219,0.0205604,0.0274936,0.0390788,0.0640751,0.0538742,
422,0.0004551,0.0307243,0.1014971,0.0671793,0.0377324,0.0445561,
423,0.0004433,0.0178174,0.0829672,0.0634836,0.0276481,0.0291446,
424,0.0006995,0.0560265,0.0924427,0.0659596,0.0387433,0.0267927,
425,0.0004848,0.0632525,0.0816419,0.1113459,0.1194955,0.1456461,
426,0.0004426,0.0688143,0.144105,0.0343981,0.060948,0.0756469,
427,0.0004811,0.034927,0.1354399,0.0487569,0.0625466,0.0701532,
428,0.0006138,0.0435291,0.0866866,0.0778994,0.0345807,0.1064529,
429,0.0002515,0.0300126,0.1162611,0.0692451,0.0425215,0.1050505,
430,0.0005928,0.0302114,0.0715324,0.0770191,0.0198345,0.0732813,
431,0.0006784,0.0367159,0.0544936,0.0127176,0.0352932,0.0533415,
432,0.0005822,0.0557963,0.012087,0.0758156,0.0345183,0.0918555,
433,0.0004562,0.0439628,0.0189068,0.0822143,0.0352759,0.0809432,
434,0.0005109,0.0192581,0.0172788,0.1041212,0.0446453,0.0718794,
435,0.0005333,0.0543613,0.0306879,0.0528293,0.0888903,0.0408256,
436,0.0005215,0.0125455,0.0319426,0.0943078,0.0827375,0.0453149,
437,0.0004503,0.048352,0.0572565,0.0892554,0.0890228,0.0911573,
438,0.0004502,0.056266,0.1011918,0.064443,0.105933,0.09501,
439,0.0005738,0.0618275,0.0879014,0.1016834,0.1295777,0.042716,
440,0.0005753,0.0664932,0.0536102,0.1253735,0.1159807,0.0341522,
441,0.0005334,0.0353196,0.0336599,0.1408159,0.0846001,0.0705635,
442,0.0004211,0.0385516,0.0449116,0.0916068,0.1000089,0.1095554,
443,0.0006204,0.1003368,0.0648253,0.1082498,0.1060074,0.1017772,
444,0.0003984,0.0827121,0.0684073,0.1286352,0.1104042,0.0886147,
445,0.0006172,0.0472931,0.0753415,0.0445769,0.0862853,0.0925625,
446,0.0006095,0.0531403,0.0794741,0.0422058,0.0223744,0.0921852,
447,0.0004561,0.0442757,0.0898924,0.0777754,0.0282616,0.0770386,
448,0.0005332,0.0570391,0.1424293,0.0943366,0.0404984,0.1797966,
449,0.0004161,0.0420175,0.1384864,0.0830518,0.1076209,0.0923548,
450,0.0002854,0.0469849,0.1070029,0.072594,0.0493141,0.0410594,
451,0.0005841,0.0267117,0.0637242,0.0794021,0.0339621,0.0801548,
452,0.0005681,0.0238215,0.0347051,0.0785908,0.0324417,0.114354,
453,0.0003619,0.0314364,0.0398786,0.0584581,0.0658161,0.0758323,
454,0.0006893,0.037839,0.0488307,0.0550708,0.0489267,0.0471762,
455,0.0006135,0.0339666,0.0342308,0.0660984,0.0538092,0.0454265,
456,0.0003402,0.0231645,0.0565919,0.0511076,0.0473446,0.0553212,
457,0.0006458,0.0150251,0.0700353,0.0261171,0.0539368,0.0673536,
458,0.0004346,0.0181976,0.1244487,0.0600201,0.0284281,0.0582772,
459,0.0007467,0.080827,0.1618438,0.1075299,0.035609,0.0847004,
460,0.0003887,0.0730862,0.1608081,0.0967068,0.0307487,0.114288,
461,0.0005906,0.0713143,0.1265744,0.1032383,0.033598,0.0952052,
462,0.0006217,0.0708887,0.0765047,0.1102179,0.0390165,0.0540364,
463,0.0003074,0.0335768,0.0375457,0.0875065,0.0148665,0.0651603,
464,0.0004886,0.0479905,0.0067553,0.0685284,0.0756751,0.0547459,
465,0.0005544,0.039514,0.0277142,0.0648829,0.0426247,0.0265476,
466,0.0005106,0.0211076,0.0171353,0.0334189,0.0644935,0.0386334,
467,0.0004612,0.0255526,0.0365314,0.0657719,0.0483192,0.0208451,
468,0.0004174,0.0127353,0.0528069,0.0307407,0.0481603,0.0303066,
469,0.000422,0.0420038,0.0196143,0.041944,0.0328057,0.0602348,
470,0.0006734,0.0261867,0.0315465,0.0878733,0.0461204,0.0491309,
471,0.0001669,0.0589579,0.0332733,0.0893891,0.126671,0.0802913,
472,0.0004506,0.0442347,0.0430024,0.1125669,0.0964925,0.0844847,
473,0.0003417,0.081626,0.0224744,0.1327505,0.0482771,0.0816103,
474,0.0004641,0.1768868,0.0534632,0.1500556,0.0630261,0.0719294,
475,0.0003982,0.17012,0.0861427,0.1335184,0.1596069,0.1281208,
476,0.0007725,0.0883428,0.087844,0.1153628,0.0993379,0.1103566,
477,0.0006198,0.0868863,0.0407597,0.1084935,0.0467103,0.0858032,
478,0.0003944,0.0456702,0.0334622,0.094972,0.0543013,0.0785301,
479,0.0005694,0.0749411,0.030314,0.0968405,0.0460166,0.0758652,
480,0.0005896,0.0489091,0.0325279,0.0678948,0.070307,0.0345203,
481,0.0004754,0.0432322,0.0273312,0.0589094,0.0276733,0.0289746,
482,0.0001432,0.0403475,0.0383359,0.0657087,0.0387029,0.0621287,
483,0.0005216,0.0307754,0.0921343,0.1127431,0.0557216,0.0895793,
484,0.0004883,0.0419677,0.1072952,0.2023244,0.1627075,0.1248066,
485,0.0002553,0.0632672,0.0828621,0.1406504,0.1322657,0.0953538,
486,0.0005661,0.0518859,0.0569404,0.0711769,0.0688679,0.0590542,
487,0.0005655,0.0360544,0.0499861,0.0600746,0.0829138,0.0081398,
488,0.0006183,0.0751991,0.0559912,0.0346101,0.0879934,0.0379554,
489,0.0002162,0.0945894,0.0860146,0.0865606,0.1218494,0.0635799,
490,0.000226,0.0801871,0.1803486,0.1558306,0.0659755,0.0630421,
491,0.0004736,0.0579276,0.0899776,0.1551951,0.1207446,0.0274761,
492,0.0005286,0.0931619,0.0712211,0.1746757,0.1365624,0.0612876,
493,0.0007049,0.0621237,0.0671981,0.1798061,0.1529616,0.0512991,
494,0.0003658,0.1081194,0.0678543,0.152121,0.0430995,0.0719793,
495,0.0005706,0.1160706,0.0520384,0.0837858,0.0998253,0.0582313,
496,0.0004876,0.1325264,0.0744117,0.1302487,0.0574955,0.1148041,
497,0.0005701,0.0929638,0.1158903,0.1784339,0.1078458,0.0682967,
498,0.0003156,0.0842417,0.1357349,0.2252931,0.1563609,0.0580748,
499,0.0002997,0.0803847,0.1019273,0.1984424,0.1217308,0.1706719,
500,0.0004605,0.0643202,0.0251068,0.174506,0.0605911,0.2350297,
501,0.0004013,0.0265454,0.0351191,0.1273013,0.0543626,0.5869257,
502,0.0004871,0.0265133,0.0288779,0.1368671,0.046368,0.4804296,
503,0.000667,0.0252317,0.1282254,0.1494914,0.086821,0.1370918,
504,0.000207,0.036194,0.1344681,0.1285144,0.0983892,0.1071717,
505,0.0003699,0.0654843,0.1164983,0.0834868,0.0870991,0.088799,
506,0.000585,0.0823495,0.1046182,0.1169081,0.0806105,0.0584007,
507,0.0005131,0.0804262,0.0775311,0.1012495,0.0470233,0.0264048,
508,0.0006297,0.0704434,0.0476003,0.0531178,0.0250681,0.0521311,
509,0.0001181,0.0690899,0.0679287,0.0558099,0.0352883,0.0558115,
510,0.0005818,0.0635407,0.0539466,0.0547989,0.0201439,0.0523953,
511,0.0005308,0.0646987,0.0414756,0.0510311,0.0325494,0.025173,
512,0.0006867,0.019013,0.0559408,0.0174124,0.0535363,0.0618569,
513,0.0004271,0.0820829,0.0447523,0.0171458,0.07469,0.1012166,
514,0.0004556,0.0737566,0.0166301,0.0332668,0.1080308,0.1193954,
515,0.0004111,0.0814594,0.0083337,0.0507004,0.1239528,0.1575238,
516,0.0005355,0.0995767,0.0133181,0.0178036,0.1033728,0.1813643,
517,0.0003599,0.117765,0.0213188,0.0195497,0.1105448,0.2042901,
518,0.0006403,0.1272348,0.0294964,0.0710812,0.1460005,0.1663411,
519,0.0004174,0.162797,0.0236259,0.1113112,0.1339104,0.1506017,
520,0.0002734,0.1691523,0.0242472,0.0390964,0.17979,0.2425355,
521,0.0005312,0.0517135,0.0665428,0.0917551,0.1770251,0.2455032,
522,0.0005754,0.1172077,0.034605,0.113209,0.1372445,0.2148992,
523,0.0005121,0.1156236,0.0378446,0.128443,0.1591859,0.2596423,
524,0.0003483,0.1556367,0.0739924,0.0813574,0.1990941,0.2596028,
525,0.0003803,0.0962347,0.0682794,0.0640504,0.1492387,0.2192796,
526,0.0005538,0.0829466,0.0531052,0.1215104,0.1515754,0.1912273,
527,0.0006357,0.0794487,0.0592905,0.1035667,0.1396573,0.1432094,
528,0.0003921,0.1207179,0.2099878,0.1544607,0.2205629,0.1849939,
529,0.0004869,0.1049683,0.1473552,0.1491107,0.2287955,0.1111052,
530,0.0004465,0.1411447,0.1358931,0.1863962,0.2072044,0.2163169,
531,0.0005863,0.071249,0.1288111,0.2252428,0.097943,0.1491159,
532,0.0006723,0.0425351,0.1075825,0.1217119,0.0476502,0.1293503,
533,0.0002525,0.0806931,0.1017418,0.0547542,0.0813934,0.130237,
534,0.0002763,0.1129824,0.0800334,0.0553467,0.1733501,0.1118236,
535,0.0001478,0.0828318,0.0688973,0.1209719,0.1750818,0.09564,
536,0.0003333,0.0697164,0.0365581,0.0391289,0.1646009,0.105781,
537,0.0005139,0.1202408,0.0466155,0.1029261,0.1752518,0.0533514,
538,0.0002797,0.1789837,0.0349966,0.1803295,0.2215402,0.16977,
539,0.0002841,0.1935923,0.0759185,0.2117129,0.1628553,0.2296073,
540,0.0003866,0.1166018,0.0845213,0.0838194,0.0721454,0.0983703,
541,0.0006071,0.1010578,0.2921849,0.1752045,0.129659,0.0121224,
542,0.0004374,0.0868546,0.1644845,0.1398907,0.1272874,0.0550344,
543,0.0005632,0.1056281,0.1119084,0.1128367,0.1200879,0.0775276,
544,0.0005902,0.0802457,0.1287745,0.1295208,0.1209101,0.0657747,
545,0.0004299,0.0316609,0.1045666,0.0990294,0.0889367,0.0580699,
546,0.0002532,0.0476199,0.0536447,0.1162406,0.1455879,0.0770722,
547,0.0003793,0.0514378,0.0530241,0.1588327,0.1889023,0.0854472,
548,0.0004833,0.0330371,0.046504,0.0984108,0.1203263,0.0655252,
549,0.0002031,0.011928,0.0647322,0.0726568,0.0758266,0.1607611,
550,0.0004853,0.0342655,0.1150711,0.0549127,0.1042475,0.1999004,
551,0.0006176,0.0883086,0.0925083,0.0484588,0.0809354,0.1648379,
552,0.0003068,0.0803936,0.0860739,0.0507093,0.0831913,0.1116949,
553,0.0003657,0.0592014,0.1100577,0.0592817,0.0968968,0.1485472,
554,0.0007775,0.0364764,0.0523286,0.0574367,0.0838796,0.2273432,
555,0.0007414,0.0584611,0.0365921,0.0306009,0.1016127,0.1708716,
556,0.0005076,0.0754699,0.0519964,0.0594869,0.1114329,0.176905,
557,0.0005157,0.0814073,0.0814596,0.0606685,0.151847,0.2934729,
558,0.0004332,0.0885509,0.078156,0.0471814,0.196257,0.2913331,
559,0.0004957,0.0711182,0.0831857,0.0167482,0.1878201,0.2320862,
560,0.0005973,0.0661905,0.0870967,0.0277468,0.1316622,0.2169899,
561,0.0003616,0.0612895,0.0467666,0.0064075,0.1974327,0.2986003,
562,0.0005122,0.0394385,0.0565439,0.0548778,0.23972,0.3936495,
563,0.0006729,0.0795392,0.0302105,0.0304033,0.213509,0.3138386,
564,0.000537,0.0860595,0.0589316,0.0407794,0.1648118,0.2270696,
565,0.0006487,0.1221647,0.041757,0.0422232,0.1733452,0.1779106,
566,0.0005088,0.0994474,0.0282823,0.106428,0.1157849,0.1337506,
567,0.0008081,0.0778337,0.0293082,0.1003814,0.0799694,0.1125928,
568,0.0002353,0.0619112,0.0539757,0.1039845,0.0478654,0.0866248,
569,0.0004405,0.0850979,0.0771755,0.1176219,0.0728514,0.0914544,
570,0.0005659,0.0852281,0.064558,0.1575415,0.0503148,0.1129416,
571,0.000219,0.0418428,0.0340676,0.115748,0.0393568,0.0272139,
572,0.0006569,0.0381243,0.0488998,0.1147035,0.0687694,0.0554883,
573,0.0002536,0.0623179,0.0634862,0.1606531,0.0733286,0.0549631,
574,0.0003604,0.0567764,0.0760008,0.1142301,0.0648665,0.0634612,
575,0.0007247,0.0449927,0.0945656,0.1572593,0.0698807,0.0609305,
576,0.0006368,0.0568835,0.0613191,0.2106663,0.1077046,0.0282893,
577,0.0004454,0.0923876,0.051084,0.1837857,0.0803206,0.0484331,
578,0.0004267,0.0822048,0.1067482,0.1676603,0.051009,0.060802,
579,0.00069,0.1173349,0.1039755,0.1733597,0.1264711,0.1546525,
580,0.0007216,0.1243931,0.0436431,0.2117743,0.1951266,0.1659862,
581,0.0005147,0.0462221,0.0460755,0.0587134,0.2434957,0.2550016,
582,0.000289,0.0461616,0.0564929,0.1323459,0.3089989,0.3608276,
583,0.0004601,0.033691,0.0338271,0.195084,0.37026,0.3610282,
584,0.0004014,0.0415876,0.0154362,0.1317055,0.3913722,0.3505298,
585,0.0006141,0.0682946,0.0614527,0.0543089,0.2397377,0.2960211,
586,0.0006161,0.0954457,0.0565807,0.0625179,0.1091694,0.1339746,
587,0.0003408,0.1203098,0.0170502,0.0301799,0.1097026,0.1357555,
588,0.00034,0.1009677,0.0178535,0.0458149,0.0810059,0.1187939,
589,0.0002912,0.1436635,0.0559262,0.0863392,0.1403154,0.0890062,
590,0.0005518,0.1140264,0.0348031,0.0379696,0.1014618,0.1065025,
591,0.0006678,0.0544992,0.0557629,0.0672479,0.0748015,0.1152842,
592,0.0004244,0.0418924,0.0686973,0.0357326,0.134436,0.0901171,
593,0.0005571,0.097221,0.083162,0.0446722,0.1134894,0.1047883,
594,0.0002898,0.0790742,0.114187,0.1161136,0.106299,0.0344899,
595,0.0004795,0.0876782,0.0223013,0.0554062,0.0606585,0.0319386,
596,0.000674,0.0474222,0.0269789,0.0718652,0.0482613,0.0248781,
597,0.000537,0.0604282,0.0085328,0.0378098,0.0501771,0.0592784,
598,0.0006511,0.0663517,0.0404263,0.0569334,0.0878507,0.0177621,
599,0.0005633,0.0585043,0.0431826,0.0912135,0.1221662,0.1810561,
600,0.0001925,0.108907,0.0565093,0.1355073,0.2054818,0.2314961,
601,0.0006399,0.0808043,0.0218909,0.1004266,0.1290357,0.2187504,
602,0.0005876,0.0407471,0.098274,0.0598987,0.1440095,0.2241936,
603,0.0006272,0.1092135,0.129524,0.0785205,0.1912804,0.2736093,
604,0.0005016,0.0975436,0.1383783,0.0974412,0.1938113,0.2825537,
605,0.0005029,0.0441899,0.2010572,0.0689352,0.2282066,0.3070442,
606,0.0002737,0.103686,0.2006074,0.0143764,0.1612958,0.1851083,
607,0.0005165,0.0860376,0.3036664,0.0368619,0.0835345,0.094184,
608,0.0004596,0.0772474,0.2793612,0.1058332,0.0361262,0.0931208,
609,0.0002626,0.101798,0.1977481,0.0542186,0.1381604,0.2078807,
610,0.0005415,0.0423066,0.1623706,0.0869402,0.0833351,0.0990991,
611,0.0001753,0.0497456,0.1927507,0.0512474,0.0687896,0.1314495,
612,0.0006838,0.0352902,0.2084155,0.0582455,0.0698592,0.1487475,
