#Time_ps,0,100,500,1000,3000,5000,
1,0.0004273,0.0500152,0.1021501,0.0853881,0.0446204,0.1266657,
2,0.0004219,0.0635851,0.0749018,0.0924352,0.0935906,0.0811542,
3,0.0006514,0.0820239,0.1209404,0.042184,0.0807837,0.0810342,
4,0.0004789,0.0719146,0.1289854,0.0356738,0.0218601,0.0413516,
5,0.0005396,0.0392948,0.1042318,0.0459073,0.0573301,0.0399492,
6,0.0006366,0.0305991,0.0425875,0.0210174,0.0282252,0.0098204,
7,0.0005694,0.0203809,0.0593241,0.0261838,0.0556789,0.0328514,
8,0.0004264,0.0157614,0.0607542,0.0224405,0.0595552,0.0412955,
9,0.0001991,0.0369306,0.0217686,0.0831545,0.0507848,0.0114574,
10,0.0004443,0.0390408,0.0748156,0.0710724,0.0459896,0.0232119,
11,0.0005657,0.0707549,0.0697616,0.030972,0.0313373,0.0464632,
12,0.0007277,0.0845409,0.021477,0.0749059,0.0587113,0.0279454,
13,0.0003398,0.0250778,0.0183126,0.0618735,0.0508329,0.0321552,
14,0.0002084,0.0158495,0.0276449,0.0357218,0.0476308,0.038639,
15,0.0003893,0.0719856,0.0176983,0.0587131,0.0880516,0.1941091,
16,0.0003663,0.0263924,0.1009102,0.0247743,0.0713316,0.055647,
17,0.0004829,0.0393791,0.0696173,0.0342402,0.0740922,0.0566434,
18,0.0005383,0.0374834,0.044334,0.02543,0.0945029,0.0751235,
19,0.0006407,0.053798,0.0399718,0.0322193,0.0924356,0.0819895,
20,0.0005336,0.0722402,0.0633832,0.0272156,0.0864378,0.0752514,
21,0.0005216,0.141614,0.0587185,0.0536548,0.0641621,0.0643101,
22,0.0002983,0.1777009,0.0506425,0.0629461,0.0382531,0.1015221,
23,0.0004476,0.2540957,0.0443172,0.0902599,0.0740699,0.108464,
24,0.0006753,0.2409047,0.0530554,0.1141925,0.0709077,0.083077,
25,0.000762,0.149518,0.0639076,0.0579189,0.0378904,0.1001619,
26,0.0003419,0.1379125,0.0506963,0.0226359,0.0716215,0.1042937,
27,0.0005301,0.0770545,0.0511425,0.0421048,0.082236,0.1072677,
28,0.0004445,0.0539604,0.0578152,0.0232106,0.0841559,0.0583856,
29,0.0005685,0.0270462,0.059377,0.0127196,0.0875075,0.0881423,
30,0.0002925,0.02697,0.0479046,0.0306917,0.0583766,0.0676185,
31,0.0004038,0.032324,0.0619176,0.0522581,0.1196174,0.0891429,
32,0.0006766,0.042509,0.0572837,0.0312205,0.1048514,0.0362039,
33,0.0007784,0.0507238,0.1199257,0.0460806,0.0891235,0.1394144,
34,0.0003046,0.0365738,0.1138389,0.0885972,0.0663481,0.0966893,
35,0.0007103,0.0291983,0.0684903,0.1100144,0.1093197,0.1295119,
36,0.0007282,0.0303341,0.0674288,0.0572744,0.1060716,0.0813203,
37,0.0004502,0.0228398,0.0669086,0.0499677,0.0402258,0.0873951,
38,0.000149,0.0297502,0.0761472,0.0365447,0.0697824,0.1044706,
39,0.0005404,0.0575101,0.0624873,0.0647124,0.1024284,0.0974001,
40,0.0003398,0.0400897,0.0731377,0.031265,0.031734,0.1007206,
41,0.0007403,0.0469385,0.0666229,0.0327351,0.0712938,0.0977666,
42,0.0005394,0.0430442,0.0643514,0.028586,0.0670813,0.1110981,
43,0.0004212,0.0154999,0.0937972,0.0101868,0.0611028,0.1050992,
44,0.0001956,0.0243683,0.0800887,0.0258985,0.076755,0.1389214,
45,0.0004979,0.0220304,0.1277548,0.0478404,0.0444038,0.1550031,
46,0.0006337,0.0796702,0.1217421,0.1115807,0.100973,0.1654559,
47,0.0005084,0.0971879,0.1287646,0.1138589,0.0819658,0.177905,
48,0.000458,0.1126048,0.0990332,0.1008106,0.052095,0.0749216,
49,0.0005261,0.0933129,0.0935318,0.1365152,0.0720609,0.0702872,
50,0.0005401,0.1637544,0.1012531,0.1630088,0.0551328,0.0549241,
51,0.0002907,0.1490257,0.1158228,0.0981513,0.0912144,0.0633165,
52,0.0005533,0.1115167,0.0357019,0.1110839,0.0422831,0.0720087,
53,0.000639,0.1601032,0.0414293,0.1105929,0.0814601,0.0624192,
54,0.0006065,0.0838564,0.0720846,0.0729677,0.0981767,0.0146414,
55,0.0006498,0.1123471,0.0798912,0.0692018,0.115405,0.0592843,
56,0.0005499,0.1060056,0.0811217,0.0618763,0.1427397,0.1093857,
57,0.0005895,0.105615,0.083852,0.0980482,0.1303809,0.0790735,
58,0.0004279,0.102637,0.0980686,0.099675,0.146046,0.0478674,
59,0.0005297,0.0811417,0.0913913,0.112913,0.2269433,0.034538,
60,0.0005699,0.0910032,0.0891303,0.1598921,0.2373042,0.0820885,
61,0.0002133,0.1598787,0.1637536,0.2070247,0.1670257,0.0880314,
62,0.0005989,0.1393361,0.1601228,0.1175627,0.1151517,0.1591627,
63,0.0007007,0.1121421,0.1440589,0.0173098,0.0676423,0.1960367,
64,0.0004852,0.1596016,0.1742777,0.050858,0.0728551,0.1779279,
65,0.0007005,0.1363535,0.1146801,0.0506358,0.0896881,0.1085828,
66,0.0002655,0.1832187,0.1080521,0.0186755,0.0402649,0.0488754,
67,0.0002926,0.1725573,0.0903723,0.0382879,0.0865853,0.0745673,
68,0.0006388,0.0990607,0.0694301,0.0502849,0.126108,0.0853887,
69,0.0003764,0.0894215,0.0448448,0.0735386,0.1337332,0.0593351,
70,0.0004193,0.0632823,0.0653014,0.1186564,0.0354073,0.0677904,
71,0.0003084,0.0686522,0.2393517,0.1591846,0.1321401,0.0636642,
72,0.0006164,0.064547,0.1048089,0.1342724,0.262599,0.1415465,
73,0.0005361,0.0314049,0.0421914,0.041713,0.0930377,0.1279621,
74,0.0006402,0.0628709,0.0654617,0.0248948,0.0627391,0.1054869,
75,0.000552,0.0725712,0.1006833,0.0449151,0.0456854,0.1034492,
76,0.0005632,0.0474943,0.097829,0.0446546,0.0780405,0.079904,
77,0.00053,0.0399289,0.1054225,0.0540599,0.0384531,0.0727936,
78,0.0004694,0.0634369,0.0809232,0.0596091,0.061123,0.07148,
79,0.0003543,0.067204,0.1250182,0.0285673,0.0682626,0.0756418,
80,0.0007063,0.0427942,0.1411373,0.0475384,0.0685926,0.1130458,
81,0.0003728,0.0439671,0.14735,0.0295393,0.087354,0.1045407,
82,0.0005619,0.0254059,0.0787728,0.0325555,0.0627713,0.0722168,
83,0.0005389,0.081504,0.0958792,0.0436757,0.0295675,0.1036796,
84,0.0006076,0.0793411,0.0341264,0.0598537,0.0947995,0.1026047,
85,0.0004958,0.0487018,0.0248961,0.0107382,0.1042384,0.0859325,
86,0.0005269,0.0453261,0.0390104,0.0279948,0.0744094,0.0991501,
87,0.0004988,0.0447037,0.084857,0.0206525,0.0527451,0.0799611,
88,0.0003584,0.0414005,0.1255061,0.0411807,0.0978555,0.0637663,
89,0.0005117,0.0332299,0.1288525,0.0337038,0.1262832,0.0653463,
90,0.0006631,0.0125923,0.1038217,0.0459437,0.0648794,0.1275788,
91,0.0005903,0.0134967,0.0990366,0.0338144,0.0418374,0.1299591,
92,0.0003161,0.0448373,0.075506,0.0977905,0.0716825,0.1598822,
93,0.0005098,0.0479534,0.0853256,0.1289098,0.0661921,0.1470149,
94,0.0003916,0.0299063,0.1052651,0.1205988,0.0677683,0.1296844,
95,0.0003098,0.0181848,0.1250669,0.0489854,0.1142882,0.0757368,
96,0.0003908,0.0293829,0.1431262,0.0640908,0.1368502,0.0907312,
97,0.0006312,0.0435263,0.1235736,0.0333571,0.1695093,0.0482376,
98,0.0001617,0.0122185,0.1042303,0.0253164,0.1288211,0.0854189,
99,0.0005039,0.0783143,0.085592,0.0134945,0.1297401,0.0882078,
100,0.0005579,0.0594158,0.0500417,0.0873733,0.1330685,0.0451815,
101,0.0006026,0.0167477,0.044259,0.0710784,0.1362468,0.0607168,
102,0.0005628,0.0830939,0.0630674,0.0535703,0.1361953,0.0611138,
103,0.0002347,0.0582688,0.0713792,0.0481824,0.1213625,0.0537224,
104,0.0007131,0.0302027,0.0559151,0.0384046,0.0646056,0.0479819,
105,0.0005377,0.0609034,0.0543126,0.0592471,0.049088,0.074729,
106,0.0003362,0.0762414,0.0478585,0.0486895,0.0528521,0.0924016,
107,0.0005523,0.1037679,0.0941973,0.0635219,0.1148026,0.095623,
108,0.0004588,0.0518301,0.0347731,0.0881307,0.1180164,0.1112215,
109,0.0001223,0.0281043,0.0743788,0.1274998,0.1071431,0.1192567,
110,0.0004888,0.0307525,0.0635524,0.0967873,0.0477695,0.1023482,
111,0.0006223,0.0366093,0.0414049,0.0558089,0.0258371,0.0664088,
112,0.0005334,0.050852,0.0359773,0.0394627,0.0197339,0.0615338,
113,0.0006455,0.0274815,0.0346585,0.0574196,0.0264219,0.0631002,
114,0.0004632,0.0721198,0.0630431,0.0327282,0.039389,0.0698052,
115,0.0005486,0.0563852,0.0646254,0.0769016,0.0651567,0.0582018,
116,0.0005478,0.0675285,0.0587479,0.0794135,0.0726305,0.0381252,
117,0.0006478,0.0620251,0.0644327,0.0497058,0.1016307,0.0815319,
118,0.0003312,0.0676456,0.0633509,0.0887718,0.0841655,0.035908,
119,0.00053,0.0736621,0.1253863,0.0951097,0.1650631,0.051253,
120,0.0004207,0.0254374,0.1079049,0.0812805,0.082685,0.0289921,
121,0.0004968,0.0298783,0.076649,0.0737288,0.0778392,0.0118512,
122,0.0005257,0.0589446,0.114132,0.0395502,0.1029299,0.0618829,
123,0.0005594,0.0730894,0.0991391,0.0405934,0.1465193,0.0795611,
124,0.000368,0.0436384,0.0380613,0.0373809,0.0471399,0.0461891,
125,0.0004137,0.0312193,0.0490982,0.0222495,0.0356723,0.0495164,
126,0.0003663,0.0430106,0.0606036,0.0297085,0.0092016,0.0232445,
127,0.000653,0.0568158,0.0623985,0.0263735,0.0590846,0.0157865,
128,0.0006104,0.0370271,0.067301,0.0615641,0.0273329,0.0222832,
129,0.0003721,0.0591938,0.0533749,0.0488833,0.0493705,0.0263538,
130,0.0005033,0.0701398,0.0396838,0.069472,0.0729325,0.0672768,
131,0.0001841,0.0314846,0.0622842,0.0794007,0.065508,0.0610707,
132,0.0008071,0.0333976,0.0672011,0.1096217,0.0788553,0.0603989,
133,0.0008051,0.0713398,0.0717919,0.1061288,0.0743868,0.0771792,
134,0.0006149,0.0500483,0.1002576,0.0197793,0.0470172,0.0449094,
135,0.0004999,0.0510601,0.0777461,0.0541618,0.0251957,0.0389886,
136,0.0004976,0.0675409,0.056888,0.0302079,0.0190462,0.0268197,
137,0.0006653,0.0687792,0.0428701,0.0406043,0.0134867,0.020693,
138,0.0006053,0.0845951,0.0347566,0.0454135,0.0186575,0.0167185,
139,0.0005443,0.0671715,0.027666,0.0325204,0.0501022,0.0490063,
140,0.0006296,0.0479336,0.0536148,0.0589632,0.0379401,0.0580181,
141,0.0006295,0.0128728,0.0591091,0.0402603,0.0605256,0.0682517,
142,0.0005354,0.0794657,0.1918862,0.0721754,0.1414926,0.1176954,
143,0.0004948,0.1934031,0.1849913,0.0807246,0.2297804,0.2187348,
144,0.000583,0.0672498,0.1257883,0.0134968,0.0668784,0.0843084,
145,0.0006105,0.0589125,0.067935,0.05703,0.0661284,0.0503643,
146,0.0005073,0.04279,0.0422765,0.0530717,0.0385509,0.037899,
147,0.0002024,0.0305323,0.039988,0.0628571,0.0653139,0.0400572,
148,0.0006191,0.0237695,0.0496664,0.0379419,0.0359882,0.05429,
149,0.0003625,0.0234367,0.0650863,0.0463774,0.0511852,0.0335696,
150,0.0003355,0.0326772,0.059075,0.0583626,0.0253253,0.0363426,
151,0.0006579,0.0470558,0.0533482,0.0367291,0.063605,0.0376853,
152,0.0006934,0.0395429,0.0461121,0.0523358,0.0464422,0.043338,
153,0.0004137,0.0739268,0.0897449,0.0558719,0.0925475,0.0916509,
154,0.0004674,0.0909022,0.0994922,0.0713507,0.0877102,0.0726319,
155,0.0005075,0.0827213,0.096567,0.0896484,0.0729972,0.0671504,
156,0.0003567,0.0698306,0.111631,0.0845943,0.1251331,0.0532522,
157,0.0005245,0.0810439,0.0659157,0.0858645,0.0482435,0.0498661,
158,0.0005268,0.0785023,0.0594431,0.0645776,0.0648997,0.0529383,
159,0.0006874,0.0467648,0.0630268,0.0661743,0.0829311,0.0375302,
160,0.000362,0.0264283,0.0735989,0.0356106,0.0619062,0.019305,
161,0.0005934,0.0387322,0.059424,0.0531281,0.0604772,0.0459176,
162,0.0003403,0.0408895,0.043893,0.0245053,0.0545096,0.0469714,
163,0.0005505,0.0436625,0.0584037,0.0317018,0.0579936,0.014981,
164,0.0005632,0.0792186,0.0591329,0.0254964,0.0273288,0.0537163,
165,0.0005383,0.0335154,0.0851766,0.0266784,0.0603434,0.0534718,
166,0.0004235,0.0340554,0.0680336,0.0588262,0.0159874,0.0412745,
167,0.0005226,0.0596143,0.1288451,0.0947123,0.0192415,0.080067,
168,0.0006265,0.134889,0.1495169,0.091906,0.047421,0.0630253,
169,0.0005414,0.1533938,0.1281061,0.1367749,0.0624274,0.0447013,
170,0.0005988,0.0989017,0.0904127,0.0582003,0.0989524,0.0947731,
171,0.0005246,0.0813183,0.0877873,0.0717968,0.0326793,0.0853852,
172,0.0004899,0.0939833,0.0543294,0.0468581,0.0308221,0.0822794,
173,0.0006574,0.0318388,0.0619742,0.0522246,0.0267493,0.0827447,
174,0.0007408,0.0545103,0.0417624,0.0560043,0.060865,0.0955709,
175,0.0006444,0.0593817,0.034425,0.0529069,0.0662781,0.0863691,
176,0.0005117,0.0957187,0.0495461,0.0447188,0.0545414,0.0817848,
177,0.0004207,0.1369183,0.0777038,0.0207411,0.0545326,0.0846155,
178,0.0005805,0.1671529,0.0956379,0.0493452,0.0886621,0.0908167,
179,0.0004883,0.1285436,0.0508132,0.0624459,0.0904006,0.0833981,
180,0.000498,0.1164223,0.0276685,0.0601589,0.0869723,0.0852599,
181,0.000439,0.0821615,0.0388908,0.0421912,0.0544173,0.0517848,
182,0.0005916,0.0612216,0.0457845,0.0771446,0.0226126,0.0416554,
183,0.0003075,0.0564918,0.0640244,0.049254,0.0202895,0.0438549,
184,0.0003349,0.0869068,0.1138674,0.0683969,0.0322036,0.0603604,
185,0.0005449,0.0784603,0.1068407,0.0533796,0.0345144,0.0803108,
186,0.0004698,0.0464734,0.1426621,0.0747595,0.0793135,0.0498016,
187,0.0004091,0.0747501,0.0740109,0.0467712,0.0808319,0.0804145,
188,0.0007307,0.0733694,0.0571487,0.0715852,0.059994,0.0722099,
189,0.000481,0.157992,0.0824506,0.1326407,0.0990728,0.0471479,
190,0.0005105,0.1789764,0.1559374,0.1261711,0.1139438,0.0459099,
191,0.0003988,0.2413313,0.1580259,0.1633341,0.1114126,0.0445161,
192,0.0007067,0.0958076,0.1447841,0.068983,0.0993985,0.045327,
193,0.0003233,0.0736892,0.1055852,0.0503544,0.1175718,0.0738594,
194,0.000388,0.0356057,0.0650004,0.0780686,0.1640462,0.0802368,
195,0.0006977,0.061011,0.0720252,0.087592,0.1309155,0.1064353,
196,0.0005658,0.1258502,0.0105013,0.1331379,0.1043398,0.13453,
197,0.0004503,0.1000207,0.0276953,0.0851166,0.0834293,0.0266532,
198,0.0005384,0.0415886,0.0630828,0.0985552,0.0747458,0.0361935,
199,0.0003547,0.0358148,0.0716368,0.0731201,0.0530158,0.0512178,
200,0.0004685,0.0194781,0.0605942,0.0972859,0.0345175,0.0410551,
201,0.0006152,0.0521057,0.0096079,0.0867041,0.0325998,0.0460616,
202,0.0003264,0.0374811,0.044292,0.1009651,0.0336384,0.0824266,
203,0.0004306,0.0285173,0.032274,0.0959863,0.0188737,0.0566461,
204,0.0004915,0.0156282,0.0352015,0.0575222,0.0202034,0.0463045,
205,0.0006226,0.0189606,0.0309096,0.0413133,0.0222157,0.0721922,
206,0.0003733,0.035541,0.0478895,0.0350753,0.0533132,0.0235734,
207,0.0005743,0.0453496,0.0279415,0.0497881,0.0948876,0.0265642,
208,0.0003823,0.0304978,0.0313227,0.0526374,0.0397254,0.069803,
209,0.0008069,0.0327236,0.0380718,0.0461156,0.0728827,0.0473208,
210,0.0006314,0.0690463,0.0721559,0.0649133,0.1004242,0.026645,
211,0.0001519,0.0642622,0.0470813,0.0790742,0.0661409,0.0927157,
212,0.0001105,0.059764,0.0721064,0.1027401,0.0658215,0.1150685,
213,0.0003848,0.044182,0.1487798,0.107192,0.0924952,0.0814971,
214,0.000352,0.071044,0.1407194,0.0961771,0.0609333,0.2262726,
215,0.0005759,0.0908464,0.1905265,0.103515,0.0898652,0.4436747,
216,0.0006477,0.0981959,0.0677035,0.0561468,0.0324703,0.2032756,
217,0.0005572,0.0845868,0.0581172,0.0710998,0.088691,0.2178555,
218,0.0004892,0.0632776,0.049289,0.0651005,0.1051629,0.173686,
219,0.0003131,0.0587725,0.0225945,0.048571,0.1070827,0.1394412,
220,0.0002925,0.074838,0.0618314,0.0687868,0.1253523,0.1293186,
221,0.0003552,0.0855247,0.1192403,0.0752899,0.130003,0.1406811,
222,0.0003682,0.0951895,0.1162149,0.0688261,0.1888636,0.1469151,
223,0.0004878,0.0429932,0.1079134,0.0909229,0.2669878,0.1640524,
224,0.0005438,0.0354618,0.0622791,0.1332197,0.3799382,0.1280889,
225,0.0005869,0.049251,0.0645059,0.1061662,0.2759771,0.0971222,
226,0.0001967,0.0773472,0.0726931,0.105759,0.240335,0.1270211,
227,0.0005006,0.1100692,0.1018028,0.0973089,0.1899446,0.1144018,
228,0.0005568,0.0980578,0.1067207,0.1010815,0.108865,0.1054315,
229,0.0006074,0.090886,0.1026833,0.1106982,0.1219417,0.0509501,
230,0.000243,0.0830886,0.0928283,0.0887392,0.1387463,0.0508563,
231,0.0004904,0.0698819,0.063996,0.0953024,0.0685159,0.0726769,
232,0.000485,0.061336,0.0492323,0.0411237,0.0851537,0.0516968,
233,0.0004932,0.0478888,0.0981677,0.045049,0.0692705,0.0786597,
234,0.0006244,0.091124,0.1201073,0.0550386,0.0428037,0.0374574,
235,0.0006316,0.0954555,0.0652932,0.1975468,0.0355351,0.0594112,
236,0.0004052,0.0460649,0.0593653,0.1218445,0.0934059,0.0644182,
237,0.0005577,0.05191,0.0517417,0.1280546,0.1188714,0.033813,
238,0.0005711,0.0582075,0.047539,0.1312786,0.1025376,0.0333026,
239,0.0006367,0.0715194,0.06083,0.0884516,0.0236252,0.0225526,
240,0.0005794,0.0820215,0.0576767,0.1084849,0.0328914,0.0363631,
241,0.0001516,0.0489408,0.0342788,0.1070107,0.0469192,0.0387231,
242,0.0004865,0.0488526,0.0386546,0.1157836,0.1076955,0.0633609,
243,0.0005554,0.0768011,0.0421312,0.1379359,0.1495567,0.1013097,
244,0.0004287,0.0971594,0.070929,0.1401307,0.0605967,0.08226,
245,0.0006365,0.0855509,0.0749146,0.1784223,0.0390943,0.0860743,
246,0.0004808,0.0408485,0.0240413,0.1349135,0.0752933,0.111008,
247,0.0005143,0.0387759,0.0605509,0.0748083,0.0657892,0.0818965,
248,0.0003032,0.0658402,0.0807214,0.0580962,0.0901766,0.0752917,
249,0.0008661,0.0661974,0.0526287,0.1031291,0.0818977,0.0851165,
250,0.0004752,0.0859721,0.0524926,0.0585577,0.0658371,0.1037021,
251,0.0004499,0.1137072,0.052761,0.0616902,0.1503818,0.102217,
252,0.0006182,0.1008228,0.0861818,0.0732902,0.1223267,0.1113222,
253,0.0003467,0.0546607,0.0742647,0.0845521,0.0859482,0.078152,
254,0.0006005,0.0817976,0.0645689,0.0727099,0.123389,0.0944025,
255,0.0001797,0.0724997,0.1182927,0.0573157,0.1164971,0.1334476,
256,0.0004305,0.0973157,0.0605508,0.1427351,0.1240974,0.1885388,
257,0.0006474,0.071962,0.1045929,0.118997,0.1155398,0.1382888,
258,0.0006478,0.0626488,0.0989902,0.1171335,0.1846641,0.0869733,
259,0.000188,0.0774253,0.0464526,0.1393051,0.1861057,0.1049335,
260,0.0004903,0.078085,0.0496842,0.0713926,0.1350155,0.0853067,
261,0.0005135,0.0613718,0.0495391,0.0170043,0.0965332,0.0755362,
262,0.0005279,0.0737344,0.0586073,0.0418303,0.1253241,0.1251668,
263,0.0004954,0.0644888,0.0558694,0.0624692,0.117327,0.1084947,
264,0.0004983,0.0715389,0.0357759,0.0425192,0.1119453,0.0952961,
265,0.0002808,0.0750455,0.011426,0.0183069,0.1058096,0.1109004,
266,0.0003974,0.0757095,0.0356737,0.0219662,0.1115607,0.1429228,
267,0.0006079,0.0494436,0.0461755,0.020256,0.0944035,0.1458626,
268,0.0006594,0.0830785,0.0579125,0.0234789,0.1190881,0.1093947,
269,0.0006855,0.0722133,0.0538138,0.0514605,0.1136639,0.0552692,
270,0.0001464,0.096981,0.1049312,0.1180391,0.2444726,0.2176927,
271,0.0004411,0.0654119,0.047993,0.1357439,0.1627077,0.1080672,
272,0.0005695,0.0925014,0.0680566,0.1339414,0.173678,0.1439921,
273,0.0003181,0.0978935,0.0970865,0.1457283,0.3160692,0.1984397,
274,0.0005683,0.0799571,0.0994146,0.1521205,0.3298252,0.1948071,
275,0.000534,0.0526726,0.0591432,0.1194113,0.2075213,0.1270182,
276,0.0002967,0.0554786,0.1596522,0.0914897,0.1609947,0.0610201,
277,0.000596,0.0729534,0.2628362,0.1342938,0.1495027,0.0374732,
278,0.0003419,0.0877471,0.2200607,0.1355191,0.1751861,0.1154299,
279,0.0003274,0.0636861,0.1479757,0.0676576,0.1573455,0.1321892,
280,0.0005628,0.0686656,0.059936,0.0411808,0.1133321,0.1394626,
281,0.0005221,0.0408665,0.0722214,0.0804525,0.0822033,0.098459,
282,0.0006615,0.0620631,0.0674993,0.0554235,0.0735196,0.1429664,
283,0.0002734,0.0802738,0.1061928,0.0588581,0.0800908,0.1745584,
284,0.0005156,0.0532617,0.0481662,0.0633565,0.1236924,0.1206459,
285,0.0003096,0.0836409,0.0522133,0.0503388,0.0876759,0.0944465,
286,0.0006869,0.0748416,0.0306846,0.0325549,0.0618153,0.0163613,
287,0.0002742,0.0563152,0.05957,0.0216204,0.0223345,0.0146653,
288,0.0004096,0.0334674,0.0506341,0.0772896,0.0676991,0.0639466,
289,0.0005653,0.0333086,0.029951,0.0840714,0.0364523,0.0908598,
290,0.0003236,0.0451796,0.0473585,0.0441525,0.0194338,0.1000944,
291,0.0005104,0.0480119,0.0481675,0.040215,0.0156215,0.0464201,
292,0.0003109,0.0435962,0.0782632,0.0598793,0.0259748,0.024647,
293,0.0003845,0.0650919,0.0801167,0.0816067,0.0427682,0.0769474,
294,0.0003628,0.0626891,0.0899635,0.070906,0.0317184,0.0430542,
295,0.0005909,0.0359473,0.1399176,0.0429347,0.0612583,0.0431271,
296,0.0004506,0.0282029,0.0979051,0.0631957,0.108421,0.0773797,
297,0.0001789,0.0347296,0.1118968,0.0539376,0.1386435,0.0189362,
298,0.000497,0.0130913,0.0807841,0.0556312,0.0962666,0.0782744,
299,0.0003901,0.0106852,0.1116557,0.0209766,0.0632672,0.0313554,
300,0.0006002,0.0232587,0.0948321,0.0911288,0.1435952,0.027832,
301,0.0004479,0.0367183,0.0855693,0.0994884,0.1198177,0.0930995,
302,0.0005956,0.0438019,0.0249723,0.2228636,0.0896059,0.0972515,
303,0.0004384,0.0147201,0.0381341,0.083254,0.0984421,0.0486907,
304,0.0005463,0.0187504,0.0337187,0.0931658,0.0987432,0.0439729,
305,0.0001948,0.0286435,0.10613,0.0629197,0.103069,0.0347363,
306,0.0005317,0.0274909,0.1507269,0.0684856,0.0780034,0.0438864,
307,0.0005006,0.0405224,0.0505678,0.0164956,0.1145812,0.043128,
308,0.000353,0.0651415,0.0336115,0.0619371,0.1173281,0.0527739,
309,0.0006503,0.0418803,0.0517568,0.0260456,0.0968868,0.06214,
310,0.0001528,0.0465689,0.0576263,0.114655,0.1073714,0.0274616,
311,0.0005523,0.079544,0.0551902,0.0730738,0.109166,0.0441337,
312,0.0004181,0.0891375,0.1251482,0.0986786,0.0337955,0.0843199,
313,0.0005893,0.048656,0.0435142,0.053813,0.0496098,0.0618117,
314,0.000511,0.0429434,0.0145189,0.0529059,0.0297193,0.0403545,
315,0.0004962,0.0669911,0.0222002,0.0806027,0.0716917,0.0628564,
316,0.0005555,0.0449996,0.0616505,0.0244341,0.0636675,0.0502379,
317,0.0004127,0.0329197,0.082806,0.0456346,0.0424125,0.0748965,
318,0.0002133,0.0538829,0.0920673,0.0270904,0.0623245,0.0713106,
319,0.0002255,0.0662341,0.0726546,0.0155708,0.1018732,0.0547733,
320,0.0003296,0.0582691,0.0527041,0.0357505,0.0940914,0.0547873,
321,0.0004517,0.2083164,0.0601079,0.082288,0.1048599,0.1063769,
322,0.0005422,0.0869352,0.0559502,0.0618595,0.0501983,0.0968164,
323,0.00051,0.0738,0.0647783,0.068017,0.0151095,0.0986499,
324,0.0003716,0.0857384,0.0794084,0.0227833,0.0373585,0.1034628,
325,0.000496,0.0800612,0.1074334,0.0506216,0.0665226,0.1041949,
326,0.0003615,0.0765271,0.1014408,0.0485651,0.0525566,0.1248349,
327,0.0005297,0.0615445,0.0865936,0.0783926,0.0886594,0.1288426,
328,0.0006296,0.0540046,0.1419016,0.0481472,0.0701668,0.1171899,
329,0.0005229,0.0528912,0.1490354,0.1533906,0.1038101,0.0899163,
330,0.0002454,0.1067428,0.2495917,0.180855,0.0855127,0.0678209,
331,0.0005229,0.081483,0.0920834,0.1044103,0.0770911,0.126791,
332,0.0002499,0.1034652,0.0656368,0.0253319,0.095816,0.1237298,
333,0.0004066,0.0799592,0.0980162,0.0578966,0.0665505,0.0946978,
334,0.0005376,0.0422041,0.0792814,0.0328372,0.0602899,0.0584745,
335,0.0006509,0.0607418,0.0907598,0.0498364,0.0239727,0.0961314,
336,0.000415,0.0512946,0.0325725,0.0185713,0.0409928,0.1139899,
337,0.0003836,0.0648666,0.0512098,0.0301224,0.0517643,0.1347805,
338,0.0006028,0.0650513,0.0503385,0.0630274,0.0560336,0.1529553,
339,0.0001501,0.051334,0.0903357,0.0663571,0.0907077,0.0819745,
340,0.0004109,0.0613833,0.0945775,0.0594443,0.1001212,0.2224244,
341,0.0005785,0.0678333,0.0353976,0.0299919,0.0657976,0.1797632,
342,0.0004341,0.0735929,0.0629748,0.0220104,0.0614884,0.167821,
343,0.0005198,0.0650283,0.0387688,0.026716,0.0338678,0.11897,
344,0.0004974,0.0671426,0.0477088,0.0141338,0.0320682,0.09102,
345,0.0006231,0.0635479,0.0626076,0.0094484,0.0744377,0.0932639,
346,0.0005382,0.0664456,0.062242,0.0410727,0.0978238,0.1114062,
347,0.0004088,0.0985439,0.0743092,0.0435945,0.0676942,0.0821305,
348,0.000694,0.1050497,0.0644764,0.0494446,0.0618091,0.0912288,
349,0.0005057,0.093433,0.0407855,0.048517,0.0989741,0.1228826,
350,0.0005638,0.1384881,0.0678345,0.0841185,0.0616056,0.0520468,
351,0.00051,0.1320977,0.1309133,0.1128272,0.0780987,0.0755077,
352,0.0005869,0.0667985,0.1161897,0.1820576,0.1244076,0.0788453,
353,0.0004078,0.064785,0.0729559,0.1101906,0.111237,0.0513413,
354,0.0003176,0.0911337,0.0485829,0.0227221,0.0822611,0.0752421,
355,0.000164,0.0745003,0.0908923,0.0578652,0.0720379,0.0583485,
356,0.0002916,0.0462945,0.0556708,0.0703554,0.0497829,0.1082109,
357,0.0003904,0.0881526,0.02701,0.1398729,0.1096971,0.2028508,
358,0.0004655,0.0919063,0.0339893,0.1136155,0.098402,0.0890088,
359,0.0004894,0.0480921,0.0523993,0.062563,0.1237103,0.2140688,
360,0.0004058,0.0369549,0.0450102,0.0634112,0.1488545,0.1444489,
361,0.0006787,0.0800776,0.0829396,0.049931,0.1818493,0.2039855,
362,0.0006303,0.0732534,0.0711175,0.053604,0.1511519,0.1372368,
363,0.0002642,0.0779112,0.1043544,0.0667808,0.1567164,0.1936069,
364,0.0003937,0.1330819,0.0722106,0.0863845,0.2223883,0.1942404,
365,0.0006135,0.0881557,0.0829475,0.1637082,0.2835592,0.2154543,
366,0.0004433,0.0693547,0.1221902,0.1799934,0.3080816,0.2031723,
367,0.0001883,0.0767851,0.0557101,0.1351205,0.2329468,0.1744633,
368,0.0002935,0.0591197,0.081901,0.08013,0.1766188,0.1550883,
369,0.0002139,0.0664019,0.089051,0.1174129,0.1449741,0.0989392,
370,0.0006706,0.1123539,0.0989739,0.1392442,0.1560754,0.1154687,
371,0.0004716,0.051299,0.0772292,0.1053198,0.1605784,0.0728211,
372,0.0005197,0.0728254,0.1084439,0.0695441,0.1095084,0.1296393,
373,0.0006309,0.0819843,0.0913177,0.049739,0.1021534,0.1688434,
374,0.0004791,0.0895833,0.1008359,0.0341036,0.0736128,0.1590557,
375,0.0006131,0.0662433,0.1440087,0.0544205,0.1120041,0.1166386,
376,0.0005011,0.0648981,0.1453129,0.0932313,0.0628695,0.1033223,
377,0.0006221,0.0648284,0.0664241,0.1406525,0.0879101,0.2230078,
378,0.0005152,0.0951108,0.0464623,0.2756667,0.1830809,0.4157917,
379,0.0005647,0.1187176,0.0617818,0.1764204,0.065484,0.2137267,
380,0.0005463,0.1444001,0.0658498,0.06452,0.043222,0.1554521,
381,0.0003169,0.1110307,0.1117772,0.0374153,0.03843,0.1426135,
382,0.0005163,0.0920878,0.1111989,0.0152073,0.0262715,0.1454366,
383,0.0006447,0.083424,0.1031378,0.0204222,0.0614987,0.0888908,
384,0.0004405,0.0629126,0.124924,0.031948,0.102535,0.1525392,
385,0.0005245,0.0564476,0.0632865,0.1072838,0.0713064,0.1375814,
386,0.0004031,0.0696621,0.0940342,0.0891095,0.110683,0.1429092,
387,0.0004285,0.0686802,0.0378659,0.0577912,0.1061243,0.1290737,
388,0.0001493,0.0626561,0.0200299,0.0713031,0.0823945,0.1359376,
389,0.0004069,0.0636654,0.0400893,0.0918926,0.1255886,0.0739139,
390,0.0005402,0.1104645,0.0653633,0.0697937,0.0748995,0.0766814,
391,0.0002829,0.0529692,0.0665155,0.0696799,0.0783414,0.1299157,
392,0.0004116,0.0728935,0.0433348,0.0858676,0.0698983,0.1272695,
393,0.0006344,0.0999323,0.0637628,0.027114,0.0501486,0.1010207,
394,0.0005016,0.0889208,0.0592536,0.0212674,0.0499087,0.1630442,
395,0.0005988,0.0869922,0.0921785,0.0424702,0.0745493,0.1561815,
396,0.0006223,0.1096143,0.0777467,0.0255015,0.0790471,0.1355343,
397,0.000696,0.1198209,0.1115261,0.0501244,0.038967,0.1139958,
398,0.0003381,0.1101276,0.1238161,0.0638991,0.1220646,0.1499745,
399,0.0003541,0.053954,0.1282733,0.0704672,0.2066847,0.2252772,
400,0.0003704,0.034649,0.1272994,0.0869954,0.1221202,0.1965299,
401,0.0003126,0.0361307,0.0716103,0.0746003,0.1010814,0.1662684,
402,0.0004888,0.0658874,0.0942615,0.1580763,0.1182259,0.1513384,
403,0.0003705,0.0912846,0.0615775,0.1236488,0.0933025,0.1306645,
404,0.0006368,0.0640997,0.0539583,0.088683,0.0798839,0.1177931,
405,0.0003867,0.0580478,0.069873,0.0598911,0.0584983,0.0783686,
406,0.0004117,0.0870402,0.0678047,0.06887,0.017627,0.0928011,
407,0.000605,0.0619867,0.0712433,0.0684144,0.0565452,0.0692654,
408,0.0005825,0.0822314,0.0599594,0.0820446,0.0549983,0.0890066,
409,0.0003617,0.0832589,0.0703697,0.0920392,0.044972,0.0790993,
410,0.0002948,0.0464971,0.0660223,0.0657989,0.0678583,0.0693858,
411,0.0002921,0.0495828,0.0706262,0.0308631,0.0918611,0.0991537,
412,0.0006757,0.0677018,0.0622117,0.0570521,0.1127635,0.0572094,
413,0.000449,0.0326488,0.0449639,0.0765891,0.1211984,0.0855856,
414,0.0004642,0.0419,0.0545229,0.0402371,0.1138331,0.0360312,
415,0.0006428,0.0660304,0.0490486,0.0357685,0.1131395,0.0651852,
416,0.0004328,0.0319762,0.0275158,0.0355111,0.078374,0.0332956,
417,0.0004061,0.0619138,0.0082677,0.0477859,0.1106056,0.0271524,
418,0.0006008,0.0598703,0.0316591,0.0387849,0.051241,0.0406166,
419,0.0005796,0.0278822,0.018919,0.0510931,0.0420176,0.042786,
420,0.0005075,0.0600236,0.0312725,0.037578,0.0323497,0.0384034,
421,0.0004704,0.0748652,0.0239808,0.0292009,0.0381651,0.0655167,
422,0.0005063,0.0350764,0.0176587,0.0640691,0.0430916,0.0334115,
423,0.000464,0.0230729,0.0595474,0.0429737,0.0191831,0.0533455,
424,0.0004408,0.0307927,0.03267,0.0449765,0.0315571,0.1184106,
425,0.0005738,0.0726681,0.0297279,0.0304204,0.0368426,0.199287,
426,0.0001357,0.0906556,0.0847937,0.0208437,0.043742,0.1706921,
427,0.0003451,0.0630087,0.0675856,0.0389479,0.0650762,0.0397219,
428,0.0003412,0.0296265,0.0443607,0.0565884,0.0606489,0.04367,
429,0.0005124,0.014662,0.0420149,0.0651255,0.0411984,0.0568044,
430,0.0005153,0.0435478,0.0189789,0.060227,0.0604348,0.0396565,
431,0.0006083,0.0156372,0.0153849,0.0168119,0.0239932,0.0325007,
432,0.000466,0.0287506,0.0624439,0.0183541,0.0099711,0.0148481,
433,0.0005474,0.0443537,0.0650463,0.0324244,0.0418324,0.053428,
434,0.0001722,0.044205,0.0463271,0.0308909,0.1544243,0.0320142,
435,0.0005877,0.05053,0.0153293,0.0715062,0.1514634,0.0215725,
436,0.0007532,0.0774086,0.0618772,0.0694827,0.1443261,0.0486366,
437,0.0004524,0.0448258,0.0685999,0.0341841,0.1028744,0.0652111,
438,0.0004218,0.0459395,0.065088,0.0320839,0.1366108,0.0680736,
439,0.000608,0.0681974,0.0407113,0.0516028,0.113275,0.061659,
440,0.0005489,0.0666797,0.0239049,0.0717518,0.1321744,0.046843,
441,0.0006649,0.0319255,0.0522944,0.0694765,0.088512,0.0658984,
442,0.0001807,0.0341058,0.0300969,0.0408843,0.0747281,0.0688518,
443,0.0003864,0.0492138,0.0241283,0.0374483,0.0524142,0.0958635,
444,0.0002092,0.0349491,0.0512369,0.1017625,0.033547,0.0319337,
445,0.0004308,0.0322022,0.0771423,0.0759898,0.0119652,0.0347365,
446,0.0003626,0.0264163,0.0725495,0.0833959,0.0120646,0.0945405,
447,0.0005179,0.0187562,0.0553018,0.1186127,0.0225699,0.1129011,
448,0.0003407,0.062745,0.0675522,0.1078031,0.0548586,0.1148863,
449,0.0005936,0.0582899,0.0320702,0.1439113,0.0411454,0.1206292,
450,0.00064,0.0884823,0.0261568,0.0692266,0.0280033,0.1118214,
451,0.0005408,0.071597,0.0268031,0.0687579,0.0463586,0.0240101,
452,0.0005726,0.0279125,0.0265357,0.0552737,0.0754703,0.0239911,
453,0.0004407,0.0048203,0.040373,0.0260614,0.0875064,0.0279467,
454,0.0004592,0.0477107,0.0428571,0.0252993,0.0573253,0.0148053,
455,0.0005579,0.0363782,0.0448608,0.0456153,0.0586456,0.0114532,
456,0.000772,0.0637833,0.0609781,0.0603398,0.0240288,0.0203079,
457,0.0005599,0.0665272,0.0821011,0.0722496,0.0661261,0.0595212,
458,0.0006057,0.0465992,0.0846611,0.0669549,0.1497193,0.1194854,
459,0.000499,0.0629272,0.1045178,0.1143371,0.2067205,0.1285225,
460,0.0004686,0.0832373,0.1086205,0.0897612,0.1980472,0.1108746,
461,0.0004957,0.032275,0.1053332,0.095553,0.1646072,0.1251647,
462,0.0002784,0.0454452,0.1061785,0.0352705,0.1019247,0.1180354,
463,0.000472,0.0632241,0.0785841,0.0442505,0.0771659,0.0650592,
464,0.0005665,0.0262085,0.1030805,0.0377558,0.0873672,0.0780088,
465,0.000436,0.0300993,0.0919806,0.0525516,0.0758118,0.0696242,
466,0.0005355,0.04842,0.0851784,0.0100864,0.0574153,0.0502893,
467,0.0002794,0.0363026,0.0191112,0.0458129,0.0671716,0.0417533,
468,0.0006594,0.0408313,0.0232705,0.0249739,0.0505473,0.0355198,
469,0.0005547,0.0564935,0.0469821,0.0226479,0.0455036,0.0233634,
470,0.0005548,0.080704,0.0522757,0.038977,0.0608878,0.0104529,
471,0.0003279,0.0817277,0.0280874,0.0504707,0.0815335,0.0266588,
472,0.0001309,0.0968569,0.0425214,0.0768594,0.072825,0.1041254,
473,0.0003289,0.0222929,0.037607,0.0488565,0.125157,0.1645903,
474,0.0005963,0.0392639,0.0267411,0.0751585,0.1580728,0.2283432,
475,0.0003692,0.04842,0.015688,0.0482839,0.1582455,0.1570429,
476,0.000457,0.0388599,0.0446177,0.0616711,0.1170432,0.1343766,
477,0.0003734,0.0424623,0.045203,0.0191053,0.0926932,0.0780836,
478,0.0005231,0.0442167,0.038685,0.0065299,0.0768932,0.0766746,
479,0.0006451,0.047979,0.0648476,0.0288254,0.0861043,0.0578393,
480,0.0004803,0.0416845,0.0689242,0.0319323,0.0713887,0.0390224,
481,0.0004484,0.0524529,0.0535453,0.0550278,0.063624,0.05291,
482,0.0007018,0.0633328,0.0580366,0.0645837,0.085907,0.0768122,
483,0.0004545,0.0661733,0.0986054,0.0476198,0.0516967,0.0927138,
484,0.0003795,0.0953468,0.0923228,0.0692102,0.1134847,0.0969114,
485,0.0005938,0.0519685,0.0825167,0.0506954,0.0722027,0.049002,
486,0.0004846,0.0669666,0.0312049,0.0548628,0.1215874,0.0561228,
487,0.0003985,0.0087344,0.0120101,0.0233808,0.1071481,0.0485376,
488,0.0005251,0.0683306,0.0203323,0.0341682,0.1521886,0.0403486,
489,0.0005148,0.0717676,0.0205566,0.050718,0.1770611,0.0494271,
490,0.0005388,0.0663269,0.0396063,0.1008892,0.1217385,0.0641145,
491,0.0004718,0.0319766,0.0503071,0.0366168,0.0522088,0.074022,
492,0.0005293,0.032382,0.0656625,0.0393427,0.0435243,0.0843094,
493,0.0005507,0.0468318,0.1155188,0.0470653,0.0204432,0.0826526,
494,0.0004816,0.0135364,0.1334322,0.0702499,0.038222,0.0680105,
495,0.0006153,0.0307904,0.161185,0.0564293,0.1173945,0.1243476,
496,0.0004585,0.0497322,0.1680701,0.1349931,0.0952526,0.1810425,
497,0.0005626,0.0877772,0.1515067,0.1027201,0.2519964,0.2163116,
498,0.0005182,0.0384957,0.070837,0.0880666,0.1285186,0.1669845,
499,0.0006365,0.0798483,0.0731052,0.1087333,0.0714092,0.1744191,
500,0.0003886,0.0935555,0.0963419,0.1611295,0.1100971,0.1633468,
501,0.0002997,0.1247716,0.0551759,0.0607395,0.1011691,0.201415,
502,0.0002364,0.1806318,0.0858542,0.0608203,0.1126171,0.1154044,
503,0.0001651,0.1167975,0.0503182,0.0520625,0.1300532,0.0267668,
504,0.000552,0.0232934,0.1203988,0.0305616,0.2150654,0.0588768,
505,0.0003191,0.0356028,0.116156,0.060106,0.0582508,0.0840126,
506,0.0004668,0.0507156,0.127764,0.0576338,0.0395386,0.0820445,
507,0.0002245,0.0701113,0.1158091,0.032798,0.0441472,0.0553284,
508,0.0005814,0.0551988,0.1378118,0.0357436,0.0220967,0.0547044,
509,0.0005648,0.0612756,0.0657298,0.038737,0.0371305,0.049784,
510,0.0006034,0.0414473,0.0290055,0.0743888,0.0517582,0.039867,
511,0.0004356,0.0469269,0.0540345,0.0769134,0.0551416,0.051119,
512,0.0004712,0.0599976,0.0819747,0.0484748,0.0862453,0.0515097,
513,0.0005809,0.0390583,0.0694207,0.0794184,0.1255717,0.0468003,
514,0.0006737,0.0613726,0.0428326,0.0844214,0.1512376,0.0270139,
515,0.0003851,0.0646784,0.0670874,0.0649028,0.1075916,0.0369718,
516,0.0004433,0.0482423,0.0618305,0.0485814,0.1205449,0.0895169,
517,0.0004413,0.0475488,0.0512565,0.0411062,0.1371421,0.0668769,
518,0.0004199,0.0554674,0.0663951,0.0339867,0.138904,0.0396458,
519,0.0003263,0.0368655,0.064195,0.0261906,0.1114944,0.1186422,
520,0.0004653,0.0466036,0.0821929,0.0532702,0.1809384,0.1313378,
521,0.0005525,0.0759977,0.1359343,0.1333169,0.1901426,0.1045073,
522,0.000372,0.01426,0.1226446,0.1127497,0.2259119,0.1564561,
523,0.0002334,0.0718058,0.1159934,0.1115313,0.2381271,0.1794646,
524,0.0004597,0.069442,0.1102879,0.1068942,0.275483,0.1890095,
525,0.0005866,0.0338282,0.0630875,0.0858467,0.2494966,0.1581732,
526,0.0006217,0.0522651,0.046668,0.0695962,0.2667336,0.0772302,
527,0.0005865,0.0844297,0.1001175,0.0727714,0.2781449,0.1969639,
528,0.000482,0.0877063,0.3047979,0.0901463,0.4267882,0.1971987,
529,0.0004084,0.0906141,0.1379133,0.1214673,0.4066752,0.1864111,
530,0.0004231,0.1495686,0.1868332,0.1329059,0.3737367,0.2394031,
531,0.0005404,0.1176904,0.0799072,0.1074726,0.3130238,0.2023868,
532,0.0005883,0.0873653,0.0897128,0.0698052,0.288558,0.161937,
533,0.0005166,0.0945623,0.1591162,0.0917038,0.2336291,0.1642146,
534,0.0004566,0.1009474,0.136226,0.1578885,0.3007414,0.1986316,
535,0.0004929,0.0774862,0.1398434,0.1987347,0.2873139,0.1789445,
536,0.0004512,0.0510387,0.1546665,0.1532612,0.1339552,0.1813231,
537,0.0004492,0.0552037,0.1481389,0.0616864,0.1333673,0.1813997,
538,0.0007267,0.0573255,0.1546354,0.0593905,0.169654,0.1856429,
539,0.00053,0.0497141,0.165818,0.0665272,0.0725635,0.1932967,
540,0.0006162,0.0234184,0.1852533,0.1214201,0.0660454,0.1732811,
541,0.0004654,0.096536,0.2674799,0.170407,0.0872754,0.2795088,
542,0.0002608,0.0593715,0.3002251,0.1707275,0.053488,0.3232626,
543,0.0004697,0.0776391,0.2466087,0.093577,0.073002,0.2344286,
544,0.0004781,0.1017833,0.2317322,0.0954408,0.1184083,0.2233185,
545,0.0004247,0.063015,0.1516115,0.041301,0.0903999,0.119006,
546,0.0006058,0.0830616,0.194826,0.0384448,0.1183933,0.153779,
547,0.0004906,0.0841272,0.2686528,0.0636086,0.1320885,0.1903908,
548,0.0006653,0.0574266,0.1926437,0.0524708,0.1056889,0.1681942,
549,0.0002919,0.0906659,0.2216879,0.0766633,0.2783305,0.1861272,
550,0.0005735,0.1069586,0.2205951,0.1091923,0.3118468,0.2113206,
551,0.0006429,0.1412511,0.2156786,0.1107275,0.3163724,0.195011,
552,0.000529,0.1195576,0.1592551,0.0743605,0.1979087,0.2212715,
553,0.0002896,0.1333552,0.1098884,0.0686384,0.1080844,0.1731859,
554,0.0004278,0.1293892,0.2445479,0.0792373,0.1280197,0.224555,
555,0.0003889,0.1324213,0.131037,0.0735613,0.0828203,0.1498923,
556,0.0005067,0.1584843,0.1093063,0.0364215,0.0525827,0.1452627,
557,0.0005101,0.1447055,0.0754765,0.1045227,0.1053605,0.1380546,
558,0.0004094,0.142687,0.0803405,0.1479777,0.0527764,0.1438349,
559,0.0004894,0.1267633,0.0695152,0.0551949,0.0433324,0.1728137,
560,0.0001859,0.1181456,0.061488,0.0704682,0.0910203,0.108454,
561,0.0006502,0.1962832,0.0989003,0.1600635,0.0552974,0.116094,
562,0.0006454,0.2231674,0.0798163,0.1282982,0.0943623,0.1022884,
563,0.0006434,0.1427366,0.1483195,0.0563947,0.1495509,0.0921917,
564,0.0004525,0.0618024,0.1034036,0.0521464,0.1724718,0.0932181,
565,0.0002386,0.0629642,0.1181737,0.0462676,0.2001724,0.1035126,
566,0.0004746,0.0285348,0.1001918,0.0582436,0.230974,0.1364572,
567,0.0004121,0.0383646,0.1202744,0.0262686,0.1829965,0.1202302,
568,0.000519,0.029257,0.0674056,0.0486744,0.2451782,0.1362129,
569,0.0006975,0.0255574,0.0444937,0.0313076,0.2475621,0.1351091,
570,0.0005015,0.0430528,0.0622169,0.0180004,0.204926,0.1294069,
571,0.0002043,0.0465439,0.0398727,0.0345211,0.1753072,0.1168653,
572,0.000469,0.0459156,0.006766,0.0658417,0.2208991,0.1232818,
573,0.0005793,0.0725828,0.0558348,0.0434771,0.220686,0.1314256,
574,0.0005325,0.0646293,0.0303621,0.0439061,0.1613593,0.101642,
575,0.0006222,0.0665616,0.0354943,0.0650126,0.1717578,0.1008104,
576,0.0004164,0.0923684,0.0952711,0.0574547,0.180456,0.1771586,
577,0.0003913,0.0867361,0.0971905,0.0622433,0.174276,0.1600094,
578,0.0005005,0.0615815,0.132582,0.0759815,0.1937101,0.2965879,
579,0.0003725,0.0708915,0.0968581,0.0937075,0.197239,0.3606858,
580,0.0003992,0.1233604,0.1607445,0.0895809,0.2083012,0.3616713,
581,0.0003169,0.1260125,0.0770963,0.0941635,0.2709589,0.2571337,
582,0.000287,0.090331,0.1411115,0.0473,0.2844629,0.2035216,
583,0.0005867,0.0880719,0.2582824,0.0644738,0.280607,0.3111339,
584,0.0002604,0.0912008,0.2451504,0.0399502,0.2555338,0.2930293,
585,0.000464,0.0808473,0.061452,0.0550304,0.2458056,0.2153743,
586,0.0001196,0.0814974,0.0323258,0.0568215,0.1607859,0.1562033,
587,0.0006371,0.0472577,0.0484721,0.1118661,0.1076233,0.0874689,
588,0.0006049,0.0464563,0.0531931,0.1214816,0.1483326,0.0903229,
589,0.0003604,0.0257591,0.0415856,0.1151176,0.1747885,0.1290173,
590,0.0006497,0.0552111,0.0422412,0.0841978,0.1517843,0.0916734,
591,0.0002471,0.0892372,0.0551928,0.0388926,0.126111,0.0905819,
592,0.0003606,0.1013554,0.0586281,0.0519839,0.1142352,0.0591326,
593,0.0004089,0.1210356,0.0448511,0.0680189,0.0955647,0.0588923,
594,0.0005523,0.0212459,0.0376215,0.0634448,0.0638773,0.0826458,
595,0.0002497,0.0181376,0.0450371,0.0478681,0.0735093,0.0643043,
596,0.0003798,0.0404327,0.0435796,0.0361582,0.119736,0.0674563,
597,0.0006565,0.0649917,0.0701394,0.035209,0.1174081,0.0615115,
598,0.0005485,0.0730815,0.0981421,0.0936805,0.0583529,0.0628004,
599,0.0002316,0.0981608,0.0880953,0.0823753,0.0478299,0.1346505,
600,0.0002309,0.1217803,0.0485828,0.0900016,0.0357194,0.1520932,
601,0.0004637,0.0948966,0.0471981,0.0971891,0.0810413,0.147831,
602,0.0006769,0.0636943,0.0456698,0.0606841,0.0627348,0.1596877,
603,9.44e-05,0.0386969,0.0443405,0.0754722,0.067682,0.1259669,
604,0.0005763,0.0450027,0.0442924,0.0836103,0.0893519,0.152847,
605,0.0004112,0.0556203,0.0695641,0.0522179,0.080112,0.1467286,
606,0.0003684,0.0591528,0.0935938,0.079281,0.0783836,0.0989296,
607,0.0003782,0.0565801,0.1121832,0.0854495,0.1218411,0.1678143,
608,0.0006437,0.0710924,0.1294409,0.09474,0.3107042,0.3004599,
609,0.0005541,0.0664869,0.0402103,0.07382,0.2573745,0.1630677,
610,0.0004904,0.047201,0.0843798,0.1060269,0.2605298,0.1975682,
611,0.0006661,0.0913976,0.051037,0.0917628,0.2514097,0.1537763,
612,0.0003572,0.0482301,0.0941331,0.1133976,0.1871591,0.1934616,
