#Time_ps,0,100,500,1000,3000,5000,
1,0.0004957,0.0819726,0.0562908,0.0465712,0.0404584,0.0803826,
2,0.0005085,0.0563785,0.0488173,0.0658212,0.103006,0.117263,
3,0.0003854,0.0392576,0.0236372,0.0264062,0.077577,0.0728247,
4,0.0004801,0.0462452,0.0432116,0.0226036,0.0390609,0.0582405,
5,0.0004349,0.0280538,0.0435708,0.0394507,0.0769589,0.1129723,
6,0.0004328,0.0424187,0.0282783,0.0493046,0.0346077,0.0675451,
7,0.0003282,0.0111667,0.0637202,0.04072,0.0318686,0.0413763,
8,0.0006153,0.0201578,0.0597452,0.0257891,0.045073,0.0140816,
9,0.0004119,0.0896802,0.0778378,0.06295,0.051723,0.0123561,
10,0.000474,0.0871328,0.0859834,0.0331614,0.0201676,0.0329952,
11,0.000368,0.1161273,0.0882011,0.0178127,0.0312697,0.0662142,
12,0.0004178,0.139736,0.0496379,0.0494285,0.0579785,0.0452522,
13,0.0005758,0.1217318,0.0461459,0.0478716,0.0294302,0.0367517,
14,0.0006384,0.1130885,0.0467228,0.0248392,0.0225734,0.0315864,
15,0.0007147,0.122277,0.0391042,0.0398396,0.0547775,0.0658108,
16,0.0004973,0.1121364,0.0453422,0.0927597,0.0486959,0.0617155,
17,0.000357,0.0620033,0.0249381,0.0529785,0.0087839,0.0341019,
18,0.0002962,0.0710243,0.0380805,0.0561535,0.0308511,0.0347275,
19,0.0005195,0.0954526,0.0493631,0.0703965,0.0095725,0.0838221,
20,0.0005789,0.0993614,0.0846969,0.0613375,0.0259383,0.0712505,
21,0.0007144,0.0896665,0.1390862,0.0833719,0.0440564,0.1110848,
22,0.0005716,0.1149097,0.1298679,0.0997231,0.0433029,0.0708362,
23,0.0005838,0.1703702,0.1336243,0.1262622,0.0508701,0.2105097,
24,0.0005098,0.1422352,0.1405626,0.2169834,0.0476873,0.2071862,
25,0.0003529,0.0563097,0.1678781,0.0911356,0.0805478,0.1293096,
26,0.0005882,0.0418554,0.1853782,0.103435,0.076655,0.089892,
27,0.0002009,0.0401639,0.1070735,0.0900845,0.0400556,0.0859024,
28,0.000415,0.0683045,0.0310581,0.0290738,0.0059523,0.0556193,
29,0.0005851,0.1061197,0.0320307,0.0253792,0.0680857,0.0471639,
30,0.0004562,0.0416958,0.0204881,0.027995,0.0427554,0.0277498,
31,0.0006811,0.034886,0.0261894,0.068882,0.0593013,0.0205235,
32,0.0005507,0.0333596,0.043874,0.0813191,0.0729253,0.0164663,
33,0.000511,0.0516629,0.0559805,0.1333036,0.1012202,0.0403018,
34,0.0005476,0.092624,0.1028077,0.0669792,0.1371683,0.0657025,
35,0.0004479,0.0778285,0.0577271,0.0285133,0.1049374,0.0192384,
36,0.0002175,0.0650406,0.0507782,0.0510766,0.0590855,0.0199345,
37,0.0006632,0.0717391,0.0720919,0.04679,0.0535071,0.0431863,
38,0.0004129,0.0730033,0.0555247,0.0549933,0.0745885,0.046697,
39,0.0004884,0.0565068,0.0845577,0.0621788,0.0471376,0.1007145,
40,0.0005233,0.0904522,0.064256,0.0721921,0.0576588,0.0622807,
41,0.0003126,0.0906966,0.1083167,0.0513351,0.0527527,0.0480638,
42,0.0002856,0.0966367,0.1063748,0.0774703,0.0848727,0.0445173,
43,0.0003778,0.1402183,0.1109811,0.1131488,0.0786249,0.0645052,
44,0.0003213,0.1913526,0.159087,0.1225407,0.1359554,0.1170217,
45,0.0005363,0.1812166,0.2169913,0.1634294,0.1464426,0.1213693,
46,0.0005633,0.186079,0.2536837,0.2212736,0.2756492,0.0814286,
47,0.0005913,0.151729,0.2183318,0.2184659,0.2991494,0.1247257,
48,0.0005481,0.1273807,0.2128906,0.1769726,0.2642072,0.0662215,
49,0.0003816,0.1160532,0.2298828,0.1738072,0.2543008,0.0495461,
50,0.0005333,0.1331823,0.2465268,0.148949,0.3080816,0.0978493,
51,0.0005725,0.1225498,0.2386425,0.2171588,0.2735316,0.1779491,
52,0.0005309,0.1603405,0.1984778,0.1836122,0.1512461,0.1763285,
53,0.0005621,0.0963169,0.1547003,0.1948135,0.1565919,0.1575991,
54,0.0003657,0.0580768,0.1313776,0.1806222,0.116749,0.1513707,
55,0.0003774,0.0877453,0.1911142,0.1569271,0.1079805,0.1287501,
56,0.0005277,0.1107453,0.1665677,0.1297991,0.1314913,0.1243756,
57,0.0003746,0.1074801,0.1211457,0.1531373,0.131555,0.1289115,
58,0.0004989,0.054001,0.1315743,0.074137,0.087578,0.1488499,
59,0.0004495,0.0278276,0.125089,0.0757633,0.0756525,0.1310389,
60,0.0003666,0.0760522,0.0943079,0.0651038,0.1073169,0.1589501,
61,0.0007357,0.084098,0.1225614,0.1572509,0.0625596,0.1334644,
62,0.0005542,0.097849,0.1493415,0.1470987,0.1012307,0.1829356,
63,0.0004326,0.0983289,0.1497009,0.1125551,0.108862,0.1528142,
64,0.0005477,0.0896316,0.1649499,0.1314169,0.1381463,0.1067732,
65,0.0005448,0.106795,0.1485252,0.1261188,0.1100123,0.0760573,
66,0.000325,0.1372081,0.1231232,0.066704,0.041254,0.0370041,
67,0.0002374,0.1410337,0.1294798,0.0724631,0.0685493,0.1089434,
68,0.0006677,0.0988739,0.0836447,0.0663134,0.060435,0.0730694,
69,0.0003029,0.1103564,0.0362163,0.0741913,0.0545163,0.0494147,
70,0.000159,0.1811096,0.041628,0.2002632,0.0198025,0.0632079,
71,0.000505,0.2404976,0.0422373,0.266328,0.2071895,0.0694481,
72,0.0004592,0.264121,0.074838,0.1239731,0.2827338,0.0913465,
73,0.0005837,0.2565772,0.0906002,0.0700993,0.0939385,0.1161637,
74,0.0003389,0.1310351,0.0864211,0.0347147,0.1086538,0.0504916,
75,0.0005784,0.1151534,0.0917543,0.0822155,0.1274297,0.097504,
76,0.0006766,0.0793524,0.122858,0.1271664,0.1160034,0.0621192,
77,0.0007941,0.0767232,0.1193605,0.0880428,0.0603292,0.0507801,
78,0.000511,0.0729485,0.1005855,0.0531937,0.1129381,0.0416683,
79,0.000443,0.0356055,0.1105521,0.0585897,0.1280813,0.1095567,
80,0.0004891,0.0238213,0.082309,0.0605195,0.0964077,0.1502093,
81,0.0007183,0.0685215,0.0527343,0.0382673,0.062446,0.1554067,
82,0.0005821,0.0530222,0.0792573,0.0627408,0.0407963,0.1156546,
83,0.0004582,0.0576897,0.051571,0.0269408,0.0743996,0.0925482,
84,0.0003216,0.1061064,0.0610275,0.0487938,0.0758638,0.0830996,
85,0.0005495,0.0649439,0.0603128,0.0837575,0.0278754,0.0806654,
86,0.0007881,0.0459469,0.0651744,0.077774,0.0411366,0.0919614,
87,0.0005633,0.0431739,0.0357654,0.0739151,0.0590915,0.1066781,
88,0.0004369,0.0867043,0.0423046,0.0492884,0.0597216,0.0960728,
89,0.0006153,0.0769635,0.0839328,0.0631167,0.0688358,0.0494062,
90,0.0005308,0.0494363,0.0822199,0.0486698,0.0880559,0.043212,
91,0.0004937,0.0878984,0.1101156,0.0579459,0.0973093,0.0464066,
92,0.0004164,0.1248802,0.1252139,0.0682312,0.054432,0.0338262,
93,0.000582,0.1172386,0.0934695,0.0910221,0.1070041,0.0763392,
94,0.0005713,0.1098949,0.0755208,0.1034482,0.153964,0.0709935,
95,0.0004182,0.0579201,0.0565347,0.1270348,0.1034528,0.0414355,
96,0.0005551,0.0938877,0.0945674,0.0527992,0.1498129,0.0909119,
97,0.0006974,0.1121546,0.0375604,0.0172112,0.085112,0.0627717,
98,0.0003215,0.0492475,0.0387554,0.0789325,0.1179407,0.054432,
99,0.0006656,0.049432,0.0639836,0.0782862,0.0798875,0.0289822,
100,0.0004056,0.0549078,0.0565054,0.078346,0.1003869,0.0350858,
101,0.0002066,0.0636096,0.0757113,0.0590483,0.0360769,0.0572871,
102,0.0004824,0.0343377,0.0580832,0.0642855,0.0639507,0.0411507,
103,0.0001823,0.0318002,0.0718357,0.0611775,0.1095759,0.0414714,
104,0.0006735,0.0739004,0.0338521,0.032657,0.1063059,0.0387128,
105,0.0004076,0.0724284,0.0856189,0.0742479,0.0349936,0.0759234,
106,0.0005581,0.0439643,0.0309933,0.110355,0.0284941,0.0742138,
107,0.0006214,0.0556332,0.0568998,0.1069396,0.0545993,0.0639832,
108,0.00057,0.0434208,0.0754632,0.0764425,0.1211257,0.0402335,
109,0.0005364,0.0482401,0.084791,0.0770344,0.1196771,0.0549743,
110,0.0005396,0.0515231,0.0481234,0.0590381,0.0995621,0.0500765,
111,0.000445,0.0524562,0.0335411,0.0585425,0.0750544,0.0656338,
112,0.0005243,0.0414819,0.044744,0.0369307,0.075399,0.0346412,
113,0.000174,0.0361958,0.0538026,0.0514799,0.0780911,0.0219363,
114,0.0004312,0.0435973,0.0701663,0.0656339,0.0348476,0.0376639,
115,0.0004199,0.0318184,0.0739458,0.0458702,0.0395208,0.0594657,
116,0.0004899,0.0449367,0.0399851,0.043268,0.0660849,0.0626628,
117,0.0003338,0.0370134,0.0358267,0.0568777,0.0287336,0.0546807,
118,0.0005904,0.0569051,0.059949,0.0384603,0.0251243,0.0546693,
119,0.0004618,0.0510153,0.1724191,0.0050294,0.0570875,0.0566086,
120,0.0006401,0.047498,0.0338955,0.0458854,0.0266206,0.0866931,
121,0.0003702,0.0578091,0.1304441,0.0447542,0.0350959,0.0778094,
122,0.0004609,0.0346899,0.1165877,0.0343832,0.0190946,0.0807299,
123,0.000328,0.0303099,0.1353389,0.0490525,0.0575423,0.0654708,
124,0.0004875,0.0317498,0.1075435,0.0332425,0.0358055,0.0225334,
125,0.0004354,0.0308727,0.0977281,0.0861979,0.0268989,0.0510206,
126,0.0005793,0.037978,0.035634,0.0722248,0.0220275,0.0315153,
127,0.0003432,0.0290913,0.078096,0.054485,0.0722536,0.0909302,
128,0.0003343,0.0364289,0.0556725,0.0620008,0.069586,0.0661897,
129,0.0006632,0.0275568,0.0903428,0.0892189,0.1137026,0.0263763,
130,0.0004956,0.0243217,0.069712,0.0715442,0.060686,0.017516,
131,0.0004901,0.0281815,0.0633238,0.0780457,0.0766258,0.0143242,
132,0.0002768,0.0062733,0.0554117,0.0735056,0.0583835,0.0191654,
133,0.000341,0.025663,0.0448647,0.0456397,0.0595582,0.048506,
134,0.0003419,0.0478064,0.0873737,0.0657423,0.0371929,0.0512205,
135,0.0003567,0.0414293,0.0675071,0.0754628,0.0439356,0.0349496,
136,0.0005607,0.0233387,0.0717801,0.0657723,0.0431331,0.0292497,
137,0.0006371,0.050391,0.0699251,0.0950114,0.0815602,0.0709537,
138,0.000455,0.053969,0.0661304,0.0809433,0.0643006,0.0933559,
139,0.0005259,0.0231876,0.040209,0.0888914,0.0560535,0.0663635,
140,0.0005562,0.0371125,0.0322382,0.0645096,0.0844188,0.0631193,
141,0.0006454,0.0231164,0.0567073,0.0793524,0.1124048,0.0406446,
142,0.0006112,0.0542834,0.1605217,0.0787959,0.1383211,0.0751522,
143,0.0003765,0.1634837,0.0591372,0.0799033,0.1133076,0.0814494,
144,0.0003956,0.0884856,0.0373239,0.0569573,0.0567033,0.0707174,
145,0.0005299,0.0833889,0.0630093,0.0483414,0.0701038,0.0508367,
146,0.0004959,0.0862904,0.0346006,0.0356302,0.0161654,0.0426584,
147,0.000548,0.063551,0.0618128,0.0352541,0.0216398,0.0666896,
148,0.0005455,0.0363532,0.0505416,0.0114654,0.0124523,0.0665843,
149,0.000345,0.0452295,0.0564553,0.0066947,0.0220582,0.0585378,
150,0.0005988,0.0321918,0.0593862,0.0278139,0.0457724,0.0433159,
151,0.0005546,0.0168279,0.0593494,0.0587521,0.0554543,0.0907133,
152,0.000441,0.0444215,0.0201199,0.0596233,0.0740999,0.063617,
153,0.0001953,0.0719464,0.0162388,0.0548285,0.1319892,0.0734501,
154,0.0003953,0.1214261,0.072348,0.0425614,0.1470447,0.1105455,
155,0.0005398,0.0743903,0.1811415,0.0349471,0.146502,0.123241,
156,0.0006499,0.0730695,0.0485771,0.0537879,0.132187,0.086123,
157,0.0001926,0.075491,0.0204834,0.0358116,0.1136368,0.0504546,
158,0.0005254,0.0353108,0.0738968,0.0273941,0.0830852,0.0863774,
159,0.0003845,0.0414015,0.0525502,0.030337,0.0847236,0.0691442,
160,0.0003616,0.082283,0.0606786,0.0326486,0.0513058,0.0889375,
161,0.0007252,0.0518525,0.045686,0.0354173,0.0237823,0.0742819,
162,0.0004883,0.0325626,0.0734182,0.0455555,0.0257756,0.0656591,
163,0.0006225,0.022266,0.0465469,0.0326211,0.032445,0.0715296,
164,0.0001549,0.0910536,0.0116993,0.06181,0.0497617,0.077568,
165,0.0006359,0.1239479,0.05355,0.0850345,0.0799238,0.1495136,
166,0.0003283,0.1337593,0.0106529,0.0499667,0.078679,0.0822804,
167,0.0005451,0.1130585,0.0404567,0.0144685,0.1171282,0.0927765,
168,0.0003989,0.1040309,0.0836522,0.080495,0.0993238,0.1085346,
169,0.0004866,0.1286575,0.0969353,0.0723517,0.1073247,0.0534824,
170,0.0005052,0.1306308,0.0812359,0.0781654,0.0942887,0.0448263,
171,0.0004524,0.0833873,0.0238239,0.0499266,0.071978,0.0403102,
172,0.0003257,0.0579159,0.039439,0.0415313,0.0227152,0.0415477,
173,0.0004697,0.0664453,0.0454895,0.0472503,0.0344022,0.0445021,
174,0.0005075,0.0434367,0.0607118,0.0903459,0.0337773,0.0654916,
175,0.0005234,0.0398207,0.0564494,0.0455857,0.0393428,0.0531473,
176,0.00052,0.0340861,0.0545146,0.0656552,0.074158,0.0617398,
177,0.0002449,0.0256465,0.0658047,0.0525668,0.0583523,0.1356315,
178,0.0005751,0.0653138,0.0466195,0.091618,0.0473641,0.1053874,
179,0.00069,0.0462758,0.0410756,0.1192696,0.0675654,0.0887406,
180,0.000401,0.0770195,0.0256974,0.0732692,0.0763849,0.0810966,
181,0.0006697,0.069502,0.0611992,0.0648115,0.0583501,0.0847631,
182,0.0003881,0.0965587,0.0286982,0.0565298,0.0423379,0.0651866,
183,0.0005859,0.2140018,0.034682,0.0296886,0.0434977,0.0252531,
184,0.0003052,0.17313,0.0905982,0.0859217,0.0596453,0.0148753,
185,0.0003139,0.1341171,0.1260546,0.0746466,0.0577231,0.0650125,
186,0.0006207,0.0978513,0.1567277,0.0636498,0.0846775,0.0721768,
187,0.0005619,0.0824578,0.1193274,0.0631299,0.0727309,0.0773769,
188,0.0005336,0.1196877,0.10607,0.1009419,0.0704598,0.0709891,
189,0.0007105,0.1363285,0.1134616,0.1424577,0.1164952,0.1064331,
190,0.0005846,0.1048157,0.1096806,0.1508712,0.1278717,0.0912014,
191,0.0002934,0.1389579,0.1473777,0.1294658,0.110861,0.0653193,
192,0.0006276,0.098593,0.1222329,0.0681529,0.1103701,0.0131451,
193,0.0007922,0.0729165,0.0350404,0.1031642,0.0565376,0.0654528,
194,0.0006215,0.063071,0.0328061,0.125489,0.10557,0.0417014,
195,0.0004371,0.1007809,0.0312937,0.1470776,0.0888366,0.0233464,
196,0.0002079,0.0461485,0.0613437,0.0822539,0.0592523,0.1021837,
197,0.0006536,0.032842,0.0653993,0.041985,0.0699448,0.0730666,
198,0.0005111,0.0317831,0.0548942,0.0618506,0.0625065,0.0562215,
199,0.000542,0.0456508,0.0564569,0.0536584,0.0349616,0.0407889,
200,0.0005574,0.0611624,0.0321981,0.0532277,0.0298747,0.0376307,
201,0.000377,0.0703487,0.0545394,0.0299876,0.0087489,0.0568107,
202,0.0003127,0.0484161,0.0407161,0.051166,0.0287922,0.0729131,
203,0.0004021,0.0697399,0.0631076,0.0565045,0.0388787,0.0433173,
204,0.0003477,0.0833436,0.0470494,0.0300912,0.0117964,0.0588175,
205,0.0003992,0.0681006,0.0267418,0.0215406,0.0336752,0.0738522,
206,0.0004567,0.0831023,0.0618361,0.0506649,0.0351634,0.0813641,
207,0.0004612,0.0997888,0.0480152,0.085454,0.0216156,0.0568107,
208,0.0003703,0.06601,0.0233382,0.0466571,0.0485177,0.0353253,
209,0.0006399,0.0575429,0.0400719,0.0513498,0.038178,0.0342002,
210,0.0006557,0.0863639,0.0622553,0.0955094,0.0606587,0.0497487,
211,0.0007084,0.091446,0.0567657,0.1036278,0.0759688,0.0755894,
212,0.0005882,0.1297375,0.0422532,0.0519005,0.079044,0.0979016,
213,0.0006361,0.150894,0.0562987,0.0306208,0.1020668,0.1700238,
214,0.0002814,0.1216043,0.0641691,0.1342301,0.1309169,0.1822658,
215,0.0003673,0.1433079,0.0379062,0.1455759,0.1397793,0.3105325,
216,0.0006239,0.1107803,0.1209935,0.0952608,0.1699513,0.1420808,
217,0.000679,0.0923236,0.1329839,0.1093867,0.1770422,0.1068506,
218,0.000463,0.0995504,0.1305837,0.1537083,0.1406659,0.0732096,
219,0.0003415,0.1114194,0.1198591,0.1508492,0.079922,0.0374529,
220,0.0005479,0.1137442,0.0780848,0.1163323,0.1590153,0.0671174,
221,0.0005683,0.1545953,0.1240493,0.1143018,0.2388561,0.1062186,
222,0.0006531,0.1853383,0.1381694,0.2260834,0.1774219,0.1488395,
223,0.0005648,0.0630509,0.111383,0.1910112,0.1882402,0.1619963,
224,0.0006348,0.0417082,0.135094,0.2490005,0.1836976,0.3199959,
225,0.0003251,0.0511578,0.0890112,0.1237645,0.1491231,0.2504257,
226,0.0001437,0.0686412,0.0805157,0.1401577,0.1472945,0.1925599,
227,0.0005955,0.0213997,0.0548813,0.1288971,0.1014324,0.1808366,
228,0.0003815,0.0277544,0.0222424,0.1276676,0.1515656,0.1525335,
229,0.0004411,0.0493247,0.1336583,0.1170306,0.1520345,0.204,
230,0.0002629,0.064492,0.1697737,0.0776216,0.0898397,0.1765029,
231,0.0006363,0.077559,0.1247592,0.0573421,0.0631667,0.1991166,
232,0.000462,0.0821686,0.0586308,0.0460577,0.0643926,0.2354755,
233,0.000358,0.0553742,0.1172657,0.092546,0.0549514,0.1935102,
234,0.0003054,0.0662181,0.1800175,0.0561039,0.0822742,0.0746192,
235,0.0006039,0.063108,0.2421782,0.1466544,0.0791704,0.1379132,
236,0.0004541,0.0677149,0.1559629,0.1563536,0.087017,0.1762032,
237,0.0005567,0.0406935,0.0823904,0.0547582,0.0323614,0.1308415,
238,0.0004201,0.030155,0.0929713,0.0873296,0.0625568,0.048302,
239,0.0005857,0.060336,0.0642839,0.036763,0.0539264,0.0193225,
240,0.0004133,0.0692827,0.0898294,0.0439517,0.0463474,0.0226992,
241,0.0007176,0.093953,0.1047928,0.0399313,0.0766722,0.0749323,
242,0.0006271,0.0379432,0.0606582,0.0891372,0.0804968,0.1682792,
243,0.0005861,0.0657964,0.0942871,0.0605994,0.0657541,0.2801217,
244,0.0004923,0.0622978,0.0651868,0.0444354,0.0594701,0.2272859,
245,0.0003674,0.0973429,0.0893379,0.0579424,0.1180583,0.2061709,
246,0.0006549,0.0645217,0.0661907,0.14651,0.1020596,0.1512358,
247,0.0005848,0.0919531,0.0315499,0.1772894,0.0999658,0.0892908,
248,0.0004544,0.0990227,0.0577651,0.0838399,0.104698,0.104241,
249,0.0006105,0.0929684,0.0734108,0.0740684,0.1309744,0.0835509,
250,0.0005988,0.0939386,0.0676121,0.0649781,0.078754,0.0574764,
251,0.000246,0.0321399,0.0679487,0.0922146,0.1412748,0.075149,
252,0.000629,0.0704575,0.0677633,0.0964834,0.1493727,0.0294243,
253,0.000301,0.0631584,0.0523377,0.0280405,0.1126811,0.0955709,
254,0.0006727,0.0582867,0.0614783,0.0668361,0.0750297,0.062989,
255,0.0005302,0.0678376,0.052662,0.0588953,0.0742054,0.0596442,
256,0.0004554,0.1045034,0.0538564,0.0250946,0.1250501,0.0490582,
257,0.0006884,0.0906985,0.0651982,0.0441015,0.0991445,0.0589029,
258,0.0005846,0.0952986,0.0671826,0.1006518,0.0512626,0.1167176,
259,0.0003485,0.0944168,0.0781301,0.1261605,0.047779,0.1096128,
260,0.0004466,0.0545605,0.0897769,0.1792667,0.0380967,0.109484,
261,0.0005544,0.0437746,0.0809414,0.1964686,0.04539,0.1260046,
262,0.0004601,0.0289555,0.0575849,0.2513376,0.0453258,0.1122848,
263,0.0005139,0.0442872,0.0453429,0.2164136,0.0411824,0.077983,
264,0.000551,0.0539869,0.0529669,0.1101864,0.0422791,0.067811,
265,0.0005522,0.040754,0.0755009,0.1338679,0.0375191,0.0775305,
266,0.0005651,0.0531514,0.0581402,0.1642339,0.0236295,0.0844772,
267,0.0004404,0.0469954,0.0608322,0.1443312,0.0330924,0.1130399,
268,0.0004289,0.0577583,0.0579017,0.092973,0.0543295,0.0787629,
269,0.0005096,0.0667306,0.1203969,0.1293199,0.0604615,0.0727375,
270,0.0006629,0.1265461,0.1396667,0.1256321,0.0749918,0.0797896,
271,0.0005277,0.091247,0.1467687,0.118186,0.0487,0.1009991,
272,0.0003811,0.0838457,0.0936336,0.1647335,0.0452237,0.1726369,
273,0.0006436,0.114334,0.0948004,0.1717161,0.0566237,0.197488,
274,0.000422,0.1133636,0.0877324,0.1555736,0.1124208,0.1851008,
275,0.0002831,0.0906251,0.1164814,0.1139282,0.1538991,0.2088915,
276,0.0005275,0.0799187,0.1357916,0.0758101,0.0824423,0.1493781,
277,0.000325,0.2195621,0.157875,0.1334466,0.1403049,0.1676126,
278,0.0002534,0.2598129,0.0861346,0.1528243,0.1281807,0.2852552,
279,0.0003531,0.2080883,0.0738751,0.1203287,0.0883245,0.053711,
280,0.0005262,0.1886367,0.0596516,0.0894194,0.085068,0.1150188,
281,0.0006569,0.1514351,0.0795407,0.0488809,0.0847172,0.1057894,
282,0.0003973,0.1623309,0.0937724,0.0664328,0.0978691,0.1087533,
283,0.0005854,0.219535,0.1375408,0.0603922,0.1807976,0.153559,
284,0.0004606,0.136385,0.092475,0.0425388,0.0877033,0.116221,
285,0.0005566,0.151023,0.1035199,0.0816722,0.0684414,0.0955599,
286,0.0004373,0.1114909,0.0939981,0.1041541,0.043261,0.0840902,
287,0.0006065,0.1168922,0.0826017,0.0982681,0.0504787,0.0754326,
288,0.0005606,0.0863311,0.0509998,0.0667628,0.046172,0.0974417,
289,0.0004468,0.0628197,0.0362985,0.0601415,0.0421586,0.0414775,
290,0.0004433,0.0726286,0.0852966,0.0587159,0.0606488,0.0692549,
291,0.0005693,0.0920972,0.0671966,0.0450791,0.0428573,0.0939875,
292,0.0004337,0.0876413,0.0395935,0.0387917,0.0979579,0.0874942,
293,0.0004391,0.0482005,0.0399564,0.01539,0.1202909,0.0484199,
294,0.0003348,0.0744329,0.0782096,0.0121245,0.1052629,0.043818,
295,0.0003889,0.0813968,0.0504576,0.0351826,0.0746545,0.0317632,
296,0.0004748,0.0435806,0.0387452,0.0375455,0.053836,0.0406716,
297,0.0004879,0.0327365,0.0428557,0.0341285,0.0352437,0.0392621,
298,0.0002237,0.0242024,0.0837109,0.0539846,0.0337504,0.0310392,
299,0.0003066,0.0361771,0.0887584,0.0716974,0.0528643,0.0146667,
300,0.000281,0.0281518,0.0524082,0.0817094,0.0498619,0.0464617,
301,0.0006296,0.0285843,0.0289538,0.0708344,0.0371029,0.0559334,
302,0.0005776,0.0941315,0.0439632,0.0886395,0.116288,0.0787551,
303,0.0004296,0.0875358,0.0777616,0.1369589,0.1179802,0.1200657,
304,0.0004027,0.0912814,0.0741546,0.096283,0.0974144,0.0560048,
305,0.0001155,0.0928316,0.038958,0.0785076,0.1270024,0.0769535,
306,0.0006941,0.124025,0.2182427,0.1984946,0.1184696,0.1621051,
307,0.000662,0.0600836,0.0430192,0.1240373,0.0894179,0.1181775,
308,0.0005516,0.0272984,0.0384368,0.0924774,0.0738591,0.13483,
309,0.0006779,0.0408092,0.0253203,0.0799742,0.0678802,0.1186095,
310,0.0005023,0.0190315,0.0407188,0.1166338,0.0621795,0.0850226,
311,0.0005819,0.0327579,0.0696891,0.1371354,0.0912962,0.0801429,
312,0.0004243,0.0820878,0.051416,0.0954535,0.0488654,0.0886579,
313,0.0005538,0.0448594,0.0382553,0.0683339,0.040886,0.0455904,
314,0.0005387,0.0528582,0.0589154,0.0568489,0.065512,0.0422035,
315,0.0006412,0.0203232,0.1072791,0.0658167,0.0518747,0.0368612,
316,0.0002703,0.0114232,0.0909891,0.0594357,0.0415059,0.0375752,
317,0.0003793,0.036899,0.0560522,0.0883523,0.0204785,0.0330459,
318,0.0006219,0.0265848,0.0386742,0.0536758,0.0414663,0.0528712,
319,0.0005413,0.0296811,0.044,0.0581049,0.0211174,0.0908023,
320,0.0005461,0.0475935,0.0737829,0.0700441,0.0399731,0.0779437,
321,0.0004445,0.0483835,0.090944,0.0624982,0.0592124,0.1286508,
322,0.0004529,0.0497022,0.0693941,0.0636648,0.0457041,0.0632965,
323,0.000461,0.0183615,0.0556174,0.0359525,0.0747619,0.0505384,
324,0.0006237,0.0897913,0.0393014,0.0493019,0.0436017,0.0809573,
325,0.0005415,0.133646,0.0825081,0.0618223,0.05158,0.0852376,
326,0.00044,0.1309116,0.0664489,0.0329984,0.0308388,0.0884885,
327,0.0004223,0.1107552,0.1047579,0.0358794,0.0477221,0.08102,
328,0.0002831,0.1308486,0.1387825,0.0813858,0.0605965,0.079903,
329,0.0002976,0.1204178,0.2735044,0.1877775,0.0780902,0.1552771,
330,0.0005165,0.2282421,0.3021199,0.1875068,0.0678678,0.0828227,
331,0.0005221,0.1574294,0.1762019,0.1103536,0.0118618,0.0858948,
332,0.0006899,0.1586324,0.1227813,0.042455,0.0123527,0.0902458,
333,0.0006265,0.092739,0.09051,0.0157082,0.0501863,0.0963917,
334,0.0004335,0.0539256,0.0701933,0.0293548,0.0432966,0.0981714,
335,0.0003031,0.0890122,0.0894394,0.0410696,0.0611647,0.0926824,
336,0.0005435,0.0829923,0.0686884,0.0182972,0.0759671,0.0899538,
337,0.0006336,0.0750897,0.0790874,0.0420472,0.0310126,0.0766717,
338,0.000635,0.0544373,0.0454579,0.0339551,0.0341171,0.0790471,
339,0.0004669,0.1335487,0.0369941,0.0732863,0.1795818,0.0818,
340,0.0002092,0.0895512,0.0484004,0.0437112,0.1008942,0.0734304,
341,0.0004285,0.0862639,0.0356356,0.070531,0.0683584,0.0582246,
342,0.0004567,0.0754235,0.0535656,0.0393368,0.0545684,0.0955643,
343,0.0006849,0.0472226,0.0553992,0.0459385,0.0354021,0.0905512,
344,0.0004679,0.0781566,0.0421231,0.01914,0.0418829,0.0611246,
345,0.0005572,0.0639045,0.0282657,0.0150766,0.0632511,0.0730159,
346,0.0003042,0.0857344,0.0451501,0.0877775,0.088461,0.0748454,
347,0.0005378,0.1227969,0.0666618,0.077134,0.0865171,0.0802203,
348,0.0003621,0.126432,0.0727093,0.0645404,0.0912075,0.07391,
349,0.0005506,0.1205683,0.1340592,0.0338199,0.0693541,0.1033983,
350,0.0001846,0.1250077,0.1002203,0.0656401,0.0495289,0.0999072,
351,0.0003646,0.1347579,0.1365045,0.080851,0.0386976,0.1840962,
352,0.0003213,0.1816831,0.12949,0.1445238,0.1023626,0.2137945,
353,0.0005894,0.1814879,0.1424808,0.1382676,0.0883856,0.1814608,
354,0.0004034,0.1323498,0.1236657,0.0762138,0.0472934,0.1442892,
355,0.0004201,0.1069956,0.1389379,0.041568,0.0392762,0.1446842,
356,0.0006848,0.1430371,0.1523447,0.0567145,0.0388248,0.1455298,
357,0.0003969,0.2041674,0.1208981,0.1098453,0.0636493,0.2218621,
358,0.0004557,0.2044116,0.1362549,0.0693308,0.1482755,0.1724713,
359,0.0002172,0.1960005,0.1736284,0.0682245,0.0572336,0.0806137,
360,0.0002111,0.176422,0.1607815,0.1016091,0.1128672,0.0896556,
361,0.0002363,0.1404884,0.1840527,0.118626,0.1068773,0.0938114,
362,0.0003696,0.1489507,0.1003482,0.1007375,0.1164695,0.0757483,
363,0.0002669,0.1672846,0.1184511,0.0542696,0.1102183,0.0732283,
364,0.0002623,0.1475729,0.147027,0.1244025,0.0966565,0.0340195,
365,0.0006859,0.1378742,0.0967688,0.1010066,0.1052134,0.052158,
366,0.0004363,0.1558102,0.1080906,0.2607068,0.1486637,0.1234537,
367,0.0006108,0.197411,0.0886214,0.1086647,0.0704856,0.0783576,
368,0.0004105,0.1842776,0.1139934,0.1103036,0.0630678,0.1128524,
369,0.0006274,0.1448479,0.1003766,0.1618561,0.0893007,0.0557223,
370,0.0005195,0.1780698,0.0737928,0.1717198,0.0737095,0.0945283,
371,0.000492,0.1798255,0.1369696,0.0984219,0.021803,0.0500572,
372,0.0005983,0.1164815,0.1171733,0.1218176,0.0516513,0.0637609,
373,0.0003466,0.1280516,0.1150236,0.0798929,0.0696212,0.04292,
374,0.0003143,0.1434663,0.0647959,0.0223652,0.043832,0.0502802,
375,0.0005734,0.136039,0.0694046,0.0385198,0.0447876,0.0257111,
376,0.000619,0.1025555,0.0291031,0.1549855,0.0678606,0.067923,
377,0.0002623,0.0494212,0.1109368,0.1646563,0.1451338,0.0848839,
378,0.0004617,0.1365143,0.076677,0.1230767,0.2012242,0.1475873,
379,0.0006422,0.1995337,0.0752822,0.089583,0.086925,0.1528398,
380,0.0005661,0.2005597,0.0737728,0.0769623,0.0419276,0.0729117,
381,0.0002804,0.1524293,0.0744589,0.0514349,0.0392513,0.0585247,
382,0.0004213,0.1683345,0.0631314,0.148043,0.0862284,0.0553905,
383,0.0006141,0.126146,0.0566551,0.1022893,0.0517503,0.0446886,
384,0.0006929,0.0730866,0.0640811,0.101896,0.05188,0.0536042,
385,0.000343,0.0696684,0.050954,0.1025439,0.0532403,0.0499816,
386,0.0005078,0.0591451,0.0401147,0.0679504,0.0479209,0.0599311,
387,0.0004757,0.0490101,0.0688095,0.071408,0.0303745,0.1327586,
388,0.0003938,0.1214299,0.086739,0.0689663,0.0415984,0.0789303,
389,0.0002829,0.1203802,0.0688826,0.0647637,0.1617922,0.0628484,
390,0.0003614,0.0305669,0.0311858,0.0440622,0.0666003,0.0568543,
391,0.0005699,0.0480135,0.0302794,0.068795,0.0568179,0.0685957,
392,0.0006772,0.0742239,0.0433596,0.0738369,0.0659612,0.0602382,
393,0.0005618,0.0724242,0.0412993,0.0746114,0.0622996,0.1071618,
394,0.0004026,0.0247482,0.0335111,0.0737232,0.0475381,0.1077134,
395,0.0006023,0.0727397,0.048332,0.0726586,0.0320355,0.0844707,
396,0.000656,0.0628261,0.0265335,0.0834907,0.0495774,0.0898958,
397,0.0006532,0.0712687,0.0373393,0.1017768,0.0506618,0.0474565,
398,0.0004928,0.0873245,0.0556934,0.1328216,0.1155672,0.0591721,
399,0.0005753,0.0795365,0.0707634,0.0931149,0.1081768,0.056119,
400,0.000559,0.1062767,0.085628,0.0994624,0.1358675,0.058314,
401,0.0004474,0.0725746,0.0411465,0.0799648,0.0964518,0.0733993,
402,0.0005217,0.0775717,0.1010889,0.0979129,0.140104,0.188805,
403,0.0005854,0.0574034,0.0417949,0.0986176,0.1266441,0.107313,
404,0.0002535,0.0671512,0.0587571,0.0664897,0.0343193,0.0501235,
405,0.0004967,0.0646271,0.0807406,0.0577293,0.0455142,0.0643474,
406,0.0006208,0.0633014,0.0845407,0.0466182,0.0656358,0.026676,
407,0.0004474,0.039066,0.0519933,0.0516785,0.0525197,0.0311738,
408,0.0005329,0.0356237,0.060231,0.0489304,0.0733958,0.0645839,
409,0.0005753,0.0496788,0.0331552,0.0591608,0.1033406,0.0299464,
410,0.0004792,0.0483396,0.0480784,0.0528235,0.0565411,0.020387,
411,0.000503,0.0162189,0.0444542,0.0780094,0.0160434,0.0373901,
412,0.0003712,0.0426115,0.0607584,0.0716597,0.0616969,0.0822502,
413,0.0005393,0.0618946,0.0166817,0.0387366,0.0462239,0.1111641,
414,0.0005006,0.0382551,0.0766593,0.0497372,0.0670129,0.1047965,
415,0.000615,0.0517739,0.1070067,0.0888376,0.035418,0.1225884,
416,0.0003038,0.0170355,0.0311075,0.0952074,0.0358676,0.0546718,
417,0.0004031,0.0051974,0.0419973,0.0346252,0.0225837,0.0610631,
418,0.0004309,0.0355443,0.0343496,0.0591931,0.0445949,0.0645273,
419,0.0004657,0.0366326,0.0531592,0.0599665,0.025366,0.0481662,
420,0.0007243,0.0409029,0.0371184,0.0580704,0.045488,0.0468024,
421,0.0005711,0.0243458,0.0404542,0.0453877,0.0535034,0.0460071,
422,0.0007442,0.0157929,0.0453969,0.0309363,0.0120159,0.052181,
423,0.000597,0.0591274,0.0841822,0.0776742,0.0417095,0.0395629,
424,0.000399,0.0910871,0.1038235,0.1148265,0.0256385,0.0617571,
425,0.000442,0.0859214,0.1249111,0.1398185,0.0942097,0.0961303,
426,0.0004608,0.101269,0.1131409,0.127642,0.1070001,0.0952417,
427,0.0002189,0.1007442,0.1183384,0.106704,0.084193,0.0733496,
428,0.000539,0.0518267,0.1470157,0.0427147,0.0707388,0.0875138,
429,0.0004795,0.0298667,0.079963,0.0454239,0.0692907,0.0801209,
430,0.000391,0.0358483,0.0245566,0.0110295,0.0692907,0.0222984,
431,0.0001461,0.051598,0.0647332,0.0413013,0.0363464,0.0482904,
432,0.0005216,0.0382742,0.0467133,0.0580438,0.0241973,0.0700051,
433,0.0004224,0.0408642,0.0343829,0.0728898,0.0367125,0.0474922,
434,0.0002107,0.0086313,0.036432,0.0609078,0.03411,0.0508402,
435,0.0005009,0.0305772,0.0385864,0.0475368,0.0493999,0.0493588,
436,0.000507,0.0321162,0.0363301,0.0835765,0.0639937,0.0607911,
437,0.0004394,0.0525885,0.0267569,0.0725686,0.0573385,0.043634,
438,0.0007681,0.0515685,0.0512035,0.1623859,0.0591599,0.0766077,
439,0.0003068,0.0694864,0.0754662,0.1454889,0.027456,0.0310703,
440,0.0006247,0.0508541,0.0582842,0.0527782,0.0540785,0.0356772,
441,0.0003731,0.0189342,0.0335094,0.0563994,0.0469299,0.0306079,
442,0.0004404,0.0422994,0.0144865,0.0758507,0.0638697,0.0414015,
443,0.0005572,0.0622137,0.0365368,0.0944036,0.082623,0.0776258,
444,0.0003702,0.0368765,0.044653,0.0710173,0.0583764,0.1292281,
445,0.0005279,0.0441798,0.0565862,0.0428302,0.0870833,0.0341683,
446,0.000568,0.0311156,0.0584018,0.0507101,0.0961069,0.0484701,
447,0.0005241,0.0461852,0.0697507,0.0863721,0.1120322,0.0790679,
448,0.000544,0.1277047,0.1189274,0.1051151,0.0848915,0.0683182,
449,0.0005889,0.0453136,0.0647499,0.0814464,0.0408457,0.1107064,
450,0.000507,0.0281183,0.0797489,0.0511144,0.0505274,0.0404717,
451,0.0005718,0.0587001,0.0486508,0.0428654,0.0555719,0.0785222,
452,0.0003744,0.0300169,0.0577452,0.0347729,0.0741278,0.0882643,
453,0.0006888,0.0290136,0.0486719,0.038534,0.0669576,0.0541066,
454,0.0002211,0.0358194,0.045855,0.0271917,0.0328261,0.0439706,
455,0.000435,0.0306917,0.0623398,0.0506836,0.062134,0.0337209,
456,0.0004303,0.033569,0.0679004,0.0471875,0.075967,0.0666577,
457,0.0004843,0.011142,0.0750828,0.0481021,0.0276145,0.0420378,
458,0.0002862,0.0255882,0.0834259,0.0584639,0.1299869,0.0239795,
459,0.0005407,0.0174572,0.1120873,0.1926397,0.2187921,0.0188711,
460,0.0003741,0.035861,0.0628075,0.077969,0.2177483,0.0602316,
461,0.0004229,0.0487381,0.0964249,0.06047,0.1989132,0.0291113,
462,0.0002363,0.0749934,0.0320543,0.0579872,0.1061301,0.0387537,
463,0.0005097,0.0381623,0.0108391,0.0358027,0.0921792,0.0263436,
464,0.0006421,0.0080573,0.0510888,0.0709155,0.0893028,0.0270576,
465,0.0005075,0.0198908,0.0532732,0.0504231,0.0624187,0.0801411,
466,0.0003846,0.0266322,0.0160339,0.0241673,0.0735279,0.083591,
467,0.0002044,0.0303263,0.0442107,0.0468752,0.0432743,0.0593975,
468,0.000593,0.0215586,0.0216541,0.0309701,0.0254207,0.0367906,
469,0.0005584,0.0076725,0.0342629,0.0300499,0.0531938,0.0319077,
470,0.0004748,0.0263771,0.030417,0.0562925,0.0371117,0.0424559,
471,0.0002133,0.0125519,0.0795645,0.0678775,0.0595867,0.0338638,
472,0.000645,0.0819208,0.0630629,0.0988278,0.0162482,0.0369219,
473,0.0005572,0.0668096,0.0746549,0.135316,0.0398884,0.0689232,
474,0.0004134,0.113278,0.152531,0.2002595,0.026329,0.1370965,
475,0.000757,0.1076543,0.1033387,0.1223198,0.0668511,0.1605944,
476,0.0001871,0.0597026,0.0718243,0.2154225,0.1097002,0.1012731,
477,0.0003245,0.045795,0.0372927,0.0824516,0.0651936,0.0812022,
478,0.0003094,0.048722,0.0377404,0.0450527,0.0628532,0.0295984,
479,0.0005437,0.0302506,0.0149995,0.0395306,0.052975,0.0409709,
480,0.0004814,0.0135318,0.0159444,0.0244391,0.0447607,0.0455331,
481,0.0003041,0.0307596,0.0237663,0.061304,0.0616833,0.0161906,
482,0.0005006,0.0233394,0.0487013,0.0469791,0.0541699,0.0384149,
483,0.0002388,0.0326625,0.0994029,0.0764581,0.0927273,0.0231817,
484,0.0006362,0.0426568,0.1100887,0.1077877,0.0862959,0.0324494,
485,0.0004066,0.0280119,0.0676226,0.0966361,0.0369405,0.0307766,
486,0.0003862,0.0279249,0.0352499,0.040752,0.0644356,0.0179525,
487,0.0004753,0.020596,0.0245071,0.0566638,0.0748362,0.0258898,
488,0.0004118,0.0222049,0.0914697,0.037454,0.0328313,0.0151637,
489,0.000717,0.0417527,0.0802891,0.0795273,0.0510485,0.0543175,
490,0.0002196,0.0972026,0.0675223,0.0693964,0.0583251,0.0907974,
491,0.0003062,0.0887315,0.073825,0.0789687,0.0552386,0.083232,
492,0.0003852,0.0828854,0.0281668,0.0536659,0.0613827,0.0728404,
493,0.0007378,0.0810138,0.0361437,0.0462261,0.0815542,0.077172,
494,0.0005205,0.1000255,0.0612452,0.0572485,0.0716706,0.1279458,
495,0.0004801,0.1043206,0.1911571,0.0884508,0.0600236,0.0623915,
496,0.000229,0.2179336,0.2294152,0.1488777,0.076632,0.067448,
497,0.0002441,0.2267957,0.2973478,0.2078014,0.1319883,0.124811,
498,0.0005,0.1106834,0.1669336,0.0871515,0.056033,0.1146814,
499,0.0005433,0.1281666,0.0685152,0.1497315,0.0778812,0.1193513,
500,0.0003894,0.0575052,0.1019666,0.1575237,0.1356333,0.0678661,
501,0.0002809,0.1166671,0.1447258,0.1452426,0.1034006,0.1049699,
502,0.0004597,0.1268416,0.1828207,0.0863238,0.1067901,0.1503372,
503,0.000383,0.0231685,0.114668,0.024379,0.0652569,0.0655186,
504,0.0004893,0.0591661,0.1316825,0.0592384,0.0460006,0.0805843,
505,0.000259,0.0506955,0.1113354,0.0705587,0.055163,0.0569912,
506,0.0005555,0.04237,0.1125511,0.1067749,0.0721917,0.0698707,
507,0.0004,0.0617791,0.0775516,0.0783171,0.0412854,0.0732759,
508,0.0004239,0.0394441,0.0839639,0.067026,0.0419909,0.0821821,
509,0.0005165,0.0649654,0.0583333,0.0361895,0.0396541,0.0612541,
510,0.0005967,0.0668581,0.0595466,0.0310115,0.0607799,0.0308064,
511,0.0004197,0.0543317,0.0540712,0.0146247,0.0458081,0.0489652,
512,0.0006261,0.0585848,0.0333005,0.0241545,0.0444481,0.1006354,
513,0.0003588,0.0700853,0.0306693,0.0244031,0.0546606,0.0708854,
514,0.0002535,0.0646148,0.0183104,0.0356202,0.0366901,0.0632767,
515,0.0002255,0.035195,0.0759433,0.0359558,0.0055577,0.0573513,
516,0.0007075,0.0329591,0.0447051,0.0702387,0.029427,0.1048725,
517,0.0004318,0.0510434,0.0518561,0.0997037,0.0590174,0.1002509,
518,0.0003259,0.0559285,0.1415337,0.094824,0.0982746,0.0505979,
519,0.0003437,0.0525608,0.1683322,0.060156,0.1016778,0.1096067,
520,0.0005515,0.0577474,0.1547759,0.0760405,0.1089208,0.1452383,
521,0.0005914,0.1153646,0.3105497,0.2177683,0.1378565,0.1328945,
522,0.0005461,0.0678233,0.1978899,0.2841515,0.1354749,0.0780035,
523,0.0004951,0.0627989,0.1377946,0.2354628,0.1281095,0.0615187,
524,0.0004786,0.0682722,0.0960245,0.1941228,0.1118276,0.0705182,
525,0.000618,0.0771329,0.0557208,0.0740494,0.1152945,0.0774344,
526,0.0003592,0.0989507,0.0616611,0.1210548,0.1061113,0.0301756,
527,0.0005202,0.0792104,0.1107753,0.1400251,0.096169,0.0723705,
528,0.0006125,0.1859426,0.1684823,0.1904224,0.0864434,0.1787158,
529,0.0004336,0.1247407,0.1373696,0.193252,0.1138966,0.2271641,
530,0.0002476,0.1253853,0.104921,0.1449997,0.0924747,0.1587216,
531,0.0003899,0.1218953,0.0605141,0.1363589,0.1432289,0.1357706,
532,0.0004765,0.0944911,0.1106949,0.1383743,0.1245011,0.1367007,
533,0.0005675,0.1188355,0.1133453,0.114655,0.110492,0.1328263,
534,0.0005584,0.0611931,0.0681561,0.1666468,0.0979504,0.1089339,
535,0.0002299,0.0543837,0.1519511,0.1708415,0.1031517,0.115556,
536,0.000639,0.0394587,0.111698,0.0794612,0.0960886,0.1205859,
537,0.0005253,0.0311116,0.1427524,0.1015994,0.103794,0.1369682,
538,0.0005589,0.0636129,0.1589525,0.154363,0.1078675,0.1698091,
539,0.0005842,0.0197213,0.1602136,0.119828,0.1504729,0.164216,
540,0.0003268,0.0097411,0.1252795,0.0681366,0.1394027,0.1692005,
541,0.0004285,0.0223281,0.1717049,0.0951718,0.2063188,0.17936,
542,0.0004307,0.0209476,0.1551556,0.1708449,0.185326,0.181596,
543,0.0005363,0.0636746,0.1012519,0.0987826,0.0764434,0.1098557,
544,0.0002715,0.0619177,0.1609158,0.0703393,0.0643434,0.1254671,
545,0.0003111,0.0274271,0.1235383,0.1042609,0.0661307,0.0998966,
546,0.0006862,0.043162,0.1351775,0.1265415,0.0855914,0.1178452,
547,0.0004711,0.0727965,0.1366545,0.1455982,0.097764,0.0833512,
548,0.0003109,0.0768124,0.1195742,0.0912806,0.0448391,0.0887524,
549,0.0004345,0.1804973,0.1247951,0.0722093,0.0668487,0.0721743,
550,0.0004789,0.1645589,0.1249816,0.2116263,0.0977977,0.1693688,
551,0.0004271,0.042086,0.1408821,0.2587196,0.075289,0.1492384,
552,0.0005008,0.030822,0.1252739,0.1320162,0.0612484,0.1224453,
553,0.0006127,0.0797363,0.1198787,0.1269704,0.064903,0.1137368,
554,0.0003787,0.0984514,0.1617367,0.1065745,0.0552742,0.0874556,
555,0.0005498,0.1299358,0.0917138,0.0345384,0.0522957,0.0868925,
556,0.0005069,0.1412101,0.0744289,0.0668005,0.0340588,0.0413013,
557,0.0005885,0.148128,0.130525,0.0828851,0.0725663,0.04679,
558,0.000507,0.112017,0.1399262,0.0896803,0.0781806,0.0895235,
559,0.0005822,0.107257,0.0967768,0.0794914,0.0534468,0.1528433,
560,0.0005323,0.1278486,0.1046377,0.0807075,0.0550123,0.1433934,
561,0.0003602,0.11247,0.1764346,0.1259774,0.1269906,0.2011444,
562,0.0006125,0.0947819,0.2373515,0.1296284,0.1555879,0.1643718,
563,0.0001828,0.0997928,0.1849237,0.113006,0.0311326,0.1538075,
564,0.0004855,0.2069134,0.2222486,0.1132936,0.0717822,0.1958051,
565,0.0004288,0.1332686,0.1360879,0.0882217,0.0879235,0.1456459,
566,0.0007325,0.1426704,0.0911142,0.0614675,0.0881439,0.1212969,
567,0.0006602,0.1061329,0.0756003,0.0500143,0.0316197,0.1122102,
568,0.0002794,0.0750048,0.0915233,0.0566,0.0469864,0.0941046,
569,0.0006175,0.0744198,0.0778439,0.0451032,0.0538864,0.0927041,
570,0.0003653,0.0659248,0.0887277,0.0624617,0.0450871,0.0437557,
571,0.0005853,0.0324915,0.0574284,0.0553534,0.0714515,0.0579855,
572,0.0003924,0.0384673,0.0597582,0.0742319,0.0794036,0.0840786,
573,0.0002696,0.0599665,0.0861564,0.0721564,0.0759417,0.0423437,
574,0.0002941,0.0380929,0.0593799,0.0638504,0.0628781,0.0520042,
575,0.0004898,0.0185174,0.0838787,0.0481078,0.1137285,0.0814244,
576,0.0002895,0.0455284,0.06878,0.0839189,0.1351684,0.1307348,
577,0.0003919,0.037631,0.069534,0.0830831,0.1111116,0.1331359,
578,0.0004043,0.0647411,0.1092626,0.1680409,0.1152522,0.0956309,
579,0.0006361,0.0692246,0.1461941,0.2553108,0.1624629,0.1752818,
580,0.0006551,0.0668086,0.1429056,0.2596178,0.1519232,0.1455348,
581,0.0004876,0.0357154,0.1468544,0.13632,0.1305817,0.1419928,
582,0.0005489,0.0693526,0.0987321,0.064288,0.0560581,0.1440891,
583,0.0003074,0.0512386,0.2751468,0.0683746,0.1384751,0.2014914,
584,0.0005549,0.0597585,0.2044989,0.3463725,0.0532526,0.1775507,
585,0.0005746,0.08702,0.1587739,0.1274482,0.0491267,0.1384762,
586,0.0006137,0.0683683,0.1544392,0.1168192,0.0682522,0.0853847,
587,0.0001823,0.0224992,0.0985477,0.1256809,0.0435805,0.0904562,
588,0.0006353,0.0251046,0.1005508,0.1096316,0.0792352,0.0595942,
589,0.0006951,0.0348318,0.1353421,0.0969062,0.1065426,0.0354197,
590,0.0004172,0.0335023,0.0821598,0.0978572,0.0216761,0.0391088,
591,0.0007394,0.0946885,0.0830589,0.0537823,0.0611318,0.0648237,
592,0.0004488,0.0872439,0.1045856,0.0304288,0.0549164,0.0519676,
593,0.0006563,0.0803701,0.0925395,0.1074366,0.0471111,0.0355925,
594,0.000458,0.069107,0.1009066,0.1133778,0.1236141,0.0076209,
595,0.000307,0.0702067,0.0838352,0.046901,0.0523658,0.0284512,
596,0.000468,0.0502179,0.0414251,0.0467376,0.0597578,0.0557613,
597,0.000505,0.0547874,0.0841172,0.0540984,0.0585984,0.0550795,
598,0.0004945,0.0421182,0.0770487,0.0428777,0.0688443,0.0595705,
599,0.0004542,0.0929605,0.070712,0.0495878,0.0710261,0.0554877,
600,0.0003934,0.0405563,0.0914917,0.0193906,0.0619302,0.1153839,
601,0.0005374,0.0491612,0.0818408,0.0743051,0.0565845,0.100724,
602,0.0002668,0.0479169,0.0875201,0.0657185,0.0546922,0.1547288,
603,0.0002745,0.0674174,0.1197951,0.0584653,0.1186214,0.2516625,
604,0.000322,0.0460973,0.1066461,0.048338,0.1110466,0.1094736,
605,0.0002343,0.0765681,0.0701613,0.0923722,0.1127424,0.0976513,
606,0.0005402,0.10773,0.2020808,0.1666557,0.1111,0.1174514,
607,0.0004091,0.0212581,0.2562329,0.1492174,0.0860173,0.1110701,
608,0.0005355,0.0508407,0.2962841,0.214906,0.1020233,0.0740754,
609,0.0002094,0.0503055,0.3193775,0.2301332,0.0997645,0.0863959,
610,0.0005262,0.0262992,0.2121017,0.0930471,0.041245,0.0531194,
611,0.000538,0.0276699,0.2860935,0.1207344,0.0462118,0.0468812,
612,0.0005245,0.1230566,0.2948835,0.2409155,0.0816029,0.0718,
