#Time_ps,0,100,500,1000,3000,5000,
1,0.0006233,0.066999,0.0415688,0.1000411,0.1257986,0.1064525,
2,0.0004222,0.032931,0.0603276,0.080838,0.1045263,0.0617538,
3,0.0004174,0.0500925,0.0568681,0.0170229,0.0792693,0.0536514,
4,0.0006683,0.0414813,0.0583743,0.024041,0.0366778,0.0652765,
5,0.0004024,0.0735411,0.0464803,0.0462092,0.0331609,0.0412686,
6,0.0005087,0.0866189,0.030583,0.0309268,0.0269829,0.0370724,
7,0.0006536,0.0344839,0.0311088,0.0394882,0.0347803,0.0244674,
8,0.0004297,0.0274393,0.0391006,0.0695205,0.037999,0.0449684,
9,0.0005677,0.0320368,0.0226243,0.1315329,0.0545447,0.0241269,
10,0.0005177,0.0523803,0.0501027,0.0622376,0.0774267,0.053014,
11,0.0004469,0.0756979,0.0606183,0.0665049,0.0830279,0.0514127,
12,0.0006373,0.0424294,0.1321793,0.0738575,0.0668044,0.0254365,
13,0.0001785,0.0345097,0.1429055,0.0365808,0.0758792,0.025447,
14,0.0003294,0.0377111,0.0906658,0.046855,0.0508413,0.0234212,
15,0.0007275,0.0675601,0.0794645,0.0657481,0.093906,0.0240947,
16,0.0005004,0.1285095,0.0703452,0.0520715,0.0493857,0.0693284,
17,0.0007592,0.093099,0.0798309,0.0884187,0.0439761,0.0932457,
18,0.0002984,0.0754948,0.0992699,0.1040004,0.0211288,0.0961763,
19,0.0004706,0.072375,0.0631335,0.0598224,0.0352189,0.1212088,
20,0.0003492,0.0849953,0.062534,0.0713372,0.037491,0.1224698,
21,0.0005114,0.1157413,0.0458353,0.0492211,0.0601875,0.0947024,
22,0.0003349,0.1556997,0.0611923,0.0967778,0.0690931,0.0903612,
23,0.0003992,0.1792419,0.1656822,0.1340106,0.1150945,0.133926,
24,0.0004157,0.1402579,0.0701231,0.1032086,0.184037,0.1261523,
25,0.0006537,0.115423,0.0621587,0.0959965,0.0612798,0.0965801,
26,0.0005807,0.0591686,0.0695085,0.0428134,0.0144277,0.1029015,
27,0.0006176,0.0304172,0.0644766,0.0257618,0.0326867,0.0681942,
28,0.000489,0.0278731,0.0761142,0.0259316,0.0225012,0.0543811,
29,0.000521,0.0385247,0.0553794,0.0510705,0.087192,0.0933382,
30,0.0006231,0.0842944,0.0752746,0.0546209,0.019525,0.0725276,
31,0.0005846,0.1172334,0.0777602,0.0602054,0.019714,0.0730561,
32,0.0004768,0.1355454,0.1058546,0.0597847,0.033295,0.0581836,
33,0.0006145,0.2223446,0.1932515,0.0966015,0.1013332,0.1230832,
34,0.0002478,0.1607358,0.0512472,0.1008379,0.0316307,0.0400203,
35,0.0004955,0.1561524,0.0593633,0.0723174,0.0298934,0.0766342,
36,0.0005954,0.0938131,0.0597893,0.0259141,0.0177517,0.0506761,
37,0.0006231,0.0907414,0.0572711,0.0931655,0.0950978,0.0377311,
38,0.0002117,0.0545859,0.0270591,0.0800123,0.1024119,0.0482553,
39,0.0005403,0.0435531,0.059397,0.0857263,0.0807736,0.0530752,
40,0.0004229,0.032747,0.0627237,0.0988678,0.0561367,0.0219661,
41,0.000624,0.0235999,0.0635195,0.1267404,0.0649486,0.0203004,
42,0.0005434,0.0518355,0.0847436,0.0867068,0.0708989,0.0332017,
43,0.000476,0.0790623,0.1155577,0.1735758,0.0453744,0.0227248,
44,0.0005556,0.0899049,0.1792068,0.1984805,0.0321116,0.0287445,
45,0.0004378,0.0881904,0.1123584,0.1330652,0.1389522,0.1909257,
46,0.0005712,0.0989034,0.1831356,0.1644975,0.0988161,0.153372,
47,0.0005802,0.053294,0.2593237,0.1461041,0.0620577,0.021899,
48,0.0004544,0.0524949,0.157902,0.0494717,0.0673939,0.0647961,
49,0.0003421,0.0629275,0.1435603,0.0916438,0.0956061,0.1359759,
50,0.0005079,0.1266927,0.1321358,0.0883591,0.0712318,0.1660026,
51,0.0004386,0.1011661,0.10647,0.1125996,0.048522,0.1566237,
52,0.0005477,0.0777065,0.0853234,0.1288679,0.0430329,0.1243033,
53,0.000359,0.0974305,0.0338087,0.1551011,0.0649975,0.1295613,
54,0.0005082,0.0367205,0.0987032,0.0979546,0.1046659,0.1120298,
55,0.0004905,0.0454246,0.1308997,0.2100594,0.0918215,0.1095096,
56,0.0006268,0.1140125,0.1172447,0.2289333,0.0599442,0.1544607,
57,0.0005552,0.1438089,0.1254194,0.1609391,0.0721889,0.1542824,
58,0.0006026,0.1721891,0.170722,0.1696881,0.0877165,0.0906975,
59,0.0004518,0.0835696,0.1551456,0.1487626,0.2448907,0.1967676,
60,0.0002493,0.0444151,0.1934702,0.132109,0.3142782,0.1883674,
61,0.0004166,0.0845042,0.1676331,0.0639767,0.1997361,0.0723003,
62,0.0006008,0.146986,0.1498284,0.0617679,0.1360386,0.1416673,
63,0.0005289,0.2107826,0.1438701,0.0287236,0.0642756,0.1137962,
64,0.0006928,0.2090674,0.1121337,0.03577,0.0470853,0.0853217,
65,0.0005987,0.1586051,0.0988603,0.0530912,0.1052927,0.1451772,
66,0.0004502,0.1542436,0.1315165,0.1016482,0.094525,0.1420919,
67,0.0006687,0.1609883,0.0380854,0.0966382,0.0663162,0.0829315,
68,0.000451,0.0983626,0.0593416,0.0777661,0.0574331,0.102194,
69,0.0004185,0.0882161,0.0587703,0.088022,0.0572364,0.0951044,
70,0.0002255,0.0860139,0.0792152,0.0738628,0.0953912,0.0811901,
71,0.0003609,0.1277364,0.0926064,0.2013579,0.0717438,0.0896872,
72,0.0004994,0.1363542,0.0753903,0.1041847,0.1575514,0.0916221,
73,0.0001963,0.132392,0.0296546,0.1159144,0.1388238,0.1302035,
74,0.0004306,0.0965097,0.0916028,0.1439574,0.1130839,0.0603047,
75,0.0005066,0.0825399,0.0902193,0.1363343,0.0609541,0.0660372,
76,0.0003906,0.1243012,0.1108725,0.1297381,0.124101,0.0711005,
77,0.0005268,0.1309975,0.0860745,0.1626011,0.1013917,0.0999195,
78,0.0004686,0.1234154,0.0186083,0.1243187,0.0882443,0.0758979,
79,0.0005669,0.1142468,0.1458826,0.1070569,0.1672203,0.1075606,
80,0.0006151,0.0449541,0.100871,0.0993661,0.0813213,0.0913951,
81,0.0003179,0.0605846,0.1098715,0.1358901,0.0633125,0.1138217,
82,0.0003926,0.0997049,0.0894751,0.1653988,0.070816,0.0683928,
83,0.0004279,0.0496867,0.1472801,0.0697105,0.1110842,0.0799667,
84,0.0004676,0.0284844,0.1107653,0.0880325,0.1248604,0.0426036,
85,0.0005709,0.0308947,0.0672517,0.0682056,0.0884415,0.0356591,
86,0.0005681,0.0534544,0.0537323,0.0688669,0.0629958,0.0512002,
87,0.0005208,0.060921,0.0364507,0.0496129,0.074081,0.0094228,
88,0.0006341,0.0607884,0.0442225,0.0671209,0.0741541,0.0645531,
89,0.0006724,0.0619081,0.0381893,0.1034474,0.0713654,0.0769332,
90,0.0005121,0.0896499,0.1021218,0.1154612,0.0288194,0.0957374,
91,0.0006684,0.0854784,0.1183265,0.1125659,0.0852998,0.0581247,
92,0.0005126,0.1803843,0.1402066,0.1106238,0.0715972,0.0381846,
93,0.0002645,0.1777864,0.1581067,0.1530708,0.1165823,0.1123781,
94,0.0004085,0.1330067,0.1924793,0.1561425,0.1160677,0.1057226,
95,0.0003937,0.0998797,0.1484234,0.1077158,0.0830634,0.052737,
96,0.0006821,0.0342766,0.1607439,0.1135824,0.1057425,0.096709,
97,0.0005429,0.057717,0.1140436,0.0920545,0.104501,0.0898715,
98,0.0005692,0.0541901,0.1245236,0.0833387,0.0441983,0.0817356,
99,0.0002999,0.06358,0.1195276,0.1276118,0.0299071,0.0671569,
100,0.0006423,0.076132,0.1226264,0.1160874,0.0629112,0.090946,
101,0.0004197,0.0729423,0.1093077,0.0986954,0.0713287,0.0827727,
102,0.0004185,0.1165276,0.0949695,0.0923986,0.0562578,0.1008943,
103,0.0007183,0.1283467,0.0714608,0.0710389,0.0757068,0.0977152,
104,0.0004989,0.0905201,0.1058988,0.0422317,0.0910921,0.0660494,
105,0.0004539,0.0961166,0.0639857,0.0721771,0.1301363,0.0470935,
106,0.0001743,0.1115561,0.0683948,0.0478971,0.1155591,0.0397384,
107,0.0003845,0.0789206,0.0749261,0.0369884,0.1034201,0.0531125,
108,0.0004962,0.0928473,0.0419834,0.0558114,0.0706059,0.0405198,
109,0.0003055,0.1018715,0.0482578,0.0293292,0.0719183,0.0590722,
110,0.0005095,0.0712026,0.0717971,0.0265548,0.08736,0.0641218,
111,0.0005183,0.0985225,0.0602159,0.0159227,0.0419618,0.0449873,
112,0.0005634,0.0812023,0.064013,0.054409,0.0434974,0.0599495,
113,0.0003258,0.055016,0.0594776,0.0398757,0.0513033,0.0209841,
114,0.0003243,0.0344908,0.0443985,0.007317,0.0414019,0.0458041,
115,0.0005017,0.0367764,0.0760459,0.0349159,0.1101666,0.1034085,
116,0.0005168,0.0287281,0.0711026,0.0272963,0.0960334,0.1061229,
117,0.0004795,0.0275175,0.0761446,0.0315365,0.0497282,0.1046885,
118,0.0002862,0.0368652,0.0963046,0.0901405,0.0533179,0.0540853,
119,0.0005022,0.0436968,0.1363852,0.1845793,0.0562628,0.1143079,
120,0.0006506,0.0235589,0.0945718,0.1523083,0.0436458,0.1331174,
121,0.0005936,0.0234891,0.0888236,0.1006178,0.0589206,0.1125597,
122,0.0004899,0.0308596,0.054014,0.0502893,0.0984057,0.146653,
123,0.0005645,0.0369511,0.0457555,0.0639492,0.0997281,0.1437161,
124,0.000513,0.0253834,0.068176,0.045034,0.0736483,0.0952924,
125,0.000562,0.032802,0.0802778,0.0219307,0.0752325,0.0657663,
126,0.0004859,0.0511745,0.068656,0.0476942,0.0681562,0.0524425,
127,0.0006368,0.088826,0.049738,0.0578824,0.0162215,0.0493025,
128,0.0003689,0.079647,0.0497241,0.052445,0.0501357,0.0728822,
129,0.0004052,0.0814785,0.0534473,0.0368527,0.1125708,0.065977,
130,0.0005819,0.0790688,0.0339357,0.0502061,0.1041037,0.049072,
131,0.0002862,0.1227724,0.0231674,0.0486983,0.0898156,0.0311943,
132,0.0006137,0.1071559,0.0379646,0.0514114,0.0544262,0.0812831,
133,0.0001251,0.0487022,0.0466938,0.0587436,0.0336754,0.0693989,
134,0.0004928,0.0426715,0.0425213,0.0473131,0.0351228,0.0714729,
135,0.0002885,0.0549694,0.0413347,0.0331674,0.0279629,0.0541374,
136,0.0005974,0.0737626,0.0439053,0.0296676,0.0665596,0.0164762,
137,0.0005468,0.0812821,0.0464393,0.0633181,0.0616258,0.0717992,
138,0.0007478,0.0510601,0.0496041,0.1228624,0.0664134,0.0713905,
139,0.000631,0.0480703,0.0468889,0.0752357,0.0374366,0.0889846,
140,0.0006371,0.063595,0.0581259,0.0344858,0.0257573,0.111088,
141,0.0007534,0.0990218,0.0541736,0.0531492,0.0326053,0.1039249,
142,0.0001805,0.0715517,0.0656074,0.0719543,0.0736301,0.1861705,
143,0.0004919,0.1062137,0.1188066,0.1066813,0.153616,0.1975435,
144,0.0007096,0.0071468,0.0431264,0.0453541,0.017615,0.0779214,
145,0.0005465,0.0157364,0.0374985,0.042471,0.0210969,0.031457,
146,0.0003651,0.0268182,0.0385369,0.0401473,0.0194814,0.054353,
147,0.0005697,0.0231842,0.0477535,0.0245559,0.0274469,0.0497601,
148,0.0006485,0.0312631,0.0428771,0.0461874,0.0294955,0.0383945,
149,0.0003246,0.0437682,0.0486943,0.0481687,0.1040737,0.0196591,
150,0.0006214,0.0554336,0.0533486,0.0313715,0.0430968,0.026487,
151,0.0005445,0.0598145,0.1143521,0.0460355,0.0360104,0.0502329,
152,0.000383,0.0376571,0.1249106,0.0993612,0.1195056,0.0364877,
153,0.0004394,0.0912784,0.2056255,0.1498208,0.2488904,0.1233927,
154,0.0004973,0.0950244,0.3494367,0.2968483,0.3622424,0.147727,
155,0.0002779,0.0897674,0.3213845,0.3064792,0.2829008,0.1520094,
156,0.0005219,0.061079,0.0944008,0.1114256,0.1039477,0.0565914,
157,0.0004691,0.080184,0.0854928,0.0943966,0.0485545,0.0526604,
158,0.0004835,0.0682984,0.1160046,0.0608885,0.018846,0.0373868,
159,0.0002927,0.0322079,0.0635802,0.0435867,0.0619551,0.0529214,
160,0.0005724,0.0693972,0.0445463,0.0424874,0.0594368,0.0568714,
161,0.0003916,0.0148292,0.0648015,0.0254411,0.0895184,0.0255723,
162,0.0004939,0.0305352,0.0679548,0.0216692,0.0378392,0.0081433,
163,0.0004283,0.0086971,0.0561581,0.0252268,0.0364083,0.0350271,
164,0.0003257,0.0374094,0.0423091,0.0394123,0.0643344,0.0492272,
165,0.0005136,0.0407449,0.0475492,0.0561888,0.0925596,0.051435,
166,0.0007514,0.0390999,0.0499586,0.0718649,0.100904,0.0686971,
167,0.0005822,0.0688599,0.0530528,0.1309213,0.0889223,0.0623577,
168,0.000595,0.1027349,0.1362127,0.1892898,0.1339438,0.0839847,
169,0.0003522,0.1035235,0.0780419,0.1467489,0.081445,0.1072542,
170,0.0001484,0.0836501,0.0773283,0.062741,0.0280426,0.0993046,
171,0.0005149,0.026874,0.0476282,0.0449064,0.0507649,0.0768054,
172,0.0003708,0.0258896,0.0452606,0.0305802,0.0609024,0.0822191,
173,0.0004883,0.0247179,0.042177,0.0233344,0.0337975,0.0645878,
174,0.0003304,0.0094414,0.0360674,0.036202,0.0355687,0.0828439,
175,0.0003138,0.0106963,0.0431603,0.0393826,0.0323034,0.0575079,
176,0.0005584,0.0402986,0.088907,0.0152346,0.0815801,0.045765,
177,0.0005994,0.0667688,0.0812163,0.0245255,0.1192004,0.0431113,
178,0.0006826,0.0958312,0.0649543,0.0281405,0.1195773,0.0778349,
179,0.0004379,0.0606861,0.1064376,0.0455107,0.1418407,0.1607217,
180,0.0005527,0.0651407,0.0833035,0.0857112,0.0978125,0.1259046,
181,0.000548,0.042276,0.0756107,0.0611502,0.089047,0.0840603,
182,0.0004565,0.056765,0.06598,0.0383379,0.0334329,0.0413364,
183,0.0005769,0.100641,0.0678868,0.090517,0.0720208,0.0326445,
184,0.0006249,0.0725069,0.0710162,0.1302372,0.1106653,0.0539874,
185,0.000599,0.0416534,0.0659441,0.1566663,0.0930513,0.0665595,
186,0.0006268,0.0554883,0.0876795,0.1302172,0.0671788,0.0821633,
187,0.0002681,0.0573365,0.0575377,0.0872122,0.0711839,0.0656908,
188,0.0004606,0.0823548,0.077709,0.1360213,0.0496429,0.0988625,
189,0.0005151,0.1249807,0.1444425,0.1738503,0.0902433,0.1183452,
190,0.0006819,0.1603638,0.1126529,0.1779779,0.0762595,0.0855268,
191,0.0005697,0.2139055,0.1844708,0.1762526,0.1300222,0.0740021,
192,0.0001712,0.0776767,0.0746691,0.1129772,0.0732469,0.0588439,
193,0.0003187,0.039901,0.061732,0.0984288,0.0861442,0.0176238,
194,0.0004436,0.0764555,0.0766622,0.0795021,0.0737327,0.1094155,
195,0.0005747,0.03927,0.0335978,0.0645847,0.0508197,0.1130616,
196,7.08e-05,0.0476121,0.0292417,0.2159531,0.094932,0.0942161,
197,0.0004008,0.1017143,0.0441406,0.1151464,0.0871028,0.0337564,
198,0.0002926,0.1033052,0.0490704,0.1194745,0.0840982,0.0936812,
199,0.0002639,0.0986312,0.0544733,0.099718,0.059292,0.0971087,
200,0.0006105,0.0940147,0.0550425,0.0909555,0.0489361,0.1256594,
201,0.0005723,0.0747867,0.047214,0.0532749,0.0911886,0.0386067,
202,0.0006431,0.1283084,0.0628657,0.0521792,0.1262415,0.0383589,
203,0.0002512,0.0848036,0.0508836,0.0353754,0.0991593,0.0637831,
204,0.0006316,0.0419453,0.0495849,0.0256076,0.0955605,0.0614405,
205,0.0005389,0.0771627,0.0405207,0.0460989,0.0693939,0.0477892,
206,0.0004714,0.111196,0.0362531,0.0533636,0.0620594,0.0468862,
207,0.0007111,0.0413997,0.0459562,0.0489121,0.0572212,0.0086157,
208,0.0002722,0.068592,0.0248782,0.0414335,0.0470731,0.0492114,
209,0.0004391,0.0772707,0.0378614,0.0348222,0.05174,0.0792281,
210,0.0003467,0.0752357,0.0924234,0.0506966,0.0690412,0.0619999,
211,0.0003539,0.0612624,0.1057622,0.029855,0.0570641,0.0872513,
212,0.0004812,0.1097407,0.0655208,0.0304939,0.0749368,0.0650244,
213,0.000611,0.1101637,0.0986588,0.0725058,0.0815147,0.068637,
214,0.0003981,0.1284942,0.1691556,0.0393356,0.0495704,0.0730554,
215,0.0006422,0.1026912,0.2679449,0.1013394,0.1153183,0.0468695,
216,0.0005573,0.1286103,0.0438917,0.0894306,0.0709317,0.0485916,
217,0.0005427,0.1445631,0.1140226,0.1147016,0.0274961,0.0364112,
218,0.0004992,0.1595079,0.1321884,0.0925756,0.0547194,0.0388767,
219,0.000624,0.1482867,0.0843549,0.0705714,0.0486838,0.0600549,
220,0.0005403,0.1485303,0.0368068,0.0476989,0.0514231,0.0455771,
221,0.0002245,0.1279582,0.0334166,0.0325948,0.1909073,0.1057954,
222,0.0006839,0.1411195,0.1284497,0.0484714,0.4494697,0.3776794,
223,0.000574,0.14069,0.071475,0.1498094,0.2067499,0.3301324,
224,0.0003825,0.1374039,0.111653,0.0990383,0.1991854,0.2630925,
225,0.0002314,0.1452176,0.1304013,0.0614011,0.227538,0.2610996,
226,0.0003964,0.1404912,0.1245532,0.0921385,0.2374496,0.2647948,
227,0.0005563,0.108476,0.0842812,0.1137605,0.2163853,0.2132612,
228,0.0003338,0.1329428,0.1056303,0.0972287,0.2509527,0.2655014,
229,0.0004582,0.1454577,0.107907,0.0900416,0.2549181,0.2327362,
230,0.0001852,0.1017527,0.0725406,0.0930332,0.1651131,0.1734563,
231,0.0002868,0.119934,0.0115673,0.1188552,0.1325319,0.1857677,
232,0.0005243,0.1131799,0.0613303,0.1336652,0.1773021,0.12962,
233,0.0004251,0.1026642,0.1133066,0.1455871,0.1352427,0.0749257,
234,0.0006574,0.0969207,0.1234522,0.1146186,0.0984881,0.1176239,
235,0.0005056,0.0914398,0.1726996,0.1386025,0.1468918,0.1645479,
236,0.0003367,0.1412396,0.0830652,0.1504952,0.1754081,0.1508602,
237,0.0005009,0.135234,0.1120038,0.1561894,0.1552296,0.118689,
238,0.000306,0.1037113,0.0990562,0.1618403,0.0888098,0.1287156,
239,0.0004005,0.1107223,0.1008314,0.1174907,0.0853894,0.0518608,
240,0.0004524,0.1014253,0.0968738,0.1141296,0.0533662,0.1061809,
241,0.0005101,0.1378646,0.0833981,0.1007201,0.1461777,0.1720533,
242,0.0006826,0.1393688,0.0858104,0.0808218,0.1285182,0.2047097,
243,0.0003234,0.1518831,0.0989168,0.1204732,0.2412072,0.2570302,
244,0.0005358,0.1372312,0.165226,0.1596414,0.2884789,0.2309329,
245,0.0004979,0.103486,0.1318688,0.1831407,0.2927044,0.2756827,
246,0.0004151,0.1963754,0.1119621,0.1187615,0.1841073,0.2081786,
247,0.0006475,0.2077287,0.1313929,0.0936148,0.1214796,0.0430393,
248,0.0004726,0.1294533,0.0413009,0.2441838,0.2097571,0.1378861,
249,0.0003854,0.0935347,0.0426408,0.2311253,0.154383,0.0834329,
250,0.000322,0.1009429,0.1021782,0.0862666,0.1004044,0.0422686,
251,0.0004103,0.182034,0.1348017,0.1059309,0.1093426,0.0822938,
252,0.0004515,0.1555729,0.1292887,0.1026423,0.1315257,0.0695808,
253,0.0003852,0.1023879,0.0761178,0.1192982,0.0720929,0.0736742,
254,0.000217,0.1318871,0.1214709,0.1248219,0.0504738,0.0911648,
255,0.0005373,0.1319486,0.1529192,0.1534332,0.1342805,0.1404033,
256,0.0003159,0.1092821,0.126211,0.1686663,0.0804497,0.1636492,
257,0.0003445,0.063738,0.092599,0.1663167,0.067185,0.0471567,
258,0.0005294,0.1563957,0.1671291,0.1888037,0.0926849,0.0939668,
259,0.0003927,0.1297265,0.0977175,0.1203853,0.095057,0.0599162,
260,0.0003612,0.1391476,0.1112028,0.0962277,0.1003617,0.0449655,
261,0.0005148,0.1397691,0.128476,0.0715155,0.1027008,0.0551988,
262,0.0007133,0.1104489,0.1294342,0.0789203,0.1134826,0.1424667,
263,0.0005769,0.1107989,0.1114734,0.0538727,0.1116459,0.1237309,
264,0.0004894,0.1192284,0.0958968,0.0327989,0.0966019,0.090857,
265,0.0005369,0.1056696,0.1010242,0.0488349,0.0971344,0.0868332,
266,0.0001994,0.0929385,0.0911023,0.0489638,0.0753185,0.0430577,
267,0.0002177,0.0861749,0.106976,0.0476823,0.0928011,0.0571617,
268,0.0006464,0.060059,0.0591775,0.0378666,0.0678948,0.0789633,
269,0.0004632,0.0527911,0.1109933,0.0519518,0.0737613,0.0722328,
270,0.0002107,0.1025962,0.0766944,0.0498211,0.0680949,0.0683283,
271,0.0003067,0.0788189,0.0633617,0.0812267,0.1661326,0.0554741,
272,0.0005094,0.0462324,0.1160062,0.1057946,0.210371,0.1159312,
273,0.000509,0.0673359,0.1213098,0.095873,0.2341025,0.2474552,
274,0.0004543,0.0482049,0.0965554,0.107337,0.2094274,0.2975201,
275,0.0006106,0.0636452,0.1157641,0.115633,0.2432688,0.1741449,
276,0.0007417,0.0725164,0.1255625,0.1250133,0.2509265,0.0863446,
277,0.0005121,0.1063467,0.2319627,0.2240013,0.3110453,0.2743715,
278,0.0005344,0.2276673,0.2596445,0.2116487,0.4312325,0.2627711,
279,0.0004609,0.1892947,0.0857652,0.0679225,0.2896312,0.2226148,
280,0.0005517,0.1250827,0.0457064,0.0674381,0.0890885,0.0866344,
281,0.000651,0.110156,0.066953,0.0903186,0.047517,0.0547568,
282,0.0003926,0.1046181,0.0156715,0.1125766,0.0580156,0.040945,
283,0.0004693,0.1520468,0.0621554,0.0911454,0.0653428,0.0930084,
284,0.0004938,0.1104725,0.0554903,0.0786794,0.0516864,0.0644852,
285,0.0005055,0.0640906,0.0527038,0.0622297,0.0953443,0.0328793,
286,0.0006981,0.0889775,0.0627784,0.033069,0.0950185,0.0530542,
287,0.0005174,0.0754288,0.0531583,0.0152506,0.0848227,0.0434941,
288,0.0004371,0.070301,0.0273361,0.0470141,0.0802015,0.1246323,
289,0.0005289,0.044958,0.043634,0.0608128,0.1014993,0.1231738,
290,0.0007388,0.0466974,0.045628,0.028919,0.0806563,0.0432238,
291,0.0003006,0.0427636,0.0393226,0.0636206,0.1170236,0.0435835,
292,0.0003842,0.032093,0.0219222,0.0595234,0.1105834,0.0323434,
293,0.0003751,0.0441505,0.0467026,0.0939687,0.0614361,0.0591623,
294,0.000576,0.0470131,0.0641155,0.0837962,0.1021322,0.0916489,
295,0.0003877,0.0470785,0.0392763,0.0634681,0.1332534,0.0771548,
296,0.0004504,0.0457696,0.0583869,0.0839939,0.0924317,0.0463075,
297,0.0006497,0.0162854,0.0578452,0.0819469,0.1007761,0.0695561,
298,0.0002289,0.0414687,0.0367814,0.0737879,0.0385575,0.0943227,
299,0.0005359,0.0620617,0.0709612,0.0251276,0.0677254,0.0871746,
300,0.000383,0.0474266,0.1127247,0.1165633,0.0977182,0.0727039,
301,0.0003151,0.0485138,0.0484697,0.1610042,0.1202657,0.0904204,
302,0.0003237,0.0752011,0.0768841,0.1788355,0.2339538,0.1355932,
303,0.0003092,0.0868238,0.1413609,0.1814481,0.1106757,0.2159801,
304,0.0002015,0.1016905,0.3634892,0.3115622,0.5776344,0.1171736,
305,0.0005167,0.1047908,0.3902132,0.2395946,0.4238262,0.1234588,
306,0.0007142,0.1013368,0.2896026,0.2209567,0.3068998,0.1209847,
307,0.0002485,0.0903442,0.0329973,0.0499674,0.0331976,0.128089,
308,0.0004848,0.0814059,0.06018,0.0538277,0.1190027,0.0953773,
309,0.0003021,0.0781395,0.0375738,0.0676223,0.0965491,0.0512308,
310,0.0006023,0.0770515,0.0470663,0.057554,0.020567,0.0707461,
311,0.0005145,0.0761178,0.0548492,0.0519033,0.0551517,0.1244416,
312,0.0004317,0.1032869,0.0650218,0.044332,0.0660079,0.1165079,
313,0.0006323,0.0683342,0.0484417,0.0524585,0.044653,0.1102438,
314,0.0005983,0.0312021,0.0224785,0.0752879,0.0637269,0.1306168,
315,0.0005377,0.0334396,0.0516619,0.0684196,0.0613476,0.075705,
316,0.0006975,0.0285396,0.0587197,0.0903535,0.0400635,0.0322303,
317,0.0004702,0.0157346,0.0323546,0.0811584,0.0502382,0.1020356,
318,0.0005138,0.0302319,0.0774498,0.1125483,0.0598002,0.0523095,
319,0.0005564,0.0747518,0.0335268,0.132691,0.0138553,0.0327164,
320,0.0005693,0.0627085,0.0298561,0.1152603,0.025247,0.0490613,
321,0.0006336,0.1452197,0.0580807,0.1171902,0.0322594,0.0503286,
322,0.0004391,0.1058369,0.0382293,0.1028632,0.0311426,0.0422141,
323,0.00051,0.0825029,0.0177481,0.090108,0.0654724,0.0385152,
324,0.0005977,0.0619694,0.018489,0.1049692,0.0621068,0.0258441,
325,0.0004232,0.0634287,0.0685806,0.1091756,0.089656,0.0239137,
326,0.0004992,0.0472257,0.0502501,0.1122249,0.1464072,0.0207526,
327,0.000785,0.0590778,0.0178128,0.1157542,0.1687305,0.052425,
328,0.0005897,0.095682,0.0355734,0.1015105,0.1802793,0.0639271,
329,0.0007126,0.0770405,0.1100532,0.0647443,0.250406,0.1444188,
330,0.0005375,0.147727,0.1382657,0.1538937,0.2247821,0.1375052,
331,0.0004395,0.1206132,0.1085961,0.1367242,0.1049046,0.0987928,
332,0.0004041,0.1115232,0.084841,0.1130397,0.1409649,0.0982146,
333,0.000463,0.0530719,0.073199,0.0777265,0.059,0.0734283,
334,0.0005614,0.0663207,0.0238654,0.0797942,0.061581,0.0629936,
335,0.0003903,0.0582681,0.0503614,0.1258422,0.0466426,0.0656114,
336,0.0004147,0.084756,0.031972,0.1087893,0.0367618,0.0505407,
337,0.0006333,0.0618419,0.0286577,0.102145,0.0502166,0.0614127,
338,0.0005574,0.0408917,0.0714417,0.1224036,0.0566347,0.0565714,
339,0.0005858,0.0409271,0.1168821,0.1958149,0.073196,0.1226318,
340,0.0004821,0.0140955,0.0480561,0.1034637,0.1068012,0.116338,
341,0.0002464,0.0638161,0.0479142,0.1156217,0.1342639,0.1064556,
342,0.0003129,0.0346593,0.0341901,0.0669059,0.1219455,0.0345103,
343,0.0005375,0.0770096,0.0346922,0.0409033,0.071744,0.034917,
344,0.0004779,0.0747309,0.0377337,0.0256771,0.0466529,0.0258454,
345,0.0003895,0.0686307,0.0178665,0.0223068,0.0640928,0.0643391,
346,0.0005844,0.0553325,0.0506803,0.0495726,0.0724781,0.0631228,
347,0.0005865,0.0424722,0.0689129,0.0694523,0.0257993,0.0740983,
348,0.0004785,0.0854057,0.0820336,0.0691974,0.0371515,0.0536447,
349,0.0004717,0.1421278,0.0733669,0.1590275,0.0457639,0.0502826,
350,0.0006273,0.2034628,0.1298449,0.179186,0.0277988,0.0508739,
351,0.0003072,0.2463856,0.1187802,0.1724952,0.0433574,0.0452388,
352,0.0006064,0.2511525,0.1176804,0.1784455,0.0323129,0.0306574,
353,0.0003764,0.291355,0.1099647,0.2275243,0.0423727,0.0301352,
354,0.0003477,0.2576415,0.1075318,0.1744947,0.03512,0.0276859,
355,0.0004098,0.1840499,0.1265489,0.1473581,0.027235,0.0340659,
356,0.0006017,0.2252435,0.103687,0.1475774,0.0480659,0.0466624,
357,0.0003593,0.2537653,0.1323717,0.1632592,0.0674576,0.0729102,
358,0.000444,0.2127607,0.1368424,0.1528015,0.0414411,0.0829756,
359,0.0004912,0.2407334,0.1407739,0.1985677,0.0457603,0.0501301,
360,0.00014,0.1756213,0.1278947,0.2444557,0.0566909,0.0588522,
361,0.0006611,0.1736181,0.1268406,0.2541568,0.1431658,0.0908501,
362,0.0002668,0.1374289,0.0826627,0.1651299,0.1042426,0.1188199,
363,0.0003318,0.149,0.130096,0.1730297,0.1178306,0.1298065,
364,0.0004247,0.1787689,0.1111552,0.1355082,0.0806409,0.1281951,
365,0.000605,0.1488923,0.0869247,0.1255082,0.0582631,0.1453299,
366,0.0004263,0.1717939,0.1515195,0.1174724,0.0728929,0.0735585,
367,0.0001695,0.1014251,0.1178902,0.0943632,0.0470704,0.1178428,
368,0.0003718,0.1266852,0.1145012,0.1098336,0.1559611,0.1925431,
369,0.0003664,0.0997477,0.1041272,0.0904809,0.1887036,0.1183163,
370,0.0004188,0.0985332,0.0480758,0.1280319,0.1733175,0.1507172,
371,0.0004589,0.0753608,0.0416989,0.1052954,0.182157,0.1790636,
372,0.0002362,0.0335923,0.0382218,0.0837627,0.2152946,0.0725471,
373,0.0002811,0.0266949,0.1001539,0.0921795,0.1998626,0.0165576,
374,0.0005348,0.0367927,0.1046529,0.0994613,0.1553066,0.0215703,
375,0.0005209,0.0614078,0.0777916,0.1101453,0.0993448,0.0301771,
376,0.0005357,0.0526026,0.0522228,0.1315701,0.0422209,0.0447692,
377,0.0003688,0.052384,0.0473995,0.2921707,0.1216309,0.0924435,
378,0.0005368,0.1095419,0.1073237,0.1088097,0.1233348,0.0516805,
379,0.0002751,0.1013198,0.066667,0.1686673,0.1180439,0.0452738,
380,0.0004651,0.1137613,0.0281,0.2076356,0.1103889,0.0441079,
381,0.0003627,0.1044155,0.0572228,0.1888085,0.1170462,0.0710167,
382,0.0006919,0.130359,0.0627768,0.1844499,0.146748,0.0305778,
383,0.0006441,0.1092562,0.0527955,0.0855765,0.1632906,0.0307236,
384,0.0004466,0.1217027,0.0829456,0.0837003,0.1830586,0.0964164,
385,0.0003733,0.0450838,0.0884829,0.0976201,0.2243055,0.0947178,
386,0.0005674,0.0555898,0.1264483,0.0776662,0.1567481,0.0906996,
387,0.0006693,0.0672242,0.1162713,0.0604059,0.1468745,0.0649854,
388,0.000572,0.0513354,0.1331632,0.0294093,0.14707,0.0699008,
389,0.0003942,0.1116028,0.1294937,0.0462344,0.1793227,0.0502351,
390,0.0003629,0.0764979,0.065999,0.0520133,0.078533,0.0330451,
391,0.0004643,0.0373174,0.033884,0.0530766,0.089164,0.0578674,
392,0.0004474,0.0633192,0.0258451,0.052873,0.0976788,0.0467501,
393,0.0004034,0.065489,0.0234377,0.0486734,0.1156797,0.0568435,
394,0.0003846,0.0458492,0.0277263,0.0303999,0.1064049,0.0305233,
395,0.0003621,0.0189577,0.0484999,0.1197154,0.1510803,0.0597213,
396,0.0003065,0.0519851,0.0350594,0.1781544,0.1679302,0.0770781,
397,0.0003806,0.0612223,0.0256415,0.1666504,0.1613563,0.0876503,
398,0.0004831,0.1168998,0.0406426,0.2349418,0.1633141,0.1269855,
399,0.0004647,0.0691136,0.1140511,0.1989577,0.1440507,0.1959304,
400,0.0005739,0.0796874,0.1005022,0.1900143,0.0780681,0.156037,
401,0.0005682,0.049647,0.0478531,0.1714283,0.0361554,0.132274,
402,0.0004466,0.1014953,0.0941667,0.2862799,0.0880859,0.1259805,
403,0.0006661,0.0227414,0.0657307,0.1979804,0.0579615,0.1328138,
404,0.0007441,0.0468692,0.0693292,0.1840714,0.021594,0.0929741,
405,0.0004978,0.0290741,0.0685324,0.1419609,0.0610096,0.100959,
406,0.0003569,0.0236885,0.0634166,0.1641188,0.103174,0.0946503,
407,0.0007977,0.0662836,0.0400448,0.1470556,0.0774898,0.0904352,
408,0.0006061,0.0811834,0.0189231,0.0930101,0.1215577,0.1178756,
409,0.0007104,0.0839202,0.08573,0.044184,0.1041617,0.1190265,
410,0.0005877,0.0828108,0.0934768,0.0795915,0.097536,0.1284135,
411,0.0003005,0.0303642,0.1274544,0.0983924,0.0585069,0.1219363,
412,0.0006455,0.0330085,0.0873144,0.0931957,0.0614842,0.0382808,
413,0.0006179,0.0350702,0.0295402,0.0778497,0.1289285,0.0368144,
414,0.0003135,0.0517776,0.0639796,0.075221,0.1733607,0.0245562,
415,0.0002006,0.0582557,0.0640146,0.088431,0.1389684,0.011279,
416,0.0004189,0.0269151,0.0536072,0.0770502,0.0781044,0.0313918,
417,0.0004064,0.0093105,0.0555312,0.0570115,0.0742247,0.0726299,
418,0.0002508,0.0263983,0.0700365,0.0462055,0.0510353,0.0727076,
419,0.0004788,0.0522335,0.0410722,0.0613309,0.0543889,0.0200899,
420,0.0003224,0.035482,0.0482315,0.0652884,0.0614251,0.0489331,
421,0.0006461,0.0697265,0.0764071,0.0784868,0.0537259,0.0206483,
422,0.0004559,0.0419325,0.0345083,0.0595661,0.0851964,0.0298754,
423,0.0005517,0.0282695,0.0451726,0.0482689,0.0903348,0.040632,
424,0.0004658,0.0104437,0.0445331,0.058665,0.0763362,0.015402,
425,0.0006178,0.1448442,0.0645906,0.1075988,0.068571,0.0370352,
426,0.0002481,0.1565055,0.1247987,0.1385007,0.092811,0.0450018,
427,0.0002687,0.144094,0.1293501,0.0888082,0.0802437,0.0692054,
428,0.0004375,0.058692,0.037396,0.0993882,0.0734277,0.048648,
429,0.0001272,0.0459855,0.0158373,0.0672152,0.0572963,0.115676,
430,0.0004889,0.0779542,0.0351805,0.0558503,0.0537789,0.0280253,
431,0.0001576,0.0400427,0.039775,0.0333014,0.0579587,0.0382352,
432,0.0005762,0.0460193,0.0290705,0.0331897,0.0529572,0.0169911,
433,0.0007577,0.0663696,0.0259286,0.04487,0.0477224,0.0205824,
434,0.0005513,0.0406558,0.0834424,0.0447711,0.0506517,0.0544036,
435,0.0002897,0.0491651,0.0717227,0.0434382,0.0993522,0.0719847,
436,0.0004741,0.0589803,0.0576234,0.0389889,0.0855701,0.0583333,
437,0.0006242,0.0784158,0.0676361,0.0217132,0.0992264,0.0455097,
438,0.0007137,0.0346843,0.0766308,0.0344125,0.1775695,0.0361215,
439,0.0002696,0.0686846,0.0813373,0.0880585,0.1930822,0.038188,
440,0.0003557,0.0645444,0.0742015,0.0727409,0.1516111,0.041739,
441,0.0006285,0.0685401,0.0620301,0.0619643,0.1446787,0.0549562,
442,0.0006164,0.0364058,0.0668956,0.0568352,0.078084,0.0632305,
443,0.0006372,0.0467627,0.0907271,0.0566669,0.0824451,0.0982033,
444,0.0004222,0.0300378,0.0686647,0.0223369,0.0262604,0.0877169,
445,0.0004825,0.0514618,0.0748001,0.0351948,0.095146,0.0650391,
446,0.0004835,0.0560785,0.0330479,0.0296309,0.1240888,0.1264953,
447,0.0004518,0.0415399,0.0446575,0.0652731,0.1693791,0.2266681,
448,0.0003493,0.0694937,0.0959362,0.0495909,0.1529063,0.2446399,
449,0.0005436,0.0429857,0.0551348,0.0847215,0.0774342,0.0384762,
450,0.0004201,0.0429096,0.0605604,0.0274214,0.052569,0.0342488,
451,0.0005214,0.0116465,0.0948777,0.0395429,0.0313695,0.0574949,
452,0.0006022,0.0869991,0.0804148,0.0345537,0.0654944,0.0752874,
453,0.0007592,0.0736663,0.0726514,0.0277884,0.0432881,0.0590071,
454,0.0004755,0.0816671,0.0669202,0.0285598,0.0572843,0.0649283,
455,0.0005716,0.0805173,0.0298622,0.0487843,0.0173142,0.0550911,
456,0.0005777,0.073094,0.0808659,0.0313499,0.0356209,0.0638672,
457,0.0003451,0.1200727,0.116825,0.0461464,0.0356437,0.0748599,
458,0.0004194,0.0942148,0.1222307,0.0963765,0.1206457,0.1635449,
459,0.0005421,0.0898326,0.1368296,0.1698788,0.1306112,0.2117307,
460,0.0003217,0.1620497,0.1725951,0.1560404,0.1685675,0.2274818,
461,0.0004192,0.0810225,0.1421921,0.1976003,0.0377398,0.1836223,
462,0.0005157,0.0890653,0.1055946,0.1335472,0.050441,0.1933601,
463,0.000444,0.0582675,0.1084731,0.074964,0.0838369,0.0739852,
464,0.0005306,0.0507062,0.0857792,0.0520077,0.0819426,0.0785801,
465,0.0002183,0.0361628,0.0403115,0.0816905,0.0403127,0.0849324,
466,0.0006445,0.0363986,0.0714763,0.1189295,0.081961,0.0928763,
467,0.0004011,0.0350662,0.0548833,0.0296632,0.0468012,0.117346,
468,0.0004107,0.0689361,0.0660323,0.0323384,0.0168489,0.0525995,
469,0.0005757,0.0419413,0.0693656,0.0460898,0.0760828,0.0544463,
470,0.0003161,0.0221918,0.0717772,0.0467088,0.0436741,0.0575322,
471,0.000353,0.0294634,0.0582305,0.0647634,0.0473014,0.0451909,
472,0.0004539,0.0290345,0.0520833,0.1096194,0.1153617,0.0437238,
473,0.0006142,0.0533677,0.0622644,0.1398321,0.1627989,0.0959017,
474,0.0006037,0.1046853,0.1366466,0.0618405,0.2523961,0.1271766,
475,0.0007721,0.1026739,0.0620515,0.1010216,0.2187477,0.2051893,
476,0.0005397,0.0463709,0.0947893,0.1384554,0.1634428,0.1321611,
477,0.0006384,0.0634738,0.0882246,0.0929997,0.1326498,0.0993005,
478,0.0005754,0.0085218,0.045319,0.0395709,0.0763237,0.0803234,
479,0.0006025,0.024419,0.0561162,0.0490787,0.0630036,0.0791283,
480,0.000508,0.0283755,0.100429,0.0295841,0.0607213,0.0603554,
481,0.0001481,0.0296594,0.0581962,0.0234484,0.0661097,0.0874448,
482,0.000454,0.0432103,0.0810767,0.0260521,0.0718125,0.052271,
483,0.0003015,0.0505376,0.0753729,0.0225646,0.1222695,0.1369451,
484,0.0004389,0.0604872,0.1273739,0.0744239,0.1328639,0.1295221,
485,0.0004971,0.0521312,0.1110551,0.0648034,0.1102193,0.1126569,
486,0.000526,0.0830687,0.0761833,0.0313508,0.1354835,0.0529868,
487,0.0003075,0.0427146,0.0723789,0.0576508,0.1134511,0.0735572,
488,0.0006003,0.0539398,0.086898,0.0712563,0.1606314,0.0938377,
489,0.0004941,0.0944281,0.1214343,0.0375123,0.1277911,0.1030914,
490,0.0003581,0.1184056,0.1809466,0.0756052,0.1104562,0.0611436,
491,0.0004928,0.0698093,0.1715561,0.0866466,0.1489576,0.0805975,
492,0.0006767,0.054556,0.132305,0.0377693,0.1234667,0.026764,
493,0.0003043,0.0467222,0.0965085,0.0485699,0.0168757,0.0313668,
494,0.000724,0.1008503,0.0721609,0.0868609,0.0427594,0.0228798,
495,0.0006271,0.1976854,0.10384,0.147979,0.0442369,0.0301911,
496,0.0005337,0.1685067,0.0899773,0.1412198,0.0148042,0.076893,
497,0.0006632,0.1666745,0.0803643,0.1178821,0.0709647,0.3513196,
498,0.0004809,0.057412,0.1098936,0.1056157,0.1131907,0.0762361,
499,0.0005213,0.1593064,0.0784628,0.0986511,0.2129563,0.0948259,
500,0.0003093,0.0809005,0.0889169,0.0914851,0.2863104,0.0514714,
501,0.0004741,0.0752878,0.0909248,0.0797584,0.2929958,0.0717951,
502,0.0006303,0.0316333,0.0774355,0.149422,0.2169329,0.1001579,
503,0.0004694,0.10891,0.1029575,0.0925293,0.1597222,0.0587511,
504,0.0002486,0.0940966,0.0779706,0.1001024,0.1462746,0.0546976,
505,0.0006371,0.0475522,0.0495185,0.0794772,0.1460566,0.0493638,
506,0.0005337,0.0870147,0.0509974,0.0807626,0.1178177,0.0322255,
507,0.0001614,0.0478911,0.0441399,0.0736546,0.0621456,0.0561287,
508,0.0005654,0.0623735,0.0830216,0.0807016,0.0729634,0.0413405,
509,0.0005177,0.0308878,0.0401295,0.0560674,0.0626132,0.0314412,
510,0.0004518,0.0265538,0.0508359,0.0645108,0.0351755,0.0180342,
511,0.0005898,0.0401799,0.0424899,0.0699502,0.0187408,0.0170017,
512,0.0004299,0.0515568,0.0460849,0.0619379,0.0426757,0.0433376,
513,0.0006523,0.0649015,0.0580725,0.0612575,0.022151,0.0511294,
514,0.0005702,0.0816399,0.0361987,0.1015925,0.0250051,0.0472479,
515,0.0004707,0.127432,0.0624362,0.1055073,0.0249226,0.014478,
516,0.0003333,0.1323902,0.0513548,0.0629892,0.0420144,0.0106455,
517,0.0006899,0.1365382,0.0564711,0.0481073,0.0841075,0.1157788,
518,0.0004919,0.1015926,0.0888535,0.0512436,0.1016947,0.1569396,
519,0.0006345,0.0951099,0.0691248,0.0505665,0.0553471,0.1783737,
520,0.0007754,0.1218784,0.1284094,0.0684093,0.1183216,0.1948598,
521,0.0007084,0.1784242,0.1416328,0.0391782,0.3669327,0.3512119,
522,0.0005155,0.1997713,0.1434065,0.0904539,0.2738903,0.3311181,
523,0.0002501,0.2135536,0.1737746,0.1179763,0.2190428,0.2595271,
524,0.0004777,0.2182376,0.1767412,0.0953628,0.1895974,0.2697633,
525,0.0003563,0.1541748,0.1317243,0.1019223,0.1475238,0.1762919,
526,0.0004453,0.126082,0.0969922,0.0873449,0.1477194,0.1407592,
527,0.0005031,0.1005662,0.1136386,0.0970887,0.1972261,0.1992026,
528,0.0006056,0.1435176,0.0961761,0.144596,0.2609985,0.3206075,
529,0.0004563,0.1222878,0.0891726,0.175338,0.254489,0.2255963,
530,0.0003974,0.1692295,0.0702385,0.1477674,0.2404523,0.1925228,
531,0.0004173,0.2178452,0.1126989,0.1615682,0.2243735,0.1782121,
532,0.0005847,0.1048336,0.1087975,0.215826,0.1914862,0.0852466,
533,0.0006147,0.0672426,0.1038696,0.1784688,0.1535067,0.1106618,
534,0.0004822,0.1211942,0.1894256,0.1412662,0.2188204,0.1449136,
535,0.0003698,0.1202561,0.2652245,0.141674,0.1890892,0.1278543,
536,0.0006225,0.0983397,0.1372133,0.1080682,0.1099119,0.1101895,
537,0.0005116,0.0907977,0.1110825,0.1017665,0.1510265,0.1469774,
538,0.0004853,0.0478774,0.2289882,0.1560653,0.165504,0.2036037,
539,0.0004997,0.0731405,0.1765939,0.1657043,0.1707446,0.1610993,
540,0.0004711,0.0725143,0.0928549,0.1018087,0.1760161,0.1300431,
541,0.0007189,0.1138901,0.1789058,0.1482991,0.2074322,0.1961644,
542,0.0004381,0.1322261,0.220349,0.1134768,0.1617264,0.2177145,
543,0.0004658,0.0988256,0.1433008,0.0867567,0.1857834,0.1707843,
544,0.0005418,0.0725934,0.0906604,0.062245,0.2202794,0.1081415,
545,0.0004996,0.0727834,0.0638613,0.0523068,0.1867647,0.0536683,
546,0.0003801,0.0935967,0.076446,0.0632531,0.1613027,0.0551253,
547,0.0003296,0.1016625,0.0937211,0.1236826,0.1606893,0.0821681,
548,0.0003529,0.0921007,0.0496852,0.0690412,0.1080671,0.0890797,
549,0.0004664,0.1620424,0.1083163,0.1173441,0.1244355,0.0731003,
550,0.0003196,0.2301447,0.1282865,0.1373771,0.1809892,0.0688759,
551,0.0004842,0.1497471,0.161533,0.1248526,0.1512775,0.0718768,
552,0.000423,0.0902566,0.1324982,0.1034527,0.1047255,0.0922303,
553,0.0004264,0.0940382,0.104369,0.0779471,0.0759576,0.1116441,
554,6.72e-05,0.0935825,0.0563036,0.1228043,0.0723056,0.0892845,
555,0.0005294,0.0833965,0.0703785,0.1173948,0.1357496,0.0823846,
556,0.000546,0.0827899,0.0680062,0.0892885,0.0606113,0.0764984,
557,0.0005245,0.1217111,0.078682,0.088544,0.1167481,0.0812091,
558,0.0005628,0.1072768,0.0883404,0.1264346,0.1600379,0.1051729,
559,0.0003181,0.106292,0.0351843,0.0893338,0.0413966,0.0592279,
560,0.0005244,0.1597457,0.0839452,0.1121128,0.065585,0.0790518,
561,0.0005035,0.1563883,0.1065723,0.0955445,0.0957719,0.0799344,
562,0.0004549,0.1469144,0.1274216,0.0882174,0.065632,0.0443709,
563,0.0005041,0.1382879,0.1079175,0.0832871,0.0289498,0.0355451,
564,0.0002017,0.1822162,0.1637678,0.0647644,0.0853481,0.0608398,
565,0.0004613,0.1358702,0.0788346,0.0444281,0.0679662,0.0795494,
566,0.0005281,0.1461012,0.0199402,0.0906768,0.1078154,0.1126997,
567,0.0004757,0.1318136,0.0214162,0.1263951,0.0930203,0.0986,
568,0.0005809,0.1808657,0.1060284,0.0779754,0.1467865,0.1131499,
569,0.0004125,0.2046569,0.1165887,0.0957932,0.1482081,0.1024875,
570,0.0005113,0.1648001,0.0567698,0.1302309,0.1094776,0.0500102,
571,0.0006289,0.1190124,0.0442316,0.1289869,0.1455895,0.0269024,
572,0.0003315,0.1340349,0.0865399,0.1189285,0.1804235,0.0961023,
573,0.00051,0.1366125,0.0665242,0.1156277,0.1394396,0.0640171,
574,0.0004449,0.1019468,0.0473869,0.111091,0.0533143,0.0420993,
575,0.0002038,0.0847521,0.0717448,0.1055656,0.0542516,0.0492685,
576,0.0003739,0.0947785,0.2319395,0.0785298,0.1178836,0.116601,
577,0.0003884,0.1240929,0.1224783,0.1227351,0.1072975,0.1738042,
578,0.0005365,0.1253491,0.2288785,0.1863663,0.1912623,0.2093398,
579,0.0006034,0.1344258,0.3255392,0.1798492,0.2841597,0.3484758,
580,0.0006182,0.1435191,0.3619719,0.3120552,0.3595242,0.5010636,
581,0.0005843,0.1754615,0.2730854,0.2767405,0.3488287,0.4709021,
582,0.0005148,0.1525131,0.1477237,0.1216937,0.215529,0.4549209,
583,0.0005083,0.1505579,0.252861,0.082119,0.2884641,0.5654473,
584,0.0004698,0.1361883,0.1521005,0.1771909,0.1824457,0.2191507,
585,0.0002999,0.1196783,0.1001484,0.1321387,0.1134029,0.1534523,
586,0.0004843,0.1486674,0.0273985,0.0773033,0.0383023,0.0865516,
587,0.0004251,0.1612787,0.0518228,0.0675894,0.0655726,0.0802684,
588,0.0007633,0.1814787,0.0536051,0.0603644,0.0865422,0.0453692,
589,0.0007225,0.2735366,0.086221,0.0698626,0.1069377,0.0716476,
590,0.0005418,0.1363165,0.0711697,0.1072278,0.1031493,0.1076612,
591,0.0004333,0.0547619,0.055965,0.1116868,0.106021,0.110536,
592,0.000665,0.096053,0.0323088,0.0892997,0.1180025,0.0409899,
593,0.0004497,0.1234259,0.050395,0.0799973,0.122594,0.059054,
594,0.0005018,0.1020012,0.0515071,0.0499749,0.09027,0.0153132,
595,0.0002836,0.0801416,0.0424684,0.0737289,0.0911543,0.0483625,
596,0.0007527,0.0423962,0.0390169,0.0296392,0.1006082,0.0552933,
597,0.0004,0.0350063,0.0366947,0.0410408,0.1189424,0.0519764,
598,0.0003997,0.0312636,0.0268728,0.0808446,0.1293697,0.0297856,
599,0.0003404,0.0718722,0.0538314,0.1253388,0.1133573,0.055719,
600,0.0007146,0.0549977,0.0648758,0.114929,0.124716,0.0978353,
601,0.0004419,0.0463019,0.0501131,0.0656993,0.0744591,0.07711,
602,0.0002204,0.0649806,0.0438729,0.0856287,0.0354225,0.0461667,
603,0.000361,0.0597721,0.0518204,0.0918495,0.064543,0.0687743,
604,0.0005275,0.0708701,0.0382484,0.0700747,0.0879236,0.1087674,
605,0.0005125,0.0978913,0.0624003,0.0565574,0.0937937,0.1190035,
606,0.0005074,0.0642468,0.0430203,0.0754735,0.1370002,0.0759471,
607,0.0004102,0.0532968,0.0745764,0.0760861,0.1338719,0.0862737,
608,0.0003849,0.0654933,0.13209,0.0529973,0.1795122,0.0953056,
609,0.0004938,0.0583213,0.0349089,0.0459415,0.0693491,0.0968728,
610,0.0006571,0.0468883,0.0418346,0.0893429,0.0680604,0.1094758,
611,0.0005321,0.0324315,0.1253992,0.0808729,0.1149145,0.1038119,
612,0.0002767,0.0383185,0.1380475,0.1449375,0.0703745,0.1711773,
