#Time_ps,0,100,500,1000,3000,5000,
1,0.0006202,0.0386574,0.0742049,0.074138,0.0643398,0.0302739,
2,0.0006413,0.083083,0.0719019,0.0753055,0.0636864,0.0704923,
3,0.0005305,0.0674324,0.0693926,0.1022993,0.0447894,0.0191568,
4,0.0004132,0.0498892,0.0813871,0.1173106,0.0512635,0.0594977,
5,0.0005065,0.0740169,0.0702859,0.116229,0.0624237,0.0834903,
6,0.0004999,0.0482396,0.0807972,0.0935674,0.042573,0.0843169,
7,0.0005968,0.0263341,0.0800769,0.078982,0.0460841,0.0955799,
8,0.0004912,0.0307344,0.0744325,0.0596839,0.0266116,0.1184459,
9,0.0004195,0.0423589,0.1227006,0.0852632,0.0763496,0.1083646,
10,0.0004687,0.0577877,0.1400914,0.0840366,0.0574449,0.0806387,
11,0.0005204,0.0920261,0.1390115,0.1061467,0.0731902,0.0906835,
12,0.00063,0.0412199,0.1105435,0.0930687,0.0962074,0.0974255,
13,0.0006336,0.0473101,0.1118306,0.0735131,0.0847402,0.0878257,
14,0.0006069,0.0492745,0.1269607,0.0783915,0.1054214,0.0985784,
15,0.00056,0.0905064,0.1297522,0.1406046,0.1283269,0.1417498,
16,0.0004386,0.0629567,0.1093854,0.0934694,0.0343899,0.0742869,
17,0.000705,0.0590422,0.0950025,0.0858245,0.024251,0.0736281,
18,0.0003504,0.0861379,0.1103838,0.1009067,0.0609555,0.0559968,
19,0.0008061,0.0345262,0.1038328,0.1042349,0.098569,0.065718,
20,0.0005582,0.0443379,0.0831958,0.1405924,0.0901081,0.0564599,
21,0.0006675,0.0281583,0.0803711,0.1539009,0.0344832,0.057243,
22,0.0005832,0.040689,0.0595637,0.1598615,0.0296745,0.0725538,
23,0.0002311,0.1819973,0.085262,0.2775966,0.0394501,0.1640989,
24,0.0002246,0.1645669,0.0885127,0.1087409,0.0485488,0.2344207,
25,0.0005518,0.0932448,0.1210945,0.1501616,0.0560037,0.0896342,
26,0.0003784,0.1134621,0.1272323,0.1425884,0.0437244,0.0754993,
27,0.0005008,0.0686733,0.1277292,0.1207651,0.0398434,0.0664015,
28,0.0005765,0.0450904,0.1099491,0.0809349,0.071361,0.0512179,
29,0.0005573,0.0568441,0.1010921,0.0864381,0.0369643,0.0540849,
30,0.0001681,0.0715384,0.0586954,0.0743355,0.0249711,0.0549317,
31,0.0005574,0.0599702,0.100759,0.1264834,0.0435021,0.0299661,
32,0.0005852,0.088482,0.0849927,0.1335281,0.1012622,0.0246968,
33,0.0004529,0.0591342,0.1146165,0.1247083,0.0517565,0.0766489,
34,0.0003753,0.0699493,0.1556236,0.1335254,0.1174623,0.1797755,
35,0.0003209,0.0597754,0.1266304,0.1060578,0.0858006,0.0556236,
36,0.0003956,0.0653196,0.1091758,0.1038634,0.0389979,0.0314013,
37,0.0002986,0.0862509,0.0759512,0.0891989,0.0170684,0.0325366,
38,0.0004293,0.0932107,0.0780893,0.08392,0.0360171,0.0412157,
39,0.0003989,0.0799499,0.080055,0.078597,0.0488158,0.0321046,
40,0.0004168,0.0614647,0.1066036,0.1187596,0.0480633,0.0599252,
41,0.000177,0.0574318,0.0785057,0.1400219,0.0580156,0.064582,
42,0.0007441,0.0744686,0.0970713,0.1083505,0.0507869,0.0481787,
43,0.0004658,0.0909631,0.0960424,0.1976,0.0423806,0.0485073,
44,0.0002375,0.1230387,0.1403667,0.245958,0.0835646,0.0458067,
45,0.0003398,0.2083752,0.1282506,0.2190863,0.0594818,0.14549,
46,0.0005093,0.1690913,0.0840528,0.209152,0.2245695,0.1430691,
47,0.0005455,0.2267258,0.0402204,0.2932565,0.3103852,0.1129583,
48,0.0005355,0.1687328,0.1200142,0.2277654,0.0904549,0.112309,
49,0.0004013,0.0458418,0.0958428,0.116248,0.208361,0.0839618,
50,0.0004554,0.1490345,0.1250534,0.1402394,0.1754812,0.1112449,
51,0.0006489,0.1701691,0.2201112,0.1487792,0.2191555,0.1604465,
52,0.0005766,0.1293501,0.1973962,0.1192744,0.2475567,0.3509551,
53,0.0004911,0.136776,0.177067,0.1154312,0.1403476,0.2775361,
54,0.0004911,0.171491,0.0866721,0.1162037,0.1419063,0.1533769,
55,0.0004734,0.1734758,0.0925555,0.1563714,0.1879917,0.2549449,
56,0.000455,0.1545842,0.1459066,0.1515016,0.2409556,0.2990466,
57,0.0005124,0.1503573,0.1591163,0.102052,0.1862409,0.1805719,
58,0.0006708,0.1561984,0.1390156,0.1166363,0.099772,0.1361811,
59,0.0005793,0.1161944,0.0938574,0.1224721,0.1659752,0.1424364,
60,0.0006544,0.0877446,0.2462725,0.0848579,0.1650765,0.1551432,
61,0.0001977,0.0758307,0.2116152,0.0936892,0.1031768,0.0457822,
62,0.0005399,0.0883913,0.2168611,0.1229723,0.1030258,0.0226029,
63,0.0003691,0.0472325,0.2148073,0.1381879,0.0870169,0.0593362,
64,0.0002831,0.0337096,0.2003135,0.1972902,0.0723259,0.0190977,
65,0.0004152,0.0127781,0.201816,0.1776685,0.022851,0.0351064,
66,0.0003626,0.0156705,0.1317208,0.173272,0.0594586,0.0560204,
67,0.000627,0.0323941,0.1375587,0.1873307,0.0607624,0.0690576,
68,0.0006674,0.0462095,0.1203171,0.1719502,0.0223236,0.0642121,
69,0.0001823,0.0382901,0.1123983,0.1668893,0.0650124,0.0590765,
70,0.0003859,0.0442154,0.1077427,0.1397962,0.1056467,0.0643451,
71,0.0005875,0.1088112,0.2003654,0.0438299,0.1729872,0.1447235,
72,0.0006327,0.0813863,0.1268479,0.2177602,0.3538284,0.2020383,
73,0.0003815,0.075486,0.11848,0.0807818,0.1589557,0.1417678,
74,0.0005893,0.0864289,0.0941189,0.1213023,0.0736673,0.0994077,
75,0.0004693,0.1103559,0.124024,0.1232129,0.0659129,0.0591871,
76,0.0004783,0.0943146,0.2330448,0.1533745,0.0584274,0.0463413,
77,0.0004841,0.060135,0.2195529,0.1195571,0.0638613,0.0462462,
78,0.000666,0.0548818,0.195814,0.1375456,0.0751667,0.0821012,
79,0.0003051,0.04484,0.1541541,0.1486441,0.0786034,0.0794059,
80,0.0006418,0.0508124,0.1450555,0.1179602,0.0524665,0.0946272,
81,0.0002655,0.0610872,0.1647634,0.1672815,0.0702577,0.0753252,
82,0.0004125,0.0610346,0.0844251,0.1359841,0.0562723,0.0386556,
83,0.0005237,0.0479677,0.0893384,0.0741744,0.0685023,0.0592601,
84,0.0003712,0.0187148,0.0744003,0.0822788,0.1018533,0.0507849,
85,0.0005265,0.0214442,0.0860276,0.0794352,0.1080581,0.0667939,
86,0.0004196,0.0686121,0.0741643,0.0843037,0.0577493,0.0792886,
87,0.0003331,0.0851414,0.082563,0.0686698,0.0824673,0.0645788,
88,0.0004719,0.0971844,0.1046606,0.0860196,0.1071924,0.0647184,
89,0.0006524,0.0777529,0.15836,0.1102397,0.1315815,0.0466438,
90,0.0002344,0.0710118,0.1803919,0.1204984,0.1140432,0.0273532,
91,0.0005202,0.0946383,0.207675,0.1166365,0.0196775,0.0500617,
92,0.0006529,0.1013515,0.2223563,0.1559377,0.0275142,0.0718805,
93,0.0003498,0.0850936,0.1841162,0.1460376,0.0694458,0.1349111,
94,0.0006532,0.0503644,0.1449803,0.1107109,0.0752818,0.1626474,
95,0.0005315,0.0574687,0.1535341,0.1293295,0.0526679,0.1183178,
96,0.0003487,0.067684,0.1932481,0.151908,0.0249363,0.1449974,
97,0.0007666,0.0598212,0.178787,0.1451122,0.0105136,0.0847119,
98,0.000473,0.0483158,0.0977848,0.1256259,0.0712765,0.0767958,
99,0.0003303,0.1008672,0.1274006,0.1015759,0.0483359,0.1210213,
100,0.0006212,0.1198587,0.1343168,0.1433302,0.0425324,0.156958,
101,0.0001015,0.137362,0.0934379,0.091243,0.0311042,0.1065552,
102,0.0005385,0.1350293,0.0997398,0.0895196,0.0410454,0.0766338,
103,0.0006696,0.1515031,0.0899571,0.0793959,0.0444587,0.080729,
104,0.0006629,0.1198733,0.060256,0.0631824,0.0345852,0.0861956,
105,0.0004249,0.1255626,0.0678252,0.0478688,0.0748876,0.0761823,
106,0.0004747,0.0882202,0.0731071,0.0162898,0.0456256,0.0805496,
107,0.0004246,0.1077794,0.0341193,0.0376353,0.0874991,0.1665858,
108,0.0003053,0.1079179,0.039467,0.0606,0.0621895,0.1718162,
109,0.0006613,0.0792833,0.0428086,0.0609541,0.1228643,0.1430902,
110,0.000224,0.0605839,0.0362159,0.0657659,0.1123646,0.1161071,
111,0.0002964,0.0726022,0.0437681,0.071915,0.0961571,0.0817389,
112,0.0006785,0.0593115,0.0473962,0.0824244,0.0668771,0.0392244,
113,0.0005833,0.0486858,0.032811,0.08531,0.0145898,0.0459962,
114,9.92e-05,0.0243388,0.0143613,0.1260501,0.0310785,0.0273602,
115,0.0006037,0.0351148,0.0238069,0.1204111,0.0539752,0.0350238,
116,0.0005373,0.032981,0.0296926,0.0963218,0.045218,0.01964,
117,0.0003195,0.028755,0.0777989,0.0803102,0.0539044,0.0209881,
118,0.0004425,0.0432648,0.1103359,0.1285175,0.0552243,0.0310649,
119,0.0003538,0.0416521,0.1395766,0.1785678,0.0156874,0.0448644,
120,0.000577,0.0604448,0.0718276,0.0807388,0.0065473,0.0889319,
121,0.0005442,0.0283405,0.0898497,0.121821,0.0560695,0.0813494,
122,0.0004176,0.0115275,0.1187882,0.1376766,0.0250493,0.0525857,
123,0.000512,0.0947198,0.0719319,0.1237429,0.029752,0.1262501,
124,0.000333,0.092201,0.0750069,0.0998428,0.0329619,0.0587113,
125,0.0007088,0.0882475,0.0404479,0.1084458,0.0408049,0.0546,
126,0.0002493,0.0843136,0.024035,0.0986828,0.0276459,0.0671947,
127,0.000477,0.070904,0.0476353,0.1139337,0.0560612,0.0727645,
128,0.0005904,0.0682489,0.0321503,0.070491,0.0919025,0.0675227,
129,0.0005248,0.090808,0.0841489,0.0502223,0.1100098,0.0778815,
130,0.0005229,0.0575344,0.0836585,0.076236,0.1289997,0.1066058,
131,0.0004761,0.0632459,0.0621344,0.0670013,0.11926,0.1252401,
132,0.0002359,0.1254252,0.0676444,0.0680084,0.0683192,0.176772,
133,0.0004446,0.1497186,0.0760957,0.0600676,0.0621687,0.1721109,
134,0.0003472,0.0801946,0.1088422,0.074073,0.0758386,0.1012275,
135,0.000534,0.0823058,0.1359178,0.0578084,0.0583489,0.1025158,
136,0.0005415,0.0552329,0.0867933,0.0999939,0.0918046,0.0970699,
137,0.0004844,0.0749421,0.0852509,0.0645512,0.0913769,0.0946241,
138,0.0005863,0.0480702,0.0877663,0.0708863,0.0613745,0.0886055,
139,0.0006475,0.0475839,0.0518311,0.0634135,0.0673815,0.0255948,
140,0.0003181,0.0516041,0.0414605,0.0594727,0.0367687,0.0681551,
141,0.0005633,0.0715773,0.050645,0.0758042,0.0499159,0.0768927,
142,0.0006645,0.1017816,0.1925637,0.0937811,0.0842828,0.1002675,
143,0.0003008,0.1035969,0.1558369,0.2032573,0.0865421,0.0651503,
144,0.0005738,0.0666329,0.0488777,0.1027034,0.0886013,0.0367896,
145,0.0004676,0.0610818,0.0869774,0.0872862,0.067885,0.0584337,
146,0.0003896,0.0813671,0.0886494,0.0730444,0.0536963,0.0377808,
147,0.0004526,0.098454,0.0807898,0.062339,0.0477077,0.0362279,
148,0.000156,0.0144733,0.0512252,0.060874,0.0356791,0.0231832,
149,0.0007313,0.0243047,0.0201842,0.0540669,0.0779879,0.0268526,
150,0.0005084,0.0235369,0.0480742,0.0610865,0.079488,0.0402908,
151,0.0002041,0.0295925,0.0840177,0.0725234,0.0552783,0.0678101,
152,0.0006329,0.0281658,0.0995819,0.139558,0.0469455,0.0906753,
153,0.0005036,0.0870633,0.1575433,0.1145552,0.0680643,0.0719743,
154,0.0004033,0.0795687,0.2704341,0.198876,0.0639914,0.0838236,
155,0.0006599,0.0559997,0.2497794,0.1622551,0.0660314,0.1263027,
156,0.0005136,0.051978,0.145188,0.1361358,0.1026801,0.1133529,
157,0.0004905,0.0733947,0.0997276,0.0857265,0.0726145,0.1010635,
158,0.000496,0.0718061,0.1022826,0.1010099,0.0557426,0.0747694,
159,0.00071,0.1007603,0.0571398,0.0452802,0.0497166,0.0177865,
160,0.0006065,0.0753479,0.0446787,0.0270867,0.0606373,0.0264971,
161,0.0003552,0.0521787,0.0342808,0.0564557,0.0489677,0.0352727,
162,0.0002869,0.0502069,0.0472908,0.0474257,0.0482911,0.0178504,
163,0.0002209,0.0356753,0.0585615,0.0691982,0.063918,0.0380842,
164,0.0001499,0.0522374,0.0651328,0.0784828,0.1246086,0.0467563,
165,0.0004891,0.0679346,0.0908995,0.0800407,0.0802468,0.0673978,
166,0.0006566,0.0855254,0.0834493,0.0991361,0.0652668,0.0722433,
167,0.0004288,0.0737754,0.1141184,0.0649136,0.0849789,0.1463519,
168,0.0005867,0.0805993,0.1246055,0.1809244,0.1004387,0.2419992,
169,0.0005737,0.0782362,0.140743,0.1906574,0.0925879,0.1892103,
170,0.0004257,0.1041374,0.1036864,0.1399878,0.0880666,0.1047115,
171,0.0006627,0.0636693,0.1046953,0.0665788,0.0777596,0.0971508,
172,0.0006588,0.0403848,0.0624207,0.0416126,0.0974844,0.0615597,
173,0.0005442,0.0599103,0.072145,0.0563588,0.0997216,0.0494564,
174,3.78e-05,0.0363151,0.0801035,0.0590554,0.1067913,0.0447202,
175,0.0004671,0.0625543,0.0691996,0.0499392,0.0732717,0.0474263,
176,0.0005598,0.1025331,0.023354,0.0533711,0.051973,0.0632372,
177,0.0004587,0.137792,0.0334122,0.0461435,0.0141245,0.098823,
178,0.0005042,0.1345377,0.0346385,0.040336,0.0979321,0.1385671,
179,0.0007021,0.0753508,0.0831109,0.037232,0.0897726,0.1898089,
180,0.0005131,0.0812101,0.069336,0.0385017,0.1180682,0.0642685,
181,0.000546,0.0548886,0.0978067,0.050667,0.1312362,0.0803628,
182,0.0004679,0.0441712,0.0947884,0.0451736,0.105041,0.1059997,
183,0.0004808,0.0651873,0.0919332,0.0554955,0.0959944,0.1221036,
184,0.0002711,0.0688642,0.1482781,0.0757197,0.0444049,0.1598508,
185,0.0002272,0.0907397,0.1113288,0.0607802,0.0465681,0.0746974,
186,0.0006605,0.075325,0.1100292,0.0760558,0.089854,0.0158808,
187,0.0004677,0.0786354,0.0968398,0.0600628,0.1146378,0.0359818,
188,0.0005668,0.0183433,0.0872437,0.1263335,0.142475,0.0714663,
189,0.0005299,0.0668338,0.0457378,0.1428052,0.0682353,0.0939678,
190,0.0003263,0.0998972,0.2086484,0.1623925,0.0670824,0.138217,
191,0.0006069,0.2400206,0.2846792,0.2525985,0.0465194,0.1517691,
192,0.0004832,0.0704555,0.1098053,0.0769853,0.0751478,0.1630081,
193,0.0002532,0.0862794,0.1025667,0.0771373,0.0533113,0.1569204,
194,0.0005739,0.0993783,0.0782623,0.0444971,0.0884001,0.128583,
195,0.000506,0.1466508,0.0836522,0.0519423,0.0726809,0.1518793,
196,0.0005174,0.167008,0.0651978,0.1074106,0.0886955,0.2067425,
197,0.000185,0.0601406,0.0387118,0.1183151,0.1455363,0.1534656,
198,0.0006548,0.1164841,0.0764153,0.0944881,0.1745432,0.1754409,
199,0.0003934,0.0993483,0.0660412,0.1288976,0.1301501,0.1153972,
200,0.0004011,0.0836439,0.036547,0.0733589,0.1198484,0.0574983,
201,0.0003827,0.0803433,0.0638255,0.1162092,0.1402845,0.0593852,
202,0.0003768,0.0729827,0.0693078,0.1034198,0.133949,0.0411796,
203,0.000531,0.0753927,0.0613154,0.1078484,0.1035198,0.0401015,
204,0.000242,0.0892846,0.0733099,0.0974905,0.060856,0.0591566,
205,0.0004168,0.073314,0.0700151,0.1387897,0.057626,0.0613822,
206,0.0006001,0.0574382,0.0553524,0.1365268,0.0503315,0.0508813,
207,0.0004356,0.0476239,0.0798893,0.1402682,0.0323204,0.0768706,
208,0.0005749,0.0602187,0.0629092,0.1339707,0.0420138,0.048388,
209,0.0004289,0.0427637,0.0555202,0.0951951,0.0579545,0.0446374,
210,0.0004184,0.0683932,0.0557143,0.1043574,0.0389407,0.0541889,
211,0.0004652,0.0851843,0.0767562,0.1417251,0.0549556,0.0731556,
212,0.0004238,0.1248264,0.0688222,0.0784021,0.0856533,0.0744256,
213,0.0004435,0.1584846,0.1001154,0.0749783,0.0892818,0.0547965,
214,0.0005896,0.1423172,0.1416374,0.1654976,0.1197319,0.039816,
215,0.0003404,0.1477895,0.1760834,0.309633,0.1172442,0.0605811,
216,0.0004381,0.116759,0.133259,0.1345031,0.1282461,0.0560304,
217,0.0007121,0.0999497,0.1414086,0.1133986,0.1078206,0.0864406,
218,0.0006412,0.1250286,0.1322823,0.1378183,0.1006776,0.0735773,
219,0.0006693,0.0892982,0.1044972,0.1562352,0.0771728,0.0821096,
220,0.000609,0.0569752,0.1090934,0.1372708,0.083563,0.0498511,
221,0.00063,0.1169519,0.1854677,0.159505,0.121493,0.1451927,
222,0.0006563,0.3778081,0.1898089,0.2246166,0.1974988,0.2131012,
223,0.0005341,0.1874689,0.0664362,0.2218213,0.0721295,0.1527924,
224,0.0004716,0.1819944,0.0977206,0.2286279,0.0415482,0.1291251,
225,0.0005368,0.0814822,0.1025208,0.1621241,0.0705525,0.1093345,
226,0.0003692,0.1189228,0.1460131,0.1696882,0.0532721,0.0987805,
227,0.0005536,0.1359378,0.1225513,0.1645973,0.090261,0.1167911,
228,0.0004526,0.149616,0.1679184,0.1732005,0.0806997,0.1039297,
229,0.0005701,0.0606869,0.1588648,0.1803199,0.0645189,0.0962612,
230,0.0006151,0.0718019,0.1607777,0.179643,0.0788242,0.1711681,
231,0.0003487,0.1274108,0.244421,0.1878404,0.1116858,0.2736486,
232,0.000459,0.1239292,0.2943836,0.2289017,0.1326498,0.3500301,
233,0.0003852,0.1089719,0.1875897,0.2136601,0.0985109,0.3252012,
234,0.0007723,0.1508479,0.0967476,0.2255125,0.1347508,0.2257514,
235,0.0004979,0.2068101,0.1349884,0.1804751,0.201847,0.2509008,
236,0.0005662,0.1222754,0.1080693,0.1416632,0.1818766,0.2032331,
237,0.0005018,0.1297595,0.1216034,0.167212,0.160984,0.1928873,
238,0.0003263,0.18351,0.0505703,0.1634342,0.1536509,0.2057344,
239,0.0005408,0.0991888,0.0640045,0.1673338,0.1480512,0.1425846,
240,0.0005794,0.1139077,0.1184796,0.1507545,0.1629425,0.1309732,
241,0.0006295,0.1290512,0.1653599,0.1625565,0.1519532,0.1081882,
242,0.0003695,0.128658,0.1986849,0.1435247,0.1324142,0.1154416,
243,0.0004083,0.2169816,0.2396392,0.1270156,0.1229853,0.1057681,
244,0.0006596,0.2099338,0.1653726,0.0871524,0.1081105,0.0868043,
245,0.0005917,0.1745947,0.2277949,0.1167469,0.1632369,0.1720702,
246,0.0004944,0.1066711,0.2161334,0.1060539,0.1361708,0.0954393,
247,0.0005542,0.056845,0.1865088,0.0699823,0.1006145,0.0797901,
248,0.0005004,0.1283355,0.1826017,0.0669421,0.1327487,0.1325557,
249,0.0005619,0.0811529,0.1586308,0.0738851,0.0991381,0.069878,
250,0.0005548,0.0787703,0.0871408,0.055142,0.1125361,0.0700065,
251,0.0003188,0.0992088,0.1357707,0.0270501,0.1190989,0.1161515,
252,0.0003525,0.1240128,0.129118,0.0258285,0.0715511,0.1251316,
253,0.0003724,0.0705207,0.0812219,0.0480022,0.0390156,0.09368,
254,0.0003163,0.0398194,0.0808508,0.0363847,0.0469204,0.0853289,
255,0.0006488,0.0630541,0.1090255,0.0485699,0.1029567,0.1132379,
256,0.0003311,0.0824489,0.0727296,0.0902458,0.0847991,0.1715656,
257,0.000616,0.0575218,0.0599263,0.0865236,0.0812555,0.1181001,
258,0.0006561,0.0784053,0.1154347,0.0843653,0.1130995,0.1157685,
259,0.0004902,0.0363356,0.0936714,0.103756,0.0751263,0.0604456,
260,0.0006796,0.0356166,0.0901821,0.0909279,0.0483747,0.0583333,
261,0.0006574,0.0815856,0.1153781,0.1741943,0.0736827,0.0592772,
262,0.0003938,0.0636155,0.1010003,0.1505302,0.0611525,0.0698806,
263,0.0006262,0.0421608,0.1065658,0.1549009,0.0620803,0.0925036,
264,0.0006242,0.0416359,0.1058505,0.1179683,0.0760686,0.0767102,
265,0.0004531,0.0422307,0.08422,0.1353511,0.0882773,0.0509985,
266,0.0007002,0.0093184,0.0952773,0.1570404,0.0785218,0.0796749,
267,0.0006851,0.0299677,0.1253689,0.1438888,0.0778935,0.071681,
268,0.0004887,0.0498511,0.1209394,0.1294553,0.0666753,0.1040461,
269,0.0006316,0.0518114,0.1027321,0.1359312,0.0607062,0.1230913,
270,0.0006371,0.0639557,0.1643358,0.1294964,0.0629928,0.1661282,
271,0.000652,0.0630043,0.1268235,0.116116,0.0664183,0.1286274,
272,0.0004009,0.0762859,0.1050126,0.072495,0.0507346,0.0937304,
273,0.0004384,0.1024801,0.1762211,0.1129244,0.0691336,0.1246791,
274,0.0004176,0.1177554,0.1668762,0.1514276,0.0636327,0.1331588,
275,0.00038,0.1139475,0.1508702,0.0681567,0.1075174,0.1402669,
276,0.0005247,0.0999366,0.1506207,0.0418984,0.0522963,0.1311562,
277,0.0006331,0.1885383,0.1237479,0.2419777,0.0801149,0.2874832,
278,0.0005537,0.1005921,0.1367535,0.2362162,0.0774275,0.1303789,
279,0.0004619,0.1103945,0.1113121,0.1624313,0.0867164,0.1300126,
280,0.000572,0.0964599,0.1120792,0.0743543,0.0880916,0.1140474,
281,0.0006438,0.0806444,0.1122728,0.1134664,0.07906,0.0496353,
282,0.0004727,0.070685,0.1041593,0.1518725,0.0821003,0.0665517,
283,0.0006768,0.1149143,0.1332745,0.1298088,0.0579683,0.0925014,
284,0.0006208,0.1130788,0.1207872,0.1028453,0.0366934,0.0885812,
285,6.13e-05,0.0973913,0.0817807,0.0618981,0.0855646,0.1040904,
286,0.0006119,0.0412295,0.0633169,0.054273,0.129823,0.0603505,
287,0.0001351,0.0760934,0.0680003,0.1135427,0.0649905,0.0615766,
288,0.000432,0.1125559,0.0639488,0.1469418,0.0779205,0.0756227,
289,0.0006339,0.0853305,0.0540952,0.1353949,0.0909191,0.0664277,
290,0.000378,0.0772819,0.0657921,0.1488893,0.1012701,0.0742323,
291,0.0007456,0.0702022,0.0542234,0.136814,0.108318,0.0524967,
292,0.0002806,0.0652627,0.0485053,0.0806864,0.1242602,0.0321418,
293,0.000584,0.0369149,0.0452903,0.0576245,0.1174546,0.0544181,
294,0.0006332,0.0537415,0.0596961,0.0235207,0.1318949,0.0384602,
295,0.0006749,0.0793278,0.0487856,0.0598361,0.1335776,0.0168935,
296,0.000545,0.0638694,0.0436974,0.0795558,0.0937447,0.0211686,
297,0.000369,0.0349547,0.063775,0.0825077,0.1367774,0.0791636,
298,0.0005898,0.0877266,0.061994,0.0596764,0.0812377,0.0779327,
299,0.0006705,0.0903767,0.0721914,0.0870437,0.0856877,0.0769072,
300,0.0006352,0.0601242,0.0370635,0.1336335,0.1175043,0.0782885,
301,0.0005567,0.0818556,0.0590016,0.1291229,0.1380919,0.1122934,
302,0.0006774,0.0818837,0.1426442,0.10376,0.1051664,0.1120996,
303,0.0004584,0.0979026,0.0651576,0.104031,0.1818738,0.1306845,
304,0.0007129,0.0638269,0.0540289,0.1610284,0.2358814,0.1280254,
305,0.0002655,0.0434699,0.072612,0.1920442,0.1925667,0.140566,
306,0.0005345,0.2057631,0.1493336,0.2006385,0.2213636,0.099905,
307,0.0005905,0.0757414,0.0835459,0.0812175,0.0697793,0.0491092,
308,0.0001876,0.0718098,0.0800628,0.0624216,0.0787446,0.076002,
309,0.0004482,0.0577769,0.0716092,0.0509084,0.076508,0.0768309,
310,0.0004638,0.0595983,0.0811892,0.0528381,0.0802845,0.1081453,
311,0.0001891,0.076239,0.083782,0.0497584,0.093235,0.1552249,
312,6.56e-05,0.060463,0.0768346,0.0652684,0.0455861,0.1498974,
313,0.0006986,0.0288021,0.0667261,0.0933895,0.0442432,0.0459548,
314,0.00034,0.0500542,0.0913579,0.096566,0.0495423,0.0608734,
315,0.0004918,0.0443326,0.1222658,0.1016339,0.0848119,0.0661613,
316,0.0004353,0.0531599,0.1117577,0.0890383,0.0855972,0.0843625,
317,0.0005156,0.0470377,0.1006069,0.0898728,0.0766237,0.076189,
318,0.0003213,0.0664822,0.1174282,0.1115289,0.0799569,0.0566317,
319,0.000146,0.0657313,0.1001223,0.0658464,0.0937343,0.0519042,
320,0.0005076,0.0621222,0.1053376,0.0902063,0.0668892,0.0564129,
321,0.0003152,0.067082,0.1343234,0.075604,0.1333046,0.0772556,
322,0.0008146,0.0397282,0.0801989,0.0968732,0.0287583,0.0597572,
323,0.0005229,0.0591234,0.0870382,0.0888971,0.055499,0.0680083,
324,0.0002971,0.0563896,0.1031608,0.0894369,0.0390733,0.1020413,
325,0.0005835,0.046372,0.0983246,0.0817135,0.0402333,0.1154728,
326,0.000547,0.0512005,0.1055538,0.0514298,0.0404165,0.0807418,
327,0.0004964,0.0565959,0.1375061,0.0766248,0.0548851,0.0465794,
328,0.0005317,0.0625464,0.1824236,0.0598233,0.1495074,0.0705396,
329,0.0007506,0.0519227,0.1908851,0.0780362,0.1636673,0.1289284,
330,0.0004324,0.0380592,0.1767773,0.0990761,0.2476324,0.0528207,
331,0.0005296,0.036024,0.2327958,0.0538684,0.0467078,0.0978364,
332,0.000628,0.0437557,0.1115261,0.079312,0.0293783,0.1352098,
333,0.0005479,0.0379685,0.1012094,0.0575379,0.0131186,0.1175469,
334,0.0004039,0.0309007,0.0886893,0.0533418,0.0317012,0.0569689,
335,0.0004209,0.0653409,0.1068716,0.0337013,0.0384163,0.0720827,
336,0.0002137,0.0868769,0.0583182,0.1032758,0.0448967,0.0427436,
337,0.000211,0.06553,0.0565408,0.1227789,0.0673765,0.0558162,
338,0.0006246,0.0449911,0.0544261,0.1396466,0.0575313,0.0567271,
339,0.0004528,0.0551791,0.0671369,0.1257882,0.1556611,0.0727724,
340,0.0004699,0.0304403,0.1517642,0.127974,0.0708293,0.0627213,
341,0.0003074,0.0594874,0.1111389,0.1386852,0.0481641,0.0436254,
342,0.0006772,0.0467344,0.1023192,0.1196602,0.0457322,0.0530944,
343,0.0003192,0.0548332,0.1013626,0.0844607,0.0633684,0.0507429,
344,9.1e-05,0.0326041,0.0959954,0.0778182,0.0536019,0.0241356,
345,0.0002709,0.0358183,0.1514243,0.0048942,0.0730312,0.0580054,
346,0.000686,0.04083,0.1947871,0.0681997,0.077313,0.0566426,
347,0.0006518,0.038097,0.2220394,0.0692994,0.1178276,0.0452367,
348,0.0002898,0.0549438,0.18686,0.0269749,0.1037268,0.0510619,
349,0.0005843,0.0614712,0.2854869,0.05502,0.0916209,0.0339808,
350,0.0002821,0.078048,0.3003998,0.1056734,0.0851973,0.0489874,
351,0.0004832,0.0776027,0.3717934,0.1216407,0.1820725,0.0998915,
352,0.0006097,0.2113026,0.3563395,0.152608,0.2235756,0.167142,
353,0.0004174,0.1702213,0.2885528,0.1870016,0.110528,0.2118483,
354,0.0004071,0.0496878,0.2938032,0.1723001,0.1131705,0.1569167,
355,0.0004701,0.081511,0.234356,0.1808286,0.1223326,0.0475421,
356,0.0007707,0.0984139,0.1844241,0.210321,0.0914775,0.1471004,
357,0.0004197,0.094346,0.1689725,0.205346,0.1511768,0.1604016,
358,0.0005943,0.1224007,0.1611672,0.2206539,0.1260652,0.3189512,
359,0.0003282,0.0981856,0.2095731,0.2207449,0.0766495,0.2811656,
360,0.0004223,0.0718671,0.1635666,0.1560224,0.0614076,0.1386023,
361,0.0002623,0.0981947,0.1503223,0.1807367,0.0296131,0.1098156,
362,0.0005839,0.0925634,0.1870067,0.2090974,0.1004983,0.2089996,
363,0.0003552,0.0740091,0.2707732,0.1836157,0.0807393,0.1497732,
364,0.0004518,0.0655901,0.2151026,0.1594971,0.0147869,0.1097893,
365,0.0002453,0.0377783,0.268232,0.178625,0.0715377,0.0958817,
366,0.0005754,0.0595852,0.3251776,0.1331381,0.0370552,0.0998419,
367,0.000396,0.0475593,0.2465777,0.1393282,0.0657869,0.0517156,
368,0.0006556,0.0466588,0.2192889,0.1507878,0.0675383,0.0433228,
369,0.0003152,0.0876584,0.1844317,0.1855325,0.1132155,0.0524434,
370,0.0006652,0.1276784,0.2124658,0.1768482,0.1274627,0.0875343,
371,0.0004301,0.0999597,0.1880363,0.1142208,0.0838881,0.0659137,
372,0.0006335,0.0904811,0.121525,0.17008,0.0879132,0.0468491,
373,0.0004384,0.1146418,0.1098874,0.1843084,0.0830326,0.0297043,
374,0.0004248,0.0832849,0.1728808,0.1100131,0.0826058,0.0667757,
375,0.0005676,0.0515437,0.1582217,0.1058944,0.1000251,0.1411693,
376,0.0003519,0.0626387,0.1820151,0.0696923,0.0930258,0.1324537,
377,0.0004092,0.0939494,0.2199196,0.1627868,0.1364972,0.1012325,
378,0.000407,0.0616041,0.1309316,0.0536827,0.3902662,0.0573186,
379,0.0002472,0.0509829,0.1701636,0.0517339,0.2120426,0.0864885,
380,0.0002748,0.0553165,0.177971,0.0640732,0.1406397,0.0853691,
381,0.0004694,0.0353071,0.1969114,0.1110473,0.0690121,0.1025447,
382,0.0004019,0.0539397,0.2351026,0.1184825,0.1105529,0.1619952,
383,0.0004937,0.0391575,0.2273419,0.1408881,0.1151944,0.0509496,
384,0.0006249,0.020663,0.2490659,0.1412305,0.0481294,0.0639696,
385,0.0004371,0.0415304,0.2142197,0.1150784,0.0669391,0.0673893,
386,0.000436,0.0891488,0.1951201,0.0873032,0.0855943,0.0833213,
387,0.0004271,0.0452861,0.2209428,0.0926553,0.077889,0.1068581,
388,0.0005811,0.0643698,0.2086394,0.118598,0.0212145,0.0956604,
389,0.0005632,0.0625634,0.1588818,0.1074912,0.0890784,0.0666663,
390,0.000341,0.0314028,0.1587194,0.1009926,0.0891621,0.0780021,
391,0.0004432,0.0544867,0.1347264,0.0684412,0.0907896,0.0643384,
392,0.0006606,0.0719793,0.1323842,0.0686717,0.0670407,0.0283973,
393,0.0004844,0.0668597,0.1530011,0.0988055,0.1115819,0.0393899,
394,0.0004371,0.0413802,0.159203,0.1128169,0.1012426,0.0552158,
395,0.0005087,0.0625507,0.1672947,0.1090686,0.0700375,0.0864682,
396,0.0002858,0.063743,0.1718493,0.1531007,0.0608728,0.1115769,
397,0.000715,0.0743811,0.1674418,0.1537425,0.0492908,0.0941986,
398,0.0004549,0.0672876,0.1872944,0.1768088,0.0778316,0.1195461,
399,0.0007315,0.0922284,0.1288528,0.1847309,0.0634488,0.0752432,
400,0.0001763,0.0793717,0.0186958,0.1479713,0.1092656,0.0626426,
401,0.0002045,0.055496,0.0406304,0.1053185,0.0926217,0.0720271,
402,0.0006147,0.058437,0.0839049,0.1369515,0.1063647,0.1120321,
403,0.0005002,0.0803005,0.0913152,0.1292887,0.0963656,0.0933368,
404,0.0007139,0.0773204,0.0758739,0.1187692,0.1292983,0.1186284,
405,0.0004522,0.125037,0.1245105,0.0936319,0.1319556,0.1179189,
406,0.0004578,0.1423764,0.1421043,0.0794873,0.144929,0.085632,
407,0.0002944,0.1240736,0.103307,0.075522,0.1444784,0.0375654,
408,0.0003118,0.1354136,0.1066465,0.0619925,0.0517144,0.0668059,
409,0.000429,0.136648,0.1116757,0.0584535,0.0924944,0.1218355,
410,0.0006085,0.1464449,0.1151642,0.0571631,0.0766377,0.0789183,
411,0.0005045,0.145911,0.1188473,0.0563928,0.0358802,0.0762341,
412,0.0005159,0.0814483,0.1721929,0.0819447,0.01445,0.0460615,
413,0.0004493,0.1184706,0.1857597,0.1462073,0.0356033,0.1151905,
414,0.0004309,0.0840385,0.1243959,0.1662132,0.0960765,0.1253611,
415,0.0004101,0.092616,0.1480399,0.1074784,0.1302968,0.1332872,
416,0.0004409,0.0729297,0.1457589,0.1531759,0.0752419,0.1318403,
417,0.0004496,0.0424921,0.1117902,0.150845,0.0552259,0.1272286,
418,0.0003933,0.0328639,0.0867944,0.1186273,0.0591867,0.0464445,
419,0.0004348,0.0483261,0.0543345,0.1039618,0.0419245,0.0428866,
420,0.000588,0.068104,0.0938564,0.1164504,0.0795019,0.0615329,
421,0.0005114,0.1052105,0.0874903,0.1052622,0.0576226,0.0578863,
422,0.0003054,0.1121923,0.1326466,0.0863349,0.0673961,0.0331943,
423,0.0003702,0.0682525,0.1404234,0.0685752,0.0422503,0.0599153,
424,0.0007144,0.0527146,0.1331699,0.0810201,0.0442857,0.0645751,
425,0.0005238,0.0675002,0.1309321,0.2150052,0.085198,0.0712656,
426,0.0003496,0.0389541,0.1258492,0.230711,0.0753471,0.0719537,
427,0.0004215,0.0490977,0.1054816,0.1988102,0.0430783,0.0581136,
428,0.0002713,0.0886768,0.1215581,0.1625812,0.096523,0.025437,
429,0.000695,0.0748665,0.0791438,0.1140167,0.0755764,0.034145,
430,0.0006807,0.0822763,0.1347394,0.1753733,0.0528189,0.0880533,
431,0.000435,0.0585407,0.0786147,0.1211329,0.0796083,0.1138435,
432,0.0004447,0.0387722,0.0800971,0.1466311,0.0803335,0.091994,
433,0.0005736,0.0285099,0.1165832,0.1322056,0.0768855,0.1121611,
434,0.0005695,0.039369,0.1203628,0.1605385,0.0474598,0.1079788,
435,0.0002598,0.0652265,0.1446879,0.1590533,0.0997266,0.1347987,
436,0.0004146,0.0928797,0.1188328,0.1701789,0.1251227,0.1884702,
437,0.0004596,0.0995168,0.1197666,0.1659619,0.1015786,0.1531459,
438,0.0005606,0.060567,0.1225823,0.1560916,0.0796957,0.1121091,
439,0.0005358,0.0566866,0.1224186,0.1057449,0.0738173,0.0255669,
440,0.0004895,0.0703163,0.0899044,0.0913476,0.0676811,0.0814453,
441,0.0004732,0.041791,0.0138673,0.0305564,0.0351392,0.0866619,
442,0.00073,0.0263333,0.0733558,0.069741,0.0344726,0.0974848,
443,0.0004784,0.0379514,0.0778148,0.0423088,0.0354402,0.0834904,
444,0.0003297,0.0301342,0.0921817,0.0230853,0.0473262,0.0801009,
445,0.0005283,0.0571371,0.0910586,0.0834818,0.0529769,0.0774568,
446,0.000619,0.0421962,0.0320912,0.0884329,0.069065,0.0340631,
447,0.0006646,0.0461494,0.0790531,0.0860869,0.1041116,0.076106,
448,0.000493,0.1145506,0.1005582,0.1469996,0.1144634,0.0532823,
449,0.0006278,0.1316445,0.1205407,0.09282,0.1269593,0.045682,
450,0.0006529,0.0503409,0.0659186,0.0998752,0.0740028,0.0468663,
451,0.0004422,0.0265742,0.1664936,0.0604876,0.0776988,0.0485386,
452,0.0005202,0.0322186,0.1243883,0.0518194,0.0676253,0.0434332,
453,0.0005319,0.0785145,0.133098,0.0720496,0.0347673,0.0361743,
454,0.000237,0.0822229,0.1119134,0.0588418,0.0388629,0.0023315,
455,0.0003443,0.0639626,0.1595397,0.0720939,0.0268932,0.0412033,
456,0.0004429,0.0295238,0.1010626,0.0957751,0.0484416,0.027399,
457,0.0004205,0.0401535,0.0533697,0.1307265,0.0543717,0.0157502,
458,0.0002209,0.0907539,0.0533775,0.1206497,0.099618,0.0042901,
459,0.0002806,0.1070899,0.0860495,0.0976389,0.0898706,0.1082083,
460,0.0003947,0.1240798,0.1283866,0.0680886,0.0926862,0.1232542,
461,0.0005125,0.0866691,0.134817,0.0816076,0.1020422,0.0537922,
462,0.0001742,0.0592705,0.0544288,0.0747989,0.0912929,0.0736347,
463,0.0004988,0.0609599,0.1078816,0.0787156,0.0858626,0.0268696,
464,0.0006073,0.063172,0.0900707,0.0452103,0.0595499,0.0270949,
465,0.0005064,0.0678751,0.102783,0.0281451,0.0751928,0.0575483,
466,0.000367,0.0622984,0.12078,0.0543058,0.0291458,0.0803868,
467,0.0005887,0.09618,0.107867,0.0674306,0.0292944,0.0959904,
468,0.0004523,0.0769277,0.0780918,0.0645246,0.049337,0.0531751,
469,0.0005742,0.0409513,0.1188666,0.0766282,0.0311341,0.0469566,
470,0.00063,0.0317164,0.1086672,0.0568694,0.0368888,0.0620614,
471,0.0002362,0.0521207,0.1143164,0.0391678,0.0447118,0.1830168,
472,0.0002994,0.0796176,0.1190581,0.0329954,0.0270714,0.1536312,
473,0.0005551,0.0795638,0.1066405,0.0384102,0.0549644,0.1117041,
474,0.0004646,0.0709483,0.128209,0.1087015,0.096312,0.0479656,
475,0.0006088,0.0612139,0.1215261,0.0628089,0.0934651,0.0909267,
476,0.0003426,0.0590415,0.1279411,0.0425217,0.014761,0.1293478,
477,0.0003227,0.057636,0.1000877,0.0617662,0.0601469,0.0596749,
478,0.000499,0.0341919,0.0931423,0.0562656,0.0256175,0.0581878,
479,0.0004451,0.0505685,0.1185935,0.0140377,0.0056591,0.084164,
480,0.0003941,0.0881989,0.0857988,0.0296926,0.0374071,0.0691987,
481,0.0008228,0.1187737,0.0654565,0.0353177,0.0326221,0.0479479,
482,0.0003619,0.1374315,0.0918091,0.0273305,0.0724848,0.072405,
483,0.000492,0.1193976,0.0895287,0.0271921,0.0809983,0.1332461,
484,0.0004711,0.1135784,0.0642198,0.0503327,0.1273208,0.1749437,
485,0.0004515,0.1204661,0.0467538,0.0365143,0.1062509,0.15514,
486,0.0003718,0.1019699,0.0595547,0.0339226,0.1340567,0.0391348,
487,0.0005427,0.0973639,0.0559529,0.0112649,0.0905923,0.0592863,
488,0.0007122,0.0719654,0.0730235,0.0328813,0.0366694,0.0662008,
489,0.0004013,0.057126,0.1266269,0.031843,0.0420368,0.0451106,
490,0.0005598,0.0527476,0.0570385,0.0610846,0.0865403,0.0550506,
491,0.000634,0.040617,0.1223082,0.0561579,0.0798183,0.0980608,
492,0.0004625,0.0414454,0.120783,0.0951857,0.1228259,0.1087943,
493,0.000771,0.0612632,0.1211051,0.1230962,0.1526131,0.0837105,
494,0.0006321,0.0555166,0.3314664,0.3270904,0.1173536,0.113352,
495,0.0004866,0.0985645,0.2873901,0.345601,0.1317626,0.0925211,
496,0.0004586,0.1010882,0.1571442,0.1857237,0.1055499,0.1348426,
497,7.9e-05,0.0891322,0.0991554,0.1403694,0.1240409,0.1375262,
498,0.0005092,0.0584048,0.1027638,0.0699127,0.0739438,0.119667,
499,0.0003134,0.0513268,0.1139237,0.1398777,0.0804056,0.2366276,
500,0.0002948,0.0697132,0.0713176,0.2238498,0.0663732,0.1206762,
501,0.0005868,0.093251,0.0119897,0.1872325,0.059332,0.0942484,
502,0.0002458,0.1045982,0.2120713,0.1817736,0.0920433,0.0767648,
503,0.0004973,0.0936071,0.1098408,0.1344039,0.0976485,0.0932825,
504,0.0005034,0.044751,0.1647442,0.0436174,0.1322447,0.1222252,
505,0.0002759,0.0565783,0.1582805,0.0403422,0.0642312,0.0873253,
506,0.0004982,0.0503139,0.0962317,0.0290581,0.066718,0.0830219,
507,0.0005687,0.0373949,0.0710054,0.033955,0.0795849,0.0794868,
508,0.0003851,0.0268056,0.0778857,0.0430506,0.086153,0.0711267,
509,0.0007252,0.0457094,0.1058457,0.0274109,0.0687551,0.0914444,
510,0.0003688,0.0364303,0.1067798,0.0296225,0.041108,0.0857314,
511,0.0006805,0.0266655,0.1246742,0.0277816,0.0726996,0.0985947,
512,0.0004953,0.0346715,0.1012207,0.0664841,0.1012615,0.0682094,
513,0.0005042,0.0396065,0.0901363,0.066251,0.0652225,0.0674417,
514,0.0005798,0.0305733,0.0853488,0.073663,0.058175,0.1025781,
515,0.0003944,0.0619423,0.0658855,0.0976125,0.0766131,0.057323,
516,0.0003776,0.1029467,0.0365582,0.1095095,0.0688015,0.0930861,
517,0.0004443,0.1086138,0.0682165,0.1143709,0.0599,0.0957824,
518,0.0004708,0.0961063,0.0544633,0.0664234,0.0738941,0.0667577,
519,0.00048,0.0626839,0.1083855,0.1012652,0.0561476,0.137205,
520,0.0006512,0.0820821,0.1432252,0.1173102,0.0895174,0.0970205,
521,0.0004393,0.1425996,0.1312244,0.1735339,0.0711059,0.1901143,
522,0.0004511,0.0960532,0.0480564,0.1776684,0.1484061,0.0706521,
523,0.0007046,0.084943,0.0276315,0.1189583,0.1561475,0.0405067,
524,0.0005785,0.0575845,0.0521953,0.0770284,0.1972952,0.1110992,
525,0.0004705,0.0535392,0.0688064,0.0925993,0.1886709,0.1185102,
526,0.0005609,0.0631609,0.135973,0.1150706,0.1346273,0.1228517,
527,0.0003503,0.0987669,0.2240166,0.1215468,0.1925352,0.1597073,
528,0.0005787,0.2158757,0.3719147,0.1668845,0.1976344,0.1920867,
529,0.0004403,0.1125309,0.3439597,0.1712142,0.1974967,0.3482946,
530,0.0005239,0.0450142,0.2919834,0.0895811,0.4158014,0.3166298,
531,0.0002149,0.0894295,0.1412145,0.1892316,0.1638927,0.1735304,
532,0.0003587,0.1314406,0.0462856,0.2054279,0.1469342,0.1380855,
533,0.0005546,0.1276889,0.1187424,0.0457614,0.1569448,0.1720061,
534,0.0004108,0.1406036,0.1346565,0.1917699,0.1162667,0.125073,
535,0.0005565,0.1180157,0.0895162,0.1807779,0.1094919,0.0677859,
536,0.0004117,0.0836853,0.0722515,0.0780125,0.1003392,0.0925293,
537,0.0006022,0.0919034,0.0961602,0.1091982,0.0792261,0.0878601,
538,0.0004339,0.0672284,0.1291292,0.1636348,0.0990993,0.1066203,
539,0.0003694,0.0684327,0.0949136,0.1020836,0.0617203,0.0931143,
540,0.0004894,0.1201733,0.0754083,0.0405632,0.0810695,0.1167801,
541,0.0003899,0.0937545,0.1131075,0.1264846,0.0782152,0.2718655,
542,0.0007859,0.0821537,0.0499562,0.157651,0.0794539,0.2135068,
543,0.0003045,0.0879343,0.0851792,0.1630204,0.0952374,0.2073635,
544,0.0003779,0.0741401,0.136356,0.1076856,0.1201945,0.1801483,
545,0.0003992,0.0527248,0.0971435,0.0992933,0.0900651,0.135068,
546,0.0004799,0.0460418,0.0939453,0.0869093,0.1118453,0.1213831,
547,0.0006375,0.0532153,0.0765206,0.1079279,0.1031319,0.1364878,
548,0.0006094,0.0560369,0.0704474,0.082132,0.1061492,0.1118076,
549,0.0004936,0.1380336,0.0773942,0.0863592,0.1021544,0.1483008,
550,0.0006501,0.1228887,0.0768913,0.0724844,0.1231399,0.126863,
551,0.0002546,0.1246231,0.1080528,0.0572439,0.1543464,0.1572417,
552,0.0006084,0.1000033,0.1136722,0.0919347,0.1388593,0.1985632,
553,0.0004407,0.0690098,0.1095176,0.0840637,0.1502721,0.2125439,
554,7.42e-05,0.1058183,0.0976622,0.0776183,0.1712339,0.1552224,
555,0.0003911,0.1058747,0.0895889,0.1149911,0.1086295,0.036069,
556,0.0006852,0.0543413,0.0892577,0.1234404,0.0210264,0.0376636,
557,0.0004176,0.0316564,0.0674845,0.1384932,0.0485715,0.0273803,
558,0.0003493,0.1012074,0.1491469,0.1806207,0.1119531,0.0444494,
559,0.0003231,0.10149,0.0738371,0.1429295,0.0678909,0.0319873,
560,0.0005331,0.0907777,0.0515936,0.1333066,0.0783133,0.0882586,
561,0.0003256,0.127045,0.1501635,0.1331658,0.0720602,0.1179149,
562,0.0004263,0.1122411,0.0399171,0.074194,0.0149277,0.0576989,
563,0.0006411,0.1079956,0.0543293,0.0696844,0.0424555,0.1195151,
564,0.0002505,0.1067614,0.0870203,0.0682371,0.0349054,0.118988,
565,0.0002134,0.0372485,0.0888504,0.1139226,0.0673675,0.0460667,
566,0.0005977,0.0471433,0.0993733,0.0914614,0.0891682,0.0788008,
567,0.000594,0.0784233,0.1088535,0.0675141,0.1425545,0.1202393,
568,0.0004316,0.0829814,0.1259616,0.0934853,0.1221464,0.1106655,
569,0.0003499,0.0611531,0.105884,0.1179721,0.1231128,0.0706393,
570,0.0004324,0.0269471,0.1155908,0.0822851,0.1122736,0.0696203,
571,0.000313,0.02697,0.1321398,0.0737156,0.1197133,0.1308189,
572,0.0006785,0.0533037,0.1159404,0.1130963,0.1363692,0.095518,
573,0.0003597,0.0306601,0.1441309,0.0786559,0.1187882,0.1155668,
574,0.0005792,0.0539846,0.075838,0.0775771,0.1153345,0.0866727,
575,0.0005327,0.0484347,0.1040983,0.0872058,0.1820135,0.1588443,
576,0.000633,0.0332507,0.1175041,0.265871,0.2452497,0.2305494,
577,0.0007535,0.0554907,0.1115994,0.188268,0.1724308,0.1586355,
578,0.0003591,0.0605024,0.126703,0.1821029,0.1625061,0.1716187,
579,0.0003513,0.0896492,0.144046,0.1707673,0.1919043,0.2840969,
580,0.000425,0.1614571,0.2010953,0.1838678,0.1996187,0.3150451,
581,0.0004315,0.1778434,0.2190755,0.212225,0.3413028,0.3008855,
582,0.0005183,0.1554858,0.180083,0.1913637,0.2243686,0.225547,
583,0.0004655,0.2399925,0.2684753,0.3124631,0.2279127,0.3813201,
584,0.0007341,0.3212957,0.0854768,0.2418112,0.187549,0.454232,
585,0.0001622,0.1838706,0.1340134,0.0990428,0.1425245,0.3176619,
586,0.0002898,0.0982225,0.1251042,0.0942555,0.1273233,0.1623605,
587,0.000534,0.0695074,0.0864816,0.1196196,0.1295641,0.1084102,
588,0.0005707,0.1013799,0.118764,0.1288496,0.151974,0.1095361,
589,0.0003025,0.0967384,0.079266,0.1225061,0.1299521,0.1444838,
590,0.0001923,0.08207,0.1271641,0.0558572,0.0566108,0.065736,
591,0.000619,0.0865482,0.0698216,0.0549544,0.0448751,0.0350121,
592,0.0005106,0.0622746,0.0558882,0.0838004,0.0336368,0.0554019,
593,0.0006058,0.0713953,0.0495838,0.0435068,0.08026,0.0675222,
594,0.0005703,0.0484174,0.0802166,0.0301958,0.0743677,0.0760743,
595,0.000481,0.0515099,0.0637721,0.0361401,0.0496805,0.076958,
596,0.0004365,0.0798924,0.100316,0.0658621,0.0893661,0.1147759,
597,0.0004992,0.0927157,0.0813,0.0865632,0.0414249,0.1269563,
598,0.0005754,0.0388314,0.0792519,0.1413575,0.0110319,0.117723,
599,0.0005449,0.0506167,0.0731181,0.1417076,0.0572544,0.0636928,
600,0.0004735,0.0557132,0.0822871,0.150855,0.0642143,0.0830649,
601,0.0002651,0.0571807,0.0886521,0.1179209,0.0439329,0.1122539,
602,0.0001201,0.0603473,0.0624514,0.0703789,0.064858,0.0758747,
603,0.0006288,0.0366826,0.0824174,0.0732579,0.0721624,0.1021487,
604,0.0004773,0.0428116,0.0482817,0.0219431,0.0750333,0.1040189,
605,0.0005259,0.0423027,0.0541003,0.0087407,0.0394415,0.1039844,
606,0.0003699,0.0561888,0.0808796,0.0341208,0.0225415,0.1047674,
607,0.0003861,0.0802936,0.1417198,0.1109706,0.066598,0.1934104,
608,0.0003076,0.0912795,0.1543697,0.041325,0.0692424,0.1700768,
609,0.0005753,0.0997465,0.125817,0.0825299,0.1286818,0.165679,
610,0.0005727,0.0977715,0.1375345,0.0922632,0.2252714,0.2308588,
611,0.0004183,0.118874,0.1277442,0.0211001,0.0821704,0.2251491,
612,0.0004184,0.0996544,0.1286229,0.0852627,0.0570033,0.1841468,
