#Time_ps,0,100,500,1000,3000,5000,
1,0.0004154,0.0351227,0.0382936,0.0672443,0.0445956,0.0755579,
2,0.0005709,0.046927,0.0639428,0.03268,0.0116047,0.103908,
3,0.0004437,0.0615521,0.0881136,0.0829674,0.0148737,0.1049227,
4,0.0005578,0.0627618,0.046707,0.064395,0.0491138,0.0782984,
5,0.0002828,0.055857,0.0296096,0.0623274,0.0558441,0.1062424,
6,0.0002188,0.0535788,0.0745667,0.0682619,0.048872,0.128153,
7,0.0004867,0.0424042,0.0898437,0.0417935,0.0564106,0.0431304,
8,0.0005624,0.0286222,0.0855468,0.0271937,0.0397599,0.0391656,
9,0.000662,0.0293694,0.1036433,0.010281,0.0365745,0.0467913,
10,0.0003078,0.0803681,0.0640898,0.0527232,0.0432893,0.0306048,
11,0.0004731,0.1034124,0.0569934,0.0279438,0.0489399,0.0219945,
12,0.0003271,0.0642958,0.0469252,0.0548231,0.0595642,0.0451311,
13,0.0004382,0.0265703,0.0616221,0.0578273,0.0364986,0.0374674,
14,0.0005353,0.0520386,0.033355,0.0585696,0.0310957,0.0341549,
15,0.0007386,0.0381186,0.0313438,0.0812662,0.0351951,0.03099,
16,0.0006018,0.0849613,0.0377402,0.0604105,0.0440741,0.0519014,
17,0.000501,0.0944139,0.0178226,0.0394446,0.0255503,0.0680499,
18,0.0005494,0.0816196,0.0079987,0.0480591,0.0465102,0.0544278,
19,0.0004016,0.0830203,0.068243,0.0521626,0.0435164,0.0599205,
20,9.62e-05,0.0728489,0.0647373,0.0229148,0.0700984,0.0764685,
21,0.0003681,0.0507637,0.0802556,0.1062369,0.0424975,0.0507509,
22,0.0006624,0.0749497,0.0867225,0.0976921,0.0614332,0.096243,
23,0.000496,0.1131588,0.0939868,0.0667646,0.0581413,0.196668,
24,0.0005088,0.1315847,0.1307228,0.0730773,0.1208383,0.22114,
25,0.0005635,0.0663439,0.0689303,0.0917814,0.0908091,0.1045877,
26,0.0004575,0.0467719,0.0849061,0.082056,0.0721117,0.0415705,
27,0.0005846,0.084197,0.04255,0.0649322,0.0510409,0.0439929,
28,0.0008565,0.0836091,0.0299279,0.0629998,0.0423063,0.0846445,
29,0.00029,0.1107523,0.0354382,0.0679778,0.0338872,0.054462,
30,0.0005526,0.0850772,0.0263287,0.0782709,0.019437,0.0605163,
31,0.0007435,0.1133163,0.043213,0.0828167,0.0213051,0.0572145,
32,0.0001316,0.1071996,0.0410494,0.0525696,0.0702812,0.0401175,
33,0.0003806,0.0917776,0.0447119,0.0937141,0.0504001,0.0356964,
34,0.000638,0.09024,0.0842939,0.0753988,0.1654035,0.040211,
35,0.0005316,0.0786716,0.0520578,0.0970439,0.0316667,0.0341379,
36,0.0006124,0.050044,0.0616689,0.0689448,0.0803903,0.0688258,
37,0.0003275,0.0742263,0.0324453,0.0622641,0.077786,0.0527508,
38,0.0005913,0.0804853,0.026854,0.0325817,0.0438101,0.0393928,
39,0.0005136,0.0801894,0.036763,0.0392787,0.0313132,0.0168164,
40,0.0007638,0.0263995,0.046389,0.0503037,0.0367589,0.0302675,
41,0.0003592,0.0431021,0.0344745,0.0304822,0.0403863,0.0405945,
42,0.0006487,0.0244787,0.0749686,0.0165687,0.0763107,0.0808052,
43,0.0003251,0.0623452,0.075509,0.0314586,0.1597979,0.1323251,
44,0.0004132,0.0552167,0.091543,0.0444858,0.1372756,0.1404965,
45,0.0005308,0.0559689,0.1174173,0.1850877,0.1351036,0.1276893,
46,0.0003793,0.0977722,0.1806992,0.3009213,0.2653733,0.1518782,
47,0.0006387,0.1924478,0.148037,0.3278916,0.1604106,0.0829159,
48,0.0004482,0.1763158,0.1384748,0.2661908,0.0751253,0.1121011,
49,0.0004105,0.129053,0.1833372,0.3007036,0.2012138,0.1173341,
50,0.0003877,0.1482096,0.1820068,0.4584483,0.3971283,0.1189948,
51,0.0005007,0.1680903,0.1458748,0.2840687,0.3232535,0.1370431,
52,0.0003699,0.1263492,0.2535439,0.390159,0.3942516,0.1275066,
53,0.0004707,0.1345316,0.1947511,0.1498486,0.3961519,0.1440052,
54,0.0005539,0.1546454,0.1294955,0.0500668,0.4714621,0.1408997,
55,0.0004116,0.192447,0.1894511,0.2997845,0.483409,0.1625456,
56,0.0001851,0.1185823,0.1719642,0.3146417,0.3258497,0.2853469,
57,0.0006754,0.0711591,0.0709444,0.2423455,0.1651198,0.191965,
58,0.0006025,0.0628424,0.1790641,0.1912841,0.171819,0.1093397,
59,0.0007368,0.0821593,0.2736632,0.3258277,0.2777493,0.1105307,
60,0.0002624,0.084084,0.2342153,0.3719504,0.1607245,0.1029498,
61,0.0004854,0.1084406,0.1549653,0.2805968,0.1320351,0.0695949,
62,0.0006733,0.1165024,0.0789335,0.2824766,0.1555998,0.05789,
63,0.0004902,0.0794769,0.1116712,0.247853,0.1836697,0.0970563,
64,0.0003431,0.1364951,0.1638524,0.2551377,0.1974659,0.0896532,
65,0.0005108,0.0510731,0.0903789,0.2630785,0.1406616,0.0306976,
66,0.0006312,0.0258502,0.1470805,0.1747363,0.1419459,0.0576274,
67,0.0004518,0.0772267,0.1303496,0.1316008,0.1314345,0.0531298,
68,0.0005129,0.0363437,0.0608663,0.0624862,0.1277338,0.0608692,
69,0.0005354,0.0500214,0.0501467,0.1058373,0.089615,0.0963286,
70,0.0002946,0.097698,0.0816895,0.1054255,0.0870658,0.0790583,
71,0.0003774,0.0922179,0.1214039,0.0945244,0.1661704,0.073201,
72,0.0003954,0.0835323,0.1253474,0.1566381,0.1436618,0.0928916,
73,0.0002606,0.0917856,0.0858457,0.0816755,0.1057303,0.0472824,
74,0.0003181,0.0774871,0.0383328,0.0849956,0.1068807,0.0383634,
75,0.0005067,0.0235992,0.0538428,0.0945206,0.0095606,0.0594158,
76,0.0006852,0.0420684,0.0602328,0.1473193,0.0590578,0.0466523,
77,0.0006191,0.0585025,0.0869102,0.0599185,0.0536873,0.0246435,
78,0.0003533,0.0534143,0.0672747,0.1107896,0.0704714,0.0323437,
79,0.0004829,0.0736988,0.0875044,0.1553601,0.1051529,0.024509,
80,0.0003867,0.0708991,0.1305442,0.1224913,0.1191825,0.0357709,
81,0.00022,0.1117807,0.0913867,0.0941864,0.0791729,0.0462152,
82,0.0004066,0.1080676,0.0883057,0.0843068,0.0819381,0.0310317,
83,0.0004011,0.0743464,0.0917109,0.0743597,0.1322725,0.0691713,
84,0.0005746,0.0923893,0.0623928,0.0562067,0.1152338,0.0475495,
85,0.0005447,0.0867956,0.0709951,0.0118964,0.0266913,0.0489477,
86,0.0005815,0.0574484,0.0779442,0.0446811,0.0619577,0.0403009,
87,0.0006672,0.0677326,0.0560444,0.0495095,0.0436379,0.0055127,
88,0.0006993,0.0803513,0.0302721,0.0495426,0.0881156,0.0161948,
89,0.0007211,0.0523585,0.0541523,0.0509468,0.0859746,0.0412715,
90,0.0005674,0.0796087,0.0742528,0.0747579,0.0533214,0.0358605,
91,0.0006069,0.0577571,0.0569097,0.0876804,0.0213711,0.044629,
92,0.0006363,0.0698785,0.1464077,0.1654827,0.0632069,0.0737476,
93,0.0004948,0.1172045,0.072768,0.102554,0.0565383,0.0631902,
94,0.0004226,0.124651,0.0224079,0.0329705,0.0859216,0.0711862,
95,0.0003055,0.1105963,0.0453395,0.0324937,0.0848544,0.0778005,
96,0.0005722,0.1002126,0.0789364,0.0581348,0.0999227,0.1552536,
97,0.0006043,0.1358978,0.013699,0.0282145,0.0536351,0.0634907,
98,0.0004762,0.1328389,0.0313063,0.0142643,0.0433485,0.0611221,
99,0.0003386,0.1254408,0.069155,0.0673535,0.0417481,0.095222,
100,0.0005552,0.1343822,0.0612552,0.0824843,0.0353067,0.1247913,
101,0.0006551,0.0994132,0.0506947,0.0639017,0.0302063,0.1341185,
102,0.0004876,0.0486801,0.0579237,0.1088494,0.0421835,0.1238607,
103,0.0004404,0.0418571,0.083468,0.1125233,0.0467519,0.1361988,
104,0.0004958,0.0634488,0.086046,0.1174491,0.0615787,0.1084746,
105,0.0004863,0.0556445,0.0470168,0.1187423,0.0529063,0.0820657,
106,0.0004887,0.0451256,0.0583494,0.0858759,0.0483584,0.1003865,
107,0.0004723,0.1051359,0.0610354,0.1045701,0.0924549,0.1010944,
108,0.000675,0.0810825,0.0451646,0.0540371,0.0299158,0.1113645,
109,0.0007065,0.0663805,0.0454432,0.1604116,0.0298144,0.0264605,
110,0.0002795,0.0404383,0.0493971,0.0901781,0.0375224,0.0597976,
111,0.0006115,0.0369547,0.1016929,0.0817507,0.0792617,0.0605184,
112,0.0003471,0.04932,0.1001112,0.0467742,0.0626272,0.0360858,
113,0.0005157,0.0472729,0.0790352,0.0239661,0.0247843,0.02877,
114,0.0006959,0.0533439,0.0627107,0.0731015,0.0536901,0.0784373,
115,0.0002807,0.042317,0.0303274,0.0356159,0.0466818,0.0929567,
116,0.0005409,0.0407989,0.0248681,0.0295885,0.0843878,0.1140432,
117,0.0005694,0.0213746,0.0330912,0.0707389,0.0766501,0.0836676,
118,0.0003462,0.0243783,0.0207341,0.0842757,0.0425174,0.1216049,
119,0.000355,0.0372822,0.0649599,0.0992141,0.058223,0.1594911,
120,0.0003194,0.0165065,0.0582207,0.0743323,0.0936743,0.0966725,
121,0.0004924,0.0176161,0.0445392,0.0699743,0.0867607,0.1120773,
122,0.0005631,0.0428777,0.0630936,0.0908503,0.0878476,0.1629356,
123,0.0004298,0.0471678,0.0372563,0.1036948,0.0875221,0.0433194,
124,0.0004967,0.0451085,0.0628369,0.0859132,0.058009,0.0583372,
125,0.0004495,0.0562263,0.0199468,0.0632604,0.0392036,0.0766914,
126,0.0005713,0.0326309,0.0787005,0.0592767,0.0668728,0.0629953,
127,0.000486,0.0536086,0.0688045,0.0753498,0.0690543,0.0518969,
128,0.0002436,0.0165658,0.0784254,0.0819672,0.0667865,0.0402101,
129,0.0005016,0.0313207,0.092161,0.056196,0.0555571,0.0414783,
130,0.000562,0.0610358,0.0748146,0.0747712,0.0418755,0.0745249,
131,0.0005636,0.0652115,0.0334891,0.0570319,0.0248432,0.0609553,
132,0.0003581,0.050805,0.0655397,0.0319066,0.0461741,0.079496,
133,0.0005298,0.0365338,0.0665876,0.1294153,0.0645843,0.0998642,
134,0.0003968,0.0164299,0.0908492,0.0830269,0.0842158,0.0790308,
135,0.0006739,0.0658264,0.0684071,0.0519644,0.0333393,0.0976386,
136,0.0003041,0.0367952,0.0715133,0.0675747,0.0862724,0.0738511,
137,0.0006277,0.0367855,0.0494672,0.0777131,0.0864667,0.0834875,
138,0.00048,0.0881677,0.0471587,0.0573402,0.134827,0.1409312,
139,0.0005541,0.0959966,0.0533196,0.0369594,0.124351,0.1093453,
140,0.000438,0.0404131,0.0472801,0.0442048,0.0561533,0.0899492,
141,0.0005665,0.0617772,0.0920692,0.0775724,0.0617543,0.1006826,
142,0.0002622,0.0677286,0.0475512,0.1447093,0.1100997,0.1865267,
143,0.0004191,0.052459,0.065319,0.1201768,0.05777,0.1801028,
144,9.1e-05,0.0396617,0.0716625,0.0362809,0.0304376,0.0633309,
145,0.0005385,0.0682837,0.0448956,0.0441172,0.0323648,0.0899326,
146,0.0004423,0.0771395,0.0621005,0.0337874,0.0344287,0.1181784,
147,0.0004686,0.0442277,0.0232272,0.0380891,0.0822467,0.0638059,
148,0.0006682,0.0743432,0.0518212,0.051713,0.0678783,0.0770153,
149,0.0004788,0.0496527,0.032244,0.0592349,0.0547509,0.0877418,
150,0.0005356,0.0242011,0.0412255,0.0827146,0.0305724,0.070374,
151,0.0005292,0.0547725,0.0881945,0.0629496,0.0760095,0.0594883,
152,0.0005146,0.0807913,0.088779,0.0347927,0.0412218,0.0527998,
153,0.0005096,0.1448693,0.1143204,0.0574776,0.0624184,0.1565942,
154,0.000457,0.1075368,0.1120667,0.072653,0.0578106,0.1463311,
155,0.000666,0.0703073,0.0923108,0.0637446,0.0760016,0.1816279,
156,0.0004423,0.0907908,0.0809239,0.0603084,0.0483924,0.108401,
157,0.0004615,0.0754972,0.0753921,0.0250847,0.0430359,0.1123061,
158,0.0004461,0.0483097,0.0730115,0.0348851,0.0349342,0.0413933,
159,0.0004136,0.0597452,0.047845,0.0464407,0.0230598,0.0531385,
160,0.0006159,0.057177,0.0473568,0.0969528,0.0349899,0.114913,
161,0.0005558,0.0723341,0.0353499,0.0577911,0.0305765,0.1024452,
162,0.0003124,0.0642095,0.0543559,0.0334677,0.036174,0.0561998,
163,0.0005954,0.0784105,0.05792,0.0369802,0.0408375,0.0742905,
164,0.0005506,0.0828864,0.0608519,0.0710415,0.034333,0.1213053,
165,0.0001439,0.0766504,0.0501627,0.0948394,0.0464778,0.1087563,
166,0.0005669,0.0575365,0.0479329,0.0979835,0.0833874,0.1043309,
167,0.0004715,0.0746082,0.0180956,0.089668,0.0996895,0.0968373,
168,0.0003771,0.0612843,0.0567036,0.0995342,0.1601997,0.1278941,
169,0.0003016,0.1089372,0.0640323,0.1478136,0.1246351,0.1613303,
170,0.0004937,0.0305038,0.0346152,0.2114569,0.1251171,0.1546389,
171,0.0005823,0.08658,0.0649595,0.1180994,0.1002062,0.1391487,
172,0.0003286,0.0958763,0.057632,0.0574747,0.075243,0.1199238,
173,0.0002221,0.0888704,0.0673603,0.0530397,0.0710562,0.1106368,
174,0.0003197,0.0879412,0.1042385,0.0688905,0.0833504,0.1029411,
175,0.0006659,0.0768896,0.0751277,0.078655,0.0599795,0.1040171,
176,0.00059,0.0802788,0.0550928,0.096399,0.071725,0.0878286,
177,0.000411,0.0663373,0.0675942,0.0936468,0.0693809,0.1045712,
178,0.0004988,0.0247312,0.0478167,0.0821023,0.1133546,0.1313383,
179,0.0006574,0.0474006,0.0380366,0.0669463,0.1466701,0.1586399,
180,0.0005841,0.0697164,0.0226595,0.1064026,0.0682268,0.0903512,
181,0.000255,0.066068,0.0592022,0.0827335,0.0499669,0.0862825,
182,0.0003737,0.0697827,0.0404249,0.0811727,0.0538574,0.1081168,
183,0.0004084,0.0480357,0.1073506,0.1516282,0.0607091,0.0469888,
184,0.0002659,0.0978245,0.0850409,0.1241228,0.0336177,0.0401171,
185,0.0006815,0.0431233,0.0679333,0.0872058,0.1021411,0.0418227,
186,0.0004018,0.0450514,0.063863,0.0582,0.147069,0.031127,
187,0.0002363,0.0649055,0.0490707,0.0541655,0.131656,0.0665991,
188,0.0003764,0.0691187,0.1065843,0.0713282,0.1097099,0.0509071,
189,0.0007484,0.076012,0.1119358,0.1106001,0.1077345,0.0337376,
190,0.000554,0.0417316,0.0486406,0.1015198,0.1653277,0.0782355,
191,0.0003653,0.0490421,0.1984646,0.1155932,0.1464703,0.0628197,
192,0.0005735,0.0465965,0.2242091,0.0383044,0.1545126,0.1465169,
193,0.0005095,0.0950676,0.3279822,0.1309339,0.1581894,0.4021215,
194,0.0004152,0.0776222,0.257171,0.2547717,0.1116714,0.244693,
195,0.0005641,0.0371355,0.1633068,0.2007343,0.0533521,0.1285476,
196,0.0003393,0.0510924,0.0439988,0.1326417,0.0616943,0.0586216,
197,0.0006916,0.0328019,0.0691605,0.0490981,0.0341494,0.0365912,
198,0.0004833,0.0727869,0.0882839,0.0740042,0.0453916,0.0662154,
199,0.0006131,0.0661763,0.0547732,0.0673995,0.0413433,0.0270202,
200,0.0005027,0.0548693,0.0647113,0.0606405,0.0663795,0.01055,
201,0.0006103,0.0498103,0.0591523,0.0545116,0.0548577,0.0397143,
202,0.0003707,0.0407236,0.105583,0.0354142,0.0630788,0.0468668,
203,0.0005742,0.0382326,0.0767118,0.0270189,0.0519578,0.0335083,
204,0.0003267,0.0465713,0.0627244,0.0480648,0.0485348,0.0309146,
205,0.0001396,0.0161727,0.0962216,0.0342466,0.0507829,0.0364235,
206,0.0006212,0.0204345,0.0982252,0.0463652,0.029188,0.0517473,
207,0.0006118,0.0246906,0.0956547,0.0415707,0.0513659,0.035575,
208,0.0005264,0.0241079,0.0667321,0.0624478,0.067323,0.0621455,
209,0.000664,0.0254541,0.0649996,0.0699753,0.0564723,0.0573452,
210,0.0005697,0.0358245,0.0544996,0.0581807,0.0720395,0.0327843,
211,0.0007194,0.0428921,0.0359502,0.0738817,0.0884091,0.0250351,
212,0.000335,0.0431346,0.018464,0.0814715,0.0728447,0.0488453,
213,0.0003949,0.0551077,0.0757365,0.0880601,0.0431765,0.1353963,
214,0.0004293,0.0581998,0.0847855,0.1736582,0.0588933,0.1424954,
215,0.0007349,0.0573059,0.0946912,0.3491111,0.0850044,0.1391519,
216,0.0006091,0.022408,0.0591313,0.0711286,0.0891557,0.0759431,
217,0.000323,0.065371,0.1245373,0.1030822,0.0479501,0.065829,
218,0.0004503,0.0944003,0.1711174,0.0973966,0.0203558,0.0969742,
219,0.0001674,0.0807451,0.1706823,0.0606759,0.0216642,0.0860525,
220,0.0002985,0.0741796,0.084555,0.0745788,0.0302302,0.1041293,
221,0.0006352,0.0970696,0.12926,0.0218034,0.0570863,0.2045155,
222,0.0007027,0.1275597,0.3133864,0.0988473,0.0982751,0.3112918,
223,0.0004838,0.1303665,0.2873874,0.0371315,0.1240212,0.1149008,
224,0.0003695,0.1113559,0.2848438,0.0747962,0.1072943,0.319589,
225,0.0006029,0.0935688,0.117536,0.0314874,0.1072062,0.1303581,
226,0.0002154,0.099635,0.1289619,0.0741689,0.1338338,0.0433276,
227,0.0003673,0.0812462,0.1856799,0.0585826,0.1140005,0.1241984,
228,0.0005666,0.0936306,0.1987049,0.0769097,0.1803318,0.1619952,
229,0.0005117,0.1033128,0.1854717,0.1064501,0.0795394,0.1616515,
230,0.0003512,0.0621723,0.153076,0.096059,0.0647121,0.1382466,
231,0.0004584,0.0800444,0.1691417,0.0748113,0.1159899,0.1682079,
232,0.0006014,0.0886928,0.172281,0.1112399,0.1138193,0.2180028,
233,0.0003559,0.091518,0.1167607,0.1097107,0.1251079,0.1490921,
234,0.0005903,0.0910334,0.1034465,0.0907209,0.1424959,0.0594816,
235,0.0005724,0.0430528,0.2199693,0.158329,0.0908212,0.0840922,
236,0.0005515,0.0553996,0.2040534,0.1084195,0.0928155,0.1247795,
237,0.0005827,0.0210239,0.1323605,0.1217127,0.0749307,0.1006165,
238,0.000521,0.0521122,0.1639122,0.1335776,0.0883702,0.0785918,
239,0.000272,0.0583045,0.1095863,0.1247746,0.0865307,0.039624,
240,0.0006701,0.0827843,0.1593897,0.1132241,0.0914493,0.0769724,
241,0.0002796,0.1021941,0.141279,0.094162,0.1322753,0.0965042,
242,0.0004999,0.0884614,0.1401424,0.0527259,0.1182541,0.1775173,
243,0.0001989,0.0828506,0.1443745,0.0724839,0.1391352,0.1689682,
244,0.0004418,0.1500262,0.1589048,0.0789144,0.1347731,0.1064572,
245,0.0007765,0.1326612,0.1508814,0.064766,0.0940322,0.1427774,
246,0.0006184,0.0635667,0.0845645,0.0279527,0.1232131,0.1038048,
247,0.0005259,0.0968281,0.1215709,0.0306887,0.1300506,0.0686563,
248,0.0004775,0.1139047,0.1096953,0.0856102,0.117364,0.0526655,
249,0.0006467,0.0862967,0.1217841,0.0312114,0.1555906,0.0479734,
250,0.0004098,0.01963,0.053939,0.0227729,0.1212497,0.056695,
251,0.0002529,0.0457158,0.0536838,0.115068,0.1222162,0.0569855,
252,0.0004753,0.0287039,0.073437,0.1455547,0.0379957,0.0362832,
253,0.0003923,0.018546,0.0108893,0.1042431,0.0857915,0.0432028,
254,0.0003829,0.0413777,0.0653067,0.0830485,0.0687364,0.0676025,
255,0.0003908,0.0456132,0.0449915,0.1532398,0.0898485,0.1015537,
256,0.0005038,0.0528414,0.0480198,0.1416178,0.0839624,0.0818203,
257,0.0003796,0.030471,0.0474934,0.1161516,0.1046439,0.0912902,
258,0.0006949,0.0313797,0.0243721,0.115696,0.1140895,0.0850581,
259,0.0003103,0.0291041,0.069146,0.0670568,0.1136166,0.0801386,
260,0.0007104,0.0207401,0.0604224,0.0493142,0.1303234,0.039893,
261,0.0002784,0.0445395,0.0844845,0.0381553,0.1244697,0.0274756,
262,0.0004597,0.0873963,0.0639275,0.0604085,0.1179192,0.0407341,
263,0.0004058,0.0890514,0.0878362,0.0654951,0.0799283,0.0480078,
264,0.0004161,0.0567832,0.0789025,0.0273529,0.095885,0.0520127,
265,0.0005404,0.0768109,0.1010179,0.0586292,0.1102035,0.024213,
266,0.0007113,0.0919643,0.1158073,0.0557153,0.0522327,0.0240154,
267,0.000638,0.0656432,0.0903227,0.0424939,0.0268691,0.0639436,
268,0.0004593,0.0258959,0.1134208,0.0401555,0.0438498,0.0894579,
269,0.000673,0.0522015,0.1475114,0.0599753,0.0465829,0.1113725,
270,0.0007045,0.1397939,0.1460385,0.0147372,0.1202514,0.1357291,
271,0.0005637,0.0992118,0.1410575,0.0640533,0.085847,0.0970422,
272,0.0004537,0.1303979,0.1428137,0.0454005,0.0849559,0.1078166,
273,0.0006053,0.1876351,0.2086354,0.0611357,0.0993836,0.0842592,
274,0.0005598,0.2109286,0.1749307,0.091945,0.1484734,0.0919066,
275,0.000319,0.1690049,0.1785401,0.0311942,0.0842495,0.1245434,
276,0.0004329,0.1699078,0.190363,0.0305436,0.0449729,0.1389112,
277,0.0006091,0.2634031,0.1689705,0.1811088,0.0424394,0.2285978,
278,0.0005299,0.2357792,0.275158,0.1414701,0.0758932,0.1330112,
279,0.0003664,0.2077416,0.165626,0.1236493,0.0811541,0.1568033,
280,0.0005004,0.1574713,0.0688807,0.0814915,0.0943211,0.1133251,
281,0.0004461,0.1101242,0.0825259,0.0480831,0.1474195,0.0505187,
282,0.0005956,0.1223329,0.0539167,0.03851,0.1090606,0.0760812,
283,0.0004399,0.1729119,0.1139991,0.0834546,0.094629,0.0956092,
284,0.0005268,0.1129085,0.0389191,0.087949,0.108751,0.0929736,
285,0.0004126,0.1141653,0.0377004,0.0190468,0.1327088,0.080134,
286,0.0005833,0.0217631,0.0486805,0.0355243,0.1136435,0.0395324,
287,0.0003699,0.0065119,0.0588774,0.0343123,0.1156395,0.0278387,
288,0.0005199,0.031088,0.0609828,0.0458335,0.086391,0.0356373,
289,0.0004535,0.0268072,0.0660194,0.0619438,0.0606416,0.040305,
290,0.0005247,0.0212881,0.0624924,0.0760374,0.0393018,0.0566942,
291,0.0005863,0.0092887,0.0785842,0.0753754,0.0960252,0.052709,
292,0.0004588,0.0551922,0.0568875,0.07316,0.0783611,0.0635213,
293,0.0001157,0.1085894,0.0172386,0.0743072,0.0291893,0.0676606,
294,0.0004959,0.1475439,0.0718745,0.0989643,0.0434905,0.0665213,
295,0.0003817,0.1153795,0.0616583,0.0826181,0.0311667,0.0702801,
296,0.0004446,0.0250952,0.0322181,0.1268488,0.0463762,0.0562653,
297,0.000632,0.0473888,0.0407872,0.1301469,0.0219518,0.0561785,
298,0.0006184,0.0417866,0.0497681,0.0484071,0.0388066,0.0462365,
299,0.00038,0.0295303,0.0391854,0.0853931,0.0275657,0.0883632,
300,0.0005318,0.0446345,0.0460188,0.1158527,0.0298534,0.0893512,
301,0.0003123,0.0398087,0.073128,0.151239,0.0614469,0.041156,
302,0.0005291,0.0499385,0.1556735,0.0739767,0.0710429,0.0382899,
303,0.0006756,0.0617841,0.0663772,0.0598418,0.0661093,0.0357731,
304,0.0004937,0.0818793,0.0553429,0.0740635,0.03871,0.061137,
305,0.0008167,0.0799075,0.0558695,0.0691069,0.0471608,0.06182,
306,0.0005344,0.0620738,0.0470171,0.1355617,0.064303,0.0771231,
307,0.000529,0.0683722,0.0520298,0.0691126,0.0811841,0.1376857,
308,0.0002694,0.0995685,0.0473387,0.0853813,0.0823062,0.1018579,
309,0.0004846,0.0836173,0.0289541,0.0886516,0.0689506,0.0521987,
310,0.0005126,0.0675669,0.0498584,0.0454052,0.0599659,0.0820066,
311,0.0005845,0.0545501,0.0611173,0.0822991,0.0853465,0.083735,
312,0.0004303,0.0979784,0.0405027,0.1094124,0.1530866,0.115584,
313,0.000638,0.049143,0.0364911,0.0833451,0.073509,0.0838463,
314,0.0005214,0.0701025,0.0590416,0.0275057,0.0658479,0.0582034,
315,0.0006583,0.0466518,0.0498354,0.0492703,0.0553478,0.0809399,
316,0.0004639,0.057421,0.0626044,0.0475482,0.0518906,0.0607094,
317,0.0002128,0.0908077,0.0896934,0.04122,0.0460574,0.0436423,
318,0.0004963,0.095473,0.0811241,0.0436913,0.0587363,0.0490926,
319,0.0002819,0.0523538,0.0968906,0.0437715,0.0632358,0.0528915,
320,0.0006256,0.0601655,0.069438,0.0632693,0.0665504,0.0631533,
321,0.0005553,0.0491652,0.0483373,0.0762122,0.0791081,0.0837612,
322,0.0007352,0.0696891,0.0788144,0.0484499,0.057832,0.0757195,
323,0.0004366,0.0318497,0.0761622,0.0249073,0.0505753,0.0622783,
324,0.0003934,0.0247073,0.110468,0.0258345,0.0757316,0.0653729,
325,0.000843,0.041926,0.0708336,0.0438324,0.1096185,0.0727675,
326,0.0001855,0.0178726,0.0292598,0.0704208,0.0991218,0.1007145,
327,0.0006342,0.0258638,0.0319299,0.0633705,0.1223553,0.1223666,
328,0.0006816,0.0546101,0.0663185,0.038703,0.1178497,0.1058768,
329,0.0005738,0.0316674,0.0759181,0.0546749,0.0773966,0.1014037,
330,0.0006387,0.0757413,0.1361303,0.0702796,0.1407984,0.1016162,
331,0.0002677,0.0273138,0.0715847,0.0359671,0.1953056,0.1173607,
332,0.0004415,0.0436258,0.0543391,0.0491797,0.1575474,0.0618566,
333,0.0004748,0.0264762,0.0682466,0.0900344,0.1497092,0.0559381,
334,0.000471,0.0596404,0.0497533,0.0255993,0.1142781,0.0615578,
335,0.0008026,0.0505541,0.0663808,0.0227823,0.1098408,0.1001879,
336,0.0005292,0.0581229,0.0670128,0.0486853,0.093543,0.0817674,
337,0.0004935,0.0735713,0.0992825,0.0677003,0.0475606,0.0707532,
338,0.0006147,0.0699445,0.1097068,0.0742693,0.0425252,0.0418169,
339,0.0003777,0.0795453,0.0613083,0.0546299,0.0241352,0.063894,
340,0.0005547,0.0910017,0.0669882,0.0745186,0.0271013,0.0408873,
341,0.0005172,0.0355752,0.0969912,0.0985655,0.0277589,0.0453651,
342,0.0001298,0.0215233,0.0713748,0.0435969,0.0434806,0.0513478,
343,0.0005625,0.0418416,0.0565237,0.0232624,0.0617842,0.0527057,
344,0.0003921,0.0330329,0.0423269,0.0154101,0.0506258,0.0626973,
345,0.0005454,0.033723,0.0758945,0.0269422,0.0523445,0.0659898,
346,0.0004098,0.0257287,0.0763905,0.0605986,0.097691,0.0579101,
347,0.0006379,0.0166387,0.0833702,0.0341664,0.1665425,0.0649285,
348,0.0003394,0.027644,0.1009014,0.0627379,0.1552451,0.0934639,
349,0.0004585,0.0441276,0.0562639,0.0861227,0.1198469,0.0886311,
350,0.0003995,0.0262034,0.1588197,0.0680823,0.2018625,0.1233576,
351,0.0005215,0.0821222,0.2306758,0.1250891,0.2489773,0.1259165,
352,0.0005271,0.0859616,0.28562,0.2068916,0.3413705,0.1000741,
353,0.0005635,0.088617,0.2629953,0.1511674,0.3750296,0.1051479,
354,0.0006446,0.0879678,0.1912375,0.0909576,0.308524,0.1017289,
355,0.0006162,0.1473185,0.1764468,0.0991993,0.2615851,0.0854478,
356,0.0004818,0.1004249,0.142414,0.0516811,0.2779502,0.0628935,
357,0.0005143,0.0640728,0.176079,0.1139668,0.2640786,0.0773872,
358,0.0005981,0.0869649,0.1787531,0.1297575,0.2456871,0.1734072,
359,0.0005469,0.0817506,0.2634988,0.1436612,0.2423053,0.1523538,
360,0.0006263,0.0798982,0.1101818,0.1389666,0.1684134,0.1116016,
361,0.0004661,0.0825267,0.0984564,0.1187082,0.2264806,0.1061904,
362,0.0003414,0.0900727,0.1313818,0.0858367,0.3042914,0.1174374,
363,0.0002104,0.0845052,0.0861658,0.1159459,0.2374281,0.0423425,
364,0.0005342,0.0705107,0.0711309,0.1000436,0.1960189,0.0713666,
365,0.0004218,0.0939232,0.0840319,0.1581594,0.3372457,0.0798647,
366,0.0004693,0.0651821,0.0761161,0.0981198,0.3789738,0.0294989,
367,0.0003531,0.0759364,0.1174521,0.2414027,0.3154566,0.0743568,
368,0.0006624,0.0751127,0.1824698,0.3149998,0.2087764,0.106449,
369,0.0005507,0.094876,0.2043759,0.2547003,0.126841,0.0352467,
370,0.000621,0.1190315,0.2279988,0.2705415,0.0326425,0.1071185,
371,0.000491,0.0399787,0.159107,0.2266939,0.1428092,0.0841118,
372,0.0004349,0.0279261,0.1599675,0.1631312,0.0973736,0.058287,
373,0.0002387,0.0420769,0.0628579,0.0643472,0.0991427,0.0699244,
374,0.0004538,0.0284083,0.0468365,0.0422002,0.0687828,0.0783135,
375,0.0004264,0.0540103,0.0665657,0.048702,0.1153576,0.0867687,
376,0.0005771,0.0204922,0.15802,0.0209592,0.2639329,0.0444742,
377,0.0005659,0.0590866,0.1848633,0.0960085,0.5637662,0.058718,
378,0.0006389,0.122581,0.1320525,0.1946825,0.230712,0.1684938,
379,0.0003496,0.0401394,0.0148379,0.0824756,0.1036416,0.0435301,
380,0.0003591,0.040795,0.0350204,0.0335084,0.1160195,0.0877208,
381,0.0005184,0.05385,0.0514169,0.042489,0.1072505,0.0490623,
382,0.0002487,0.1200993,0.0588818,0.0525727,0.0698992,0.0700778,
383,0.0006198,0.1293164,0.1196338,0.1174215,0.0183895,0.0697374,
384,0.0006291,0.1350953,0.0923444,0.1524144,0.0178259,0.0631834,
385,0.0004471,0.1214599,0.0897222,0.1270945,0.0941465,0.1136408,
386,0.0004725,0.1219557,0.0753726,0.0445271,0.1095591,0.0821605,
387,0.0004986,0.0963863,0.0757888,0.053805,0.140632,0.0513677,
388,0.0004433,0.0425413,0.0977253,0.0302277,0.1528727,0.0605121,
389,0.0003725,0.0507792,0.0912925,0.0607707,0.1447477,0.1940373,
390,0.0004374,0.0613761,0.0498147,0.0905996,0.1133753,0.1626843,
391,0.000313,0.0384869,0.0615904,0.0753175,0.0757231,0.0588341,
392,0.0006657,0.0453301,0.0509707,0.0481188,0.0792783,0.0725979,
393,0.000375,0.0564359,0.0805214,0.0393097,0.0608578,0.090265,
394,0.0006049,0.0330669,0.1025759,0.0474519,0.0303219,0.0250586,
395,0.0006383,0.0331417,0.0773416,0.062908,0.049225,0.0813551,
396,0.0005563,0.1131456,0.0536145,0.1093784,0.0394064,0.0150202,
397,0.0004584,0.1124008,0.073979,0.080997,0.0432008,0.0314547,
398,0.0006245,0.0976277,0.0781589,0.0807076,0.0861063,0.0073389,
399,0.000391,0.0411356,0.1538609,0.1213153,0.0301229,0.0446354,
400,0.0005614,0.0359905,0.1339537,0.0776181,0.049656,0.0478683,
401,0.0006901,0.0687166,0.1799082,0.0467686,0.081464,0.0382636,
402,0.0004946,0.0228135,0.1999792,0.0826553,0.0876679,0.0381592,
403,0.0003715,0.0183841,0.0772182,0.0803559,0.1016498,0.0757284,
404,0.0005763,0.056689,0.0877225,0.023899,0.0762097,0.0431141,
405,0.0005077,0.062521,0.089373,0.028537,0.1121838,0.0520818,
406,0.0002971,0.0533504,0.0908382,0.0174024,0.1111238,0.0740489,
407,0.0004987,0.0366399,0.0580445,0.0659969,0.099927,0.1084666,
408,0.0006661,0.053212,0.1293029,0.0970708,0.1358111,0.0627758,
409,0.0002131,0.064886,0.1117708,0.0738933,0.1318758,0.0290886,
410,0.0002534,0.0750963,0.1154604,0.0985008,0.1208699,0.0562497,
411,0.0005857,0.0699179,0.0879512,0.0973606,0.0929892,0.1094387,
412,0.0006523,0.0580401,0.0628267,0.1036169,0.0421515,0.1090144,
413,0.0002392,0.0594024,0.0550479,0.0863945,0.0461431,0.1020221,
414,0.0004838,0.071466,0.0262153,0.0964889,0.0320363,0.1351258,
415,0.0004145,0.0400518,0.0441931,0.1052847,0.0218454,0.1465152,
416,0.0004441,0.0473028,0.0314273,0.0434147,0.0247365,0.092054,
417,0.0006254,0.0597163,0.038298,0.0666979,0.0540168,0.0943761,
418,0.0006807,0.0412221,0.037035,0.0766864,0.0552226,0.0467036,
419,0.0001912,0.0495124,0.048241,0.0768582,0.0518927,0.0668244,
420,0.0004513,0.0710563,0.0450061,0.0884296,0.0480019,0.0347049,
421,0.0004112,0.0645345,0.0453304,0.1034458,0.0531128,0.0799962,
422,0.0001735,0.0649283,0.0272809,0.0547583,0.0614194,0.0570185,
423,0.0002324,0.0476387,0.0280354,0.0276554,0.0845814,0.0468583,
424,0.0004385,0.0319186,0.0367863,0.0217743,0.0776439,0.0569228,
425,0.0003883,0.0298095,0.0523421,0.0310983,0.108601,0.0869304,
426,0.0004462,0.0576137,0.0772565,0.0683613,0.0921434,0.0848452,
427,0.0002172,0.0478949,0.0624885,0.0922688,0.0678162,0.0870866,
428,0.0003045,0.0433549,0.1024023,0.0284606,0.0795153,0.0716779,
429,0.00075,0.0537876,0.1006661,0.0355876,0.0663182,0.0808562,
430,0.0001992,0.0273888,0.083713,0.0519809,0.0471858,0.0584262,
431,0.0004142,0.0293643,0.0760278,0.0703121,0.0680313,0.0448411,
432,0.0006856,0.0163508,0.07182,0.0781457,0.0405089,0.0754421,
433,0.0006591,0.0303003,0.064959,0.0824791,0.019409,0.0823565,
434,0.0005593,0.0596179,0.0422207,0.1142894,0.0405816,0.0572499,
435,0.0004673,0.0643701,0.0430286,0.0950449,0.0608809,0.056227,
436,0.000516,0.0917458,0.0526222,0.1073422,0.031069,0.0242413,
437,0.0004512,0.0755353,0.0651029,0.124243,0.0333788,0.0628975,
438,0.000684,0.0549336,0.0561376,0.1217773,0.0569693,0.0707498,
439,0.0005668,0.0248212,0.0659821,0.0832416,0.0684572,0.0542759,
440,0.0006481,0.0751414,0.0841695,0.076827,0.0752856,0.0905037,
441,0.0004747,0.0278686,0.0861157,0.0868118,0.0537033,0.0551854,
442,0.0005737,0.0818032,0.0818264,0.0869733,0.1240509,0.158997,
443,0.0004121,0.1370512,0.0822804,0.0677447,0.14598,0.1648362,
444,0.0002391,0.1065482,0.0839992,0.0703273,0.0952035,0.0639969,
445,0.0002456,0.0790749,0.0639496,0.0218735,0.0351115,0.0934202,
446,0.0005121,0.058637,0.0597159,0.0227213,0.057713,0.0449625,
447,0.0004812,0.0824297,0.0581027,0.0720714,0.0514382,0.046446,
448,0.000467,0.0818658,0.0394393,0.0614398,0.110299,0.0388396,
449,0.0003447,0.0280641,0.0316942,0.0597328,0.0959469,0.0483503,
450,0.0004261,0.0452581,0.00685,0.0682981,0.0856239,0.0497818,
451,0.0006569,0.0472106,0.0492965,0.0898444,0.0604993,0.0443653,
452,0.0005727,0.029764,0.0629994,0.0396083,0.0748897,0.0508602,
453,0.0006201,0.0201223,0.0331002,0.0837065,0.0572523,0.0415416,
454,0.0006232,0.011234,0.0357286,0.0964103,0.0761212,0.0565678,
455,0.0004449,0.0281705,0.0193657,0.1014369,0.1073919,0.106349,
456,0.0005128,0.0732099,0.0407225,0.1076902,0.0886908,0.0709508,
457,0.0005646,0.0560163,0.0490524,0.1355022,0.0700574,0.056209,
458,0.0001558,0.058825,0.0557264,0.1421264,0.0900873,0.0676578,
459,0.0003107,0.0628216,0.0910856,0.1860833,0.1669497,0.059168,
460,0.0007268,0.0691101,0.110001,0.0596074,0.0424247,0.0544349,
461,0.000366,0.0800854,0.1110212,0.0694622,0.0802335,0.1430327,
462,0.0002467,0.0590742,0.0700159,0.0746891,0.0660609,0.1436486,
463,0.0004648,0.0606375,0.0281518,0.0778944,0.0938681,0.0920177,
464,0.0004946,0.0494565,0.0351772,0.0984873,0.0674737,0.0725841,
465,0.0004682,0.017915,0.0336248,0.0744265,0.0929213,0.054264,
466,0.0005157,0.0133766,0.0889352,0.0915781,0.1050438,0.1128826,
467,0.0005369,0.0155156,0.0419935,0.0771365,0.0711279,0.0751635,
468,0.0006015,0.0459702,0.07579,0.0493621,0.0369122,0.0606742,
469,0.0006339,0.0482345,0.077179,0.0461377,0.0348351,0.0433569,
470,0.0004683,0.027679,0.0537039,0.0974615,0.0234592,0.0381224,
471,0.0005147,0.0331423,0.0516966,0.131102,0.0372931,0.0270865,
472,0.0006274,0.0702853,0.0847366,0.1344247,0.0564134,0.0770731,
473,0.0005668,0.070496,0.0729911,0.1020977,0.0910865,0.1128164,
474,0.0006314,0.113944,0.0703526,0.0630019,0.0989055,0.1289245,
475,0.0003831,0.0777172,0.0764268,0.0743898,0.0985863,0.1032309,
476,0.0005444,0.0632415,0.104922,0.0515726,0.0716747,0.1330571,
477,0.0002733,0.0687715,0.0631097,0.0699847,0.057663,0.045669,
478,0.0006234,0.0197336,0.0580439,0.0941213,0.0335237,0.0284118,
479,0.000574,0.0571063,0.0580204,0.088359,0.0107087,0.035006,
480,0.0005878,0.0475892,0.0495982,0.0922539,0.0303579,0.0690079,
481,0.0002957,0.0341176,0.0492346,0.0792999,0.0443645,0.0698662,
482,0.000502,0.0422527,0.0455208,0.0803964,0.0858378,0.0551323,
483,0.0005416,0.0752324,0.0862043,0.1012957,0.0871139,0.0769192,
484,0.0006366,0.0755015,0.109446,0.1103214,0.0774553,0.0897765,
485,0.0004062,0.0236988,0.0706683,0.1188453,0.0606392,0.0556494,
486,0.0004268,0.0474792,0.0561025,0.095326,0.1389077,0.1157417,
487,0.0004292,0.0441315,0.0504299,0.0746578,0.0869415,0.0762168,
488,0.0005281,0.0345122,0.0590214,0.0357874,0.0545157,0.034111,
489,0.0005742,0.0795805,0.0477768,0.0655293,0.06331,0.1037296,
490,0.0005215,0.0389662,0.0364831,0.0428429,0.0899636,0.1093461,
491,0.0005313,0.0424063,0.0743488,0.0517452,0.1321977,0.0958655,
492,0.0006961,0.062619,0.0528695,0.055325,0.1448179,0.0914707,
493,0.0006541,0.0624054,0.0495431,0.0742705,0.1615413,0.074509,
494,0.0003712,0.1221578,0.0481658,0.0431779,0.2214803,0.0772006,
495,0.0002569,0.1746021,0.1614595,0.0730546,0.2602985,0.0795684,
496,0.0003775,0.1796466,0.0636816,0.1237672,0.2876565,0.1075192,
497,0.000542,0.1671856,0.1500973,0.1540234,0.1911437,0.068332,
498,0.0004388,0.130459,0.0721196,0.0369173,0.1184981,0.0469728,
499,0.0006443,0.135763,0.1039279,0.0451107,0.0960127,0.0381255,
500,0.0006481,0.132185,0.1117642,0.1313752,0.081782,0.0683114,
501,0.000166,0.1471905,0.1123121,0.0777005,0.1234602,0.1052023,
502,0.0004496,0.1467297,0.0810848,0.1357614,0.1012362,0.1782631,
503,0.0002169,0.1444837,0.0983874,0.0428053,0.0370719,0.0920517,
504,0.0004512,0.1468748,0.0900581,0.0598982,0.046502,0.1033601,
505,0.0004849,0.0659769,0.0662423,0.089447,0.0995528,0.0935273,
506,0.0002623,0.0607598,0.0713353,0.0762097,0.1181732,0.0937557,
507,0.0003453,0.0683929,0.0351558,0.0480965,0.066981,0.0717779,
508,0.000516,0.0616811,0.01969,0.0409853,0.0892954,0.1049388,
509,0.0006473,0.0469625,0.0783951,0.0489679,0.0498355,0.0893676,
510,0.0004632,0.0200915,0.0354158,0.0299877,0.0452955,0.0099678,
511,0.0004121,0.0567181,0.0332496,0.0476037,0.0510831,0.0710195,
512,0.000482,0.0348606,0.0390897,0.054516,0.0372712,0.077157,
513,0.0005273,0.0308997,0.0616621,0.0509287,0.0165514,0.0682533,
514,0.0006316,0.0376266,0.0834041,0.0621674,0.0353944,0.1118471,
515,0.0004625,0.0885147,0.091122,0.1260943,0.083244,0.1408201,
516,0.0004915,0.0933383,0.0259335,0.1335593,0.1110764,0.1057833,
517,0.0003523,0.0993179,0.0791678,0.1174826,0.0858783,0.1331521,
518,0.0005415,0.1176361,0.1049578,0.1579199,0.1128083,0.1853834,
519,0.0003899,0.1489241,0.0929927,0.1649274,0.1859425,0.1931928,
520,0.0003909,0.1310384,0.152354,0.156774,0.1830827,0.1868538,
521,0.0003264,0.1124536,0.2727414,0.1398887,0.2309216,0.1777432,
522,0.0003027,0.1025809,0.0928633,0.2167224,0.1476957,0.1855349,
523,0.0004087,0.1094315,0.0951984,0.2535948,0.2174959,0.223447,
524,0.0006789,0.1006411,0.0733389,0.2305216,0.2290268,0.1781173,
525,0.0004228,0.0493564,0.1066824,0.2093734,0.1716739,0.1637002,
526,0.000583,0.104773,0.0927609,0.1642851,0.0677752,0.1751391,
527,0.0006853,0.0922245,0.0714397,0.1722302,0.0779907,0.1983664,
528,0.0006238,0.1288813,0.0347413,0.2725954,0.1451255,0.4126898,
529,0.0005935,0.1645715,0.0927995,0.2830698,0.1713841,0.2028897,
530,0.0003107,0.1353498,0.0501433,0.3172512,0.1008942,0.3563967,
531,0.0004764,0.1377936,0.1120201,0.2499874,0.063326,0.1923455,
532,0.0003743,0.148347,0.1600236,0.2265424,0.0513793,0.1522249,
533,0.0005198,0.1476756,0.1594693,0.2072246,0.0833587,0.1179024,
534,0.0003299,0.1376106,0.1474049,0.1912844,0.1288815,0.1563722,
535,0.0005686,0.0926841,0.1275387,0.1680232,0.1119508,0.0993534,
536,0.0005146,0.1123955,0.1487535,0.1985414,0.1110284,0.0965549,
537,0.0007475,0.1212711,0.1831314,0.2014181,0.1838666,0.1090689,
538,0.0002075,0.1093398,0.1961837,0.124122,0.252772,0.1218621,
539,0.0004214,0.0573875,0.1690938,0.1486431,0.2589784,0.0772254,
540,0.0004647,0.0876158,0.1715347,0.0901573,0.1567555,0.1056262,
541,0.0006665,0.0897425,0.267693,0.1934424,0.1087466,0.160426,
542,0.0003342,0.0901203,0.3067587,0.1252363,0.0610273,0.1172403,
543,0.0004308,0.0932092,0.2566472,0.0483279,0.0815081,0.0751185,
544,0.0004066,0.1388851,0.1948339,0.1030227,0.1334024,0.0828376,
545,0.0002383,0.0762441,0.1117055,0.067198,0.1351537,0.0944842,
546,0.000681,0.1075179,0.1285316,0.1531003,0.1077912,0.1358426,
547,0.000489,0.1156448,0.1299728,0.203815,0.155349,0.1194025,
548,0.0005775,0.1396765,0.11968,0.1967316,0.1391331,0.1108002,
549,0.0003059,0.1377421,0.1164458,0.2954038,0.1563437,0.1887185,
550,0.000651,0.1367413,0.1360953,0.2448659,0.157533,0.2093521,
551,0.0006659,0.1373958,0.1023769,0.202483,0.2174366,0.1943904,
552,0.0003645,0.1356504,0.0110043,0.1768688,0.1974209,0.1622092,
553,0.0004753,0.077808,0.043865,0.1303325,0.1812325,0.1520378,
554,0.0006256,0.1132378,0.0189178,0.1038218,0.2200626,0.2147313,
555,0.0004169,0.0862035,0.0114095,0.0430111,0.1623737,0.1918509,
556,0.0004656,0.0665562,0.0744433,0.0497174,0.155335,0.1829216,
557,0.0006272,0.0871776,0.0858168,0.0913128,0.2204672,0.1961283,
558,0.0005197,0.1117184,0.0842809,0.1074726,0.1839257,0.1641233,
559,0.0004363,0.0788588,0.079475,0.0983579,0.1074979,0.1601231,
560,0.0005387,0.0893849,0.1144182,0.0981186,0.1199276,0.1555771,
561,0.0006561,0.1303581,0.1046633,0.1457482,0.2446288,0.2256633,
562,0.0005675,0.0797199,0.1007709,0.1166815,0.2749158,0.2324765,
563,0.0006915,0.0629186,0.0874147,0.1344993,0.1928449,0.1832501,
564,0.000586,0.051697,0.0662635,0.1447899,0.1971576,0.1579972,
565,0.0006464,0.05762,0.1168,0.148561,0.1146773,0.1771118,
566,0.0005761,0.0409596,0.1216426,0.1239275,0.0953526,0.1948076,
567,0.000516,0.1115801,0.0328041,0.0716568,0.084503,0.1365402,
568,0.0006236,0.0996568,0.0222536,0.1582456,0.0411601,0.1426177,
569,0.0005397,0.094644,0.0543211,0.1708316,0.1052776,0.1435536,
570,0.0005211,0.0747474,0.0560414,0.0943629,0.0420993,0.1353216,
571,0.0005058,0.0720133,0.0435582,0.1271189,0.0406509,0.0994898,
572,0.0006202,0.1300397,0.0652885,0.1986313,0.0743524,0.1110944,
573,0.0003748,0.1118839,0.0860008,0.1450438,0.0708342,0.112765,
574,0.000404,0.0948213,0.1037369,0.0877709,0.0496587,0.0593565,
575,0.0001469,0.0938425,0.1028017,0.1505789,0.0901047,0.0559065,
576,0.0003888,0.1133421,0.0648499,0.1999958,0.1151498,0.0969438,
577,0.0004427,0.0978181,0.0948213,0.140578,0.0795001,0.1199496,
578,0.0002581,0.0782233,0.1031879,0.0987765,0.0920873,0.1130111,
579,0.000536,0.1134433,0.0752663,0.1460398,0.1926444,0.136032,
580,0.0002356,0.274622,0.0678234,0.1579629,0.2838607,0.1685475,
581,0.000439,0.1741528,0.0982252,0.1400815,0.2931174,0.0962404,
582,0.0004621,0.0677921,0.2360819,0.2355119,0.296634,0.1926279,
583,0.0004882,0.133234,0.6807127,0.441807,0.4652032,0.3207897,
584,0.0002358,0.1678192,0.2760211,0.3306369,0.587849,0.0977869,
585,0.0006728,0.1401054,0.1362471,0.1989688,0.4069063,0.1519292,
586,0.0004384,0.1192015,0.0424688,0.1146566,0.1554136,0.0898727,
587,0.0001331,0.1117612,0.0543151,0.0913386,0.1258091,0.077791,
588,0.0005588,0.1149495,0.0527871,0.1532445,0.1171064,0.0647495,
589,0.0005903,0.145431,0.0324186,0.2450948,0.0508981,0.0833146,
590,0.0005363,0.0963734,0.0643108,0.1083458,0.0276435,0.0728686,
591,0.0007676,0.1080274,0.048823,0.0585365,0.0485519,0.0750042,
592,0.0005438,0.0787108,0.0609128,0.0724406,0.0536708,0.0829357,
593,0.0001893,0.0380092,0.0305389,0.0841593,0.0543756,0.08448,
594,0.0004844,0.0060033,0.0744256,0.1043649,0.0809059,0.0453564,
595,0.0007966,0.0113595,0.0753785,0.0524031,0.0818571,0.0640772,
596,0.0005919,0.0381494,0.0387218,0.0780194,0.0473701,0.0693055,
597,0.0007156,0.0732363,0.0448105,0.0737382,0.06214,0.0534076,
598,0.0005229,0.063513,0.0635047,0.0420744,0.0647919,0.0592765,
599,0.0004436,0.0760454,0.0411426,0.0390902,0.0502551,0.1081467,
600,0.0003708,0.0293642,0.0445849,0.0534379,0.103973,0.1376471,
601,0.0003345,0.0447217,0.025465,0.0684683,0.1200354,0.0967941,
602,0.0004533,0.0627425,0.0521851,0.0517133,0.1101197,0.0485472,
603,0.0006057,0.048452,0.0453404,0.1086039,0.0649454,0.1032082,
604,0.0006678,0.0262428,0.0671853,0.1126006,0.080529,0.1055721,
605,0.0007754,0.0288179,0.0611833,0.1131899,0.1184283,0.0828425,
606,0.0002356,0.0507195,0.0696053,0.1055503,0.1731762,0.0839949,
607,0.0002832,0.0754977,0.0982502,0.1049008,0.1525393,0.0699017,
608,0.0004742,0.0384527,0.0910893,0.083993,0.139816,0.0632886,
609,0.0004821,0.0470972,0.0830614,0.137581,0.1180596,0.1542601,
610,0.0002401,0.0685224,0.0409062,0.1856435,0.0857435,0.2617553,
611,0.0005786,0.0767482,0.0898248,0.117973,0.064661,0.1211928,
612,0.0004023,0.0755453,0.106876,0.2117281,0.0855218,0.0953337,
