#Time_ps,0,100,500,1000,3000,5000,
1,0.0002611,0.0624257,0.0503205,0.0501968,0.0980513,0.0931727,
2,0.000428,0.0550542,0.0581453,0.061429,0.037776,0.0393041,
3,0.0004111,0.0323924,0.0535324,0.0768157,0.0213573,0.0723161,
4,0.0004885,0.0878968,0.0701666,0.092935,0.0585341,0.0771506,
5,0.0005993,0.0414714,0.0318823,0.0987719,0.0252456,0.0601094,
6,0.0005043,0.0732292,0.0930048,0.0465807,0.0404175,0.0647161,
7,0.0005062,0.0360043,0.0890806,0.0284916,0.0343446,0.0512239,
8,0.0005942,0.0405827,0.0207487,0.0216357,0.0486171,0.0502876,
9,0.0003677,0.1036396,0.0346489,0.0262721,0.0550176,0.0692955,
10,0.0004511,0.0781315,0.0737531,0.0363063,0.0824854,0.0576501,
11,0.0002245,0.0610586,0.0834795,0.0720445,0.0331662,0.0734068,
12,0.0006579,0.0321857,0.0797409,0.0810815,0.0561217,0.06194,
13,0.0005757,0.0389217,0.0665975,0.0584418,0.0678931,0.0582726,
14,0.0002154,0.0291052,0.0571024,0.0499053,0.0395772,0.0396087,
15,0.0003691,0.117365,0.0814051,0.1001452,0.0540975,0.0589679,
16,0.0005107,0.0365649,0.0785591,0.0403934,0.0683613,0.0375416,
17,0.0006669,0.0354166,0.0845616,0.0448461,0.089281,0.0385354,
18,0.0002358,0.0682204,0.0222245,0.0752659,0.0632872,0.0432474,
19,0.000515,0.0860382,0.0609144,0.082769,0.0470407,0.0517737,
20,0.0002315,0.0811274,0.0850767,0.084608,0.0540702,0.0542082,
21,0.0005705,0.0457067,0.1096079,0.1226581,0.0922395,0.0850895,
22,0.0003535,0.0793863,0.0801114,0.2181596,0.1306978,0.0488319,
23,0.000119,0.1306283,0.0513805,0.1279538,0.096455,0.2166018,
24,7.38e-05,0.0306613,0.0906022,0.0990072,0.0610724,0.33643,
25,0.0006718,0.0339522,0.0475509,0.1082827,0.0647656,0.1199697,
26,0.0004229,0.0491669,0.0425391,0.0691655,0.0564797,0.089337,
27,0.0004632,0.0394619,0.0379673,0.0608362,0.074135,0.0639489,
28,0.0005633,0.0584669,0.0399652,0.0622151,0.0799401,0.0830175,
29,0.0006537,0.0537507,0.0621555,0.0662026,0.0755553,0.0503438,
30,0.0003487,0.0174705,0.0506717,0.0382409,0.0631824,0.0292428,
31,0.0005344,0.013692,0.0504509,0.0770586,0.0511308,0.0384011,
32,0.0006695,0.0493473,0.0485049,0.0665782,0.0512876,0.0169157,
33,0.0003795,0.0488142,0.0413702,0.0529536,0.0392959,0.036054,
34,0.0001803,0.0607546,0.0381841,0.0252147,0.1685022,0.0319813,
35,0.0001446,0.0504002,0.0340958,0.0485417,0.0552647,0.0578861,
36,0.0006267,0.0294233,0.0612982,0.0774659,0.0403549,0.0151572,
37,0.0005928,0.0224746,0.0748203,0.0556251,0.0525943,0.0298851,
38,0.0003762,0.0362534,0.0627729,0.0418028,0.0410622,0.0269622,
39,0.000277,0.0494558,0.0598243,0.0566882,0.0660556,0.0543786,
40,0.0004962,0.0365209,0.067343,0.0927774,0.0612609,0.0541913,
41,0.0006128,0.0739916,0.029648,0.1319551,0.0591733,0.0724823,
42,0.0004659,0.0496381,0.061731,0.1247671,0.0337538,0.0641204,
43,0.0005112,0.0852299,0.027079,0.0999327,0.0505536,0.0729164,
44,0.0006287,0.0959938,0.045167,0.1158802,0.0720211,0.1229733,
45,0.0004034,0.0476543,0.0527113,0.0581694,0.1306774,0.1407752,
46,0.0005765,0.119691,0.149691,0.1329864,0.2130641,0.1456239,
47,0.0004407,0.1560508,0.1611002,0.0938279,0.2384023,0.2251535,
48,0.0004911,0.0912351,0.0515033,0.1068163,0.1642544,0.1393739,
49,0.0003951,0.1021826,0.0754292,0.089501,0.1551576,0.0852216,
50,0.000343,0.091047,0.0109333,0.0348718,0.0682833,0.1354169,
51,0.000644,0.0963666,0.0082083,0.0970751,0.0873741,0.1247895,
52,0.0003197,0.0959553,0.0803482,0.0899853,0.1635783,0.068986,
53,0.0006855,0.1051068,0.1668659,0.0491334,0.1783805,0.0730615,
54,0.0004405,0.1631206,0.0771931,0.1187097,0.1623368,0.1066428,
55,0.0005773,0.1734343,0.2519803,0.1373437,0.1297567,0.0916753,
56,0.0002886,0.1541848,0.1970405,0.1040629,0.1028961,0.0789446,
57,0.0005826,0.1058879,0.1523825,0.0944458,0.1146224,0.0991767,
58,0.0004417,0.0876966,0.0373521,0.1331435,0.0376827,0.1156355,
59,0.0004567,0.1401078,0.040372,0.2431629,0.0519098,0.2048528,
60,0.0006596,0.1394375,0.0601316,0.2700897,0.0878296,0.1563569,
61,0.0003067,0.0831059,0.0821903,0.2780136,0.1007917,0.1348755,
62,0.0006043,0.0422084,0.0821432,0.1952686,0.1115578,0.0442992,
63,0.0004566,0.036791,0.0515617,0.20089,0.1094992,0.0508432,
64,0.0004943,0.0657879,0.0643711,0.2768481,0.1419413,0.1244967,
65,0.0005247,0.0462964,0.0405285,0.2808467,0.1210358,0.082698,
66,0.0003919,0.0915729,0.0405064,0.2004228,0.1062059,0.0145257,
67,0.0004377,0.0727451,0.0306891,0.1701272,0.1069643,0.0678959,
68,0.0004871,0.0561836,0.0347625,0.1035701,0.0781,0.0840113,
69,0.0002761,0.0616249,0.0777788,0.1188003,0.098175,0.029648,
70,0.0005095,0.0993402,0.0596407,0.0986199,0.0988642,0.0496815,
71,0.0006211,0.1819543,0.0991672,0.1553057,0.1467719,0.1074047,
72,0.0001753,0.1608574,0.1364356,0.1483537,0.1713283,0.281708,
73,0.0003979,0.1125604,0.0859018,0.0935809,0.1435532,0.1231846,
74,0.0003294,0.0939048,0.0764813,0.0653505,0.1213849,0.0653976,
75,0.0005154,0.0855948,0.1139054,0.1063049,0.107205,0.0472436,
76,0.0005859,0.0586235,0.1231259,0.1678715,0.1083593,0.0672642,
77,0.0004372,0.0332038,0.0372896,0.1709776,0.0573006,0.0831937,
78,0.0005111,0.0498269,0.0744605,0.1195679,0.0656108,0.1127929,
79,0.0005275,0.0671484,0.1131386,0.1035936,0.0352868,0.068877,
80,0.0002362,0.0551649,0.1333241,0.0467685,0.0951015,0.0658334,
81,0.0002805,0.0750382,0.0645394,0.0291412,0.076805,0.0536379,
82,0.0006366,0.0285311,0.0586388,0.0635002,0.0734062,0.0273457,
83,0.0003085,0.0302378,0.0869893,0.0773285,0.0648766,0.0868292,
84,0.0007488,0.034448,0.1021031,0.0984538,0.0451203,0.0995699,
85,0.0006482,0.0449958,0.0617597,0.1024306,0.0346995,0.0467224,
86,0.0002968,0.0463797,0.0828518,0.052836,0.0114253,0.0662208,
87,0.0005256,0.0292569,0.0863968,0.0824087,0.046074,0.0341245,
88,0.00081,0.0456471,0.0682547,0.0812593,0.0268448,0.0625079,
89,0.0005205,0.0418,0.0464685,0.0529711,0.0201647,0.0598251,
90,0.0002931,0.0290008,0.0551166,0.0941213,0.0851229,0.0956066,
91,0.000431,0.0537485,0.0726402,0.1110956,0.1002468,0.103885,
92,0.000566,0.0454053,0.13448,0.1540286,0.0808476,0.1244182,
93,0.0007605,0.0568488,0.1098598,0.0727673,0.0761628,0.1504432,
94,0.0005857,0.0536432,0.149089,0.1045769,0.120509,0.1682658,
95,0.0004895,0.0774099,0.1034076,0.0812187,0.1208627,0.0713389,
96,0.000454,0.0991356,0.1666586,0.0895564,0.1266693,0.0875437,
97,0.0004629,0.0273007,0.0903542,0.1333463,0.0854773,0.0784383,
98,0.0001123,0.045302,0.075945,0.0349308,0.1024019,0.0357793,
99,0.0005293,0.0264134,0.0786982,0.0326553,0.1049608,0.0803519,
100,0.0004189,0.0203946,0.0769165,0.0312845,0.0957867,0.075061,
101,0.0003745,0.0411699,0.0826268,0.0213752,0.1056453,0.0885189,
102,0.0005794,0.0660885,0.0645963,0.0310295,0.0951823,0.0877597,
103,0.0005033,0.0203394,0.1444116,0.0691228,0.012737,0.0659933,
104,0.0003802,0.0356326,0.1406477,0.1146841,0.072499,0.0679853,
105,0.0003234,0.0468155,0.0441488,0.183302,0.0735003,0.0396062,
106,0.0005293,0.0797592,0.0449,0.1723209,0.1306955,0.0441495,
107,0.0006614,0.0479168,0.0308217,0.1418451,0.1024889,0.0728614,
108,0.0003912,0.0557649,0.007277,0.1417749,0.0994674,0.0772846,
109,0.0006784,0.0302555,0.0236002,0.1109478,0.0920817,0.0640945,
110,0.0006907,0.0582666,0.0375862,0.0527892,0.0681575,0.0380812,
111,0.0006489,0.0494246,0.0763111,0.0504586,0.0513553,0.028637,
112,0.0005558,0.0129156,0.0374753,0.024519,0.0350287,0.0528768,
113,0.0004164,0.029689,0.0166741,0.0511829,0.0666391,0.0693831,
114,0.0004778,0.0179318,0.0127698,0.0512481,0.0720472,0.0600824,
115,0.0002778,0.0268731,0.0314388,0.0272376,0.0790661,0.1165242,
116,0.0006012,0.0607075,0.0390303,0.0264442,0.0547308,0.0759738,
117,0.0005531,0.0655696,0.0477726,0.0688251,0.1328884,0.1029601,
118,0.000233,0.0237356,0.045381,0.0665291,0.114821,0.0991522,
119,0.0005006,0.0240122,0.0670266,0.0372565,0.0732848,0.0418132,
120,0.0006247,0.0434017,0.0215325,0.038698,0.0520803,0.044918,
121,0.0001162,0.0420876,0.0341042,0.0373024,0.0431326,0.0607126,
122,0.0001226,0.0599126,0.062359,0.0605104,0.0980339,0.0429759,
123,0.0005405,0.0430793,0.0478235,0.0498784,0.0265255,0.0425569,
124,0.0002683,0.0503239,0.0356131,0.0425534,0.0319504,0.0636818,
125,0.0004245,0.0364131,0.0350654,0.0395205,0.031405,0.0612642,
126,0.000663,0.0200303,0.0637318,0.0268588,0.0566008,0.0568662,
127,0.0006295,0.0371302,0.0529339,0.0463651,0.0464871,0.0671528,
128,0.0006256,0.021496,0.0285066,0.0449101,0.1204017,0.0527195,
129,0.0003222,0.0202522,0.0809898,0.0519804,0.0870886,0.0432196,
130,0.000748,0.0249228,0.0444992,0.0767213,0.0274363,0.0572268,
131,0.0004006,0.0344322,0.0347164,0.0690889,0.0532721,0.0549262,
132,0.0003901,0.0094641,0.04564,0.0622965,0.0688547,0.0405324,
133,0.0003242,0.0358687,0.0492926,0.0484283,0.0642618,0.0348651,
134,0.0003978,0.0148707,0.0346131,0.0299458,0.0419467,0.0221531,
135,0.0002319,0.038113,0.0459447,0.0714981,0.053307,0.0502922,
136,0.0005802,0.0455391,0.0572495,0.0652989,0.1472129,0.114616,
137,0.0003663,0.0718025,0.0427258,0.1317201,0.1491593,0.1075226,
138,0.0005214,0.0621409,0.0547514,0.0742367,0.1057901,0.0400125,
139,0.0006513,0.0637076,0.0187642,0.070681,0.0348049,0.0334155,
140,0.0004793,0.0689973,0.0183931,0.0510404,0.0457977,0.0590048,
141,0.000587,0.0468647,0.0357085,0.0597054,0.0904214,0.0337193,
142,0.0005114,0.0573451,0.144901,0.0935829,0.0849316,0.065165,
143,0.0005883,0.064417,0.0909831,0.0902946,0.1299047,0.0175606,
144,0.0002628,0.0520256,0.0669796,0.0740017,0.1232457,0.0656465,
145,0.000433,0.0514035,0.0150036,0.0280295,0.0623607,0.0548785,
146,0.0004286,0.0557188,0.0459491,0.0195587,0.102773,0.0291738,
147,0.0006278,0.0134405,0.0442745,0.0333278,0.0987742,0.0175019,
148,0.0005025,0.0190019,0.0493606,0.0599712,0.1094314,0.0917696,
149,0.0001904,0.0129296,0.0455617,0.0641613,0.1042299,0.0994545,
150,0.0005906,0.0211545,0.045232,0.0524617,0.0826096,0.06525,
151,0.0002648,0.0459255,0.0281031,0.0388541,0.0664343,0.0756292,
152,0.0002068,0.084485,0.0611142,0.0467738,0.092587,0.1203657,
153,0.0005822,0.0931239,0.0820185,0.0904941,0.0861382,0.1079101,
154,0.000323,0.0829844,0.0556307,0.0760253,0.0729121,0.0941071,
155,0.0004781,0.0623973,0.0240305,0.0302323,0.1061786,0.0985032,
156,0.0002913,0.0620303,0.0509136,0.0260037,0.0536923,0.1163318,
157,0.0004301,0.0522273,0.0545679,0.0430016,0.0425531,0.0820931,
158,0.0006081,0.0403126,0.0518174,0.0627507,0.0566644,0.0735551,
159,0.0004458,0.0539377,0.0191203,0.0579486,0.0489606,0.1114177,
160,0.0002287,0.0705924,0.0222369,0.0746283,0.0539218,0.1886724,
161,0.0006499,0.0422943,0.0530938,0.0191245,0.0695748,0.1165571,
162,0.0004479,0.0186284,0.0752871,0.0244041,0.0744307,0.0902487,
163,0.0003675,0.0102443,0.0677912,0.0344685,0.0666514,0.0766894,
164,0.000314,0.0401411,0.0490728,0.0670842,0.0714538,0.0655852,
165,0.0006779,0.0530675,0.0614832,0.0339328,0.0537596,0.0972038,
166,0.0007849,0.0864601,0.0533412,0.1010886,0.057819,0.1033988,
167,0.0003925,0.1286523,0.0718239,0.0976437,0.0723459,0.0995818,
168,0.0006416,0.1085078,0.0887137,0.1504596,0.1522075,0.1544949,
169,0.0003868,0.1104316,0.0592801,0.1580852,0.1489804,0.1089968,
170,0.0004377,0.1066428,0.0837198,0.0975731,0.1369902,0.0888589,
171,0.0002866,0.0813191,0.0624884,0.0369608,0.0766393,0.0805175,
172,0.0003044,0.0094512,0.0593666,0.0628333,0.0482873,0.0845952,
173,0.0005396,0.0248699,0.0456459,0.0602134,0.072423,0.0820857,
174,0.0004083,0.0921932,0.0584119,0.05889,0.0849041,0.070487,
175,0.0003264,0.0465594,0.0391531,0.0689559,0.0423793,0.0661439,
176,0.0006226,0.0527098,0.0125541,0.0701955,0.0859536,0.0997753,
177,0.0003083,0.0662336,0.0185377,0.1248693,0.0570754,0.155591,
178,0.000569,0.0459059,0.0681237,0.1459336,0.0532704,0.1452642,
179,0.0005679,0.0731465,0.0719085,0.0453173,0.043614,0.13517,
180,0.0003381,0.0304926,0.0703711,0.1483292,0.0557655,0.0599203,
181,0.0004443,0.0394477,0.0471888,0.0982495,0.0461578,0.0419105,
182,0.0006959,0.0391856,0.0388396,0.0391683,0.0493985,0.0516266,
183,0.0005303,0.0443044,0.0691138,0.0228021,0.0400756,0.0334344,
184,0.0005592,0.0953248,0.0720304,0.0314797,0.1122584,0.0437656,
185,0.0002184,0.0429212,0.0787625,0.1031671,0.1020608,0.0935021,
186,0.0004886,0.0211368,0.0860427,0.0898654,0.1204426,0.1449458,
187,0.0007253,0.0279433,0.128138,0.0158873,0.1348814,0.1381296,
188,0.0001774,0.0766776,0.0604087,0.0385555,0.1378142,0.1078022,
189,0.0004107,0.1079474,0.0852274,0.056999,0.2109519,0.0692536,
190,0.0004825,0.0955024,0.0509329,0.0208658,0.2075214,0.1068222,
191,0.0005991,0.1352589,0.053572,0.0243358,0.167922,0.1242948,
192,0.0007237,0.1304731,0.072142,0.0371115,0.0906011,0.1057983,
193,0.0004603,0.1668641,0.0542943,0.0993756,0.0738194,0.1373703,
194,0.0004908,0.1058418,0.0593767,0.1155237,0.0400396,0.0810349,
195,0.0005471,0.077414,0.019923,0.1025142,0.0319512,0.0820717,
196,0.0005665,0.029986,0.0948868,0.2092836,0.0744315,0.1704003,
197,0.0003697,0.0384207,0.0615994,0.0985819,0.1236597,0.0608147,
198,0.0005777,0.0345194,0.0291114,0.0352093,0.0954674,0.0287618,
199,0.0004857,0.030623,0.031413,0.0450044,0.0375208,0.0313116,
200,0.0001947,0.0341137,0.0532627,0.0540832,0.0347752,0.0497825,
201,0.000502,0.0542715,0.0527804,0.0500723,0.0285612,0.0712142,
202,0.0006384,0.0535955,0.052382,0.0298649,0.0652816,0.0681654,
203,0.0004849,0.028684,0.0334079,0.0369563,0.0208241,0.041523,
204,0.0005374,0.0228473,0.0171763,0.0503269,0.0118214,0.0325143,
205,0.0001402,0.0256401,0.0241112,0.035924,0.0401199,0.0424898,
206,0.000438,0.0301487,0.0177952,0.020393,0.0268606,0.0412096,
207,0.0005078,0.0638845,0.0288844,0.0329805,0.0297795,0.0201162,
208,0.0005122,0.0741565,0.0308787,0.032126,0.048363,0.0446482,
209,0.0001116,0.038053,0.0300385,0.0131269,0.0731587,0.0393753,
210,0.0006327,0.0310873,0.0421827,0.0046215,0.0629852,0.0472237,
211,0.0005394,0.0497456,0.0520072,0.0188047,0.0409624,0.1126272,
212,7.89e-05,0.0563165,0.0694153,0.0154388,0.0468468,0.1313279,
213,0.0004627,0.0455978,0.0462846,0.021222,0.0805331,0.0688052,
214,0.0005527,0.0423508,0.0365524,0.0404788,0.0367872,0.0217176,
215,0.0005132,0.0684581,0.140065,0.0327971,0.0836772,0.159792,
216,0.0005442,0.0448929,0.1771465,0.0298651,0.1077269,0.0287957,
217,0.0005281,0.0369223,0.0715975,0.0446428,0.0868822,0.0420504,
218,0.0006303,0.0257782,0.1301978,0.0451031,0.0847192,0.0567811,
219,0.0005159,0.0403203,0.1142983,0.0790491,0.1128684,0.0439094,
220,0.0004342,0.0464585,0.0658475,0.0637833,0.1084679,0.0173505,
221,0.0002619,0.0552952,0.0625124,0.0637444,0.1422615,0.07901,
222,0.0002961,0.0761087,0.2378049,0.2422486,0.3449226,0.0795438,
223,0.0003067,0.1064403,0.1672015,0.2181425,0.378144,0.0421364,
224,0.0005532,0.1007772,0.2073022,0.1548039,0.4373866,0.0533796,
225,0.0006074,0.0888145,0.1833488,0.1231475,0.2187694,0.0821853,
226,0.0005995,0.0824793,0.116955,0.1168986,0.1146351,0.1867123,
227,0.0006777,0.1230461,0.1181011,0.1109091,0.0937788,0.2370051,
228,0.0005216,0.0956498,0.146792,0.1432867,0.1676742,0.2154199,
229,0.0006059,0.0983155,0.127191,0.1237697,0.1814033,0.176836,
230,0.0005598,0.1395567,0.1487409,0.061408,0.1254995,0.1521221,
231,0.0004085,0.103371,0.1434666,0.0637522,0.1189216,0.1832132,
232,0.0003806,0.1329273,0.1561366,0.0651074,0.1666899,0.1841405,
233,0.0001159,0.1191726,0.1458844,0.0375604,0.1317069,0.1654133,
234,0.0004835,0.0709398,0.1637383,0.0492596,0.0686029,0.1226609,
235,0.0005152,0.111312,0.2425408,0.0660353,0.1324107,0.108444,
236,0.000447,0.1180477,0.3059312,0.044311,0.142685,0.1271533,
237,0.0004613,0.0607306,0.2010411,0.0369266,0.0362372,0.1288643,
238,0.0005504,0.0404425,0.1230226,0.048561,0.0927405,0.1003858,
239,0.0002418,0.0503617,0.0480774,0.0666877,0.0451514,0.0865602,
240,0.0006114,0.0549054,0.0552768,0.109177,0.0762804,0.0532981,
241,0.0003107,0.0950006,0.1094979,0.107115,0.0916381,0.0889408,
242,0.0003606,0.1484377,0.1164797,0.1277629,0.1082368,0.1492296,
243,0.000598,0.1566211,0.1246393,0.2487777,0.1157101,0.1982387,
244,0.0005502,0.1443315,0.1347069,0.1889515,0.1413623,0.2140813,
245,0.0003524,0.155146,0.0973645,0.211432,0.1605998,0.2054893,
246,0.0005235,0.1973484,0.0403262,0.1465196,0.1234647,0.1634927,
247,0.0005493,0.172639,0.0496623,0.0751631,0.109066,0.1263022,
248,0.0002861,0.1695155,0.0520063,0.0376613,0.0861678,0.1398602,
249,0.0004585,0.109574,0.0673588,0.1048171,0.0644634,0.0892195,
250,0.0005265,0.0744517,0.0416315,0.0413911,0.075683,0.0651807,
251,0.0005815,0.113656,0.0596786,0.0401252,0.1123676,0.0898798,
252,0.0005131,0.0339238,0.0579948,0.0678073,0.0896538,0.0583188,
253,0.0003673,0.0656117,0.0656506,0.0450156,0.0094834,0.0428582,
254,0.0004416,0.0755075,0.0992269,0.0460593,0.0507086,0.0958448,
255,0.0004715,0.0431172,0.1449374,0.1016387,0.0402611,0.0791006,
256,0.0002358,0.0423715,0.1253769,0.1420697,0.0829889,0.0449207,
257,0.0005573,0.0373524,0.098222,0.0714251,0.1152426,0.051155,
258,0.0005403,0.0610182,0.0838482,0.059559,0.0870986,0.0516312,
259,0.0005712,0.0952097,0.0419359,0.071755,0.1104836,0.0903755,
260,0.0004247,0.0672879,0.1105145,0.0651343,0.1201929,0.073674,
261,0.0004931,0.0735037,0.1187943,0.0263976,0.0773416,0.0476977,
262,0.0004316,0.0775092,0.1155576,0.0356926,0.0775191,0.0913242,
263,0.0005181,0.0789012,0.0988372,0.0427925,0.0672868,0.0409776,
264,0.0004916,0.0369702,0.0773334,0.0358389,0.0202779,0.0550061,
265,0.0005945,0.0546284,0.1354369,0.0417952,0.0485983,0.0293386,
266,0.0001981,0.0633828,0.1542317,0.0350652,0.0451501,0.022017,
267,0.0005338,0.0215184,0.1053973,0.0077397,0.0321023,0.0399136,
268,0.0006973,0.027104,0.0969423,0.0259918,0.0066096,0.0224087,
269,0.0005595,0.0351264,0.2151834,0.0492354,0.0419463,0.0321945,
270,0.0006336,0.0413789,0.2018952,0.0342206,0.0684322,0.0969251,
271,0.0006593,0.0314946,0.1698523,0.0205873,0.1081091,0.0896235,
272,0.0005942,0.0190175,0.1465819,0.0209625,0.0700571,0.0617554,
273,0.0005206,0.0173217,0.1449897,0.0887037,0.1013671,0.0735442,
274,0.0003731,0.1069036,0.2203101,0.0803672,0.1064484,0.077786,
275,0.0004395,0.1042639,0.1908422,0.0966092,0.0895244,0.0824647,
276,0.0002309,0.027519,0.1338614,0.1194965,0.1028512,0.0975756,
277,0.0005007,0.0674577,0.2030538,0.1161202,0.1791823,0.1694305,
278,0.0003389,0.0668454,0.202496,0.1376343,0.0856134,0.0884779,
279,0.0005291,0.0262552,0.1863794,0.0295247,0.1170503,0.0216219,
280,0.0004255,0.0204505,0.106493,0.0595271,0.0306269,0.0229043,
281,0.0005112,0.042191,0.0687811,0.0512237,0.0379683,0.0316961,
282,0.0004708,0.0799395,0.119137,0.0751648,0.0642723,0.0503487,
283,0.0005941,0.1410624,0.1921845,0.1070741,0.1059102,0.1459116,
284,0.000666,0.0506185,0.0713133,0.0634188,0.0806317,0.0487866,
285,0.0004418,0.0387629,0.0685754,0.1132191,0.0738807,0.0294443,
286,0.0004565,0.0341259,0.0368742,0.0613086,0.1063897,0.0208705,
287,0.0005443,0.0287337,0.0591568,0.0859836,0.100075,0.0100399,
288,0.000363,0.024501,0.0735722,0.0797256,0.0889922,0.0264703,
289,0.0003048,0.0512012,0.0420363,0.0471849,0.0482327,0.0129588,
290,0.0006795,0.0430143,0.0846983,0.0626307,0.0562506,0.0310229,
291,0.000433,0.0277386,0.0552522,0.0378345,0.0366842,0.0098889,
292,0.0005331,0.0247668,0.0432168,0.0685386,0.0530187,0.0221833,
293,0.0005122,0.0471719,0.0740504,0.0476625,0.0201648,0.0564349,
294,0.0004885,0.0429641,0.0954065,0.0444767,0.0836782,0.0881203,
295,0.0005107,0.0845113,0.0259062,0.0373074,0.0916063,0.048206,
296,0.0003951,0.040305,0.0379941,0.0520502,0.0360808,0.0700297,
297,0.000578,0.0373538,0.0412791,0.0513109,0.0995438,0.076746,
298,7.48e-05,0.042167,0.0286991,0.0416351,0.0389552,0.0880482,
299,0.0005093,0.0327009,0.0237805,0.0504685,0.0200097,0.0726326,
300,0.000765,0.0457142,0.0573849,0.0938549,0.080943,0.0466288,
301,0.0008028,0.049866,0.0099274,0.0774605,0.1149808,0.0601872,
302,0.0004199,0.0307321,0.0245422,0.0387275,0.0312825,0.0812178,
303,0.0007579,0.0744499,0.0537365,0.0705956,0.0346404,0.169194,
304,0.0006232,0.0846315,0.0654613,0.1415127,0.087322,0.1559684,
305,0.0002635,0.0831943,0.1383116,0.0745364,0.0700056,0.1277979,
306,0.0003716,0.0724328,0.1673032,0.083514,0.1177163,0.1203097,
307,0.000334,0.0834976,0.0433518,0.0709762,0.0355186,0.05881,
308,0.0003962,0.078758,0.0258587,0.0567704,0.0635009,0.0592044,
309,0.0003481,0.0727808,0.0551146,0.0423757,0.0656183,0.0485944,
310,0.0006353,0.0544005,0.0573754,0.0565688,0.0807495,0.0626463,
311,0.0005135,0.0540195,0.0520428,0.0577715,0.0456948,0.0378192,
312,0.0007731,0.0479927,0.0610613,0.0451271,0.0538519,0.0602995,
313,0.0002811,0.0370207,0.0420525,0.0384359,0.0600719,0.0433109,
314,0.0006615,0.0602301,0.0282889,0.0522697,0.0480702,0.0890516,
315,0.0004404,0.0833434,0.0486423,0.068168,0.1157392,0.0947367,
316,0.0005301,0.0512446,0.0297994,0.044041,0.0662474,0.0744991,
317,0.0003765,0.0402726,0.029221,0.0348035,0.011906,0.1137969,
318,0.0004923,0.0464269,0.0356834,0.0428188,0.0465693,0.1063315,
319,0.0004131,0.0567387,0.0378329,0.0458443,0.0311812,0.1157501,
320,0.0006385,0.0485309,0.0383946,0.0398981,0.0355027,0.1486234,
321,0.0005467,0.0384073,0.0398822,0.0558168,0.0777042,0.1328147,
322,0.0003684,0.0504887,0.0238824,0.0461062,0.0517266,0.037697,
323,0.000336,0.0541881,0.0410685,0.0446088,0.0379651,0.0652024,
324,0.0005793,0.0396447,0.0596955,0.0642724,0.0924398,0.0366056,
325,0.0004907,0.0708333,0.1385656,0.0787151,0.1114058,0.0172892,
326,0.000485,0.0632571,0.1302609,0.037658,0.0973251,0.0379687,
327,0.0005789,0.1027272,0.1873013,0.0756496,0.0911121,0.0650384,
328,0.0005917,0.0994692,0.1540292,0.062982,0.1430432,0.0483282,
329,0.000578,0.2722601,0.2318937,0.1236877,0.1893213,0.0445111,
330,0.0006727,0.3317876,0.2359177,0.1407199,0.1720285,0.016587,
331,0.0005142,0.1505292,0.187456,0.0184307,0.1088108,0.076849,
332,0.0005424,0.0958601,0.1638963,0.0494375,0.1116104,0.0707362,
333,0.0003864,0.0638732,0.1311865,0.0571143,0.0795564,0.0450517,
334,0.0004151,0.0223378,0.0622793,0.0509348,0.0855633,0.0228044,
335,0.0005743,0.0364469,0.0196333,0.1308253,0.1092181,0.0671382,
336,0.0003263,0.0679616,0.03414,0.0533503,0.0438908,0.0653543,
337,0.0005651,0.078832,0.0388628,0.0464367,0.0229131,0.0578667,
338,8.98e-05,0.0492822,0.0470295,0.0478024,0.0169018,0.0594677,
339,0.0004342,0.0457754,0.0462244,0.0412027,0.1174286,0.1546003,
340,0.0005913,0.0372944,0.0294752,0.0757994,0.0625106,0.0718011,
341,0.0002349,0.044025,0.048307,0.034948,0.0535454,0.0692018,
342,0.0007323,0.0538024,0.0437447,0.0646914,0.0667392,0.0414519,
343,0.0004219,0.022735,0.0379001,0.0616555,0.0234213,0.0418088,
344,0.0004831,0.0197822,0.0569092,0.0669052,0.0515844,0.0482424,
345,0.0004353,0.0238205,0.1245153,0.0311429,0.0382925,0.0330076,
346,0.0002891,0.039112,0.1110982,0.0456896,0.068114,0.0730584,
347,0.0006468,0.0467368,0.1165173,0.0511843,0.0683575,0.111313,
348,0.0006392,0.0397119,0.118998,0.0426441,0.0706738,0.115465,
349,0.0004311,0.0147104,0.1625503,0.0325092,0.0977705,0.1170237,
350,0.0006231,0.0269499,0.2292134,0.0704446,0.1075411,0.1246123,
351,0.0003382,0.0439799,0.2433268,0.0570893,0.1299376,0.1851085,
352,0.0003342,0.0150295,0.187723,0.2971885,0.1829486,0.1924138,
353,0.0004735,0.049788,0.0914261,0.3474441,0.2421374,0.3179313,
354,0.0002297,0.0270032,0.0745589,0.2056773,0.1509882,0.2729439,
355,0.0002734,0.039288,0.0613229,0.0883803,0.0848084,0.1718483,
356,0.0004361,0.0303261,0.0600107,0.2637555,0.2457226,0.3616432,
357,0.0006836,0.1041356,0.2069068,0.3029708,0.288158,0.4285146,
358,0.0003133,0.1537492,0.3641684,0.394772,0.5685483,0.6097043,
359,0.0005971,0.2098617,0.3591457,0.2394062,0.3099435,0.3711867,
360,0.0004417,0.0483233,0.1032235,0.0699036,0.0630506,0.0231763,
361,0.0006227,0.0759026,0.0997232,0.0482734,0.2122387,0.0640077,
362,0.0004524,0.1094228,0.1030328,0.0467106,0.1146026,0.0958052,
363,0.0004423,0.0696094,0.1574547,0.0795351,0.125223,0.0541725,
364,0.0003598,0.0780497,0.1295243,0.1062082,0.1582975,0.0123681,
365,0.0002791,0.106868,0.1511153,0.1821109,0.1850515,0.0704367,
366,0.0002552,0.083986,0.1520526,0.2236285,0.1827936,0.1132116,
367,0.0001733,0.0520374,0.0503356,0.1491121,0.1179319,0.1495013,
368,0.0005681,0.1324971,0.1302423,0.1214893,0.1089583,0.1240166,
369,0.000189,0.1574673,0.168149,0.1070323,0.0687918,0.0578269,
370,0.0004826,0.1676719,0.1645564,0.1279793,0.0850561,0.0948166,
371,0.0005578,0.1090702,0.1614096,0.0634356,0.041165,0.1008701,
372,0.0003517,0.0669443,0.2155458,0.0654174,0.0534739,0.0934958,
373,0.0005773,0.0684937,0.2234255,0.0695594,0.1173921,0.0701317,
374,0.0003686,0.0733572,0.0999774,0.0804208,0.1353123,0.0569237,
375,0.0008041,0.0891835,0.1231482,0.0494472,0.0870341,0.0149847,
376,0.0002687,0.1405355,0.1563983,0.0597771,0.0880009,0.0551973,
377,0.0005081,0.151913,0.2308799,0.1622611,0.1141075,0.1577589,
378,0.0003598,0.1406017,0.1194698,0.3545893,0.1107099,0.1231283,
379,0.0003918,0.1608371,0.1089353,0.3324744,0.1087901,0.0679572,
380,0.0003389,0.1094353,0.0598643,0.3540671,0.0806232,0.067519,
381,0.0008205,0.1118901,0.0429045,0.1185387,0.0890937,0.058212,
382,0.0003807,0.109048,0.0698069,0.0726952,0.0657667,0.1179172,
383,0.0003535,0.1100393,0.0703232,0.1004183,0.0772558,0.0999888,
384,0.0003196,0.1364044,0.0308838,0.1301129,0.0932966,0.0992365,
385,0.0005968,0.0933258,0.0384933,0.1035977,0.1476055,0.0799741,
386,0.0004507,0.1010043,0.0847087,0.0674466,0.1161321,0.0882855,
387,0.0005531,0.1016451,0.1270691,0.0497226,0.1102078,0.0803406,
388,0.0001222,0.0477374,0.0906113,0.0798271,0.053535,0.1215357,
389,0.0005029,0.0382886,0.1264041,0.0954403,0.0950283,0.1158375,
390,0.0004926,0.0537866,0.0933959,0.0391476,0.0830007,0.0844416,
391,0.0004866,0.0477723,0.0507297,0.054866,0.0484097,0.1092522,
392,0.0005136,0.0327412,0.0560821,0.0686297,0.0919307,0.0944153,
393,0.0005982,0.0174399,0.0529262,0.061729,0.0974037,0.0798046,
394,0.0005496,0.0281076,0.0299647,0.0835966,0.0752283,0.0641109,
395,5.47e-05,0.0398293,0.0455609,0.0936228,0.0812757,0.0699253,
396,0.0002995,0.0731161,0.0654642,0.084252,0.085764,0.1127048,
397,0.0004066,0.0925605,0.0596666,0.0220191,0.039894,0.1214305,
398,0.0004594,0.1081693,0.0384031,0.0368116,0.0725381,0.206288,
399,0.0004147,0.0681919,0.0719679,0.0710988,0.0919311,0.2181676,
400,0.0003091,0.0826913,0.0589373,0.0349058,0.0339321,0.109806,
401,0.0004798,0.0443161,0.0563749,0.0645005,0.040338,0.0474803,
402,0.0002521,0.0761261,0.106857,0.0664498,0.0714021,0.055188,
403,0.0004932,0.055427,0.040409,0.0741211,0.1379932,0.0476711,
404,0.0005369,0.0429137,0.0399446,0.0275644,0.0692225,0.0776439,
405,0.0006956,0.0651254,0.0416847,0.0277812,0.0410292,0.0835858,
406,0.0004753,0.0207318,0.0396139,0.0394787,0.0029842,0.0267349,
407,0.0007212,0.0472409,0.0459608,0.0417768,0.0312643,0.0728874,
408,0.0003098,0.1002635,0.0588721,0.0726243,0.0588274,0.104001,
409,0.0004297,0.0630576,0.0564681,0.0642709,0.0517893,0.1041167,
410,0.000439,0.037032,0.0275299,0.0549097,0.0890518,0.048654,
411,0.0005249,0.0540601,0.0294907,0.0728532,0.0591433,0.0765679,
412,0.0005295,0.0925016,0.0921899,0.0730375,0.0622704,0.0591764,
413,0.0005443,0.0515775,0.1132702,0.1076877,0.0424829,0.0792371,
414,0.000296,0.0248157,0.0464376,0.1081207,0.0204197,0.0896718,
415,0.0003484,0.0372252,0.0418577,0.0612737,0.0161913,0.1143748,
416,0.0001693,0.0254683,0.0591174,0.0648576,0.0403925,0.0494407,
417,0.000421,0.0521373,0.0808362,0.0625116,0.0082033,0.0496276,
418,0.0003653,0.0389387,0.0613792,0.0614373,0.0353836,0.0516626,
419,0.0005218,0.047485,0.064827,0.0735282,0.0661257,0.0501419,
420,0.0005274,0.0396088,0.0753074,0.0509762,0.0600615,0.0413391,
421,0.0005739,0.0522463,0.064748,0.0278128,0.0499198,0.0138598,
422,0.0005904,0.0685182,0.065789,0.0246922,0.0442741,0.0586953,
423,0.000607,0.0852736,0.0789443,0.0245568,0.0368758,0.0482478,
424,0.0004856,0.0843227,0.0452984,0.0385975,0.0549095,0.0181155,
425,0.0005316,0.1143793,0.100536,0.0410415,0.1905404,0.0543699,
426,0.0004732,0.0820019,0.0704568,0.0231137,0.0586092,0.0543877,
427,0.0005138,0.0934426,0.0542252,0.0424683,0.09298,0.052638,
428,0.0003597,0.0818386,0.0629411,0.03598,0.056201,0.0714064,
429,0.0005729,0.0501253,0.0542389,0.0423572,0.0480076,0.0471958,
430,0.0005145,0.0583728,0.044221,0.0703249,0.0776653,0.0410385,
431,0.0001314,0.0656923,0.0196624,0.0251451,0.0634625,0.0155479,
432,0.0004626,0.0269971,0.0785959,0.0329767,0.0597943,0.0420158,
433,0.0004452,0.0606439,0.0901588,0.0455463,0.0352292,0.0847199,
434,0.0003885,0.0537491,0.1219719,0.0510616,0.0833084,0.0685327,
435,0.0003768,0.0440904,0.0952092,0.0636064,0.0889016,0.0758158,
436,0.0001811,0.0579943,0.062177,0.0704821,0.0659228,0.0965652,
437,0.0005588,0.0499228,0.0563978,0.0655099,0.0923795,0.0873832,
438,0.0004159,0.0215219,0.0580103,0.0986153,0.0718059,0.0586433,
439,0.000485,0.0637839,0.0416445,0.123561,0.0691957,0.0678977,
440,0.000594,0.0599298,0.069844,0.1073283,0.0514001,0.078623,
441,0.0004141,0.0535984,0.0609351,0.0758631,0.07162,0.1028034,
442,0.0002404,0.0673418,0.0612967,0.0557317,0.095974,0.0923944,
443,0.0003964,0.0603855,0.0685187,0.0580805,0.1012478,0.0673998,
444,0.0006652,0.0581209,0.0325255,0.0414388,0.1193809,0.0373782,
445,0.0006816,0.0507218,0.0380943,0.0515656,0.0429115,0.0220295,
446,0.0004827,0.0480698,0.0502663,0.0441346,0.0214945,0.0412226,
447,0.0004269,0.062966,0.0174012,0.0280041,0.0667222,0.0251027,
448,0.0005746,0.0789075,0.0684727,0.0954347,0.0513202,0.0730806,
449,0.0006733,0.0597964,0.1182318,0.1208462,0.0579998,0.0610869,
450,0.0001824,0.041334,0.0520244,0.0600495,0.0680677,0.0681617,
451,0.0003147,0.0320389,0.1013873,0.0673221,0.0575566,0.0846444,
452,0.0003594,0.0324789,0.1269144,0.0647095,0.0398093,0.0717171,
453,0.0006108,0.0483737,0.0861285,0.0406805,0.0318631,0.040788,
454,0.0003602,0.0480159,0.0870488,0.0315064,0.0281367,0.0511888,
455,0.0006573,0.0818731,0.0639882,0.0555737,0.0351783,0.0680843,
456,0.0005765,0.019238,0.06874,0.042999,0.0485652,0.0316825,
457,0.000348,0.054011,0.0733329,0.0427523,0.0584186,0.0329355,
458,0.0002106,0.0537869,0.0585963,0.0669815,0.0643492,0.0661965,
459,0.0003388,0.1362196,0.0997543,0.1457476,0.0958945,0.0531148,
460,0.0002963,0.0957193,0.0844279,0.1154715,0.1126601,0.0227126,
461,0.0002831,0.0503221,0.0395637,0.1316523,0.1031013,0.0848957,
462,0.0005984,0.0643728,0.0695516,0.058747,0.0771621,0.0399599,
463,0.0005905,0.0570949,0.077784,0.0557778,0.0748225,0.0489144,
464,0.0006037,0.0515178,0.0631241,0.0481199,0.0791433,0.0653338,
465,0.0005695,0.0682068,0.0390282,0.0568815,0.0647711,0.0696628,
466,0.0007018,0.0106178,0.0493188,0.017785,0.0760191,0.0668015,
467,0.0005665,0.0422862,0.0471882,0.0497185,0.0429676,0.0417315,
468,0.0005097,0.0557893,0.0515621,0.0252303,0.02887,0.0653951,
469,0.0002459,0.0523002,0.046902,0.0524758,0.0672778,0.066771,
470,0.0005011,0.0152825,0.0475377,0.0152228,0.0556042,0.0941015,
471,0.0005069,0.0710163,0.0634585,0.0139205,0.065857,0.1090053,
472,0.0003417,0.0272075,0.1079052,0.0562173,0.0530035,0.0933454,
473,0.0005171,0.0436924,0.0654997,0.0996815,0.0384762,0.1005786,
474,0.0005866,0.0444599,0.0499677,0.152944,0.0473753,0.1992693,
475,0.0003611,0.0550881,0.0758082,0.1468379,0.0695935,0.1586794,
476,0.0002839,0.0883659,0.0880307,0.1031069,0.0583739,0.0810569,
477,0.0006658,0.0569875,0.0576899,0.0633022,0.0580535,0.1071721,
478,0.0005999,0.0537021,0.0388068,0.0572337,0.0507586,0.0519452,
479,0.0004807,0.0550954,0.0279936,0.0426451,0.0763387,0.0394549,
480,0.0005648,0.082591,0.0487909,0.0688768,0.0468171,0.1033332,
481,0.0005775,0.0775499,0.0458414,0.0667721,0.0350125,0.052879,
482,0.0002437,0.0443081,0.0572662,0.0340723,0.037489,0.0510514,
483,0.0005285,0.0406712,0.0644737,0.0471457,0.0602845,0.0599271,
484,0.000645,0.0928675,0.0526979,0.0433692,0.0849204,0.1744326,
485,0.0004341,0.0764993,0.0656499,0.0631979,0.061565,0.1470134,
486,0.0005091,0.0778856,0.0797532,0.0771943,0.0473862,0.1028729,
487,0.0002068,0.0725374,0.0749038,0.0644372,0.0674266,0.0960665,
488,0.0005982,0.0474431,0.08506,0.0590827,0.05413,0.0767983,
489,0.0002236,0.0504117,0.0552073,0.0166375,0.0574791,0.0859151,
490,0.0004612,0.1358529,0.0392563,0.0552092,0.0418336,0.0867314,
491,0.0004666,0.110638,0.0906928,0.0310599,0.0789788,0.0731421,
492,0.0005695,0.1417175,0.0766912,0.0494613,0.1056406,0.0724513,
493,0.0006772,0.1196059,0.1007529,0.0275605,0.0326416,0.048122,
494,0.0005099,0.0852872,0.0623122,0.0419014,0.0560622,0.0926574,
495,0.0007092,0.0667036,0.0964853,0.1206498,0.0612675,0.1079875,
496,0.0005942,0.0548882,0.1522959,0.0776374,0.0391626,0.2821753,
497,0.0005271,0.0589621,0.2300493,0.0462932,0.0492699,0.2511072,
498,0.0002788,0.0197506,0.1997101,0.0930094,0.0555563,0.0697066,
499,0.0004868,0.018185,0.1951272,0.1279468,0.024858,0.155011,
500,0.0005745,0.0565023,0.1259647,0.0518921,0.0406555,0.1687802,
501,0.0004438,0.0627435,0.0977734,0.0663092,0.0160211,0.0875682,
502,0.0006485,0.0447651,0.1291044,0.1197703,0.0224208,0.0676903,
503,0.0004378,0.028032,0.054629,0.0855423,0.0679394,0.0801706,
504,0.0007023,0.0376785,0.0429701,0.0868364,0.0719164,0.1207688,
505,0.0004682,0.0438513,0.0517628,0.0882944,0.0174764,0.0891941,
506,0.0003675,0.0663994,0.0674173,0.0585669,0.0340325,0.0770268,
507,0.0006143,0.0766548,0.0839715,0.0515526,0.068416,0.0844105,
508,0.0004548,0.0600555,0.076811,0.0578658,0.0825781,0.0979458,
509,0.0006321,0.0265224,0.0653871,0.1106945,0.0711696,0.0751345,
510,0.0007073,0.0365393,0.0691163,0.1044827,0.0436914,0.0684208,
511,0.0004311,0.0669254,0.0786911,0.0671659,0.071794,0.0825407,
512,0.000308,0.0571351,0.058219,0.0722218,0.0544116,0.0996086,
513,0.000552,0.0341143,0.0540651,0.0851113,0.0614293,0.072054,
514,0.0002808,0.0643205,0.0487087,0.082859,0.0380226,0.0954901,
515,0.0005998,0.0535514,0.0162029,0.0571377,0.0472421,0.0642473,
516,0.0006424,0.0524826,0.0562022,0.0725379,0.0539156,0.0852075,
517,0.0004123,0.0062789,0.037155,0.0798942,0.0665707,0.0626859,
518,0.000581,0.041416,0.0205981,0.0887701,0.1096468,0.0641593,
519,0.0005282,0.0844908,0.1028709,0.171116,0.1167704,0.1803955,
520,0.0005273,0.0742828,0.1331483,0.1770484,0.0902716,0.1781192,
521,0.0004823,0.0603043,0.1206385,0.2169463,0.2805263,0.2599568,
522,0.0003434,0.0217538,0.0356389,0.104118,0.1247593,0.1407332,
523,0.0005947,0.0076116,0.1325767,0.1019756,0.166171,0.1218483,
524,0.0005889,0.0140364,0.1400993,0.0913658,0.1437432,0.12072,
525,0.0005414,0.0351615,0.12646,0.0744985,0.1465742,0.0714211,
526,0.0004072,0.0066436,0.1271976,0.0397385,0.1451646,0.0858111,
527,0.0005518,0.0587319,0.0417754,0.0481789,0.1544486,0.0946111,
528,0.0006019,0.0120764,0.1351343,0.0767285,0.1484054,0.1278092,
529,0.0005107,0.0346935,0.113509,0.0770222,0.1335102,0.0940958,
530,0.0005659,0.0331152,0.0959689,0.0990269,0.0360204,0.3418967,
531,0.0004419,0.0276773,0.153379,0.1237028,0.2282382,0.2289973,
532,0.0006622,0.045613,0.1310426,0.1452872,0.1938885,0.138489,
533,0.000449,0.0664379,0.1092608,0.1203306,0.1554181,0.0918876,
534,0.0006431,0.0481168,0.0951842,0.1365186,0.1454217,0.0974196,
535,0.0005326,0.0314956,0.0752636,0.1572393,0.153137,0.0762771,
536,0.0004332,0.0474888,0.1280035,0.1260607,0.0989053,0.0978907,
537,0.0004457,0.1048816,0.071868,0.0947938,0.0928543,0.1403644,
538,0.0006094,0.1012093,0.0733817,0.1405263,0.147369,0.1635942,
539,0.0004778,0.0815407,0.0798576,0.1465312,0.1376536,0.1812256,
540,0.0003652,0.1075217,0.099173,0.0883489,0.0511331,0.1347931,
541,0.0001815,0.1035297,0.1076162,0.1732765,0.0915504,0.0722233,
542,0.0004844,0.102494,0.0886997,0.1605276,0.0426885,0.0998483,
543,0.0004867,0.0962962,0.0294501,0.1251705,0.045405,0.1195142,
544,0.0004858,0.0445037,0.0530101,0.1928633,0.0381467,0.0880805,
545,0.0002209,0.0585476,0.0392911,0.1047661,0.0611396,0.074926,
546,0.0004854,0.0769927,0.0555191,0.0787676,0.0812664,0.0912716,
547,0.0006072,0.1048266,0.040036,0.0509351,0.0916392,0.1176956,
548,0.0004767,0.0772019,0.1041943,0.0517098,0.0778262,0.1579787,
549,0.0005214,0.0526638,0.1366646,0.1104814,0.0902055,0.1908605,
550,0.00054,0.0200756,0.0513821,0.1725596,0.1410003,0.1583686,
551,0.0004925,0.0921881,0.0822141,0.1816152,0.1187808,0.273267,
552,0.0002083,0.0994564,0.0769787,0.1298954,0.1237372,0.3161709,
553,0.00053,0.1083457,0.0732502,0.1112795,0.1242053,0.2613261,
554,0.0004895,0.1326896,0.1308209,0.1878435,0.0906256,0.2832494,
555,0.0003354,0.121991,0.1220485,0.1986136,0.2209904,0.2372124,
556,0.0004784,0.0952639,0.0772548,0.1303585,0.1172663,0.1707287,
557,0.0006496,0.1449919,0.0835383,0.1894717,0.1844292,0.2791362,
558,0.0003598,0.1174778,0.0722798,0.2077426,0.175454,0.2042714,
559,0.0005078,0.0928769,0.0611079,0.1330287,0.0856652,0.0912872,
560,0.0007215,0.0887776,0.0789483,0.0924762,0.1115558,0.1829795,
561,0.000615,0.0665001,0.044546,0.0676103,0.1542402,0.2330437,
562,0.0004903,0.0841441,0.1583677,0.0622808,0.1439535,0.1102392,
563,0.0006223,0.1359093,0.1308257,0.0906052,0.1192674,0.2063768,
564,0.0005079,0.124536,0.1718895,0.0270859,0.0659929,0.3611201,
565,0.000547,0.0891753,0.1339328,0.0494746,0.0411748,0.2475497,
566,0.0005084,0.0951333,0.0590839,0.0405954,0.0654054,0.2503079,
567,0.0004694,0.0494987,0.0622127,0.0558034,0.0387681,0.2033795,
568,0.0004646,0.0231895,0.0778876,0.0810732,0.103501,0.188787,
569,0.0003611,0.0205273,0.0759758,0.0323425,0.1368846,0.1570371,
570,0.0005271,0.0477542,0.0507509,0.0735416,0.1187651,0.1467134,
571,0.0003858,0.0371845,0.026098,0.0654759,0.0847127,0.1371547,
572,0.0005771,0.0308281,0.0158112,0.0496541,0.0812873,0.0808053,
573,0.0005215,0.0337503,0.0335247,0.0834227,0.1194742,0.0661907,
574,0.0006092,0.0493152,0.0447098,0.0794524,0.1032848,0.0791495,
575,0.0002992,0.0216673,0.0699069,0.0647805,0.0899159,0.10697,
576,0.0005623,0.0287535,0.036252,0.1866658,0.1439112,0.0896739,
577,0.0003333,0.0529437,0.0541064,0.107468,0.1227452,0.0606423,
578,0.0006128,0.0677342,0.1255566,0.0805782,0.1155882,0.1064583,
579,0.0006152,0.0916113,0.1461115,0.1137482,0.2266962,0.0983376,
580,0.0005379,0.0432318,0.1331391,0.1420089,0.2937281,0.0754609,
581,0.0004974,0.058113,0.1121348,0.1062897,0.3300312,0.0764904,
582,0.0003436,0.070143,0.1696202,0.1182736,0.2571152,0.070276,
583,0.0005799,0.038743,0.3164447,0.2112269,0.3174606,0.065544,
584,0.0004666,0.0838722,0.3207402,0.2499315,0.2346712,0.0825222,
585,0.0002532,0.0769179,0.1119175,0.1680372,0.1699552,0.077634,
586,0.0005509,0.0660727,0.0947808,0.1270907,0.1396125,0.0418129,
587,0.0005983,0.0620573,0.0731491,0.0960169,0.1158478,0.0759131,
588,0.0002688,0.0383606,0.1026902,0.1112758,0.0614287,0.0775507,
589,0.0006076,0.0350805,0.0974609,0.1130158,0.1412495,0.1068037,
590,0.0006545,0.0615039,0.1104648,0.1084358,0.1008759,0.0823205,
591,0.0002914,0.0490782,0.0767371,0.1108764,0.0950581,0.0547447,
592,0.0005151,0.0620435,0.0748843,0.1114746,0.0157436,0.0439743,
593,0.0005686,0.0807459,0.0885706,0.083146,0.0256549,0.0735665,
594,0.0005846,0.06737,0.1149372,0.083789,0.0314404,0.0357966,
595,0.0006204,0.0553333,0.1017685,0.0910366,0.050505,0.0395311,
596,0.0007253,0.0681859,0.0688236,0.0861337,0.044212,0.044228,
597,0.0005786,0.062858,0.0316973,0.0973019,0.0517813,0.0470503,
598,0.0001354,0.07366,0.0535773,0.1140808,0.0373588,0.0484882,
599,0.0005562,0.0392418,0.1055578,0.1080417,0.0288334,0.0265088,
600,0.0002923,0.0727226,0.1028306,0.072197,0.0328777,0.0672514,
601,0.0004085,0.0697012,0.0926976,0.0542081,0.0293132,0.0781505,
602,0.0005584,0.074975,0.0698577,0.0627623,0.08491,0.0706149,
603,0.000287,0.0471735,0.0825541,0.0291803,0.1105378,0.1147892,
604,0.0004409,0.0681902,0.0692416,0.0657268,0.0913343,0.1008082,
605,0.0005513,0.0758779,0.1107057,0.1036899,0.0580331,0.0941601,
606,0.0006686,0.0963775,0.1243808,0.0993669,0.0493862,0.1087679,
607,0.0005171,0.0679224,0.0651427,0.0751654,0.1123451,0.1216303,
608,0.0004447,0.0759647,0.0423084,0.0501449,0.1131549,0.1148703,
609,0.0005773,0.0544366,0.0637332,0.0373741,0.1125235,0.1108253,
610,0.0003033,0.0503106,0.0963515,0.0672394,0.0836964,0.104758,
611,0.0008197,0.0533226,0.0769892,0.0381798,0.1188198,0.088227,
612,0.0005166,0.0190278,0.065856,0.0281263,0.1355726,0.137472,
