#Time_ps,0,100,500,1000,3000,5000,
1,0.0003943,0.1247073,0.0905667,0.0752778,0.0458824,0.0874535,
2,0.0005377,0.1057549,0.1176615,0.0694633,0.079701,0.1025715,
3,0.0005004,0.1025116,0.0617006,0.0331576,0.0475018,0.0924311,
4,0.0006752,0.1200234,0.0214828,0.0482369,0.0454256,0.0597118,
5,0.0004713,0.0619934,0.0562938,0.0648948,0.060451,0.0387312,
6,0.0006916,0.0694397,0.0588119,0.0769212,0.0495525,0.0308784,
7,0.0005953,0.0550093,0.0346973,0.0783763,0.0202753,0.0352118,
8,0.0002253,0.0556956,0.038743,0.0752005,0.039778,0.072885,
9,0.0004602,0.0674919,0.0207563,0.0841832,0.0521935,0.0761779,
10,0.0005412,0.0490735,0.0540538,0.0907348,0.0557346,0.0551122,
11,0.0005946,0.0612031,0.0456031,0.0889569,0.054579,0.0606307,
12,0.0004114,0.0320577,0.0350831,0.1465536,0.0749313,0.0480758,
13,0.000318,0.040073,0.0340766,0.1362681,0.0820395,0.0443327,
14,0.0003236,0.0423263,0.0303174,0.1326755,0.0814889,0.057673,
15,0.0005068,0.0251174,0.0433132,0.1620663,0.0592386,0.0816076,
16,0.0003615,0.0150124,0.087963,0.1346142,0.1205919,0.0349827,
17,0.0004844,0.0126587,0.0845756,0.1070145,0.1531809,0.0644346,
18,0.0003,0.048343,0.0551248,0.0818391,0.145248,0.0527184,
19,0.0006735,0.0800527,0.0490926,0.0785286,0.1363755,0.020709,
20,0.0005517,0.0985053,0.0574366,0.0691955,0.1233932,0.0442733,
21,0.0003163,0.1365911,0.0920366,0.1275449,0.1408251,0.0650421,
22,0.0004738,0.1692643,0.1401408,0.1482549,0.1295042,0.0773863,
23,0.0004956,0.1896812,0.1732885,0.2705106,0.2913917,0.3647485,
24,0.0005691,0.1843734,0.1967164,0.2536414,0.0828978,0.3117144,
25,0.0003965,0.1187517,0.1169744,0.2256514,0.2039029,0.1142246,
26,0.0004991,0.1257093,0.080043,0.205129,0.1632986,0.0463108,
27,0.0006763,0.0462819,0.0653663,0.1468613,0.0859126,0.0138128,
28,0.0006093,0.0460776,0.0704765,0.0873815,0.0777567,0.0456492,
29,0.0004174,0.0477394,0.0668077,0.0681275,0.178579,0.0289254,
30,0.0003366,0.0441777,0.0762324,0.0745049,0.108569,0.0373902,
31,0.0004203,0.0392604,0.0878329,0.0650978,0.1170021,0.0280336,
32,0.0006843,0.038299,0.0923658,0.0682018,0.1099803,0.0220349,
33,0.000346,0.0385631,0.0939343,0.0833334,0.0812005,0.0517678,
34,0.0004925,0.081547,0.1045495,0.0801943,0.0714058,0.0439617,
35,0.0005356,0.0889572,0.1123381,0.0422646,0.067136,0.0406859,
36,0.0004386,0.0705763,0.0841071,0.0271673,0.1024265,0.0504952,
37,0.0004125,0.0761706,0.0794347,0.0258882,0.1041376,0.0939804,
38,0.0006275,0.0669686,0.0770526,0.0618218,0.0877123,0.0444192,
39,0.0003727,0.0726177,0.0986793,0.112489,0.0971238,0.0680479,
40,0.0006615,0.0818875,0.1165233,0.1349618,0.0921105,0.0480277,
41,0.0005749,0.100512,0.1030231,0.1588946,0.0554891,0.0280372,
42,0.0005788,0.0723894,0.1559465,0.1477014,0.0467057,0.0541322,
43,0.0001479,0.0589658,0.1221038,0.1787468,0.1242808,0.132309,
44,0.0005543,0.0774048,0.1407617,0.2502614,0.1794776,0.1757057,
45,0.000315,0.130333,0.17317,0.2819091,0.1068327,0.1610775,
46,0.0005659,0.1817735,0.236518,0.2347289,0.3962959,0.4265478,
47,0.0004627,0.2029917,0.3111026,0.1653692,0.3579339,0.4336662,
48,0.0004107,0.1402473,0.2524429,0.2145261,0.0978,0.2197795,
49,0.0007263,0.0854015,0.3048159,0.2277598,0.1931071,0.1751493,
50,0.0006685,0.1174524,0.1866591,0.2679409,0.1850082,0.2684905,
51,0.0003951,0.1497813,0.1782341,0.242375,0.1385014,0.2581407,
52,0.000615,0.1988196,0.1425137,0.2563431,0.1533629,0.1662485,
53,0.0005881,0.1168209,0.1485222,0.1927633,0.211023,0.2325676,
54,0.0003878,0.0708444,0.1351049,0.1444654,0.1371622,0.0671188,
55,0.0005564,0.0877048,0.1591467,0.1596563,0.0853066,0.0676264,
56,0.0003909,0.0720791,0.2049874,0.1536274,0.2358327,0.0568227,
57,0.000565,0.1225026,0.206261,0.0980565,0.1307021,0.0988098,
58,0.0004141,0.1417126,0.1657713,0.0816875,0.0876314,0.1134128,
59,0.0003359,0.1573609,0.2211389,0.1154449,0.1957694,0.1886891,
60,0.0005911,0.1675304,0.2815317,0.132216,0.1393633,0.1970889,
61,0.0001905,0.1572123,0.2233403,0.1029694,0.1260937,0.1113768,
62,0.0005953,0.1287842,0.1471028,0.1223137,0.0928901,0.1365773,
63,0.000334,0.0673606,0.1314192,0.1536919,0.093993,0.0610759,
64,0.0005826,0.0644123,0.1540186,0.17211,0.1262938,0.0862442,
65,0.0005365,0.0794147,0.1357844,0.1393962,0.1457142,0.0598576,
66,0.0006743,0.0766517,0.1205225,0.074156,0.1533963,0.0169368,
67,0.0006462,0.1159971,0.0785224,0.06625,0.1342229,0.0121646,
68,0.0004445,0.0761762,0.0750687,0.032286,0.1212556,0.0143948,
69,0.0006871,0.0518511,0.0778963,0.0574343,0.1979994,0.0273193,
70,0.000286,0.0608952,0.0317407,0.074748,0.1992017,0.0278371,
71,0.0004789,0.0576897,0.1020717,0.1092359,0.2062694,0.0795676,
72,0.0006011,0.1575589,0.3158014,0.0690846,0.2972922,0.0844169,
73,0.0006652,0.1616268,0.2234116,0.0459338,0.3367729,0.0705508,
74,0.0005395,0.0915504,0.2021839,0.0391965,0.2228151,0.0453849,
75,0.0004966,0.0534628,0.1296386,0.0445835,0.1621465,0.0876616,
76,0.0005041,0.0860887,0.1241257,0.0727539,0.1384297,0.0798817,
77,0.0004389,0.1015596,0.1196465,0.0449261,0.1127011,0.0515126,
78,0.0006421,0.1350037,0.1179972,0.0682525,0.1521983,0.0761982,
79,0.0007295,0.1310782,0.1513377,0.1234431,0.1163169,0.0754746,
80,0.0005519,0.1438863,0.118588,0.1479903,0.1324024,0.0783799,
81,0.0005578,0.0919818,0.108394,0.12125,0.1175941,0.0742701,
82,0.0005599,0.0862499,0.1101616,0.109751,0.085253,0.0779779,
83,0.0007072,0.045346,0.1665016,0.0780813,0.0583142,0.0628506,
84,0.000518,0.0447761,0.1572772,0.0500587,0.0610152,0.0732915,
85,0.0004467,0.057454,0.1350938,0.0630594,0.1099804,0.0364391,
86,0.0004245,0.0493751,0.1227011,0.0787711,0.144438,0.0417414,
87,0.0005872,0.0969415,0.1100654,0.089578,0.0746324,0.0966812,
88,0.0004349,0.1039636,0.1119517,0.0842909,0.1015857,0.1032655,
89,0.0005685,0.072535,0.1420463,0.0492253,0.0694743,0.0165776,
90,0.0003854,0.0801277,0.1721016,0.0578212,0.0758789,0.0365103,
91,0.0005748,0.0630108,0.161907,0.0320672,0.0971423,0.0449125,
92,0.0003955,0.0529776,0.167656,0.0256327,0.1092335,0.0345232,
93,0.0002727,0.0421539,0.1477787,0.0752003,0.1757933,0.037239,
94,0.0006805,0.028957,0.0951588,0.0411112,0.1639614,0.0574689,
95,0.0007661,0.0551738,0.0703728,0.1070003,0.1292571,0.0612077,
96,0.0003302,0.0947616,0.0942434,0.1720642,0.1080015,0.1705225,
97,0.0007063,0.0318277,0.062075,0.0900452,0.1706826,0.0521798,
98,0.0003321,0.037634,0.0569648,0.0601175,0.1165348,0.0502831,
99,0.0004661,0.0615774,0.0840875,0.0370621,0.0875115,0.0667268,
100,0.0005983,0.1291993,0.0819008,0.0537049,0.0591169,0.0609959,
101,0.000659,0.0541301,0.0735835,0.0393923,0.0393894,0.0818817,
102,0.0003361,0.0607291,0.0664821,0.06269,0.0517601,0.066178,
103,0.0005087,0.0597227,0.0596377,0.0308966,0.0639581,0.0580971,
104,0.000521,0.084763,0.1026646,0.0274748,0.1068198,0.0958381,
105,0.0005758,0.08712,0.1000643,0.0599593,0.0699584,0.0719506,
106,0.0003986,0.0793261,0.0270418,0.058751,0.061431,0.1132045,
107,0.0003699,0.0665042,0.0132105,0.0843823,0.069898,0.1359426,
108,0.0004158,0.0721077,0.0301094,0.0926265,0.0476808,0.0926194,
109,0.0004101,0.062133,0.0245405,0.1100812,0.0149222,0.0448224,
110,0.0006152,0.0585439,0.032502,0.1138509,0.029906,0.0136393,
111,0.0005172,0.0508059,0.0303854,0.0914388,0.0561368,0.058665,
112,0.0007028,0.0451544,0.0480533,0.0600102,0.0595725,0.0297148,
113,0.0005041,0.0158537,0.0217899,0.0474904,0.0270584,0.0601477,
114,0.0003489,0.0212748,0.0177116,0.0526697,0.0390216,0.0621762,
115,0.0005541,0.040718,0.0206218,0.0820196,0.0584327,0.048479,
116,0.0004925,0.0386941,0.0328945,0.1059604,0.0413304,0.0365402,
117,0.0005219,0.0658425,0.0285573,0.1110191,0.0630076,0.0347121,
118,0.0004795,0.0978981,0.1109943,0.1054157,0.0796134,0.0531253,
119,0.0006137,0.0734366,0.2002629,0.0715467,0.1008989,0.0836257,
120,0.0003666,0.0428597,0.1073421,0.1427628,0.1148539,0.0533407,
121,0.0005345,0.070517,0.0732266,0.1467628,0.0201729,0.081194,
122,0.0002462,0.0674819,0.0375141,0.1259119,0.038689,0.0635079,
123,0.0003503,0.072095,0.0233549,0.0858186,0.0461843,0.0241953,
124,0.0008067,0.1169622,0.058756,0.0760554,0.0500405,0.0341986,
125,0.0007257,0.1067913,0.0114449,0.0777597,0.0590936,0.0249032,
126,0.0006355,0.0545103,0.0124852,0.073958,0.0476595,0.0265589,
127,9.63e-05,0.0610027,0.0622167,0.1241381,0.0632832,0.020387,
128,0.0006305,0.0261219,0.0681624,0.0851433,0.0840797,0.0154099,
129,0.0002282,0.0416597,0.0366297,0.105509,0.0623538,0.0234011,
130,0.000441,0.0493795,0.0065725,0.0910073,0.0377878,0.0303223,
131,0.0006641,0.0382757,0.0854364,0.0769143,0.0446842,0.0840871,
132,0.0004738,0.02351,0.0928639,0.0971384,0.0675117,0.1157857,
133,0.0002835,0.0703397,0.111781,0.1020492,0.0448953,0.1264021,
134,0.0003582,0.0668947,0.1058118,0.1194865,0.0343568,0.0984643,
135,0.0005967,0.0364748,0.1098555,0.0836072,0.0206861,0.1106674,
136,0.0003944,0.0279191,0.070316,0.0479324,0.0291667,0.0662989,
137,0.0003152,0.0495479,0.0891403,0.052459,0.0142948,0.0617457,
138,0.0003665,0.0507121,0.0478529,0.0968738,0.0339219,0.0557094,
139,0.0003345,0.0696662,0.0992913,0.0661146,0.0330843,0.0460721,
140,0.0005282,0.0597855,0.0790104,0.1135238,0.0516944,0.0650007,
141,0.0004815,0.0515046,0.0896261,0.1368424,0.0453059,0.0530953,
142,0.0004711,0.0887055,0.0583562,0.0681697,0.0238418,0.1148667,
143,0.0004691,0.1583068,0.0628374,0.0425351,0.0209306,0.1459578,
144,0.0005427,0.084474,0.0677845,0.0466631,0.0560031,0.0889323,
145,0.0004534,0.0556745,0.1332477,0.0742154,0.0429215,0.1030155,
146,0.0003825,0.0128299,0.0933267,0.0863475,0.0625191,0.1000799,
147,0.0003437,0.0320105,0.1100202,0.0782526,0.0413813,0.0847653,
148,0.0003408,0.021417,0.0469263,0.0651331,0.0376655,0.0821826,
149,0.0001047,0.0355346,0.0368501,0.0482504,0.0291685,0.0353704,
150,0.0001247,0.0439423,0.0413235,0.0490831,0.0381548,0.0256016,
151,0.0007125,0.0375337,0.0699233,0.0506693,0.0412323,0.0111757,
152,0.0006473,0.0361708,0.0376254,0.1067617,0.0600476,0.0406171,
153,0.0005097,0.0522307,0.0569256,0.1315844,0.0518292,0.0565567,
154,0.0003607,0.0871185,0.0861167,0.1459421,0.0483965,0.1683416,
155,0.0005447,0.1937863,0.105262,0.1140497,0.1434216,0.1004741,
156,0.0003985,0.0895131,0.0751841,0.0833555,0.0879488,0.053144,
157,0.0003416,0.0525067,0.0449023,0.0898523,0.0849207,0.0153009,
158,0.0004498,0.0270407,0.1010956,0.0752643,0.0712938,0.0461247,
159,0.000245,0.0415024,0.0862814,0.0666855,0.0820666,0.0389715,
160,0.0003518,0.0462996,0.0505604,0.0850412,0.057661,0.0628793,
161,0.0002461,0.0400653,0.0701523,0.067351,0.0459131,0.0659916,
162,0.0007719,0.0469384,0.1185426,0.0708916,0.0563159,0.1041255,
163,0.0004353,0.0618331,0.1364141,0.0487035,0.0610827,0.0718869,
164,0.0003109,0.0478279,0.1003994,0.0378876,0.065167,0.1559265,
165,0.0004121,0.0635605,0.0953275,0.0221169,0.0951343,0.1999962,
166,0.0003112,0.040787,0.1147553,0.0849609,0.1118714,0.1462741,
167,0.0002933,0.0652841,0.1377442,0.1023142,0.092505,0.1375366,
168,0.0006166,0.122222,0.2969092,0.2395839,0.1223224,0.1335263,
169,0.0003715,0.0943081,0.232247,0.1626368,0.0758472,0.1248969,
170,0.0002729,0.0488002,0.1315929,0.0811798,0.1150364,0.1174964,
171,0.0004322,0.0375628,0.1238101,0.0434846,0.041502,0.0915418,
172,0.0004614,0.044861,0.0628549,0.0222653,0.0381679,0.1020988,
173,0.0006467,0.0358896,0.0803129,0.0524133,0.0631303,0.1234865,
174,0.0006701,0.0719532,0.090605,0.0383713,0.0634599,0.1199087,
175,0.0005889,0.0570732,0.0864021,0.0525032,0.0705267,0.118142,
176,0.0004508,0.0360843,0.0325787,0.048489,0.0681577,0.0766449,
177,0.0003001,0.0467569,0.0621599,0.0280595,0.0757436,0.0745114,
178,0.0004582,0.0588494,0.0701683,0.0311106,0.1370891,0.1133194,
179,0.0003956,0.0824575,0.0805174,0.0512811,0.1306331,0.0985792,
180,0.0004255,0.0571813,0.0811823,0.0503388,0.0940523,0.1030975,
181,0.0003005,0.0323584,0.0947702,0.0573802,0.083374,0.0919229,
182,0.0005319,0.0389928,0.0906738,0.062962,0.0946561,0.0738162,
183,0.0006837,0.0172185,0.1360154,0.08993,0.1355252,0.116643,
184,0.0004427,0.035699,0.1887495,0.0500045,0.1690459,0.1260062,
185,0.0006851,0.0400745,0.1361622,0.0616709,0.1809489,0.1143643,
186,0.0004763,0.0438851,0.162128,0.0899855,0.1832839,0.082889,
187,0.000508,0.0667258,0.1473735,0.1182881,0.1418764,0.0916549,
188,0.0001943,0.0707498,0.1441719,0.1141878,0.1348932,0.1424951,
189,0.0005386,0.0732972,0.1960246,0.1264413,0.138957,0.3403845,
190,0.0003521,0.0936765,0.1738594,0.1084712,0.1211987,0.2719244,
191,0.0004804,0.1265365,0.1731644,0.145197,0.149657,0.2367592,
192,0.0002779,0.0634221,0.1720035,0.1080172,0.1477172,0.063752,
193,0.0002049,0.0907611,0.2696873,0.0732372,0.1218793,0.1593916,
194,0.0004258,0.0833418,0.2056232,0.1191522,0.1261877,0.1975859,
195,0.00061,0.1162101,0.1190987,0.1186347,0.0791892,0.1862448,
196,0.000212,0.1376748,0.1473552,0.0571795,0.0816582,0.1895301,
197,0.0006093,0.0784017,0.1298093,0.0617296,0.0534671,0.1279326,
198,0.0005673,0.0897693,0.0662595,0.0668825,0.0570909,0.0801295,
199,0.0002272,0.0564042,0.0902454,0.0844848,0.0292979,0.0606947,
200,0.0004786,0.0363389,0.0572884,0.0842837,0.0340519,0.0620418,
201,0.0005438,0.0354662,0.0716472,0.090393,0.0798487,0.0461756,
202,0.0003988,0.0442643,0.089041,0.0925897,0.1014457,0.0440983,
203,0.0006172,0.0427724,0.0693939,0.0169234,0.0633436,0.0473332,
204,0.0005102,0.014802,0.0948787,0.0309484,0.043474,0.0496247,
205,0.0007978,0.0272626,0.1073687,0.0258524,0.0545216,0.0577716,
206,0.0005496,0.0111141,0.0802975,0.0735728,0.0528857,0.0506152,
207,0.0002383,0.0295738,0.0324653,0.0723549,0.0417225,0.0776507,
208,0.0005805,0.0272235,0.0916168,0.0513432,0.0401215,0.0921478,
209,0.0005882,0.0310102,0.1209662,0.0784038,0.0111983,0.05587,
210,0.0005184,0.0473173,0.0653797,0.0787024,0.0229735,0.054483,
211,0.000495,0.0561935,0.0744156,0.0685383,0.0805022,0.0841101,
212,0.0005587,0.1076585,0.1163011,0.0535991,0.0703933,0.033599,
213,0.0007329,0.1228671,0.1037268,0.0285033,0.068349,0.0585001,
214,0.0003694,0.1313288,0.1007778,0.0684877,0.1099085,0.0400845,
215,0.0006144,0.0968472,0.0804884,0.0754162,0.0976352,0.128813,
216,0.0006737,0.1147008,0.0908444,0.0677155,0.0950272,0.0937464,
217,0.0002943,0.1372371,0.1578538,0.0969365,0.1198885,0.0984262,
218,0.0004974,0.1349821,0.2118249,0.1078961,0.1686292,0.1067738,
219,0.0005595,0.071807,0.2265395,0.0769006,0.116716,0.10999,
220,0.0001377,0.0745893,0.2351964,0.0587775,0.1102938,0.0812111,
221,0.0006828,0.066648,0.1810222,0.1600652,0.1785503,0.0859989,
222,0.0003611,0.1545853,0.1279506,0.134804,0.3035607,0.1458967,
223,0.0005963,0.0389892,0.1910171,0.1385517,0.2383561,0.2010356,
224,0.0007057,0.1615354,0.1599678,0.1185878,0.1844272,0.2436582,
225,0.0007032,0.0967559,0.1454631,0.1819924,0.1304528,0.1108888,
226,0.0007894,0.0759009,0.1866496,0.1926256,0.1066084,0.0809798,
227,0.0006398,0.0785985,0.1871385,0.1759476,0.0867162,0.101877,
228,0.0003273,0.0998664,0.2142691,0.1467339,0.1710042,0.1038911,
229,0.000556,0.0613563,0.2240647,0.1860165,0.163272,0.0752923,
230,0.000616,0.0742734,0.2244578,0.1832442,0.1153252,0.1335276,
231,0.0004194,0.0438124,0.1857279,0.1447685,0.1642088,0.1265334,
232,0.0005094,0.084733,0.2094269,0.1444709,0.1983403,0.0959481,
233,0.0005656,0.1171248,0.2039375,0.1978326,0.1305517,0.094225,
234,0.0004644,0.0555212,0.1635707,0.196955,0.0587303,0.054388,
235,0.0007658,0.0825828,0.1903646,0.1897362,0.2098723,0.1754768,
236,0.0003123,0.0662037,0.2189842,0.2401562,0.2064336,0.1718555,
237,0.0005296,0.0733474,0.1237427,0.1722476,0.1194674,0.0590827,
238,0.0003159,0.1016229,0.1132702,0.1619793,0.018851,0.0997201,
239,0.0005249,0.1113469,0.0948208,0.1235022,0.0290419,0.0402921,
240,0.0005054,0.1090582,0.0627212,0.0964929,0.0477725,0.0549271,
241,0.0006559,0.0895975,0.1261771,0.1003305,0.1500327,0.0476036,
242,0.0005999,0.084937,0.0917557,0.0861345,0.1678952,0.0500721,
243,0.0005991,0.1087557,0.1194134,0.1175198,0.1926513,0.0704292,
244,0.0004158,0.0848257,0.1613805,0.1226692,0.1726353,0.0941881,
245,0.0001718,0.1258924,0.1029967,0.1170049,0.1884449,0.0633711,
246,0.0004738,0.0670525,0.1046332,0.0776071,0.1567605,0.0423501,
247,0.0005895,0.0718494,0.1483292,0.0843675,0.1383265,0.0756616,
248,0.0006053,0.1230801,0.131641,0.0767523,0.1631209,0.0982862,
249,0.0002739,0.0779953,0.0818726,0.0753492,0.1269355,0.0308152,
250,0.0002043,0.0507121,0.1692916,0.0953999,0.0966755,0.0071871,
251,0.0005156,0.1034453,0.2306893,0.0657265,0.0725853,0.0358005,
252,0.0005639,0.0793078,0.1861999,0.0820076,0.0950347,0.0486244,
253,0.0006289,0.0682771,0.1560318,0.100948,0.0851522,0.039536,
254,0.0006494,0.1003055,0.2121325,0.129027,0.1259789,0.0415005,
255,0.0003148,0.171764,0.2275279,0.1458432,0.149922,0.0769638,
256,0.0004853,0.1750004,0.2090293,0.1163542,0.1126545,0.1415194,
257,0.0004584,0.1299325,0.2219301,0.0981261,0.109197,0.1434624,
258,0.0004395,0.1496483,0.2026476,0.0987796,0.1074962,0.1110565,
259,0.0006442,0.0838115,0.2345671,0.100734,0.1395446,0.0795534,
260,0.0005549,0.1074748,0.2435013,0.0890182,0.1191972,0.1111657,
261,0.0007099,0.0981727,0.2061134,0.1112984,0.0878897,0.0763881,
262,0.000328,0.0995668,0.2224591,0.1049898,0.0749846,0.0672989,
263,0.0004822,0.113112,0.1691053,0.120076,0.1102455,0.0921117,
264,0.0004233,0.0739241,0.1524799,0.1052454,0.1034159,0.0703409,
265,0.0006305,0.0650015,0.1818281,0.0677066,0.0977094,0.0575945,
266,0.000444,0.0605736,0.1822842,0.0749394,0.0916896,0.0769328,
267,0.0003981,0.0568216,0.1421915,0.0702147,0.1217133,0.0688406,
268,0.0004647,0.0213106,0.1481707,0.0472287,0.0954931,0.0971462,
269,0.0004789,0.0435265,0.1812175,0.0790357,0.0930616,0.1415375,
270,0.0005618,0.061915,0.1770085,0.0480509,0.0777139,0.151349,
271,0.0006712,0.0334072,0.1774909,0.0411644,0.1182907,0.1530674,
272,0.0003816,0.0693805,0.1910298,0.0681472,0.2050437,0.1637516,
273,0.0005012,0.1095353,0.2692612,0.1385481,0.2200062,0.1739048,
274,0.0004892,0.1351199,0.3321048,0.2376073,0.1976833,0.1971087,
275,0.0004009,0.1605897,0.3336354,0.2195881,0.231059,0.0872384,
276,0.0005548,0.1610284,0.3162893,0.1970795,0.1604807,0.0490977,
277,0.0001334,0.1531033,0.4513421,0.1512501,0.1259886,0.1106894,
278,0.0004299,0.3784879,0.4027144,0.2071995,0.1982648,0.156838,
279,0.0003697,0.2587609,0.2809435,0.0977976,0.191497,0.139612,
280,0.0002401,0.1421881,0.2082047,0.0555195,0.1299249,0.1487914,
281,0.0004871,0.0937798,0.1188519,0.050481,0.121587,0.1407638,
282,0.000377,0.0832227,0.1033359,0.0724375,0.1448842,0.1301707,
283,0.000364,0.0791542,0.1704164,0.0742401,0.0903738,0.1288923,
284,0.0005954,0.0860437,0.1828316,0.0487919,0.0982998,0.150205,
285,0.0006464,0.088397,0.2602361,0.0438627,0.1237807,0.1748129,
286,0.0005172,0.0433591,0.1136485,0.0292171,0.1024443,0.0808799,
287,0.0003558,0.0312459,0.0695366,0.0214735,0.0955506,0.0765589,
288,0.0004788,0.0256965,0.0435019,0.0551998,0.0630667,0.0694912,
289,0.0006491,0.0221349,0.028475,0.0525405,0.0525771,0.0681124,
290,0.0002625,0.0140178,0.0092587,0.0404981,0.0117287,0.0634266,
291,0.0005422,0.0255954,0.034381,0.0401344,0.0570767,0.0395383,
292,0.0005368,0.0570863,0.0357542,0.068214,0.0574972,0.0102835,
293,0.000389,0.0392726,0.0881125,0.0811569,0.0827545,0.0393257,
294,0.0003952,0.0833615,0.0920692,0.0761414,0.0842313,0.0604277,
295,0.0006287,0.0689453,0.053991,0.1062066,0.0481766,0.0505432,
296,0.0006722,0.0635766,0.0635206,0.1067312,0.0499077,0.0575694,
297,0.0004372,0.1658071,0.0960946,0.1155919,0.1127899,0.0558614,
298,0.0003376,0.1755302,0.087733,0.098686,0.1111372,0.0855183,
299,0.0005459,0.1893648,0.0829748,0.0716435,0.1372333,0.0750548,
300,0.0003332,0.2143778,0.0633112,0.1044163,0.1148322,0.0530214,
301,0.0003702,0.1612986,0.0392372,0.1576241,0.0679548,0.0660002,
302,0.0003811,0.1702391,0.1282932,0.2049132,0.042406,0.0784641,
303,0.0002628,0.1645235,0.0583123,0.035086,0.0781915,0.018943,
304,0.0002954,0.1120884,0.0165446,0.0797405,0.0586176,0.0528719,
305,0.0004504,0.1035857,0.0204523,0.1809046,0.1539036,0.113618,
306,0.0004687,0.0916947,0.0633727,0.2597612,0.19198,0.1358944,
307,0.0004752,0.2610231,0.2229427,0.2019809,0.12468,0.1271921,
308,0.0007246,0.1340098,0.0992127,0.1662016,0.0990091,0.1087162,
309,0.0001784,0.0779707,0.1113471,0.1252481,0.0941573,0.092434,
310,0.0001354,0.0608799,0.1112755,0.1066617,0.0870244,0.0636159,
311,0.0001069,0.0189834,0.1110546,0.1065379,0.0803756,0.0528329,
312,0.0003596,0.0393672,0.0882795,0.0785006,0.0864142,0.0525669,
313,0.0004066,0.0400078,0.0782605,0.0873887,0.0244323,0.0594,
314,0.0003728,0.0457219,0.0644575,0.1149826,0.0449276,0.0296448,
315,0.0008046,0.0837696,0.023641,0.076655,0.0583624,0.0732193,
316,0.0001526,0.0757383,0.0242139,0.0721598,0.044787,0.0363857,
317,0.0005331,0.0273641,0.0506497,0.0951727,0.0335011,0.0342353,
318,0.0004568,0.0654263,0.0477367,0.0580702,0.0276999,0.06325,
319,0.0003813,0.0971248,0.0568708,0.0467276,0.064433,0.0260645,
320,0.0004198,0.0784165,0.0609933,0.0652071,0.0595538,0.0485882,
321,0.000517,0.0279503,0.0327379,0.044216,0.1947711,0.0696199,
322,0.0007784,0.0433581,0.0428572,0.0776863,0.1466487,0.0540355,
323,0.0005834,0.0415931,0.0299163,0.0438162,0.1525686,0.0430129,
324,0.0004942,0.0578017,0.025871,0.0444904,0.1593632,0.0451902,
325,0.0003219,0.0602681,0.054711,0.0375816,0.1627325,0.0619577,
326,0.0006093,0.057119,0.0481046,0.067626,0.1340413,0.0528667,
327,0.0003634,0.0708954,0.070476,0.0999602,0.1380643,0.0774542,
328,0.0005095,0.072537,0.0845226,0.1018017,0.1186794,0.0792338,
329,0.0004777,0.2564351,0.1334518,0.1885051,0.1029871,0.085626,
330,0.0004172,0.2342005,0.1431543,0.240241,0.115686,0.0636488,
331,0.0003014,0.1394673,0.1651384,0.1155184,0.1107851,0.0493324,
332,0.0003041,0.1168345,0.1169274,0.1098484,0.1016666,0.0566107,
333,0.0005504,0.0522992,0.0560494,0.094922,0.0958903,0.0393347,
334,0.0003843,0.0291483,0.0526321,0.0706146,0.1008056,0.050013,
335,0.0004815,0.0482897,0.0542024,0.0458131,0.1230652,0.0877074,
336,0.0006266,0.0620918,0.0599981,0.0198813,0.1195081,0.0555716,
337,0.0006781,0.0475895,0.0608111,0.0524962,0.1482468,0.0321177,
338,0.0004244,0.0537648,0.0520905,0.050496,0.1537631,0.0318884,
339,0.0003917,0.0715537,0.1257989,0.136879,0.1731288,0.1015636,
340,0.0005485,0.0574391,0.1118558,0.1113155,0.1793292,0.121543,
341,0.0002689,0.0754171,0.0821315,0.0896438,0.1126446,0.0364408,
342,0.0002568,0.0047173,0.0788606,0.0594409,0.105732,0.0191208,
343,0.0005993,0.0404102,0.1163572,0.0440984,0.1317819,0.0401804,
344,0.000584,0.0343445,0.1115915,0.0561837,0.1354228,0.0321374,
345,0.0002092,0.0350495,0.1246233,0.0423388,0.1232961,0.0471031,
346,0.0004644,0.0384766,0.2329478,0.0398531,0.1854525,0.0323767,
347,0.0004867,0.1159069,0.2435712,0.0657723,0.1759142,0.0551047,
348,0.0005034,0.0900781,0.1625936,0.1302592,0.1509103,0.0571401,
349,0.0003264,0.0988914,0.2050459,0.1067816,0.2180733,0.080471,
350,0.0007426,0.1362618,0.167093,0.0752322,0.2410467,0.0887006,
351,0.0001868,0.3328939,0.1675953,0.1373588,0.2853321,0.1140759,
352,0.0003626,0.5329504,0.2104733,0.0939428,0.3299064,0.1179954,
353,0.0004404,0.5046509,0.2788064,0.0952522,0.2663602,0.1146283,
354,0.0005374,0.2351595,0.2071036,0.1174472,0.2294003,0.1080202,
355,0.0001767,0.1890087,0.231895,0.0726821,0.3144392,0.1209602,
356,0.0004878,0.0943153,0.1786799,0.0785154,0.3045025,0.1153176,
357,0.0005326,0.1659169,0.1312346,0.1013298,0.2420952,0.0933509,
358,0.0002097,0.1697398,0.1311548,0.1099713,0.1659597,0.1153231,
359,0.0004077,0.1575296,0.1552295,0.1127327,0.0811616,0.1669875,
360,0.0003861,0.1344032,0.1586482,0.1037604,0.0940244,0.0771661,
361,0.0004004,0.1787585,0.1696211,0.1212241,0.1504436,0.0570881,
362,0.0005089,0.1461215,0.219409,0.0845871,0.0889136,0.068467,
363,0.0005608,0.1104926,0.2452996,0.043686,0.0974063,0.0804609,
364,0.0005306,0.1092181,0.2311262,0.0878087,0.0885556,0.0830963,
365,0.000402,0.1213188,0.1288553,0.152226,0.0914262,0.0561104,
366,0.0007189,0.1302496,0.1847824,0.1509031,0.147309,0.0798971,
367,0.0005776,0.1265845,0.222938,0.0932141,0.1326091,0.1022423,
368,0.000278,0.1195239,0.241311,0.1205337,0.1811742,0.0859155,
369,0.0006139,0.1058496,0.2219684,0.1167259,0.1421677,0.0660169,
370,0.0003031,0.1463776,0.184384,0.1378559,0.1310366,0.1605637,
371,0.000408,0.1309534,0.1636215,0.1395458,0.1403208,0.062559,
372,0.0005418,0.1063574,0.11654,0.1032297,0.1174809,0.0663577,
373,0.0006709,0.0481457,0.0337145,0.1100805,0.1037651,0.0885657,
374,0.0005009,0.0686869,0.0266638,0.0713567,0.0898155,0.0426708,
375,0.0005823,0.0575364,0.0626858,0.0289386,0.1579899,0.0456287,
376,0.0007147,0.068439,0.0788621,0.1217569,0.1572436,0.0507856,
377,0.000257,0.2002786,0.1527117,0.1825101,0.1432162,0.0795861,
378,0.0005061,0.0943834,0.1424647,0.2180621,0.1677441,0.0796615,
379,0.0004894,0.0350443,0.0567904,0.1357646,0.128162,0.1031588,
380,0.0005488,0.0494708,0.072029,0.0838895,0.2093388,0.0523162,
381,0.0004338,0.0397466,0.1270526,0.0921016,0.230218,0.0589031,
382,0.000451,0.1044339,0.1638461,0.049326,0.2517327,0.0367911,
383,9.74e-05,0.1245156,0.1752609,0.07399,0.1881905,0.0270695,
384,0.000463,0.1522459,0.2239377,0.0511878,0.1784781,0.0265251,
385,0.0006023,0.1784621,0.232379,0.1058832,0.1689532,0.0642596,
386,0.0004726,0.1131388,0.2224812,0.0882912,0.0885162,0.0171069,
387,0.0004622,0.1210368,0.1741661,0.0524589,0.1392547,0.0170684,
388,0.0004088,0.1177913,0.1531426,0.1018986,0.1380429,0.0447308,
389,0.0004884,0.1218031,0.0866734,0.119178,0.0324528,0.1895854,
390,0.0006538,0.0930988,0.06091,0.1107105,0.0664014,0.170875,
391,0.0003655,0.0450678,0.0965127,0.0956574,0.1109261,0.1221587,
392,0.0005551,0.0337907,0.1169768,0.0173488,0.1143519,0.0448492,
393,0.0005639,0.0111497,0.1704673,0.0618283,0.133023,0.0417875,
394,0.0005471,0.0461705,0.1463306,0.0536137,0.1395632,0.0260219,
395,0.0007114,0.0690678,0.1474611,0.1103162,0.1441937,0.0241748,
396,0.000463,0.1043899,0.1705344,0.1280285,0.1323448,0.0421613,
397,0.0006291,0.0637637,0.1901864,0.0750295,0.1843338,0.0781004,
398,0.0002645,0.0108429,0.1886591,0.1088015,0.1930264,0.1853339,
399,0.0001275,0.0527132,0.1846339,0.1301983,0.2748739,0.0841045,
400,0.0003891,0.0672559,0.0854579,0.1733706,0.3059893,0.1055127,
401,0.0004825,0.0771334,0.0644001,0.1265438,0.2208977,0.1033674,
402,0.0005446,0.1527265,0.0866619,0.1213804,0.1787335,0.1515819,
403,0.000538,0.0771018,0.0396138,0.0858949,0.1728129,0.0813941,
404,0.0006656,0.0691381,0.0676781,0.0666414,0.159641,0.0688704,
405,0.0005145,0.0463541,0.1051594,0.0533659,0.1388847,0.0701795,
406,0.0003993,0.0329348,0.0508324,0.0668913,0.1278421,0.0777078,
407,0.0005278,0.0465046,0.0563045,0.0691247,0.0957792,0.0564887,
408,0.0004513,0.053831,0.0580613,0.0848885,0.0584285,0.0486068,
409,0.0005408,0.0737501,0.039963,0.0954512,0.0488106,0.0712392,
410,0.0006548,0.0219518,0.0497387,0.1067812,0.0386133,0.1554057,
411,0.0005395,0.0257263,0.0682518,0.1005998,0.0270219,0.1519991,
412,0.0004192,0.0825683,0.0562567,0.071992,0.0121466,0.0889892,
413,0.0006279,0.0109431,0.1090155,0.0517456,0.0743842,0.0740623,
414,0.0003851,0.0552353,0.0867498,0.0615955,0.0530541,0.0888002,
415,0.0004947,0.0383771,0.0581789,0.0666544,0.0509529,0.0750337,
416,0.0006068,0.1016284,0.0204927,0.0335627,0.0368847,0.0522592,
417,0.0006151,0.1224556,0.0526333,0.0535513,0.032276,0.0468753,
418,0.0005967,0.12182,0.0519339,0.0795786,0.0387908,0.0586964,
419,0.0006269,0.0938771,0.0348585,0.0628733,0.0619933,0.0404134,
420,0.0006772,0.0891812,0.0274286,0.0614214,0.0344206,0.0289735,
421,0.0002928,0.0718515,0.0374987,0.0498379,0.0333166,0.0651528,
422,0.0004084,0.0655022,0.0133924,0.0524987,0.0386737,0.0828462,
423,0.0001514,0.0754427,0.0292043,0.0763172,0.0224948,0.0755843,
424,0.0003283,0.1006089,0.0504368,0.0771888,0.0840641,0.0261783,
425,0.0006466,0.0976065,0.0844144,0.0484987,0.111522,0.0399966,
426,0.0004482,0.0555212,0.0862958,0.0585649,0.0880102,0.0074298,
427,0.000432,0.0510174,0.0357721,0.0465844,0.0868201,0.0191216,
428,0.0004866,0.0748938,0.0195234,0.0873689,0.0716949,0.1003628,
429,0.0004091,0.0955296,0.0178664,0.075413,0.0595819,0.0912825,
430,0.000383,0.0597665,0.0396241,0.0727506,0.0386317,0.081254,
431,0.000391,0.0570492,0.0337509,0.0679897,0.0599521,0.0303072,
432,0.0005246,0.0850277,0.0317677,0.0747845,0.0678854,0.0527064,
433,0.0004858,0.1015683,0.0527277,0.0833993,0.0614039,0.0816831,
434,0.0005453,0.1321026,0.0588909,0.0891095,0.0582147,0.1066815,
435,0.0004525,0.1229339,0.0700235,0.0610445,0.0570672,0.0213285,
436,0.000563,0.115158,0.0165463,0.0361683,0.0531602,0.0519445,
437,0.0003786,0.0733098,0.0584778,0.0442577,0.0635397,0.0536665,
438,0.000408,0.0392622,0.0679707,0.0615915,0.0888966,0.0653396,
439,0.0006348,0.0748926,0.0486329,0.1024212,0.0669187,0.0996422,
440,0.0002336,0.0905108,0.0293453,0.0745773,0.0804485,0.1007341,
441,0.0002241,0.0719824,0.0275404,0.0393001,0.0554179,0.0636072,
442,0.0004964,0.1000379,0.0423602,0.0450116,0.0429664,0.0524649,
443,0.0006231,0.0998646,0.0636961,0.0684993,0.0517358,0.0788365,
444,0.0004112,0.0993797,0.0486646,0.0773531,0.0697053,0.0786137,
445,0.0003858,0.0943402,0.0574486,0.0876858,0.0393759,0.0711562,
446,0.0003638,0.1008228,0.0856032,0.0946719,0.0467596,0.0470064,
447,0.0003648,0.115215,0.0492105,0.1197769,0.0605346,0.0532868,
448,0.0006635,0.2691763,0.1077436,0.1334055,0.0535175,0.0428245,
449,0.0004737,0.1992248,0.0563697,0.1126135,0.0766631,0.0763464,
450,0.000522,0.0688811,0.0162697,0.0790663,0.0390258,0.0923379,
451,0.0003085,0.0355069,0.0556594,0.0787241,0.0638169,0.101941,
452,0.0006095,0.0237837,0.0510359,0.021663,0.0264522,0.0433651,
453,0.0006176,0.0385292,0.0571034,0.0194113,0.0186898,0.0559723,
454,0.0004732,0.0469822,0.0434258,0.0330414,0.0296892,0.0667772,
455,0.0005559,0.0663203,0.0570235,0.0346764,0.0513047,0.0780943,
456,0.0006214,0.072442,0.0645883,0.0318396,0.0524737,0.0599133,
457,0.0005931,0.084248,0.0742885,0.0805392,0.0518543,0.0417291,
458,0.0004882,0.058819,0.1237638,0.0983659,0.0865494,0.0424986,
459,0.0004877,0.0913086,0.1050113,0.0712707,0.1343953,0.0693095,
460,0.0004333,0.0491056,0.0961161,0.0795251,0.0993317,0.0736684,
461,0.0004619,0.0567868,0.1332698,0.0957067,0.0940851,0.0721065,
462,0.0004119,0.02594,0.102134,0.0883947,0.0917753,0.0688362,
463,0.0003337,0.049166,0.0990515,0.053942,0.0463328,0.058545,
464,0.0007819,0.0591119,0.0277876,0.0617178,0.0467787,0.0298194,
465,0.0002904,0.0542717,0.0477281,0.0631667,0.0641989,0.0633493,
466,0.0004024,0.0711619,0.0707803,0.0370522,0.032414,0.0580664,
467,0.0007147,0.0386326,0.0476425,0.0084954,0.0631654,0.0802739,
468,0.0003025,0.0399023,0.0751176,0.0451273,0.0593584,0.0823954,
469,0.0006166,0.0497849,0.0735233,0.0437004,0.0356842,0.0678218,
470,0.0006998,0.0211157,0.1003191,0.0791456,0.0183763,0.0914848,
471,0.0005287,0.0486307,0.1024987,0.0968572,0.030156,0.0959948,
472,0.0005743,0.0745535,0.1209701,0.1060057,0.0572313,0.1086827,
473,0.0003265,0.0796487,0.1151247,0.0760206,0.0712614,0.1176025,
474,0.0005995,0.0683513,0.1348547,0.1377751,0.0849943,0.1628623,
475,0.0006331,0.0413808,0.0531161,0.1421406,0.0884624,0.1521562,
476,0.000366,0.0983317,0.0076688,0.1505097,0.0777858,0.1095561,
477,0.0004011,0.0651437,0.0465263,0.0443394,0.0581873,0.0797815,
478,0.0004947,0.0812716,0.0377988,0.0521781,0.0211694,0.0497363,
479,0.0003596,0.046918,0.022555,0.0418874,0.0293945,0.0583843,
480,0.0005178,0.0814493,0.0751093,0.0399833,0.0686974,0.0654547,
481,0.0004368,0.0591371,0.0779492,0.0304844,0.0654925,0.0404428,
482,0.0006194,0.1013426,0.0682028,0.0208763,0.0748106,0.092827,
483,0.0003917,0.1167441,0.0474612,0.0472173,0.0903799,0.0884649,
484,0.0003952,0.1078524,0.0866464,0.1238109,0.080891,0.1099827,
485,0.0005977,0.0416751,0.0310026,0.1164125,0.0939087,0.102206,
486,0.0006035,0.021371,0.1116511,0.028058,0.0847279,0.0840036,
487,0.0006405,0.0204746,0.0913034,0.048276,0.0448327,0.0786456,
488,0.0004301,0.036019,0.0447069,0.1044928,0.0461944,0.0471131,
489,0.0004202,0.0391485,0.0574401,0.0988388,0.0662279,0.1065403,
490,0.0004855,0.0665052,0.0576904,0.0987918,0.0433974,0.1088669,
491,0.0005019,0.0403971,0.0490524,0.0892569,0.0793206,0.0634517,
492,0.0002517,0.0437528,0.1436163,0.0647489,0.0990809,0.0517427,
493,0.0003487,0.0996297,0.2585218,0.0692322,0.1703468,0.0372796,
494,0.0004346,0.1224672,0.2591386,0.0610471,0.2094624,0.1225114,
495,0.0006234,0.0904454,0.3499305,0.1178121,0.3644849,0.1043674,
496,0.0005728,0.0635493,0.2797594,0.1443201,0.3280773,0.1565471,
497,0.0005804,0.0689835,0.307927,0.2527223,0.3695286,0.2156677,
498,0.0005574,0.0756364,0.2010434,0.0628174,0.2142742,0.0904578,
499,0.0003739,0.1015868,0.1460032,0.0717888,0.1941709,0.0652813,
500,0.0002052,0.0797523,0.0973504,0.0935281,0.0730157,0.1681423,
501,0.0005443,0.0698529,0.1207664,0.0392214,0.126596,0.110734,
502,0.0005678,0.0223111,0.1103165,0.0205792,0.1191391,0.1017888,
503,0.0005133,0.0328113,0.0580601,0.0615502,0.1272716,0.0596636,
504,0.0001502,0.0388262,0.0738453,0.0617787,0.1137117,0.0426407,
505,0.0005536,0.062777,0.1028405,0.0622145,0.0590303,0.044711,
506,0.0003493,0.0487638,0.0973702,0.051573,0.0367806,0.0468264,
507,0.0006233,0.0031307,0.0789623,0.0646307,0.041179,0.0585613,
508,0.0004655,0.0393483,0.0678684,0.0652809,0.043775,0.075251,
509,0.0004684,0.0634118,0.0962374,0.0456179,0.0491837,0.0675487,
510,0.0001353,0.0357215,0.1304799,0.0816197,0.0395624,0.0744302,
511,0.0005534,0.0191155,0.1292879,0.0466702,0.0287381,0.0744479,
512,0.0004806,0.0543186,0.1283172,0.0407023,0.0232459,0.0634725,
513,0.0004761,0.0743076,0.1356534,0.0238585,0.0251975,0.0529715,
514,0.0004292,0.0557747,0.125973,0.0769145,0.0430027,0.0707438,
515,0.0003675,0.0586545,0.1269512,0.1038137,0.0566117,0.0821652,
516,0.0003985,0.0787843,0.1181003,0.1012014,0.0673238,0.0553595,
517,0.0004288,0.0413727,0.1411382,0.0867741,0.0833332,0.0690893,
518,0.0002675,0.0211742,0.1612206,0.1373286,0.0748344,0.1251852,
519,0.000302,0.0787985,0.1624796,0.1451192,0.0971816,0.1170902,
520,0.0004877,0.0461845,0.1844323,0.1676769,0.0968951,0.1032937,
521,0.0006249,0.0383309,0.2311908,0.2405147,0.1223476,0.1287249,
522,0.0005968,0.0479422,0.226395,0.1225795,0.0953286,0.1131613,
523,0.0007264,0.0798078,0.2254629,0.1487626,0.0637813,0.1205413,
524,0.0005316,0.0797388,0.1769812,0.1455198,0.0911291,0.1160658,
525,0.000625,0.0618923,0.2042695,0.1359508,0.084643,0.0802751,
526,0.000322,0.0832258,0.2527138,0.1370222,0.088093,0.0349573,
527,0.0006877,0.0968002,0.2654513,0.1346875,0.1055451,0.0330581,
528,0.000662,0.1393996,0.2771681,0.1910637,0.1511392,0.0727148,
529,0.0003172,0.1548071,0.2774126,0.2411778,0.1529195,0.1027832,
530,0.0004706,0.18947,0.2364883,0.1927054,0.1581581,0.238806,
531,0.00034,0.1615654,0.2318171,0.1517557,0.1954178,0.1272332,
532,0.000453,0.0971004,0.2071229,0.1512729,0.2067425,0.0963156,
533,0.000595,0.0847959,0.1930351,0.1423184,0.2763407,0.1346037,
534,0.0005836,0.0819878,0.2263501,0.1800792,0.2463789,0.1101089,
535,0.0005053,0.1174409,0.2303154,0.198293,0.2390192,0.067818,
536,0.0006332,0.0562437,0.1808444,0.1685253,0.1702547,0.074136,
537,0.0005758,0.0564574,0.216064,0.2200561,0.1050759,0.0988625,
538,0.0006776,0.024068,0.1870333,0.3384223,0.1070171,0.1019675,
539,0.0003978,0.0278945,0.1996539,0.1919464,0.1620708,0.0924113,
540,0.0005206,0.035987,0.2198923,0.1217609,0.1491628,0.0772328,
541,0.000279,0.0705374,0.2088191,0.225352,0.0734797,0.053706,
542,0.0004676,0.1041654,0.221028,0.2140403,0.064733,0.0654713,
543,0.0003142,0.0771352,0.1458212,0.1771981,0.0810085,0.0566738,
544,0.0005166,0.0601276,0.1289002,0.1398499,0.1627585,0.0370809,
545,0.0003126,0.0325801,0.1372198,0.0949942,0.0838922,0.0324743,
546,0.0006181,0.039936,0.1033738,0.0900258,0.1072626,0.0443126,
547,0.0005917,0.0597809,0.1173008,0.1199935,0.114787,0.0568486,
548,0.000459,0.0476591,0.1150584,0.153201,0.1119175,0.0680061,
549,0.0006748,0.0189956,0.1013198,0.1544403,0.1910984,0.0207368,
550,0.0005348,0.0439079,0.094023,0.1780373,0.1743305,0.0639862,
551,0.000631,0.0372251,0.1180046,0.167231,0.1848849,0.1559061,
552,0.000586,0.0429755,0.0803749,0.1035984,0.1694757,0.2048582,
553,0.0006173,0.0717811,0.1112573,0.0626395,0.1336727,0.1699984,
554,0.0005423,0.0274936,0.1162336,0.0522413,0.1717293,0.0812641,
555,0.0002328,0.0670297,0.1308904,0.1099657,0.1877383,0.0871284,
556,0.0003168,0.050366,0.1210643,0.0571873,0.077885,0.0531835,
557,0.0003821,0.0451312,0.1129486,0.0741937,0.0984082,0.0947164,
558,0.0004792,0.1575431,0.1971699,0.0620333,0.1441387,0.1826988,
559,0.0004365,0.1505719,0.2096884,0.0365418,0.1048666,0.1583223,
560,0.0006348,0.1491202,0.3076563,0.0578333,0.0942393,0.1886028,
561,0.000424,0.1187766,0.361542,0.1063122,0.1460848,0.2662781,
562,0.0002827,0.1070878,0.354607,0.1047564,0.1537514,0.2173795,
563,0.0007096,0.1295408,0.3226691,0.1217245,0.1421362,0.2028832,
564,0.0006425,0.1596365,0.4004993,0.131424,0.1035988,0.2393423,
565,0.0003125,0.0868066,0.3553735,0.1193585,0.0595958,0.1848049,
566,0.0005306,0.0848952,0.268971,0.1200282,0.0311009,0.1110856,
567,0.0005864,0.0515533,0.1876327,0.0922893,0.0538206,0.0814952,
568,0.0007393,0.0570352,0.259726,0.0885468,0.05161,0.0764623,
569,0.0002219,0.0472892,0.256623,0.0752613,0.0390507,0.0981462,
570,0.0006749,0.0301656,0.1968253,0.0647777,0.0304915,0.0889403,
571,0.0003339,0.0673022,0.1900049,0.0731946,0.0346756,0.0753788,
572,0.0005955,0.0705017,0.2023219,0.1224191,0.0327724,0.0917154,
573,0.0005054,0.0466631,0.1802587,0.1195443,0.0394767,0.078265,
574,0.0003778,0.0334923,0.1297231,0.1250272,0.0414328,0.0581624,
575,0.0005799,0.0471585,0.1689187,0.1364075,0.0850255,0.0769757,
576,0.0004985,0.0651393,0.1553067,0.1544232,0.1196557,0.0959376,
577,0.0005534,0.0687276,0.1055628,0.161968,0.047026,0.0898026,
578,0.0004254,0.0962283,0.1821477,0.1774322,0.060201,0.0967509,
579,0.0004461,0.1101478,0.190399,0.2752893,0.0728217,0.0815093,
580,0.0005883,0.1217318,0.1356314,0.2742409,0.0562022,0.1831425,
581,0.0006389,0.1239573,0.1463824,0.2969175,0.0660427,0.1607559,
582,0.0004707,0.0641192,0.1940242,0.3031063,0.1324713,0.1478001,
583,0.000677,0.2140951,0.235516,0.4212529,0.1422747,0.191622,
584,0.0003033,0.2207153,0.140837,0.427818,0.0790277,0.1841284,
585,0.0004457,0.1649517,0.1398456,0.2927709,0.059075,0.162755,
586,0.0006178,0.1532252,0.1085208,0.2060219,0.0699403,0.1453033,
587,0.0004434,0.1015345,0.1207636,0.1207429,0.1080106,0.1360093,
588,0.0005613,0.1032702,0.113112,0.1111971,0.1195688,0.1314683,
589,0.000736,0.1732951,0.0772743,0.1270482,0.1266869,0.1292095,
590,0.0004745,0.1502228,0.150993,0.092621,0.0805594,0.0940844,
591,0.0003668,0.2092575,0.1702088,0.0744357,0.1429507,0.0931184,
592,0.0006666,0.1707175,0.1417997,0.0294267,0.1462303,0.0267201,
593,0.0005008,0.116299,0.1064376,0.0141982,0.1045944,0.0620283,
594,0.0003571,0.0829564,0.16213,0.0564536,0.0682908,0.0442158,
595,0.00037,0.0918658,0.1082734,0.0532926,0.0177334,0.0339933,
596,0.0004922,0.106929,0.0906692,0.0518773,0.0178424,0.03145,
597,0.0006526,0.1038481,0.0942683,0.0892966,0.0308997,0.0183458,
598,0.0003222,0.0868361,0.1094293,0.046084,0.0299341,0.0441319,
599,0.0004861,0.1030921,0.0987681,0.0407925,0.1058914,0.0926246,
600,0.0007784,0.0792904,0.1285178,0.1511343,0.146905,0.0838668,
601,0.0005927,0.1076664,0.1251725,0.1555845,0.1212484,0.0274837,
602,0.0005151,0.1835681,0.1068513,0.1383871,0.1220008,0.0547726,
603,0.0005869,0.1544658,0.1534962,0.1880858,0.1266956,0.1505477,
604,0.0005016,0.0929401,0.1634644,0.2351544,0.0876423,0.0451756,
605,0.0001009,0.1706476,0.1613419,0.2517685,0.124172,0.2379006,
606,0.0003181,0.2204514,0.1572728,0.2912097,0.1907681,0.3385241,
607,0.000362,0.1935897,0.1516552,0.1836416,0.1766692,0.3108336,
608,0.0004521,0.1009538,0.0975939,0.1226578,0.0909826,0.3203324,
609,0.0005557,0.1098936,0.0798167,0.0715536,0.0621557,0.1021186,
610,0.0006774,0.0200808,0.0511202,0.0953858,0.0672889,0.1237949,
611,0.0005271,0.0586663,0.0532502,0.0577242,0.0435308,0.1149094,
612,0.0004746,0.0583152,0.1583772,0.0635577,0.0654291,0.0818032,
