#Time_ps,0,100,500,1000,3000,5000,
1,0.0003989,0.0436579,0.1138245,0.1029432,0.1081242,0.0503492,
2,0.0006589,0.0468053,0.0631584,0.1079312,0.0845961,0.017328,
3,0.0004027,0.0965236,0.084977,0.0695252,0.1293398,0.0690706,
4,0.0005481,0.1229334,0.1052996,0.0780035,0.1465522,0.0985377,
5,0.0002073,0.0363568,0.0484929,0.0839615,0.1058852,0.0757954,
6,0.00057,0.0433553,0.0714527,0.0441783,0.1295701,0.048336,
7,0.000457,0.044203,0.0458184,0.0444628,0.0584547,0.0115486,
8,0.0007624,0.0501267,0.0572849,0.0387062,0.0635764,0.0206671,
9,0.00068,0.0639296,0.0488053,0.0710116,0.0280975,0.03708,
10,0.0003018,0.0479679,0.072562,0.0630826,0.0181284,0.0338791,
11,0.0005029,0.0201819,0.0745546,0.0387207,0.0094229,0.106199,
12,0.0002794,0.0738536,0.0539111,0.0326509,0.0517789,0.1021106,
13,0.0002614,0.0770299,0.0393929,0.0524359,0.0651764,0.1191625,
14,0.0004928,0.0492499,0.0467874,0.0459941,0.0636249,0.1019049,
15,0.0001546,0.0387591,0.0748289,0.0409059,0.0848286,0.0832959,
16,0.000252,0.0527181,0.0657376,0.0656539,0.064292,0.1186426,
17,0.0005309,0.0361178,0.0787921,0.0567504,0.0793753,0.0875654,
18,0.0004853,0.0432989,0.0633415,0.0663765,0.0514449,0.059281,
19,0.0005829,0.0682221,0.0382488,0.053431,0.0488561,0.0341447,
20,0.0006624,0.0757916,0.0125143,0.0706208,0.0410513,0.0460526,
21,0.0002024,0.055182,0.0258486,0.0508712,0.0503912,0.0430625,
22,0.0003258,0.0460771,0.0485155,0.0541986,0.0446078,0.0596519,
23,0.0006378,0.0432454,0.0517227,0.1186535,0.1452723,0.1205939,
24,0.0005556,0.0189285,0.0729043,0.1049591,0.0829583,0.2080858,
25,0.0004838,0.0305615,0.0495369,0.0751837,0.0674676,0.0886496,
26,0.0003711,0.0770876,0.051466,0.052002,0.0242916,0.0613368,
27,0.0003723,0.0633023,0.0428689,0.0481769,0.0262916,0.071842,
28,0.0004559,0.0480793,0.0305367,0.0278052,0.0416468,0.0384788,
29,0.0003075,0.0580673,0.0681918,0.0747564,0.0596095,0.0630714,
30,0.0006873,0.0514883,0.0534237,0.0596399,0.0590571,0.0675731,
31,0.0004694,0.08165,0.0458506,0.0833217,0.0810487,0.074315,
32,0.0002952,0.0699653,0.05265,0.0585856,0.0658824,0.0845029,
33,0.0006374,0.0658722,0.1046656,0.0618136,0.0370521,0.099245,
34,0.0002949,0.0632146,0.0740692,0.0991503,0.1548389,0.1445645,
35,0.0007406,0.0363899,0.0582226,0.1126139,0.1371907,0.1259239,
36,0.0003847,0.0291088,0.0357213,0.0890009,0.0955354,0.1025538,
37,0.0006598,0.0398686,0.0376812,0.0909392,0.0478263,0.0986199,
38,0.00013,0.0324552,0.0260489,0.0623007,0.0395758,0.1089457,
39,0.0002753,0.0410232,0.056889,0.0645789,0.0398134,0.0974307,
40,0.0003348,0.0385303,0.0313848,0.0542809,0.057193,0.1024897,
41,0.0004346,0.0460155,0.0392531,0.0406665,0.0596855,0.0913344,
42,0.0006988,0.0309522,0.0236749,0.0417819,0.0590751,0.1112005,
43,0.0005123,0.0739414,0.0392708,0.0612193,0.0611861,0.1288925,
44,0.0005203,0.0743284,0.059604,0.0542384,0.0735265,0.2143015,
45,0.0005281,0.1170446,0.0899549,0.0114343,0.0891931,0.1887942,
46,0.0005804,0.1294049,0.0692442,0.0737224,0.0512706,0.2756687,
47,0.0005231,0.0865689,0.0805468,0.0936974,0.1394669,0.3262317,
48,0.0005455,0.0695342,0.0858772,0.0665564,0.1413333,0.1767333,
49,0.0006109,0.0479625,0.071358,0.063846,0.0556334,0.161556,
50,0.0006033,0.0552439,0.1188169,0.0507406,0.0669858,0.1113912,
51,0.0005585,0.058725,0.1304122,0.0575202,0.0878821,0.2007052,
52,0.0006056,0.0479916,0.1018727,0.0413396,0.1083624,0.1710482,
53,0.0005358,0.0717391,0.0741336,0.0543045,0.2042093,0.1611708,
54,0.0005593,0.0569186,0.0815117,0.0533463,0.2020155,0.2845948,
55,0.0003626,0.1836426,0.1218525,0.0502261,0.2288811,0.2832474,
56,0.0005874,0.1934588,0.1140581,0.1130409,0.2043189,0.2574787,
57,0.0004355,0.1010794,0.0809488,0.0483643,0.172083,0.233875,
58,0.0005753,0.0686745,0.0295344,0.0611605,0.0868556,0.1769803,
59,0.0005087,0.1468275,0.1309605,0.1508066,0.0600254,0.1772301,
60,0.0003871,0.1841897,0.2215571,0.1040262,0.1000529,0.1255856,
61,0.0003694,0.1083225,0.1048168,0.1283072,0.0680947,0.14018,
62,0.0004479,0.0791947,0.093715,0.1270537,0.0921221,0.1506242,
63,0.0006325,0.0800251,0.1166739,0.1142215,0.0508875,0.0955467,
64,0.0006708,0.07789,0.1652482,0.0892424,0.118943,0.0978917,
65,0.0004682,0.0774711,0.1028017,0.063281,0.0635392,0.1135628,
66,0.00043,0.0738479,0.0725641,0.0784407,0.0843316,0.0885201,
67,0.0003526,0.0593345,0.0718852,0.0781934,0.0555269,0.0731296,
68,0.0005909,0.0422185,0.0420119,0.0854236,0.0548721,0.0323091,
69,0.0003968,0.0884602,0.0966374,0.0744118,0.0784424,0.1434572,
70,0.0005517,0.2219961,0.1111978,0.0503266,0.0581086,0.086313,
71,0.000228,0.3157212,0.1838513,0.1780123,0.094343,0.0623925,
72,0.0003075,0.2783597,0.1605643,0.1439026,0.2449813,0.3685201,
73,0.000361,0.1918108,0.1986509,0.1230056,0.285891,0.1798541,
74,0.0001706,0.1148836,0.1067149,0.1293895,0.1718302,0.0335438,
75,0.0005776,0.0640436,0.0474595,0.1308073,0.1080106,0.0659821,
76,0.0005554,0.0631387,0.0827501,0.0754712,0.1781126,0.0819391,
77,0.0006719,0.0774039,0.0599397,0.0489713,0.126694,0.1096404,
78,0.0004809,0.1168032,0.1070915,0.0588737,0.0888127,0.1526152,
79,0.0005908,0.1007797,0.1131606,0.0637856,0.0654454,0.1650115,
80,0.0002931,0.100729,0.1187267,0.0521408,0.0499153,0.1723431,
81,0.0004491,0.1183093,0.0682349,0.0447713,0.1017211,0.2057095,
82,0.0003814,0.1116106,0.0549477,0.0693968,0.1095196,0.1756767,
83,0.000509,0.0846793,0.0384852,0.0984034,0.0935905,0.1495753,
84,0.000379,0.0872212,0.0442352,0.0451475,0.1102192,0.1439467,
85,0.0006381,0.0727832,0.056036,0.0383976,0.058792,0.1389718,
86,0.0004988,0.0762925,0.0604989,0.0411928,0.0746054,0.1505764,
87,0.0005226,0.0950169,0.0567333,0.0644699,0.0407947,0.1266357,
88,0.0004404,0.0748427,0.0654934,0.0751265,0.0678258,0.1143332,
89,0.000748,0.0751806,0.0559131,0.0711821,0.1122449,0.1111602,
90,0.0006136,0.0764008,0.0901598,0.0675382,0.1568165,0.133997,
91,0.0004362,0.0772838,0.0807372,0.0807258,0.1921662,0.1366596,
92,0.0004815,0.085724,0.0518181,0.0926415,0.2439678,0.1539273,
93,0.0003668,0.0828157,0.0328732,0.0597659,0.0907664,0.1768163,
94,0.0006259,0.0687532,0.0587743,0.0802979,0.1267003,0.1555583,
95,0.0005225,0.0384679,0.0514491,0.0566711,0.0953517,0.1146076,
96,0.0004726,0.0469043,0.0881932,0.1040449,0.1467547,0.2188322,
97,0.0004149,0.035225,0.0748803,0.0524344,0.0980474,0.1355425,
98,0.0006652,0.0511247,0.1025165,0.0600313,0.047544,0.1492106,
99,0.0008018,0.0255835,0.0854767,0.0780269,0.0581148,0.1081616,
100,0.0004624,0.0465896,0.0555581,0.0603239,0.0088945,0.1290662,
101,0.0005287,0.0392133,0.0314826,0.0292216,0.0615946,0.0770222,
102,0.0004021,0.042845,0.0118075,0.0411475,0.0945184,0.0741611,
103,0.0005174,0.0334992,0.048386,0.0923527,0.0685947,0.080023,
104,0.0004327,0.0314177,0.0450543,0.0746906,0.0618795,0.1020551,
105,0.0001728,0.0383699,0.0240257,0.0586363,0.0722678,0.1206962,
106,0.0006909,0.0629065,0.0770837,0.0247811,0.1150141,0.0772299,
107,0.0006747,0.0526424,0.0602067,0.0401002,0.0887794,0.0935953,
108,0.0004493,0.0260273,0.0475737,0.0447151,0.0747322,0.1105161,
109,0.0004745,0.0493037,0.0547317,0.0353356,0.0552818,0.0669832,
110,0.0005408,0.0493454,0.0449703,0.069165,0.0631774,0.0371511,
111,0.0004127,0.0330407,0.0667705,0.0469345,0.0768405,0.0305534,
112,0.000734,0.0410916,0.0664585,0.0485124,0.0748254,0.0681358,
113,0.0003023,0.0648621,0.0426993,0.0580842,0.0758368,0.0266546,
114,0.0001074,0.0421909,0.0386234,0.0617949,0.1106581,0.0181758,
115,0.0004993,0.0377653,0.02551,0.0214543,0.1033473,0.033648,
116,0.000428,0.0187996,0.010284,0.0171711,0.0173825,0.0421833,
117,0.000566,0.0541198,0.0497999,0.0499724,0.0331133,0.0378085,
118,0.0003708,0.0769183,0.0441801,0.0702467,0.053864,0.0952025,
119,0.0005468,0.0986333,0.0546842,0.0683447,0.0517659,0.1167957,
120,0.0005473,0.089469,0.0622683,0.0536903,0.0616733,0.04649,
121,0.0005989,0.1518761,0.0379592,0.0996852,0.100268,0.1721802,
122,0.0004786,0.1392886,0.0839966,0.0724639,0.0450806,0.1603498,
123,0.0003648,0.1169445,0.0364937,0.0875414,0.0610466,0.1361896,
124,0.0005928,0.0799811,0.0761746,0.0736157,0.0685596,0.0698744,
125,0.0001435,0.065293,0.0257367,0.0349724,0.0707829,0.0395659,
126,0.0006293,0.0653767,0.0200233,0.0391924,0.0657548,0.0453239,
127,0.0004404,0.0729499,0.0200914,0.0872788,0.0716073,0.0228004,
128,0.0004839,0.0660338,0.034746,0.0628467,0.0978693,0.0380898,
129,0.0003216,0.1070096,0.0500407,0.0886742,0.093929,0.0230001,
130,0.0004683,0.0110569,0.0649651,0.1061299,0.0707682,0.0346636,
131,0.0005374,0.0236631,0.0475997,0.0780764,0.0498946,0.0583781,
132,0.0001976,0.0751405,0.0397433,0.0474063,0.0553488,0.0746,
133,0.0002578,0.1121654,0.0673765,0.0666058,0.0608569,0.1843477,
134,0.0004455,0.1041459,0.0730566,0.0915333,0.0646855,0.1405034,
135,0.0002082,0.1002364,0.0919016,0.0878563,0.0845526,0.1002972,
136,0.0004976,0.0983041,0.0574299,0.1109685,0.1084966,0.0809767,
137,0.0004979,0.1039212,0.0565501,0.123261,0.0712033,0.0909092,
138,0.0006269,0.0981164,0.0444824,0.1273824,0.0709002,0.0340444,
139,0.0001862,0.0928304,0.0253622,0.0791755,0.0721136,0.0188199,
140,0.0003173,0.0517142,0.0227832,0.0649196,0.0565156,0.0459653,
141,0.0005664,0.101341,0.0591073,0.0563885,0.0879726,0.0448398,
142,0.0007046,0.1238709,0.0464475,0.122046,0.1252265,0.0826195,
143,0.0006887,0.0785898,0.0613224,0.0806855,0.0928991,0.0508759,
144,0.0003835,0.0598712,0.0233077,0.0423996,0.0591954,0.0538986,
145,0.0006152,0.0141027,0.0429066,0.0643214,0.0427505,0.0305612,
146,0.0005291,0.0475637,0.039566,0.0614782,0.0188258,0.0110004,
147,0.0003997,0.0447725,0.0333731,0.0398516,0.0323301,0.0273458,
148,0.0001785,0.0390921,0.0899893,0.0513663,0.031995,0.028969,
149,0.0005328,0.0278283,0.0526661,0.0296442,0.0384843,0.0474505,
150,0.0002245,0.0256965,0.009217,0.031755,0.0666538,0.0196951,
151,0.0006062,0.0720284,0.0242391,0.0165266,0.0804017,0.0601672,
152,0.0004122,0.0537272,0.0324121,0.0309582,0.0516612,0.0573784,
153,0.0005287,0.0662359,0.0486457,0.0413468,0.1265278,0.0831327,
154,0.0001722,0.1566654,0.0320993,0.1945014,0.1658471,0.2034628,
155,0.0004965,0.0721947,0.0257755,0.1273616,0.0716501,0.1685119,
156,0.0005978,0.0360924,0.0324609,0.0497975,0.062609,0.0489449,
157,0.000495,0.0512933,0.0372753,0.0641581,0.0556964,0.0900249,
158,0.0002834,0.0627906,0.0351272,0.0463213,0.0679752,0.0853116,
159,0.0003619,0.0227337,0.0587164,0.0295144,0.030696,0.0525535,
160,0.0005532,0.037151,0.0803245,0.0394971,0.0665488,0.0380953,
161,0.0007764,0.0404656,0.0359997,0.0483306,0.0651229,0.0382815,
162,0.0006962,0.0465101,0.0588341,0.0695363,0.0615236,0.0250964,
163,0.0003798,0.0537105,0.0571899,0.0382507,0.0498603,0.0355076,
164,0.0005951,0.0796894,0.0439516,0.0166392,0.074081,0.0632655,
165,0.0006412,0.1157837,0.0676709,0.074917,0.0876412,0.0565652,
166,0.0003431,0.1454946,0.0673484,0.0569495,0.094928,0.0680478,
167,0.0005039,0.1755179,0.0789504,0.0599095,0.1138165,0.1466483,
168,0.0005715,0.2052143,0.0969037,0.1194752,0.1238674,0.250434,
169,0.0005932,0.2698875,0.0524134,0.0656868,0.1086032,0.2222807,
170,0.0004214,0.2217958,0.0265075,0.0795813,0.0711692,0.1950855,
171,0.0006027,0.1125071,0.0468457,0.0510759,0.0833081,0.1439204,
172,0.0005248,0.0888859,0.0713172,0.0743128,0.1079688,0.0892572,
173,0.0005561,0.0855211,0.0513897,0.0553717,0.087662,0.0943195,
174,0.0006782,0.0712642,0.0589331,0.0233245,0.052188,0.0780122,
175,0.000772,0.0799762,0.052282,0.0546001,0.0470791,0.0652052,
176,0.0006155,0.0533184,0.0615576,0.0580507,0.076043,0.070866,
177,0.0005076,0.0498437,0.0693859,0.0421854,0.0566808,0.0731285,
178,0.0007018,0.0970884,0.0643101,0.0702844,0.0551131,0.1508033,
179,0.0004545,0.0967821,0.0250681,0.0634235,0.0430248,0.1289633,
180,0.0002653,0.0661209,0.0802427,0.0519079,0.0593814,0.1440826,
181,0.0007229,0.0734712,0.0697806,0.0502593,0.0610746,0.1232672,
182,0.0006488,0.0813536,0.0592526,0.026223,0.081184,0.1131383,
183,0.0004661,0.0273449,0.096704,0.0636976,0.0765785,0.1081562,
184,0.0004896,0.0503463,0.0704251,0.0855002,0.0784122,0.1055778,
185,0.0004178,0.0296719,0.0634306,0.0208492,0.0684545,0.1273979,
186,0.000419,0.0969642,0.0436781,0.086526,0.0750917,0.1403489,
187,0.0004857,0.1042335,0.0491555,0.0878949,0.1017153,0.1167081,
188,0.0004448,0.0801123,0.0530025,0.0643833,0.0993079,0.1604534,
189,0.0005253,0.0759498,0.061878,0.1538512,0.1198973,0.1660078,
190,0.0005419,0.0885943,0.0819476,0.1572268,0.1210185,0.1557054,
191,0.0003954,0.0871574,0.1252934,0.2514355,0.222066,0.159098,
192,0.0004753,0.0570184,0.1002073,0.0480643,0.0922382,0.0983907,
193,0.0005991,0.0744675,0.0667049,0.1302465,0.0887104,0.1856012,
194,0.0004411,0.1326613,0.0354181,0.0739476,0.0551004,0.1518583,
195,0.000719,0.1385167,0.0449277,0.0455361,0.124813,0.0706931,
196,0.0003957,0.1232447,0.0747926,0.0354976,0.1723396,0.0763268,
197,0.0002116,0.0991258,0.013599,0.0350502,0.1134465,0.0978519,
198,0.000424,0.0833121,0.0322162,0.1092096,0.1016577,0.0895413,
199,0.0006618,0.0311769,0.0395653,0.0522917,0.0999878,0.0740466,
200,0.0006648,0.0141824,0.0443269,0.0227467,0.1207241,0.0715093,
201,0.0004449,0.0104709,0.0420626,0.0378809,0.145839,0.0707514,
202,0.0005267,0.0502244,0.03973,0.0790402,0.1338896,0.0434672,
203,0.000439,0.0206407,0.0557987,0.0222124,0.1061791,0.0417734,
204,0.0003551,0.0381569,0.0337608,0.0353151,0.0989879,0.0425274,
205,0.0005503,0.0535377,0.03587,0.0485627,0.121138,0.0296063,
206,0.0004353,0.0585394,0.0445751,0.0211837,0.1259062,0.0339889,
207,0.0004925,0.0307029,0.065449,0.0172536,0.1059423,0.0399303,
208,0.0005314,0.0157647,0.0604047,0.0522029,0.1012528,0.0732436,
209,0.0004114,0.0709215,0.0489422,0.0464113,0.0806713,0.0351998,
210,0.0006024,0.0628694,0.073307,0.0260013,0.1036749,0.0467402,
211,0.0005168,0.0362513,0.0601947,0.0848969,0.102644,0.05364,
212,0.0004872,0.0220219,0.0859247,0.0435961,0.1511906,0.0410096,
213,0.0004354,0.0622373,0.132858,0.0211451,0.1617585,0.0937095,
214,0.0006152,0.0674531,0.115583,0.1179067,0.12658,0.1181782,
215,0.0004679,0.1331633,0.1874757,0.2249921,0.1333974,0.18717,
216,0.0005832,0.0341489,0.1778277,0.1285892,0.1852853,0.1327435,
217,0.0003038,0.0764643,0.1287223,0.1150073,0.2677161,0.121686,
218,0.0004328,0.0907957,0.1516276,0.0930358,0.2368756,0.191278,
219,0.0005559,0.0385862,0.1514896,0.0828022,0.2211486,0.1782181,
220,0.0006335,0.0766556,0.1022381,0.0833452,0.2179452,0.0322606,
221,0.0005925,0.0839771,0.129318,0.1156122,0.2698297,0.0758189,
222,0.0003792,0.1593855,0.1991973,0.1442192,0.4226898,0.266573,
223,0.0004596,0.16595,0.132427,0.1141372,0.1601026,0.1211412,
224,0.0004432,0.2022866,0.1626264,0.0913406,0.165195,0.3350457,
225,0.0006439,0.1887284,0.1590103,0.0547039,0.1639337,0.2319564,
226,0.0006339,0.2414144,0.165821,0.0759462,0.1073964,0.1425796,
227,0.0006268,0.238659,0.1694613,0.0857552,0.1275916,0.1132027,
228,0.0002769,0.2644902,0.1621132,0.1300862,0.1342638,0.1350201,
229,0.0002803,0.1501026,0.1635614,0.1636731,0.1571976,0.113881,
230,0.0006456,0.1639466,0.1152705,0.1070035,0.1920985,0.1226251,
231,0.0004481,0.1747427,0.1376428,0.0845009,0.1737548,0.1065964,
232,0.0005829,0.2068223,0.2306977,0.1313737,0.1833772,0.176332,
233,0.0005247,0.195357,0.1443993,0.1133451,0.1972477,0.1613917,
234,0.0004654,0.1862407,0.108815,0.0354495,0.197201,0.0979679,
235,0.0007783,0.2093163,0.092305,0.063146,0.2098496,0.1510074,
236,0.0002009,0.2168246,0.1404415,0.0617738,0.2203065,0.1450185,
237,0.0005417,0.1182104,0.1174937,0.0526041,0.1112153,0.1317232,
238,0.0003792,0.1225018,0.0623717,0.0502228,0.1228369,0.1132085,
239,0.000376,0.0698923,0.0606713,0.063603,0.1365985,0.0621154,
240,0.0008129,0.0820405,0.0883923,0.0668299,0.1521425,0.0602007,
241,0.0003241,0.1061577,0.0896715,0.0720267,0.1583685,0.0557311,
242,0.0004832,0.1026256,0.1211883,0.0858787,0.1443225,0.0512018,
243,0.0006503,0.13433,0.1886733,0.145787,0.2000092,0.084718,
244,0.0004415,0.1722945,0.1496507,0.1137177,0.245529,0.0848417,
245,0.0003339,0.111258,0.1274869,0.1505997,0.1947594,0.0647265,
246,0.0005845,0.1028778,0.0669018,0.1106622,0.1673035,0.0783221,
247,0.000273,0.1858162,0.0677008,0.024952,0.1990044,0.0808159,
248,0.0004755,0.1820085,0.0387822,0.0216352,0.2489655,0.0483479,
249,0.0006697,0.1588731,0.0324886,0.0848698,0.2034158,0.0697291,
250,0.0005151,0.0662289,0.0974697,0.0794189,0.2091731,0.0897864,
251,0.0003454,0.1503085,0.2079567,0.1122156,0.2539399,0.1489654,
252,0.000302,0.1276644,0.2173384,0.1365059,0.2566734,0.1204979,
253,0.0005697,0.1000803,0.1309612,0.0583286,0.1997002,0.0962318,
254,0.0006299,0.0951856,0.1627888,0.0728047,0.2359029,0.045574,
255,0.0001835,0.1135024,0.2202822,0.1172555,0.2758099,0.032947,
256,0.0004968,0.1332973,0.1862037,0.0846827,0.2302533,0.0768537,
257,0.0007754,0.1242568,0.1698222,0.0636259,0.2136899,0.0848236,
258,0.0003376,0.1490708,0.1845182,0.03717,0.2010821,0.1111658,
259,0.0007678,0.1295726,0.1563279,0.0833564,0.2003839,0.1026051,
260,0.0004395,0.1634158,0.1528033,0.0972312,0.2000711,0.1226884,
261,0.0006409,0.1025559,0.114033,0.0988885,0.1768415,0.1354618,
262,0.0006953,0.1421407,0.1425878,0.0996077,0.1888327,0.192296,
263,0.0004493,0.1523641,0.1494038,0.1120768,0.153644,0.1559094,
264,0.0006466,0.1108779,0.1119231,0.0878122,0.1303893,0.1176568,
265,0.0003276,0.0968893,0.1141528,0.0722874,0.1228364,0.1584783,
266,0.0003612,0.127986,0.1350719,0.0662938,0.1412942,0.1775871,
267,0.0005322,0.0986391,0.1085553,0.0807393,0.1620361,0.1478954,
268,0.0004862,0.0478291,0.0810823,0.0413172,0.1177871,0.1535866,
269,0.0002679,0.1009921,0.0923327,0.0936997,0.1332747,0.2616194,
270,0.0005202,0.0876213,0.1216587,0.0943261,0.1459055,0.253195,
271,0.0005622,0.0423597,0.167855,0.0502017,0.1429676,0.2224831,
272,0.0004666,0.0785212,0.1416367,0.0221387,0.1143385,0.2429548,
273,0.0006324,0.1094828,0.1454958,0.0608543,0.1068048,0.2960555,
274,0.0003581,0.1110593,0.1296283,0.0763132,0.1630165,0.2988359,
275,0.0004477,0.08596,0.1971701,0.0790726,0.202228,0.2728305,
276,0.0005411,0.0769284,0.2398082,0.0933563,0.1187163,0.3777041,
277,0.0003693,0.1061955,0.3287709,0.0922362,0.0235715,0.4590106,
278,0.0005223,0.0528724,0.416877,0.1058238,0.0490281,0.3698342,
279,0.0002917,0.0604075,0.1530962,0.0839398,0.0526226,0.2971901,
280,0.0002988,0.065901,0.0274045,0.0797659,0.1164444,0.1650463,
281,0.0005384,0.0604708,0.0610691,0.1164994,0.1804939,0.133476,
282,0.0006325,0.0538699,0.0717985,0.0917186,0.1170197,0.1556949,
283,0.0007784,0.0784336,0.077021,0.1685926,0.1362233,0.1733747,
284,0.0006301,0.0647899,0.0717682,0.0985093,0.0840184,0.1695962,
285,0.0005954,0.0435664,0.090883,0.1119018,0.1547048,0.183555,
286,0.0005455,0.0587797,0.0958634,0.0655398,0.1308385,0.1279262,
287,0.0004936,0.0639152,0.0611777,0.0941946,0.1404449,0.0713355,
288,0.0005367,0.0468506,0.0354178,0.054482,0.0839228,0.0754073,
289,0.0006588,0.0169626,0.0214318,0.0206473,0.0868642,0.0586207,
290,0.0003381,0.0642368,0.0329264,0.0233023,0.0757903,0.0645335,
291,0.0006476,0.0842701,0.025007,0.0235688,0.1426602,0.0313704,
292,0.0004102,0.0725087,0.0367247,0.0205983,0.17827,0.0775049,
293,0.000403,0.0806795,0.0688018,0.0171301,0.1746064,0.1657241,
294,0.0005447,0.0310378,0.0599307,0.0256194,0.2118668,0.1267027,
295,0.0002116,0.0545869,0.0802481,0.0843263,0.1802612,0.0556088,
296,0.0003147,0.0834186,0.0780604,0.0888188,0.1373984,0.0499971,
297,0.000548,0.0281989,0.0730871,0.1041437,0.2307628,0.1803926,
298,0.0004484,0.0530448,0.1169516,0.125379,0.2351537,0.2458052,
299,0.0003626,0.0658988,0.1171438,0.0957914,0.1666458,0.1958495,
300,0.000676,0.0640668,0.0884354,0.0833247,0.1456951,0.0928963,
301,0.0005327,0.0694113,0.0898104,0.1180655,0.2057154,0.1195183,
302,0.0003793,0.1395158,0.1054167,0.1100281,0.2330712,0.1251373,
303,0.0005376,0.0781731,0.070659,0.0933479,0.0530444,0.1475307,
304,0.0005479,0.0769865,0.0852372,0.1015284,0.1115173,0.1250139,
305,0.0004873,0.116846,0.112235,0.0994068,0.0920114,0.0915465,
306,0.0001339,0.0796025,0.0608992,0.213778,0.0791775,0.202727,
307,0.0005578,0.1521333,0.0528028,0.0925704,0.0673837,0.0892152,
308,0.0003234,0.0331264,0.029863,0.0900804,0.1081035,0.074349,
309,0.0006528,0.0303402,0.0210122,0.0689572,0.1100096,0.0844125,
310,0.0006772,0.061104,0.0236892,0.0677947,0.1160768,0.0964919,
311,0.0005718,0.0410764,0.0192293,0.0415227,0.1000707,0.0757622,
312,0.0005647,0.0712876,0.0161237,0.0630626,0.1223106,0.0774138,
313,0.0002964,0.0712785,0.028731,0.0635735,0.1370349,0.0612848,
314,0.0005871,0.0653487,0.0532254,0.0509895,0.1010951,0.0529652,
315,0.0004812,0.0586511,0.0787174,0.0477515,0.0929866,0.0363495,
316,0.0003429,0.0452776,0.0348885,0.0362092,0.0367023,0.0372588,
317,0.0004467,0.0555539,0.0477328,0.0308307,0.0404885,0.0362534,
318,0.0004859,0.0282067,0.0365552,0.0554885,0.0493906,0.0899534,
319,0.0004833,0.0177738,0.0098855,0.0500762,0.0318415,0.0814964,
320,0.0006072,0.0233604,0.0342383,0.0346895,0.0527626,0.0633297,
321,0.0004173,0.0665045,0.0991463,0.0444734,0.0347852,0.0683215,
322,0.000174,0.059259,0.0685598,0.044201,0.0510455,0.07548,
323,0.0006003,0.0331867,0.0494719,0.0158797,0.0775342,0.0677891,
324,0.0001605,0.0423571,0.0375013,0.0102637,0.0767086,0.0501238,
325,0.0005596,0.0125505,0.0244235,0.0425376,0.0761476,0.0432504,
326,0.0003808,0.0311262,0.031088,0.0713532,0.1110318,0.0230692,
327,0.0003483,0.06205,0.0852475,0.1210831,0.1357254,0.0526736,
328,0.0005729,0.111819,0.1024234,0.1371661,0.1758213,0.1033446,
329,0.0007222,0.1519317,0.0551242,0.3013456,0.1888345,0.1892884,
330,0.0004781,0.1280386,0.1753139,0.2955761,0.2116865,0.0812269,
331,0.000447,0.0901063,0.0736172,0.1576447,0.1868245,0.0723214,
332,0.0007015,0.0902223,0.067898,0.1100105,0.1535573,0.0486011,
333,0.0005502,0.1115606,0.0683666,0.0645195,0.1451763,0.0185673,
334,0.0002953,0.0530123,0.0395187,0.0270199,0.0883604,0.0618294,
335,0.0005662,0.0469406,0.0273756,0.0426417,0.1038488,0.0350122,
336,0.0007032,0.0649289,0.0314211,0.0447544,0.0423459,0.0667178,
337,0.0003255,0.0668838,0.0218358,0.0398079,0.0411026,0.0571774,
338,0.0005466,0.0698238,0.0763,0.0712239,0.0511888,0.0806364,
339,0.000432,0.1049098,0.0817785,0.0548916,0.1292176,0.0675909,
340,0.0006464,0.0869222,0.0540326,0.1379955,0.0921652,0.0642045,
341,0.0005166,0.085983,0.0392117,0.0895144,0.0882624,0.0579009,
342,0.0004791,0.0794923,0.0284757,0.0187193,0.0742702,0.0615322,
343,0.0006831,0.0782401,0.0501,0.0216108,0.0820619,0.0921484,
344,0.0003421,0.0912618,0.0566854,0.0516524,0.0933551,0.0697257,
345,0.0004419,0.0906042,0.0470418,0.0985611,0.1017984,0.0377149,
346,0.0005032,0.0486859,0.0931738,0.0846976,0.095575,0.0247506,
347,0.000471,0.0616993,0.1059234,0.0980385,0.1102622,0.0584733,
348,0.0006574,0.0762415,0.1245081,0.0691629,0.1376402,0.0724027,
349,0.0005606,0.0735986,0.1259488,0.1514276,0.1504855,0.0430561,
350,0.0004459,0.0559593,0.1608551,0.0498865,0.1636986,0.1002498,
351,0.000451,0.0456936,0.1035411,0.0655417,0.1565542,0.122738,
352,0.0003489,0.1630756,0.1543262,0.1812756,0.1399756,0.163149,
353,0.0004394,0.0502033,0.1127488,0.1717867,0.1188489,0.1694506,
354,0.0002298,0.0451521,0.1398969,0.1053177,0.1524451,0.1435704,
355,0.0002484,0.0981621,0.1957026,0.105187,0.1315303,0.1280132,
356,0.0004924,0.1331454,0.1215914,0.1145848,0.1489957,0.138029,
357,0.0003819,0.1218599,0.10024,0.1000608,0.1383093,0.1075415,
358,0.000493,0.0873349,0.1144846,0.0890129,0.0916271,0.1317732,
359,0.0005332,0.1417323,0.1035932,0.1420384,0.1531873,0.1064249,
360,0.0005715,0.1125521,0.0599131,0.2245229,0.1867319,0.0620767,
361,0.0003769,0.1554389,0.1202348,0.2752174,0.3385482,0.1174318,
362,0.0004312,0.1927722,0.1634087,0.0784724,0.3956594,0.218484,
363,0.0007339,0.1360279,0.1148707,0.1031691,0.3137916,0.1880793,
364,0.0006474,0.1446696,0.1118151,0.0458049,0.3065484,0.1150585,
365,0.0003306,0.1460793,0.0836864,0.0477131,0.2877313,0.1967421,
366,0.0006863,0.1415953,0.0371466,0.1552441,0.2690845,0.274922,
367,0.0003145,0.144374,0.089934,0.0822758,0.3268729,0.1380605,
368,0.000541,0.0596426,0.0867114,0.1525075,0.3158467,0.0895323,
369,0.0006449,0.0382706,0.1043982,0.1560797,0.3474677,0.0858248,
370,0.0003014,0.0221991,0.1878637,0.1797049,0.3858809,0.1107725,
371,0.0005441,0.0488975,0.1656973,0.1380083,0.2533396,0.1167501,
372,0.0005858,0.0345395,0.1225626,0.1309761,0.1416615,0.0722706,
373,0.0006141,0.0284989,0.0799801,0.1404779,0.0994742,0.0886037,
374,0.0005485,0.0290208,0.0432084,0.0600568,0.1091057,0.126928,
375,0.0003459,0.0418139,0.0331663,0.0865331,0.1044924,0.10238,
376,0.0005266,0.1205074,0.1098635,0.0566611,0.062782,0.1288581,
377,0.0003908,0.1999542,0.1856632,0.1976713,0.1240894,0.1887514,
378,0.0005849,0.2043861,0.110485,0.2067017,0.2377992,0.1966553,
379,0.0003939,0.1115147,0.0990838,0.1373964,0.1845763,0.0891125,
380,0.0006558,0.1047345,0.1030419,0.1615948,0.1443179,0.1043595,
381,0.0007111,0.0584726,0.1031132,0.1436679,0.1383941,0.0890982,
382,0.000456,0.0760613,0.1154506,0.1650026,0.1674051,0.0812326,
383,0.0007247,0.0468641,0.0670327,0.0796195,0.1551754,0.0928425,
384,0.0003809,0.0643019,0.0899945,0.0806869,0.1692681,0.0934664,
385,0.0004075,0.0613431,0.1132294,0.0747064,0.1586029,0.0603244,
386,0.000404,0.0523443,0.1084151,0.117407,0.1179961,0.0332357,
387,0.0003607,0.0827466,0.1497297,0.137142,0.0439845,0.1068984,
388,0.0006342,0.1317919,0.1230206,0.1244762,0.074,0.1704444,
389,0.0006169,0.1334966,0.0645926,0.1411417,0.0705472,0.1128531,
390,0.0004362,0.0519426,0.0370018,0.1193029,0.0644564,0.0908085,
391,0.0004455,0.0570693,0.0277142,0.1128329,0.0666898,0.0341199,
392,0.0006562,0.0660803,0.0319989,0.1291163,0.0652892,0.0654042,
393,0.0001183,0.1208378,0.0947263,0.0986899,0.1136166,0.065486,
394,0.0005601,0.1192001,0.0984247,0.0823942,0.0991871,0.120957,
395,0.0003541,0.0818252,0.0577812,0.0770682,0.1577607,0.0503307,
396,0.0007863,0.0642253,0.0794886,0.0911071,0.1455314,0.0820965,
397,0.0004626,0.0651773,0.0728858,0.1257646,0.1574759,0.0439985,
398,0.0006733,0.0721879,0.1006772,0.2101129,0.1729363,0.1030819,
399,0.0004461,0.1289826,0.0844145,0.1806212,0.180951,0.0963754,
400,0.0004714,0.0831611,0.0807197,0.1170395,0.0950845,0.0734597,
401,0.0005635,0.0718002,0.0675594,0.1265849,0.0298335,0.076296,
402,0.0007761,0.076899,0.0751981,0.191496,0.0437866,0.1461872,
403,0.0005723,0.1208446,0.0720566,0.0973993,0.0239753,0.0929288,
404,0.0006587,0.0583093,0.0556174,0.062266,0.0440476,0.0564808,
405,0.0001464,0.0507602,0.0863313,0.073556,0.0412732,0.0689377,
406,0.0006268,0.0377894,0.0568214,0.0428685,0.0496944,0.0665217,
407,0.0007827,0.0352198,0.0489016,0.0314616,0.0762053,0.0529846,
408,0.0003549,0.036282,0.0416639,0.0609202,0.0736728,0.13088,
409,0.0003414,0.0568038,0.0266468,0.0852694,0.0540505,0.1444088,
410,0.0006478,0.0351104,0.0420203,0.0834994,0.0432968,0.0985955,
411,0.0002589,0.069096,0.0622902,0.0542633,0.0393386,0.0926798,
412,0.000597,0.0645411,0.0756863,0.0970126,0.0223879,0.0890492,
413,0.0005803,0.0484643,0.0950743,0.0719075,0.0402729,0.0810708,
414,0.0006681,0.0561407,0.0805116,0.0226718,0.0662169,0.0554894,
415,0.0003415,0.0917809,0.0722161,0.0300105,0.0789753,0.0640408,
416,0.0005266,0.0228823,0.0679203,0.0302934,0.0665903,0.0549367,
417,0.0005761,0.066881,0.0589457,0.0263467,0.096919,0.0376371,
418,0.0003749,0.0660127,0.0517672,0.0232493,0.0722245,0.0132237,
419,0.0005049,0.0228378,0.0153455,0.0344031,0.0725046,0.0266249,
420,0.0003425,0.0225283,0.0208916,0.0605176,0.0665547,0.0227619,
421,0.000502,0.0397665,0.0449885,0.0712399,0.0729354,0.0542505,
422,0.0007049,0.0375326,0.0172736,0.0579796,0.0319113,0.0788179,
423,0.0003925,0.0676589,0.0278435,0.0736466,0.0250269,0.0674413,
424,0.0004674,0.06449,0.0332849,0.1189701,0.1043849,0.0888631,
425,0.0003514,0.0944944,0.0709942,0.1502962,0.1192916,0.1483321,
426,0.0003207,0.0437054,0.0428123,0.1517896,0.0940696,0.1293522,
427,0.0007459,0.1002767,0.0410213,0.1184129,0.0860263,0.1085294,
428,0.00064,0.0887286,0.080724,0.0779931,0.0866664,0.1077648,
429,0.0003533,0.0812335,0.0919016,0.0929015,0.0736587,0.1184683,
430,0.0004601,0.0455581,0.0267135,0.109906,0.0694979,0.0578196,
431,0.0002256,0.0241425,0.0184099,0.027935,0.0690516,0.0261061,
432,0.0004188,0.0364505,0.0212997,0.0167329,0.0604252,0.0231514,
433,0.0001404,0.0335636,0.01884,0.0367648,0.0772452,0.0263031,
434,0.0006803,0.0566317,0.0473106,0.0064341,0.098232,0.0476422,
435,0.0004403,0.10847,0.0386466,0.0460279,0.1184965,0.0644398,
436,0.0004587,0.0736267,0.0468652,0.0432857,0.0942386,0.0397121,
437,0.0005272,0.0724319,0.0650208,0.0459596,0.074493,0.0383751,
438,0.0004137,0.0384898,0.0947345,0.0346793,0.0715184,0.0512344,
439,0.0004126,0.0694033,0.1533619,0.0376427,0.067245,0.0659899,
440,0.0006654,0.1053241,0.0806721,0.0637525,0.0953113,0.0416696,
441,0.0006386,0.1018591,0.0620217,0.0445965,0.0849429,0.0301426,
442,0.0002113,0.0981145,0.0502729,0.0095537,0.1088432,0.0610905,
443,0.0007873,0.0947244,0.0901193,0.0202495,0.1128994,0.040454,
444,0.0005256,0.0458841,0.096075,0.0192236,0.0459839,0.0671328,
445,0.0004586,0.0419651,0.0793437,0.0817048,0.0574583,0.0739279,
446,0.0007226,0.0771191,0.0765226,0.0770163,0.0907234,0.1114763,
447,0.0005467,0.0794694,0.1053605,0.0692756,0.0942737,0.0687191,
448,0.0001664,0.1087255,0.1578945,0.1098448,0.0739675,0.0464405,
449,0.000451,0.2041951,0.1295819,0.0587533,0.1020848,0.075164,
450,0.0003174,0.0615699,0.0956138,0.0149573,0.0874776,0.0852225,
451,0.0002232,0.0342307,0.0551456,0.0219736,0.1137356,0.0734875,
452,0.0004122,0.0495486,0.0508263,0.0174457,0.0753998,0.0644691,
453,0.0004378,0.0323596,0.0380424,0.0092083,0.0366585,0.0798145,
454,0.0004856,0.0491157,0.0203458,0.0313454,0.021802,0.0654372,
455,0.0004205,0.0357737,0.0488309,0.0480114,0.054958,0.0751148,
456,0.0003684,0.0141347,0.090606,0.0226461,0.0472381,0.038558,
457,0.0005337,0.0373209,0.0791226,0.0453803,0.0486719,0.048165,
458,0.0003239,0.0660327,0.066012,0.0296506,0.0872555,0.0924264,
459,0.0003721,0.0471239,0.0681814,0.0789985,0.1131301,0.1114318,
460,0.0005574,0.0797652,0.0510234,0.0612569,0.1900994,0.10609,
461,0.000372,0.0633551,0.0712359,0.0732716,0.1718118,0.1330374,
462,0.0004989,0.0544907,0.0466536,0.0582187,0.0585287,0.0727236,
463,0.0004473,0.0126528,0.0464401,0.0497739,0.0570851,0.1029603,
464,0.0005485,0.0414621,0.0696923,0.0533602,0.0460963,0.0504546,
465,0.0005503,0.0305261,0.0046213,0.0468233,0.0436716,0.0531995,
466,0.0007056,0.027944,0.0286376,0.0333963,0.0386912,0.0731106,
467,0.000614,0.0241124,0.056621,0.0138655,0.0279352,0.0627755,
468,0.0006915,0.0140275,0.046611,0.0291365,0.0333079,0.0589123,
469,0.0003414,0.0414172,0.049567,0.0378721,0.0408732,0.0932777,
470,0.0006743,0.0295154,0.0444521,0.0306505,0.074234,0.0422504,
471,0.0005307,0.060123,0.0459028,0.0251867,0.1073298,0.0471704,
472,0.0006966,0.0713224,0.0912586,0.0474036,0.118602,0.0623486,
473,0.0005119,0.0579988,0.1098588,0.0627018,0.1243473,0.0682549,
474,0.0004453,0.0151262,0.2005342,0.1158725,0.1512999,0.0908902,
475,0.0004801,0.0567772,0.1640697,0.0928963,0.1549329,0.0307117,
476,0.0005223,0.0679277,0.1334209,0.1133196,0.1208204,0.1203038,
477,0.0003386,0.073687,0.0801145,0.0560879,0.1395617,0.02806,
478,0.000477,0.0629714,0.0529516,0.0325421,0.0826913,0.0344807,
479,0.0005559,0.1000786,0.0618828,0.0331276,0.0737078,0.0309397,
480,0.0003293,0.0724143,0.0573146,0.033266,0.0499477,0.0403212,
481,0.0003381,0.0209745,0.0608971,0.0278504,0.0602284,0.0402679,
482,0.000488,0.0261251,0.0678305,0.0329549,0.0442702,0.0245943,
483,0.0005181,0.0139435,0.0185231,0.0555025,0.0668762,0.0541229,
484,0.0006672,0.0413067,0.0147781,0.1420732,0.0593035,0.0717857,
485,0.0004967,0.0565697,0.0348893,0.1291635,0.0744184,0.0263741,
486,0.00039,0.0846441,0.0247188,0.0803792,0.0500313,0.0711438,
487,0.0005591,0.0689168,0.0120472,0.0514333,0.0331944,0.0343043,
488,0.0004146,0.0395198,0.0267088,0.0854709,0.0491662,0.0290663,
489,0.0003969,0.0478663,0.1073008,0.1163111,0.0750208,0.0874735,
490,0.0005195,0.1091787,0.1110811,0.0841234,0.0508972,0.0373835,
491,0.0004326,0.0879215,0.0622108,0.0954191,0.0619116,0.0576709,
492,0.000492,0.1423626,0.0526967,0.1055804,0.1247384,0.1299258,
493,0.0004526,0.1264656,0.1229802,0.0607203,0.1287319,0.0967159,
494,0.000554,0.1228523,0.133905,0.1200095,0.1586852,0.1193812,
495,0.0003655,0.1310331,0.1256525,0.1302586,0.1902878,0.1260472,
496,0.0005648,0.1937102,0.1175983,0.1507182,0.1879566,0.1195099,
497,0.000557,0.3137751,0.1068623,0.1414367,0.2127799,0.1686037,
498,0.0008308,0.21982,0.0785445,0.0449081,0.2477257,0.1440127,
499,0.0006009,0.2212285,0.132425,0.0755936,0.3515989,0.2167661,
500,0.0005965,0.1108172,0.2563113,0.071842,0.1928456,0.18519,
501,0.0004199,0.0462729,0.2019546,0.093768,0.1433626,0.3193494,
502,0.0005516,0.0498022,0.1803481,0.2287811,0.0901117,0.4217392,
503,0.0005081,0.0706908,0.1042007,0.1335836,0.126159,0.0386924,
504,0.000337,0.0660242,0.007157,0.0866362,0.1440734,0.066295,
505,0.0003638,0.0631803,0.0280026,0.1052121,0.1275364,0.0255494,
506,0.0005152,0.0190827,0.0385517,0.0571564,0.0911005,0.0615743,
507,0.0004373,0.0170294,0.0602574,0.0350821,0.0928962,0.0687288,
508,0.0006659,0.0281747,0.0394371,0.034807,0.0643525,0.0562243,
509,0.0007679,0.0493167,0.041158,0.0362161,0.0723041,0.0511753,
510,0.0006863,0.028424,0.0518388,0.0656954,0.0730077,0.0554372,
511,0.0004458,0.0270453,0.0525513,0.0319695,0.0840569,0.0404242,
512,0.0004625,0.0262978,0.0599616,0.0243691,0.0888849,0.0525706,
513,0.0005113,0.0251847,0.0778944,0.0298935,0.0805058,0.1040442,
514,0.000486,0.0499378,0.0918186,0.0473637,0.0649663,0.1007036,
515,0.0002631,0.0422697,0.0486168,0.0614794,0.0549402,0.0825655,
516,0.0006527,0.0588955,0.0065751,0.0568426,0.0757826,0.149272,
517,0.0004472,0.0732762,0.0333818,0.0841319,0.0928438,0.1912784,
518,0.0005233,0.0665365,0.056344,0.0954464,0.0945847,0.1535371,
519,0.000523,0.0859099,0.0429706,0.0654284,0.1117068,0.1661899,
520,0.0004405,0.0775452,0.0355319,0.0912099,0.1341268,0.1782667,
521,8.58e-05,0.0521997,0.2781775,0.0971837,0.0787909,0.3723098,
522,0.0004443,0.0307424,0.3742369,0.0794398,0.0604984,0.2818219,
523,0.0006247,0.0602435,0.2883989,0.1154111,0.0923064,0.2262823,
524,0.0005166,0.0614939,0.2718861,0.0667051,0.1087134,0.2504658,
525,0.0005236,0.0646183,0.2152444,0.0625956,0.0735038,0.2347166,
526,0.0006738,0.100009,0.1517171,0.0541776,0.0849711,0.1870271,
527,0.0006339,0.1459547,0.1438337,0.0427766,0.1083406,0.1762048,
528,0.0004502,0.0910383,0.0997031,0.1073451,0.0645217,0.2496112,
529,0.0003346,0.0708186,0.1895997,0.1517341,0.0543891,0.2088325,
530,0.000711,0.0763316,0.1839859,0.1660922,0.0552566,0.130214,
531,0.0004122,0.0974126,0.0736274,0.2233751,0.042732,0.0974701,
532,0.0005539,0.0926619,0.0489352,0.1566364,0.1056738,0.1406259,
533,0.0005745,0.0946551,0.0795904,0.1657987,0.1077209,0.1132373,
534,0.0006685,0.1488508,0.0972463,0.1483755,0.1000771,0.130223,
535,0.000394,0.1373969,0.0784935,0.1267902,0.0655333,0.1150773,
536,0.0006148,0.0829322,0.0636088,0.0810883,0.0591611,0.0609705,
537,0.0001338,0.0758224,0.072075,0.0934543,0.0536015,0.0800223,
538,0.0004341,0.0580164,0.0868396,0.0846706,0.0794372,0.098225,
539,0.0002522,0.0448386,0.0461997,0.0681228,0.0848658,0.0839462,
540,0.0005054,0.0599793,0.0715626,0.0726911,0.0962938,0.1238551,
541,0.0006919,0.0886275,0.0758716,0.1442464,0.1114249,0.1841166,
542,0.0005577,0.0838286,0.046519,0.161939,0.0821801,0.2922136,
543,0.0005523,0.0877839,0.0641692,0.0757448,0.0713432,0.2213777,
544,0.0005161,0.0638599,0.0314744,0.0753531,0.1456076,0.1087849,
545,0.0007889,0.0533354,0.0748514,0.0713131,0.1096585,0.0922426,
546,0.0004493,0.0371054,0.0446765,0.0810611,0.1042608,0.0753171,
547,0.0005851,0.0724757,0.0455737,0.0986119,0.0950051,0.1356265,
548,0.0006971,0.0532831,0.0404204,0.0606892,0.0725946,0.1108071,
549,0.0004852,0.0801517,0.0910171,0.1082605,0.07441,0.1511353,
550,0.0005042,0.1147975,0.0964773,0.1414317,0.0831448,0.1352134,
551,0.0004049,0.107471,0.0317786,0.1094124,0.0938898,0.1759614,
552,0.0005617,0.1226824,0.0603403,0.0428473,0.0999781,0.1907177,
553,0.0005901,0.1431005,0.0889902,0.0694356,0.0670605,0.1436528,
554,0.0004046,0.100112,0.0817379,0.0840696,0.0670047,0.1593022,
555,0.0005837,0.1080094,0.0488305,0.0832438,0.1531835,0.1556774,
556,0.0003785,0.0835949,0.0596628,0.1190763,0.1110345,0.1294507,
557,0.0002289,0.0834378,0.0840736,0.135581,0.0964479,0.1229432,
558,0.000558,0.1376977,0.0802813,0.1217548,0.111457,0.148701,
559,0.0002865,0.0551614,0.0829414,0.0383105,0.1183953,0.1148303,
560,0.0004582,0.0314653,0.1050973,0.0832199,0.1600547,0.098222,
561,0.0003621,0.0808228,0.1157222,0.0916706,0.1329363,0.1904819,
562,0.0003006,0.1013361,0.1254753,0.0679736,0.1191667,0.1882361,
563,0.0005058,0.0892728,0.1016832,0.0627258,0.1330438,0.177548,
564,0.0006988,0.072017,0.0923116,0.0902752,0.1526774,0.1454976,
565,0.0005764,0.0310621,0.0991512,0.0752745,0.130504,0.1037331,
566,0.0006295,0.0186466,0.0874273,0.1173522,0.1138169,0.0494242,
567,0.0005833,0.0320023,0.1058213,0.0727943,0.1221977,0.0434437,
568,0.0005441,0.0237843,0.0563848,0.091393,0.1273869,0.0534008,
569,0.0004413,0.0701061,0.0656819,0.0727303,0.1077359,0.0621051,
570,0.0005253,0.0778409,0.0282006,0.0556411,0.1090634,0.0618252,
571,0.0005573,0.091944,0.0811953,0.0296549,0.1113953,0.0777944,
572,0.000401,0.0903074,0.0789047,0.0676265,0.0862406,0.0568957,
573,0.0006319,0.0792578,0.0698645,0.0423678,0.0471528,0.0691305,
574,0.0004063,0.0829563,0.0429035,0.0059745,0.0387881,0.0952249,
575,0.0007193,0.0996351,0.0606983,0.0318699,0.062342,0.1079161,
576,0.0004702,0.1194716,0.0614454,0.1196982,0.0494494,0.1602213,
577,0.000583,0.0431166,0.0841352,0.1001409,0.0640462,0.2560365,
578,0.0006418,0.0745608,0.0686571,0.1282724,0.0503445,0.2834002,
579,0.0005141,0.0986611,0.1083281,0.1574405,0.0726436,0.3717833,
580,0.0005418,0.1572499,0.1037107,0.1671531,0.0629401,0.5855358,
581,0.0003139,0.118536,0.1290444,0.115576,0.0540569,0.4212435,
582,0.0001335,0.0739002,0.2010774,0.0387077,0.1489762,0.2835049,
583,0.0004965,0.1187731,0.2147696,0.0858778,0.1407747,0.4763185,
584,0.0005207,0.1106895,0.0966232,0.1335397,0.1849339,0.4329516,
585,0.0001971,0.0525078,0.1140282,0.074756,0.2038857,0.3344623,
586,0.0002031,0.070427,0.1034658,0.0666081,0.16047,0.2248427,
587,0.0005389,0.0955659,0.1026282,0.1064625,0.0612441,0.2060992,
588,0.000406,0.0781192,0.0737932,0.1307845,0.1287788,0.1984468,
589,0.0001933,0.097667,0.1123626,0.1962952,0.2117661,0.1374393,
590,0.0003681,0.0471674,0.1331005,0.1148021,0.1679908,0.0925515,
591,0.0002132,0.075593,0.1030722,0.0527797,0.169975,0.1489921,
592,0.0005358,0.1000658,0.0967901,0.0610688,0.1119252,0.0770344,
593,0.0005344,0.0895937,0.1630203,0.0308603,0.0707229,0.0631803,
594,0.000402,0.0649541,0.1748171,0.0398135,0.0396688,0.0666089,
595,0.0004728,0.0591222,0.0763296,0.0513311,0.0837949,0.0167775,
596,0.0005323,0.0654964,0.0450451,0.0773194,0.1212825,0.0480533,
597,0.000551,0.0339114,0.0316573,0.0757654,0.1081096,0.0978407,
598,0.0002839,0.0455152,0.0215867,0.0319913,0.0894597,0.0709866,
599,0.0004678,0.0305689,0.0503573,0.0478072,0.0844163,0.0942934,
600,0.0003377,0.0517655,0.0478555,0.0633277,0.0958234,0.095876,
601,0.0004302,0.0490297,0.0416879,0.0585449,0.117081,0.1095823,
602,0.0004816,0.0795676,0.0498027,0.0548901,0.1187686,0.1053163,
603,0.0001028,0.0966825,0.0767829,0.0111713,0.0921635,0.1106851,
604,0.0004033,0.1039481,0.0633457,0.0371893,0.0886831,0.1120788,
605,0.0002935,0.1209575,0.1178983,0.0652087,0.1024116,0.0773527,
606,0.0004577,0.0941778,0.0878973,0.0579354,0.1115015,0.0850902,
607,0.0005567,0.0836211,0.0572438,0.1157211,0.1149908,0.091747,
608,0.0004397,0.0922238,0.0379762,0.0897684,0.0731827,0.0738581,
609,0.0001455,0.0798574,0.0727813,0.1111066,0.1013836,0.1338842,
610,0.000272,0.0885258,0.1599458,0.1002937,0.1770247,0.2600056,
611,0.0003482,0.085923,0.1198151,0.0503177,0.1543365,0.1783939,
612,0.0001554,0.0770836,0.0878454,0.0526401,0.1807098,0.2271181,
