#Time_ps,0,100,500,1000,3000,5000,
1,0.0005446,0.0711945,0.0668712,0.0765907,0.085967,0.0765277,
2,0.0004455,0.0788684,0.0595536,0.0964863,0.0838701,0.0885299,
3,0.0005443,0.0734191,0.0309543,0.053721,0.0622882,0.0785829,
4,0.0008123,0.0700226,0.0634377,0.0521989,0.0469618,0.1086398,
5,0.0007001,0.0329696,0.0442346,0.0712376,0.0598074,0.0828928,
6,0.0002429,0.065988,0.0564996,0.0356531,0.0649389,0.0462296,
7,0.0006096,0.0444242,0.0504239,0.0250037,0.0613285,0.0497595,
8,0.0005254,0.0699505,0.0454405,0.0332325,0.0506455,0.0576188,
9,0.0005723,0.0658101,0.0870058,0.0679162,0.0139606,0.0709953,
10,0.0006878,0.0653468,0.0599719,0.0279793,0.0171894,0.0866713,
11,0.0004793,0.07787,0.0503421,0.0269415,0.0468692,0.070292,
12,0.0005623,0.0497432,0.0805614,0.0559812,0.0991867,0.0411318,
13,0.000528,0.055418,0.006288,0.073506,0.0933817,0.0727493,
14,0.0004602,0.0675457,0.0020812,0.044177,0.0937869,0.0552165,
15,0.0007096,0.1191152,0.0792638,0.0512228,0.0815739,0.0349959,
16,0.0005436,0.081237,0.0562175,0.0531466,0.067374,0.0545986,
17,0.0003134,0.0251446,0.0068003,0.0451213,0.0499282,0.0433208,
18,0.0006174,0.0513003,0.0179828,0.026833,0.0644941,0.0260589,
19,0.0006166,0.0267592,0.065616,0.0355543,0.0575283,0.032446,
20,0.0005244,0.0042029,0.0420592,0.0370693,0.0670062,0.0309487,
21,0.0006732,0.0444808,0.0189751,0.0752227,0.0950199,0.0860282,
22,0.000574,0.0775356,0.1213767,0.0798869,0.1523244,0.0740705,
23,0.0004483,0.1563813,0.4043432,0.1542486,0.2562992,0.3284203,
24,0.0005638,0.171698,0.0865763,0.2663043,0.1622257,0.2273857,
25,0.0002814,0.1296442,0.1575749,0.1601096,0.1017573,0.2401504,
26,0.0004865,0.068834,0.1636598,0.1002033,0.1680738,0.10216,
27,0.0002079,0.0920942,0.0946401,0.0548797,0.1209403,0.0451601,
28,0.0006213,0.0334054,0.0243818,0.0109289,0.0936562,0.0242457,
29,0.0003009,0.0489007,0.0796573,0.0132821,0.059593,0.0646008,
30,0.0005556,0.0703593,0.077999,0.0490407,0.0891867,0.0532368,
31,0.0006824,0.0747816,0.0632931,0.067726,0.0851009,0.0515776,
32,0.0004896,0.0938363,0.0602814,0.0845287,0.0629776,0.0969303,
33,0.0003295,0.0941695,0.0545231,0.1158475,0.0840688,0.131309,
34,0.000338,0.0571453,0.0973691,0.1142132,0.1058408,0.0820368,
35,0.0006534,0.0718927,0.0763138,0.077003,0.1041525,0.0526073,
36,0.0004322,0.0600963,0.078953,0.0440717,0.0965876,0.0052978,
37,0.0005812,0.0624433,0.0855515,0.0215499,0.0664043,0.0083501,
38,0.000563,0.0404999,0.0326841,0.0337736,0.0617648,0.0502703,
39,0.0002494,0.0649034,0.0457533,0.0320463,0.0696464,0.0443586,
40,0.0004878,0.0414777,0.0376994,0.0428841,0.0427688,0.0254849,
41,0.0007142,0.0683135,0.0817145,0.0602068,0.1215216,0.0419082,
42,0.00046,0.0572648,0.0748591,0.0433322,0.1521984,0.0448496,
43,0.0004983,0.0474469,0.1318592,0.0426422,0.1228792,0.0990068,
44,0.0006449,0.054616,0.1338577,0.0672825,0.1490335,0.1465786,
45,0.000482,0.1162712,0.1508938,0.1410439,0.2231239,0.2104097,
46,0.0004254,0.1242264,0.2375905,0.141274,0.2798312,0.2355123,
47,0.0006557,0.2187196,0.2300422,0.1354121,0.2987683,0.2717997,
48,0.0003221,0.1552911,0.1941455,0.0480115,0.192133,0.2182829,
49,0.0005318,0.1362578,0.1771735,0.0839324,0.1772799,0.1300527,
50,0.0002899,0.2516781,0.294363,0.0728287,0.2093282,0.1194268,
51,0.0006002,0.3282258,0.3317385,0.1155993,0.2244678,0.1248973,
52,0.0003358,0.3303489,0.3506457,0.1111787,0.2433313,0.129009,
53,0.0005104,0.3168695,0.3262502,0.1712642,0.1457103,0.0360216,
54,0.0005851,0.216253,0.2160158,0.1635924,0.0994809,0.0952102,
55,0.0004936,0.2154376,0.2049198,0.1902253,0.1265841,0.1576555,
56,0.0005039,0.1335947,0.1962247,0.1570808,0.2195032,0.2307289,
57,0.0005513,0.1293753,0.1874611,0.1625195,0.0708197,0.1932089,
58,0.0004102,0.0869466,0.2039175,0.0877572,0.1184098,0.1450929,
59,0.0005715,0.0825773,0.1893581,0.0666471,0.1620896,0.1401509,
60,0.0003222,0.0766791,0.2009846,0.0729487,0.0876753,0.1372475,
61,0.0002598,0.0968073,0.139167,0.0886404,0.1363787,0.1151027,
62,0.0003249,0.0275217,0.0856106,0.0944242,0.2146774,0.0448244,
63,0.0007596,0.0438069,0.077287,0.1357067,0.2137633,0.0334898,
64,0.0003629,0.055771,0.0670227,0.1507399,0.2527322,0.0416599,
65,0.0003298,0.0444975,0.0517885,0.1383151,0.1896276,0.0654344,
66,0.0005419,0.058243,0.1054381,0.1172804,0.1824524,0.1080952,
67,0.0004402,0.0456229,0.1043524,0.0508165,0.1611786,0.097664,
68,0.0004037,0.0842711,0.0627009,0.0896078,0.0722531,0.0379012,
69,0.0003437,0.0747906,0.1196821,0.0950994,0.0478102,0.0421664,
70,0.0005516,0.0660839,0.1119792,0.0988582,0.1516436,0.0497657,
71,0.000608,0.1323861,0.0946981,0.2294881,0.2131955,0.0252102,
72,0.0006667,0.340073,0.2206853,0.089187,0.1509708,0.150698,
73,0.000573,0.1688642,0.1659688,0.1011233,0.1164798,0.0670017,
74,0.0005344,0.0764601,0.1027105,0.0981055,0.1186973,0.0824187,
75,0.0004556,0.0224509,0.0908258,0.0606384,0.0930291,0.0494312,
76,0.0004197,0.0579564,0.0359791,0.0410695,0.0783272,0.0823097,
77,0.0004531,0.0260958,0.0370597,0.0794113,0.0666807,0.0477734,
78,0.0003278,0.0466214,0.0403334,0.1162451,0.0960994,0.021994,
79,0.0006489,0.0587182,0.069402,0.140152,0.1528028,0.0546548,
80,0.0006252,0.0779941,0.0934071,0.0813451,0.1799433,0.0722958,
81,0.0003935,0.087599,0.0709258,0.10873,0.1320662,0.0830344,
82,0.000543,0.0626045,0.0729101,0.1708551,0.1016139,0.0227145,
83,0.0005376,0.066212,0.0419053,0.0795003,0.1269937,0.0655439,
84,0.0005352,0.0764602,0.0644547,0.0423862,0.0786265,0.0596564,
85,0.00063,0.1229356,0.0794535,0.0525479,0.0935046,0.0598143,
86,0.0007135,0.1168091,0.0576268,0.0585344,0.0790849,0.0470589,
87,0.0006009,0.0973768,0.0498606,0.1002637,0.0863826,0.0522626,
88,0.0002159,0.0826692,0.0315143,0.1225934,0.0992447,0.0574326,
89,0.0004591,0.0761226,0.0689522,0.0791304,0.0773733,0.0130884,
90,0.0004479,0.0463931,0.0513525,0.1052677,0.0776997,0.0217171,
91,0.0004692,0.0513365,0.0745844,0.0894361,0.076773,0.0195564,
92,0.0005732,0.0996158,0.0778709,0.1269094,0.134959,0.0507759,
93,0.0005023,0.0914576,0.0827957,0.1971848,0.1181924,0.0302097,
94,0.0005523,0.1420602,0.1126663,0.1368178,0.1227874,0.1327481,
95,0.0003749,0.1508096,0.0930565,0.0951906,0.0989956,0.1272958,
96,0.0006324,0.2440984,0.0749066,0.1336007,0.1138312,0.2343434,
97,0.0005904,0.1161558,0.0946587,0.078546,0.0973035,0.1297209,
98,0.0005866,0.1282059,0.1002215,0.0890394,0.092061,0.1293404,
99,0.0003757,0.0942556,0.0942742,0.0407482,0.106496,0.0757955,
100,0.0006051,0.0784448,0.119898,0.0213096,0.0932488,0.040836,
101,0.0005902,0.079458,0.064671,0.0338585,0.0645522,0.0942457,
102,0.0005549,0.1006864,0.047308,0.0251876,0.0628702,0.0927138,
103,0.0005622,0.1222766,0.0887534,0.024862,0.0285484,0.1124091,
104,0.0002309,0.1266518,0.0741414,0.0163622,0.0220607,0.0626492,
105,0.0001748,0.148243,0.1004825,0.0377733,0.0615047,0.0402061,
106,0.0004298,0.0953915,0.0845766,0.0564502,0.036448,0.1096895,
107,0.0001994,0.0903093,0.0931205,0.0602496,0.056033,0.0976483,
108,0.0006016,0.0690088,0.0516935,0.0452438,0.0488226,0.0628986,
109,0.0004446,0.0922388,0.0588846,0.0498696,0.0916961,0.055579,
110,0.0003668,0.0767667,0.01431,0.040126,0.0437194,0.0660013,
111,0.000426,0.053437,0.0360953,0.0376667,0.0307142,0.0613954,
112,0.000541,0.0339544,0.0514334,0.0069098,0.0437554,0.0736307,
113,0.0004205,0.015845,0.0692322,0.0234235,0.0345613,0.071863,
114,0.0004863,0.0424028,0.0759743,0.0290982,0.045572,0.0592732,
115,0.0004286,0.0796068,0.0621192,0.0557589,0.0371167,0.0469944,
116,0.0004506,0.0770917,0.076922,0.0448037,0.0368584,0.0370745,
117,0.0004542,0.0486567,0.04944,0.0390147,0.0622624,0.0485065,
118,0.0002574,0.0311917,0.0477868,0.0536838,0.1070338,0.0481368,
119,0.0005739,0.0830626,0.0597014,0.0777135,0.2296123,0.1200907,
120,0.0004512,0.0509687,0.0637617,0.0886052,0.1536663,0.1088282,
121,0.000138,0.0413999,0.0479601,0.0868732,0.1016107,0.0802335,
122,0.0004745,0.0537594,0.0685979,0.0541282,0.063482,0.0912674,
123,0.0004892,0.0565506,0.1182277,0.0599019,0.0646236,0.0913746,
124,0.0003511,0.0573115,0.0556047,0.0589026,0.0680446,0.0899479,
125,0.0004802,0.0624431,0.0592142,0.0338911,0.0202796,0.0819023,
126,0.0006716,0.0585436,0.0900544,0.0528993,0.0196086,0.0577848,
127,0.0006756,0.0507945,0.0550213,0.0424803,0.0582678,0.0490183,
128,0.0004587,0.0494386,0.0446917,0.0527774,0.0616699,0.0413808,
129,0.0005834,0.048578,0.0293135,0.043612,0.0668808,0.0358797,
130,0.0003157,0.0613625,0.0317332,0.0214771,0.0925106,0.0117889,
131,0.0005772,0.0395071,0.033286,0.0476551,0.0799519,0.0244117,
132,0.0005091,0.033938,0.0490562,0.07892,0.0738982,0.062047,
133,0.0001874,0.0277069,0.054332,0.0212443,0.0853313,0.0472398,
134,0.0002811,0.0389274,0.0442049,0.0112175,0.076093,0.0375526,
135,0.0004552,0.0589904,0.0876002,0.0397417,0.0552841,0.0269011,
136,0.0004488,0.0565338,0.0395791,0.0345867,0.0583135,0.0474882,
137,0.0006573,0.0655185,0.0264462,0.0334413,0.0451418,0.0623698,
138,0.0006371,0.0547508,0.0368099,0.0178582,0.0921728,0.0517854,
139,0.0003091,0.0744277,0.0686698,0.0437266,0.033885,0.0579993,
140,0.0005292,0.0698468,0.0547928,0.0381631,0.0360219,0.0473188,
141,0.0004865,0.0470557,0.0499888,0.0277357,0.0729313,0.0345721,
142,0.0004102,0.052869,0.1900986,0.1034648,0.1271192,0.0385832,
143,0.0005414,0.0787448,0.1251646,0.1131585,0.0659996,0.0256205,
144,0.0003465,0.0704034,0.0467649,0.0385174,0.0462558,0.0451189,
145,0.0006083,0.0412535,0.0346616,0.0097824,0.1008329,0.0450694,
146,0.0006187,0.0438843,0.0646805,0.0178462,0.100652,0.0481094,
147,0.0004724,0.0281652,0.078245,0.0288416,0.0746769,0.0359939,
148,0.0003041,0.0183587,0.0349622,0.0266084,0.026549,0.0539683,
149,0.0005084,0.0737332,0.0680287,0.0427615,0.107385,0.0764304,
150,0.000376,0.0778536,0.0619849,0.0319803,0.0706338,0.1019787,
151,0.0005114,0.0197364,0.0670911,0.0190111,0.0495678,0.1050077,
152,0.0004645,0.0331973,0.0453208,0.0415131,0.0357774,0.0454648,
153,0.000665,0.1397337,0.134986,0.0661925,0.0421573,0.0842238,
154,0.0003377,0.1970976,0.247362,0.0811988,0.0443474,0.1644055,
155,0.0004536,0.1743791,0.2129401,0.0373965,0.0759767,0.1282744,
156,0.0005457,0.0675141,0.1243371,0.024288,0.05272,0.0420751,
157,0.0002723,0.0296056,0.0614139,0.0458878,0.0609885,0.0356026,
158,0.0004094,0.0404091,0.0332942,0.0504413,0.0297817,0.1121672,
159,0.000394,0.0904456,0.1043193,0.0521448,0.0417429,0.1148243,
160,0.0006553,0.1010874,0.1150229,0.0448746,0.01869,0.0875926,
161,0.00054,0.0809738,0.0866171,0.0148765,0.0377692,0.0578405,
162,0.0003767,0.0542492,0.057273,0.0184487,0.0492858,0.0307319,
163,0.0005203,0.0321326,0.0238384,0.0349213,0.078651,0.0342585,
164,0.0003482,0.0266689,0.0453932,0.0386919,0.0861359,0.0398108,
165,0.0005055,0.043276,0.0355031,0.0666521,0.1105254,0.0223952,
166,0.0005845,0.0507842,0.0607438,0.0497215,0.1107056,0.0145951,
167,0.0005157,0.1427903,0.0619063,0.0731397,0.0872286,0.0223351,
168,0.0003193,0.2571811,0.1050371,0.1199287,0.1084929,0.0364048,
169,0.0005929,0.1033767,0.0814282,0.0854666,0.0774085,0.047535,
170,0.0007069,0.134206,0.0959781,0.1015176,0.0834545,0.0784155,
171,0.0003598,0.0498757,0.0689584,0.046836,0.0216058,0.0412468,
172,0.0004328,0.065253,0.0699039,0.0217149,0.0112461,0.0396373,
173,0.0005776,0.0528529,0.0280387,0.0260355,0.0304946,0.0302633,
174,0.0005435,0.0861068,0.0525365,0.0138772,0.0424891,0.0353563,
175,0.0005636,0.0508455,0.0245922,0.0235787,0.0236573,0.0521207,
176,0.0005341,0.0628981,0.0413933,0.0273176,0.0057322,0.0482176,
177,0.0003528,0.0944004,0.0762992,0.0143118,0.0213636,0.0895862,
178,0.0005609,0.117787,0.0539433,0.0314898,0.0516724,0.0998126,
179,0.0001462,0.0946411,0.0140337,0.0407196,0.0278923,0.0702205,
180,0.0003003,0.0704559,0.0281843,0.0381837,0.0691256,0.0568444,
181,0.0004313,0.0664939,0.0364117,0.01893,0.0385203,0.0363686,
182,0.0004805,0.0781722,0.0320147,0.031104,0.0647802,0.0261812,
183,0.0004812,0.1074108,0.0608611,0.0246372,0.0857747,0.0521046,
184,0.0002249,0.1384161,0.0757335,0.0339084,0.1248402,0.0303449,
185,0.0006179,0.1128737,0.0796866,0.0416384,0.0859102,0.0624904,
186,0.0005852,0.1468156,0.1089659,0.0442692,0.0884431,0.0414771,
187,0.0005903,0.0655239,0.1176245,0.0643568,0.1124181,0.0492404,
188,0.0006553,0.1066769,0.1293747,0.0984777,0.133515,0.1255271,
189,0.000498,0.135467,0.1798816,0.0754954,0.1286287,0.110921,
190,0.0004207,0.1738577,0.2984899,0.0976549,0.2238677,0.1022307,
191,0.0005787,0.2219125,0.3596487,0.1034693,0.1119912,0.0963746,
192,0.0005718,0.1515204,0.1688476,0.1549964,0.0829392,0.0707121,
193,0.0006786,0.055729,0.1581936,0.2893155,0.1288098,0.0688294,
194,0.0004887,0.0400301,0.1356617,0.1361312,0.1186361,0.0536919,
195,0.0007012,0.0371353,0.1363127,0.1115294,0.1649103,0.0757889,
196,0.0005481,0.0957044,0.172298,0.1302975,0.2973253,0.0653736,
197,0.0003808,0.0735652,0.071313,0.0977668,0.172617,0.0426283,
198,0.000593,0.0717386,0.0649844,0.0887616,0.0608576,0.0504085,
199,0.0006937,0.0429645,0.0767083,0.1219079,0.1162595,0.066186,
200,0.0006135,0.045502,0.078063,0.1040822,0.1029219,0.0319464,
201,0.0005887,0.0732366,0.0711443,0.1081503,0.1198112,0.0344467,
202,0.0007345,0.0516715,0.0804363,0.1110687,0.11495,0.0636189,
203,0.0004164,0.0437076,0.0490443,0.0661125,0.0934792,0.0831874,
204,0.0005568,0.051917,0.0201309,0.0406186,0.0754347,0.0739998,
205,0.0003855,0.0328441,0.042623,0.0404578,0.078702,0.0619841,
206,0.0003976,0.0112959,0.056713,0.0864234,0.0570298,0.0714267,
207,0.0003876,0.0339107,0.0312071,0.0662864,0.0551059,0.0883144,
208,0.000453,0.0294756,0.0361075,0.0364908,0.1166672,0.0823792,
209,0.0003233,0.0433338,0.0993541,0.0898412,0.1076824,0.0809936,
210,0.000306,0.0220094,0.0729106,0.1233769,0.0765161,0.0867128,
211,0.0003685,0.0284867,0.0788719,0.0825666,0.1191272,0.0893698,
212,0.0003819,0.0223998,0.0992672,0.0748827,0.1335701,0.099099,
213,0.0003806,0.022555,0.1188428,0.1954354,0.1023616,0.1034471,
214,0.0006123,0.0281023,0.1314703,0.1929028,0.1086353,0.0883304,
215,0.0003593,0.0436739,0.1783745,0.2207807,0.0435307,0.1560249,
216,0.0003529,0.0416826,0.1312771,0.1664272,0.1187816,0.2043266,
217,0.0005527,0.0879025,0.1857619,0.0385328,0.1564179,0.1793759,
218,0.0005448,0.1103377,0.2087136,0.0711511,0.2067378,0.1590379,
219,0.000754,0.1013223,0.1764405,0.0822348,0.1993829,0.1168992,
220,0.000637,0.0922585,0.1349731,0.0773273,0.209758,0.1609147,
221,0.0004139,0.134765,0.1254883,0.1272442,0.2102774,0.1265414,
222,0.0005393,0.1298398,0.1171414,0.1801586,0.2287709,0.1220762,
223,0.0006686,0.1918297,0.1476749,0.0720736,0.2775816,0.0826675,
224,0.0005994,0.171896,0.1686591,0.100349,0.2018484,0.0805993,
225,0.0007419,0.0898955,0.0822595,0.2560587,0.1460597,0.0769555,
226,0.0002691,0.1110575,0.1304979,0.3385445,0.1781362,0.0772885,
227,0.0003557,0.1292166,0.1016664,0.3944885,0.207339,0.0993045,
228,0.0002558,0.1660108,0.1653032,0.4311246,0.2630184,0.0756226,
229,0.000295,0.1343965,0.1075681,0.3829496,0.2848067,0.0687006,
230,0.0004194,0.1698633,0.1091131,0.3350567,0.2304251,0.0879184,
231,0.0003655,0.146281,0.1817814,0.2679939,0.1875193,0.0905417,
232,0.0005877,0.1625174,0.181494,0.2937008,0.2272437,0.1009516,
233,0.0005003,0.1654307,0.1719569,0.2720681,0.2089377,0.0933246,
234,0.0007117,0.1832747,0.1729545,0.2672361,0.1572382,0.1004125,
235,0.0005027,0.1846939,0.2209164,0.3476257,0.1384115,0.178765,
236,0.0004505,0.1740047,0.2083486,0.3763135,0.1923887,0.2024027,
237,0.0006437,0.1772058,0.1507978,0.2313296,0.2310422,0.1536578,
238,0.0006734,0.1459664,0.0963276,0.2105342,0.1632002,0.1447922,
239,0.0005178,0.1413441,0.114604,0.1462707,0.1304792,0.0511781,
240,0.0004638,0.1600987,0.1209324,0.1986705,0.1250617,0.0546826,
241,0.0007691,0.174441,0.1485602,0.2303004,0.1369894,0.0273777,
242,0.0004791,0.1057983,0.1540805,0.2315748,0.123875,0.0519024,
243,0.000526,0.1334136,0.1668323,0.2941718,0.1760985,0.0664743,
244,0.0004042,0.0756757,0.1931972,0.3254761,0.2379422,0.0772854,
245,0.0005537,0.1205717,0.1459711,0.2996555,0.2488348,0.0861643,
246,0.0006815,0.1130731,0.1312802,0.3089734,0.2033263,0.0780918,
247,0.0004944,0.0936603,0.1335487,0.2642115,0.2281056,0.0579401,
248,0.000615,0.0919861,0.1638805,0.2558698,0.1371739,0.0758756,
249,0.0004506,0.0894393,0.1360638,0.1225379,0.0719544,0.0807144,
250,0.0006491,0.1191713,0.0994774,0.0991622,0.084554,0.0788303,
251,0.0001089,0.1298218,0.152109,0.1795649,0.1570705,0.120845,
252,0.0006525,0.1145508,0.1994111,0.1874076,0.1309473,0.0676418,
253,0.0002277,0.0672446,0.1517923,0.1124981,0.1015258,0.0786371,
254,0.0005664,0.0863734,0.1068807,0.0839212,0.1910467,0.0904691,
255,0.0002536,0.0415517,0.1213471,0.0695414,0.2439738,0.1382203,
256,0.000467,0.0559018,0.1535126,0.0883299,0.1642623,0.1594262,
257,0.0006931,0.0937104,0.1577869,0.1256483,0.1634408,0.1086215,
258,0.0005803,0.1150007,0.1498171,0.1497585,0.1624076,0.0848722,
259,0.0007175,0.1205797,0.0881144,0.1460476,0.1982899,0.0679552,
260,0.0005632,0.1133595,0.1114496,0.1539885,0.2382537,0.0579493,
261,0.0006456,0.0932599,0.1230023,0.1526343,0.2083271,0.1034957,
262,0.0003987,0.1171566,0.0947642,0.1724456,0.2195797,0.1105896,
263,0.0006268,0.1073655,0.1084995,0.1297803,0.2367865,0.1284515,
264,0.0004792,0.029295,0.1104519,0.1293999,0.2185982,0.1022346,
265,0.0005376,0.0690698,0.0998513,0.1470759,0.2268434,0.0959729,
266,0.0006705,0.1110792,0.1109048,0.1377083,0.2598665,0.1072382,
267,0.0006157,0.0723458,0.074412,0.1239094,0.2268942,0.1332228,
268,0.0006413,0.0790485,0.0708954,0.1316229,0.2079974,0.0758918,
269,0.0004405,0.0887818,0.1103962,0.2506344,0.2187698,0.1173735,
270,0.0006474,0.1140616,0.1124346,0.1837116,0.2487549,0.1180364,
271,0.0003973,0.0807803,0.0970301,0.1668876,0.217325,0.1003351,
272,0.000325,0.0997606,0.143475,0.2606507,0.2118405,0.069158,
273,0.0003736,0.1363458,0.2424412,0.3238412,0.2619708,0.1037723,
274,0.0005047,0.1927671,0.1636733,0.3308397,0.2574328,0.1141555,
275,0.0004155,0.2136699,0.2061848,0.2960595,0.2222768,0.204632,
276,0.0004027,0.2004727,0.2350308,0.2852018,0.1839868,0.4105661,
277,0.0004831,0.364445,0.2368289,0.3214356,0.1378797,0.6401468,
278,0.000568,0.2520716,0.2007895,0.4349875,0.2038469,0.2213115,
279,0.0005052,0.1764997,0.2263135,0.2999101,0.1762189,0.1675258,
280,0.0006768,0.1406208,0.1901393,0.2105118,0.2089366,0.0839762,
281,0.0006406,0.0840583,0.0991359,0.1554924,0.1564628,0.0978006,
282,0.0004779,0.0646408,0.1229449,0.1417842,0.1439885,0.1395772,
283,0.0005658,0.1535518,0.2314077,0.2923072,0.1206246,0.2530487,
284,0.0006108,0.0749587,0.1383724,0.16323,0.1306126,0.1887082,
285,0.0006409,0.1509559,0.1746018,0.141248,0.0800382,0.3103284,
286,0.0007794,0.0844426,0.0953709,0.1521719,0.1308811,0.1864357,
287,0.0007001,0.0743682,0.0678392,0.0619173,0.1142603,0.1432366,
288,0.000419,0.054485,0.0155932,0.0943766,0.0787822,0.0963119,
289,0.0007723,0.0590509,0.0261024,0.0443294,0.0824837,0.1123552,
290,0.0004331,0.0356146,0.0247079,0.0309409,0.0319696,0.0603951,
291,0.0004211,0.0608288,0.0455307,0.0640692,0.051635,0.0734359,
292,0.0004847,0.0617793,0.0398135,0.0776349,0.1036337,0.1099351,
293,0.0003099,0.081963,0.0789259,0.1049923,0.081635,0.1142418,
294,0.000222,0.0379042,0.0689945,0.0527982,0.0756671,0.1774071,
295,0.0006244,0.0729301,0.0502904,0.0287695,0.0838558,0.1907865,
296,0.000628,0.0599008,0.0660101,0.1120413,0.0946455,0.0729129,
297,0.0004811,0.0458615,0.0513581,0.1539892,0.1403947,0.1445517,
298,0.0003706,0.031665,0.0412307,0.1134838,0.1748363,0.1660925,
299,0.0003962,0.0205706,0.05385,0.0414015,0.1218191,0.0806433,
300,0.0004172,0.0267083,0.0759987,0.1198181,0.0706033,0.0747593,
301,0.0003379,0.1043175,0.1082112,0.1185137,0.1055623,0.0876383,
302,0.0003997,0.111584,0.1081125,0.1006458,0.0528271,0.0497833,
303,0.0003367,0.0786835,0.0432831,0.107326,0.0691301,0.0735366,
304,0.0007029,0.0378059,0.0153128,0.098373,0.1039348,0.0719492,
305,0.0004405,0.0886777,0.0262743,0.1598627,0.097101,0.0453851,
306,0.0004203,0.0797583,0.03771,0.2228238,0.1090957,0.0550975,
307,0.0003915,0.0769785,0.0577324,0.0683959,0.0386701,0.0373574,
308,0.0006375,0.1063929,0.0630626,0.0636308,0.0642085,0.0310653,
309,0.000719,0.0158801,0.0622143,0.1086595,0.0565945,0.0254499,
310,0.0005682,0.0465311,0.0622934,0.0734593,0.0839304,0.0616687,
311,0.0006881,0.0903438,0.0804314,0.0831034,0.0776244,0.055078,
312,0.0001855,0.0758466,0.0665658,0.0628384,0.0841747,0.0580398,
313,0.0006565,0.0272373,0.0317192,0.0559548,0.0320551,0.0779157,
314,0.0005155,0.041978,0.0392489,0.0467165,0.0366403,0.0708365,
315,0.000691,0.0511701,0.0780469,0.0294712,0.0714844,0.0861913,
316,0.0004504,0.0387475,0.0823993,0.0315091,0.0444172,0.0867813,
317,0.0006474,0.0728328,0.0481627,0.0263213,0.0599127,0.1025984,
318,0.0005198,0.0716238,0.076973,0.0383766,0.0392897,0.0806091,
319,0.0001693,0.0510641,0.0590742,0.0302006,0.0611233,0.0439382,
320,0.0006469,0.0690549,0.0452465,0.0181133,0.0940927,0.0845836,
321,0.0004878,0.2000194,0.0162546,0.0642754,0.117451,0.0837582,
322,0.0005924,0.105881,0.0475347,0.0327319,0.0815593,0.0572716,
323,0.0005517,0.0615915,0.0485961,0.0446164,0.0851543,0.0496208,
324,0.0004268,0.083531,0.050219,0.0183814,0.088753,0.0418537,
325,0.0003835,0.083501,0.0503628,0.0696264,0.1023146,0.0280897,
326,0.0005955,0.0804042,0.0336293,0.0918604,0.0889895,0.1115305,
327,0.0003511,0.0747519,0.0269454,0.1061933,0.1168941,0.0844909,
328,0.0005097,0.0799541,0.0781583,0.1146551,0.1214228,0.0626168,
329,0.0003753,0.1154602,0.1423814,0.176438,0.1194098,0.0792281,
330,0.000416,0.076389,0.0982157,0.2114535,0.1989092,0.2173481,
331,0.0006301,0.0593581,0.1012091,0.2164069,0.2113771,0.2517169,
332,0.0005423,0.0701682,0.058904,0.1492415,0.0929217,0.1242992,
333,0.0005865,0.0948498,0.0494575,0.118008,0.101012,0.0580943,
334,0.000489,0.0461173,0.0479063,0.0920364,0.1083875,0.0385825,
335,0.0003299,0.0327295,0.0886203,0.0592023,0.1141166,0.029215,
336,0.0004939,0.04519,0.0669906,0.0524858,0.0958815,0.0293572,
337,0.0003487,0.0675498,0.0437692,0.0620246,0.0869803,0.0387792,
338,0.0002376,0.0743782,0.0815335,0.0491,0.0985682,0.0557215,
339,0.0005233,0.1659817,0.1045471,0.0484397,0.1038135,0.0247299,
340,0.0002906,0.1383799,0.0820428,0.0632357,0.1092439,0.0349123,
341,0.0004044,0.0917549,0.0645039,0.0790535,0.0723593,0.0367654,
342,0.0005764,0.0911499,0.0579053,0.0852665,0.0716251,0.062341,
343,0.0005217,0.0467193,0.0220068,0.07752,0.1173627,0.0567449,
344,0.0001946,0.0541081,0.038167,0.0833457,0.1175501,0.0439324,
345,0.0006458,0.0666293,0.0607966,0.063302,0.1125971,0.0659448,
346,0.0002198,0.0744221,0.0620753,0.0934695,0.1439436,0.0821972,
347,0.0005434,0.0825066,0.0331716,0.0744516,0.1386977,0.0856047,
348,0.000634,0.086281,0.0310379,0.0385598,0.0921377,0.076958,
349,0.000565,0.0641383,0.0339454,0.1152446,0.0471176,0.0610198,
350,0.0005724,0.099591,0.0747525,0.1380103,0.0295701,0.0512036,
351,0.0004804,0.1700283,0.0714837,0.1343962,0.0798207,0.0775693,
352,0.0004732,0.2499911,0.1759077,0.1435323,0.0919284,0.188777,
353,0.0002852,0.243327,0.1951313,0.1591262,0.1995883,0.1680066,
354,0.0003416,0.2186446,0.08705,0.2152537,0.1858392,0.0944732,
355,0.0006962,0.2034278,0.0876066,0.1891237,0.1508355,0.1156646,
356,0.0002971,0.2601655,0.0426121,0.3220809,0.2478548,0.1935613,
357,0.0004174,0.2197768,0.0141574,0.1687492,0.3163328,0.1074339,
358,0.0004378,0.22672,0.0746384,0.1531032,0.4098814,0.1053832,
359,0.000331,0.1421188,0.0482202,0.1553487,0.2943088,0.0558853,
360,0.0005907,0.1285806,0.0711831,0.1157797,0.1371857,0.0708543,
361,0.0006166,0.1046357,0.0688576,0.1814262,0.1759314,0.0577459,
362,0.0004808,0.1269371,0.1015363,0.2374463,0.2255928,0.0840304,
363,0.0005138,0.1260994,0.0738758,0.1690578,0.1597282,0.042969,
364,0.0006669,0.0788617,0.1039929,0.1507007,0.100559,0.0656862,
365,0.0003466,0.0992342,0.1714857,0.2251655,0.2128979,0.0652528,
366,0.0007088,0.1333788,0.1723674,0.2783628,0.1577017,0.0693266,
367,0.0002548,0.1313008,0.2176769,0.2127913,0.1482653,0.1871167,
368,0.0002544,0.1163667,0.3490892,0.1585611,0.1027322,0.2344838,
369,0.0004589,0.073665,0.3456085,0.0972784,0.1066173,0.0364666,
370,0.0001467,0.1504431,0.3428854,0.1540549,0.1117292,0.1558846,
371,0.0004303,0.0955248,0.2506921,0.1476068,0.0804795,0.0722014,
372,0.0003345,0.0939466,0.1361908,0.0723888,0.1107168,0.0822722,
373,0.0003778,0.0836404,0.1091293,0.0692057,0.1069749,0.1207923,
374,0.0005595,0.0819244,0.045547,0.0728792,0.0774626,0.0776453,
375,0.0002674,0.1164662,0.0517347,0.0765767,0.0826533,0.0902654,
376,0.0005675,0.1151769,0.0862833,0.0759934,0.0880444,0.0630483,
377,0.0005052,0.1053771,0.3016166,0.1970663,0.0960594,0.1094465,
378,0.0002469,0.0719717,0.4358163,0.2291791,0.1776275,0.1802936,
379,0.0004196,0.0951148,0.2293347,0.0884586,0.0882972,0.1704594,
380,0.0002359,0.1284671,0.1399073,0.07457,0.1220853,0.1030889,
381,0.0005185,0.1450533,0.0953409,0.0842366,0.1155015,0.056948,
382,0.0006595,0.1723846,0.0837467,0.0522414,0.165068,0.0837251,
383,0.0003276,0.1028365,0.074611,0.0613721,0.1270828,0.0848448,
384,0.0001827,0.1031414,0.0419759,0.0511714,0.1158127,0.0507009,
385,0.0003097,0.0615423,0.0841071,0.0743258,0.0368085,0.0748967,
386,0.0006723,0.08648,0.0511229,0.1103009,0.0672254,0.063214,
387,0.0003928,0.0331672,0.0444068,0.1097812,0.086557,0.0874136,
388,0.0003898,0.0484498,0.0523022,0.0825251,0.1121048,0.1319935,
389,0.0005349,0.0441046,0.0499013,0.0467975,0.1262993,0.1076784,
390,0.0005808,0.0380807,0.0890755,0.0730074,0.0768482,0.0394386,
391,0.0006634,0.0549427,0.0444299,0.0684121,0.0737795,0.0776085,
392,0.0002149,0.0368639,0.0261729,0.0554925,0.1219606,0.06637,
393,0.0004328,0.0331292,0.0606515,0.1036306,0.153202,0.0684178,
394,0.0006519,0.0442433,0.0681141,0.0671008,0.1314643,0.0377624,
395,0.0002863,0.0861692,0.0445925,0.0562453,0.0915046,0.0333333,
396,0.0004596,0.0845537,0.0288638,0.0443951,0.0942654,0.0521961,
397,0.00048,0.1322029,0.0709155,0.0122831,0.1184362,0.052568,
398,0.0005128,0.1306891,0.0696132,0.0546179,0.1492997,0.0704029,
399,0.0004847,0.1988472,0.089417,0.0138943,0.152081,0.0729703,
400,0.0004898,0.2187967,0.0314796,0.0293423,0.0711423,0.0832993,
401,0.0005199,0.1607623,0.0071357,0.0395825,0.0638231,0.0502506,
402,0.0005388,0.259249,0.0793624,0.0638305,0.096826,0.1167742,
403,0.0001703,0.1107775,0.0775229,0.0957306,0.0801721,0.1050333,
404,0.0002712,0.1012578,0.0922982,0.0568056,0.0737675,0.0714518,
405,0.0005505,0.0609673,0.1046787,0.045335,0.0738761,0.0794017,
406,0.0005356,0.072747,0.0889677,0.0282942,0.0593448,0.0961492,
407,0.0002986,0.0755634,0.0797422,0.0144089,0.0615742,0.0870272,
408,0.0001337,0.0647738,0.0344937,0.0520199,0.0463419,0.0878832,
409,0.0006695,0.0825503,0.0678082,0.0783414,0.0417285,0.0850478,
410,0.0004924,0.0818002,0.0647348,0.0919684,0.0482207,0.0347917,
411,0.0005013,0.0743858,0.052556,0.0519263,0.0610735,0.0553098,
412,0.0003927,0.0859171,0.0257363,0.047401,0.024621,0.0684051,
413,0.0004125,0.0738963,0.0342202,0.0495936,0.0519002,0.0965609,
414,0.0003215,0.0553038,0.0910119,0.0345388,0.0720836,0.1325543,
415,0.0004555,0.0325629,0.0887479,0.0528492,0.104062,0.1312037,
416,0.0007434,0.0204148,0.0743899,0.0407685,0.0400639,0.0374215,
417,0.0004639,0.0449622,0.0652924,0.0323425,0.0246978,0.0344271,
418,0.0003875,0.0398307,0.0567655,0.0407856,0.0132618,0.0405674,
419,0.0004666,0.0304167,0.071882,0.0224062,0.015051,0.0623582,
420,0.0004724,0.0345006,0.074905,0.0143084,0.0779844,0.0764141,
421,0.0006448,0.0510426,0.0530045,0.0433938,0.0334407,0.0634899,
422,0.0005664,0.0446798,0.0415753,0.0224623,0.064789,0.0553872,
423,0.000718,0.0441743,0.0922989,0.0113207,0.0827314,0.0862017,
424,0.000583,0.0484202,0.0999252,0.0133653,0.0632036,0.0712694,
425,0.0004444,0.1138609,0.0959961,0.0874538,0.0953411,0.0552495,
426,0.0007486,0.0455963,0.1114332,0.0623399,0.0496746,0.0973852,
427,0.0003042,0.0475847,0.0921397,0.0637823,0.0560103,0.1061276,
428,0.000159,0.0299529,0.0619681,0.0466834,0.0488834,0.1024961,
429,0.0005507,0.0175692,0.0674375,0.043562,0.0397224,0.1789113,
430,0.0005788,0.0505421,0.0492239,0.0387567,0.0495271,0.0616209,
431,0.0006234,0.0848155,0.0270562,0.0242576,0.0537641,0.0757027,
432,0.0003882,0.0757335,0.0434027,0.0294033,0.0463225,0.1017128,
433,0.000268,0.0522744,0.0466095,0.0475328,0.010023,0.0748994,
434,0.0003716,0.0148235,0.0648652,0.0487447,0.0529323,0.1003259,
435,0.0007086,0.0279904,0.0550722,0.0511966,0.0330104,0.0795802,
436,0.0006158,0.0551391,0.0495073,0.0140351,0.0140636,0.0622656,
437,0.0004334,0.0488298,0.0493059,0.0573784,0.049393,0.1275082,
438,0.0002156,0.0585813,0.0531143,0.0896996,0.035895,0.122305,
439,0.0008355,0.0511549,0.0538177,0.0865723,0.0554291,0.1217343,
440,0.0006205,0.050242,0.0367226,0.0805896,0.0417943,0.1314641,
441,0.0002733,0.0465683,0.0353712,0.0450572,0.0596572,0.1108969,
442,0.0004065,0.049436,0.0147755,0.0402503,0.0669827,0.073389,
443,0.0005612,0.0276421,0.0235676,0.0482348,0.1037374,0.1389786,
444,0.0005344,0.0871691,0.0230061,0.0803713,0.0601258,0.1285391,
445,0.0006364,0.0559347,0.0384156,0.0640129,0.1049128,0.1107331,
446,0.0005471,0.0374165,0.072484,0.0366345,0.0799713,0.0943625,
447,0.0005201,0.0341209,0.0656073,0.0413292,0.0646862,0.124683,
448,0.0004967,0.0340331,0.0515661,0.0296118,0.0776578,0.1784146,
449,0.0006247,0.0600925,0.0638056,0.0170495,0.0818628,0.1713997,
450,0.000647,0.0481543,0.0597909,0.0272575,0.0910022,0.1264008,
451,0.0003934,0.0771892,0.0783345,0.0256879,0.1281689,0.0945044,
452,0.0004253,0.0469954,0.0868549,0.0855048,0.0801864,0.0850306,
453,0.0005216,0.0821453,0.0775167,0.0425466,0.0379183,0.0799315,
454,0.0005127,0.0080389,0.0390521,0.0085446,0.0334929,0.0389349,
455,0.0005186,0.0647491,0.0391499,0.0234051,0.0439323,0.0515285,
456,0.0004561,0.0591392,0.0285672,0.0438032,0.0540893,0.0370647,
457,0.0001955,0.0950597,0.0196958,0.0296924,0.0740669,0.0249902,
458,0.0004864,0.1559974,0.0656778,0.0118889,0.0634726,0.0484423,
459,0.0005942,0.2196861,0.059525,0.0224531,0.0599143,0.039172,
460,0.0005989,0.1575737,0.0236503,0.0367894,0.0809249,0.0900734,
461,0.0007449,0.1256336,0.0355296,0.0408429,0.0030345,0.1021756,
462,0.0004885,0.082423,0.0931952,0.041161,0.0203493,0.0641309,
463,0.000467,0.0381505,0.0571001,0.0339857,0.0282177,0.0245443,
464,0.0005975,0.040899,0.052605,0.0421265,0.0368797,0.0176648,
465,0.0004845,0.0329622,0.0528113,0.0078386,0.0286079,0.0734944,
466,0.0005397,0.0545837,0.0669029,0.0081539,0.0557671,0.0925882,
467,0.0003443,0.0580546,0.0376379,0.0162185,0.0183808,0.0507245,
468,0.0007442,0.0492391,0.0318056,0.0236696,0.0037525,0.0671083,
469,0.0004695,0.0363159,0.0394137,0.0380144,0.0513079,0.0602723,
470,0.0003583,0.0452491,0.0299685,0.0439698,0.0205361,0.0419119,
471,0.0005563,0.0313688,0.0505107,0.0512593,0.0332343,0.0761475,
472,0.0006057,0.0566218,0.0458118,0.0637648,0.0569769,0.0703642,
473,0.0004479,0.0873434,0.04515,0.0914065,0.1189835,0.1280592,
474,0.000226,0.1664398,0.0631976,0.1353155,0.1681818,0.1741056,
475,0.0006996,0.137473,0.078308,0.1209447,0.1307055,0.1528194,
476,0.0005703,0.0840498,0.0773597,0.074419,0.1227516,0.0558779,
477,0.0006161,0.0671873,0.0362957,0.0686195,0.062458,0.0558393,
478,0.0005741,0.0424839,0.0404481,0.0467348,0.0316443,0.063211,
479,0.0005062,0.0364989,0.0402068,0.0450869,0.0431781,0.0261649,
480,0.0004063,0.0289499,0.0351142,0.077411,0.0411013,0.0898117,
481,0.0005197,0.0251296,0.0275903,0.0656204,0.0411671,0.0360212,
482,0.0006075,0.0238045,0.0307487,0.0577069,0.022573,0.0552804,
483,0.0005915,0.0460025,0.0466392,0.0410071,0.1107373,0.0546441,
484,0.0004668,0.1477424,0.0408014,0.1650642,0.0484927,0.1141201,
485,0.0006035,0.1738073,0.0142448,0.1655376,0.0605729,0.1263475,
486,0.0005057,0.0873343,0.0153766,0.1037575,0.0648562,0.0708061,
487,0.0004594,0.0666195,0.0154206,0.096273,0.0692783,0.0155816,
488,0.0003622,0.0522007,0.0287668,0.0843449,0.0477083,0.0278723,
489,0.0005241,0.0682059,0.0488892,0.1257002,0.102889,0.0973692,
490,0.0007572,0.0208187,0.0221874,0.0641401,0.1480571,0.1086768,
491,0.0005038,0.0476066,0.0447278,0.0561288,0.1555971,0.0685242,
492,0.0003582,0.071487,0.0416749,0.0668093,0.1297733,0.1392491,
493,0.0004374,0.0588188,0.050299,0.0661207,0.1336548,0.1451245,
494,0.0004416,0.1240192,0.0395348,0.1398061,0.1715803,0.0994972,
495,0.0004622,0.1855817,0.0808284,0.1238009,0.0971704,0.1759112,
496,0.0003028,0.1683004,0.0581125,0.1157918,0.1733268,0.1757229,
497,0.0004445,0.1475586,0.0518202,0.1200151,0.192526,0.1278715,
498,0.000578,0.0762734,0.0363767,0.1084616,0.1548739,0.1584675,
499,0.0004795,0.063588,0.0384206,0.1422114,0.1561584,0.1179522,
500,0.0006058,0.1034162,0.0535878,0.1353172,0.1182472,0.0452283,
501,0.000577,0.0415656,0.0478475,0.0845631,0.0643109,0.0397927,
502,0.000496,0.1916035,0.0316942,0.2170695,0.1054885,0.0814388,
503,0.0002888,0.0912834,0.0503392,0.0812045,0.0877023,0.1446664,
504,0.000235,0.0912749,0.0623217,0.0813354,0.1205065,0.0971592,
505,0.000476,0.0749387,0.0620157,0.1008133,0.0982694,0.0928413,
506,0.0005073,0.0353991,0.0590053,0.076297,0.0697782,0.0522981,
507,0.0002245,0.0157466,0.0589158,0.0869026,0.1089111,0.0455307,
508,0.0006996,0.015649,0.0674489,0.0554676,0.0972439,0.0549237,
509,0.0004372,0.0154657,0.0146765,0.0124755,0.0675976,0.0481902,
510,0.0004963,0.038645,0.026527,0.0512403,0.0827416,0.0480746,
511,0.000505,0.0509047,0.0509703,0.0565573,0.083932,0.0305116,
512,0.0003254,0.0321271,0.0523758,0.0293466,0.0733269,0.0164899,
513,0.0006251,0.0272783,0.0429299,0.0290389,0.0455338,0.0320011,
514,0.0005821,0.0393952,0.0492415,0.048725,0.090941,0.0330017,
515,0.0006496,0.0425317,0.0617901,0.0397799,0.1226179,0.0113496,
516,0.0004559,0.0245784,0.0809219,0.0608991,0.0941523,0.0257536,
517,0.0004139,0.0259002,0.052137,0.0571588,0.0826352,0.0295454,
518,0.0007244,0.027844,0.0623318,0.0398676,0.0631455,0.0269178,
519,0.0005415,0.0743006,0.1219594,0.0612552,0.0412394,0.0664329,
520,0.000633,0.0657177,0.1178349,0.0679024,0.0184007,0.0785343,
521,0.0006556,0.0511738,0.1693159,0.0956755,0.110938,0.1186247,
522,0.0004489,0.0298541,0.1667089,0.1111878,0.1489653,0.0268321,
523,0.0005049,0.0606021,0.1054532,0.1176941,0.0696151,0.0837496,
524,0.0003725,0.0887476,0.093921,0.1458724,0.0915439,0.0613365,
525,0.000699,0.0878904,0.0811723,0.1637874,0.1159296,0.0552605,
526,0.0002584,0.0526155,0.084232,0.1514348,0.1219653,0.0553629,
527,0.0004889,0.0085307,0.0398835,0.1531706,0.2440224,0.0801909,
528,0.0004638,0.0777855,0.1044809,0.2868896,0.5870271,0.1784153,
529,0.000449,0.0698163,0.0974018,0.2950172,0.3781691,0.1061673,
530,0.000478,0.0576059,0.1504283,0.3490287,0.4165083,0.2406824,
531,0.0003526,0.0305833,0.0858985,0.1802086,0.2745885,0.1886888,
532,0.0003029,0.0462348,0.0904676,0.207492,0.3563271,0.1391918,
533,0.0003812,0.0520282,0.0787672,0.2707785,0.4007475,0.1494376,
534,0.000429,0.1040219,0.0725997,0.2526704,0.4840777,0.1506579,
535,0.0006056,0.0665027,0.0907342,0.2364687,0.4497451,0.1739082,
536,0.0006079,0.0855267,0.0871783,0.1934689,0.3390423,0.1622873,
537,0.0005268,0.0798364,0.0936687,0.2121028,0.2148521,0.1971138,
538,0.0007242,0.1105585,0.1124499,0.2236847,0.2467287,0.272577,
539,0.000329,0.0960061,0.0475669,0.2201282,0.3110279,0.2209247,
540,0.0005314,0.0504383,0.0670213,0.1827052,0.2330265,0.1501251,
541,0.0007234,0.0570417,0.1279755,0.1651537,0.2058584,0.1722009,
542,0.0004488,0.0842892,0.1332977,0.2020765,0.2150487,0.1972735,
543,0.0005029,0.1097537,0.133398,0.1659313,0.1611257,0.1703922,
544,0.0004501,0.0593343,0.1190999,0.1217653,0.1499501,0.1399989,
545,0.0005715,0.0716568,0.0425923,0.1105452,0.1480239,0.1133527,
546,0.0005241,0.0466188,0.0753497,0.1032244,0.153659,0.1440001,
547,0.0005988,0.0546966,0.0875373,0.1179616,0.1920408,0.1836337,
548,0.0005911,0.0437735,0.1096901,0.168686,0.1975721,0.1743437,
549,0.0005602,0.0551261,0.1276747,0.2431816,0.3003719,0.1919336,
550,0.0004812,0.0658211,0.1768959,0.2801956,0.2902617,0.1616142,
551,0.0005057,0.1160636,0.1507333,0.2657482,0.3020069,0.1764582,
552,0.0006713,0.0503789,0.0612351,0.1614232,0.2902499,0.262705,
553,0.0007168,0.0754971,0.1302215,0.1829875,0.3372115,0.2518031,
554,0.0003516,0.0819361,0.1586391,0.2038739,0.3571717,0.2036846,
555,0.0006986,0.0867316,0.1054129,0.1490618,0.2760351,0.1509051,
556,0.0005453,0.0858513,0.1224776,0.1292365,0.19133,0.0932596,
557,0.0003892,0.0740881,0.1188295,0.1231693,0.172339,0.1190749,
558,0.0006843,0.0657478,0.1378989,0.0809915,0.1507597,0.1205922,
559,0.0003166,0.1131356,0.1205207,0.0568978,0.1348618,0.1331884,
560,0.0005742,0.0617598,0.1521689,0.093913,0.1536561,0.1107743,
561,0.0004255,0.0597441,0.1973573,0.0984447,0.161261,0.1194191,
562,0.0004956,0.1489562,0.1788998,0.097571,0.1092109,0.1291678,
563,0.0004069,0.0858164,0.1449064,0.0526221,0.1112864,0.1062765,
564,0.0002357,0.0824284,0.1346179,0.0922567,0.0515141,0.1277005,
565,0.0005428,0.0372514,0.1252917,0.1196148,0.0769504,0.1109378,
566,0.0004556,0.0353755,0.1322989,0.1221549,0.1893559,0.0801965,
567,0.000271,0.0267116,0.1204318,0.123716,0.1939996,0.0952182,
568,0.0005072,0.0239031,0.1051461,0.1944299,0.24116,0.0967235,
569,0.0004283,0.0572605,0.0969398,0.1908476,0.1936942,0.0461063,
570,0.0001333,0.0366684,0.0914381,0.1093377,0.1491602,0.0709937,
571,0.0005807,0.0452673,0.0847863,0.1164515,0.167932,0.1168404,
572,0.0001116,0.0571191,0.0348887,0.1202017,0.213319,0.1342655,
573,0.0006359,0.048044,0.054245,0.1234238,0.1877072,0.1284749,
574,0.0004127,0.0740794,0.0776801,0.0878344,0.162349,0.0848029,
575,0.0005824,0.0602114,0.0637544,0.1493052,0.1930597,0.1468714,
576,0.0005492,0.059194,0.0392583,0.1447866,0.2300083,0.1924957,
577,0.0005888,0.068489,0.0559768,0.1113163,0.2104089,0.1588551,
578,0.0006056,0.0701537,0.0859682,0.0873015,0.2108468,0.2135032,
579,0.0006695,0.0701304,0.1128578,0.1567601,0.3676091,0.2848228,
580,0.0005522,0.074139,0.1304631,0.1988563,0.4234631,0.4019406,
581,0.0004358,0.0763707,0.0707886,0.1558447,0.3376911,0.3001676,
582,0.0006711,0.0746693,0.0904709,0.1489136,0.250116,0.2030671,
583,0.0006788,0.1228961,0.1105129,0.1920973,0.2762722,0.1853956,
584,0.0005429,0.0875359,0.1065957,0.1847836,0.3190807,0.2269986,
585,0.0005371,0.0829008,0.129303,0.1516722,0.1818492,0.1899024,
586,0.0003222,0.0653434,0.0776702,0.1198182,0.137327,0.1253443,
587,0.0003851,0.0406671,0.0437322,0.0927586,0.1171978,0.1147809,
588,0.0006223,0.0373838,0.0645783,0.1157083,0.1093256,0.1258404,
589,0.000665,0.0398598,0.0575021,0.1810543,0.1676656,0.2151329,
590,0.0004109,0.0200822,0.0464466,0.1206089,0.15715,0.1608102,
591,0.0003478,0.0431888,0.0366491,0.1414746,0.1479091,0.1686866,
592,0.0004638,0.0924399,0.0322969,0.0507842,0.1101088,0.121193,
593,0.0004136,0.0491299,0.04306,0.0485489,0.103298,0.0853388,
594,0.0005721,0.0278932,0.045642,0.0733507,0.0844269,0.0761375,
595,0.0001423,0.0913311,0.0444499,0.0241536,0.0806526,0.0615925,
596,0.0003383,0.0908927,0.0563545,0.0278174,0.0645919,0.0521682,
597,0.000302,0.0552578,0.028418,0.0455454,0.0762582,0.0259945,
598,0.000308,0.0146195,0.0400598,0.0662148,0.1146922,0.032115,
599,0.0004913,0.0431853,0.0427312,0.052898,0.0748806,0.034863,
600,0.0006886,0.0422791,0.0569645,0.0789438,0.0957734,0.0778151,
601,0.0005047,0.0290569,0.0210354,0.0824591,0.0473182,0.0315605,
602,0.0004739,0.0242842,0.0729765,0.0961427,0.1232602,0.0294492,
603,0.0002379,0.0176483,0.0634748,0.159602,0.1705095,0.0312001,
604,0.0003157,0.0065223,0.0576919,0.2111024,0.0490412,0.0603062,
605,0.0005143,0.0282861,0.0891295,0.2674704,0.090229,0.0581813,
606,0.0005599,0.0320679,0.1450545,0.3956729,0.110972,0.0583299,
607,0.0005883,0.0258711,0.126945,0.298238,0.1167308,0.0855535,
608,0.0003233,0.0293985,0.0838242,0.1479271,0.0370025,0.0716514,
609,0.000444,0.0375171,0.0881105,0.0627583,0.0434768,0.0635866,
610,0.0006227,0.0412972,0.0810193,0.0642245,0.0416532,0.0606429,
611,0.0007209,0.0724908,0.0822113,0.0716768,0.0386873,0.0882232,
612,0.0004587,0.108581,0.0783088,0.1336046,0.0655202,0.1200372,
