#Time_ps,0,100,500,1000,3000,5000,
1,0.0005088,0.1032865,0.0404454,0.1429628,0.143638,0.0289928,
2,0.0004351,0.0650171,0.0532937,0.1433818,0.1043438,0.0467518,
3,0.0006713,0.0232498,0.0430887,0.0765888,0.1068043,0.0587623,
4,0.0006572,0.0207624,0.0493957,0.0490875,0.1243401,0.0440515,
5,0.0005488,0.0663396,0.059493,0.0538803,0.1346789,0.0331261,
6,0.0004093,0.0492145,0.045726,0.0696519,0.0858127,0.0538338,
7,0.0005059,0.0203735,0.0550191,0.07109,0.0372692,0.0619971,
8,0.0004272,0.0480051,0.0754631,0.0622693,0.0293117,0.0547487,
9,0.0004116,0.0517555,0.0773303,0.0525651,0.0386664,0.0474842,
10,0.0003903,0.0508048,0.0116353,0.0269993,0.0318507,0.0630877,
11,0.0003249,0.0664385,0.0522302,0.0435155,0.0284189,0.0392676,
12,0.0006721,0.0818347,0.0572874,0.0392032,0.0313351,0.0328401,
13,0.0004119,0.0759503,0.035738,0.0314745,0.0244532,0.0420277,
14,0.0003941,0.0499356,0.0380606,0.0444473,0.0417478,0.0267082,
15,0.0004929,0.0698538,0.0306233,0.0774484,0.076826,0.0932812,
16,0.0004778,0.0456209,0.0279405,0.0621845,0.0564205,0.0357316,
17,0.0006767,0.0404345,0.0247508,0.058583,0.0212315,0.1107244,
18,0.0004014,0.0449511,0.0717809,0.0867395,0.0199091,0.0960726,
19,0.0005542,0.0504372,0.0817364,0.0473261,0.0247895,0.0369036,
20,0.0004801,0.0683343,0.0620447,0.0686401,0.0417797,0.0234523,
21,0.0005011,0.0933523,0.0877044,0.1598621,0.0395665,0.0578629,
22,0.0005925,0.1116546,0.1387419,0.1297176,0.0435871,0.0640137,
23,0.0006152,0.1324085,0.2640985,0.2280008,0.1472421,0.1713399,
24,0.0004807,0.1490632,0.1810405,0.2440829,0.0691283,0.152436,
25,0.0004369,0.0980463,0.1459076,0.1764413,0.0833282,0.1012984,
26,0.0002946,0.1144943,0.0904637,0.1278212,0.0449906,0.100688,
27,0.0007946,0.0648443,0.0533932,0.0960886,0.0586906,0.0947148,
28,0.0003528,0.0584708,0.0552536,0.0936055,0.0304984,0.0554364,
29,0.0005969,0.0725266,0.0381857,0.105528,0.0313385,0.0575141,
30,0.0006973,0.0596562,0.032478,0.1062116,0.0228365,0.0467158,
31,0.0007364,0.0652801,0.0379203,0.0954089,0.042018,0.0409832,
32,0.0005046,0.0702762,0.0611302,0.0909679,0.0574956,0.0924597,
33,0.0006406,0.0689863,0.0960984,0.1173487,0.0409614,0.0977883,
34,0.0006032,0.1101225,0.1132822,0.100777,0.1414028,0.0664962,
35,0.0007681,0.0468636,0.0174091,0.0877049,0.07827,0.0494254,
36,0.0005669,0.0676409,0.0285393,0.0860006,0.0331504,0.0304044,
37,0.0003788,0.052837,0.0400799,0.0749637,0.0063128,0.0418916,
38,0.0004346,0.0844219,0.0289922,0.0730217,0.0300924,0.0304882,
39,0.0002393,0.0740686,0.0300743,0.0830541,0.0233133,0.0454452,
40,0.0002462,0.095506,0.0398115,0.0706798,0.0668238,0.0435857,
41,0.0003233,0.0989558,0.0601376,0.0788846,0.0739048,0.039553,
42,0.0004188,0.084292,0.0886753,0.0753826,0.0604801,0.0647984,
43,0.00058,0.0741166,0.0604481,0.0330436,0.1663981,0.2195379,
44,0.0006441,0.1031653,0.0723081,0.0619112,0.158934,0.2624338,
45,0.000623,0.202229,0.1331775,0.0856102,0.1906781,0.3661155,
46,0.0003144,0.302427,0.23505,0.077125,0.207813,0.4109932,
47,0.0003647,0.3763787,0.2879802,0.0556008,0.189052,0.4517908,
48,0.0003008,0.3020744,0.1682329,0.0400556,0.1360267,0.3441925,
49,0.0004193,0.176669,0.1511343,0.0367215,0.1003415,0.260359,
50,0.0006884,0.1958699,0.0746987,0.1041378,0.215138,0.2941972,
51,0.0005224,0.1860561,0.1346153,0.1830885,0.242965,0.334089,
52,0.0001606,0.1485775,0.2866624,0.1277121,0.1957005,0.3347262,
53,0.0004407,0.1095837,0.1739397,0.1196195,0.210687,0.289257,
54,0.0005069,0.104964,0.2191468,0.1758202,0.1999242,0.1564585,
55,0.0003485,0.1095604,0.2341717,0.1483217,0.1748407,0.1800504,
56,0.0008326,0.0643645,0.1969555,0.1249406,0.0944976,0.0884563,
57,0.0003514,0.0529612,0.2385245,0.1566092,0.1311045,0.1113559,
58,0.0003692,0.075677,0.1951011,0.1611223,0.1360814,0.1562623,
59,0.0005862,0.0507101,0.2136658,0.148362,0.1255216,0.1474689,
60,0.0001616,0.0778765,0.3266822,0.099945,0.120147,0.1245073,
61,0.0003565,0.156885,0.303376,0.0903101,0.0374695,0.093755,
62,0.0006562,0.1123619,0.2978366,0.1265877,0.0774934,0.1842493,
63,0.0003723,0.0244319,0.233651,0.1435598,0.0904216,0.1850563,
64,0.0004871,0.0680113,0.2537858,0.1541574,0.0867319,0.179826,
65,0.0004238,0.0740082,0.1863262,0.1737843,0.0658574,0.095598,
66,0.0003378,0.0620123,0.1345685,0.1923295,0.0608325,0.0716531,
67,0.0003732,0.0606441,0.0763497,0.2112131,0.0304519,0.0285306,
68,9.88e-05,0.0285519,0.0934467,0.1090873,0.0533892,0.0520966,
69,0.0003474,0.0429643,0.1551725,0.0912343,0.0543229,0.0678213,
70,0.0005234,0.158207,0.0675724,0.1652762,0.0672289,0.1020412,
71,0.0005925,0.2769525,0.106013,0.3706771,0.155669,0.2198382,
72,0.0005359,0.270858,0.1271246,0.3512166,0.3751436,0.2371278,
73,0.0006359,0.2388272,0.0922229,0.1842644,0.4466632,0.1788008,
74,0.000479,0.1404591,0.1449994,0.0712463,0.4019596,0.1442665,
75,0.000547,0.0951306,0.1459226,0.0708939,0.1578584,0.0939588,
76,0.0005901,0.0845405,0.186169,0.0973106,0.0973812,0.1471933,
77,0.0004957,0.0727386,0.1600768,0.0483724,0.1143205,0.0348272,
78,0.0007159,0.089177,0.1718673,0.0822392,0.0963686,0.0589128,
79,0.0006046,0.0822584,0.170912,0.0651808,0.0807261,0.0487698,
80,0.0007059,0.0573314,0.1588973,0.0480975,0.0898506,0.0609179,
81,0.0005101,0.0814528,0.1241218,0.1285032,0.0981224,0.0240885,
82,0.0004557,0.0606996,0.1459764,0.1036018,0.0776627,0.0488892,
83,0.0004725,0.0433636,0.0677361,0.0599563,0.0688794,0.0545867,
84,0.0005236,0.0726845,0.0666308,0.0493028,0.0427187,0.0696546,
85,0.0005478,0.0938126,0.0818963,0.0550563,0.0146238,0.0678598,
86,0.0005998,0.0646178,0.0727422,0.0520646,0.0567918,0.049755,
87,0.000641,0.0725734,0.0683248,0.0867326,0.0356515,0.0385316,
88,0.0007073,0.0777831,0.0657559,0.0829791,0.048778,0.0350156,
89,0.0005726,0.0682035,0.0688466,0.0765957,0.0631424,0.0399458,
90,0.0005108,0.0879293,0.0810418,0.0916561,0.0396432,0.0539997,
91,0.0003365,0.1022201,0.1336246,0.0795359,0.0467668,0.0689223,
92,0.0003063,0.0787444,0.1655985,0.0927397,0.0981342,0.1329958,
93,0.0004135,0.0678979,0.1430441,0.1552058,0.0973484,0.126113,
94,0.0007087,0.0846712,0.1150454,0.1515935,0.1015271,0.096277,
95,0.0006761,0.0985845,0.0887139,0.0494442,0.1070825,0.0422755,
96,0.0004678,0.1109981,0.0550241,0.0711387,0.1026569,0.0535191,
97,0.0005768,0.0397125,0.0860713,0.0557662,0.1023193,0.0664523,
98,0.0005085,0.0227994,0.0479104,0.0684126,0.0500402,0.0796948,
99,0.0004945,0.0521592,0.0421369,0.0689273,0.0408943,0.0522034,
100,0.0005088,0.0566065,0.0787149,0.0645448,0.0230554,0.0671391,
101,0.0003602,0.0619294,0.0558243,0.0898984,0.0344251,0.0591001,
102,0.0004378,0.065796,0.0491509,0.0686922,0.0406793,0.0423268,
103,0.000493,0.08335,0.0680297,0.0631474,0.0552594,0.0394761,
104,0.0005083,0.0731178,0.0645339,0.0825165,0.0628715,0.0177671,
105,0.0001617,0.0775951,0.069906,0.0350555,0.0375228,0.0121864,
106,0.0005108,0.0297558,0.0519008,0.0792325,0.0339554,0.0222788,
107,0.0004422,0.0550341,0.0540856,0.0367714,0.0605494,0.0172844,
108,0.0004799,0.1150509,0.0539312,0.0433235,0.0718158,0.0531808,
109,0.0005252,0.0273101,0.1157542,0.0368869,0.1064512,0.0082069,
110,0.000624,0.0671889,0.062868,0.0308036,0.0799849,0.0356264,
111,0.0007034,0.0783731,0.0562397,0.0115651,0.0832737,0.0609922,
112,0.0002496,0.0481844,0.0510851,0.0588991,0.0830323,0.0366886,
113,0.0005822,0.0382106,0.0676589,0.0878275,0.0997421,0.0385958,
114,0.0003152,0.0208345,0.0454454,0.1139281,0.0977236,0.0525297,
115,0.0005318,0.0635607,0.0809499,0.0815995,0.0547166,0.0440568,
116,0.0004296,0.0658862,0.0653821,0.0611758,0.049081,0.0677434,
117,0.0003573,0.0609621,0.0656697,0.0558345,0.063525,0.0540174,
118,0.0007059,0.1011922,0.0614449,0.0635381,0.0453207,0.0917341,
119,0.0004761,0.1638784,0.1013761,0.1151918,0.0726565,0.137699,
120,0.0002494,0.1124774,0.0356656,0.0441292,0.0562888,0.0903066,
121,0.0004291,0.0864816,0.0495476,0.0321247,0.0660967,0.0659547,
122,0.0005484,0.0776312,0.0383198,0.0412401,0.0444502,0.1011345,
123,0.0003691,0.0706756,0.0163193,0.0471857,0.0358609,0.1124095,
124,0.0004794,0.0597241,0.0492172,0.0434463,0.0942374,0.06407,
125,0.0005423,0.040388,0.0417378,0.0530392,0.076525,0.0478954,
126,0.0004603,0.0385758,0.0125682,0.0388301,0.0682805,0.0442922,
127,0.0004913,0.0665425,0.0458666,0.072558,0.0891213,0.0422365,
128,0.0004863,0.0638648,0.034295,0.0829257,0.0729514,0.0274588,
129,0.0004172,0.0451537,0.0282409,0.0932731,0.0684904,0.0380324,
130,0.0004438,0.0889605,0.0256805,0.0413805,0.0509886,0.0364343,
131,0.000225,0.0759672,0.0513619,0.0301712,0.047475,0.0366778,
132,0.0006271,0.1042171,0.0389646,0.0412305,0.0786345,0.0166423,
133,0.0002134,0.103348,0.0266424,0.0375825,0.0856728,0.0760365,
134,0.0004469,0.0755119,0.0255509,0.0134958,0.0599969,0.0516293,
135,0.0002139,0.0421664,0.0527733,0.0816728,0.0553381,0.038091,
136,0.0005525,0.0407077,0.0374082,0.0644482,0.0808594,0.0713699,
137,0.0004607,0.1057766,0.0565643,0.0613742,0.0736505,0.0993934,
138,0.0004705,0.0687556,0.0771071,0.0304138,0.0669817,0.0787812,
139,0.0003785,0.0819042,0.0473059,0.0380005,0.0544433,0.0709724,
140,0.0006238,0.0541737,0.0526605,0.0543574,0.0391367,0.0621295,
141,0.0004538,0.0534765,0.0625303,0.0680981,0.0591452,0.0866971,
142,0.0005207,0.0915752,0.1453745,0.1494648,0.1296816,0.0852435,
143,0.0006889,0.1824152,0.159315,0.1417483,0.1109294,0.0479846,
144,0.0004196,0.0969804,0.0818189,0.0663948,0.0292771,0.0382296,
145,0.0002897,0.0459444,0.0522033,0.0953764,0.0316909,0.039529,
146,0.0004346,0.054568,0.0397809,0.0713518,0.0192984,0.0481701,
147,0.0004188,0.0520475,0.0677618,0.063479,0.033912,0.0477819,
148,0.0005278,0.0863609,0.0726786,0.1109041,0.0349562,0.0711521,
149,0.000524,0.0356433,0.0781445,0.0360409,0.0525229,0.0719979,
150,0.0006744,0.0367381,0.0632827,0.0392599,0.0599398,0.0419005,
151,0.0005612,0.0282904,0.056353,0.0211452,0.0417283,0.046814,
152,0.0005542,0.0575808,0.0649501,0.038503,0.0416156,0.0639983,
153,0.0006877,0.0643437,0.1782396,0.0506111,0.054745,0.0675735,
154,0.0004837,0.0322881,0.0801574,0.0477249,0.048357,0.0974653,
155,0.0005203,0.0275272,0.0849241,0.1287772,0.0704904,0.1266465,
156,0.0004835,0.053576,0.0711819,0.0766989,0.0223633,0.0658003,
157,0.0005057,0.02585,0.0543589,0.0957176,0.0331351,0.058476,
158,0.0002791,0.0468114,0.0361112,0.0870902,0.036112,0.0466566,
159,0.0004284,0.0376343,0.0476966,0.0340351,0.0483536,0.0534301,
160,0.0004057,0.0419741,0.0724496,0.0197407,0.0359276,0.0793806,
161,0.0001045,0.0206929,0.0477679,0.0374624,0.0361901,0.0652477,
162,4.85e-05,0.0342104,0.0818352,0.0648107,0.0532104,0.0446052,
163,0.0004408,0.0378009,0.0776519,0.0494366,0.0772569,0.0448188,
164,0.0002482,0.0444034,0.0648825,0.058742,0.0522267,0.056446,
165,0.0004415,0.0768791,0.0732307,0.0478859,0.0666583,0.0259693,
166,0.0005212,0.1037262,0.0901334,0.021551,0.0843504,0.0572985,
167,0.0005825,0.0505019,0.0388187,0.0692532,0.0539815,0.0418401,
168,0.0003226,0.1524722,0.0336152,0.1491039,0.0440582,0.0316972,
169,0.0006185,0.2122497,0.1067901,0.1378817,0.0661716,0.0725128,
170,0.0004617,0.165399,0.0922421,0.1373996,0.0762589,0.1149672,
171,0.0006885,0.0914293,0.0444504,0.0721534,0.0480552,0.0689886,
172,0.0006149,0.0554743,0.0272724,0.0524262,0.0611336,0.0477758,
173,0.00033,0.0439757,0.0268252,0.0658981,0.0483944,0.0414531,
174,0.0006368,0.0309506,0.0477401,0.0320676,0.0413865,0.0548143,
175,0.0005541,0.0345539,0.0302801,0.0306879,0.0256231,0.0697899,
176,0.0003319,0.0480394,0.0657478,0.0402292,0.0498742,0.0284311,
177,0.0004968,0.0668537,0.0470185,0.1032949,0.0485695,0.0367858,
178,0.0005995,0.0322584,0.0694488,0.0897887,0.0877052,0.027269,
179,0.0004784,0.1173009,0.1061103,0.0612305,0.1026322,0.0422498,
180,0.0005608,0.0471741,0.053149,0.0602939,0.0472042,0.0627377,
181,0.0004321,0.0308498,0.0513501,0.0570872,0.0443109,0.0835382,
182,0.0003203,0.0376808,0.0410298,0.0430686,0.0439945,0.1124889,
183,0.0006969,0.0775499,0.0249358,0.0755328,0.088418,0.0909587,
184,0.0007207,0.1251301,0.0486711,0.1143231,0.1468962,0.071544,
185,0.0005522,0.1175484,0.0704066,0.1099953,0.0630767,0.0574918,
186,0.000178,0.0887632,0.1217541,0.1430232,0.1124826,0.0533199,
187,0.0002317,0.1021082,0.1232557,0.1375336,0.0469287,0.0867982,
188,0.0006766,0.0835851,0.0432435,0.1456057,0.096464,0.1718067,
189,0.0005652,0.1286316,0.0793522,0.1404613,0.1850864,0.2682204,
190,0.0003559,0.1680068,0.0775428,0.1818735,0.2186926,0.2805335,
191,0.0005639,0.3358598,0.0599045,0.2370429,0.326044,0.3554229,
192,0.0005759,0.2096045,0.099856,0.2323333,0.1271993,0.1126702,
193,0.0004721,0.1530736,0.1131636,0.2359487,0.060827,0.0832494,
194,0.0001614,0.0613922,0.0358701,0.1769956,0.0674265,0.1438839,
195,0.0007921,0.1164295,0.0440617,0.1718249,0.1124722,0.134341,
196,0.0002901,0.1556288,0.0462716,0.1115589,0.1139772,0.1606863,
197,0.000394,0.1116886,0.0596971,0.0574351,0.079562,0.0421456,
198,0.0004128,0.0367822,0.0681281,0.0593516,0.0478457,0.0461051,
199,0.0004327,0.0262727,0.0904825,0.1359645,0.0540803,0.0744267,
200,0.0006991,0.055313,0.0750969,0.1260368,0.0528086,0.0578319,
201,0.0006367,0.0676877,0.078068,0.1031722,0.0416464,0.0528268,
202,0.0005945,0.0564678,0.0546295,0.0954575,0.0395221,0.0465432,
203,0.0004226,0.0272457,0.0863987,0.076491,0.0265403,0.0223294,
204,0.000569,0.0643204,0.0879257,0.0693519,0.0469355,0.0480365,
205,0.0007493,0.0614989,0.0886994,0.0802658,0.0401259,0.0739605,
206,0.0005185,0.0591395,0.0805252,0.0811526,0.0751511,0.0687018,
207,0.000415,0.0532925,0.068062,0.0533023,0.0889349,0.0653438,
208,0.0001739,0.0249764,0.0677584,0.1019221,0.0543785,0.0724412,
209,0.0007075,0.021279,0.0850183,0.0961028,0.0516076,0.0790369,
210,0.0004381,0.0316238,0.084509,0.0882474,0.0704748,0.0775831,
211,0.0005975,0.0527313,0.0606203,0.1402493,0.0658535,0.0694654,
212,0.0005867,0.0267264,0.0758314,0.1492016,0.0717782,0.0735907,
213,0.000287,0.0108362,0.1060233,0.0761626,0.1019739,0.0722575,
214,0.0004187,0.0154592,0.1214791,0.0946478,0.0961653,0.0772035,
215,0.0005411,0.082045,0.1328192,0.1315206,0.2373361,0.1065257,
216,0.0004421,0.0892067,0.0693327,0.1754839,0.3701852,0.1262943,
217,0.0005084,0.0791567,0.0356727,0.175099,0.3041259,0.1589766,
218,0.000388,0.045751,0.0587695,0.1890246,0.2298068,0.1640817,
219,0.0005441,0.0589193,0.0721371,0.1792439,0.1061143,0.131397,
220,0.0005242,0.0856413,0.0439918,0.1748141,0.1345838,0.1010492,
221,0.0005162,0.0654055,0.0492725,0.2538365,0.1641842,0.0868647,
222,0.0006745,0.0482725,0.0991897,0.2672382,0.2718819,0.2002585,
223,0.000373,0.0871752,0.1487495,0.4711746,0.2001442,0.1271435,
224,0.0005962,0.0722472,0.2078018,0.4775425,0.1643023,0.0697252,
225,0.0004787,0.0661754,0.1829636,0.3174552,0.0847935,0.0738136,
226,0.0006894,0.0621911,0.231936,0.2700232,0.0978252,0.0766962,
227,0.0005668,0.1216638,0.2378802,0.2497102,0.1083984,0.0799243,
228,0.0004706,0.107125,0.2341803,0.2697712,0.2124017,0.0900223,
229,0.0005846,0.0831521,0.2257976,0.2836582,0.1728139,0.0643634,
230,0.0004304,0.1130057,0.1926679,0.2299627,0.048763,0.0416282,
231,0.000602,0.1268318,0.1928212,0.2856924,0.094512,0.069907,
232,0.0006033,0.1414993,0.1804585,0.3167236,0.0828834,0.054559,
233,0.000443,0.0921011,0.2004078,0.2811128,0.0959366,0.029382,
234,0.0005108,0.0599561,0.2004185,0.1998492,0.0390888,0.0757353,
235,0.0007686,0.039182,0.1287368,0.1815846,0.1648048,0.0792541,
236,0.0004831,0.072759,0.0763509,0.2360854,0.0229624,0.0676418,
237,0.0006661,0.0927449,0.0810552,0.2176471,0.0474729,0.0440643,
238,0.000533,0.0638257,0.0715802,0.1491155,0.080449,0.0437454,
239,0.0003544,0.0455771,0.0973766,0.148052,0.0791675,0.0289591,
240,0.0004591,0.0785073,0.1247466,0.1503959,0.0886269,0.0789484,
241,0.0005364,0.0713936,0.1583514,0.1691955,0.1151465,0.0882882,
242,0.0004855,0.0669005,0.184908,0.171662,0.1791988,0.0739616,
243,0.0001826,0.0774744,0.1202703,0.1690019,0.1401707,0.1132532,
244,0.0006591,0.1112977,0.1291258,0.1962366,0.076739,0.1256335,
245,0.0005534,0.108238,0.108439,0.1206693,0.085194,0.0813789,
246,0.0005367,0.1245672,0.1089109,0.0958017,0.0785889,0.0945812,
247,0.0004738,0.1811869,0.1763314,0.1653612,0.0861554,0.1160059,
248,0.0005691,0.1909352,0.2124585,0.126263,0.1294791,0.1227627,
249,0.0003323,0.1364003,0.1930998,0.0696334,0.1123727,0.0985788,
250,0.0004958,0.1418454,0.1930719,0.0962419,0.0967588,0.0979391,
251,0.0003763,0.1954812,0.2491991,0.0960167,0.0632482,0.103308,
252,0.0003581,0.1748939,0.2803756,0.1321494,0.0683126,0.0952609,
253,0.0003438,0.1262514,0.1482839,0.1107383,0.0698107,0.0963474,
254,0.000524,0.1346997,0.0790175,0.0659896,0.0695667,0.1713642,
255,0.0003675,0.1474537,0.0728867,0.0479739,0.0926112,0.146069,
256,0.0003933,0.0835252,0.0855841,0.0622082,0.0970189,0.0806075,
257,0.0005638,0.0268218,0.0504433,0.0836237,0.0827376,0.1451037,
258,0.000497,0.0750717,0.0511007,0.1155607,0.0818753,0.1599844,
259,0.0003904,0.0775407,0.0849087,0.1211307,0.0951941,0.0898435,
260,0.0005776,0.1123734,0.1648062,0.162387,0.0263047,0.0579008,
261,0.0004875,0.0881264,0.1201281,0.2029341,0.0345941,0.0833512,
262,0.0006137,0.07421,0.1174302,0.2635084,0.0344908,0.1083389,
263,0.0004543,0.1040597,0.0911464,0.2669447,0.0351461,0.1326731,
264,0.0003584,0.0686624,0.0687139,0.2335583,0.0478962,0.1209411,
265,0.0006505,0.0363611,0.0895468,0.212799,0.0535047,0.0930153,
266,0.0003262,0.0480315,0.0708125,0.2594202,0.0570977,0.0882626,
267,0.000471,0.0924605,0.0440025,0.2454322,0.0594705,0.1212983,
268,0.000527,0.0715575,0.0422335,0.2050989,0.047375,0.1173249,
269,0.0003727,0.0580497,0.0570699,0.2133036,0.0446433,0.1219428,
270,0.0004914,0.0981286,0.0608491,0.2126447,0.0826267,0.1157071,
271,0.000607,0.0664462,0.0675153,0.2299573,0.06866,0.114595,
272,0.0002314,0.0643223,0.0723126,0.1786647,0.0787405,0.1196273,
273,0.0005639,0.1139808,0.110436,0.1830932,0.0687811,0.1340375,
274,0.0001236,0.216202,0.1301696,0.1673813,0.133516,0.2780197,
275,0.0005396,0.1178379,0.0717237,0.2162502,0.1517271,0.2230588,
276,0.000434,0.0849362,0.0857541,0.2064147,0.1084448,0.0999371,
277,0.0005123,0.1700125,0.1610678,0.222262,0.0990648,0.2335925,
278,0.0006902,0.1311339,0.1713604,0.2051532,0.0264347,0.3548804,
279,0.0006529,0.0674504,0.1338266,0.1994133,0.0864341,0.3269343,
280,0.0006391,0.0356181,0.1247687,0.1795007,0.0704454,0.1468276,
281,0.0003494,0.0310338,0.0761661,0.1652753,0.0556613,0.0867219,
282,0.0004281,0.0523558,0.0602064,0.1176314,0.0923255,0.061384,
283,0.0004605,0.1055534,0.1429346,0.1831581,0.0973459,0.1270475,
284,0.0004204,0.0421703,0.0804337,0.1037078,0.0864169,0.0813795,
285,0.000653,0.0240929,0.0831564,0.1213107,0.0340378,0.1103954,
286,0.0004355,0.0234181,0.0895402,0.0979857,0.0417425,0.1904022,
287,0.0006177,0.0500386,0.099745,0.0820078,0.0316017,0.0637683,
288,0.0005662,0.0724098,0.0932057,0.1116016,0.0517022,0.048997,
289,0.0006734,0.0529025,0.1131091,0.1032226,0.0486734,0.0247859,
290,0.0005994,0.0540187,0.0809061,0.1304875,0.0744235,0.0182979,
291,0.000834,0.0508134,0.052843,0.0796629,0.0982698,0.018931,
292,0.0004001,0.08256,0.0790458,0.0646486,0.1040941,0.0210962,
293,0.0006358,0.0702848,0.0862701,0.0779647,0.0813295,0.0539348,
294,0.0005354,0.0560942,0.0880382,0.0749149,0.0942645,0.0465087,
295,0.000528,0.0245216,0.0596099,0.0417994,0.0909256,0.066857,
296,0.0005807,0.0265137,0.0667583,0.0193329,0.0480617,0.0551559,
297,0.0004834,0.0342755,0.0380805,0.0801267,0.0674324,0.0855419,
298,0.0006887,0.0278425,0.0550196,0.1166272,0.069563,0.0650064,
299,0.0003395,0.0261612,0.0484622,0.103914,0.0765085,0.050192,
300,0.0005791,0.0280787,0.0321695,0.0473519,0.0821307,0.07536,
301,0.0006469,0.0582908,0.0265331,0.0647635,0.080739,0.0110053,
302,0.0003737,0.1183792,0.0617753,0.0714564,0.0605866,0.0552899,
303,0.0004266,0.1037028,0.0935176,0.1096885,0.0797177,0.1280506,
304,0.0005178,0.0742566,0.1646204,0.1293888,0.062152,0.1333389,
305,0.0006678,0.0409333,0.0562899,0.089684,0.0558392,0.0506472,
306,0.000417,0.0693571,0.0384109,0.0980171,0.0799163,0.0276102,
307,0.0003042,0.0654387,0.0214534,0.0814098,0.0217606,0.1327117,
308,0.0006397,0.0680831,0.0120751,0.0599017,0.0288855,0.0952217,
309,0.000307,0.0924751,0.0410671,0.056383,0.0592655,0.0885014,
310,0.0006732,0.0944768,0.0260319,0.0428438,0.0959154,0.0899853,
311,0.0003708,0.0538163,0.0159189,0.0741632,0.0836001,0.0544686,
312,0.0005715,0.0641222,0.0374657,0.0726198,0.0841461,0.0510841,
313,0.0004694,0.0578287,0.0206823,0.0297726,0.081388,0.0883998,
314,0.0003714,0.0306431,0.0167228,0.0314188,0.0629296,0.0874445,
315,0.0003718,0.0653798,0.0533795,0.0251586,0.0496426,0.1012974,
316,0.0005597,0.0503348,0.016837,0.0306953,0.0522078,0.045008,
317,0.0001913,0.0500479,0.0175643,0.0392919,0.0656127,0.0808066,
318,0.0003924,0.0235804,0.0446527,0.0405863,0.0741952,0.0734192,
319,0.0004421,0.0342213,0.0430211,0.022385,0.0681581,0.0874472,
320,0.0004229,0.0493968,0.0508981,0.033433,0.0409561,0.0907699,
321,0.0002813,0.071748,0.1053775,0.0731688,0.0714281,0.1130297,
322,0.0005597,0.0256048,0.090138,0.0701321,0.0459822,0.1101052,
323,0.0001281,0.0498786,0.0947779,0.0422177,0.0497079,0.0667589,
324,0.0004695,0.0370883,0.0831421,0.0601595,0.0368137,0.0406114,
325,0.000575,0.0403753,0.1081799,0.0606905,0.0461464,0.0507313,
326,0.0003682,0.0569948,0.1004066,0.037624,0.0290527,0.0542097,
327,0.0006499,0.0990375,0.1312909,0.0350329,0.0452515,0.0597009,
328,0.0002437,0.1409773,0.1276078,0.0375007,0.0581743,0.0624908,
329,0.0001758,0.2005076,0.0364464,0.0890806,0.2015657,0.1095424,
330,0.0005929,0.2470869,0.0938917,0.1399444,0.1726947,0.1499621,
331,0.0002247,0.146272,0.1476411,0.0406212,0.019885,0.0775406,
332,0.0004674,0.1104384,0.1485506,0.0406026,0.0585694,0.0884538,
333,0.0003718,0.0589123,0.091382,0.0609652,0.0671698,0.0708146,
334,0.0003135,0.0414874,0.0624767,0.0474839,0.0354969,0.0895445,
335,0.0004549,0.0530721,0.0430844,0.0513484,0.0343466,0.0513254,
336,0.0003013,0.0712882,0.039879,0.065073,0.0205478,0.0753961,
337,0.0005439,0.0429213,0.0762904,0.0794063,0.0439027,0.072213,
338,0.0002945,0.0259797,0.1211663,0.0727424,0.1011104,0.071381,
339,0.0001585,0.0234825,0.128345,0.0575759,0.0703509,0.0507144,
340,0.0003268,0.0442286,0.1638202,0.0319493,0.0764669,0.0545304,
341,0.0005202,0.0571101,0.1307868,0.0531328,0.0740938,0.0450531,
342,0.0005657,0.0528105,0.0893413,0.040242,0.0620846,0.0788012,
343,0.0003658,0.0486911,0.0409778,0.0246543,0.07564,0.0726397,
344,0.0005866,0.0254339,0.0440134,0.0685392,0.0698751,0.0348442,
345,0.0005579,0.0541305,0.0672429,0.0464126,0.0752441,0.03942,
346,0.0005859,0.0471853,0.0750136,0.0955374,0.071936,0.0569964,
347,0.0005601,0.0453526,0.0587348,0.0982255,0.0501504,0.0510066,
348,0.0004313,0.0995556,0.0631228,0.0772949,0.0025989,0.0303917,
349,0.0004858,0.1041946,0.0696606,0.0535292,0.0643786,0.1293771,
350,0.0002218,0.0983645,0.1024962,0.1124338,0.1153853,0.1379218,
351,0.0006056,0.1538144,0.1069776,0.2409376,0.2220005,0.1234275,
352,0.0007649,0.2257042,0.1376842,0.2123385,0.2172826,0.2088578,
353,0.0004838,0.2072725,0.1075765,0.3105119,0.2631909,0.1783803,
354,0.0004281,0.1001063,0.0728286,0.2365012,0.2065347,0.1325133,
355,0.0006025,0.1344662,0.0705631,0.1492644,0.048425,0.1419805,
356,0.0005085,0.0936866,0.0845975,0.2781026,0.0684233,0.2311989,
357,0.0003867,0.0993018,0.0784651,0.2928429,0.1535319,0.2558384,
358,0.0005795,0.167449,0.0728968,0.3271036,0.2175071,0.2548605,
359,0.0004675,0.1560498,0.0877343,0.2415685,0.1404186,0.2616075,
360,0.0005021,0.1291862,0.2126139,0.1287357,0.1261598,0.1900632,
361,0.0006467,0.1096448,0.2142623,0.1517759,0.1463875,0.1621896,
362,0.0008019,0.0940154,0.1632553,0.106259,0.1483023,0.1865577,
363,0.0004944,0.0722114,0.1695662,0.0601406,0.1054674,0.164112,
364,0.0006959,0.0839381,0.0892503,0.1683428,0.10453,0.1317562,
365,0.0002441,0.1423473,0.1481608,0.2550513,0.1360045,0.1589117,
366,0.0003726,0.1765988,0.1361866,0.2312388,0.0687065,0.1694357,
367,0.0004773,0.2324644,0.0855139,0.1718095,0.1236939,0.1032297,
368,0.0006205,0.3021517,0.0630725,0.1635676,0.0422618,0.0719178,
369,0.0005017,0.2204435,0.0631654,0.2049574,0.04968,0.0310278,
370,0.0002986,0.176272,0.0801013,0.1674746,0.0315547,0.0867823,
371,0.0004107,0.1626454,0.0830967,0.1527514,0.05213,0.118503,
372,0.0004058,0.1564852,0.0981883,0.143482,0.0539959,0.0694466,
373,0.0004099,0.1384142,0.1471194,0.0829948,0.0567582,0.0385424,
374,0.0007197,0.0958977,0.1401358,0.0469464,0.0431397,0.0456442,
375,0.0004406,0.0986457,0.1628878,0.0463606,0.0455429,0.0283169,
376,0.0006002,0.1015927,0.1504173,0.1005002,0.071611,0.0582199,
377,0.0006708,0.0546859,0.2362505,0.1215629,0.0951279,0.2873321,
378,0.0004582,0.08454,0.4354102,0.1606201,0.0999354,0.1656152,
379,0.0005457,0.0985236,0.3520001,0.0883174,0.0508286,0.0717812,
380,0.0006493,0.1192921,0.2221759,0.1056952,0.0149611,0.0378803,
381,0.0001969,0.0838862,0.2088373,0.0596556,0.0408328,0.0325522,
382,0.000462,0.0800129,0.2406145,0.1335382,0.0423913,0.0407628,
383,0.0004553,0.0810692,0.1564227,0.1577442,0.0367706,0.0408089,
384,0.0005331,0.1009742,0.1627892,0.1242889,0.0583737,0.0315881,
385,0.0002464,0.1532226,0.095531,0.1484589,0.050875,0.0573595,
386,0.0007206,0.2029132,0.0507999,0.1186478,0.0534029,0.0303909,
387,0.0006225,0.1659947,0.1043957,0.1309465,0.0699152,0.0562097,
388,0.0006004,0.1199425,0.1787551,0.1923132,0.0649222,0.0745472,
389,0.0006912,0.0690293,0.1317275,0.1142539,0.1463979,0.1043202,
390,0.0004672,0.0987208,0.0677992,0.0473798,0.1288895,0.0833013,
391,0.0007274,0.1080786,0.0709061,0.0856332,0.0607811,0.0903887,
392,0.0004985,0.0624487,0.0553286,0.0839502,0.0512146,0.0694115,
393,0.000623,0.0569547,0.0803842,0.0552936,0.0271686,0.0409434,
394,0.0005715,0.0412351,0.0589028,0.0618411,0.0529446,0.0536318,
395,0.0006799,0.0665387,0.0697453,0.0583338,0.0631482,0.0497165,
396,0.0002462,0.0821545,0.1564991,0.0459891,0.0577639,0.0829078,
397,0.0002693,0.0881225,0.1701749,0.0239961,0.0468456,0.0926539,
398,0.0005011,0.1065326,0.1598415,0.0961189,0.0645753,0.1092955,
399,0.0005398,0.0687006,0.2258336,0.0994388,0.0462119,0.0717297,
400,0.0002317,0.0455021,0.1507405,0.0561498,0.0692738,0.0651008,
401,0.0004389,0.076794,0.1157875,0.0672302,0.0622735,0.070162,
402,0.0004894,0.1157771,0.1199361,0.0538616,0.0973421,0.0451652,
403,0.0001679,0.0736889,0.1086187,0.0614963,0.0589708,0.0250256,
404,0.0003629,0.0353322,0.12705,0.0388631,0.0593995,0.0493863,
405,0.0006194,0.0402373,0.1087508,0.0541266,0.0732879,0.0571921,
406,0.0005266,0.0370656,0.1349451,0.0700874,0.0328206,0.096205,
407,0.0002446,0.0395856,0.1642658,0.0463235,0.0422203,0.1011068,
408,0.0005679,0.0289749,0.0602396,0.0576324,0.0296425,0.0701902,
409,0.0004594,0.0465271,0.0666541,0.070672,0.0910421,0.0390309,
410,0.0006281,0.0582203,0.080537,0.0707442,0.0933754,0.0698349,
411,0.000181,0.0444283,0.0668456,0.0780625,0.0582749,0.1046743,
412,0.000447,0.0418612,0.0782163,0.0769816,0.0766147,0.1468458,
413,0.0004959,0.0758756,0.0464264,0.1490475,0.1429303,0.1153936,
414,0.0006189,0.086823,0.062415,0.126586,0.1134763,0.0690266,
415,0.0004959,0.0570235,0.0691492,0.1091304,0.0906216,0.0556853,
416,0.0005757,0.0528102,0.0453716,0.0666151,0.0590818,0.0395151,
417,0.0004016,0.0535563,0.0340132,0.0620668,0.094241,0.0731909,
418,0.0004056,0.0731687,0.0358261,0.0791807,0.0782609,0.0715681,
419,0.0004283,0.0592369,0.034351,0.0332313,0.0434979,0.0530495,
420,0.0002807,0.0730892,0.0364304,0.0365769,0.0513409,0.0436731,
421,0.0005569,0.0576269,0.0391458,0.0630958,0.0606934,0.0719971,
422,0.0005192,0.0564119,0.0491653,0.0736671,0.06442,0.0550171,
423,0.0005314,0.0217374,0.0825501,0.0518699,0.0608604,0.0369787,
424,0.0003774,0.0374194,0.0516795,0.0655791,0.0566004,0.0697974,
425,0.0005688,0.063364,0.0705256,0.101074,0.0961306,0.133589,
426,0.0002079,0.054662,0.0843887,0.0335432,0.1518729,0.0922702,
427,0.000239,0.0142257,0.0894343,0.0659321,0.1384843,0.0900178,
428,0.000249,0.0455172,0.0861947,0.0264094,0.1411207,0.0702953,
429,0.000585,0.0232035,0.066976,0.0373116,0.1573234,0.0451302,
430,0.0005272,0.0322934,0.0844458,0.0884998,0.0828772,0.102598,
431,0.0002214,0.018592,0.0587549,0.0506763,0.0743046,0.0445092,
432,0.0005366,0.0423864,0.0423899,0.0238763,0.0515569,0.046768,
433,0.0006259,0.0259124,0.0269824,0.049391,0.065508,0.0478559,
434,0.000568,0.0491492,0.04411,0.0741154,0.0907913,0.0664229,
435,0.000633,0.0700662,0.0457802,0.0528337,0.1080869,0.0900427,
436,0.000471,0.0269667,0.0361336,0.0626159,0.1576318,0.0953143,
437,0.0006069,0.0510407,0.101959,0.120871,0.1832304,0.1063957,
438,0.0003528,0.0806337,0.0458624,0.0948063,0.1334488,0.0763985,
439,0.0002738,0.0713243,0.0181634,0.0843351,0.104151,0.0462603,
440,0.0003323,0.1014964,0.0686106,0.0724901,0.1074547,0.0569113,
441,0.0002911,0.1090727,0.0674634,0.0797408,0.1093417,0.0633669,
442,0.0004307,0.0137612,0.0503247,0.0962468,0.1096284,0.0843889,
443,0.0006424,0.0455638,0.0861572,0.0603982,0.1412429,0.0829602,
444,0.0004709,0.0499907,0.0846122,0.1322981,0.0983236,0.033251,
445,0.0003854,0.0142712,0.0846991,0.0710713,0.1067845,0.0385683,
446,0.0004324,0.0228237,0.0693931,0.097633,0.0939083,0.0480299,
447,0.0003979,0.0262032,0.0267786,0.0961985,0.0766741,0.032219,
448,0.0002026,0.0263095,0.0753007,0.1752912,0.0885753,0.0305761,
449,0.0002586,0.076095,0.067254,0.1608778,0.0974893,0.0540549,
450,0.0004506,0.0450851,0.0602762,0.1062073,0.0471194,0.0979485,
451,0.0005243,0.0793519,0.0642414,0.0389003,0.0553982,0.0839896,
452,0.0004391,0.0490396,0.0667207,0.0378128,0.0386113,0.0540235,
453,0.0007558,0.0509256,0.0582848,0.0301692,0.042927,0.0642219,
454,0.0006377,0.037166,0.0488375,0.0341675,0.0601149,0.0680207,
455,0.0007319,0.0584673,0.0422633,0.0204137,0.063452,0.0782484,
456,0.0005615,0.0597335,0.0492912,0.0771447,0.0628544,0.047941,
457,0.0003818,0.0318917,0.0537838,0.0591494,0.0723043,0.0516921,
458,0.0006022,0.0535074,0.0933685,0.0679913,0.0726682,0.0618723,
459,0.0005252,0.1100954,0.131486,0.032178,0.1118587,0.0682263,
460,0.0004019,0.0488719,0.1272179,0.0878405,0.1316608,0.078596,
461,0.000538,0.0484572,0.1666461,0.1083393,0.1051648,0.0891197,
462,0.0004484,0.0487599,0.1820308,0.0514757,0.0592193,0.1248553,
463,0.0004104,0.0789714,0.1197426,0.0361602,0.0378173,0.0796617,
464,0.0005091,0.073779,0.0777722,0.0727178,0.0295063,0.0553534,
465,0.0005535,0.069845,0.0640261,0.069458,0.0508258,0.0713998,
466,0.0004026,0.0677834,0.0651221,0.0482008,0.0549397,0.0395857,
467,0.0002758,0.081186,0.0660665,0.0629946,0.0601379,0.0685425,
468,0.0003543,0.0818092,0.0890514,0.0441438,0.0232767,0.0647256,
469,0.0004961,0.0749849,0.0658117,0.0501714,0.0374057,0.0421635,
470,0.0004932,0.0251245,0.0702388,0.0427568,0.0165421,0.0792118,
471,0.0006021,0.0942967,0.0514462,0.0559022,0.0649096,0.0962086,
472,0.0004355,0.1259255,0.0362708,0.1204251,0.0498119,0.0779521,
473,0.0005761,0.1484941,0.0707107,0.1357842,0.0543144,0.1212441,
474,0.0006279,0.132833,0.1515558,0.1262383,0.0545986,0.1616525,
475,0.0001791,0.1429028,0.156689,0.0761462,0.1459712,0.0990748,
476,0.0004731,0.1035347,0.0606937,0.1571928,0.0915911,0.1136087,
477,0.0004136,0.0933715,0.0515744,0.0708932,0.0713023,0.0952585,
478,0.0005826,0.0719619,0.0597992,0.0733855,0.0555836,0.0959616,
479,0.0001603,0.0566931,0.0715821,0.0739578,0.0754327,0.1127002,
480,0.0002552,0.0628334,0.0779,0.0669391,0.076416,0.114706,
481,0.0002862,0.0306023,0.0611217,0.0532817,0.0782616,0.0900313,
482,0.0005523,0.0509969,0.0666263,0.0559535,0.1041886,0.0937933,
483,0.0006875,0.0331876,0.0216326,0.0368419,0.1181199,0.1442136,
484,0.0006341,0.0357904,0.0107028,0.0679254,0.0642385,0.1500868,
485,0.0005619,0.0644738,0.0379305,0.0185318,0.0926042,0.1362179,
486,0.0004394,0.0472119,0.0690359,0.0367629,0.0698862,0.1263421,
487,0.0004645,0.0533529,0.0827815,0.0730261,0.0643159,0.1168549,
488,0.0005745,0.0445352,0.0856497,0.0611473,0.0648315,0.0806417,
489,0.0005239,0.0576311,0.0861216,0.0615197,0.1005365,0.0951388,
490,0.0004659,0.1617431,0.1351774,0.1390888,0.0934094,0.1170444,
491,0.0006462,0.1279649,0.1364039,0.0727023,0.1388277,0.1046198,
492,0.0007326,0.0880193,0.1307718,0.0872883,0.1754751,0.1235867,
493,0.0004756,0.0692091,0.1071558,0.0953268,0.1400213,0.1398163,
494,0.0005267,0.1301769,0.1943101,0.1198102,0.1020914,0.1757155,
495,0.0005392,0.1668275,0.1857368,0.1790533,0.160356,0.2355789,
496,0.0003536,0.1346694,0.1454826,0.1851317,0.0442067,0.2946989,
497,0.0005305,0.1754969,0.1206968,0.2300225,0.1021543,0.2871948,
498,0.0007033,0.1701195,0.0905356,0.2071182,0.1205318,0.0995813,
499,0.0005005,0.1266449,0.0939346,0.1708735,0.1279036,0.19617,
500,0.0002043,0.1235672,0.0691284,0.140164,0.1405683,0.0776373,
501,0.0008037,0.0882542,0.0828572,0.1904222,0.0409546,0.0837851,
502,0.0005329,0.0736658,0.0895616,0.1447421,0.0469477,0.1908753,
503,0.0004792,0.0694079,0.0932032,0.1851662,0.0667813,0.2782895,
504,0.0006335,0.0817698,0.0537669,0.2114722,0.1426999,0.2146669,
505,0.0004737,0.0664287,0.0280261,0.1706299,0.1477405,0.1215081,
506,0.0005407,0.0888875,0.0377464,0.1376638,0.0801145,0.0893668,
507,0.0006363,0.0897721,0.0449528,0.0833715,0.0682384,0.0777135,
508,0.0005102,0.0826932,0.0357356,0.0950029,0.0510413,0.0792917,
509,0.0005456,0.0441238,0.0399015,0.1036577,0.050397,0.0558047,
510,0.0002587,0.0485757,0.0102765,0.0962875,0.0503255,0.0202183,
511,0.0004319,0.0492635,0.0253706,0.1018363,0.02633,0.0455435,
512,0.0005055,0.041401,0.0529424,0.0545239,0.0447764,0.0447836,
513,0.0003486,0.0403757,0.0354815,0.0541703,0.0803114,0.0486136,
514,0.000695,0.0695936,0.0744738,0.0345151,0.0507819,0.0633626,
515,0.0004781,0.0585927,0.0752205,0.0594487,0.0458931,0.0379544,
516,0.0003837,0.0395246,0.0735784,0.0454058,0.0906741,0.0217254,
517,0.000513,0.0406798,0.0786083,0.0526643,0.0880032,0.0582171,
518,0.0005453,0.0408674,0.081578,0.0531394,0.0463721,0.0662214,
519,0.0003467,0.0256702,0.0551546,0.0475499,0.0538731,0.0362069,
520,0.000382,0.0139101,0.0667255,0.1353411,0.0688497,0.0940091,
521,0.0006554,0.0647564,0.0535934,0.3431715,0.1220191,0.1399872,
522,0.000462,0.05559,0.0882124,0.0842327,0.0684627,0.0780331,
523,0.0005826,0.081402,0.1097468,0.0603773,0.0669777,0.1093601,
524,0.0004976,0.0571367,0.0556063,0.056896,0.0443036,0.0432734,
525,0.000432,0.0671485,0.0946188,0.1079591,0.0418883,0.0315948,
526,0.0006275,0.0611488,0.102001,0.1207611,0.0428954,0.0889765,
527,0.0004178,0.0715145,0.1123572,0.1226433,0.0554157,0.13581,
528,0.0003386,0.0741832,0.0855377,0.1427817,0.1583458,0.2835353,
529,0.0006877,0.1156053,0.0945226,0.1025149,0.0954931,0.1279883,
530,0.0002402,0.1895015,0.1264417,0.1027686,0.0847764,0.1455885,
531,0.0005353,0.106724,0.1423651,0.0718443,0.1158236,0.1770652,
532,0.0006593,0.1224207,0.139369,0.1117381,0.1462475,0.1600467,
533,0.0004106,0.1459132,0.1334839,0.1196547,0.1463177,0.1524878,
534,0.0004387,0.1268906,0.0605488,0.1258352,0.1388212,0.1494752,
535,0.0006331,0.1194456,0.0609619,0.1271783,0.1423975,0.1272976,
536,0.0004562,0.1027075,0.0670255,0.1125794,0.1032569,0.1637586,
537,0.000433,0.1102011,0.0672983,0.1205281,0.1548791,0.1329407,
538,0.0003164,0.1256019,0.0201234,0.1930137,0.2672985,0.1673346,
539,0.0004872,0.1404761,0.0699045,0.1323433,0.2034723,0.1345833,
540,0.0005098,0.1123826,0.1047253,0.1214841,0.1785428,0.1557776,
541,0.0003856,0.1056326,0.1659746,0.1120413,0.1431789,0.3106815,
542,0.0004576,0.1592731,0.19706,0.1065469,0.1295509,0.2951902,
543,0.0004837,0.1036036,0.0787209,0.1072006,0.1439455,0.1564854,
544,0.0002645,0.0561344,0.0573232,0.148188,0.1265108,0.1444868,
545,0.0006862,0.0812643,0.0696978,0.1526168,0.1035688,0.1090952,
546,0.000692,0.0933543,0.0854632,0.1273653,0.0462807,0.1739113,
547,0.0006053,0.1126372,0.0738917,0.1181598,0.098177,0.1218136,
548,0.0003441,0.0888325,0.0599763,0.1196408,0.064846,0.0865899,
549,0.0002395,0.0917681,0.1013739,0.1396448,0.138006,0.0968412,
550,0.0004234,0.1513287,0.1291621,0.1409191,0.1860809,0.1296639,
551,0.0006333,0.1612938,0.1139149,0.1248077,0.1521225,0.1162274,
552,0.0005376,0.1143637,0.1164664,0.1211761,0.1267692,0.0894582,
553,0.0006147,0.0845142,0.1260075,0.0829475,0.2285893,0.1124312,
554,0.0004166,0.0548427,0.1769801,0.076644,0.2623679,0.1308941,
555,0.0005333,0.0636103,0.0907634,0.030778,0.1501657,0.0991796,
556,0.0004473,0.1391086,0.0228486,0.0472397,0.1010294,0.0647611,
557,0.0004813,0.2092749,0.0604985,0.0566587,0.1680532,0.0531418,
558,0.0003809,0.1505639,0.0919391,0.0565882,0.1920232,0.0626308,
559,0.0006007,0.0570204,0.0700253,0.0561252,0.1132388,0.0600824,
560,0.0004233,0.0537564,0.0764823,0.0670246,0.1256322,0.0788222,
561,0.0004027,0.0598107,0.0757335,0.1041861,0.1910252,0.1529654,
562,0.0003107,0.0674037,0.0766945,0.1015522,0.1632338,0.1551265,
563,0.0004876,0.070136,0.0452202,0.0609884,0.0960257,0.0559954,
564,0.0005402,0.0897925,0.0445175,0.0769748,0.0993938,0.0813444,
565,0.0002848,0.0737478,0.0614374,0.1312009,0.1049766,0.0601587,
566,0.0004451,0.1021938,0.0376176,0.1176413,0.0971361,0.0727716,
567,0.0005835,0.103188,0.0586458,0.1100136,0.0994947,0.1000936,
568,0.0003067,0.1195379,0.0669083,0.1359788,0.1064891,0.1047021,
569,0.0005868,0.0963277,0.0566761,0.1054531,0.1094207,0.0815968,
570,0.0005207,0.0878275,0.0549987,0.1109237,0.0896888,0.0822783,
571,0.0004864,0.1072237,0.0399004,0.0992355,0.09488,0.072485,
572,0.0004371,0.0758565,0.0871432,0.1115552,0.1178147,0.0965287,
573,0.0003773,0.0656586,0.0662349,0.098791,0.0968861,0.0751133,
574,0.0004083,0.0619198,0.010082,0.1303263,0.0615758,0.0755583,
575,0.0004447,0.0620615,0.0647006,0.125848,0.114815,0.0835659,
576,0.0004475,0.0406203,0.0618062,0.1410954,0.2172178,0.0912952,
577,0.0004391,0.0640167,0.034236,0.114922,0.1429198,0.1123753,
578,0.0003637,0.1070829,0.0813294,0.1250973,0.1461064,0.0925632,
579,0.0005507,0.0997686,0.1779301,0.2040932,0.1690432,0.0684557,
580,0.000614,0.0227982,0.101526,0.2083672,0.2159462,0.0761429,
581,0.0003017,0.0449158,0.0636854,0.2168325,0.2050625,0.06182,
582,0.0003069,0.0203813,0.0939313,0.2474662,0.1074076,0.0357728,
583,0.0004422,0.0416403,0.1617818,0.223236,0.1280179,0.0979099,
584,0.0007689,0.052973,0.0887946,0.2499576,0.1535867,0.0839717,
585,0.0003347,0.0171996,0.0553166,0.1764705,0.0902586,0.0892567,
586,0.0006347,0.0240734,0.0740585,0.0755309,0.0905861,0.1019531,
587,0.0005706,0.0332683,0.0781444,0.0232818,0.0748621,0.0751295,
588,0.0003323,0.0210454,0.079245,0.09138,0.0422471,0.088115,
589,0.0005198,0.0038341,0.0874875,0.0731101,0.0599826,0.1323922,
590,0.0003564,0.0170415,0.0920825,0.0182828,0.0692661,0.1025632,
591,0.000535,0.0409847,0.1101466,0.0137943,0.1243211,0.0986545,
592,0.0006849,0.0650126,0.0364038,0.0666225,0.1767508,0.0831778,
593,0.0005812,0.0536248,0.0527398,0.0614763,0.1139835,0.0708211,
594,0.0004382,0.036773,0.0467396,0.0925428,0.0861477,0.0368298,
595,0.000276,0.0547232,0.049102,0.095348,0.0818882,0.0648483,
596,0.0005698,0.0216083,0.0349312,0.0518618,0.1520251,0.0559063,
597,0.0004251,0.0143464,0.0185053,0.051366,0.1289989,0.0747519,
598,0.0006061,0.0417556,0.0360562,0.0540526,0.1291001,0.0622894,
599,0.0005142,0.0187729,0.0423435,0.0386538,0.1317813,0.0673955,
600,0.0004749,0.030834,0.0342809,0.0593884,0.1204664,0.101638,
601,0.0002692,0.0426188,0.0137303,0.0278353,0.1174784,0.0791945,
602,0.0007731,0.0689541,0.0172311,0.0323271,0.1128953,0.090242,
603,0.0003156,0.067278,0.0537739,0.0502689,0.1342931,0.0611202,
604,0.0003518,0.0579966,0.0312418,0.0592654,0.0825087,0.1177014,
605,0.0005221,0.0745998,0.0280047,0.082384,0.0769902,0.1204232,
606,0.0006452,0.0874864,0.0674201,0.0756823,0.0943405,0.0447634,
607,0.0005163,0.1037382,0.0572203,0.0764189,0.1395198,0.0517525,
608,0.0004479,0.1669961,0.0673439,0.0146139,0.1810124,0.038073,
609,0.0007205,0.0636156,0.0880271,0.0299527,0.1921692,0.2111016,
610,0.0006009,0.0562511,0.1038436,0.0570748,0.2850305,0.08802,
611,0.0007221,0.047992,0.0976137,0.0434452,0.2130754,0.0469715,
612,0.0004867,0.0669377,0.1646294,0.1337784,0.2040385,0.060591,
