#Time_ps,0,100,500,1000,3000,5000,
1,0.0002985,0.0692594,0.0429109,0.0636136,0.0320488,0.0059602,
2,0.0007282,0.0349023,0.0227062,0.0717219,0.0359539,0.0470014,
3,0.0005333,0.0890903,0.0549902,0.0825891,0.0609822,0.0409729,
4,0.0004546,0.066476,0.0175316,0.0531388,0.0393522,0.037072,
5,0.0005532,0.0433334,0.010432,0.0328846,0.0317138,0.064726,
6,0.0005316,0.0210566,0.0464068,0.0324224,0.0776707,0.0570752,
7,0.0006118,0.0287474,0.025764,0.0362626,0.1253975,0.0939467,
8,0.00046,0.0380788,0.0376907,0.0626412,0.0348472,0.0914332,
9,0.0004036,0.0354907,0.0413314,0.0537181,0.0986176,0.0577549,
10,0.0006379,0.0226353,0.0571346,0.049021,0.0795613,0.0792286,
11,0.0003723,0.0304682,0.0487063,0.0337537,0.119393,0.0941464,
12,0.0003171,0.1013149,0.0807526,0.0725721,0.1484281,0.1000293,
13,0.0004709,0.0857092,0.102774,0.0599117,0.0724082,0.1139618,
14,0.0006799,0.0507938,0.098847,0.0297021,0.0569863,0.0873485,
15,0.0005068,0.0598921,0.077535,0.0775183,0.0932854,0.0913254,
16,0.0003686,0.0867692,0.0736337,0.0994989,0.0639092,0.0636782,
17,0.0003468,0.0687887,0.0344728,0.0743682,0.100338,0.0740381,
18,0.0005853,0.0831329,0.0309825,0.0348084,0.1033111,0.0737107,
19,0.0005762,0.053141,0.060445,0.0479553,0.0702694,0.0820667,
20,0.0004199,0.05209,0.0447207,0.0324197,0.0615251,0.0858483,
21,0.0004878,0.0773195,0.077017,0.0258014,0.0678306,0.1166734,
22,0.0007478,0.0598403,0.1080012,0.0473213,0.0455529,0.1315614,
23,0.0006788,0.2580382,0.1566145,0.038236,0.0651681,0.1498642,
24,0.0003995,0.2855171,0.1893191,0.0746958,0.1573132,0.1697345,
25,0.0005668,0.1122146,0.1479274,0.0247146,0.0816381,0.0718151,
26,0.0006863,0.0673178,0.0907406,0.024944,0.078871,0.0631038,
27,0.0004754,0.0568921,0.0670811,0.0303742,0.0869732,0.0520468,
28,0.0003712,0.0411115,0.0681547,0.0294977,0.0951579,0.0504568,
29,0.000313,0.0249738,0.0474905,0.0446482,0.1120423,0.0323191,
30,0.0002574,0.0363772,0.0783952,0.0337807,0.1046882,0.0351469,
31,0.0006981,0.0784781,0.0788345,0.0345627,0.103645,0.0699396,
32,0.0004667,0.1245331,0.0740834,0.0251146,0.1225655,0.0783079,
33,0.0006187,0.2721615,0.0568674,0.055644,0.1427222,0.093885,
34,0.0005342,0.2312274,0.0331704,0.0694799,0.1273546,0.0817924,
35,0.0005459,0.1190521,0.0407916,0.0362556,0.1547591,0.035837,
36,0.000669,0.0722879,0.0284559,0.0807798,0.1330082,0.0265936,
37,0.0004904,0.0410512,0.0265626,0.0479873,0.1182935,0.0317972,
38,0.0003721,0.0632217,0.0206645,0.0329523,0.0920297,0.0618935,
39,0.0002105,0.012275,0.0501253,0.0310381,0.0779101,0.0711206,
40,0.0004096,0.0791948,0.0566682,0.0426554,0.0918123,0.0671748,
41,0.0004539,0.1098632,0.0793931,0.056547,0.0731289,0.0875603,
42,0.0002955,0.092239,0.0723678,0.076031,0.0386091,0.0976973,
43,0.0004574,0.1080398,0.052604,0.0862087,0.038638,0.0864839,
44,0.0005421,0.1575454,0.0579493,0.1046759,0.1038014,0.0531212,
45,0.0005598,0.2870175,0.1445887,0.1206406,0.0853966,0.099562,
46,0.0003879,0.3666212,0.1764126,0.1745679,0.2008375,0.1954969,
47,0.0006154,0.4472878,0.1970301,0.1565473,0.1818505,0.1134976,
48,0.0002765,0.2871146,0.1381344,0.1306869,0.149351,0.068848,
49,0.0004673,0.2190497,0.0732478,0.1687818,0.1479933,0.0968822,
50,0.0002525,0.2898532,0.0564197,0.2603108,0.1315251,0.1310753,
51,0.0005377,0.3074042,0.088684,0.2012238,0.1795384,0.0795359,
52,0.0004859,0.2233366,0.0506984,0.1273394,0.1818126,0.1487525,
53,0.0002687,0.2238112,0.0900533,0.1317111,0.1338913,0.2893085,
54,0.0006068,0.2505234,0.1038099,0.1507727,0.106803,0.1370584,
55,0.0006822,0.2436373,0.1019941,0.22294,0.1190724,0.1998663,
56,0.0003811,0.1988181,0.0578539,0.1491211,0.0993668,0.2618263,
57,0.0006058,0.239728,0.078575,0.0933786,0.0765516,0.1966563,
58,0.0004988,0.2641528,0.0620026,0.0682929,0.0822896,0.122425,
59,0.000584,0.2475198,0.0778177,0.1348746,0.1731525,0.2786518,
60,0.0007452,0.2626822,0.0758507,0.1244808,0.1796843,0.2529847,
61,0.0004699,0.1373545,0.0522532,0.1215956,0.189066,0.1663801,
62,0.0006575,0.1233793,0.0388007,0.1262075,0.1624943,0.1549985,
63,0.0005681,0.094521,0.0743918,0.1218624,0.1516809,0.1108515,
64,0.0007626,0.0389672,0.0424126,0.1294596,0.1167918,0.1891666,
65,0.0002933,0.0689992,0.0882687,0.1255525,0.0752036,0.1817862,
66,0.0003127,0.0955335,0.1252092,0.1046214,0.0597809,0.09415,
67,0.0004508,0.081411,0.1281303,0.1041756,0.0671705,0.1024232,
68,0.000623,0.1109344,0.0786336,0.1005189,0.0661314,0.1047792,
69,0.0005069,0.1481875,0.0749053,0.1454918,0.0696281,0.1048852,
70,0.0005655,0.1574298,0.0507688,0.1420292,0.0564344,0.1082942,
71,0.0004808,0.2616958,0.0860261,0.0914019,0.1710442,0.1527919,
72,0.0005084,0.3814698,0.2033456,0.2510112,0.1446916,0.3093523,
73,0.0004962,0.3810015,0.1514418,0.2778192,0.1535464,0.1672343,
74,0.0001947,0.27156,0.1187625,0.2443863,0.1454571,0.1634818,
75,0.0006858,0.1969213,0.0186724,0.1792136,0.0946641,0.1851563,
76,0.0004964,0.1488807,0.0654944,0.1150703,0.1114546,0.2215917,
77,0.0006217,0.142106,0.0620131,0.1417691,0.1193328,0.1961094,
78,0.0006615,0.1695307,0.085367,0.1389861,0.0747757,0.1769428,
79,0.0006849,0.1901616,0.104744,0.131391,0.0989104,0.1699476,
80,0.000528,0.1820591,0.0920205,0.122966,0.0973132,0.1510077,
81,0.0006121,0.1556742,0.0452137,0.1187688,0.112719,0.1582129,
82,0.0004349,0.1541723,0.0532446,0.0832797,0.1016692,0.1919901,
83,0.000425,0.179343,0.0220357,0.1088906,0.0881205,0.2227453,
84,0.0006846,0.1886498,0.0450254,0.1137516,0.1749354,0.1573261,
85,0.0006445,0.1823087,0.046942,0.0921761,0.169304,0.1071767,
86,0.0005238,0.1573759,0.0366706,0.043269,0.0865239,0.0862811,
87,0.0005257,0.096155,0.029501,0.0519917,0.0825543,0.0779193,
88,0.0005245,0.0887758,0.0179047,0.0837169,0.133997,0.0439427,
89,0.0006567,0.0920288,0.0697714,0.1101163,0.1414104,0.0572712,
90,0.000529,0.1345336,0.0492503,0.0773863,0.1352888,0.1015219,
91,0.0006187,0.1466833,0.0483735,0.0849457,0.120072,0.0697058,
92,0.0005758,0.126734,0.0312106,0.1201999,0.1624633,0.0708437,
93,0.000429,0.1989376,0.1051131,0.1012021,0.1820152,0.0637715,
94,0.0004473,0.2384748,0.0996949,0.112967,0.1839295,0.0795143,
95,0.0003258,0.2433624,0.0619319,0.0997375,0.1473866,0.1185929,
96,0.0004055,0.1624539,0.1251431,0.1857118,0.1499357,0.176677,
97,0.0003197,0.109871,0.1245758,0.1129019,0.0997311,0.1404833,
98,0.000471,0.1036425,0.1201996,0.0710175,0.07426,0.1346413,
99,0.0006685,0.0751522,0.0839563,0.0784809,0.114029,0.1261929,
100,0.0007529,0.0841804,0.0956837,0.0660774,0.10156,0.1441064,
101,0.0005466,0.0350451,0.0925743,0.0709447,0.0460088,0.1431756,
102,0.000494,0.0655123,0.0906669,0.0541374,0.068387,0.1448753,
103,0.0003606,0.0604422,0.0577248,0.0558936,0.1032241,0.1177362,
104,0.0004593,0.0159762,0.0320178,0.0558812,0.0684481,0.101566,
105,0.0005463,0.0275718,0.0194206,0.0355271,0.0650861,0.108625,
106,0.0006284,0.0347982,0.0349493,0.0448147,0.0237928,0.0901166,
107,0.0003319,0.0579769,0.0379099,0.0360026,0.0141735,0.0912553,
108,0.000544,0.0547993,0.0733851,0.0454321,0.0527589,0.0615294,
109,0.0004717,0.0987166,0.0903144,0.0585661,0.0793627,0.0959422,
110,0.0004949,0.0669494,0.0368905,0.0831698,0.0694632,0.0519451,
111,0.0006015,0.069101,0.0246774,0.0715405,0.0574152,0.0269016,
112,0.0008452,0.0597685,0.0415228,0.0320985,0.0716532,0.0945914,
113,0.0005672,0.0637957,0.0668456,0.0596827,0.0979743,0.067041,
114,0.0004667,0.0897332,0.0403754,0.0859584,0.0914692,0.0466452,
115,0.0004283,0.1040355,0.0745782,0.0445899,0.1177515,0.1272544,
116,0.0005566,0.07067,0.0807878,0.058879,0.0797425,0.1071334,
117,0.0005279,0.0234618,0.0784255,0.034481,0.1406732,0.0733504,
118,0.000543,0.0210012,0.067868,0.0341191,0.1121253,0.0809436,
119,0.0005388,0.0447797,0.0524296,0.0698466,0.0936719,0.096686,
120,0.0006308,0.0640183,0.0962983,0.0841348,0.0924567,0.0483919,
121,0.0004493,0.0595061,0.09545,0.0708652,0.0621551,0.1413569,
122,0.0006148,0.0534223,0.0484943,0.0759349,0.1079255,0.2522466,
123,0.0005033,0.1099307,0.0249584,0.0729642,0.1142535,0.2210137,
124,0.0006207,0.0513973,0.0569664,0.0496217,0.0544526,0.0807308,
125,0.0002668,0.0817401,0.0488957,0.0487014,0.0517775,0.064656,
126,0.0006611,0.104853,0.0584467,0.0765365,0.0777199,0.05765,
127,0.0003784,0.0577309,0.0649596,0.0634337,0.0595597,0.0697234,
128,0.0005075,0.0587544,0.0443707,0.0318413,0.0696593,0.0612,
129,0.0007082,0.0603005,0.0508458,0.0764546,0.0789767,0.0595742,
130,0.0006798,0.0535323,0.0385213,0.0542393,0.074118,0.0709535,
131,0.0005572,0.0546959,0.0318805,0.0413738,0.0550939,0.1507206,
132,0.0005249,0.0522055,0.0347481,0.0643118,0.0650581,0.1930819,
133,0.0006704,0.1283116,0.0322752,0.07825,0.0717473,0.1010464,
134,0.0002733,0.1043048,0.045015,0.0904166,0.0234137,0.1124756,
135,0.0005702,0.0926807,0.0398724,0.1147546,0.0522856,0.0731007,
136,0.0003165,0.0615471,0.0604702,0.0846097,0.0715821,0.0597942,
137,0.0005391,0.1049483,0.0457786,0.0745815,0.0806553,0.0181611,
138,0.0004688,0.0457862,0.0285007,0.0949772,0.0973048,0.095612,
139,0.0006131,0.0382301,0.064864,0.0988619,0.0813834,0.0587092,
140,0.0002989,0.0354429,0.0282271,0.1021156,0.0502011,0.0360302,
141,0.0004902,0.0398629,0.0526817,0.0977315,0.0473199,0.0456676,
142,0.0003302,0.0384983,0.0708576,0.13816,0.137103,0.0837109,
143,0.0005076,0.0432425,0.1342163,0.0537459,0.1161571,0.1222328,
144,0.0004232,0.036189,0.1035516,0.026608,0.1058763,0.046814,
145,0.0004522,0.0237899,0.0916184,0.0532366,0.1332007,0.0241088,
146,0.0003834,0.0426314,0.052666,0.054408,0.1436638,0.0154674,
147,0.0003368,0.0798651,0.0426372,0.0542826,0.0868256,0.0456366,
148,0.0003115,0.1005406,0.0374766,0.036348,0.0697744,0.0580344,
149,0.0006559,0.0700104,0.0770156,0.0300041,0.075052,0.0637364,
150,0.000242,0.0557486,0.0607817,0.0638822,0.0698742,0.0528779,
151,0.0004482,0.042996,0.0541048,0.0275673,0.0644782,0.0389711,
152,0.0002085,0.0399545,0.0660066,0.0570837,0.0807033,0.0704302,
153,0.0003535,0.0590872,0.1023334,0.0262968,0.2302799,0.1535933,
154,0.0004857,0.0733988,0.1051304,0.0435094,0.2065121,0.2237787,
155,0.000632,0.0600086,0.1066227,0.1173352,0.165207,0.3269672,
156,0.0007635,0.110662,0.0768174,0.0609913,0.1462748,0.1815104,
157,0.0006283,0.0504587,0.0942213,0.071921,0.0694664,0.1216278,
158,0.0005034,0.0372101,0.0617559,0.037767,0.0503462,0.0689426,
159,0.0001319,0.0672738,0.0320868,0.056408,0.0552679,0.0800088,
160,0.000531,0.0803803,0.0346013,0.0515363,0.1098406,0.0831185,
161,0.000541,0.0274764,0.0373746,0.0345896,0.0758137,0.0562366,
162,0.0005628,0.0257972,0.0405543,0.0585544,0.0897348,0.0383259,
163,0.0004297,0.0217054,0.0744025,0.0465133,0.1245379,0.0280089,
164,0.0005587,0.1137402,0.0494496,0.0590212,0.1267838,0.0987844,
165,0.0005543,0.1124967,0.104345,0.0662919,0.0952384,0.0943791,
166,0.0004252,0.1472752,0.053733,0.0498883,0.1442148,0.1200044,
167,0.0005396,0.1221832,0.0824643,0.0489714,0.0893885,0.060875,
168,0.0006194,0.1489977,0.0789249,0.0584694,0.0810883,0.0984631,
169,0.0008194,0.1185935,0.0904786,0.1661939,0.0102687,0.0761496,
170,0.0003458,0.1613156,0.1174878,0.1552247,0.0587824,0.0977001,
171,0.0005612,0.1377252,0.0719728,0.0671742,0.0509172,0.0582573,
172,0.0006721,0.1005784,0.0655039,0.0268686,0.0569176,0.0577311,
173,0.0005494,0.1140711,0.0553437,0.0568367,0.0152494,0.0666123,
174,0.000382,0.1257496,0.0381119,0.0825887,0.0894397,0.0724434,
175,0.000151,0.0975135,0.0323133,0.1080055,0.0794803,0.0789955,
176,0.0004763,0.0891131,0.0392115,0.0553591,0.0542946,0.0871192,
177,0.0004906,0.0825404,0.0497597,0.0191374,0.044001,0.0942317,
178,0.0003166,0.1229342,0.0540274,0.0814205,0.0946058,0.0980385,
179,0.0007059,0.1267574,0.0257623,0.0953415,0.1078181,0.1277536,
180,0.0005699,0.0969686,0.0323643,0.085283,0.0232079,0.1348166,
181,0.0005506,0.0868911,0.0194004,0.0823111,0.0904434,0.1188971,
182,0.000468,0.0873987,0.0326155,0.0759808,0.0522257,0.0720897,
183,0.0004709,0.0597601,0.069344,0.0507993,0.065153,0.0620743,
184,0.0006121,0.0719723,0.0727457,0.0447785,0.106272,0.1043215,
185,0.0004788,0.0465824,0.0271628,0.0714777,0.1480348,0.1725911,
186,0.000453,0.029508,0.0577119,0.0599939,0.2067847,0.1655016,
187,0.0006327,0.1003449,0.0422678,0.0815304,0.1520911,0.0736735,
188,0.0005963,0.217072,0.0316551,0.1350296,0.077057,0.0842364,
189,0.0001466,0.2468235,0.0275325,0.2755909,0.1304239,0.1423021,
190,0.0005057,0.207888,0.0572215,0.1775435,0.0415656,0.1681146,
191,0.0004738,0.2065174,0.0444553,0.1496983,0.1499082,0.3012495,
192,0.0006097,0.0705163,0.1300094,0.1507654,0.2061663,0.1994672,
193,0.000484,0.0641856,0.2005253,0.1806805,0.2077315,0.1421889,
194,0.0002355,0.052519,0.1776014,0.1870222,0.1615876,0.0511321,
195,0.0003634,0.133437,0.1435578,0.144971,0.0890736,0.0803482,
196,0.0004653,0.097098,0.0486724,0.1023639,0.0846214,0.1014295,
197,0.0003159,0.0388718,0.0195185,0.0366107,0.0368869,0.1375673,
198,0.0004264,0.0330236,0.0372138,0.0443191,0.0313948,0.0531529,
199,0.0006703,0.0253827,0.0639299,0.0311971,0.0418685,0.0728234,
200,0.0007112,0.0339411,0.0562298,0.0187248,0.0239369,0.0405696,
201,0.0005905,0.0510292,0.0704515,0.037847,0.0301486,0.0387074,
202,0.00065,0.0559158,0.0405295,0.0354626,0.0488969,0.0453883,
203,0.0005169,0.0322406,0.0470052,0.0405016,0.0355754,0.0461656,
204,0.0005368,0.0416173,0.054378,0.0430917,0.0451307,0.0483171,
205,0.0002652,0.0643686,0.0669434,0.0606796,0.0351055,0.05816,
206,0.0007802,0.0496259,0.0883753,0.077999,0.0426218,0.0471765,
207,0.0003271,0.037797,0.0900502,0.1077476,0.0502515,0.0483173,
208,0.0003788,0.0230903,0.0940291,0.0992009,0.0464438,0.0519314,
209,0.0002873,0.0110082,0.0977048,0.0821205,0.0802304,0.064261,
210,0.0005499,0.0456871,0.1026841,0.1350175,0.0889412,0.0624876,
211,0.0005478,0.0461603,0.0996977,0.1386727,0.0964913,0.0384385,
212,0.0006743,0.0225872,0.1113025,0.114051,0.0643841,0.0383736,
213,0.00051,0.0718141,0.1170575,0.1200049,0.0769223,0.0353889,
214,0.0001626,0.0692751,0.1745835,0.1650118,0.1145552,0.0450832,
215,0.0003704,0.0566279,0.2845768,0.1529941,0.1151234,0.0391689,
216,0.0004949,0.0729301,0.1017255,0.1511125,0.1151357,0.0477981,
217,0.0006616,0.0948536,0.1412534,0.1391355,0.0986863,0.0404761,
218,0.0004704,0.0897101,0.1402707,0.1448728,0.1113433,0.0781089,
219,0.0004717,0.1038512,0.0892484,0.153862,0.0736672,0.0447901,
220,0.0007181,0.0658981,0.1266901,0.1838918,0.049065,0.0315448,
221,0.0003393,0.1256694,0.2113953,0.2582128,0.1636147,0.0566212,
222,0.0005043,0.0775935,0.2466625,0.2710147,0.2764475,0.2384654,
223,0.0006161,0.140783,0.3443896,0.3114664,0.3177261,0.1037048,
224,0.0002229,0.1841431,0.311801,0.3962708,0.4202377,0.2301099,
225,0.0006695,0.174833,0.1535207,0.1589155,0.213425,0.1124686,
226,0.0003129,0.1736438,0.1752227,0.1141801,0.100158,0.0651437,
227,0.0005687,0.204886,0.1472463,0.0813582,0.0441625,0.0960786,
228,0.0005295,0.248472,0.157288,0.1494403,0.0267026,0.168362,
229,0.0002811,0.2276112,0.1924047,0.1782815,0.0433627,0.1854729,
230,0.0004242,0.1844618,0.115354,0.0791749,0.0323276,0.1307295,
231,0.000487,0.2127728,0.0802928,0.0581365,0.0477657,0.1807276,
232,0.0005324,0.2447926,0.0835907,0.0943381,0.0804789,0.3129482,
233,0.0006484,0.1927126,0.0837177,0.0727166,0.0626016,0.2322509,
234,0.0005952,0.1496744,0.1167238,0.0615265,0.0871221,0.137045,
235,0.0005573,0.1515192,0.0645186,0.1072172,0.0195058,0.156349,
236,0.000467,0.1833608,0.1458784,0.1667902,0.0895218,0.1400572,
237,0.0003679,0.143277,0.1047497,0.15779,0.0417146,0.0464539,
238,0.0005333,0.0659578,0.1218659,0.1136235,0.0294942,0.0726473,
239,0.0004868,0.0604939,0.0752593,0.0626407,0.0162393,0.0706742,
240,0.00048,0.0871871,0.0423216,0.0361895,0.0412418,0.1013267,
241,0.0003616,0.1898073,0.0857042,0.0629739,0.0370058,0.158832,
242,0.0004975,0.1691517,0.0865293,0.0682797,0.0309574,0.1754192,
243,0.0007721,0.2214568,0.1144391,0.0309838,0.0354493,0.2096229,
244,0.0002686,0.1575475,0.1239128,0.1016468,0.0151772,0.1868747,
245,0.0002519,0.1553582,0.0918522,0.0979832,0.0296242,0.1739894,
246,0.0005231,0.1365154,0.0689326,0.0458049,0.0808205,0.1208272,
247,0.0002083,0.1799093,0.0784921,0.0925544,0.0852842,0.1072908,
248,0.0003607,0.2042416,0.064462,0.1618784,0.1085339,0.1407194,
249,0.000528,0.2014636,0.0644816,0.1250632,0.0851133,0.1147933,
250,0.0006547,0.1379966,0.0845182,0.0760338,0.0710899,0.0822261,
251,0.0005982,0.1980541,0.090904,0.1173025,0.0461061,0.1182988,
252,0.0006471,0.1990541,0.0841407,0.1592272,0.0876762,0.1204618,
253,0.0005081,0.1185604,0.0560641,0.1003004,0.1004,0.0855083,
254,0.0005783,0.1509651,0.0450501,0.1179725,0.1283369,0.1000711,
255,0.0006627,0.2240179,0.0870166,0.1398585,0.1503806,0.1151155,
256,0.0004238,0.1933566,0.1147022,0.1186619,0.1274254,0.1386082,
257,0.0005976,0.1156228,0.1074332,0.1057031,0.1407221,0.0997004,
258,0.0005367,0.1322602,0.0737119,0.2111294,0.1197434,0.088854,
259,0.0004581,0.0857938,0.079578,0.2101586,0.1174276,0.0665212,
260,0.0004774,0.1190195,0.0611048,0.1771817,0.1179893,0.0958125,
261,0.000518,0.1815986,0.031828,0.1462322,0.1262408,0.0983672,
262,0.0005321,0.1831171,0.0655354,0.1858632,0.1325712,0.0775407,
263,0.0004962,0.155817,0.0581998,0.173838,0.0978719,0.0650653,
264,0.0006062,0.1373412,0.0433068,0.1538911,0.0526913,0.0386083,
265,0.0003684,0.1673801,0.0853842,0.152951,0.1050597,0.0426523,
266,0.0005546,0.1862857,0.0871217,0.1522204,0.1140115,0.0529958,
267,0.0005396,0.1146886,0.0875069,0.171609,0.0706828,0.0360261,
268,0.0004672,0.1366031,0.1134538,0.1353528,0.058992,0.0340639,
269,0.0005104,0.1589892,0.0966152,0.1732208,0.1202416,0.0409015,
270,0.0002937,0.1778342,0.0945235,0.1974459,0.1410437,0.1158935,
271,0.0004637,0.1577856,0.0929151,0.2092241,0.1162286,0.1463559,
272,0.0005079,0.1899545,0.0762154,0.1414881,0.1244559,0.1207322,
273,0.0004733,0.2280777,0.0847941,0.1609656,0.1797289,0.1288877,
274,0.0002574,0.2315618,0.0653682,0.1146966,0.2149586,0.1219944,
275,0.0005809,0.2341076,0.0405138,0.177838,0.1953705,0.1128038,
276,0.0004076,0.2519751,0.0902622,0.2267411,0.2012266,0.0766368,
277,0.0005537,0.2417579,0.3381105,0.2935766,0.2518188,0.0912672,
278,0.0003322,0.3238393,0.2040696,0.283672,0.4529685,0.0878481,
279,0.000259,0.1769459,0.12302,0.107993,0.1726154,0.08221,
280,0.000611,0.0428676,0.106081,0.0782282,0.1073157,0.0708363,
281,0.0004841,0.0353847,0.1199182,0.1146374,0.0859694,0.0909563,
282,0.0007858,0.0309106,0.0985989,0.125653,0.0781103,0.0716634,
283,0.0007433,0.051198,0.0803986,0.1355469,0.1380557,0.1083702,
284,0.0005298,0.0663356,0.1170115,0.0974672,0.1030956,0.0708394,
285,0.0002624,0.0455641,0.1155,0.1194378,0.0623862,0.0274145,
286,0.0005692,0.0498832,0.0573439,0.0819213,0.0377502,0.0141256,
287,0.0005852,0.0538512,0.0489651,0.0839575,0.0298023,0.0040319,
288,0.0006168,0.0620375,0.0604309,0.0662911,0.0432256,0.0199964,
289,0.0005689,0.0644981,0.0669344,0.0108705,0.0727939,0.0494177,
290,0.000489,0.0668778,0.0585678,0.0696099,0.0603167,0.0830428,
291,0.0004569,0.0510932,0.0426649,0.1028002,0.020389,0.0824846,
292,0.0002309,0.047571,0.0833562,0.0521394,0.0421691,0.0918615,
293,0.0005,0.0665389,0.0997532,0.1350767,0.0679277,0.078015,
294,0.0005358,0.0780601,0.1110204,0.1449969,0.0321104,0.1033997,
295,0.0004342,0.0448059,0.1142802,0.0908856,0.0384555,0.0968527,
296,0.000575,0.0406549,0.1128885,0.0961975,0.054811,0.0666448,
297,0.0003822,0.075883,0.1340867,0.1047636,0.0845344,0.0954511,
298,0.0006478,0.0824811,0.1045143,0.1127965,0.099375,0.1004396,
299,0.0005782,0.0825346,0.0638523,0.1119661,0.14545,0.0871348,
300,0.0003318,0.0832134,0.0817059,0.1051311,0.119954,0.1153415,
301,0.0004224,0.1645756,0.0559946,0.1177329,0.0867661,0.1184778,
302,0.0005882,0.1036648,0.1163645,0.0838745,0.0958031,0.1432632,
303,0.0003159,0.1517178,0.1427059,0.0962589,0.1967091,0.1940666,
304,0.0005965,0.0767842,0.054529,0.0861284,0.2174724,0.2002999,
305,0.0005607,0.0676789,0.0762249,0.1190622,0.4665948,0.3258873,
306,0.0004444,0.059866,0.1508226,0.2348357,0.556212,0.3572307,
307,0.0006708,0.0645388,0.0385203,0.0805437,0.077612,0.0567969,
308,0.0007416,0.0466248,0.0679511,0.1031938,0.1094417,0.0501724,
309,0.0005259,0.0517734,0.0675694,0.1081679,0.0555485,0.0329617,
310,0.0006242,0.0440775,0.0512582,0.1114004,0.0425419,0.0693738,
311,0.0006377,0.038992,0.0520352,0.1124769,0.0416555,0.0685721,
312,0.0007071,0.1388605,0.0463825,0.0331202,0.0421256,0.0459342,
313,0.0004178,0.0709276,0.0537766,0.0569299,0.0492023,0.0375588,
314,0.0006457,0.0341565,0.058995,0.0414686,0.015643,0.0649128,
315,0.0002226,0.0540695,0.0484597,0.0412153,0.0480631,0.0754936,
316,0.0005571,0.0448859,0.029407,0.0123664,0.0537171,0.0475015,
317,0.0003999,0.041038,0.0410647,0.0352224,0.058345,0.043076,
318,0.0006351,0.0576443,0.031805,0.027597,0.0483899,0.0467175,
319,0.000258,0.0436203,0.0443211,0.0416732,0.02132,0.0505407,
320,0.0003481,0.0334156,0.0620671,0.0157529,0.0710234,0.0517945,
321,0.0003911,0.0253325,0.0443851,0.0312288,0.0643029,0.0291663,
322,0.0003817,0.0160995,0.0234906,0.04398,0.0369701,0.0311173,
323,0.0004944,0.0532488,0.0146503,0.0659039,0.0295085,0.0481822,
324,0.0004174,0.0962327,0.0413413,0.0540622,0.0273432,0.0433266,
325,0.0004603,0.0301125,0.0839194,0.0389276,0.0730041,0.0459852,
326,0.0003294,0.0634845,0.047918,0.0552885,0.0815125,0.0617224,
327,0.0003025,0.0986,0.1108548,0.166163,0.0697757,0.1104885,
328,0.0006005,0.1118552,0.1377842,0.1710185,0.0547624,0.0899326,
329,0.0004144,0.1658403,0.2039421,0.1301358,0.1234404,0.2103908,
330,0.0002871,0.0917099,0.1745191,0.1164286,0.0525423,0.2525133,
331,0.0002776,0.0771002,0.1040995,0.1489108,0.094423,0.1190116,
332,0.0005232,0.0952106,0.0830918,0.0652609,0.1134292,0.0683933,
333,0.0006078,0.0583421,0.0596556,0.0511423,0.0691008,0.1084769,
334,0.0004565,0.0468303,0.04146,0.0456642,0.0390187,0.0699864,
335,0.0005359,0.0555251,0.0338203,0.0507254,0.0261308,0.0346687,
336,0.0004296,0.0655709,0.0369239,0.0647356,0.0390524,0.0386528,
337,0.0004708,0.0636189,0.0220282,0.0684434,0.0334819,0.0656255,
338,0.0005157,0.045831,0.0183259,0.0131816,0.0467072,0.065438,
339,0.0005607,0.0291462,0.0722814,0.0663127,0.0852055,0.1238727,
340,0.0006226,0.0416352,0.0484348,0.0082647,0.1622346,0.0694487,
341,0.0004367,0.0487744,0.0454907,0.0658807,0.0847402,0.0966075,
342,0.000433,0.0670978,0.0390705,0.0382134,0.0612413,0.07998,
343,0.0004574,0.0168391,0.055672,0.0259533,0.0342392,0.0842994,
344,0.0007233,0.0120341,0.0935248,0.1021417,0.0448429,0.0575699,
345,0.0004933,0.0564568,0.0251813,0.1409055,0.073702,0.0204088,
346,0.000483,0.0501436,0.0146079,0.1095564,0.0586995,0.0541933,
347,0.000588,0.0433516,0.0276141,0.0766882,0.0260509,0.0340243,
348,0.0004069,0.0888512,0.1027072,0.1092746,0.0477155,0.0734828,
349,0.0002271,0.0827108,0.0950557,0.1134483,0.0635384,0.1139803,
350,0.0004288,0.0768935,0.1048596,0.1305428,0.0567377,0.1056295,
351,0.0004323,0.0481671,0.1234346,0.1713354,0.1033482,0.144165,
352,0.0006139,0.063659,0.1617793,0.1860011,0.0991795,0.158904,
353,0.0006563,0.036494,0.125178,0.1988892,0.1464892,0.1184792,
354,0.0005314,0.0454173,0.0708017,0.1473856,0.1517511,0.0568932,
355,0.0006862,0.0535227,0.0924716,0.118405,0.0843206,0.0691853,
356,0.0005886,0.050456,0.1205413,0.1308009,0.1102852,0.0673838,
357,0.0006204,0.0261758,0.1137927,0.1304188,0.0915995,0.0151053,
358,0.0005576,0.0236507,0.1281307,0.2075054,0.1037702,0.0602662,
359,0.0005541,0.0841486,0.1210378,0.2138484,0.0930553,0.0861337,
360,0.0003466,0.0704374,0.0536194,0.1894372,0.0948889,0.1235898,
361,0.0006699,0.0613938,0.173232,0.1935665,0.1444033,0.2576157,
362,0.0004878,0.0589457,0.1136795,0.1602255,0.083015,0.3114087,
363,0.0003423,0.051798,0.0868958,0.1354891,0.121307,0.254272,
364,0.0004581,0.0680759,0.1010394,0.1601712,0.1301658,0.1779684,
365,0.0001673,0.062582,0.1417129,0.1579083,0.1418216,0.2713828,
366,0.0002796,0.0547083,0.1664629,0.0907404,0.2275114,0.2690357,
367,0.0004301,0.1151168,0.1630397,0.1016455,0.2230552,0.270612,
368,0.0005585,0.1437489,0.1557144,0.1072078,0.1797974,0.2173393,
369,0.0005648,0.0994142,0.1431868,0.083648,0.1815841,0.1616397,
370,0.0003552,0.077544,0.1482268,0.1180684,0.2537642,0.1325802,
371,0.0005641,0.1123042,0.1495428,0.1503889,0.2129802,0.1463496,
372,0.0003704,0.0617056,0.061875,0.1250619,0.1062789,0.1346036,
373,0.0005108,0.0810478,0.0596335,0.1272722,0.0680329,0.1357639,
374,0.0005227,0.052841,0.0555715,0.1066559,0.0537137,0.1013339,
375,0.0006142,0.0439053,0.0843321,0.1137514,0.0989208,0.1276021,
376,0.0003355,0.0280638,0.1141023,0.1269923,0.0742222,0.2819773,
377,0.0004303,0.0416106,0.2431028,0.1421123,0.1136604,0.2737668,
378,0.0004759,0.0464103,0.2411355,0.0637345,0.2611268,0.4077561,
379,0.0003006,0.0676714,0.1901124,0.072188,0.0712997,0.2746978,
380,0.0003099,0.0735603,0.1036479,0.0938226,0.1251844,0.2400887,
381,0.0004447,0.0892356,0.0707119,0.029611,0.1334462,0.1344946,
382,0.0002332,0.0934355,0.1129119,0.028238,0.2835071,0.181871,
383,0.0004041,0.047143,0.1481748,0.0451663,0.1669147,0.1770948,
384,0.0003669,0.0559547,0.1519187,0.0368366,0.1579829,0.2160612,
385,0.000479,0.0535562,0.1370081,0.0554707,0.1320563,0.2026382,
386,0.00038,0.0606861,0.0822305,0.0570836,0.0733594,0.0522504,
387,0.0002625,0.0462699,0.0860459,0.0241251,0.0667872,0.0993797,
388,0.0004186,0.0580885,0.0977948,0.0995561,0.0196163,0.1109032,
389,0.0002775,0.0366905,0.0882909,0.2722469,0.1922563,0.1571645,
390,0.0005724,0.0326548,0.0595117,0.2145171,0.2211933,0.1398875,
391,0.0005353,0.011984,0.0407504,0.1396637,0.1282952,0.0885462,
392,0.0005284,0.0217475,0.0670225,0.0478572,0.044809,0.0614223,
393,0.0004696,0.0313588,0.1046051,0.040065,0.038959,0.0405535,
394,0.0007385,0.0637164,0.0535528,0.0489952,0.0760973,0.0592995,
395,0.0002805,0.0795909,0.1302071,0.0545675,0.1080505,0.1276287,
396,0.0005397,0.0516263,0.1683059,0.025541,0.1304374,0.1168501,
397,0.000517,0.0317879,0.1078425,0.056286,0.1781773,0.1413506,
398,0.0006568,0.0428402,0.0722816,0.0512689,0.3209502,0.1915719,
399,0.0006355,0.0680558,0.0569928,0.0452088,0.0306615,0.0714845,
400,0.0003064,0.0282802,0.0924062,0.0215183,0.0378941,0.0817757,
401,0.0005448,0.011311,0.0603166,0.0604887,0.0224265,0.0751393,
402,0.0003478,0.0587841,0.1896174,0.1166357,0.0955128,0.1003841,
403,0.0003195,0.049914,0.0657433,0.0507462,0.1626879,0.0750362,
404,0.0005212,0.0686117,0.0682754,0.0455295,0.1047619,0.047091,
405,0.0004433,0.0869025,0.0690642,0.0368458,0.0811937,0.0581151,
406,0.0004971,0.0600954,0.0610199,0.0600172,0.1387526,0.0577511,
407,0.0003758,0.052985,0.0803794,0.1266027,0.1583059,0.1110414,
408,0.0006196,0.0878615,0.0577508,0.0961885,0.153169,0.0971789,
409,0.0003891,0.1018642,0.0489492,0.0897436,0.1619349,0.0855428,
410,0.0005806,0.0867368,0.0667096,0.0570444,0.0966955,0.1127424,
411,0.0006086,0.0720789,0.0594863,0.0292812,0.0551449,0.0438221,
412,0.0006512,0.0102529,0.0635361,0.0378351,0.0868988,0.0195678,
413,0.0005263,0.122765,0.0440875,0.0476706,0.0485971,0.0313169,
414,0.0001827,0.0916601,0.0589606,0.0410696,0.0526854,0.0464924,
415,0.0003849,0.0492461,0.0952103,0.0570086,0.0336789,0.0796668,
416,0.0006073,0.0469535,0.0417007,0.0372285,0.0298694,0.0814723,
417,0.0003001,0.0500368,0.0483654,0.0390433,0.0216494,0.0944309,
418,0.0003571,0.0525461,0.043581,0.0242189,0.0315533,0.0822364,
419,0.0006307,0.0486013,0.0645506,0.044853,0.0117469,0.0288869,
420,0.0004753,0.0362852,0.0433156,0.0629066,0.0224775,0.0489782,
421,0.0005681,0.0638021,0.0142064,0.0720621,0.0864894,0.0367358,
422,0.0004862,0.0409796,0.0409599,0.0455696,0.0764355,0.0703447,
423,0.0006832,0.0433191,0.0848169,0.0487034,0.0899773,0.033341,
424,0.0004333,0.0408728,0.1131709,0.0384765,0.1030942,0.013302,
425,0.0003427,0.0698133,0.1140416,0.05094,0.1277435,0.081328,
426,0.0005403,0.07395,0.0852778,0.0723179,0.1003464,0.0709777,
427,0.0006482,0.0566647,0.0843297,0.0592261,0.1338994,0.1403189,
428,0.0006437,0.0900425,0.1054311,0.0821576,0.1089139,0.0990006,
429,0.0004678,0.0960171,0.1067371,0.0567488,0.0664383,0.0851218,
430,0.0004968,0.033592,0.0184153,0.0309895,0.1102077,0.1091573,
431,0.0003276,0.0130247,0.0499182,0.0328773,0.0785182,0.0699195,
432,0.0004478,0.005459,0.0629711,0.0418281,0.0150827,0.0387455,
433,0.0001678,0.0185442,0.0228308,0.0446369,0.0333134,0.0775214,
434,0.0003242,0.0151439,0.0127722,0.0380791,0.0298587,0.0678491,
435,0.0005572,0.0442482,0.0117182,0.0565028,0.0257217,0.027426,
436,0.0005368,0.0312383,0.0593475,0.0230821,0.0363017,0.0181982,
437,0.0004034,0.06616,0.0570564,0.0303513,0.0449152,0.0270667,
438,0.0002913,0.1577588,0.0875098,0.0578126,0.0658744,0.0248613,
439,0.0003916,0.0805953,0.075811,0.0588037,0.0529266,0.0394564,
440,0.0001313,0.0250836,0.0846974,0.0754558,0.0563724,0.0323258,
441,0.0003574,0.0528863,0.066128,0.0568667,0.0491811,0.0240842,
442,0.0004085,0.044755,0.059129,0.0475421,0.0204765,0.047533,
443,0.0003394,0.0620443,0.0274699,0.0879852,0.0156613,0.0784204,
444,0.0003141,0.0513561,0.0387152,0.1179531,0.0276557,0.0587753,
445,0.0004595,0.0234509,0.0446215,0.0527463,0.0183338,0.0290355,
446,0.0004349,0.024187,0.0202217,0.0244569,0.0336083,0.0719047,
447,0.0005368,0.0478091,0.0595729,0.0474127,0.0398505,0.0936745,
448,0.0003615,0.1020661,0.0161919,0.0708671,0.0995644,0.1713447,
449,0.0004391,0.1280423,0.1455027,0.089376,0.1966621,0.1351451,
450,0.0004411,0.0395031,0.1150756,0.0503991,0.0947117,0.0892226,
451,0.0001306,0.0590666,0.099359,0.0890713,0.0834518,0.0802848,
452,0.0005611,0.0471077,0.0591095,0.126326,0.0688651,0.073116,
453,0.000653,0.0282257,0.0467216,0.0784604,0.0632905,0.0850588,
454,0.0002766,0.0198531,0.0402173,0.0826186,0.0406256,0.0771869,
455,0.0005938,0.0171749,0.0376815,0.1080183,0.0320162,0.0544044,
456,0.0004421,0.0326017,0.0504202,0.074667,0.0423716,0.0498318,
457,0.0006562,0.0231017,0.1010341,0.0641724,0.0561554,0.0841359,
458,0.0006052,0.0520704,0.1164458,0.118082,0.0471144,0.0675806,
459,0.0003513,0.0693181,0.1101541,0.1288585,0.057204,0.0725112,
460,0.0004323,0.104297,0.0767364,0.1628771,0.0915839,0.100441,
461,0.0002383,0.0696354,0.0947474,0.1672951,0.1256672,0.1080517,
462,0.0006782,0.0431749,0.0794814,0.1564018,0.0772433,0.1059846,
463,0.0004733,0.0482589,0.0516935,0.1315008,0.0760583,0.0677276,
464,0.0004972,0.0640415,0.0434885,0.0991093,0.0797819,0.104015,
465,0.000483,0.0479339,0.0417135,0.0926972,0.0696044,0.0221638,
466,0.0005834,0.0414251,0.0460484,0.0678254,0.0359676,0.0724241,
467,0.0004523,0.0394676,0.0476046,0.0539337,0.0493863,0.08404,
468,0.0003808,0.0301461,0.0436162,0.0825609,0.0189775,0.1063635,
469,0.0004245,0.0472115,0.0167475,0.0694759,0.0234272,0.0929413,
470,0.0004119,0.0474304,0.0803011,0.1179145,0.0107618,0.047736,
471,0.0002469,0.0264956,0.1180544,0.1170134,0.0649536,0.0915504,
472,0.0002571,0.0353811,0.0796231,0.109833,0.0688075,0.0801397,
473,0.0004829,0.0413889,0.1076369,0.2527657,0.0680953,0.0982682,
474,0.0001287,0.0300399,0.1199379,0.3847206,0.0677057,0.1648036,
475,0.0004718,0.0801002,0.0956596,0.3840904,0.067818,0.1247964,
476,0.0002577,0.0506106,0.0924838,0.3025171,0.0971328,0.1629799,
477,0.0002418,0.0307896,0.0364372,0.1207016,0.0308701,0.118977,
478,0.00058,0.0299071,0.030516,0.0618632,0.0378288,0.0657889,
479,0.0001603,0.0713049,0.0667454,0.060147,0.0771098,0.047729,
480,0.0006039,0.0686283,0.0488291,0.0872329,0.0755767,0.1009519,
481,0.0005784,0.0803647,0.0397663,0.0752496,0.0656627,0.1069338,
482,0.0007046,0.0630106,0.0536128,0.0799846,0.085927,0.1457981,
483,0.0005442,0.0574264,0.0433343,0.0811097,0.1419701,0.1269965,
484,0.0004451,0.0954849,0.0842296,0.1449913,0.2100413,0.1115034,
485,0.0004935,0.0860945,0.0750978,0.1504057,0.165552,0.1405157,
486,0.0002643,0.0784219,0.0291074,0.0681251,0.1302979,0.1651806,
487,0.0005541,0.0663159,0.0355811,0.0619966,0.1076739,0.1274648,
488,0.0005016,0.0535491,0.0783372,0.1014358,0.0802811,0.0814514,
489,0.0002908,0.073607,0.1260783,0.1304964,0.0856523,0.0716833,
490,0.0005445,0.0536198,0.1684763,0.1125989,0.1201282,0.078803,
491,0.000455,0.045704,0.1367281,0.1745787,0.0359995,0.0693939,
492,0.0003807,0.0764046,0.1848296,0.1533265,0.0712411,0.0619537,
493,0.0001637,0.0708681,0.151125,0.0783303,0.0673537,0.0884798,
494,0.000781,0.0421793,0.1490842,0.1427786,0.0780618,0.055544,
495,0.0003218,0.0700861,0.1275467,0.1659679,0.0543559,0.0612404,
496,0.0005904,0.0712904,0.1290392,0.2034257,0.1087916,0.0777385,
497,0.0005429,0.0763706,0.117802,0.2026284,0.1121377,0.085067,
498,0.0003239,0.1010404,0.0939313,0.230276,0.0880973,0.0715127,
499,0.0005425,0.1967035,0.0883362,0.3352768,0.0755338,0.1179223,
500,0.0005481,0.1136839,0.0588149,0.1653072,0.1054558,0.0833801,
501,0.0004726,0.0361635,0.0505328,0.1178826,0.0907937,0.1394932,
502,0.0006572,0.1030169,0.0955962,0.1085303,0.0874939,0.1667139,
503,0.0002738,0.1420758,0.0241557,0.0328017,0.0102769,0.0901919,
504,0.0005418,0.1611079,0.019625,0.023497,0.0510274,0.0988286,
505,0.0005035,0.1327954,0.0213845,0.0733708,0.0295253,0.0720103,
506,0.0003608,0.1008974,0.0281065,0.0733006,0.0504454,0.0514907,
507,0.0005124,0.1142253,0.0668588,0.0707352,0.0693776,0.0474476,
508,0.0006045,0.0892267,0.0591845,0.0818183,0.0821008,0.0532467,
509,0.0005342,0.0762739,0.0312143,0.0459836,0.0498181,0.0316662,
510,0.0005706,0.0701119,0.0272157,0.0519513,0.0447479,0.0456647,
511,0.0005662,0.0372114,0.0368336,0.0815378,0.0508892,0.0309998,
512,0.0003662,0.0598888,0.0303141,0.066964,0.0205136,0.0526474,
513,0.000369,0.0667455,0.0587121,0.0496878,0.032144,0.0381959,
514,0.0003301,0.079763,0.0721993,0.0440632,0.0690807,0.0462516,
515,0.0004038,0.0949297,0.0269767,0.1009156,0.0576457,0.0449414,
516,0.0003765,0.0493276,0.0578737,0.084219,0.026175,0.0586269,
517,0.0004889,0.0693894,0.0805384,0.035967,0.0595922,0.0283356,
518,0.0005282,0.0666965,0.0419,0.0442016,0.1028421,0.0421405,
519,0.0005484,0.0689924,0.0503575,0.0797279,0.0627363,0.0445575,
520,0.0004679,0.0815828,0.0682289,0.0905092,0.0269766,0.0529624,
521,0.0005138,0.1330749,0.1166022,0.0733007,0.081222,0.0815661,
522,0.0004684,0.1789194,0.096778,0.0945634,0.1930964,0.0582314,
523,0.0006127,0.1442932,0.0481058,0.1038263,0.1312399,0.0478967,
524,0.0007141,0.0819077,0.0715766,0.0890618,0.1112619,0.047167,
525,0.0006172,0.1070414,0.0773789,0.1020391,0.0916937,0.0494565,
526,0.0006646,0.1468701,0.0810981,0.1037063,0.1167521,0.0411217,
527,0.0005101,0.1425461,0.0907695,0.1117834,0.1179605,0.0650228,
528,0.000492,0.1512802,0.0874093,0.178669,0.1270496,0.1559801,
529,0.0006691,0.161816,0.1017151,0.1735338,0.1264466,0.0665919,
530,0.0006275,0.0965066,0.1169507,0.1980733,0.1134729,0.1280097,
531,0.0003188,0.0849737,0.1632238,0.1081675,0.1326161,0.1197394,
532,0.0004623,0.1205291,0.1298958,0.1949439,0.1659124,0.0741525,
533,0.0004456,0.1403809,0.0910435,0.232167,0.1651124,0.1191037,
534,0.0006372,0.1707854,0.1669095,0.2943899,0.1616942,0.1596484,
535,0.0004403,0.1412722,0.091502,0.2514105,0.1757693,0.176885,
536,0.0005753,0.094295,0.0991094,0.2048704,0.0630523,0.1332714,
537,0.0004433,0.1647366,0.0737892,0.2215444,0.0795981,0.0803467,
538,0.0002851,0.1551496,0.0218172,0.26792,0.0481614,0.0917115,
539,0.0003408,0.1256789,0.1104862,0.2343007,0.0177973,0.0823896,
540,0.0004526,0.1375643,0.1218461,0.1134452,0.0193302,0.0522952,
541,0.0001966,0.1603696,0.1261023,0.1464043,0.0620763,0.1240436,
542,0.0006138,0.141663,0.1092813,0.1606251,0.1318851,0.0637149,
543,0.0006633,0.1266966,0.0678277,0.1045871,0.1029405,0.0742206,
544,0.0003962,0.1710866,0.0977909,0.1103535,0.0839862,0.0764619,
545,0.0005328,0.1111562,0.065958,0.0695678,0.0411766,0.0994843,
546,0.0003653,0.1511355,0.059278,0.0705347,0.0730351,0.1171969,
547,0.0006107,0.1453429,0.1366982,0.1813575,0.0967173,0.1087313,
548,0.0005592,0.1417327,0.0754496,0.1847444,0.041696,0.1032353,
549,0.000295,0.1076018,0.0646698,0.2309606,0.0672557,0.1052997,
550,0.0006972,0.1187645,0.087344,0.1869099,0.0633228,0.0932157,
551,0.0002962,0.0636839,0.0765639,0.2055549,0.0937013,0.0506044,
552,0.0004719,0.0733198,0.0981117,0.2420533,0.0727509,0.0647015,
553,0.0003935,0.066179,0.0868922,0.2592828,0.0690864,0.0407614,
554,0.0003813,0.0875849,0.0925432,0.2801112,0.1162532,0.048861,
555,0.0005795,0.0484318,0.1164104,0.2175413,0.095221,0.0557358,
556,0.0005399,0.0817747,0.0806338,0.1314171,0.0356575,0.0526386,
557,0.0004753,0.1115741,0.0694126,0.132639,0.1126782,0.062894,
558,0.0002246,0.0994686,0.1043789,0.1505126,0.0585473,0.0631407,
559,0.0004734,0.1004818,0.102553,0.132294,0.0493315,0.0364053,
560,0.0002925,0.1290782,0.0744629,0.128138,0.0515363,0.0906605,
561,0.0003382,0.2364944,0.1027421,0.148559,0.1007103,0.0704657,
562,0.0004372,0.1828711,0.0886047,0.154886,0.1249032,0.0643832,
563,0.0003461,0.1263642,0.074137,0.1413628,0.0525138,0.1011593,
564,0.0005083,0.1482783,0.0492244,0.141598,0.0629389,0.1499682,
565,0.0004322,0.1251235,0.1066021,0.1191266,0.0605253,0.103012,
566,0.0006302,0.1505405,0.1107674,0.1286798,0.0937284,0.0878905,
567,0.000639,0.1320622,0.0652912,0.1055043,0.0840399,0.075556,
568,0.0005164,0.1262905,0.0798362,0.147147,0.0909247,0.0613188,
569,0.0006267,0.1543511,0.0663841,0.1303572,0.1150796,0.0394044,
570,0.0005983,0.128882,0.0610365,0.1208629,0.0755517,0.0636452,
571,0.0003277,0.1262715,0.098768,0.1408502,0.0681303,0.0493403,
572,0.0003775,0.1679344,0.0770636,0.1276979,0.0890286,0.0587755,
573,0.000539,0.1408643,0.087781,0.1137429,0.0950936,0.1046441,
574,0.0004932,0.0896346,0.0760756,0.1278448,0.0642959,0.1142468,
575,0.0004441,0.1335967,0.110429,0.1711044,0.0725732,0.1015099,
576,0.0004333,0.1091207,0.1419585,0.1758816,0.0816057,0.0869094,
577,0.0005522,0.0519559,0.0504423,0.1366463,0.0544579,0.0894233,
578,0.0003208,0.1348222,0.0929919,0.0981791,0.0652549,0.0948368,
579,0.0007126,0.1453593,0.0854337,0.1669449,0.1550466,0.1057912,
580,0.0003079,0.0824842,0.0916929,0.1546101,0.1635298,0.1551524,
581,0.000579,0.1091732,0.0635036,0.1470751,0.1630333,0.1741363,
582,0.0002262,0.095754,0.04277,0.1243794,0.1765807,0.0836805,
583,0.0003641,0.0786104,0.042483,0.1181654,0.2003229,0.1061925,
584,0.000586,0.1762332,0.1463975,0.1171665,0.0302144,0.0655505,
585,0.0006298,0.0711797,0.124126,0.1177783,0.0578835,0.0463167,
586,0.0003649,0.0561111,0.0956088,0.1222754,0.0553267,0.0299801,
587,0.0003195,0.0522771,0.0357178,0.0974893,0.0377441,0.037014,
588,0.0005494,0.0676542,0.0839489,0.0676785,0.0429498,0.0520636,
589,0.000602,0.0871058,0.1943632,0.0802223,0.0384701,0.119048,
590,0.0004622,0.034518,0.1150957,0.0732306,0.1033599,0.0601926,
591,0.0003767,0.0226184,0.0610437,0.1039548,0.0958596,0.0337233,
592,0.0007358,0.0317339,0.0457484,0.0814404,0.0636396,0.0494578,
593,0.000432,0.0373684,0.0299222,0.0967517,0.011562,0.0719943,
594,0.0005228,0.0855277,0.0588711,0.0802829,0.0346014,0.0673773,
595,0.0005128,0.1004222,0.0458314,0.0280156,0.0499968,0.0488884,
596,0.0002054,0.0659418,0.0464696,0.0374813,0.0217705,0.0470048,
597,0.0001641,0.0257397,0.0590242,0.0229965,0.0210244,0.083055,
598,0.0004681,0.0199831,0.0528524,0.0304422,0.0563131,0.0746513,
599,0.0004703,0.0582479,0.0451181,0.0300894,0.1004383,0.0432765,
600,0.0005408,0.0307099,0.0414227,0.0386439,0.1212754,0.0556048,
601,0.0003697,0.0478398,0.0480116,0.0195782,0.0825145,0.024266,
602,0.0005932,0.0359015,0.0374998,0.0512975,0.0694013,0.0203249,
603,0.0003948,0.048828,0.0344462,0.0832544,0.073664,0.0248881,
604,0.0006233,0.0608482,0.0210415,0.0984676,0.1158245,0.0653073,
605,0.0004811,0.0474206,0.0135933,0.0906748,0.0797039,0.051852,
606,0.0005303,0.0487115,0.0094625,0.1160033,0.0829864,0.0399693,
607,0.0004257,0.0510351,0.0437601,0.1008371,0.1422746,0.0601669,
608,0.0003058,0.0752909,0.078696,0.1537216,0.1969818,0.0524444,
609,0.0003959,0.1718649,0.0998942,0.2518075,0.194364,0.1433377,
610,0.0005525,0.2747603,0.3149271,0.2661113,0.246466,0.1940964,
611,0.0006685,0.187936,0.195357,0.2593896,0.1809322,0.167244,
612,0.0004094,0.1631238,0.2412968,0.3180465,0.2644408,0.0921482,
