#Time_fs,0,50,100,150,200,250,300,500,750,1000,1250,1500,1750,2000,
1,1e-07,0.0009221,0.0009646,0.000271,0.0014616,0.0006039,0.0005462,0.0013716,0.0085289,0.0128332,0.038315,0.0487292,0.0336089,0.0470183,
2,1e-07,0.0001357,0.001335,0.0007513,0.0003075,0.0006007,0.0005464,0.001933,0.0114993,0.0354515,0.0480238,0.0078839,0.0635346,0.0558249,
3,1e-07,0.0001365,0.0002072,0.0021836,0.0007775,0.0011909,0.0005473,0.0010338,0.0099385,0.0131074,0.0222636,0.0238628,0.0613886,0.0504381,
4,0.0,0.0001351,0.0008197,0.0012501,0.0003084,0.0013442,0.0014867,0.0029332,0.0097642,0.0236217,0.0367058,0.0097292,0.0442819,0.0342066,
5,0.0,0.0001355,0.0008185,0.0013277,0.0003093,0.0008447,0.0015747,0.0041087,0.0064712,0.0362111,0.0325445,0.0320011,0.0498304,0.0393677,
6,0.0,0.0008944,0.00021,0.0002624,0.0003107,0.001069,0.0005519,0.0043842,0.0038341,0.0128699,0.0206565,0.0205631,0.0300175,0.0430963,
7,0.0,0.0008927,0.0002113,0.0012235,0.0003116,0.0008519,0.0006173,0.0015716,0.0062081,0.0083529,0.0292118,0.0179072,0.0249823,0.0488499,
8,1e-07,0.0001345,0.0002126,0.0007681,0.0003126,0.000854,0.000556,0.0012982,0.0086811,0.0190482,0.0344725,0.0189262,0.0318513,0.0422139,
9,0.0,0.0001317,0.0002144,0.0007671,0.001717,0.0008585,0.0006085,0.0015232,0.0025826,0.0160704,0.0196187,0.0138856,0.0280838,0.0281014,
10,0.0,0.0001309,0.0013135,0.0002632,0.0003131,0.0008642,0.0006044,0.0013584,0.0056952,0.014718,0.0191037,0.0240552,0.0282611,0.0250497,
11,0.0,0.0001293,0.0002175,0.000769,0.0003129,0.0005694,0.0005607,0.0043187,0.0056692,0.0116027,0.0227327,0.0228339,0.0321825,0.0196902,
12,0.0,0.0008921,0.0008024,0.0007735,0.0008598,0.0005688,0.000562,0.0034505,0.0065156,0.0215185,0.0205596,0.0249126,0.027905,0.0247556,
13,0.0,0.000132,0.0008032,0.0011848,0.0012088,0.0008701,0.001507,0.0018286,0.0038088,0.0267741,0.0262975,0.0591014,0.0241184,0.0262463,
14,0.0,0.0009387,0.001254,0.0002633,0.0017174,0.0010448,0.0017638,0.0044623,0.0119632,0.0191961,0.0161654,0.0436924,0.0435013,0.0400933,
15,0.0,0.0001284,0.0009889,0.0007748,0.0016161,0.0008761,0.0023062,0.0042557,0.0101605,0.024553,0.0186286,0.0433163,0.0504851,0.0174316,
16,0.0,0.0012874,0.0009507,0.001635,0.0007799,0.002545,0.0010256,0.0055344,0.0193899,0.0147627,0.0226218,0.0534011,0.0470081,0.0319942,
17,0.0,0.0001295,0.0007997,0.0002602,0.0014065,0.0013606,0.0015118,0.0033554,0.0198209,0.0283285,0.0144815,0.0128527,0.0298259,0.0229553,
18,1e-07,0.0012905,0.0013361,0.0015975,0.0009697,0.0015734,0.0022021,0.0040251,0.014416,0.0159821,0.0201955,0.0591224,0.0297721,0.0334268,
19,1e-07,0.0013799,0.0002213,0.0009258,0.0015189,0.0022571,0.0034848,0.0106058,0.0178368,0.0225507,0.0560491,0.0341731,0.0337967,0.0322295,
20,1e-07,0.0014544,0.0021341,0.0043283,0.0051538,0.0037458,0.0034066,0.0119162,0.0210987,0.0440147,0.0853246,0.0188982,0.0520745,0.0191922,
21,1e-07,0.0013686,0.0010981,0.0052247,0.0099098,0.0139979,0.0167692,0.0106044,0.0333736,0.0385368,0.0747322,0.0325534,0.0363264,0.0282762,
22,1e-07,0.0001302,0.0010983,0.0062541,0.0092031,0.0102117,0.0110983,0.0186712,0.0443214,0.0365994,0.0777512,0.0374342,0.0430138,0.0684222,
23,1e-07,0.0016247,0.0012696,0.0024259,0.0041602,0.0124458,0.0241398,0.0358593,0.0537815,0.103663,0.1498689,0.1218859,0.0565378,0.0900581,
24,1e-07,0.0027956,0.0080936,0.0113441,0.0133862,0.0164241,0.032062,0.022142,0.0362805,0.0573387,0.1032024,0.0710677,0.023808,0.0706532,
25,1e-07,0.0022769,0.007298,0.0110367,0.0130278,0.0187809,0.0270507,0.0172481,0.045461,0.0244238,0.0438514,0.04319,0.0185099,0.0578916,
26,1e-07,0.0050294,0.009157,0.0076308,0.0056669,0.0091101,0.0094515,0.0162122,0.0128386,0.020166,0.0315373,0.0415757,0.0394629,0.0332043,
27,1e-07,0.0001307,0.0034853,0.0065893,0.0105577,0.0076181,0.004873,0.0142792,0.0105764,0.015636,0.0389355,0.0439361,0.0270976,0.0121797,
28,1e-07,0.0013343,0.0021873,0.0044152,0.0046555,0.0072722,0.0069978,0.0120733,0.0309865,0.0246268,0.0360592,0.0348549,0.0398864,0.0111686,
29,0.0,0.0001324,0.0009453,0.0033638,0.0027262,0.0051286,0.0032303,0.0062869,0.0189732,0.0179979,0.0148266,0.058728,0.0426364,0.0293173,
30,0.0,0.0001333,0.000801,0.0015941,0.0021001,0.0044918,0.0031767,0.0078916,0.0151584,0.029782,0.0107051,0.0163803,0.034425,0.0255329,
31,0.0,0.0001327,0.0012562,0.0011291,0.0009693,0.0019598,0.0017693,0.0024496,0.0074069,0.0194471,0.0565109,0.0229855,0.0379911,0.0261997,
32,0.0,0.0001347,0.0013054,0.000787,0.000969,0.000559,0.0016562,0.0038325,0.0041333,0.0302031,0.0505744,0.030983,0.035883,0.0343786,
33,0.0,0.0001346,0.0010909,0.0009248,0.0024575,0.0022557,0.0012506,0.0033572,0.0075135,0.0482035,0.0552608,0.0401734,0.0547982,0.0829059,
34,0.0,0.0008865,0.0012207,0.0015021,0.000321,0.001363,0.0005919,0.0070721,0.0133807,0.0119585,0.0610312,0.0443772,0.0344968,0.0615454,
35,0.0,0.0001354,0.0002212,0.0007935,0.0003202,0.000689,0.0019612,0.0044565,0.0200139,0.0066587,0.0580265,0.0523967,0.0397296,0.0254195,
36,0.0,0.0001341,0.0007981,0.0011311,0.0003191,0.0006842,0.0017734,0.0052552,0.0152441,0.0149071,0.0447572,0.0365694,0.0146314,0.0210173,
37,0.0,0.0001361,0.0010967,0.0013579,0.0017734,0.0022912,0.0025904,0.0078486,0.0063825,0.0101187,0.0365052,0.0191403,0.0123788,0.049991,
38,0.0,0.0010001,0.0002184,0.0022197,0.0021999,0.0020812,0.0031566,0.0079673,0.0089179,0.018609,0.0140548,0.0327254,0.0286362,0.0426485,
39,0.0,0.0001364,0.0013,0.0045153,0.0033745,0.0039692,0.0054901,0.0100507,0.013937,0.0104976,0.0149269,0.0142155,0.009694,0.0269869,
40,0.0,0.0011213,0.0014996,0.0045663,0.0086291,0.0069461,0.0042652,0.0137079,0.0291395,0.0099205,0.0111558,0.0169405,0.0086198,0.0508587,
41,1e-07,0.0013648,0.0029345,0.0058982,0.0077947,0.0060109,0.0093956,0.0184701,0.0287349,0.0239419,0.0134284,0.0141486,0.0187018,0.0629435,
42,1e-07,0.0009974,0.0026567,0.0031696,0.0075101,0.0148386,0.0134525,0.0278783,0.03925,0.0424766,0.0345587,0.0241807,0.0218554,0.0527153,
43,1e-07,0.0010224,0.0015148,0.0036649,0.0070722,0.0099852,0.0096702,0.0209634,0.0493956,0.0795547,0.0381419,0.0314866,0.0192055,0.0599548,
44,1e-07,0.0015088,0.0009372,0.00291,0.0091631,0.0090695,0.0106233,0.0194562,0.047916,0.0681474,0.040867,0.023569,0.0259024,0.0503388,
45,1e-07,0.000997,0.0049205,0.0122206,0.0253698,0.0227651,0.0199827,0.0421638,0.1053383,0.1295306,0.1238807,0.1072118,0.0528621,0.0574519,
46,1e-07,0.0022188,0.0073655,0.0193012,0.0241033,0.027444,0.0288774,0.0382304,0.0958502,0.1132445,0.1172675,0.0828543,0.0583478,0.1137644,
47,1e-07,0.0001348,0.0021508,0.0070433,0.0078359,0.0145702,0.0229262,0.0395623,0.0460596,0.0237446,0.0817482,0.0393089,0.0480184,0.0737949,
48,1e-07,0.0009969,0.002944,0.0017628,0.0019338,0.0067022,0.0057487,0.0484935,0.0413882,0.0493685,0.0403731,0.0523594,0.115854,0.1054115,
49,1e-07,0.0009395,0.0033478,0.0066732,0.0095124,0.004865,0.0072732,0.0212392,0.0283598,0.0422578,0.0453979,0.0326929,0.1061683,0.0708046,
50,1e-07,0.0001393,0.0013556,0.0035473,0.0080357,0.012848,0.0142025,0.0239746,0.0477805,0.0343428,0.0520234,0.0715934,0.1542,0.1592298,
51,1e-07,0.0001409,0.0010316,0.00227,0.0011151,0.0049757,0.0074147,0.0104799,0.0511187,0.0543358,0.0417547,0.0823634,0.1645009,0.1702076,
52,0.0,0.0014966,0.0009296,0.0022207,0.0022467,0.0022343,0.0024865,0.0106151,0.0437018,0.0536991,0.0917879,0.1430282,0.1527149,0.1257776,
53,0.0,0.0008802,0.0010135,0.0018084,0.0024523,0.0013942,0.0008936,0.0122634,0.0400496,0.0216193,0.0446778,0.0663528,0.0587876,0.0533683,
54,1e-07,0.0001398,0.0002192,0.0020068,0.0032038,0.0035479,0.0049482,0.0047229,0.0124435,0.0327925,0.0384944,0.064158,0.0529802,0.0578694,
55,0.0,0.0001407,0.0011025,0.0016612,0.0029088,0.0042601,0.0025929,0.0109386,0.0204419,0.0600292,0.0518987,0.0656215,0.0901287,0.0510824,
56,1e-07,0.0008802,0.0002215,0.0008175,0.0019439,0.0015823,0.0018957,0.0137021,0.0113205,0.0536565,0.0686308,0.091376,0.0741831,0.0630263,
57,1e-07,0.0009439,0.0002222,0.0020929,0.0003206,0.0014626,0.0005957,0.0129459,0.0152407,0.0580887,0.0693714,0.0813107,0.050061,0.0532231,
58,1e-07,0.0009932,0.0010134,0.0014641,0.0003205,0.0017036,0.0017745,0.006756,0.025646,0.0723032,0.0712377,0.0549557,0.0486437,0.0368103,
59,1e-07,0.0001386,0.0002239,0.0002423,0.0008505,0.0005361,0.0018938,0.0099696,0.0261801,0.0418452,0.0699936,0.0743502,0.0579772,0.047732,
60,1e-07,0.0001363,0.0011015,0.0012266,0.0017225,0.000673,0.0059084,0.0108114,0.0226352,0.0472934,0.0610758,0.0822505,0.0441023,0.0217271,
61,1e-07,0.0016199,0.0002254,0.0012223,0.00085,0.0031367,0.0069605,0.0110127,0.0098443,0.0704725,0.0660009,0.0693371,0.0311703,0.0390628,
62,1e-07,0.0013471,0.000226,0.0009469,0.0003216,0.001785,0.0046194,0.013229,0.0134118,0.0266247,0.0675784,0.0419272,0.0433759,0.073623,
63,1e-07,0.0001328,0.0002259,0.0002527,0.0003208,0.0016275,0.0020057,0.0129555,0.0278915,0.066607,0.0536781,0.0180695,0.0477561,0.0859376,
64,1e-07,0.0001298,0.0007889,0.0013665,0.0024167,0.003771,0.0062967,0.0166153,0.0183097,0.0642883,0.0407947,0.0568227,0.0429988,0.0563875,
65,1e-07,0.0001299,0.000949,0.0012146,0.0024375,0.0029653,0.0042951,0.009002,0.0148089,0.0393325,0.0595432,0.046855,0.0356382,0.0420095,
66,1e-07,0.0008879,0.0002248,0.0002541,0.0012577,0.0006783,0.002084,0.0055454,0.0096329,0.0195738,0.0274323,0.0299825,0.0285751,0.0120212,
67,1e-07,0.00102,0.0012616,0.0020068,0.0009643,0.0014527,0.004747,0.0108517,0.0170858,0.0092591,0.0430243,0.0488946,0.024131,0.0226893,
68,1e-07,0.0001281,0.0002239,0.0016027,0.0012491,0.0013984,0.0012495,0.0050466,0.0164225,0.0262184,0.0451597,0.042839,0.0605154,0.0171229,
69,1e-07,0.0013849,0.0013629,0.0009266,0.0012506,0.0017891,0.0020164,0.006434,0.0210931,0.0431087,0.0790082,0.0311862,0.0335243,0.0642488,
70,1e-07,0.0001263,0.0002229,0.0016531,0.0009692,0.0013052,0.0021345,0.0106376,0.0184218,0.050142,0.0724271,0.0456221,0.0366024,0.0757021,
71,1e-07,0.0001237,0.0009532,0.0015988,0.0021478,0.0030851,0.001265,0.0117847,0.0189854,0.0327988,0.0641863,0.083866,0.1030596,0.102226,
72,1e-07,0.0001221,0.0002251,0.0007748,0.0009712,0.0012406,0.002313,0.012487,0.0206054,0.0269969,0.0507939,0.0757099,0.1076539,0.0966091,
73,1e-07,0.0001236,0.0010898,0.0009296,0.0009693,0.0007909,0.0009106,0.010701,0.0293147,0.0306995,0.0432652,0.0308112,0.0295175,0.0514558,
74,1e-07,0.0013839,0.0013663,0.0013369,0.0019394,0.0017892,0.0029268,0.007221,0.0372057,0.0170467,0.0291691,0.0175331,0.0268062,0.0509888,
75,1e-07,0.0009466,0.0002255,0.0007883,0.0003177,0.0006889,0.0019632,0.0100762,0.015675,0.0165454,0.0171026,0.0236467,0.0488902,0.0289463,
76,1e-07,0.000889,0.0012179,0.0011348,0.0017768,0.0005398,0.0015264,0.0033946,0.0135475,0.0060469,0.0473635,0.0567201,0.0935473,0.0423099,
77,1e-07,0.0001313,0.0010922,0.0012121,0.0003197,0.0007937,0.0005755,0.0050356,0.0153094,0.0214311,0.028229,0.0302789,0.0533067,0.0220237,
78,0.0,0.0001336,0.0002263,0.0011356,0.0012637,0.00054,0.0012455,0.0097425,0.0215747,0.0332532,0.0286485,0.068176,0.0346793,0.0529719,
79,0.0,0.0013802,0.0002246,0.000803,0.000323,0.0027554,0.0005891,0.0251972,0.0123368,0.0338378,0.0232919,0.0476109,0.0493271,0.0351344,
80,0.0,0.0001372,0.001096,0.0008037,0.0011122,0.0012506,0.0013817,0.012274,0.0162426,0.0246338,0.0225685,0.0569862,0.0407878,0.0505136,
81,0.0,0.0001398,0.0002207,0.0008069,0.0003229,0.0017211,0.0021887,0.0182532,0.010954,0.031659,0.0270819,0.0064406,0.0444511,0.0276965,
82,0.0,0.0009957,0.0016637,0.000807,0.0012151,0.000797,0.00057,0.009358,0.0289777,0.0377264,0.0282654,0.0417867,0.073884,0.0128014,
83,0.0,0.0001426,0.0002171,0.0012355,0.0024324,0.0029858,0.0036133,0.004091,0.02333,0.0276718,0.0278589,0.0380626,0.0557036,0.0233162,
84,0.0,0.0001437,0.0012173,0.0013693,0.00229,0.0036747,0.0048367,0.0119615,0.0363679,0.0636713,0.0506047,0.0448365,0.105353,0.0461405,
85,0.0,0.0014971,0.0002158,0.0020509,0.0030347,0.0046304,0.0033326,0.0079931,0.0234897,0.0570504,0.0430797,0.0460076,0.0598719,0.0813696,
86,0.0,0.0001391,0.001267,0.0020244,0.0024241,0.004711,0.0047606,0.0079909,0.0262698,0.0199797,0.0352449,0.0248169,0.0376394,0.0626277,
87,0.0,0.0001377,0.0015531,0.0011325,0.0023811,0.0019264,0.0027732,0.0159012,0.0310194,0.0235637,0.0186105,0.0351243,0.0406162,0.0389264,
88,0.0,0.0014568,0.001097,0.0016497,0.0007811,0.0024571,0.00104,0.0034426,0.0130872,0.0104675,0.0387397,0.025063,0.0539776,0.0143906,
89,0.0,0.0001353,0.000222,0.0002514,0.0012629,0.0007928,0.0013691,0.0048322,0.0175639,0.0162544,0.0317428,0.0508727,0.0210521,0.0339763,
90,0.0,0.0001349,0.0002231,0.0007969,0.0007797,0.000894,0.0025184,0.0083844,0.0085578,0.0133878,0.011673,0.0651242,0.0180037,0.051431,
91,0.0,0.0001322,0.0012565,0.0007931,0.0011128,0.0017667,0.0019742,0.0077173,0.0135245,0.0281843,0.0325238,0.0487537,0.0752029,0.069156,
92,0.0,0.0001312,0.0010013,0.0012065,0.0008562,0.0007854,0.0012482,0.0099882,0.0114524,0.0423458,0.0431091,0.0332513,0.0617599,0.1013875,
93,0.0,0.0008872,0.0010891,0.0013553,0.001252,0.00132,0.0005745,0.0108044,0.0344872,0.0532716,0.0327344,0.0436947,0.0455442,0.0738936,
94,0.0,0.001117,0.0002238,0.0012077,0.001126,0.0020396,0.0018832,0.0086212,0.0222342,0.0226003,0.0276122,0.0445919,0.0474201,0.0559408,
95,0.0,0.0001304,0.0010893,0.000783,0.0008584,0.0008841,0.0005697,0.0052422,0.0129555,0.0235381,0.0180701,0.0516479,0.0555445,0.0460716,
96,0.0,0.0001284,0.0002236,0.0002665,0.000859,0.0013609,0.0012551,0.0074139,0.0227474,0.0429525,0.0552223,0.0598057,0.0386326,0.0277446,
97,0.0,0.0016288,0.0002215,0.0002654,0.000317,0.0020447,0.0012586,0.0067075,0.0201787,0.0353281,0.0433593,0.0283013,0.0423038,0.0451028,
98,0.0,0.0001324,0.0010895,0.0007786,0.0003186,0.0017131,0.0014426,0.0087242,0.0206987,0.0478873,0.0459047,0.0510959,0.0249636,0.0393487,
99,1e-07,0.0001338,0.0002187,0.0002615,0.0012093,0.0023604,0.0058997,0.0071428,0.0354548,0.0183373,0.0220949,0.0337361,0.0449333,0.0359197,
100,1e-07,0.0001367,0.0002176,0.0007794,0.0007717,0.0020919,0.0039234,0.0031705,0.0212454,0.0059057,0.0168933,0.0387041,0.0493933,0.0411657,
101,1e-07,0.0001382,0.0002163,0.0012327,0.0003199,0.0005701,0.0019858,0.0076519,0.0163196,0.0081067,0.0180012,0.0525273,0.0539537,0.0445791,
102,1e-07,0.0001408,0.0013428,0.0013509,0.0003201,0.0006885,0.0014225,0.0028332,0.0082233,0.0123162,0.0267258,0.0530442,0.0444792,0.0364433,
103,1e-07,0.0001417,0.0002144,0.0002485,0.00121,0.0005702,0.0006178,0.0058799,0.0140312,0.0084724,0.0098984,0.0482165,0.0400869,0.0257531,
104,1e-07,0.001362,0.0002124,0.0007897,0.0003202,0.0019222,0.0010177,0.0084197,0.0296669,0.0235472,0.0341446,0.0501323,0.0390466,0.0076607,
105,1e-07,0.000145,0.0010551,0.0009841,0.0003198,0.0006753,0.001573,0.0068514,0.0082198,0.0247672,0.0258185,0.045605,0.0264763,0.0318746,
106,1e-07,0.0010125,0.0002097,0.0013519,0.0003179,0.0014901,0.0006313,0.0039627,0.0117798,0.0300289,0.0401916,0.0659375,0.0431825,0.0553708,
107,1e-07,0.0010095,0.0015128,0.001556,0.001121,0.0007878,0.0013718,0.0051255,0.0076093,0.041925,0.0581128,0.068941,0.0593321,0.0701554,
108,1e-07,0.0001465,0.000207,0.001248,0.0003161,0.0008492,0.000554,0.0055988,0.0282475,0.0220692,0.0352979,0.0468107,0.0631561,0.0901455,
109,1e-07,0.0008855,0.0002063,0.0007838,0.0011152,0.0007883,0.0006398,0.0051875,0.0181598,0.0154488,0.0385351,0.0437661,0.0542984,0.0971274,
110,1e-07,0.0001443,0.0012249,0.0002471,0.000316,0.0008474,0.0005536,0.0021435,0.0108999,0.0096154,0.0534875,0.0183003,0.0554158,0.0669593,
111,1e-07,0.0001414,0.0002088,0.0007787,0.001208,0.0011161,0.0006295,0.0023906,0.0037786,0.0117643,0.0217987,0.017745,0.012186,0.0322797,
112,1e-07,0.000139,0.0009377,0.0002529,0.000314,0.0010631,0.0005559,0.0011789,0.0085148,0.013994,0.0095338,0.0147921,0.0177377,0.046857,
113,0.0,0.000136,0.0002117,0.0002561,0.0011155,0.0008572,0.0014961,0.001353,0.0024158,0.0084612,0.0291099,0.0287958,0.0176885,0.0182527,
114,0.0,0.0011149,0.0013489,0.0012361,0.0011161,0.0007913,0.0014983,0.0044061,0.0095473,0.0170775,0.0175385,0.0575156,0.0260145,0.0394765,
115,0.0,0.000132,0.0002146,0.0013401,0.0016158,0.0026467,0.0045969,0.002613,0.016061,0.0191038,0.0241714,0.0562105,0.0216986,0.0501414,
116,1e-07,0.000131,0.0009932,0.0002579,0.0020224,0.0035367,0.0051396,0.0085342,0.0244326,0.0402649,0.0152824,0.0486589,0.0659255,0.0320238,
117,1e-07,0.0013399,0.0002166,0.0002585,0.0015567,0.0041437,0.0047287,0.0279829,0.0282878,0.030774,0.009173,0.0498056,0.0673194,0.0259094,
118,1e-07,0.0001278,0.0010977,0.0014634,0.0008519,0.0019306,0.0061649,0.0496457,0.0296552,0.0266357,0.0221363,0.0435887,0.0505341,0.0211,
119,1e-07,0.0001277,0.0010445,0.001096,0.0022215,0.0023376,0.0056069,0.0217003,0.0318293,0.0338141,0.0162838,0.0356304,0.0640877,0.0467737,
120,1e-07,0.0001276,0.0009469,0.0017827,0.0037968,0.0022548,0.0085364,0.0234115,0.0351802,0.0235849,0.0239706,0.026707,0.0430473,0.0540226,
121,1e-07,0.0001263,0.0002194,0.0002623,0.0015563,0.0020348,0.0026169,0.0140197,0.0389194,0.0098915,0.0190701,0.0407141,0.0610723,0.0271596,
122,1e-07,0.0012907,0.0009462,0.0009703,0.0015491,0.0019264,0.0026977,0.0100029,0.0480735,0.0344127,0.0120452,0.0361795,0.0520447,0.0170543,
123,1e-07,0.0001266,0.0002164,0.0007707,0.0007867,0.0014585,0.0017743,0.007868,0.0500296,0.0279473,0.0253111,0.0271398,0.0494552,0.0180364,
124,1e-07,0.0001283,0.0008074,0.0007697,0.0003095,0.0012861,0.0005579,0.0113625,0.0098402,0.019777,0.0582889,0.0289258,0.0445098,0.0225877,
125,0.0,0.0001308,0.0002135,0.0009817,0.0012567,0.0006687,0.0006077,0.0047798,0.0154063,0.0130348,0.0363188,0.0231802,0.0490434,0.0363067,
126,0.0,0.0001331,0.0015577,0.0009865,0.0013239,0.000792,0.002896,0.0086232,0.0105743,0.0020677,0.0108849,0.0449464,0.0358466,0.041652,
127,0.0,0.0001359,0.0002104,0.0002569,0.0003113,0.0005814,0.0006203,0.0051709,0.0068016,0.0060847,0.0435122,0.0371422,0.0387234,0.0408382,
128,0.0,0.0009279,0.0002094,0.001235,0.0003123,0.0014955,0.0010343,0.0037105,0.0109362,0.0143603,0.0478253,0.0290085,0.0345031,0.0130407,
129,1e-07,0.000141,0.0008202,0.0012391,0.0012079,0.0006621,0.0005527,0.0043544,0.0104244,0.0149344,0.0774558,0.044452,0.0360543,0.0195661,
130,1e-07,0.0001426,0.0002081,0.0011216,0.0003142,0.0015908,0.0010415,0.0048865,0.0145735,0.0505396,0.0271304,0.0379424,0.0595045,0.0364355,
131,1e-07,0.0001439,0.0002069,0.0010599,0.0011163,0.0008507,0.0010416,0.0089155,0.0264634,0.0425285,0.0178425,0.0118626,0.0330572,0.0506604,
132,1e-07,0.000147,0.0002059,0.0013835,0.0012576,0.0006546,0.0016969,0.0031982,0.028769,0.0351335,0.0156477,0.0287092,0.0398783,0.0649062,
133,1e-07,0.0001461,0.000207,0.001524,0.0015497,0.0012346,0.0027081,0.0087441,0.0237345,0.0336609,0.0276106,0.0355562,0.0467467,0.0381853,
134,1e-07,0.0001447,0.0002084,0.0012197,0.0017704,0.0030722,0.00519,0.0154399,0.0362252,0.0203188,0.0319323,0.0486355,0.0778316,0.0643772,
135,0.0,0.000142,0.0011066,0.000992,0.0030622,0.0047541,0.0124656,0.0282309,0.0248052,0.0179602,0.0448284,0.039043,0.0681488,0.0507078,
136,0.0,0.0014467,0.0008183,0.0011904,0.0017167,0.0027251,0.005005,0.0171442,0.013454,0.0284297,0.0198197,0.0571317,0.0491409,0.0572129,
137,0.0,0.0001378,0.0010507,0.000932,0.0009747,0.0025421,0.0030135,0.0163391,0.0200774,0.0527332,0.0267627,0.0630574,0.0657731,0.0486148,
138,0.0,0.0001349,0.0002107,0.006504,0.0141189,0.0190271,0.018945,0.0301833,0.0604151,0.0348897,0.0208567,0.0354893,0.1000902,0.0191669,
139,1e-07,0.0009327,0.0015754,0.0041525,0.0052026,0.0044478,0.0122216,0.0399221,0.0327974,0.0200486,0.0139911,0.0104848,0.0399163,0.0459371,
140,1e-07,0.0013402,0.0029004,0.0078576,0.0107402,0.0207058,0.031278,0.0368587,0.0135022,0.0434326,0.0523168,0.0153446,0.0477354,0.0422816,
141,1e-07,0.0023787,0.0030808,0.0035373,0.0147212,0.0310199,0.0357729,0.0406577,0.0187115,0.0846171,0.0689718,0.0386122,0.0353947,0.0626045,
142,1e-07,0.0029065,0.0064201,0.0114258,0.0152864,0.0331468,0.0330763,0.0563173,0.0234426,0.0482562,0.0224118,0.0657963,0.074837,0.0626286,
143,1e-07,0.0036137,0.0124997,0.0073655,0.0107649,0.0267105,0.0408409,0.0455019,0.0132468,0.0330741,0.0645064,0.0636286,0.0561951,0.0852761,
144,1e-07,0.0022515,0.0046752,0.009491,0.0152462,0.0292047,0.0462294,0.0555232,0.066498,0.0458238,0.016918,0.0615272,0.0411153,0.0510367,
145,1e-07,0.0023735,0.0062878,0.0131722,0.018673,0.0180887,0.0138893,0.0247049,0.0315497,0.0212536,0.0618846,0.0406814,0.0308123,0.0493169,
146,0.0,0.0010033,0.004943,0.0101813,0.0147136,0.0130301,0.0139718,0.011933,0.0278012,0.0195348,0.02144,0.0411351,0.0110823,0.0398071,
147,0.0,0.0009359,0.0013053,0.002953,0.005403,0.0080576,0.0127744,0.0211918,0.033402,0.015948,0.0323629,0.0396501,0.0339674,0.0631156,
148,0.0,0.000135,0.0009921,0.0007826,0.0018374,0.002573,0.0025459,0.0085226,0.0211213,0.0380822,0.0273012,0.046905,0.0177405,0.0585591,
149,0.0,0.0010102,0.0015083,0.0016455,0.0013272,0.0005721,0.0020021,0.0093658,0.0059793,0.0274174,0.0313296,0.0397343,0.0490673,0.0106366,
150,1e-07,0.0001376,0.0010974,0.0002538,0.0003153,0.0011149,0.0006157,0.0013565,0.0079252,0.0158947,0.0289216,0.0250833,0.0214387,0.0152212,
151,1e-07,0.0010086,0.0012253,0.0007774,0.0014966,0.0014368,0.0005573,0.0004016,0.0105001,0.0245122,0.0475158,0.0290346,0.0370092,0.0188742,
152,1e-07,0.0001381,0.0017021,0.0002574,0.00172,0.0006843,0.0012136,0.0034206,0.0009645,0.0330861,0.045473,0.0150598,0.0258938,0.0219552,
153,1e-07,0.0001405,0.0002125,0.0009333,0.0003178,0.0008529,0.0005581,0.0049154,0.010543,0.0305716,0.0296436,0.0150906,0.0154717,0.0281863,
154,1e-07,0.0013956,0.0008111,0.0007713,0.0011133,0.0005844,0.000915,0.0021926,0.0122475,0.0367581,0.0361571,0.0434987,0.0215574,0.0380984,
155,1e-07,0.0010091,0.0002149,0.0002608,0.0003175,0.0012264,0.0005596,0.0035465,0.011628,0.0176983,0.0355505,0.0325751,0.052461,0.0250894,
156,1e-07,0.0001382,0.0002152,0.0002577,0.0003184,0.0007704,0.0005609,0.0041848,0.015383,0.0365962,0.0277729,0.0092512,0.0352415,0.022675,
157,1e-07,0.0001377,0.001253,0.0002566,0.0003174,0.0014789,0.0010156,0.0057651,0.006692,0.0275732,0.0154095,0.0166638,0.0437209,0.0162992,
158,1e-07,0.0001399,0.0002135,0.0015526,0.0011201,0.0015713,0.0010144,0.0069261,0.0117527,0.0150636,0.0149155,0.0216676,0.0655459,0.0186522,
159,1e-07,0.0001388,0.0002141,0.0015505,0.0003174,0.0005714,0.0010477,0.0007684,0.0055191,0.0164232,0.0161816,0.041561,0.0514467,0.0414576,
160,1e-07,0.0001406,0.0009392,0.0007868,0.0022199,0.0039391,0.0054862,0.0072867,0.0073996,0.0161777,0.0222624,0.029112,0.0543066,0.0508284,
161,0.0,0.0001392,0.0002129,0.0007877,0.0012045,0.0039788,0.0051002,0.0079979,0.0137125,0.0185414,0.0227249,0.0229968,0.0344748,0.0530853,
162,0.0,0.0013908,0.0009954,0.0022589,0.0030218,0.0045851,0.0063628,0.0166172,0.0298511,0.0374555,0.0213598,0.047775,0.0246238,0.0486948,
163,0.0,0.0010129,0.0059085,0.009776,0.0099312,0.0103773,0.0159537,0.0247121,0.0326607,0.0409391,0.0142305,0.0646688,0.0152327,0.0292981,
164,0.0,0.0038282,0.0099472,0.0132299,0.0167047,0.0179725,0.0175265,0.0457856,0.0333984,0.0316588,0.0310902,0.0811476,0.0407802,0.0254061,
165,1e-07,0.0027461,0.0032582,0.0022849,0.0124019,0.010797,0.0116266,0.0492029,0.0476101,0.037899,0.049914,0.0551276,0.034551,0.0398607,
166,1e-07,0.004288,0.0113916,0.0220679,0.0235471,0.0319282,0.0327921,0.0288128,0.0322305,0.0361257,0.0383773,0.052344,0.0208172,0.0270566,
167,1e-07,0.0013364,0.0079438,0.016306,0.0335734,0.0434486,0.0311605,0.0313932,0.0304098,0.0111287,0.0574936,0.0279165,0.0184833,0.0539917,
168,1e-07,0.0017596,0.0016799,0.0034531,0.0103895,0.0131828,0.0158889,0.0228852,0.0381485,0.0444771,0.0657674,0.0695052,0.0355872,0.0421047,
169,1e-07,0.0001386,0.0012773,0.0017852,0.0064542,0.0116214,0.0224602,0.0075005,0.020036,0.0608088,0.0849461,0.0824054,0.0773031,0.0664579,
170,1e-07,0.0001363,0.0021401,0.0023608,0.0088022,0.0134112,0.0225434,0.0096491,0.0140821,0.0747404,0.0643786,0.0553841,0.1211988,0.0971768,
171,0.0,0.0001379,0.0014956,0.002259,0.0032784,0.0085895,0.0052488,0.0225994,0.014055,0.0498241,0.0568049,0.0620406,0.0361284,0.0631348,
172,0.0,0.0010822,0.0014985,0.0022505,0.002957,0.0058552,0.0055481,0.0196619,0.021561,0.0445736,0.0389999,0.0303208,0.0540188,0.061428,
173,0.0,0.0001396,0.0018121,0.0029771,0.0042464,0.0080028,0.0059186,0.0303364,0.0535232,0.04567,0.0163308,0.0373389,0.0191513,0.0415388,
174,0.0,0.0013639,0.0016686,0.0007923,0.0026086,0.0072553,0.0079878,0.0063554,0.0255084,0.0266548,0.0702667,0.0788392,0.0716467,0.023085,
175,0.0,0.0008845,0.0008115,0.0013577,0.0019427,0.0047383,0.006016,0.0030565,0.0178984,0.022427,0.0224819,0.035579,0.0286882,0.0314601,
176,1e-07,0.0001415,0.0008107,0.0015229,0.0003182,0.0026745,0.003955,0.0081785,0.0107806,0.0148382,0.0224776,0.0124638,0.0343578,0.0396998,
177,1e-07,0.0010167,0.0010995,0.0002467,0.0012003,0.0012409,0.0010241,0.0050629,0.0120852,0.0180874,0.0383891,0.0320186,0.0491283,0.0558881,
178,1e-07,0.0014536,0.0013065,0.0002433,0.0008578,0.001962,0.0012575,0.007967,0.0254083,0.0593185,0.1157431,0.1143608,0.0828304,0.0833638,
179,0.0,0.0011227,0.0002147,0.0016568,0.0012632,0.0012917,0.0017753,0.0075835,0.0252638,0.049248,0.1367955,0.118334,0.0824856,0.0386884,
180,1e-07,0.0001443,0.0013066,0.0020314,0.0017221,0.001965,0.0038018,0.0055367,0.0297342,0.0178729,0.0724678,0.0663276,0.0932898,0.0800789,
181,0.0,0.000144,0.001543,0.0011276,0.0021059,0.0039275,0.0035076,0.0172427,0.0324416,0.0100528,0.0822127,0.0594952,0.0930309,0.0510272,
182,1e-07,0.0008821,0.0011054,0.0007967,0.0003175,0.0006625,0.001298,0.0031393,0.0197782,0.012344,0.0301135,0.0460733,0.055075,0.0393531,
183,1e-07,0.0001458,0.0002093,0.0015309,0.0019373,0.0008623,0.0014568,0.0022377,0.0280121,0.0561119,0.0386731,0.0746118,0.0908068,0.0993841,
184,0.0,0.0001469,0.0002099,0.0010637,0.0019674,0.0012333,0.0033259,0.0147084,0.0331151,0.0602237,0.0688744,0.0268687,0.0520867,0.0657124,
185,0.0,0.000882,0.0002113,0.0002363,0.0014402,0.0014492,0.0073207,0.016083,0.0296985,0.0526711,0.0287897,0.0493054,0.0956452,0.0633192,
186,0.0,0.0008813,0.0011078,0.001894,0.0038839,0.0024782,0.0072772,0.0191736,0.0355363,0.0554334,0.0338112,0.040066,0.1034327,0.0638784,
187,0.0,0.001388,0.002057,0.003179,0.002724,0.0105405,0.017712,0.0445895,0.041445,0.0564533,0.0309636,0.0125097,0.0732761,0.0732649,
188,1e-07,0.0013875,0.0010099,0.0031857,0.0121439,0.0220858,0.030075,0.0649148,0.1012719,0.1066383,0.0440432,0.0372797,0.1109613,0.0988877,
189,1e-07,0.0023467,0.010784,0.015482,0.0151577,0.017468,0.0247287,0.0666595,0.0842016,0.1217483,0.0628299,0.0922389,0.1137227,0.1159085,
190,1e-07,0.0015512,0.0029789,0.0119958,0.0201569,0.0268592,0.0248001,0.0569626,0.0800635,0.1235927,0.1267775,0.0919495,0.0630721,0.088708,
191,1e-07,0.0041198,0.010149,0.0138421,0.0190768,0.0270593,0.0227677,0.0313572,0.0725823,0.1082665,0.1232867,0.0833926,0.0718616,0.0712053,
192,0.0,0.0013913,0.0044817,0.0066226,0.008867,0.0126252,0.0122506,0.0161552,0.0300325,0.0326555,0.0634055,0.0587451,0.0608092,0.0501923,
193,0.0,0.0001452,0.0013081,0.0044635,0.0046042,0.0053802,0.0152553,0.0267439,0.0202108,0.0431231,0.0418648,0.0699302,0.0530062,0.0685347,
194,0.0,0.0001449,0.0013114,0.0033941,0.0025361,0.0050357,0.0058557,0.0322484,0.0335346,0.0466324,0.0375623,0.0619815,0.0826522,0.0461163,
195,0.0,0.000147,0.001535,0.0039367,0.0034909,0.0038062,0.0033124,0.0279583,0.0149618,0.0289649,0.0199979,0.0218219,0.035033,0.0325796,
196,0.0,0.0008847,0.0002053,0.0002369,0.001373,0.0025407,0.0027597,0.0160482,0.028359,0.0588474,0.0357322,0.0156315,0.039979,0.0497582,
197,0.0,0.0001454,0.0002054,0.0020393,0.0009734,0.0018569,0.0016237,0.0114233,0.0172428,0.0344405,0.0335102,0.0645385,0.0588783,0.0334968,
198,1e-07,0.0001467,0.0009218,0.001289,0.0012596,0.0012102,0.0023021,0.0053995,0.020932,0.0238198,0.0579865,0.0427699,0.0423222,0.0386773,
199,1e-07,0.0001465,0.002285,0.0016865,0.001371,0.0005945,0.0014044,0.0053634,0.0200521,0.0247658,0.0359101,0.0213285,0.034885,0.0339304,
200,1e-07,0.0001472,0.000204,0.0010514,0.0008597,0.0005949,0.0008615,0.001933,0.0114192,0.0218653,0.0122498,0.0410543,0.0184262,0.0415154,
201,1e-07,0.0001488,0.001332,0.0002455,0.0003132,0.0008321,0.0006526,0.0031171,0.0137373,0.0172154,0.009296,0.0553391,0.0765857,0.0448628,
202,1e-07,0.0001485,0.0002035,0.0007781,0.0011128,0.0007833,0.000651,0.003527,0.0131631,0.0186304,0.0244709,0.0541726,0.0615958,0.0395681,
203,1e-07,0.0001456,0.0002045,0.0007753,0.000313,0.0008352,0.000645,0.0020302,0.0121235,0.0204877,0.0257005,0.0031885,0.0469508,0.0271715,
204,1e-07,0.0001457,0.0002034,0.0012363,0.000861,0.0012,0.0005466,0.0015847,0.0030671,0.0055003,0.0273968,0.022437,0.0514011,0.0205447,
205,1e-07,0.0001476,0.0002026,0.000251,0.0018414,0.0006607,0.0006526,0.0009853,0.0065582,0.0083756,0.0233226,0.0367278,0.048025,0.042802,
206,1e-07,0.0001455,0.0013358,0.0010097,0.0003124,0.0006027,0.000547,0.0004165,0.0057327,0.0158362,0.0213438,0.0255779,0.0401806,0.042618,
207,1e-07,0.0001433,0.0013346,0.0007664,0.0003104,0.0012269,0.0006446,0.001507,0.0030492,0.0077144,0.0058686,0.0232029,0.0723755,0.0139492,
208,1e-07,0.000145,0.0002027,0.0010494,0.0011178,0.0022289,0.0009651,0.0009843,0.0009959,0.009275,0.0193726,0.0563415,0.0423956,0.0404376,
209,1e-07,0.0001453,0.0002033,0.0002575,0.001273,0.0006652,0.0006499,0.0009806,0.0030461,0.0123284,0.0141288,0.0215947,0.0140489,0.0445617,
210,1e-07,0.0001424,0.0010703,0.0002604,0.0011178,0.0011913,0.0009402,0.0012074,0.0034932,0.0161097,0.0133225,0.009306,0.0235963,0.0391602,
211,1e-07,0.0001423,0.0009678,0.0002616,0.0003084,0.0006615,0.000945,0.0015674,0.0098538,0.027103,0.0306071,0.0277506,0.0185517,0.0637061,
212,1e-07,0.000144,0.0002028,0.0012399,0.0003091,0.0010939,0.0016243,0.0020672,0.0109358,0.0234787,0.0170048,0.0445033,0.0151398,0.0372166,
213,1e-07,0.0001422,0.0002044,0.0002646,0.0003094,0.0010894,0.0008783,0.0010354,0.0061895,0.0164749,0.0278248,0.0421376,0.0191528,0.0255619,
214,1e-07,0.0001399,0.0010739,0.0007524,0.0012017,0.0007769,0.0005439,0.0009772,0.0076027,0.0265963,0.0802379,0.030459,0.0345796,0.0715631,
215,1e-07,0.0013288,0.0008315,0.0013694,0.0012005,0.0007766,0.0006478,0.0020706,0.0183479,0.0241792,0.0808414,0.0930825,0.043249,0.0688881,
216,1e-07,0.0008968,0.0009297,0.0010489,0.0011199,0.0010975,0.0011791,0.0013769,0.0163809,0.0223984,0.0625471,0.0576183,0.0505392,0.0230029,
217,1e-07,0.0001455,0.000201,0.0002628,0.000775,0.0011998,0.001231,0.0008336,0.0072129,0.011246,0.0467221,0.0741926,0.0406738,0.0732242,
218,1e-07,0.0001462,0.0008384,0.00104,0.0013633,0.0011053,0.0005395,0.0015704,0.00748,0.0261498,0.0515599,0.0374028,0.0369047,0.0707063,
219,1e-07,0.0001475,0.0009671,0.00111,0.0011193,0.0006515,0.001351,0.0026105,0.0050993,0.0249042,0.0391405,0.0549027,0.091932,0.0766351,
220,1e-07,0.0001495,0.0012627,0.0002569,0.0011184,0.0006556,0.0006643,0.0013571,0.0024737,0.0206826,0.0543545,0.060833,0.0598909,0.0233565,
221,2e-07,0.0001523,0.0012651,0.0010322,0.0008646,0.0016039,0.0006707,0.0029084,0.0078903,0.0158408,0.0255717,0.0334975,0.0676878,0.1227564,
222,2e-07,0.0001549,0.000961,0.0012616,0.0008663,0.0012461,0.0009484,0.0016331,0.0043469,0.0174758,0.052744,0.0366977,0.1061573,0.1583283,
223,2e-07,0.0001568,0.0012664,0.0010263,0.000866,0.0011105,0.0005399,0.0017779,0.005107,0.0316181,0.0565471,0.0500454,0.0926511,0.1186613,
224,2e-07,0.000157,0.0001979,0.0002476,0.0008663,0.001746,0.0009393,0.0052209,0.0080777,0.0192165,0.0132532,0.0320157,0.0774344,0.0982012,
225,2e-07,0.0009091,0.0001982,0.0010301,0.0019735,0.0007816,0.0006754,0.0034611,0.0090393,0.0293984,0.0500301,0.0331554,0.0701408,0.0560169,
226,2e-07,0.0001582,0.0008408,0.0002423,0.0008655,0.0006585,0.0006749,0.0011808,0.0175186,0.0399151,0.0453667,0.0491783,0.0319176,0.0405083,
227,2e-07,0.0008822,0.0001998,0.0010354,0.0003166,0.0008196,0.0018004,0.0023025,0.0063874,0.0503073,0.0514476,0.0386,0.043048,0.0547585,
228,2e-07,0.0012563,0.0009736,0.0010307,0.0011138,0.0007836,0.0006756,0.0034354,0.0065112,0.0673022,0.0199527,0.0250017,0.0563759,0.0667371,
229,2e-07,0.0001588,0.0001982,0.0007857,0.0008637,0.0012252,0.0015952,0.0022224,0.0151959,0.0467032,0.0673018,0.0375844,0.0198614,0.0320676,
230,2e-07,0.0009114,0.0013788,0.0010235,0.0021281,0.0006103,0.0006698,0.0018173,0.005921,0.0272951,0.0313051,0.0299105,0.0265035,0.0346176,
231,2e-07,0.0009126,0.0013784,0.0015043,0.002556,0.001911,0.0014353,0.007679,0.0188588,0.0239659,0.0428347,0.0568717,0.0509681,0.0441076,
232,2e-07,0.0001578,0.0009795,0.00103,0.0008614,0.000647,0.0005456,0.0056198,0.0255651,0.0271141,0.036846,0.0367673,0.0644976,0.031548,
233,1e-07,0.0001557,0.0010583,0.001222,0.0011162,0.0013397,0.0005444,0.0034254,0.0179981,0.0219119,0.0404322,0.0260238,0.0414,0.0331182,
234,1e-07,0.0001531,0.0002003,0.0012782,0.0016122,0.0014668,0.0006636,0.0085109,0.0374226,0.0195818,0.0380185,0.0362859,0.0317988,0.1003832,
235,1e-07,0.0001528,0.0002007,0.0002373,0.0011164,0.0010937,0.0005467,0.0076695,0.0180773,0.0186956,0.0433058,0.0430734,0.0820622,0.0768198,
236,1e-07,0.0001528,0.0001999,0.0012772,0.001371,0.0008295,0.0014177,0.0074454,0.0325713,0.0334632,0.0359035,0.0688538,0.0706792,0.0484712,
237,1e-07,0.0001503,0.0011137,0.0012262,0.0008578,0.0013608,0.0015785,0.0074626,0.019612,0.0560858,0.048186,0.0358612,0.078711,0.0736965,
238,1e-07,0.0001492,0.000202,0.0011939,0.0013707,0.0017207,0.0015833,0.0134245,0.0067611,0.0345965,0.0485839,0.0962549,0.0928281,0.121272,
239,1e-07,0.0009172,0.000202,0.0010431,0.0011168,0.0011176,0.0013334,0.0052879,0.0134488,0.0256641,0.0180453,0.0247363,0.0882799,0.0455886,
240,1e-07,0.0001509,0.0015216,0.0002401,0.0011155,0.0007935,0.0009804,0.0052414,0.0220087,0.0258149,0.0180107,0.0149042,0.0879339,0.0401334,
241,1e-07,0.0001534,0.0009801,0.0009289,0.0013741,0.0006005,0.0027808,0.0102053,0.0242704,0.026808,0.0426213,0.0272673,0.1056431,0.0871369,
242,2e-07,0.0001537,0.0002018,0.0010432,0.0008629,0.0007844,0.0015962,0.0080905,0.0121379,0.0116903,0.0213451,0.0944562,0.0757409,0.0284804,
243,2e-07,0.0010079,0.0009752,0.0012855,0.0008643,0.0016628,0.0005497,0.0037508,0.0145777,0.0127819,0.0640703,0.120429,0.0514582,0.0160393,
244,2e-07,0.0001565,0.000202,0.001224,0.000866,0.0011879,0.0013322,0.0071837,0.0170992,0.0134791,0.0530459,0.0503689,0.0264322,0.0358632,
245,2e-07,0.0001544,0.001614,0.0010086,0.0003194,0.0011844,0.001052,0.0057785,0.0187827,0.0266975,0.0478959,0.0179156,0.0273953,0.0337172,
246,2e-07,0.0008834,0.0002035,0.0016613,0.0016592,0.0018927,0.0014773,0.0014957,0.0151084,0.0349235,0.0484252,0.0482618,0.034816,0.032839,
247,2e-07,0.0001532,0.0012304,0.001254,0.0009804,0.0010862,0.0008477,0.0034973,0.0210437,0.0323249,0.0410918,0.0717012,0.0569706,0.0379994,
248,2e-07,0.0001524,0.0009316,0.0010095,0.0011139,0.0006057,0.0005496,0.0047162,0.0279138,0.0361963,0.0267386,0.0486685,0.0577523,0.0488271,
249,2e-07,0.0001496,0.0002048,0.0002494,0.0009803,0.0006751,0.0006507,0.0029894,0.0181709,0.0200066,0.0353067,0.0091106,0.030541,0.0427436,
250,2e-07,0.0009165,0.0002038,0.0007726,0.0017197,0.0006719,0.0008568,0.0020547,0.0110859,0.0319788,0.0112934,0.0248501,0.0369001,0.050061,
251,2e-07,0.0001506,0.0002036,0.000252,0.0008676,0.0006767,0.0005481,0.0026575,0.0199025,0.0322393,0.0176584,0.0494461,0.0436862,0.0479189,
252,2e-07,0.0012678,0.0002049,0.0002553,0.0015215,0.0006787,0.0014765,0.0024155,0.0066242,0.0352151,0.0378154,0.0681217,0.0573537,0.0562179,
253,2e-07,0.0014393,0.0009653,0.0012415,0.0009852,0.0006078,0.0005468,0.0009759,0.0058758,0.0235581,0.0274079,0.0410751,0.0571397,0.052912,
254,2e-07,0.0001494,0.0002029,0.0022739,0.0003141,0.0006125,0.0009338,0.0007453,0.0043231,0.0155045,0.0509349,0.050541,0.0537065,0.0508241,
255,2e-07,0.0011197,0.0012338,0.0007632,0.0003149,0.0006142,0.0014114,0.0019354,0.0096785,0.0447634,0.085608,0.0862952,0.0603761,0.108606,
256,2e-07,0.0001464,0.0009602,0.0002609,0.0003137,0.0006127,0.0005455,0.0016816,0.0094449,0.0693755,0.0622649,0.0532061,0.0404009,0.0755225,
257,2e-07,0.0001471,0.0013458,0.0015896,0.000312,0.000615,0.001405,0.0014241,0.0097562,0.072271,0.0699081,0.0692059,0.0259946,0.0469913,
258,2e-07,0.0001501,0.0002019,0.0012462,0.0008686,0.0006194,0.000543,0.000979,0.0241885,0.0465666,0.1024269,0.0585266,0.0620707,0.0868373,
259,2e-07,0.0010265,0.0009284,0.0007634,0.0003126,0.0006184,0.000543,0.0013569,0.0130749,0.0180872,0.0766097,0.0570702,0.0421385,0.0506464,
260,2e-07,0.0001531,0.0002009,0.0015029,0.0008675,0.001332,0.0009644,0.0011559,0.0087217,0.0144991,0.0711848,0.049685,0.0304966,0.0540691,
261,2e-07,0.0009129,0.0002011,0.001042,0.0003148,0.0011239,0.0010401,0.001177,0.0067096,0.010568,0.0694746,0.0403691,0.0382159,0.0327312,
262,2e-07,0.0001551,0.0001998,0.0002478,0.001115,0.0015949,0.0012278,0.0007345,0.0061381,0.0126774,0.0364162,0.0503115,0.0761365,0.0601973,
263,2e-07,0.0001539,0.0012631,0.0010355,0.0021843,0.0006191,0.0017988,0.0023415,0.0013263,0.0116631,0.0144651,0.0332974,0.0361214,0.0470542,
264,2e-07,0.0009982,0.0012634,0.0002514,0.0008648,0.0007791,0.0014668,0.0011547,0.0010175,0.0237239,0.0281806,0.0418957,0.0183553,0.0646098,
265,2e-07,0.0009122,0.0002,0.0007745,0.0008639,0.0011226,0.0011673,0.0030073,0.0020394,0.0077503,0.0299342,0.0358298,0.0322619,0.0428857,
266,2e-07,0.0001538,0.0001989,0.0002486,0.0014553,0.0008128,0.0016137,0.0043198,0.0029181,0.0198656,0.0395876,0.0286019,0.0249745,0.0363866,
267,1e-07,0.0009116,0.0001993,0.0014916,0.0008633,0.0019321,0.0006654,0.0035094,0.0063864,0.0153711,0.0228316,0.0432078,0.06135,0.0576817,
268,1e-07,0.00015,0.0011091,0.0015021,0.0011176,0.0015239,0.0006616,0.0020312,0.0080011,0.0214718,0.0308876,0.0483453,0.0429623,0.0426372,
269,1e-07,0.0009118,0.0011113,0.0010339,0.0011174,0.0006133,0.0005424,0.0022796,0.0108952,0.0317479,0.0233627,0.0427012,0.0453703,0.0495522,
270,1e-07,0.0001517,0.0001984,0.0010318,0.0008615,0.0006163,0.0009457,0.0018008,0.0115021,0.0388942,0.0331335,0.0393364,0.063775,0.0422651,
271,1e-07,0.0001488,0.000839,0.0002505,0.0008603,0.0007939,0.0006616,0.0015281,0.0089081,0.0209321,0.0478466,0.0408764,0.0190694,0.0340267,
272,1e-07,0.0001499,0.0001994,0.0016637,0.000309,0.000643,0.0020328,0.0050279,0.0270572,0.0459968,0.0355503,0.0375978,0.0713568,0.0440622,
273,1e-07,0.000152,0.0023444,0.0002457,0.0003087,0.001218,0.0010301,0.0013755,0.0121221,0.031539,0.0513882,0.0796645,0.0925204,0.0420641,
274,1e-07,0.0009941,0.0009751,0.0009428,0.0019419,0.0006161,0.0010256,0.0024612,0.0189977,0.0550572,0.0628473,0.1180559,0.0680164,0.0805709,
275,1e-07,0.0001476,0.0001991,0.0002508,0.0007825,0.001105,0.0019123,0.0013725,0.014304,0.02551,0.046206,0.0629454,0.0598402,0.0553455,
276,1e-07,0.0001457,0.0001997,0.0002545,0.0011208,0.000797,0.0012316,0.0024075,0.0320445,0.047625,0.0355636,0.071146,0.0609445,0.035283,
277,1e-07,0.0001459,0.0001989,0.001376,0.0008589,0.0017021,0.0009428,0.004194,0.0412297,0.0372966,0.0212465,0.059655,0.0529727,0.0371446,
278,0.0,0.0001428,0.0001997,0.0012504,0.0008576,0.0011056,0.0011755,0.0066428,0.0211783,0.0426405,0.0265284,0.0947519,0.0861415,0.042362,
279,1e-07,0.0001424,0.0012667,0.0002606,0.0014635,0.0008199,0.0005401,0.0031193,0.0085196,0.0116223,0.0412926,0.0902959,0.0410436,0.0396584,
280,1e-07,0.0001405,0.0012646,0.0010481,0.0008592,0.0006472,0.0019089,0.002199,0.0129938,0.0213238,0.0449334,0.0475625,0.0195373,0.0364561,
281,1e-07,0.0001408,0.0008312,0.0002613,0.0012201,0.0011203,0.0024039,0.0019935,0.0114763,0.0218568,0.0184234,0.0249795,0.0362753,0.0173944,
282,1e-07,0.0001388,0.0002042,0.0010113,0.0008604,0.0006571,0.0006395,0.0020646,0.020061,0.035669,0.0266526,0.0285553,0.0456049,0.050152,
283,0.0,0.0001367,0.0002044,0.000755,0.0003045,0.0007914,0.0005442,0.0012134,0.0073159,0.0277572,0.0297359,0.0254729,0.0462525,0.0679317,
284,0.0,0.0001381,0.0009281,0.0002607,0.0018271,0.0006006,0.0005443,0.0035884,0.0056975,0.0186353,0.0401921,0.0237098,0.0477331,0.0553415,
285,0.0,0.0001397,0.0012273,0.000762,0.0009845,0.0006446,0.0019123,0.0042034,0.0268296,0.0436757,0.0466049,0.0451397,0.0454747,0.0487094,
286,0.0,0.000141,0.0002031,0.000255,0.0011056,0.0006002,0.0005444,0.0058105,0.0307737,0.0219967,0.0536927,0.0410592,0.0511218,0.0547645,
287,1e-07,0.0001428,0.000926,0.0018431,0.0018384,0.0006006,0.0010263,0.0029613,0.0184821,0.0224804,0.0323212,0.0245239,0.0592913,0.0167067,
288,1e-07,0.001332,0.0008272,0.0010546,0.0012662,0.0015985,0.0019248,0.0082441,0.0115705,0.0239541,0.0234423,0.0256448,0.0263808,0.0393988,
289,1e-07,0.0001431,0.0012258,0.001056,0.0015647,0.0007903,0.0005485,0.0040354,0.0111404,0.037423,0.027407,0.0281075,0.0282493,0.0435475,
290,1e-07,0.0009239,0.0002067,0.0007736,0.0017161,0.0017281,0.0013562,0.0013331,0.0154128,0.0148965,0.0254964,0.0224605,0.0183039,0.0660612,
291,1e-07,0.0001416,0.0002066,0.0016483,0.0003121,0.0008402,0.0005499,0.0014541,0.0183912,0.00986,0.0202793,0.0203313,0.0127206,0.0386587,
292,1e-07,0.0001442,0.0002063,0.0012405,0.001266,0.0012288,0.0005507,0.0020214,0.0058593,0.0098794,0.0253599,0.0158755,0.0241933,0.0528517,
293,1e-07,0.0001455,0.001259,0.0021178,0.0009808,0.0005982,0.0006428,0.0009768,0.0079551,0.0278921,0.0256192,0.0124443,0.0461431,0.0327288,
294,1e-07,0.000922,0.0009731,0.0014779,0.0011125,0.0005951,0.0015842,0.000767,0.0030416,0.0305542,0.0101195,0.0168449,0.0289014,0.0489464,
295,1e-07,0.0001414,0.0002079,0.0013326,0.0007742,0.000777,0.0009275,0.0013189,0.0050697,0.0109252,0.0218984,0.0245051,0.0224333,0.0555184,
296,1e-07,0.0001417,0.0002067,0.0002582,0.0003125,0.0008343,0.0006373,0.0013227,0.004106,0.0178849,0.0311475,0.0321074,0.0319004,0.0351078,
297,1e-07,0.0001421,0.0002075,0.0010006,0.0003137,0.0007702,0.0005499,0.0011988,0.0112368,0.0081214,0.0387498,0.056777,0.0319853,0.0614151,
298,1e-07,0.0001395,0.000209,0.0007649,0.0003137,0.0008384,0.0006303,0.001697,0.0081493,0.0121943,0.0153517,0.0392049,0.015584,0.0461002,
299,1e-07,0.0001384,0.0002084,0.0009984,0.0012037,0.0008356,0.0006307,0.0012014,0.0064094,0.0116333,0.0223035,0.0329401,0.0249862,0.0449275,
300,1e-07,0.0001405,0.0009659,0.0012295,0.0007715,0.0007686,0.0006359,0.0011702,0.0064571,0.0227548,0.0477218,0.0335292,0.054374,0.0696594,
301,1e-07,0.0008918,0.0002088,0.0013503,0.0012032,0.0006838,0.0012373,0.0009656,0.009552,0.0162798,0.0370366,0.0704521,0.0198095,0.0660822,
302,1e-07,0.0001382,0.0002105,0.0002674,0.0003137,0.0005974,0.0013535,0.0009623,0.0125217,0.0254798,0.0305074,0.0660878,0.0097037,0.076379,
303,1e-07,0.0001387,0.0002112,0.0007618,0.0003151,0.0020073,0.0005532,0.0023952,0.005022,0.0297248,0.0296666,0.0337754,0.0250962,0.0764294,
304,1e-07,0.0013442,0.0002127,0.0007617,0.0011108,0.0005885,0.000883,0.0017181,0.0065614,0.0030206,0.0097104,0.0370257,0.0147836,0.0353456,
305,1e-07,0.000136,0.0002136,0.0009401,0.0003155,0.0008513,0.000557,0.0036007,0.005706,0.0317308,0.0111674,0.0241536,0.014648,0.0175328,
306,1e-07,0.0001342,0.000951,0.0002654,0.0011139,0.0014432,0.0005588,0.0033706,0.0140572,0.0315483,0.0279515,0.0281758,0.0266052,0.0253098,
307,1e-07,0.0030349,0.0028829,0.0045612,0.0035259,0.0031708,0.0050981,0.0145166,0.0205406,0.0192266,0.0144191,0.0575205,0.0552921,0.0328231,
308,1e-07,0.0014992,0.0033395,0.0007777,0.004016,0.004636,0.006614,0.0220523,0.0290205,0.0501948,0.036732,0.0161159,0.0487923,0.0517331,
309,1e-07,0.001499,0.0008169,0.0027393,0.0039156,0.0012325,0.0030213,0.0109555,0.0231726,0.0206417,0.0305571,0.0298918,0.0244014,0.0861251,
310,1e-07,0.0001319,0.0008151,0.0007704,0.0015475,0.0011129,0.0025544,0.0093036,0.0056716,0.0123849,0.0253107,0.0430615,0.0293775,0.0529663,
311,1e-07,0.0011089,0.0002109,0.0014705,0.0009794,0.0032651,0.0015636,0.0020516,0.0131612,0.0243624,0.0568323,0.0581024,0.0264717,0.0524943,
312,0.0,0.0009325,0.0009869,0.0007651,0.001611,0.0014911,0.0012451,0.0028494,0.0273685,0.0641797,0.0336761,0.0467892,0.0372371,0.0578014,
313,0.0,0.0011086,0.0010589,0.0014656,0.0011088,0.0011143,0.0013635,0.0018283,0.0037572,0.0279979,0.0176344,0.0394435,0.0303376,0.0317031,
314,1e-07,0.0001266,0.0002151,0.0007631,0.001263,0.0008638,0.0015521,0.0007805,0.0080138,0.021582,0.0324066,0.0405181,0.0186608,0.0467686,
315,0.0,0.0011091,0.0002162,0.0009751,0.0012084,0.0006746,0.0015503,0.0022882,0.0072277,0.0195662,0.0270538,0.0115268,0.0170803,0.0226952,
316,0.0,0.0010126,0.0002164,0.0002688,0.0011116,0.00068,0.0005991,0.0021565,0.0016298,0.0035347,0.0205757,0.0246416,0.0291662,0.023495,
317,0.0,0.0001269,0.0009522,0.0013248,0.0008586,0.0007801,0.0005951,0.0019202,0.0046343,0.0180149,0.0423283,0.0255714,0.0149054,0.0122814,
318,0.0,0.0008975,0.0002192,0.001325,0.0007808,0.0005682,0.0005905,0.0007968,0.0039973,0.0197386,0.0104936,0.0501009,0.0494692,0.0066471,
319,0.0,0.0008978,0.0013156,0.0009463,0.0003104,0.0005735,0.0013571,0.0015583,0.0023256,0.0200446,0.0101851,0.0253756,0.0679019,0.0247252,
320,0.0,0.0001276,0.0002176,0.000272,0.001111,0.000688,0.0009259,0.0007947,0.0030219,0.0216807,0.0203771,0.0178735,0.0618642,0.0310407,
321,0.0,0.0001259,0.0002197,0.0002742,0.0003129,0.0006926,0.0005615,0.0017079,0.0098137,0.0231565,0.0409995,0.0328781,0.0336611,0.0496864,
322,0.0,0.0008982,0.0002196,0.0002777,0.000311,0.000863,0.0012696,0.0011863,0.0061822,0.0183468,0.003197,0.0271673,0.0332353,0.0285798,
323,0.0,0.0010142,0.0002179,0.000754,0.0003117,0.0007674,0.0005581,0.0013848,0.0074115,0.019263,0.005468,0.0589689,0.0227115,0.0318806,
324,1e-07,0.0001269,0.0002183,0.001179,0.0013695,0.000697,0.0006001,0.0016912,0.0064071,0.0128353,0.0211448,0.0459106,0.0141259,0.0259968,
325,1e-07,0.0001282,0.0002174,0.0009788,0.000312,0.0008486,0.0018201,0.0012771,0.0031607,0.0093609,0.0239915,0.025093,0.0419558,0.0214681,
326,1e-07,0.0001267,0.0002181,0.0007433,0.0008667,0.0005887,0.0009346,0.0007897,0.0030289,0.0115179,0.0308128,0.0188584,0.044239,0.0341229,
327,1e-07,0.0001275,0.0002181,0.0013086,0.0003118,0.0007048,0.0009033,0.0025503,0.003562,0.014921,0.0268739,0.0352941,0.0585345,0.0301299,
328,1e-07,0.0001266,0.0012309,0.0011756,0.000311,0.0005957,0.0009066,0.0023905,0.0057238,0.0371841,0.0269948,0.0540713,0.067164,0.0707588,
329,1e-07,0.0001283,0.0002182,0.0007322,0.000312,0.0008344,0.0020971,0.0035445,0.0094673,0.0493379,0.049513,0.0195984,0.0649048,0.1069164,
330,1e-07,0.0014038,0.0010906,0.0012741,0.0008715,0.0007072,0.0005517,0.0038132,0.02451,0.0463176,0.0890592,0.0973046,0.1001603,0.1134509,
331,1e-07,0.0009003,0.0002155,0.0014617,0.0003109,0.0006006,0.002231,0.0058169,0.0209148,0.0213871,0.0387527,0.0398395,0.0674144,0.0306617,
332,1e-07,0.00013,0.0002157,0.0002823,0.0003114,0.0008376,0.0005529,0.0032675,0.0116108,0.0252663,0.0229386,0.040647,0.0539887,0.0209118,
333,1e-07,0.0001293,0.0009614,0.0009561,0.0012016,0.000594,0.0005529,0.0016809,0.0062671,0.0285204,0.0310781,0.0373539,0.0458741,0.0412499,
334,1e-07,0.0009976,0.0002157,0.0011792,0.0012752,0.000589,0.0006069,0.0012049,0.0035495,0.0167777,0.0185955,0.0439651,0.0282513,0.0288039,
335,0.0,0.001104,0.0002172,0.0002813,0.00031,0.0014494,0.0009088,0.001721,0.007762,0.0116324,0.0196659,0.0258395,0.0350311,0.0594247,
336,0.0,0.0001235,0.0002184,0.0002816,0.0012031,0.000692,0.0005577,0.001182,0.0045062,0.0072238,0.0130943,0.0093755,0.0386172,0.0119126,
337,0.0,0.0001219,0.0002205,0.0002829,0.0011061,0.000696,0.001285,0.001186,0.007382,0.0104456,0.0250483,0.0438936,0.0219208,0.0084049,
338,0.0,0.0001196,0.0002218,0.0002845,0.0011184,0.001736,0.000561,0.0025869,0.0119257,0.0148707,0.0584656,0.0447267,0.018213,0.058193,
339,0.0,0.000118,0.0002239,0.0002867,0.0003098,0.0006988,0.0005635,0.0052481,0.0122762,0.0123889,0.0338443,0.052013,0.0204779,0.0609999,
340,0.0,0.0001185,0.0010743,0.0009623,0.0011177,0.0007034,0.0005634,0.0022602,0.0108705,0.0214987,0.0301202,0.0252727,0.0260382,0.0402034,
341,0.0,0.0016446,0.0002226,0.0009558,0.0007761,0.0005747,0.0009364,0.0003494,0.0055628,0.0109924,0.0311735,0.0200228,0.0336764,0.029975,
342,0.0,0.0001209,0.0007995,0.0002871,0.0003095,0.0005789,0.0009368,0.0007952,0.0062884,0.007772,0.0220732,0.0356549,0.0410989,0.0169683,
343,0.0,0.0009042,0.0002191,0.0002872,0.0003076,0.0007652,0.0005932,0.0025744,0.0062758,0.0070255,0.0241333,0.0249205,0.037842,0.0339591,
344,0.0,0.0012934,0.0002174,0.0002862,0.0007749,0.0007635,0.0009138,0.0039027,0.0028928,0.0051526,0.0315958,0.0175136,0.029254,0.021875,
345,0.0,0.0001242,0.0013315,0.0002871,0.0012002,0.000592,0.0005522,0.0007739,0.0022731,0.0062224,0.0291985,0.034246,0.0291674,0.0463118,
346,0.0,0.0001233,0.0002163,0.0002911,0.0011992,0.0007597,0.0006033,0.0007727,0.0018078,0.0111162,0.0286013,0.011351,0.0372981,0.044486,
347,1e-07,0.0001261,0.0002149,0.0002889,0.0003068,0.0008339,0.0009122,0.0003554,0.0043575,0.0123864,0.026499,0.0306264,0.0242874,0.0360645,
348,1e-07,0.0001262,0.0002163,0.0011961,0.0008675,0.0005971,0.000944,0.0003508,0.0015013,0.0131674,0.0241608,0.0517361,0.0361518,0.0371239,
349,1e-07,0.000125,0.0009552,0.0015908,0.0003083,0.0007003,0.0005516,0.0017358,0.0013051,0.0160727,0.0373952,0.0549932,0.031592,0.0509308,
350,1e-07,0.0001255,0.0002158,0.0009683,0.0017136,0.0006969,0.0006098,0.0020369,0.0101656,0.0210915,0.0212413,0.0317338,0.0587112,0.0252407,
351,1e-07,0.0009873,0.00095,0.0009959,0.0007687,0.0006985,0.0005482,0.0014073,0.0060695,0.0223147,0.0245719,0.025657,0.0627566,0.007314,
352,1e-07,0.0014083,0.0002132,0.0002932,0.0009984,0.0012087,0.0012064,0.0055346,0.0095818,0.0432534,0.0492264,0.0338254,0.0373003,0.0292153,
353,1e-07,0.0001271,0.0008161,0.0010008,0.0013884,0.0010787,0.0018608,0.0039794,0.0092823,0.0147692,0.018307,0.0142771,0.0567335,0.0314304,
354,1e-07,0.0001249,0.0002148,0.0019511,0.0008685,0.0011267,0.0005476,0.0012365,0.0065536,0.0163945,0.0172475,0.0401197,0.0507044,0.0310421,
355,1e-07,0.0001267,0.0002131,0.000294,0.001121,0.0007565,0.0009596,0.0012358,0.0107817,0.0203024,0.0322315,0.0406975,0.0375514,0.0387856,
356,1e-07,0.0001266,0.0010907,0.001003,0.0003028,0.0006114,0.0009553,0.0003548,0.0090716,0.0242872,0.0381995,0.0164424,0.038505,0.0377228,
357,1e-07,0.0001238,0.000214,0.000301,0.0003027,0.0012976,0.0012454,0.0042838,0.0111948,0.0542833,0.0835737,0.0437394,0.0610979,0.0687138,
358,0.0,0.000912,0.000214,0.0020792,0.0003011,0.0006071,0.0012176,0.0003521,0.0215829,0.0484479,0.0661252,0.0421983,0.038357,0.0435786,
359,0.0,0.0001197,0.0009525,0.0003041,0.0003014,0.0008285,0.0013153,0.0015177,0.0146093,0.0274868,0.0543673,0.0230209,0.0291781,0.0179674,
360,0.0,0.0001195,0.0002173,0.0003022,0.0003029,0.0008323,0.0009626,0.0021028,0.0054924,0.0480616,0.0595805,0.0254837,0.0174577,0.0292444,
361,0.0,0.0014053,0.000806,0.0012943,0.0011223,0.0005982,0.0009628,0.0036543,0.0107899,0.0190415,0.056831,0.0173376,0.0221814,0.0154485,
362,1e-07,0.0009107,0.0009651,0.0009875,0.0011213,0.000702,0.0009589,0.0020732,0.019255,0.047707,0.0414959,0.0407314,0.0271132,0.0180227,
363,1e-07,0.0009099,0.0002189,0.0003008,0.000305,0.0007006,0.0005522,0.0003379,0.0111075,0.0061115,0.0370825,0.0143969,0.032097,0.0129766,
364,0.0,0.0001173,0.0009669,0.000303,0.0011209,0.000702,0.0005913,0.0012713,0.0100828,0.0197245,0.0588677,0.0253916,0.0292899,0.0399735,
365,1e-07,0.0009107,0.0002219,0.0003049,0.0011202,0.0008396,0.0009538,0.0024683,0.011625,0.023358,0.0366926,0.0292531,0.0305939,0.0384172,
366,1e-07,0.0001207,0.0002203,0.0003014,0.0003075,0.0008369,0.0013442,0.0021422,0.016241,0.0341697,0.0405861,0.0171984,0.031257,0.0341018,
367,1e-07,0.0014015,0.0013353,0.0009687,0.0008692,0.0005947,0.0009209,0.0022549,0.004333,0.0344326,0.0342906,0.0284907,0.0386932,0.0230828,
368,1e-07,0.00012,0.0002234,0.0002993,0.0011179,0.0013413,0.0005573,0.0015739,0.0052343,0.0295461,0.051179,0.0315294,0.0285343,0.0381683,
369,1e-07,0.0001201,0.0002241,0.0002964,0.0008683,0.0007143,0.0005589,0.0028822,0.0069171,0.018797,0.0292559,0.035882,0.0309526,0.0362343,
370,1e-07,0.0001222,0.0009705,0.0012791,0.0013883,0.0007179,0.0009136,0.002142,0.0182431,0.02183,0.0413885,0.0406668,0.0235838,0.0237953,
371,1e-07,0.0001241,0.0002215,0.0002938,0.0003114,0.0007144,0.00183,0.0022504,0.0080096,0.0191348,0.0354212,0.0387943,0.0205252,0.0238743,
372,1e-07,0.0001243,0.0002209,0.0002905,0.0007673,0.0007474,0.0005566,0.0030019,0.0122122,0.0153524,0.0325229,0.0146687,0.0284559,0.0325272,
373,1e-07,0.0001261,0.0012319,0.0007415,0.0003131,0.0005886,0.000558,0.0016845,0.0029185,0.0071727,0.0173351,0.0475267,0.0182067,0.0346718,
374,1e-07,0.0001262,0.0002202,0.000284,0.0003127,0.0007067,0.0005976,0.0033611,0.0022029,0.0157263,0.0210647,0.0293453,0.0066347,0.0276661,
375,1e-07,0.0001278,0.0012366,0.00028,0.0003139,0.0008533,0.0005591,0.0033159,0.0138904,0.0090244,0.0296732,0.0228013,0.0334144,0.0369537,
376,1e-07,0.0001274,0.0002201,0.0002777,0.0008653,0.0005787,0.0013643,0.0024275,0.0112294,0.0548378,0.0262429,0.0339727,0.0581636,0.0228863,
377,1e-07,0.0001301,0.0002189,0.0002736,0.0017666,0.0007027,0.0006028,0.0024667,0.0300599,0.0470963,0.0210167,0.0384093,0.0772504,0.1151528,
378,1e-07,0.0001313,0.0012311,0.0009712,0.0011135,0.0007082,0.000561,0.0044849,0.0094005,0.0455365,0.0315075,0.0389064,0.0977391,0.1369508,
379,1e-07,0.0008954,0.0002213,0.0002777,0.000317,0.0008578,0.0005622,0.0022241,0.0049414,0.025277,0.0418433,0.0465782,0.0525585,0.0739184,
380,1e-07,0.0013943,0.0002218,0.0002816,0.0008677,0.0005812,0.0005959,0.0031685,0.0028261,0.0192202,0.0584608,0.0343618,0.0710318,0.0224289,
381,1e-07,0.0008993,0.000223,0.0007486,0.0011152,0.0005785,0.0009249,0.0021236,0.0055023,0.0247635,0.051665,0.021145,0.0493167,0.0241398,
382,1e-07,0.0001226,0.0002243,0.0007445,0.0008673,0.0017047,0.0005626,0.0008196,0.0120586,0.0124336,0.0294701,0.0274586,0.0218862,0.0342904,
383,1e-07,0.0001211,0.0002239,0.0002915,0.0012129,0.0014523,0.0005612,0.0014097,0.008081,0.037472,0.0265844,0.0555716,0.0533834,0.0321038,
384,0.0,0.0013953,0.0007936,0.0012781,0.0011172,0.0007504,0.0005625,0.0025952,0.0038729,0.0394797,0.0262094,0.031508,0.0504628,0.0462257,
385,0.0,0.0013965,0.0002249,0.0002968,0.0008659,0.0007098,0.0012437,0.0019088,0.0109287,0.0272314,0.0400329,0.0357318,0.0586891,0.0510014,
386,0.0,0.0013983,0.0009674,0.0011164,0.0011188,0.000851,0.0015414,0.0021847,0.0076301,0.0227818,0.0189002,0.0606237,0.0484243,0.0585486,
387,0.0,0.0009085,0.0002215,0.0002982,0.0012005,0.0005856,0.0014801,0.0015137,0.0076125,0.0352702,0.0137367,0.0459347,0.0451784,0.0322314,
388,0.0,0.0001179,0.0002203,0.0002976,0.0016405,0.0023715,0.0009297,0.0011771,0.0051855,0.0112296,0.0223201,0.0260084,0.0414975,0.0467496,
389,0.0,0.0009896,0.0013272,0.0002972,0.0009932,0.0005861,0.0005548,0.0010938,0.004665,0.0171134,0.0195332,0.0225961,0.0757518,0.0639944,
390,0.0,0.0001175,0.0002183,0.0002976,0.0011992,0.0008428,0.0016798,0.0011603,0.0098043,0.0331575,0.0371434,0.0677163,0.0879024,0.0486097,
391,0.0,0.0001202,0.0002166,0.0002934,0.0011996,0.0012217,0.0005993,0.0008439,0.0121707,0.0147327,0.0181883,0.0489293,0.067007,0.0227982,
392,0.0,0.0001202,0.0002178,0.0015859,0.0012002,0.0007647,0.0005961,0.0010857,0.0071659,0.0119751,0.0306447,0.0243258,0.0293074,0.0506604,
393,0.0,0.0001203,0.0009636,0.0002923,0.0013953,0.0013937,0.0005946,0.001092,0.0044782,0.0086537,0.0234214,0.0215172,0.0234247,0.0321035,
394,0.0,0.0001191,0.0012348,0.0007353,0.0007752,0.0006982,0.0005889,0.0012107,0.0039209,0.0147341,0.0250818,0.0303176,0.0115794,0.0372899,
395,0.0,0.0001198,0.0012324,0.0002919,0.0011185,0.0007031,0.0009206,0.0008295,0.007772,0.0089409,0.0176104,0.0290137,0.0240627,0.031744,
396,0.0,0.0001181,0.0002239,0.0011802,0.0009879,0.000577,0.0009226,0.0008245,0.0131129,0.007892,0.023358,0.0329097,0.0219165,0.0333752,
397,0.0,0.0001195,0.000794,0.000742,0.000311,0.0013494,0.0014615,0.0008099,0.0054776,0.023688,0.0257255,0.0328294,0.0461602,0.0392583,
398,0.0,0.0001188,0.0002266,0.0002915,0.0003122,0.0013283,0.0005649,0.0033586,0.007464,0.0177688,0.0360922,0.0588264,0.0524838,0.0645601,
399,0.0,0.0016409,0.0002263,0.0011181,0.001116,0.0022955,0.0016823,0.0025069,0.0164781,0.0176168,0.0402527,0.0417602,0.0197857,0.0413341,
400,0.0,0.0001189,0.0014264,0.0012657,0.0009824,0.0005666,0.0005655,0.0003496,0.0113297,0.0339835,0.0369366,0.0421103,0.0045301,0.0419676,
401,0.0,0.000121,0.0002239,0.0007537,0.0011165,0.0018429,0.0010183,0.0019261,0.0114517,0.0282338,0.0407549,0.0243769,0.0319796,0.0206272,
402,0.0,0.0010081,0.0002246,0.0002804,0.0011164,0.0005624,0.0010228,0.0022152,0.0332524,0.06841,0.0197244,0.0536654,0.0248185,0.0264103,
403,0.0,0.0001228,0.0010855,0.0014962,0.0003126,0.001313,0.0005646,0.0024659,0.0109226,0.040647,0.0168285,0.0321761,0.0148642,0.054697,
404,0.0,0.0001204,0.000795,0.0009627,0.0007791,0.0005659,0.000916,0.0025695,0.0124533,0.0282467,0.0285055,0.0431025,0.0130924,0.0384222,
405,1e-07,0.0001198,0.0002223,0.0002792,0.0012073,0.0005635,0.0005635,0.0030319,0.00762,0.0223318,0.0449475,0.069828,0.0922002,0.0738426,
406,1e-07,0.0001174,0.0002227,0.0002813,0.0003077,0.0011128,0.0016851,0.0011847,0.0062266,0.0211262,0.0283482,0.0318143,0.0801701,0.0256583,
407,1e-07,0.0001176,0.0002211,0.0011072,0.0008569,0.0008713,0.0005614,0.0046888,0.0172537,0.0094588,0.0206267,0.0215723,0.05559,0.0181329,
408,1e-07,0.0001163,0.000798,0.0011199,0.0011213,0.0016131,0.0016856,0.0033272,0.0196199,0.009805,0.026052,0.0565336,0.0834637,0.0265704,
409,1e-07,0.0001169,0.0002191,0.0002859,0.0003037,0.0012437,0.0015104,0.0101931,0.0299821,0.0395692,0.0250749,0.0266577,0.037136,0.0217298,
410,1e-07,0.000117,0.0002176,0.000285,0.001204,0.0006739,0.000588,0.0043192,0.0082913,0.0444683,0.0404028,0.0160121,0.0455924,0.0173653,
411,1e-07,0.0009926,0.0002161,0.0007381,0.0010988,0.0008542,0.0005539,0.0025686,0.0058551,0.0278226,0.0114684,0.0146169,0.0323771,0.0458757,
412,1e-07,0.0001193,0.0002146,0.0002831,0.0003011,0.0008539,0.0005963,0.0051113,0.0192402,0.0315067,0.0340575,0.012278,0.0427479,0.0522712,
413,1e-07,0.0001189,0.0009779,0.0002838,0.0011243,0.0005829,0.0005512,0.0014273,0.0141899,0.0179799,0.033614,0.0326926,0.0325837,0.0562189,
414,1e-07,0.0001213,0.0008133,0.00074,0.0007884,0.0006581,0.0005492,0.0022564,0.0098994,0.0130876,0.0249892,0.020063,0.0243654,0.0430861,
415,1e-07,0.0001228,0.000211,0.0002771,0.0008548,0.0007962,0.0005497,0.0017865,0.0084455,0.0313743,0.0230875,0.0241646,0.0180432,0.0144485,
416,1e-07,0.0001218,0.0002127,0.0002769,0.0003016,0.0007949,0.0013259,0.0015157,0.0030102,0.0140655,0.005111,0.0337687,0.0223856,0.0219015,
417,1e-07,0.0009026,0.0002126,0.0002736,0.0003034,0.0007935,0.0017549,0.0017319,0.0126719,0.014846,0.0053988,0.0267056,0.0092601,0.0312586,
418,1e-07,0.0001244,0.0008097,0.0009492,0.0003046,0.0007888,0.0005531,0.0007671,0.013243,0.0158109,0.0136665,0.024146,0.0213919,0.0206054,
419,0.0,0.0001266,0.0002134,0.0012113,0.000307,0.0005801,0.0006051,0.0017119,0.0065293,0.0080833,0.022183,0.0374629,0.0258594,0.0160745,
420,0.0,0.0001278,0.001703,0.0002726,0.0003072,0.000851,0.0005531,0.0007702,0.006034,0.006106,0.0249127,0.0485479,0.0271294,0.0351076,
421,0.0,0.0001292,0.0002136,0.0002711,0.0007783,0.0007765,0.000554,0.0009621,0.0010869,0.0044299,0.016627,0.0273896,0.0457538,0.0165288,
422,1e-07,0.0014413,0.0002126,0.0007552,0.0012035,0.0008462,0.0006139,0.0012776,0.0036289,0.0059415,0.017258,0.0182574,0.0498542,0.0121244,
423,1e-07,0.0009298,0.0012302,0.0016245,0.0008637,0.00149,0.0005538,0.0008146,0.0043639,0.0154959,0.0169961,0.0126959,0.0355284,0.0109013,
424,1e-07,0.0013997,0.0002134,0.0015748,0.0008655,0.0008416,0.0005535,0.0003728,0.0036173,0.0097719,0.0310162,0.0128897,0.0241474,0.0313703,
425,1e-07,0.0008953,0.0002147,0.0007516,0.0003138,0.000591,0.0006138,0.0033801,0.0067407,0.0367661,0.0421704,0.0159581,0.0121775,0.0351809,
426,1e-07,0.00013,0.0014397,0.0007528,0.001116,0.0007609,0.0014999,0.0029966,0.0051047,0.0262775,0.039931,0.0245376,0.0139832,0.0281786,
427,1e-07,0.0001317,0.0002154,0.0007569,0.0011156,0.0013064,0.0005565,0.0022592,0.0048564,0.0311585,0.006318,0.0462915,0.0102066,0.0250107,
428,1e-07,0.0001319,0.0009727,0.000759,0.0003124,0.000584,0.0005556,0.0021415,0.0086749,0.0160269,0.0112682,0.0316388,0.0052741,0.0358028,
429,1e-07,0.0001343,0.0002126,0.0009866,0.0003126,0.0005867,0.0005543,0.0003853,0.0050257,0.0088935,0.0168646,0.0250062,0.0515708,0.0250585,
430,1e-07,0.0001336,0.0009761,0.0015177,0.001953,0.0005844,0.0005542,0.0012895,0.0040808,0.007454,0.0085155,0.0261246,0.0412633,0.0149734,
431,0.0,0.0011103,0.0002126,0.0007614,0.0011091,0.0006751,0.000612,0.0012908,0.0024593,0.0074949,0.025229,0.0238742,0.021608,0.0351215,
432,0.0,0.0008973,0.0008132,0.0007592,0.0003088,0.0008498,0.0006138,0.000768,0.0024475,0.0116215,0.0270151,0.0208675,0.0154838,0.021958,
433,0.0,0.0001289,0.0008131,0.0007577,0.0017126,0.0007885,0.0009034,0.0011731,0.0035678,0.015625,0.0072199,0.0268449,0.0186307,0.0346274,
434,0.0,0.0001278,0.0009784,0.0002711,0.0003054,0.000586,0.0013352,0.0015888,0.0056974,0.0376588,0.0140779,0.0194788,0.0116919,0.0258703,
435,1e-07,0.0001259,0.0002109,0.0014672,0.0011007,0.0006611,0.0013567,0.0013664,0.0110985,0.0257624,0.0165274,0.0239621,0.0730034,0.0088393,
436,1e-07,0.0001244,0.0002111,0.0002776,0.0003022,0.0005881,0.0005493,0.0011691,0.0100765,0.0269201,0.0137772,0.0347167,0.0497397,0.0186207,
437,1e-07,0.0009053,0.0013517,0.0007415,0.000301,0.0019302,0.0009587,0.000396,0.0105902,0.0226301,0.047983,0.0622462,0.0255971,0.0266914,
438,1e-07,0.0001237,0.0009736,0.0007374,0.0007876,0.0005936,0.0005468,0.0003957,0.0060521,0.0140092,0.0441378,0.0892994,0.037259,0.0310808,
439,1e-07,0.0009854,0.0002091,0.0018423,0.0009926,0.001585,0.0005459,0.0013746,0.0089578,0.0116838,0.0375482,0.0622235,0.0430738,0.0475738,
440,1e-07,0.0001237,0.0002105,0.0007362,0.0009907,0.0010783,0.0005477,0.0009689,0.0065348,0.0204921,0.0135194,0.0544308,0.0391138,0.042182,
441,0.0,0.0009051,0.0002098,0.0002803,0.0003023,0.0006657,0.000964,0.0015464,0.0041134,0.0186208,0.0271916,0.0371931,0.0447855,0.0430096,
442,0.0,0.0001279,0.0002098,0.0002765,0.0003038,0.0011187,0.0006162,0.0009698,0.0036359,0.0036903,0.0178379,0.0426866,0.0452938,0.0219355,
443,0.0,0.0001308,0.0015177,0.0010001,0.000781,0.0008374,0.0006216,0.0007489,0.0049689,0.0312711,0.0209397,0.0404456,0.0555253,0.024936,
444,0.0,0.0013528,0.0002094,0.0002718,0.0003065,0.0017315,0.0005486,0.0009696,0.0087248,0.0061402,0.007513,0.0450291,0.0316934,0.0257979,
445,1e-07,0.0001341,0.0002087,0.0015823,0.0003081,0.0008359,0.0005485,0.0009696,0.0023693,0.0154987,0.015669,0.0283973,0.0339808,0.0459579,
446,1e-07,0.0011088,0.0002097,0.0012181,0.0003088,0.0006773,0.0006234,0.0010517,0.0040903,0.0184101,0.0240149,0.0582479,0.0452142,0.0504945,
447,1e-07,0.0001357,0.0002093,0.0002714,0.0003102,0.0006814,0.0005485,0.0010555,0.0048023,0.0084468,0.040159,0.057611,0.0365826,0.0494063,
448,1e-07,0.0009239,0.0002102,0.00118,0.0015246,0.0008287,0.0008923,0.0018889,0.0136265,0.0201785,0.0291447,0.0589959,0.0872764,0.058683,
449,1e-07,0.0001335,0.0002119,0.0002759,0.0021883,0.0006892,0.0005504,0.0024507,0.0104257,0.0042982,0.0276285,0.0430195,0.0963512,0.053359,
450,1e-07,0.0011074,0.0002122,0.0007486,0.0003101,0.0005951,0.0017727,0.000769,0.0033431,0.0084377,0.0271001,0.0241036,0.047126,0.0363448,
451,1e-07,0.0001294,0.0008125,0.0013486,0.0003083,0.0006866,0.0009036,0.0013875,0.0033483,0.0045253,0.0289232,0.0387383,0.0196943,0.0613073,
452,1e-07,0.0001269,0.0002147,0.0009557,0.0003083,0.0005897,0.000553,0.0013879,0.0024505,0.013781,0.0176332,0.0136669,0.042559,0.0277701,
453,0.0,0.000128,0.0017041,0.001315,0.0003091,0.0013446,0.0009041,0.0013821,0.0010276,0.008935,0.0237807,0.0212379,0.030207,0.030641,
454,0.0,0.0001256,0.0009735,0.001315,0.0003074,0.0010612,0.0013586,0.000959,0.0021895,0.0055701,0.0078059,0.0226459,0.0317951,0.0190392,
455,0.0,0.0001248,0.0002147,0.0007498,0.0012039,0.0005815,0.0009114,0.0018891,0.0040351,0.0139382,0.0174751,0.025035,0.0203608,0.0311543,
456,1e-07,0.0001231,0.0008059,0.0007513,0.0003067,0.0008586,0.0014696,0.0003821,0.0035055,0.0136252,0.0212446,0.0331345,0.0293643,0.0289308,
457,1e-07,0.0013648,0.0013147,0.0007547,0.0003062,0.0012407,0.0005945,0.0014797,0.0077608,0.0242973,0.0263708,0.0394252,0.0291476,0.0307638,
458,1e-07,0.0001217,0.0002177,0.0002737,0.0003071,0.0006732,0.0009998,0.0039407,0.0161922,0.0135838,0.0319123,0.0303938,0.0489078,0.0313767,
459,1e-07,0.0010129,0.0010915,0.000758,0.0007881,0.0014628,0.0030777,0.0088947,0.0141388,0.0170537,0.0116479,0.011268,0.0456883,0.041521,
460,1e-07,0.0014456,0.00022,0.0012525,0.0011105,0.0005601,0.002495,0.0093999,0.0132523,0.0474451,0.0197726,0.0068898,0.0410032,0.0458848,
461,1e-07,0.0009432,0.0012521,0.0009632,0.0012082,0.0007916,0.0010213,0.0142113,0.0124911,0.0214457,0.0302769,0.0259802,0.0335567,0.0448672,
462,1e-07,0.0001186,0.0007972,0.000757,0.0012081,0.0015738,0.0010181,0.0074169,0.0179176,0.0334664,0.0156188,0.0238589,0.0271053,0.0173142,
463,1e-07,0.0001204,0.0002192,0.0002774,0.0003074,0.0006782,0.0009199,0.0047725,0.0091383,0.0173728,0.0308391,0.0324643,0.0499236,0.0326137,
464,1e-07,0.0001193,0.0002183,0.0002799,0.0003059,0.0006767,0.0005579,0.0042299,0.0055677,0.0343895,0.0317068,0.0436107,0.0654499,0.0397696,
465,1e-07,0.0001206,0.0002174,0.0002809,0.0011207,0.0006792,0.0009214,0.0015343,0.0117314,0.0214131,0.0188091,0.025988,0.0532787,0.0252937,
466,1e-07,0.0001206,0.0009761,0.0007445,0.0003046,0.0007823,0.0009219,0.0013755,0.0063296,0.0315644,0.0332396,0.0210127,0.0315981,0.0509636,
467,0.0,0.0001228,0.0009727,0.0002815,0.0003052,0.0006764,0.0005531,0.0010618,0.0041481,0.0108558,0.0041545,0.0176226,0.0334422,0.0399757,
468,0.0,0.0001245,0.0002145,0.0002818,0.001493,0.0005871,0.0005526,0.0007713,0.0017784,0.0051262,0.0255873,0.0156986,0.0157955,0.0462671,
469,0.0,0.000127,0.000213,0.000743,0.0013978,0.0010684,0.0009087,0.0007656,0.0011605,0.0074775,0.025312,0.0329868,0.0142772,0.0139585,
470,0.0,0.0001271,0.0008132,0.0013517,0.0007762,0.000768,0.0005497,0.0010691,0.0033001,0.0026486,0.012288,0.0273419,0.0152202,0.0432904,
471,1e-07,0.0012873,0.0002111,0.0002823,0.0003059,0.0008318,0.0009512,0.0003742,0.0023408,0.0049351,0.0142972,0.0006332,0.0358048,0.045468,
472,1e-07,0.0009898,0.0002093,0.0002797,0.0003055,0.0006755,0.0009641,0.0010582,0.0038158,0.0168516,0.0256115,0.0409297,0.0222096,0.0381416,
473,1e-07,0.000988,0.0008221,0.0002806,0.0003039,0.0010854,0.0005445,0.0013805,0.007366,0.0140927,0.0197895,0.0484643,0.0195297,0.0136495,
474,1e-07,0.0001338,0.0009403,0.0002793,0.001199,0.0007729,0.0012382,0.0026174,0.0095323,0.0113869,0.0304359,0.0928833,0.0298982,0.0343916,
475,1e-07,0.0010302,0.0002058,0.0007401,0.0003035,0.000664,0.0006336,0.0011533,0.0147009,0.0266301,0.0493335,0.0451722,0.0511336,0.057124,
476,1e-07,0.0009899,0.0002067,0.0002742,0.0017652,0.0006058,0.001849,0.001761,0.009385,0.0255495,0.0633624,0.0260122,0.0243577,0.0334207,
477,0.0,0.0009245,0.0012515,0.0002762,0.001201,0.0008301,0.0006254,0.0011674,0.0078522,0.0173766,0.0128772,0.0172914,0.0339847,0.0339557,
478,0.0,0.0009266,0.0002096,0.0009995,0.0013986,0.0008333,0.0005472,0.0013777,0.0036399,0.0058686,0.0149485,0.0044184,0.0235941,0.0278778,
479,0.0,0.0001267,0.000211,0.0002825,0.0014658,0.0008352,0.0005481,0.0011632,0.0032283,0.0040088,0.0172602,0.0439725,0.0327807,0.0170873,
480,0.0,0.0001248,0.0002127,0.0009613,0.0003037,0.0011199,0.0017249,0.0007598,0.0080726,0.0054109,0.029291,0.0382797,0.0551607,0.023297,
481,0.0,0.000122,0.0002147,0.0007349,0.0003038,0.0008439,0.0006019,0.0016753,0.0025573,0.0143034,0.0314658,0.0165842,0.0246404,0.0411629,
482,1e-07,0.00012,0.0002159,0.0002865,0.0003039,0.0016938,0.0005533,0.0003699,0.0057921,0.0204782,0.0240448,0.0475097,0.0427017,0.0527686,
483,1e-07,0.0001192,0.0002177,0.0007381,0.0003051,0.0007736,0.0009478,0.002366,0.0058345,0.0195593,0.0250675,0.045187,0.085665,0.0586843,
484,1e-07,0.0009086,0.0009711,0.0002916,0.0007815,0.001229,0.0014848,0.0012872,0.0093603,0.0305339,0.0119217,0.0211155,0.0412954,0.0908462,
485,0.0,0.0001184,0.0009677,0.000292,0.0003034,0.0014885,0.0012858,0.0043109,0.0072313,0.0289187,0.029703,0.0450019,0.077583,0.0823514,
486,1e-07,0.0001183,0.000216,0.0002925,0.0012531,0.0006785,0.0010003,0.0012486,0.0076506,0.0187915,0.0286938,0.0228598,0.0221437,0.0561504,
487,0.0,0.000121,0.000214,0.0002904,0.001254,0.0011197,0.0009262,0.0020904,0.0036529,0.0131406,0.0375663,0.0122244,0.0201007,0.043242,
488,1e-07,0.0001216,0.0010738,0.0002877,0.0003012,0.0006713,0.0006052,0.0011637,0.0063571,0.0066269,0.0144157,0.0158619,0.0305692,0.0369504,
489,1e-07,0.0001221,0.0002115,0.0002889,0.0015285,0.0012807,0.0006089,0.0013837,0.0207178,0.0062096,0.007381,0.0372417,0.0538227,0.0419889,
490,0.0,0.0001224,0.0009476,0.000292,0.000861,0.0020311,0.0013459,0.0016596,0.0175533,0.0077774,0.0459373,0.0310609,0.0124849,0.082099,
491,0.0,0.0001246,0.0013369,0.0002899,0.0013988,0.0006735,0.0009223,0.0013129,0.0108617,0.0197296,0.0311544,0.010324,0.0182365,0.0350315,
492,0.0,0.0001242,0.0002125,0.0015977,0.0003028,0.0011225,0.0009616,0.0010748,0.0066679,0.0133358,0.0146334,0.0161138,0.0114479,0.0159601,
493,0.0,0.0010994,0.0002126,0.0015952,0.0003045,0.0006019,0.0006138,0.0007551,0.0051233,0.0073684,0.0283579,0.0099242,0.0094411,0.0263032,
494,1e-07,0.0001275,0.0002116,0.0009693,0.0003037,0.0006839,0.0013575,0.0007501,0.002336,0.006479,0.0202565,0.0185162,0.0121983,0.0532649,
495,1e-07,0.0009232,0.001239,0.0010055,0.0003047,0.0006118,0.0009103,0.0007463,0.0048443,0.0124278,0.0337366,0.0214722,0.0471275,0.03335,
496,1e-07,0.0001293,0.0002097,0.0010084,0.0015294,0.0017262,0.0005435,0.0003677,0.0082346,0.0179829,0.0180021,0.0524643,0.0706001,0.0623448,
497,1e-07,0.0009217,0.0002081,0.0012103,0.0011968,0.0006154,0.0011978,0.0010686,0.0130403,0.0094325,0.0758246,0.0381471,0.0652599,0.0739338,
498,0.0,0.0001292,0.000208,0.0016042,0.0007776,0.0006719,0.0016549,0.0017755,0.0126237,0.0116959,0.022144,0.0430287,0.0184656,0.0402127,
499,0.0,0.0009065,0.0002072,0.0007304,0.0021872,0.0017648,0.0006284,0.0011529,0.0143706,0.0081622,0.053067,0.0224294,0.0429191,0.0607856,
500,0.0,0.0001292,0.0013387,0.0007333,0.000301,0.0006062,0.0006253,0.0019163,0.0147482,0.0147162,0.0380298,0.0193766,0.028941,0.0494566,
501,0.0,0.0001301,0.000206,0.0009648,0.0015289,0.0011996,0.0015282,0.0024459,0.0148142,0.0334863,0.0291563,0.0308115,0.0660137,0.0479289,
502,0.0,0.0001305,0.0008256,0.001012,0.0003,0.0008257,0.0009115,0.0034137,0.0114726,0.0307436,0.0118285,0.0314651,0.0478594,0.0259706,
503,0.0,0.0001278,0.0002067,0.0010076,0.0002995,0.0006009,0.000544,0.0016686,0.0084266,0.0326904,0.0263191,0.0344301,0.0428396,0.0458155,
504,1e-07,0.0001269,0.0002067,0.0007402,0.0007886,0.0005984,0.0006217,0.0020712,0.0114543,0.0272364,0.0348348,0.0430946,0.055586,0.0430486,
505,1e-07,0.0001275,0.0002069,0.0009562,0.0007894,0.0005952,0.0006207,0.0020683,0.0109614,0.0216928,0.0057364,0.0297081,0.0306978,0.063075,
506,1e-07,0.0001252,0.0002084,0.001626,0.0002994,0.0005899,0.0012131,0.0022899,0.0044812,0.0173119,0.0227884,0.0296177,0.036125,0.0207587,
507,1e-07,0.0001244,0.0010583,0.0019183,0.0002983,0.0005889,0.000614,0.000983,0.0015969,0.0068267,0.0317137,0.0354089,0.0233392,0.024282,
508,1e-07,0.0001224,0.00021,0.0018277,0.0007942,0.0016056,0.0009607,0.0011586,0.0058403,0.0121969,0.0228438,0.0316002,0.0210674,0.0352152,
509,1e-07,0.0001245,0.0008164,0.0002709,0.0007924,0.0008045,0.0006098,0.002376,0.0077944,0.0166927,0.0091503,0.0168559,0.0300358,0.0358354,
510,1e-07,0.0017594,0.0013203,0.0007537,0.0007925,0.0012154,0.0006153,0.0023773,0.0083225,0.0066796,0.0192996,0.0222514,0.0163359,0.0297451,
511,1e-07,0.0009043,0.0002089,0.0012212,0.0002992,0.0005833,0.0005481,0.0024235,0.008935,0.0074101,0.0159122,0.0111627,0.0241896,0.0305507,
512,1e-07,0.0001241,0.0002103,0.0009933,0.0003005,0.0006431,0.0010065,0.0017324,0.0116623,0.0098541,0.0227231,0.0164534,0.0186578,0.0447504,
513,1e-07,0.0014391,0.0002093,0.0012242,0.0003021,0.0005815,0.0009111,0.0033677,0.00333,0.0061611,0.0186657,0.0048789,0.0201207,0.0372515,
514,1e-07,0.0001272,0.0002085,0.000263,0.0012632,0.0006375,0.0009684,0.0022946,0.0102956,0.0145022,0.0135228,0.0126979,0.0315736,0.0223666,
515,1e-07,0.0010196,0.0002102,0.0010734,0.0007964,0.0008161,0.0017562,0.0044255,0.0055118,0.0166279,0.0153061,0.0189787,0.0203866,0.0327175,
516,1e-07,0.0001266,0.0002105,0.0019094,0.0017094,0.000576,0.0012839,0.0048019,0.0178475,0.0279815,0.0213776,0.0225243,0.0158615,0.0278292,
517,1e-07,0.001637,0.0009283,0.0012428,0.000303,0.0010773,0.0023115,0.0011909,0.0225344,0.0191026,0.0058847,0.0330847,0.0245856,0.0181961,
518,1e-07,0.0009,0.0002098,0.0010702,0.001124,0.0012263,0.0027985,0.0013534,0.0079563,0.0120417,0.0530705,0.0395501,0.038898,0.0451309,
519,1e-07,0.0001266,0.0011936,0.0010743,0.001743,0.0008192,0.0062601,0.0112674,0.0094912,0.025459,0.0503682,0.0347088,0.0397744,0.0498219,
520,1e-07,0.0001294,0.0009293,0.0007738,0.0011111,0.0016084,0.0009832,0.0127543,0.0148941,0.0415766,0.0570352,0.0508561,0.0253123,0.0514301,
521,1e-07,0.0016241,0.001218,0.000936,0.0019501,0.0012259,0.0029637,0.0149956,0.0254826,0.1036832,0.0989535,0.0754053,0.0545351,0.0853944,
522,1e-07,0.0008971,0.0002078,0.0002539,0.0019724,0.0035533,0.0029481,0.0090987,0.0188104,0.017199,0.0186611,0.0280916,0.0667157,0.0381317,
523,1e-07,0.00013,0.001187,0.0007698,0.000848,0.0012308,0.0021416,0.0053336,0.0166966,0.0182245,0.043235,0.0336698,0.0417657,0.0330961,
524,1e-07,0.0009965,0.0009211,0.0010565,0.0011055,0.0022605,0.0006266,0.0023384,0.0054418,0.0155647,0.0392204,0.045863,0.0405221,0.0722333,
525,1e-07,0.0013534,0.0002056,0.0002578,0.0002997,0.000588,0.001578,0.0023981,0.0064158,0.0202459,0.0281327,0.0240486,0.0407526,0.045771,
526,1e-07,0.0001283,0.0002066,0.0010053,0.0019741,0.0014156,0.0009601,0.0030291,0.0050216,0.022186,0.0315893,0.0231222,0.036229,0.044371,
527,2e-07,0.0001271,0.0009225,0.0002617,0.0023814,0.0012235,0.0009544,0.0054657,0.0095203,0.0125443,0.0398504,0.0335902,0.0508605,0.0362094,
528,2e-07,0.0001243,0.0002069,0.0010623,0.0008457,0.0012222,0.0009543,0.0038514,0.0135405,0.0159826,0.0685843,0.0466586,0.0368651,0.0227932,
529,2e-07,0.0001243,0.0002057,0.001512,0.0014688,0.0008321,0.0012075,0.0097093,0.0053571,0.0207274,0.0609609,0.0489368,0.0550024,0.0315128,
530,2e-07,0.0001224,0.0002061,0.0010621,0.0009861,0.0005888,0.0012106,0.0010004,0.0281805,0.0418987,0.0458035,0.0550274,0.0433293,0.0498943,
531,2e-07,0.0001223,0.0002064,0.0010643,0.0013257,0.0017481,0.0009886,0.0021644,0.0070322,0.0587269,0.0336885,0.0370272,0.0613074,0.0972293,
532,2e-07,0.0001197,0.000928,0.0014084,0.0014696,0.0012343,0.0012469,0.0020389,0.0095657,0.0464552,0.0229022,0.0210273,0.0441404,0.0716068,
533,2e-07,0.0001194,0.0002079,0.0010716,0.0012691,0.0006301,0.0012466,0.0047356,0.0211909,0.0291834,0.0249726,0.0577158,0.032802,0.0805294,
534,2e-07,0.0001195,0.0002067,0.0010687,0.0014709,0.0012272,0.0018659,0.0052214,0.0199992,0.0360763,0.0243925,0.0472399,0.0576002,0.0737969,
535,2e-07,0.0001222,0.000825,0.000277,0.0018083,0.0005945,0.0018635,0.0039067,0.0113903,0.0360475,0.0294832,0.0386594,0.0370841,0.045942,
536,2e-07,0.0009094,0.0002061,0.0002753,0.0011284,0.0012464,0.00099,0.0012936,0.008624,0.0130393,0.02924,0.0205397,0.0271077,0.0701013,
537,1e-07,0.0001226,0.000206,0.0010661,0.0002935,0.0010943,0.0018666,0.0013575,0.0199616,0.0282693,0.0149224,0.0174792,0.0330817,0.0651223,
538,1e-07,0.0001247,0.0002044,0.0010608,0.0012741,0.0025153,0.0028533,0.0014909,0.0225475,0.0252395,0.0112625,0.0266679,0.0318643,0.0790156,
539,1e-07,0.000983,0.0002042,0.0012654,0.001128,0.0006305,0.0009914,0.0012257,0.0153021,0.0235167,0.0493203,0.0322805,0.0471773,0.0539334,
540,1e-07,0.0009265,0.0002052,0.0010631,0.0008527,0.0010945,0.0009923,0.004071,0.0130905,0.0336183,0.0404935,0.0650994,0.0484171,0.0377317,
541,1e-07,0.0001262,0.0002044,0.0010613,0.0008539,0.0010981,0.0020321,0.0056079,0.0145878,0.0542326,0.0475356,0.0421942,0.0981177,0.0974009,
542,1e-07,0.0001289,0.0002031,0.000962,0.0011274,0.0006337,0.0009916,0.0047715,0.0184295,0.0273263,0.0433158,0.0151556,0.0379755,0.0802686,
543,1e-07,0.0001298,0.0009272,0.000959,0.0011262,0.0012214,0.0018649,0.0031494,0.0210346,0.0201422,0.0254042,0.0309721,0.0385139,0.0819613,
544,1e-07,0.0001285,0.0002046,0.0010609,0.00079,0.0006022,0.0009957,0.0041672,0.0235608,0.024301,0.0113356,0.0474432,0.0334204,0.0641868,
545,1e-07,0.0009267,0.0002059,0.0010652,0.001126,0.0012164,0.0018727,0.0057962,0.0071169,0.0279873,0.0115709,0.0371389,0.0285863,0.0335958,
546,1e-07,0.0001238,0.0002075,0.0010047,0.0010933,0.0006429,0.0006156,0.0047719,0.0111083,0.018513,0.0214939,0.0323487,0.049763,0.0622572,
547,1e-07,0.0001217,0.0002076,0.0007375,0.0002951,0.0008072,0.0018934,0.0023262,0.0156525,0.011644,0.043771,0.0470195,0.0571651,0.045715,
548,2e-07,0.0001197,0.0002089,0.0013587,0.001204,0.0006392,0.0009902,0.0008288,0.0134938,0.0091834,0.0209042,0.0618472,0.0714812,0.0399187,
549,2e-07,0.0009119,0.0002102,0.0002822,0.0002942,0.0012203,0.0006018,0.0008287,0.0176398,0.0186714,0.0293629,0.0240628,0.0745977,0.0401528,
550,2e-07,0.000115,0.0002115,0.0012691,0.0008007,0.0012501,0.0005501,0.0014266,0.0104381,0.0123374,0.0479884,0.031521,0.0336719,0.0806821,
551,2e-07,0.000115,0.0002126,0.00099,0.0020033,0.0015786,0.0013136,0.0025995,0.0106483,0.016273,0.0035948,0.0496686,0.0704962,0.1085387,
552,2e-07,0.000118,0.0002112,0.0009928,0.0013232,0.0010766,0.0005996,0.0021037,0.0085209,0.024182,0.0168398,0.0276471,0.0450553,0.0421259,
553,2e-07,0.0001184,0.0010525,0.0009931,0.0008486,0.0008596,0.0005996,0.0013254,0.0166433,0.0342324,0.0209027,0.0426724,0.0376812,0.03801,
554,2e-07,0.0001158,0.000213,0.0011154,0.0007999,0.0005735,0.0005929,0.0011746,0.0139992,0.0142002,0.0106802,0.0525583,0.0470131,0.0642909,
555,2e-07,0.0001171,0.0002133,0.0018217,0.0002979,0.0008121,0.0013181,0.0021161,0.0094116,0.0079402,0.0163046,0.0382771,0.0282101,0.0520183,
556,2e-07,0.0001191,0.0009364,0.0011167,0.0009824,0.0012185,0.0005975,0.004097,0.0225942,0.0086589,0.0222143,0.0491131,0.0305873,0.0657061,
557,2e-07,0.0001169,0.0002139,0.0002723,0.0021368,0.0012208,0.0009339,0.0054274,0.024711,0.0283263,0.0558603,0.0600405,0.0499163,0.0885267,
558,2e-07,0.0001179,0.0002148,0.0007586,0.0008472,0.0012178,0.0025034,0.0066988,0.0293293,0.0901964,0.0966951,0.0707117,0.0432552,0.0743318,
559,2e-07,0.0013404,0.0002129,0.0009861,0.0002999,0.0015794,0.0019643,0.0066662,0.0129428,0.0399188,0.0374706,0.0622356,0.0523077,0.0574506,
560,2e-07,0.0001193,0.0002128,0.0007598,0.0008013,0.0012258,0.0013227,0.0146458,0.0431733,0.0610072,0.0580505,0.0284951,0.0308271,0.0876239,
561,2e-07,0.000118,0.0013021,0.0010852,0.0002991,0.0018471,0.0005915,0.026635,0.0600815,0.0875066,0.0869163,0.0261263,0.0318605,0.1064568,
562,2e-07,0.0001207,0.0013021,0.0007666,0.0016137,0.0012601,0.0005544,0.0167972,0.0252862,0.0530751,0.0681663,0.060486,0.0383876,0.0439674,
563,2e-07,0.0001224,0.0011952,0.0002613,0.0014598,0.0010714,0.0019014,0.0112911,0.0151663,0.0177221,0.0481399,0.0327676,0.0822495,0.0440033,
564,2e-07,0.0001206,0.0010038,0.0016264,0.0011266,0.0010738,0.0009756,0.0052264,0.0251931,0.0393968,0.0523115,0.0640756,0.1258382,0.0834989,
565,2e-07,0.000122,0.0002106,0.0009439,0.0002979,0.000574,0.0009698,0.0051775,0.0193141,0.0301566,0.0353613,0.0514698,0.0700282,0.0781729,
566,2e-07,0.0012968,0.0008163,0.0010745,0.0002964,0.0012489,0.000998,0.0043249,0.00648,0.0152737,0.0383221,0.0319445,0.0580102,0.0702926,
567,2e-07,0.0001201,0.0013462,0.0010756,0.0008469,0.0012544,0.0009964,0.002375,0.0055464,0.0290828,0.040789,0.0359224,0.0353498,0.066384,
568,2e-07,0.0009083,0.0010485,0.0010719,0.0011284,0.0008565,0.000994,0.0011782,0.0162504,0.001103,0.0714197,0.0721301,0.0478439,0.0525533,
569,2e-07,0.0001226,0.0009959,0.000267,0.000296,0.0008568,0.0009582,0.0020613,0.0114568,0.0152033,0.0450006,0.0455593,0.0355444,0.052416,
570,2e-07,0.0001238,0.0012713,0.0011134,0.0009821,0.0008553,0.0009613,0.002037,0.0113012,0.0102516,0.0196069,0.0258123,0.0368969,0.0655063,
571,2e-07,0.0009308,0.0002075,0.0002698,0.0011272,0.0006294,0.0009563,0.0012098,0.0030798,0.0087243,0.0295331,0.0460283,0.0461554,0.0402922,
572,2e-07,0.000125,0.0002065,0.0014022,0.0007998,0.0013535,0.0009952,0.002437,0.0023715,0.0177766,0.0300535,0.0755925,0.0374809,0.0490408,
573,1e-07,0.0001269,0.0012221,0.0010618,0.0012637,0.00085,0.0009998,0.0017116,0.0029504,0.0243021,0.02243,0.0510741,0.0589423,0.0489024,
574,1e-07,0.000928,0.0002059,0.0002666,0.0012306,0.0008463,0.0019022,0.0010017,0.0036866,0.0145891,0.0185232,0.046034,0.0544243,0.0480821,
575,1e-07,0.0010278,0.0009244,0.0013128,0.0012675,0.0006279,0.000997,0.0031792,0.0028691,0.0192296,0.0310583,0.0438815,0.0573042,0.0621559,
576,1e-07,0.0001296,0.0009226,0.0002642,0.0008496,0.0008204,0.0015685,0.000716,0.0133527,0.0063504,0.0286884,0.0441623,0.050051,0.0669038,
577,1e-07,0.0009249,0.0002041,0.0010555,0.0015574,0.0006291,0.0010033,0.0014301,0.0033186,0.0133882,0.039506,0.0565355,0.0658129,0.0550107,
578,1e-07,0.0001313,0.0002034,0.0010546,0.0008521,0.0020225,0.0018977,0.0051542,0.0053499,0.0291503,0.0363346,0.0728271,0.0888759,0.0835344,
579,1e-07,0.0001314,0.0009209,0.0013946,0.0014762,0.0013469,0.001994,0.0043289,0.0190295,0.0369088,0.0232569,0.100316,0.070612,0.0440281,
580,1e-07,0.0001338,0.0009195,0.0002622,0.0011262,0.0008187,0.0010015,0.0071365,0.0283323,0.0244693,0.0373858,0.0459228,0.0255937,0.0384578,
581,1e-07,0.000922,0.0002023,0.0013902,0.001125,0.0010996,0.0006379,0.0039847,0.0270448,0.0504714,0.0954641,0.1494859,0.1152269,0.0998592,
582,1e-07,0.000135,0.0002033,0.0009472,0.0014798,0.000597,0.001192,0.0042243,0.036401,0.0124035,0.074575,0.0465311,0.0844291,0.0592242,
583,1e-07,0.0001379,0.0008334,0.0010183,0.0008529,0.0008126,0.0010109,0.0009883,0.0303241,0.011232,0.0641007,0.04891,0.0793567,0.0491097,
584,0.0,0.000139,0.0002025,0.0002544,0.0003036,0.0020382,0.0015551,0.0088384,0.0263567,0.0448756,0.1255792,0.1244145,0.0852895,0.0564691,
585,1e-07,0.0001376,0.0002035,0.001387,0.0012636,0.0013497,0.0025578,0.005553,0.0131152,0.0333031,0.052779,0.0670165,0.0662064,0.062091,
586,1e-07,0.0008956,0.0009237,0.0010554,0.002828,0.0015132,0.0010176,0.009594,0.0129587,0.0228986,0.0468112,0.0624678,0.0296119,0.1036644,
587,1e-07,0.0001333,0.0013659,0.001061,0.0008518,0.0011123,0.0024203,0.0083965,0.0216585,0.023165,0.0272158,0.0641898,0.0419421,0.0452903,
588,1e-07,0.0001329,0.0009277,0.00077,0.0014572,0.0017585,0.0033684,0.0111035,0.0131077,0.0176371,0.0120753,0.0479055,0.0553047,0.0243111,
589,0.0,0.0001358,0.0012707,0.0002535,0.001121,0.0008072,0.0042395,0.0098024,0.013499,0.0543892,0.0310011,0.0643582,0.0316917,0.0340757,
590,0.0,0.0001355,0.000986,0.0010592,0.0021205,0.0012595,0.001019,0.0085426,0.0179432,0.0345294,0.0253608,0.0403978,0.0695497,0.0190519,
591,0.0,0.0001367,0.000828,0.0015124,0.0013635,0.0012555,0.0014797,0.0032692,0.0175939,0.018837,0.0210515,0.0221842,0.0395464,0.0541133,
592,0.0,0.0001349,0.0002045,0.0013951,0.0012678,0.0006413,0.001012,0.0021431,0.0197984,0.0120994,0.0123753,0.0248946,0.0361355,0.0594749,
593,1e-07,0.0001319,0.0002058,0.0002634,0.0011234,0.0005925,0.0009618,0.0037463,0.012111,0.0126527,0.0391028,0.0344387,0.0559029,0.0524758,
594,1e-07,0.0001305,0.0011037,0.0015822,0.0007887,0.0005902,0.000952,0.0047769,0.0086152,0.0163707,0.0243444,0.0153523,0.0325906,0.0555185,
595,1e-07,0.0001278,0.0002083,0.001182,0.0012049,0.0006498,0.0013607,0.0021064,0.0071228,0.0118136,0.0168141,0.0183429,0.0112654,0.0531347,
596,1e-07,0.0001277,0.0009368,0.0012195,0.0003033,0.000797,0.0013325,0.001811,0.0089279,0.0286173,0.0296192,0.0299337,0.0081769,0.0619704,
597,1e-07,0.0001262,0.0002107,0.0009468,0.000303,0.0008009,0.0013575,0.0028559,0.0104844,0.0371272,0.020799,0.0281234,0.0245339,0.0386117,
598,1e-07,0.0001232,0.0002118,0.0007536,0.0003018,0.0006522,0.0006038,0.0020548,0.0106424,0.0189495,0.0286982,0.0217962,0.0502304,0.0215939,
599,1e-07,0.0013986,0.0008113,0.0002712,0.000301,0.0015997,0.0005997,0.0045597,0.0157705,0.0258131,0.0354,0.0230898,0.054423,0.054181,
600,1e-07,0.0009976,0.0002142,0.0002717,0.0012072,0.0008656,0.0005954,0.0051333,0.0107307,0.0209327,0.0393251,0.0472372,0.0665088,0.0423337,
601,1e-07,0.0001237,0.0009404,0.000984,0.0011059,0.0011113,0.0010132,0.0053018,0.0097267,0.0177288,0.0146702,0.0331152,0.0549013,0.0306916,
602,1e-07,0.0001237,0.000213,0.0002659,0.00164,0.0012697,0.001013,0.0059128,0.0144277,0.0239441,0.0449856,0.0380236,0.0545233,0.0279907,
603,1e-07,0.0001212,0.0002148,0.0007618,0.0008498,0.000871,0.00128,0.0064553,0.0114092,0.0268905,0.0667878,0.0561722,0.068907,0.0318621,
604,1e-07,0.0001225,0.0002154,0.001182,0.0012088,0.0013601,0.0015803,0.0100952,0.0186755,0.055827,0.0526823,0.0513463,0.0693842,0.0458444,
605,1e-07,0.0001252,0.0012649,0.0014661,0.0017111,0.0012322,0.0049368,0.0129268,0.025374,0.0551343,0.0803184,0.0794379,0.07837,0.0764304,
606,1e-07,0.0001237,0.0002149,0.000769,0.0012466,0.0013995,0.0015048,0.0049311,0.0212555,0.0380954,0.0504401,0.0676254,0.0880443,0.0720415,
607,1e-07,0.0013743,0.0010994,0.002154,0.0029239,0.0025354,0.0021704,0.0028561,0.026447,0.0153553,0.0321367,0.0612011,0.072357,0.067197,
608,1e-07,0.0001249,0.0009404,0.0020881,0.0024259,0.0025704,0.0017213,0.0095071,0.014798,0.0324548,0.0811719,0.0588408,0.1291152,0.1368053,
609,1e-07,0.0010045,0.0009963,0.0013236,0.001946,0.002571,0.004193,0.0084452,0.0021337,0.0426182,0.0762542,0.0413375,0.0537134,0.0396193,
610,1e-07,0.0001234,0.0002186,0.0015479,0.0025551,0.0034855,0.00455,0.0100542,0.0182743,0.019338,0.0157969,0.02394,0.0559335,0.0342312,
611,1e-07,0.0017598,0.0002194,0.0002684,0.0020204,0.0027433,0.0013417,0.0128357,0.033533,0.0343053,0.0507187,0.0138321,0.0223428,0.0295934,
612,1e-07,0.0021144,0.0002212,0.0002701,0.0011187,0.003069,0.0018789,0.0115728,0.0192896,0.0302507,0.0566867,0.03002,0.0155728,0.0305903,
