#Time_fs,0,50,100,150,200,250,300,500,750,1000,1250,1500,1750,2000,
1,0.0,0.0001809,0.000882,0.0005309,0.0005724,0.0005454,0.0012549,0.0007108,0.014684,0.0147481,0.0584045,0.0692276,0.0580075,0.0550736,
2,0.0,0.0014109,0.001058,0.001168,0.0015449,0.000543,0.0013829,0.0026952,0.0203621,0.0187589,0.0330852,0.0653552,0.0741395,0.0524471,
3,0.0,0.0001837,0.0004269,0.0008907,0.0009545,0.0005388,0.0018659,0.0015484,0.0158093,0.0255558,0.0343336,0.0671829,0.0627211,0.0604011,
4,0.0,0.0009248,0.0014681,0.0011728,0.0019385,0.0009682,0.000954,0.0049614,0.0102111,0.0239806,0.0329374,0.051561,0.0420725,0.0494601,
5,0.0,0.0009023,0.0008774,0.0020025,0.0011862,0.0006874,0.0015748,0.0041255,0.0135512,0.0144635,0.0284784,0.0485763,0.0359644,0.069066,
6,0.0,0.0001842,0.0008171,0.0005323,0.0007527,0.0006852,0.00126,0.0020729,0.0115766,0.0171382,0.0314519,0.0403089,0.0360858,0.0572945,
7,0.0,0.0001849,0.0008022,0.0006851,0.0007553,0.0011513,0.0013859,0.0018591,0.0143136,0.004728,0.0166252,0.0320217,0.0379965,0.0587168,
8,0.0,0.0001855,0.0004285,0.0008897,0.0005794,0.0009182,0.0012657,0.0022583,0.0068658,0.0062364,0.0327887,0.0098816,0.0307973,0.0314066,
9,0.0,0.0001835,0.0004293,0.001378,0.0008953,0.0014446,0.0016884,0.0008985,0.0053345,0.0052932,0.0217447,0.0453643,0.0530736,0.0565229,
10,0.0,0.000894,0.0008163,0.0008892,0.0007425,0.0009179,0.0009264,0.0015157,0.007995,0.0113968,0.0170265,0.0521433,0.0207647,0.011944,
11,0.0,0.0001827,0.0004304,0.0013096,0.0007688,0.0015284,0.0019104,0.0011513,0.0071779,0.0154096,0.0253658,0.0575478,0.0205627,0.0253905,
12,0.0,0.000185,0.00043,0.0007764,0.0014638,0.0008798,0.0009191,0.0021219,0.0127618,0.0235694,0.0445516,0.0460881,0.0182807,0.0475432,
13,0.0,0.000902,0.001103,0.0020227,0.0007358,0.0011613,0.0023312,0.0058976,0.0083206,0.0325968,0.0262585,0.0462521,0.0297256,0.0604667,
14,0.0,0.0009054,0.0008161,0.0007749,0.0008964,0.0018487,0.0022821,0.0048742,0.0095542,0.0330484,0.0320315,0.0441202,0.0182371,0.0472264,
15,0.0,0.0001835,0.0004313,0.0012987,0.0010957,0.0006785,0.0011423,0.0081201,0.008211,0.0353569,0.0325042,0.052764,0.0901513,0.0528738,
16,0.0,0.0001859,0.0004309,0.001218,0.0008914,0.0011657,0.001452,0.0096811,0.0326805,0.0232403,0.0321642,0.0332752,0.0415827,0.0454557,
17,0.0,0.0001856,0.0004311,0.0012974,0.0007809,0.0019057,0.0014434,0.0098831,0.0313312,0.0255782,0.0124015,0.0304895,0.0301427,0.024709,
18,0.0,0.0001854,0.0008112,0.0012562,0.0016471,0.0019071,0.0018147,0.0127108,0.0192538,0.0258337,0.0140351,0.0180186,0.0181798,0.0307224,
19,0.0,0.0012563,0.0008637,0.0021572,0.000957,0.0036216,0.0071304,0.0164143,0.0234633,0.0213519,0.0270054,0.0496048,0.0178409,0.072117,
20,0.0,0.0014191,0.0004321,0.0031169,0.0069642,0.011722,0.0069487,0.0099688,0.0183489,0.0432362,0.0375058,0.0288902,0.0363421,0.0693239,
21,0.0,0.0016592,0.0008619,0.0071041,0.0089381,0.007312,0.0079446,0.0210427,0.0386412,0.0498158,0.0194415,0.0234306,0.0352586,0.0600729,
22,0.0,0.0001898,0.0012788,0.0042579,0.0084599,0.0153304,0.0198687,0.0277918,0.0511419,0.044245,0.0293559,0.0114667,0.0247208,0.0760766,
23,0.0,0.0029142,0.0066865,0.0089509,0.0202486,0.0279042,0.0413229,0.021427,0.0694709,0.0808198,0.0439021,0.0697048,0.1305942,0.0799222,
24,0.0,0.0012943,0.0063362,0.0116303,0.0178613,0.0234453,0.0282001,0.0273432,0.05735,0.0641899,0.0384015,0.0426086,0.084446,0.0867771,
25,0.0,0.0023808,0.0035611,0.0059753,0.0052,0.0095033,0.0114065,0.0345181,0.0196014,0.0217764,0.0414141,0.0297611,0.0541354,0.0538879,
26,0.0,0.0054293,0.0153962,0.0196957,0.0223922,0.0328822,0.031038,0.0274404,0.0300156,0.0575174,0.0476726,0.0551906,0.0763176,0.1026743,
27,0.0,0.001548,0.0031116,0.005017,0.0090643,0.0145985,0.0189372,0.0169839,0.0328477,0.0442517,0.0378706,0.0478774,0.0632441,0.0924134,
28,0.0,0.0001872,0.0019009,0.0024982,0.0033271,0.0066117,0.0057738,0.006749,0.0234011,0.0248113,0.0232604,0.0311309,0.02063,0.0325302,
29,0.0,0.0015726,0.00131,0.0023978,0.0017023,0.0032918,0.0042476,0.0056138,0.0169704,0.0240268,0.0266903,0.0302643,0.0389067,0.0286547,
30,0.0,0.0001889,0.0004305,0.0010871,0.0017287,0.0005073,0.0012733,0.0067965,0.0110225,0.0128382,0.0239229,0.0230802,0.0385972,0.0221824,
31,0.0,0.0001884,0.0016513,0.0006999,0.0007822,0.0009188,0.0011196,0.0042635,0.0159503,0.023113,0.0189496,0.005507,0.0253807,0.0401381,
32,0.0,0.0001898,0.0008218,0.0008885,0.0007775,0.000878,0.0012387,0.0057402,0.0122423,0.0242906,0.0190606,0.0493505,0.0497053,0.0648047,
33,0.0,0.0009305,0.0014985,0.0017327,0.0009782,0.0018149,0.0011249,0.0014153,0.0089516,0.0209404,0.0367123,0.0172685,0.0594839,0.0465317,
34,0.0,0.0001904,0.0008561,0.002302,0.000978,0.0010316,0.0022201,0.0024094,0.0051329,0.0229984,0.0231477,0.0257877,0.0613524,0.041126,
35,0.0,0.0009014,0.0004308,0.0013011,0.0018836,0.0009197,0.0011235,0.0003681,0.0073188,0.0282169,0.0190149,0.0281871,0.0387088,0.0524511,
36,0.0,0.0001906,0.00161,0.0010846,0.0018797,0.0014256,0.0013976,0.004057,0.0092503,0.0245057,0.0217125,0.0317455,0.0514654,0.0291904,
37,0.0,0.000192,0.0010996,0.0007529,0.0014679,0.001528,0.0020823,0.0034271,0.0048004,0.0272704,0.0281728,0.0596204,0.0337192,0.0324946,
38,0.0,0.0001915,0.0004304,0.0008836,0.0017323,0.0028333,0.0028908,0.0087573,0.0111789,0.0172814,0.0134231,0.0459817,0.046836,0.0394553,
39,0.0,0.0001929,0.0008199,0.0024626,0.0034368,0.0058467,0.0127907,0.0135016,0.0092489,0.032774,0.0232572,0.0528438,0.0369286,0.0354554,
40,0.0,0.0001949,0.0011003,0.0028819,0.0059253,0.0076324,0.0097883,0.0179032,0.0303354,0.0138629,0.0139264,0.0390765,0.028038,0.0274527,
41,0.0,0.0022764,0.0035525,0.0071049,0.0110211,0.0125492,0.0129675,0.012671,0.0392721,0.0294607,0.0212788,0.0513689,0.0341672,0.0272912,
42,0.0,0.0011109,0.0020439,0.0047199,0.0030226,0.0065061,0.0098331,0.0157964,0.0422613,0.0392054,0.0384838,0.0085484,0.0580566,0.0616082,
43,0.0,0.0008684,0.0008614,0.0007173,0.0024416,0.0088298,0.0121186,0.013648,0.0478631,0.0601677,0.0257865,0.0538707,0.0450242,0.0389969,
44,0.0,0.0011516,0.0016064,0.0029496,0.0134451,0.0206992,0.0234352,0.0182551,0.0431536,0.0579394,0.0551998,0.0570151,0.0657171,0.0551591,
45,0.0,0.0008651,0.0036154,0.0161785,0.0228907,0.0245519,0.0177332,0.0202305,0.0330723,0.0130528,0.0684186,0.0732397,0.1213588,0.1198295,
46,0.0,0.0045633,0.0072583,0.0121518,0.0142948,0.0188761,0.0199665,0.0333875,0.0554645,0.0593394,0.0728631,0.1205301,0.1616938,0.1657709,
47,0.0,0.0009262,0.003948,0.0125088,0.0228836,0.0276036,0.0195604,0.0174387,0.0108819,0.0522596,0.0471935,0.1130161,0.1579627,0.1565675,
48,0.0,0.0008609,0.0021369,0.0030995,0.0080331,0.0130592,0.0315284,0.0101006,0.0406231,0.0457684,0.047861,0.0603296,0.0930785,0.0832588,
49,0.0,0.0001956,0.0015062,0.0049859,0.0060634,0.0068649,0.0119806,0.0360773,0.043994,0.0538355,0.0641526,0.0692893,0.0518447,0.0786126,
50,0.0,0.0001974,0.0008171,0.0012559,0.0070975,0.0071158,0.0097196,0.0315122,0.0412104,0.0523782,0.0565594,0.0849748,0.0707094,0.1198588,
51,0.0,0.0001995,0.0015107,0.0016604,0.0019073,0.0031302,0.0053746,0.0192471,0.0539058,0.0669947,0.0407987,0.0695807,0.0583281,0.1110369,
52,1e-07,0.0002015,0.0011115,0.0015106,0.000568,0.0023765,0.0030359,0.0208963,0.0391485,0.0446323,0.0188379,0.0620698,0.0741964,0.058392,
53,1e-07,0.0014412,0.0008624,0.0007308,0.0009524,0.0015458,0.0030953,0.0064251,0.0249472,0.0349713,0.0127307,0.0407326,0.0788705,0.0564974,
54,1e-07,0.0011149,0.0008613,0.0008772,0.0010482,0.0021574,0.0023887,0.0073109,0.0124994,0.0174788,0.0231085,0.0207956,0.036848,0.0307089,
55,0.0,0.0002004,0.0004302,0.0014318,0.002929,0.0009992,0.0025206,0.0170149,0.0336984,0.0298103,0.0500839,0.020706,0.0321985,0.0753395,
56,1e-07,0.000201,0.0008579,0.0012051,0.000578,0.000699,0.00157,0.0117167,0.0352161,0.0359125,0.0412465,0.0237147,0.0130812,0.0835365,
57,1e-07,0.0001983,0.0004313,0.0014328,0.0011844,0.0018014,0.0014263,0.0094168,0.0038501,0.0415062,0.0323462,0.010949,0.0314771,0.0511358,
58,1e-07,0.0015402,0.0010702,0.0011994,0.0010446,0.0015472,0.0017722,0.0103914,0.0369342,0.0370273,0.0382912,0.0208603,0.0418654,0.0425725,
59,1e-07,0.0012552,0.0004314,0.0019191,0.0010417,0.0017604,0.0011227,0.0088683,0.0323484,0.0271529,0.0543923,0.0442971,0.0315613,0.0522206,
60,0.0,0.0014181,0.0018105,0.0005391,0.000704,0.0016519,0.0016014,0.0090385,0.0094696,0.0246739,0.0285428,0.0465676,0.0639233,0.0475628,
61,0.0,0.0001953,0.0011033,0.0011981,0.0034174,0.0026264,0.0047862,0.0148362,0.017558,0.0114899,0.0290576,0.0648178,0.0448845,0.0576739,
62,0.0,0.0008692,0.0010979,0.0010921,0.0028336,0.0014141,0.0028104,0.0124756,0.0225368,0.0362262,0.0440961,0.0482349,0.0383528,0.0532258,
63,0.0,0.0014024,0.0008541,0.0012053,0.0010422,0.0010386,0.0012816,0.0100196,0.0184204,0.0241821,0.0197975,0.0270387,0.0648118,0.0797548,
64,0.0,0.0001908,0.0018088,0.0007458,0.0010385,0.0010045,0.0011286,0.0164956,0.0241389,0.0485244,0.0204806,0.0392048,0.1064619,0.1337611,
65,0.0,0.0001908,0.0008562,0.0012126,0.0023123,0.0035869,0.0055914,0.0165972,0.0112251,0.037148,0.031119,0.0420868,0.0679838,0.1159715,
66,0.0,0.0012508,0.0010693,0.0007486,0.001043,0.0025459,0.0060187,0.0091766,0.005029,0.0217702,0.0289336,0.0418033,0.0469873,0.0535198,
67,0.0,0.0001873,0.0017786,0.0007046,0.0037863,0.0068275,0.0071384,0.0151584,0.028365,0.0160975,0.0456106,0.0579574,0.0517813,0.0543696,
68,0.0,0.0001866,0.0008138,0.0007586,0.0007129,0.0036882,0.0038716,0.0110058,0.0410757,0.0137266,0.0554262,0.0245316,0.0386369,0.0662297,
69,0.0,0.0001842,0.0011032,0.0006959,0.0052147,0.0044224,0.0069348,0.0319937,0.0104116,0.0908524,0.0192131,0.0259742,0.0334025,0.0351592,
70,0.0,0.000183,0.0008619,0.0008868,0.0029283,0.0046554,0.0023704,0.0286429,0.0131589,0.0718149,0.0572411,0.0745268,0.0861169,0.1023732,
71,0.0,0.0009201,0.0017999,0.0031651,0.0064546,0.01021,0.0140053,0.0198248,0.0156937,0.0858804,0.0310128,0.1161083,0.1192044,0.1329951,
72,0.0,0.0001793,0.001312,0.0013692,0.0008997,0.0028834,0.0023823,0.0156733,0.0036313,0.0415029,0.078717,0.0341956,0.0651243,0.0546389,
73,0.0,0.0011109,0.0011006,0.0017259,0.0005832,0.0023938,0.0036445,0.0103709,0.0088291,0.0110477,0.0730388,0.0532305,0.0563429,0.0505648,
74,0.0,0.0012851,0.0008144,0.0010911,0.000584,0.0010246,0.0029896,0.0117689,0.0100091,0.0060069,0.0178503,0.0618853,0.0568618,0.0647071,
75,0.0,0.0001858,0.0014788,0.0008864,0.0015747,0.001606,0.0008797,0.0105402,0.0242104,0.0065698,0.0289212,0.0590197,0.0428388,0.078904,
76,0.0,0.0016567,0.0008182,0.0016455,0.0008005,0.0009199,0.002125,0.0036187,0.0165679,0.0050117,0.0263662,0.0326024,0.0644575,0.0637298,
77,0.0,0.0001901,0.0014999,0.0005342,0.0005881,0.0010343,0.0009353,0.0047979,0.0107861,0.0139983,0.0215014,0.0241479,0.02214,0.0816069,
78,0.0,0.0012633,0.0014961,0.0007486,0.0007019,0.0006862,0.0018526,0.0032869,0.0090128,0.0233001,0.0125831,0.0363216,0.0249984,0.0465796,
79,0.0,0.0011444,0.0014845,0.0017818,0.0014782,0.0006892,0.0016098,0.0038472,0.0124281,0.0277827,0.0164391,0.0135222,0.0583479,0.0252257,
80,0.0,0.0001948,0.0010981,0.0010858,0.001489,0.000691,0.0017688,0.003423,0.0124765,0.0347216,0.033771,0.0416002,0.0537761,0.0619105,
81,0.0,0.0001971,0.0004304,0.0005359,0.0005883,0.0004911,0.0008428,0.0068278,0.0117836,0.0184947,0.0415204,0.0443872,0.0615362,0.062588,
82,0.0,0.0008684,0.0014868,0.00171,0.0014362,0.0026017,0.0022258,0.007834,0.030716,0.0209974,0.0152858,0.0319786,0.0532368,0.0390811,
83,0.0,0.000199,0.0004291,0.0017084,0.0007237,0.0006979,0.0013744,0.0046109,0.0115688,0.0155875,0.0307578,0.0379753,0.0317315,0.0247599,
84,0.0,0.0001997,0.0008614,0.0017116,0.0014385,0.002355,0.002127,0.0091405,0.0116377,0.031705,0.0469863,0.0255847,0.0576554,0.0391796,
85,0.0,0.0008685,0.000863,0.0010926,0.001626,0.0009199,0.0044834,0.0089333,0.0216286,0.045425,0.0455122,0.0143414,0.0327542,0.0440994,
86,0.0,0.0001956,0.0004295,0.0017749,0.0010567,0.0012856,0.0020402,0.0080212,0.0183638,0.0281125,0.0418575,0.0438704,0.0391596,0.0482251,
87,0.0,0.0014436,0.0008603,0.0005359,0.000582,0.0023578,0.0027993,0.0029985,0.0139473,0.0206358,0.0274954,0.010576,0.0576191,0.0534755,
88,0.0,0.0009316,0.0004304,0.0008844,0.0010543,0.0013715,0.0022935,0.0035375,0.015628,0.0411549,0.0299171,0.0172867,0.0570311,0.0546291,
89,0.0,0.0001925,0.0004313,0.000749,0.000791,0.0009198,0.0014381,0.0014961,0.0142289,0.0525514,0.0311662,0.0182541,0.0519655,0.0275301,
90,0.0,0.0001925,0.0004313,0.0008863,0.0019557,0.0009197,0.001608,0.001971,0.0112256,0.0319076,0.0486028,0.0216828,0.035109,0.0482172,
91,0.0,0.0008822,0.0008558,0.0020297,0.0005916,0.0006837,0.0002067,0.0033918,0.0081477,0.0363613,0.0397963,0.0205863,0.036,0.0526233,
92,0.0,0.0012497,0.0011025,0.0007056,0.0007951,0.0006819,0.0002059,0.0032526,0.016031,0.0211587,0.0131622,0.0276532,0.0604786,0.0854589,
93,0.0,0.0001877,0.0004324,0.0013852,0.0009783,0.001285,0.0011549,0.0040112,0.0181173,0.0354342,0.0397469,0.0301515,0.0348872,0.1398356,
94,0.0,0.0008888,0.0010985,0.0011879,0.000785,0.0020208,0.0010994,0.0037966,0.0202387,0.0314365,0.0214427,0.0412714,0.0761799,0.1044446,
95,0.0,0.0008908,0.0004316,0.0017301,0.0015642,0.0009192,0.0014675,0.002502,0.0129404,0.0107302,0.0335949,0.0199315,0.068387,0.0787076,
96,0.0,0.0001849,0.0004317,0.0019495,0.0018865,0.0005076,0.0013889,0.0103975,0.0228308,0.0187199,0.0417408,0.0583361,0.0615189,0.1096628,
97,0.0,0.0008994,0.0004312,0.0016339,0.0008824,0.0023975,0.0022707,0.0099084,0.0245493,0.0464981,0.0203738,0.0624093,0.045793,0.0705799,
98,0.0,0.0001876,0.0008214,0.0011874,0.0011738,0.001433,0.0016012,0.0058641,0.0159754,0.0127274,0.0296154,0.0395212,0.0330121,0.0802969,
99,0.0,0.0001883,0.0010692,0.001389,0.0008795,0.0006828,0.0002138,0.0038236,0.0276736,0.0107267,0.0400095,0.0365887,0.0150711,0.0869182,
100,0.0,0.0001903,0.0008246,0.0010693,0.0007339,0.0010255,0.0017237,0.0023321,0.0107903,0.0337981,0.0193239,0.0383451,0.0148844,0.0375768,
101,0.0,0.0001916,0.0008046,0.0017321,0.0007638,0.0011599,0.0018345,0.0015183,0.0087351,0.0209969,0.027804,0.0495635,0.0357865,0.0067589,
102,0.0,0.0014014,0.000428,0.0008906,0.0008805,0.0008687,0.0016103,0.0016352,0.0134869,0.0192891,0.0237969,0.0301009,0.0131659,0.0304371,
103,0.0,0.0008814,0.000428,0.0013025,0.0007636,0.0019806,0.001112,0.0038293,0.0178309,0.0220151,0.0090394,0.0516529,0.0587438,0.0703672,
104,0.0,0.0001964,0.000865,0.0016886,0.0014533,0.0019443,0.0011922,0.0062084,0.0156854,0.0271925,0.0109352,0.0445609,0.071297,0.0755873,
105,0.0,0.0001973,0.0010996,0.0008852,0.0005839,0.0005096,0.0008883,0.0072891,0.0126273,0.0423135,0.019874,0.0166183,0.0317003,0.092302,
106,0.0,0.0001963,0.0008688,0.0005341,0.0007551,0.0014195,0.001581,0.0064474,0.0271272,0.0327547,0.0236939,0.0215511,0.0896887,0.1143017,
107,0.0,0.0001975,0.0004259,0.0007112,0.0008968,0.0016182,0.0008327,0.0030918,0.0173788,0.0296916,0.0600536,0.077098,0.0589302,0.0608352,
108,0.0,0.0008757,0.0008729,0.0017312,0.0005742,0.0011429,0.0008618,0.0022718,0.0077254,0.0416512,0.0571488,0.0562571,0.0241319,0.0771256,
109,0.0,0.0009327,0.0020733,0.0007046,0.0010704,0.0005225,0.0015882,0.0057279,0.0049569,0.0248282,0.0584644,0.0723491,0.0336468,0.0477347,
110,0.0,0.0001937,0.0008242,0.0012957,0.0005766,0.0013832,0.0002433,0.0039394,0.0143843,0.0254449,0.0345637,0.0214659,0.024035,0.0514378,
111,0.0,0.000191,0.0004269,0.0017284,0.0005753,0.0006936,0.00164,0.0023303,0.0095541,0.0189226,0.0147828,0.0424371,0.0376239,0.0443473,
112,0.0,0.0008856,0.0008213,0.0012981,0.0007565,0.0009181,0.0015129,0.0032495,0.0078071,0.0048455,0.0275286,0.0487145,0.012547,0.0479832,
113,0.0,0.0009027,0.0011167,0.0012982,0.0015313,0.0018,0.0015807,0.0045679,0.0141993,0.0132224,0.0388768,0.0265552,0.0176807,0.0373153,
114,0.0,0.0009269,0.0011152,0.0006936,0.000905,0.0009185,0.0019442,0.0053395,0.0185252,0.0155992,0.0312432,0.0607215,0.0321432,0.0369192,
115,0.0,0.0001852,0.0014728,0.0008857,0.0005733,0.0012402,0.0011459,0.0053449,0.0282822,0.0312535,0.0152094,0.0600293,0.0321677,0.0265437,
116,0.0,0.0001847,0.0004303,0.0011664,0.0017626,0.0010209,0.0020968,0.0159389,0.0286767,0.0424357,0.026336,0.0355905,0.0359216,0.0133475,
117,0.0,0.0001839,0.0008087,0.0014078,0.0013213,0.0022168,0.0012633,0.007925,0.0237941,0.0616549,0.0332603,0.0564132,0.0391626,0.0479998,
118,0.0,0.0001833,0.0021589,0.0024945,0.0019968,0.0054978,0.0075486,0.0146127,0.0210089,0.0278375,0.0392194,0.0313987,0.0103823,0.0213121,
119,0.0,0.0029553,0.0034361,0.0050038,0.0052679,0.0057915,0.0159945,0.0294149,0.0207215,0.0256169,0.0405997,0.0224531,0.0131366,0.0326833,
120,0.0,0.0011111,0.0035363,0.0081285,0.0055777,0.0095984,0.0119509,0.0231525,0.0198666,0.0542379,0.0649558,0.0133943,0.0437898,0.09802,
121,0.0,0.0001818,0.0008117,0.0013645,0.0041462,0.0043184,0.0053566,0.0111571,0.0152704,0.0573644,0.0268894,0.0276673,0.0134141,0.0446656,
122,0.0,0.0001818,0.0004314,0.0014486,0.0031871,0.0039196,0.0034492,0.0079878,0.015289,0.0452263,0.0253656,0.0407791,0.0370667,0.041747,
123,0.0,0.0001811,0.0008115,0.000685,0.0014038,0.0015295,0.0009014,0.004401,0.005916,0.0193173,0.038794,0.0509624,0.0468976,0.0490156,
124,0.0,0.0001816,0.0008719,0.0015552,0.0022858,0.0006803,0.0022197,0.0071647,0.0011549,0.0350094,0.0469113,0.0493755,0.0447816,0.0484075,
125,0.0,0.0009082,0.000872,0.0012327,0.0015348,0.0016305,0.0011397,0.0042658,0.0046188,0.0181314,0.0372419,0.0150212,0.0485899,0.0283763,
126,0.0,0.0001843,0.0008744,0.001168,0.0014148,0.0015974,0.0028972,0.0049912,0.0035714,0.0182522,0.0232276,0.0262241,0.0090815,0.0345497,
127,0.0,0.0009039,0.0008747,0.0010945,0.0018687,0.0012318,0.0011563,0.0025938,0.0058739,0.0276143,0.0296067,0.0424261,0.0345685,0.0099994,
128,0.0,0.0001883,0.0008001,0.0006946,0.0007574,0.0015953,0.000229,0.0037828,0.0027103,0.0189202,0.0244602,0.0378579,0.0237868,0.025063,
129,0.0,0.000191,0.0010627,0.0008841,0.0011859,0.0008607,0.0008579,0.0015424,0.0107019,0.0377829,0.0214069,0.0199687,0.0181233,0.046043,
130,0.0,0.001409,0.0010636,0.0007548,0.000571,0.001236,0.0017921,0.0016475,0.0076261,0.0096501,0.0297359,0.0423046,0.0170997,0.0445132,
131,0.0,0.0001939,0.0004265,0.0005358,0.0007566,0.0010302,0.00238,0.0040114,0.0231924,0.0189498,0.0298263,0.055909,0.0375338,0.0367566,
132,0.0,0.0001965,0.0008237,0.0013634,0.0005682,0.002064,0.0008501,0.0008736,0.0279668,0.0133275,0.0432811,0.0505248,0.0269892,0.0180786,
133,0.0,0.0001968,0.0008748,0.0007136,0.0007611,0.0014262,0.0017111,0.0027229,0.0154988,0.019477,0.0453984,0.0397622,0.0395736,0.0664821,
134,0.0,0.0001962,0.0018278,0.0007453,0.0021366,0.0015421,0.0023835,0.0039347,0.012839,0.0288736,0.0314484,0.0575499,0.0657451,0.0705538,
135,0.0,0.0001936,0.0019177,0.0005366,0.0014169,0.0017594,0.0023881,0.0030635,0.0176637,0.0559644,0.0234401,0.0757402,0.0658368,0.0433494,
136,0.0,0.000929,0.0011188,0.0007033,0.0007647,0.0014728,0.0060857,0.0053691,0.0175687,0.0368196,0.0355016,0.0704313,0.0535745,0.0215057,
137,0.0,0.000911,0.0010606,0.000758,0.001703,0.0019914,0.0030463,0.0105066,0.0184436,0.0195877,0.0249946,0.0498367,0.0503595,0.0555249,
138,0.0,0.0014179,0.0019511,0.0011622,0.0044721,0.0091938,0.0088081,0.0023158,0.0178273,0.026726,0.0085058,0.032951,0.0531035,0.0385692,
139,0.0,0.0001853,0.0014827,0.0058182,0.0057034,0.008197,0.0117212,0.0074322,0.0230185,0.0246233,0.0247936,0.0405389,0.0400799,0.0639961,
140,0.0,0.000186,0.0022931,0.0049695,0.0098354,0.0112618,0.0141061,0.0163347,0.0132314,0.0365243,0.0214194,0.0353874,0.0429968,0.0532286,
141,0.0,0.0018171,0.0038681,0.0012379,0.0061361,0.0104779,0.0194096,0.0208699,0.034778,0.0288596,0.0226812,0.0346452,0.010965,0.0371964,
142,0.0,0.0025629,0.0073892,0.010302,0.0177963,0.0193478,0.0258636,0.0432915,0.0970281,0.0507722,0.0764589,0.1168137,0.0615766,0.1017124,
143,0.0,0.0050267,0.0182386,0.0293765,0.0308616,0.0292894,0.0283723,0.1030001,0.1289221,0.1386555,0.0859128,0.0988474,0.0533348,0.0775354,
144,0.0,0.0030947,0.0089109,0.0103344,0.0156333,0.0208102,0.029407,0.0415426,0.0494011,0.0507699,0.0345517,0.0597142,0.048302,0.0185858,
145,0.0,0.0009147,0.0028558,0.004512,0.0064377,0.0144727,0.0382708,0.064108,0.0192909,0.0543747,0.0487237,0.052697,0.0420166,0.0178304,
146,0.0,0.0012857,0.0010649,0.0036937,0.0051299,0.0088506,0.0152653,0.0424439,0.0372414,0.0361451,0.0500294,0.0246059,0.0106414,0.0310211,
147,0.0,0.0001878,0.0014426,0.0021009,0.0036938,0.0030642,0.0086471,0.0364388,0.033548,0.0142534,0.0571059,0.023261,0.0257648,0.0186894,
148,0.0,0.0001886,0.0012706,0.0011732,0.0014544,0.0019928,0.0043276,0.0209949,0.0235351,0.0182592,0.0458269,0.0314697,0.0434753,0.0323791,
149,0.0,0.0001894,0.0004287,0.0011797,0.0018767,0.0033445,0.0025409,0.0128897,0.0110807,0.0182522,0.0374053,0.0379618,0.0477279,0.0337911,
150,0.0,0.0001893,0.0008682,0.0016998,0.001646,0.0006889,0.0023794,0.0083262,0.006829,0.0292108,0.0447168,0.0376899,0.0399502,0.0320463,
151,0.0,0.0008886,0.0004279,0.0020026,0.0007492,0.0012384,0.0013772,0.0076703,0.003047,0.0252939,0.0457241,0.0408742,0.0577003,0.0285301,
152,0.0,0.0001896,0.0008675,0.0006941,0.0007547,0.0009187,0.0008917,0.0072588,0.0198724,0.028233,0.0530612,0.0512251,0.0357245,0.0390559,
153,0.0,0.0012744,0.0008009,0.0005312,0.0019791,0.001536,0.0008947,0.0022264,0.022699,0.0222112,0.0514678,0.0559462,0.0031533,0.0718141,
154,0.0,0.0001909,0.0008672,0.0005304,0.0005918,0.0005207,0.0002316,0.0041606,0.0147407,0.0118849,0.0383292,0.0809462,0.0464186,0.066691,
155,0.0,0.0001899,0.0008029,0.0007763,0.0010774,0.0016252,0.0002257,0.0027472,0.0059946,0.0214841,0.0322308,0.0935236,0.0556339,0.069726,
156,0.0,0.000191,0.001116,0.0006965,0.0005923,0.0009834,0.000843,0.0012879,0.009437,0.0196722,0.0273905,0.078367,0.0757425,0.0380494,
157,0.0,0.0008898,0.0011004,0.0013101,0.0007604,0.001025,0.001601,0.0028535,0.0085779,0.0119186,0.0296987,0.0422552,0.0419594,0.0323309,
158,0.0,0.0001921,0.0004279,0.0011697,0.0011765,0.0006904,0.0002283,0.0074654,0.0016369,0.0007974,0.0208808,0.0214916,0.0561217,0.0156594,
159,0.0,0.0012689,0.0008033,0.0008878,0.0007643,0.0009186,0.0016224,0.0086632,0.0130806,0.009684,0.0190295,0.0245593,0.047025,0.0177759,
160,0.0,0.0001932,0.000823,0.0007566,0.0014558,0.0035758,0.0020957,0.0043397,0.0082548,0.0080897,0.0367554,0.0104381,0.0527781,0.034146,
161,0.0,0.0001923,0.0004283,0.0008839,0.0016434,0.0023636,0.0056209,0.0107247,0.0187431,0.0130916,0.0278453,0.0218234,0.0416291,0.0172067,
162,0.0,0.0012845,0.0008672,0.0047616,0.0109673,0.0118849,0.0189801,0.0194261,0.0122954,0.0148728,0.0148296,0.0478479,0.0236003,0.0317061,
163,0.0,0.0015738,0.0041919,0.0109827,0.0164943,0.0182768,0.0240283,0.015578,0.0230948,0.0113097,0.0188532,0.0304341,0.0249444,0.0298824,
164,0.0,0.0034489,0.0074248,0.0107904,0.0104089,0.0105825,0.0130716,0.0112897,0.0111857,0.0065405,0.0235277,0.035267,0.0137545,0.0388819,
165,0.0,0.0032471,0.007144,0.0153776,0.0190293,0.0103135,0.00825,0.0268531,0.0202525,0.0137659,0.0291128,0.0542388,0.0399672,0.0436668,
166,0.0,0.0048398,0.0100734,0.0202018,0.0301968,0.0242857,0.0124644,0.0190423,0.0088029,0.0304328,0.0162396,0.0517256,0.0247494,0.0247584,
167,0.0,0.0022784,0.0066996,0.0151042,0.0160068,0.0205161,0.0228688,0.0286146,0.0206517,0.0295315,0.0341032,0.0450382,0.0511561,0.0230812,
168,0.0,0.0025084,0.0081614,0.0176082,0.0248502,0.0243378,0.0368486,0.0498043,0.0443944,0.0272859,0.0341445,0.0438404,0.0550262,0.0341063,
169,0.0,0.0013963,0.0046404,0.0021479,0.0040726,0.0092989,0.0129293,0.0328294,0.0434656,0.0373063,0.0334236,0.030433,0.0509098,0.0211672,
170,0.0,0.0008732,0.0025157,0.005438,0.0038608,0.008481,0.0184217,0.0475,0.0526859,0.0500877,0.0894386,0.0606541,0.0401792,0.0295094,
171,0.0,0.0001906,0.0013065,0.0007515,0.0024665,0.0087886,0.013246,0.0141569,0.0192213,0.0267011,0.013592,0.047238,0.0330886,0.0499738,
172,0.0,0.0001909,0.0019009,0.0007059,0.0033965,0.0079361,0.0122833,0.0079897,0.0065274,0.017949,0.033637,0.0233513,0.0650726,0.0375774,
173,0.0,0.0008717,0.0019024,0.0017583,0.0025191,0.0099995,0.0202954,0.0200517,0.0284701,0.0355434,0.0205933,0.0180526,0.0592234,0.0813751,
174,0.0,0.0001941,0.0008029,0.0023983,0.0027694,0.0071213,0.0087517,0.0063824,0.0176402,0.0359569,0.0202138,0.0427674,0.0394695,0.1099408,
175,0.0,0.0001952,0.0018217,0.0026222,0.0031825,0.0019128,0.0011506,0.0026811,0.0166701,0.0275704,0.0084725,0.0447603,0.030257,0.0447859,
176,0.0,0.0001954,0.0022983,0.0016511,0.0021227,0.0059581,0.0032837,0.0032804,0.0181986,0.0269447,0.0121666,0.0392785,0.0579424,0.0381596,
177,0.0,0.0001945,0.0004286,0.0010848,0.001511,0.0022226,0.003189,0.0046695,0.0239695,0.0107262,0.0222912,0.028098,0.0788062,0.0303912,
178,0.0,0.0001971,0.0008252,0.0007163,0.0005846,0.0012887,0.0028264,0.0061652,0.0219872,0.029891,0.0325801,0.0348443,0.06568,0.072688,
179,0.0,0.0009335,0.0008247,0.0011882,0.0010626,0.0022946,0.0011102,0.0064554,0.0227047,0.0303584,0.0273044,0.0226859,0.0416883,0.0466758,
180,0.0,0.0001987,0.0013067,0.0007198,0.0009623,0.0014654,0.005855,0.0046415,0.0220974,0.0129126,0.047563,0.0257532,0.038523,0.0475191,
181,0.0,0.0001979,0.0017966,0.0012065,0.0016954,0.0026339,0.0041798,0.0069374,0.0251101,0.022403,0.0495749,0.0519129,0.0451498,0.0319354,
182,0.0,0.000934,0.0004271,0.0007158,0.0017461,0.0021976,0.0032197,0.0045845,0.0223106,0.0385107,0.0460848,0.0401989,0.0518051,0.0368167,
183,0.0,0.0012593,0.0011201,0.001782,0.0007509,0.0009817,0.0046097,0.0061505,0.0255635,0.0633772,0.0192014,0.0253512,0.0436493,0.0803998,
184,0.0,0.0012364,0.0004268,0.0014292,0.0017127,0.0045145,0.0082338,0.0023465,0.0526217,0.0415674,0.0242876,0.0821885,0.0712428,0.0187542,
185,0.0,0.0001988,0.0008229,0.0017985,0.0016339,0.0045137,0.0063515,0.0075286,0.0341365,0.0242737,0.0439957,0.0199631,0.0186544,0.0201722,
186,0.0,0.000934,0.001504,0.0017229,0.0025175,0.0028581,0.0018415,0.0204833,0.0247762,0.0450176,0.0237486,0.0570411,0.0331448,0.0259604,
187,0.0,0.0001966,0.0008659,0.003106,0.0056582,0.0092223,0.0076813,0.0103546,0.0212316,0.0154848,0.017605,0.0248885,0.0415696,0.0165365,
188,0.0,0.0020683,0.0015049,0.0035334,0.0113254,0.007629,0.0070593,0.0241875,0.0257056,0.0614662,0.0395838,0.0388756,0.0098595,0.0133998,
189,0.0,0.0009298,0.0019514,0.0085585,0.0179836,0.0282075,0.0355096,0.0691745,0.0726929,0.0741718,0.1129648,0.107127,0.107192,0.1165962,
190,0.0,0.0011085,0.0042813,0.0062123,0.010782,0.0236208,0.0404114,0.1001891,0.0675089,0.060417,0.1248842,0.1393406,0.1296186,0.1114405,
191,0.0,0.0022625,0.0033733,0.0085956,0.0092494,0.0096328,0.0131709,0.0436034,0.0784189,0.0582981,0.1104669,0.1554976,0.1627091,0.1403761,
192,0.0,0.003234,0.0063751,0.0122976,0.019898,0.0230086,0.0168007,0.0331357,0.0478429,0.0426568,0.0471096,0.0429193,0.0528005,0.0886574,
193,0.0,0.0022217,0.0028276,0.0033857,0.0057575,0.0131856,0.0169331,0.0413483,0.0351657,0.0123262,0.0655784,0.0678616,0.0263936,0.0638231,
194,0.0,0.0008651,0.0014891,0.0035306,0.0068953,0.0062558,0.0050748,0.014538,0.0753431,0.0732856,0.0529425,0.114847,0.0870696,0.0716948,
195,0.0,0.0009107,0.0007967,0.0014271,0.0040606,0.0031806,0.0028284,0.0205259,0.0564927,0.0477378,0.048482,0.0496024,0.0749083,0.0624306,
196,0.0,0.0021527,0.001953,0.0008775,0.0020661,0.0020661,0.0021585,0.0074444,0.0539378,0.056519,0.0657249,0.0820594,0.0904076,0.1318083,
197,0.0,0.0001948,0.0008787,0.0012744,0.001516,0.0009187,0.0022667,0.0115356,0.0370509,0.0623375,0.0698729,0.0716953,0.0699447,0.0932283,
198,0.0,0.0001948,0.0004256,0.0012214,0.0011907,0.0012285,0.0019693,0.0056757,0.0165472,0.0507283,0.0341788,0.0129603,0.0402956,0.0591906,
199,0.0,0.0008767,0.0004256,0.0005359,0.0010643,0.0009683,0.0008327,0.0029052,0.0163606,0.0188345,0.0303224,0.024535,0.0317261,0.0522047,
200,0.0,0.0001939,0.0010614,0.0012197,0.0009117,0.0009187,0.00084,0.0022968,0.0064619,0.0105569,0.0289621,0.0337757,0.035303,0.051122,
201,0.0,0.0001945,0.0004247,0.0011718,0.0009109,0.0011336,0.0009793,0.0016646,0.0085703,0.0144733,0.0305123,0.0389261,0.0388803,0.060677,
202,0.0,0.0012791,0.0004246,0.0011764,0.0014942,0.0011352,0.0012632,0.0023314,0.0103627,0.0112722,0.0349472,0.0317972,0.0657539,0.0636854,
203,0.0,0.0008973,0.0004253,0.0005335,0.0010888,0.0014401,0.0011845,0.0029492,0.0118465,0.0186596,0.0392331,0.0215053,0.0289341,0.0596857,
204,0.0,0.0009305,0.0007931,0.0008853,0.0007801,0.0010227,0.0017068,0.0029497,0.008079,0.0140346,0.039414,0.0247704,0.0599346,0.0401854,
205,0.0,0.0001924,0.0004245,0.0012217,0.0007321,0.0009642,0.0002589,0.0011229,0.0036803,0.0216889,0.0341194,0.0332672,0.0524462,0.0291725,
206,0.0,0.0001914,0.001297,0.0012211,0.0009571,0.0009657,0.0008431,0.0003588,0.0038288,0.0164097,0.0284039,0.0260567,0.0337534,0.0296973,
207,0.0,0.0008896,0.0011268,0.0010918,0.000736,0.0016089,0.0009702,0.002798,0.0069031,0.0122805,0.0136516,0.0110832,0.0462733,0.0281016,
208,0.0,0.000189,0.000425,0.0007738,0.0010953,0.0010179,0.0015017,0.003374,0.011794,0.0142917,0.0159148,0.0466486,0.0475322,0.0408745,
209,0.0,0.0001899,0.0010604,0.0016321,0.0005735,0.0009181,0.0009757,0.0025848,0.0082386,0.0213933,0.0488754,0.0130576,0.0503209,0.0197296,
210,0.0,0.0009285,0.0007935,0.0011762,0.0010586,0.0005394,0.0015148,0.0010732,0.0091444,0.027595,0.0234824,0.02846,0.0320135,0.0475786,
211,0.0,0.0001863,0.0008201,0.000681,0.0007863,0.0010135,0.0012557,0.0018676,0.0152398,0.0187744,0.0168479,0.0373901,0.0224608,0.0441687,
212,0.0,0.0001875,0.0011295,0.0006803,0.0009066,0.0005444,0.0015022,0.0015358,0.0121341,0.0147605,0.0260629,0.0434387,0.0450829,0.0456003,
213,0.0,0.000187,0.0004249,0.0005309,0.0007868,0.0009177,0.001175,0.0031023,0.016167,0.0243696,0.0254307,0.0568478,0.0548301,0.0416648,
214,0.0,0.0001845,0.0004257,0.0006756,0.0007279,0.0005451,0.0012559,0.0015039,0.0234941,0.0307346,0.0341739,0.0312687,0.0384183,0.0234669,
215,0.0,0.0001843,0.0004253,0.0005313,0.0007923,0.0010083,0.0015253,0.0025679,0.0294893,0.067117,0.0322597,0.0229048,0.0270131,0.0758058,
216,0.0,0.0001841,0.0010566,0.001241,0.0009138,0.0006907,0.0009775,0.0036239,0.0059001,0.0474299,0.0831048,0.0289523,0.0288759,0.063621,
217,0.0,0.000186,0.0011094,0.0018835,0.0015009,0.0010112,0.001329,0.0075156,0.010535,0.0394326,0.0530404,0.033254,0.0302005,0.0189415,
218,0.0,0.0001854,0.0014605,0.0006772,0.0008006,0.0006946,0.0013202,0.0106049,0.0153964,0.0064854,0.027728,0.0295932,0.0278683,0.0326669,
219,0.0,0.0001872,0.0010561,0.0006824,0.0011921,0.0029033,0.0036295,0.0079107,0.0224935,0.0396437,0.0406915,0.0385243,0.0469657,0.0595837,
220,0.0,0.0008906,0.0008222,0.0008875,0.0008008,0.00085,0.0026585,0.0098302,0.0053161,0.017963,0.0503367,0.0309071,0.029438,0.0536312,
221,0.0,0.0001911,0.0008237,0.0013049,0.000717,0.0016189,0.0011418,0.0064309,0.0174423,0.0339719,0.049591,0.0103557,0.0568758,0.0573442,
222,0.0,0.0001922,0.0004225,0.0005331,0.0008103,0.0015601,0.0007997,0.0017259,0.0362488,0.04467,0.0775479,0.0431364,0.0387881,0.0523263,
223,0.0,0.0001948,0.0004222,0.0005333,0.0009157,0.0016262,0.0021841,0.0010071,0.0213488,0.0424701,0.0693918,0.0389189,0.0866005,0.0667977,
224,0.0,0.0009354,0.0007842,0.0005333,0.0009538,0.0005436,0.0008357,0.0008491,0.0206819,0.0408792,0.0389548,0.0310354,0.0805899,0.1091013,
225,1e-07,0.0001991,0.0008295,0.0008856,0.0008034,0.0012115,0.0008285,0.0029624,0.0109842,0.0536487,0.0405134,0.0432751,0.0655157,0.0905835,
226,1e-07,0.000201,0.0011375,0.000534,0.001107,0.001122,0.001125,0.0037234,0.0016301,0.0504718,0.0877282,0.0577999,0.0755265,0.0594437,
227,0.0,0.0012332,0.0008824,0.0016484,0.0010514,0.0009189,0.0011319,0.0066536,0.0052175,0.0261491,0.0414397,0.0684403,0.0702568,0.0394942,
228,0.0,0.0009391,0.0004221,0.0005355,0.0011878,0.0010346,0.0008221,0.0039525,0.0060332,0.01039,0.030947,0.0924536,0.1100091,0.0601117,
229,0.0,0.0001997,0.0004223,0.0007085,0.001435,0.0016287,0.0008136,0.0043241,0.0091105,0.0139114,0.0393918,0.0869243,0.110272,0.0751976,
230,0.0,0.000198,0.0008842,0.0007064,0.0007937,0.0016252,0.0013227,0.0056084,0.0174319,0.033729,0.0371398,0.0470066,0.102379,0.0602305,
231,0.0,0.000872,0.0007874,0.0017462,0.0011892,0.0009191,0.0014851,0.0042056,0.013211,0.0306337,0.0568998,0.0865052,0.1037322,0.0802097,
232,0.0,0.0008692,0.0012929,0.0011965,0.0009182,0.0007135,0.0017253,0.0040031,0.0083894,0.0320815,0.0445293,0.0964053,0.068457,0.0839338,
233,0.0,0.0001988,0.0010595,0.0008792,0.0007935,0.000919,0.0012569,0.0022925,0.0215998,0.0350828,0.0429078,0.0862426,0.0745966,0.0826092,
234,0.0,0.0008727,0.0004238,0.0019385,0.0009197,0.0005314,0.0002747,0.0041048,0.0221984,0.0380934,0.0252899,0.0877488,0.0288849,0.0526899,
235,0.0,0.0001982,0.0008829,0.0016503,0.0007844,0.0013922,0.0009922,0.0065477,0.0270029,0.0196707,0.0171561,0.0381927,0.0461363,0.0659909,
236,0.0,0.000197,0.0015119,0.0017222,0.0007887,0.0007083,0.000996,0.0015838,0.0148328,0.0118761,0.0236013,0.042287,0.0603782,0.0958733,
237,0.0,0.0008731,0.0007907,0.0013092,0.0007414,0.0009186,0.0002673,0.0033801,0.0183203,0.0082229,0.0145596,0.0390791,0.0337099,0.0442256,
238,0.0,0.0001953,0.0004249,0.000707,0.0009239,0.0008469,0.0002635,0.0042614,0.028422,0.0550111,0.0226386,0.0355966,0.0359768,0.0300527,
239,0.0,0.0001955,0.0011061,0.0007514,0.0009183,0.0010295,0.0010816,0.0007432,0.025947,0.0404886,0.0222804,0.039655,0.0415511,0.0664859,
240,0.0,0.0001977,0.0007913,0.0007098,0.0016167,0.001621,0.0015931,0.0003506,0.0121496,0.0192519,0.0421743,0.0409965,0.0591528,0.0683271,
241,0.0,0.0001999,0.0004235,0.0007466,0.0010591,0.0007087,0.0015987,0.0040208,0.0023241,0.0237011,0.0575664,0.0562385,0.0728898,0.1083796,
242,0.0,0.000938,0.0004234,0.0007493,0.0019597,0.0005264,0.0020695,0.0028976,0.0060906,0.0244478,0.0401299,0.0649,0.0716794,0.0921268,
243,0.0,0.000875,0.0004228,0.0012034,0.0011828,0.000967,0.000844,0.0017251,0.0055712,0.0269412,0.0550598,0.0909709,0.0726112,0.0913346,
244,0.0,0.0012306,0.0004224,0.0007528,0.0011002,0.000919,0.0013483,0.0027833,0.0053271,0.0207975,0.0694259,0.0872104,0.058548,0.077529,
245,0.0,0.0002026,0.0004228,0.0007518,0.0011795,0.0016179,0.0013582,0.0027974,0.0079718,0.0256368,0.0421857,0.0708497,0.0694498,0.0726994,
246,0.0,0.0002001,0.0013128,0.0005336,0.00058,0.0014348,0.0010912,0.0017471,0.0153908,0.0286011,0.053756,0.0365664,0.0648665,0.0707642,
247,0.0,0.0001985,0.0008775,0.001081,0.0015544,0.0016207,0.0015608,0.0019545,0.0090674,0.0386522,0.0680426,0.0423367,0.0671231,0.0623653,
248,0.0,0.0001991,0.0011008,0.0005325,0.0007257,0.0014355,0.0015643,0.001672,0.0043226,0.0297714,0.0423301,0.0342934,0.0627613,0.0414931,
249,0.0,0.0001967,0.0017533,0.000701,0.0015522,0.001548,0.0013457,0.0015088,0.0044221,0.0208403,0.0166915,0.0469667,0.0513698,0.055821,
250,0.0,0.0001952,0.0008278,0.0008895,0.0005804,0.0005319,0.0015702,0.001073,0.0044517,0.0462438,0.0206983,0.0354523,0.0487368,0.0580692,
251,0.0,0.0001965,0.0011307,0.0005313,0.0005843,0.0010257,0.0010911,0.0014256,0.0052706,0.0428033,0.022015,0.0234264,0.0658728,0.0666306,
252,0.0,0.0008839,0.000424,0.0007738,0.0007226,0.0010225,0.0008295,0.001767,0.0040939,0.0285043,0.0134859,0.019075,0.0755214,0.0397521,
253,0.0,0.0001924,0.0004241,0.0017087,0.0007833,0.0014289,0.0012644,0.0010698,0.0077716,0.0182796,0.0250663,0.0290536,0.0103479,0.0482511,
254,0.0,0.0001938,0.0014548,0.0006914,0.0007185,0.0009183,0.0014909,0.002655,0.0109175,0.0198781,0.036063,0.0132849,0.017323,0.0823534,
255,0.0,0.0009344,0.0004233,0.0010719,0.0005854,0.0009182,0.0012544,0.0032382,0.0233888,0.0197936,0.0264402,0.0133141,0.0421778,0.0815306,
256,0.0,0.0001913,0.0004239,0.0006843,0.0007176,0.0006956,0.001264,0.0043043,0.013228,0.0239348,0.0319299,0.0266734,0.0283501,0.0456818,
257,0.0,0.0001905,0.0004239,0.0005307,0.0014907,0.0005429,0.0012612,0.0015352,0.0115368,0.0156362,0.0625425,0.0284916,0.0125577,0.0855686,
258,0.0,0.0001923,0.0004231,0.0007802,0.000797,0.0013664,0.00212,0.0024787,0.0193192,0.0215339,0.0463893,0.0310656,0.0209395,0.066767,
259,0.0,0.0001929,0.0004232,0.0005314,0.0009015,0.0005428,0.0014901,0.0040888,0.0168792,0.0197205,0.0232873,0.0498973,0.0163693,0.0385883,
260,0.0,0.0001955,0.0008828,0.0006941,0.0005779,0.0015555,0.0011424,0.0027088,0.0044354,0.0143073,0.0239426,0.0206013,0.0122321,0.0449377,
261,0.0,0.0001961,0.000423,0.0006977,0.0007918,0.0009185,0.0019824,0.0031883,0.0046257,0.0154985,0.0165784,0.048792,0.0430137,0.0423667,
262,0.0,0.0008834,0.0010615,0.001176,0.0005744,0.0015565,0.0011365,0.0044168,0.012022,0.0249924,0.0156795,0.0585121,0.0720457,0.060221,
263,0.0,0.0001947,0.0004226,0.0005328,0.0007162,0.0014457,0.0018069,0.0007397,0.0062217,0.0322182,0.021903,0.0607097,0.0430618,0.0424488,
264,0.0,0.0001934,0.00106,0.0008872,0.001392,0.0015544,0.0012587,0.0024898,0.0024745,0.0280271,0.0302302,0.0431156,0.0332506,0.0501944,
265,0.0,0.0001949,0.0004234,0.0005339,0.0014566,0.001555,0.0008218,0.0031077,0.0085054,0.0253914,0.0244577,0.035455,0.0331286,0.0206244,
266,0.0,0.0008942,0.000423,0.0007628,0.000915,0.001024,0.0008126,0.0063107,0.0047365,0.0262178,0.03772,0.0466284,0.0306929,0.0338555,
267,0.0,0.000192,0.0008235,0.000692,0.0011906,0.0010204,0.0013213,0.0128604,0.0023689,0.0124904,0.0538065,0.0205009,0.0327437,0.0144975,
268,0.0,0.000931,0.0010583,0.000694,0.0005644,0.0013647,0.0008161,0.013627,0.0077271,0.0451953,0.0282979,0.0218845,0.0313168,0.0122118,
269,0.0,0.0009319,0.0004238,0.000761,0.0018501,0.0012128,0.0021933,0.0063175,0.0211155,0.0489466,0.0320206,0.0243485,0.02548,0.0260414,
270,0.0,0.0009,0.0004236,0.000535,0.0008016,0.0012086,0.000802,0.0066016,0.0240907,0.0251974,0.0357956,0.0391258,0.0239186,0.0416528,
271,0.0,0.0012493,0.0008199,0.0005348,0.0014858,0.0010185,0.0012227,0.0236348,0.0072881,0.0094295,0.0369626,0.045366,0.0294362,0.0600365,
272,0.0,0.0001908,0.0004246,0.0011932,0.0005572,0.0009183,0.0021951,0.0186119,0.0153468,0.0091624,0.0402283,0.0158293,0.0432969,0.0491395,
273,0.0,0.0001912,0.0004241,0.0014467,0.0008009,0.0010212,0.0015233,0.0061918,0.0160662,0.0202192,0.0276049,0.0383543,0.042395,0.0820253,
274,0.0,0.0001887,0.0008184,0.0006893,0.0007297,0.0009182,0.0013892,0.0132057,0.0148641,0.0230471,0.0411348,0.0584922,0.0618788,0.1033918,
275,0.0,0.0001872,0.0007905,0.0007695,0.0007978,0.000918,0.0002645,0.0029713,0.0194511,0.0338881,0.0247892,0.0777473,0.0830021,0.1074738,
276,0.0,0.0009248,0.0007918,0.0016269,0.0005545,0.0010136,0.0009884,0.002794,0.0076453,0.0110794,0.0187202,0.0470001,0.0546159,0.0764984,
277,0.0,0.0001835,0.0008139,0.000536,0.0007369,0.0005498,0.0009914,0.0036034,0.0178326,0.0254921,0.0273224,0.0488688,0.0267359,0.0119649,
278,0.0,0.0022737,0.0004267,0.0006761,0.0009365,0.0009178,0.0015745,0.0067444,0.0259113,0.0233694,0.0517505,0.0392197,0.0529549,0.0194821,
279,0.0,0.001417,0.0004264,0.0007828,0.000555,0.001886,0.0008033,0.002064,0.0067156,0.0204489,0.0311045,0.0635099,0.0401405,0.0503012,
280,0.0,0.0001824,0.0010546,0.001107,0.0009256,0.0009178,0.0002444,0.0026669,0.0072704,0.0072175,0.0361412,0.0548372,0.0353312,0.0375581,
281,0.0,0.000184,0.0010562,0.0012378,0.0014957,0.0005448,0.0015109,0.0012746,0.0123079,0.0120048,0.043305,0.0334577,0.0480445,0.0396727,
282,0.0,0.0001829,0.0004266,0.0005328,0.0014269,0.0010098,0.0010849,0.0013728,0.0152854,0.0209133,0.0192402,0.0282701,0.0507437,0.0250519,
283,0.0,0.0001808,0.0008135,0.0011615,0.000921,0.0006861,0.0011941,0.0015428,0.0352913,0.0432903,0.0154965,0.0350697,0.0805277,0.087388,
284,0.0,0.0001822,0.0014677,0.0006785,0.0005597,0.0009176,0.0016791,0.0024874,0.0193869,0.0288599,0.0077949,0.042125,0.0529525,0.088835,
285,0.0,0.0001829,0.0011124,0.0011573,0.0016776,0.0006903,0.0014864,0.0031011,0.0176548,0.0376738,0.0153778,0.0293178,0.0550495,0.0848782,
286,0.0,0.0009081,0.000795,0.0017216,0.0016802,0.00054,0.0011813,0.0039001,0.0179843,0.0368076,0.0026055,0.0246676,0.0420935,0.0695962,
287,0.0,0.0008856,0.0013106,0.0011035,0.0009204,0.0013171,0.0012868,0.0046593,0.0135488,0.0109866,0.014836,0.0164766,0.0471209,0.0318424,
288,0.0,0.0001878,0.000881,0.0010998,0.0016989,0.0018963,0.0027524,0.0061364,0.0129968,0.0134805,0.0097997,0.0159253,0.0436682,0.0388095,
289,0.0,0.0001901,0.0007955,0.001226,0.0016955,0.0018451,0.0024113,0.0081381,0.0161312,0.0241819,0.0287976,0.0135059,0.011422,0.0372419,
290,0.0,0.0001894,0.0010611,0.0007652,0.0011867,0.0020175,0.0018394,0.0003576,0.0062601,0.0197357,0.0187282,0.0184881,0.0153729,0.042336,
291,0.0,0.0001892,0.0004264,0.0008871,0.0007446,0.0018003,0.0023603,0.0044896,0.0058519,0.0104049,0.016171,0.0141194,0.0183743,0.0382529,
292,0.0,0.000895,0.0020413,0.0006947,0.0005757,0.0005289,0.0012602,0.0018855,0.0079188,0.0234626,0.0391255,0.0277156,0.0397564,0.0501785,
293,0.0,0.0008913,0.0004253,0.0011812,0.0007358,0.0006955,0.0012649,0.0007221,0.0072448,0.0056359,0.0381162,0.0255863,0.0307722,0.0259715,
294,0.0,0.0001917,0.0011244,0.0007708,0.0015149,0.0005275,0.0013756,0.0054151,0.0144007,0.0346768,0.0361564,0.0528708,0.0367632,0.0292927,
295,0.0,0.0009296,0.0008224,0.0008901,0.0008967,0.0015966,0.0008625,0.0033581,0.0119678,0.0305716,0.0442578,0.04403,0.0469965,0.047458,
296,0.0,0.0001888,0.0004259,0.0011803,0.0007728,0.0014458,0.0015059,0.002321,0.0018937,0.016497,0.0388721,0.0501823,0.0475252,0.071744,
297,0.0,0.0001896,0.0004257,0.0006866,0.000583,0.0009182,0.0015047,0.0036899,0.0216304,0.0311113,0.0257909,0.0371249,0.0166161,0.0785774,
298,0.0,0.0008966,0.0004265,0.0006842,0.0008914,0.0006882,0.0014834,0.0046723,0.0100516,0.0221732,0.0363451,0.0171848,0.017895,0.0857667,
299,0.0,0.0001858,0.0004266,0.0010819,0.0005796,0.0005353,0.0009519,0.0028498,0.0110549,0.0184704,0.0206544,0.0121441,0.0140037,0.0466084,
300,0.0,0.0001868,0.0015085,0.0006796,0.0007319,0.0009177,0.0002373,0.0051027,0.0136917,0.0073492,0.0403,0.0464334,0.0315534,0.0627284,
301,0.0,0.000888,0.0008227,0.0011553,0.0015122,0.0009174,0.001197,0.0124861,0.0058674,0.0386608,0.0520346,0.0427143,0.0333288,0.0444345,
302,0.0,0.000927,0.0008743,0.0005297,0.0016557,0.0014521,0.0002252,0.003138,0.0255384,0.0474631,0.0417984,0.0136534,0.051569,0.0089354,
303,0.0,0.0001864,0.0004272,0.0006799,0.0007405,0.0008719,0.0011038,0.002749,0.0189094,0.0242657,0.0416096,0.0452378,0.0655983,0.0092479,
304,0.0,0.0001852,0.0011179,0.0011865,0.0007464,0.0016057,0.0018528,0.0010053,0.0116209,0.0168582,0.037745,0.0436165,0.0133118,0.0188014,
305,0.0,0.0008919,0.0010653,0.0008943,0.0008848,0.0018975,0.0021,0.001163,0.0067634,0.0273752,0.0316156,0.0414348,0.0205243,0.0418319,
306,0.0,0.0001845,0.0008049,0.0020277,0.0005884,0.0013063,0.0015727,0.0012112,0.006104,0.0188281,0.0344625,0.0267284,0.0306078,0.0422124,
307,0.0,0.0017125,0.0016601,0.0040496,0.0074147,0.0160234,0.0194034,0.0195344,0.0407429,0.0417228,0.036081,0.0098578,0.0209807,0.0526317,
308,0.0,0.0013977,0.0008029,0.0022024,0.0052351,0.00541,0.0077743,0.0286267,0.0457272,0.0268882,0.0730154,0.0313886,0.0370592,0.0562006,
309,0.0,0.0001843,0.0010585,0.0007655,0.0010695,0.0029094,0.0045942,0.0062342,0.0144004,0.0241687,0.0383636,0.0385947,0.0274355,0.0770038,
310,0.0,0.0001836,0.0004292,0.001551,0.0015084,0.0032343,0.0025228,0.0065969,0.010112,0.0138657,0.0151085,0.0389452,0.0459149,0.0308257,
311,0.0,0.0001815,0.0004295,0.0005346,0.0005615,0.0006832,0.0011322,0.0079209,0.0112646,0.0209357,0.0188135,0.0275413,0.0324905,0.0376624,
312,0.0,0.0009119,0.00043,0.0008857,0.0007685,0.0006822,0.0016091,0.0019281,0.0120421,0.0226637,0.0276465,0.0336524,0.0234962,0.0314978,
313,0.0,0.0001802,0.0004301,0.0005333,0.0005674,0.0017909,0.0014731,0.0054424,0.0148984,0.0211601,0.0364631,0.0259891,0.0267912,0.0415268,
314,0.0,0.000179,0.0008107,0.0012993,0.0011865,0.001334,0.0001994,0.0011526,0.0091856,0.0126018,0.0481083,0.0100201,0.0149486,0.0350719,
315,0.0,0.0001804,0.0013081,0.0005324,0.0007432,0.0017923,0.001683,0.0007026,0.0094533,0.009964,0.0512407,0.0174603,0.0186797,0.0476751,
316,0.0,0.0001801,0.0008133,0.0007851,0.0009,0.0020177,0.0012633,0.0015158,0.0071907,0.0312489,0.0449006,0.04061,0.0290364,0.0495914,
317,0.0,0.0008994,0.0013105,0.0007851,0.0014584,0.0006761,0.0011309,0.0043111,0.006716,0.027871,0.0471829,0.0251851,0.0380579,0.0483101,
318,0.0,0.0001782,0.0013023,0.0007902,0.0008963,0.0009824,0.0012659,0.0036443,0.0067433,0.0468043,0.0467982,0.0332608,0.0486391,0.019078,
319,0.0,0.0001778,0.0004311,0.0005307,0.001487,0.0009176,0.0012645,0.0022992,0.0050047,0.0201636,0.0333115,0.0359832,0.050475,0.009958,
320,0.0,0.00018,0.0008157,0.0011794,0.0010851,0.0006749,0.0011393,0.0009065,0.0029518,0.0092343,0.0277053,0.0197131,0.0672503,0.0649116,
321,0.0,0.0001798,0.0004308,0.0012527,0.0011768,0.0009823,0.001581,0.002976,0.0202623,0.0154172,0.0570224,0.0287893,0.0744649,0.1176314,
322,0.0,0.0001776,0.000431,0.0012491,0.0007406,0.0005286,0.0012672,0.0019094,0.0119768,0.0090983,0.0276597,0.0173658,0.0289612,0.0510497,
323,0.0,0.0009214,0.0004303,0.001386,0.0014526,0.0006719,0.000888,0.0009068,0.0058798,0.0274652,0.0102521,0.0167451,0.0389747,0.0354753,
324,0.0,0.000894,0.0004301,0.0016136,0.0008836,0.0009174,0.0009173,0.001349,0.0016428,0.0254339,0.0146628,0.029582,0.032136,0.0455402,
325,0.0,0.0001786,0.0008166,0.0005287,0.0005893,0.0006712,0.0002032,0.0033424,0.014701,0.0410778,0.0453415,0.0422451,0.0130053,0.050157,
326,0.0,0.0009196,0.0004297,0.0006579,0.0005898,0.000539,0.0012626,0.0023472,0.0065711,0.0280694,0.0572711,0.0241487,0.0269119,0.0544765,
327,0.0,0.0001771,0.0004295,0.0006544,0.0005913,0.0005426,0.0002013,0.0011186,0.006951,0.0231466,0.0266016,0.0172639,0.0387829,0.0539652,
328,0.0,0.0001757,0.000815,0.0006484,0.000592,0.0006652,0.002367,0.003225,0.0118291,0.022051,0.030194,0.0253317,0.0210807,0.0602327,
329,0.0,0.0001773,0.0013047,0.0017221,0.0007625,0.0013433,0.0012617,0.0039651,0.0174132,0.0140623,0.0597113,0.0488308,0.0184531,0.0689099,
330,0.0,0.0009209,0.0004286,0.0012495,0.0007322,0.0013459,0.0012653,0.0015472,0.0078216,0.0156527,0.0107166,0.0552917,0.0222861,0.0472158,
331,0.0,0.000178,0.0013033,0.0006549,0.0014504,0.0006715,0.0008826,0.000381,0.0136884,0.0061399,0.0065536,0.0408395,0.0452922,0.0881953,
332,0.0,0.0001785,0.0015096,0.0006585,0.0014661,0.0005421,0.0009287,0.0016474,0.0183808,0.0124353,0.0462296,0.0099255,0.008832,0.0394371,
333,0.0,0.0009211,0.000429,0.000529,0.0015399,0.001461,0.0008872,0.0011209,0.009147,0.014564,0.0381284,0.0220063,0.057737,0.0421441,
334,0.0,0.0001775,0.0010611,0.000662,0.0014568,0.0009177,0.0021029,0.0015336,0.0028124,0.0177582,0.0378039,0.0150552,0.0368771,0.0223716,
335,0.0,0.0001757,0.0008133,0.0006599,0.0010786,0.0009177,0.0001963,0.001579,0.0043774,0.0095559,0.0324046,0.0603677,0.0274952,0.0185707,
336,0.0,0.0001753,0.0008711,0.0005298,0.0007594,0.000668,0.0009012,0.0019991,0.0040029,0.0131404,0.0243954,0.063972,0.0283055,0.0409573,
337,0.0,0.000175,0.0008099,0.0006613,0.0005852,0.0009796,0.0009092,0.0015226,0.0048887,0.0147544,0.0254959,0.0345032,0.0440955,0.0266155,
338,0.0,0.0001736,0.0004324,0.0008069,0.0005826,0.0009179,0.0001839,0.0010758,0.0145959,0.0265386,0.016914,0.0484389,0.0367587,0.0239596,
339,0.0,0.0001732,0.0010633,0.000659,0.0008872,0.0012367,0.0008981,0.0026784,0.0251569,0.0207455,0.0245248,0.0414594,0.0338975,0.0292853,
340,0.0,0.0001724,0.0010633,0.0012441,0.000589,0.0009827,0.0008967,0.0013087,0.0030548,0.01116,0.039233,0.0465701,0.0391251,0.0493468,
341,0.0,0.0001722,0.001106,0.0008148,0.0005863,0.0006615,0.0011168,0.0020454,0.0047039,0.0268636,0.0264382,0.0143177,0.0631801,0.0570904,
342,0.0,0.0001736,0.0004316,0.0012423,0.0008881,0.000664,0.0014332,0.0013054,0.0042258,0.0097441,0.02187,0.029313,0.0366417,0.0287755,
343,0.0,0.0001727,0.0008089,0.0013829,0.0007581,0.0005388,0.0014401,0.0019586,0.0044003,0.0069281,0.0076764,0.0471667,0.0113256,0.040152,
344,0.0,0.0009179,0.0008741,0.0006544,0.0005803,0.000996,0.0009205,0.0013497,0.0015216,0.0167673,0.02288,0.0229908,0.0188089,0.0429646,
345,0.0,0.0012857,0.0004303,0.0011758,0.0007485,0.000667,0.0001957,0.000379,0.0057216,0.005342,0.0251189,0.0347806,0.0365236,0.044821,
346,0.0,0.0001714,0.0004308,0.0012333,0.0010827,0.0005488,0.0012852,0.0026139,0.0098036,0.0075482,0.0388304,0.0405254,0.0578237,0.0396285,
347,0.0,0.0001727,0.0014737,0.0006469,0.0005806,0.0008911,0.0014529,0.0003815,0.0114016,0.0175307,0.0267438,0.0283584,0.060712,0.0610575,
348,0.0,0.0008931,0.0004297,0.0010772,0.001461,0.000547,0.0012757,0.0017128,0.0092452,0.0227043,0.0274131,0.0286453,0.0369042,0.0501094,
349,0.0,0.0001732,0.0008758,0.0010758,0.0005863,0.0005501,0.0017003,0.001606,0.0136872,0.0105308,0.0374719,0.0248035,0.0365129,0.0205829,
350,0.0,0.0001736,0.0004294,0.0006436,0.0009701,0.000989,0.000902,0.0019687,0.0168017,0.0112968,0.0232095,0.0477954,0.0617268,0.020443,
351,0.0,0.000175,0.0004285,0.0005284,0.0007742,0.0005545,0.0008948,0.0044738,0.0212145,0.0085968,0.0333263,0.0410922,0.092741,0.0715577,
352,0.0,0.0001751,0.0012618,0.0012403,0.000888,0.0017838,0.0014779,0.0042213,0.0371999,0.0569028,0.0385299,0.0481663,0.0847807,0.0897272,
353,0.0,0.0001742,0.0004283,0.0005285,0.0007802,0.0005592,0.0009358,0.0044685,0.026018,0.0316729,0.0181905,0.050591,0.0775211,0.0829522,
354,0.0,0.0001722,0.0013072,0.0014097,0.001658,0.0006635,0.0012857,0.002664,0.0279034,0.022577,0.0362301,0.052942,0.0721584,0.0885117,
355,0.0,0.0001718,0.0008102,0.0011797,0.0005804,0.0005613,0.0014635,0.0051936,0.0160158,0.036725,0.0597844,0.0361557,0.0409988,0.057027,
356,1e-07,0.0001697,0.0004294,0.0013456,0.0005788,0.0005637,0.0012984,0.0067187,0.0107362,0.0349888,0.0457774,0.0583947,0.0603861,0.0575134,
357,1e-07,0.0009132,0.00043,0.0006317,0.0005804,0.0014817,0.0028735,0.0014877,0.012567,0.0285135,0.0169967,0.0508886,0.0556807,0.0715013,
358,0.0,0.0001674,0.0015219,0.0011746,0.0007366,0.0013814,0.0013016,0.0011161,0.0232949,0.0480048,0.0305592,0.0326575,0.0720572,0.0859341,
359,0.0,0.0001671,0.001521,0.0006303,0.0014408,0.0013796,0.0009231,0.0026658,0.0063882,0.024851,0.0314589,0.0527291,0.0626708,0.0704042,
360,0.0,0.0001688,0.0010567,0.0009053,0.0007646,0.0005546,0.0009211,0.00112,0.0066029,0.003594,0.0164886,0.0383582,0.0337789,0.0619063,
361,0.0,0.0001678,0.0004317,0.0016049,0.0008931,0.0005533,0.0014163,0.0013132,0.0088915,0.0188802,0.0128023,0.0409463,0.0140906,0.0583565,
362,0.0,0.0001677,0.0004316,0.0005295,0.0005837,0.0013337,0.0014569,0.0013291,0.0132354,0.0351063,0.0406493,0.0364123,0.0270319,0.0215196,
363,1e-07,0.0009127,0.001113,0.0015896,0.0007642,0.0005555,0.0023922,0.0010617,0.0107905,0.0336293,0.035897,0.042681,0.0253188,0.0345073,
364,1e-07,0.0001701,0.0008085,0.0006377,0.000758,0.0005509,0.0021272,0.0039676,0.0120498,0.0125762,0.0245213,0.0232391,0.0130963,0.0243068,
365,0.0,0.0008936,0.0004317,0.001075,0.0005878,0.0005517,0.0014431,0.0031894,0.0140334,0.0232135,0.0214525,0.0325834,0.0394749,0.0694611,
366,1e-07,0.0001704,0.0010586,0.0010712,0.000591,0.0013412,0.0012785,0.0015445,0.0273645,0.0518287,0.0359469,0.0394689,0.0334326,0.0580323,
367,1e-07,0.0009159,0.000807,0.0006379,0.000877,0.0014733,0.0014333,0.0025226,0.0157419,0.0469373,0.0646737,0.0759209,0.0547397,0.0350168,
368,0.0,0.0001734,0.0004307,0.0005277,0.0016652,0.0005471,0.0009021,0.006107,0.0204918,0.0556308,0.1000643,0.1168575,0.0777389,0.0682292,
369,0.0,0.0009176,0.0008136,0.0006446,0.0005976,0.0006588,0.0014182,0.002708,0.0204889,0.0259955,0.0519485,0.0541908,0.0248978,0.0216588,
370,0.0,0.0009187,0.0008153,0.0005276,0.001473,0.0005416,0.0014221,0.0020639,0.0214497,0.0387249,0.0811616,0.0664152,0.0887596,0.0970398,
371,0.0,0.0001756,0.00043,0.0006474,0.0016671,0.0015492,0.0014325,0.0019109,0.0173319,0.0327657,0.0677043,0.0439339,0.0448212,0.0418728,
372,0.0,0.0001755,0.000815,0.0009063,0.0007443,0.0005418,0.0017956,0.0003879,0.0086177,0.0325345,0.0337351,0.0425969,0.0511521,0.0289202,
373,0.0,0.0001778,0.0008061,0.0005278,0.000751,0.0005387,0.0016722,0.0016052,0.0060693,0.0259912,0.0292039,0.0430644,0.0558635,0.0409237,
374,0.0,0.0001778,0.0004301,0.0009032,0.0005933,0.0006675,0.0016721,0.0006771,0.0063308,0.0273878,0.0303984,0.0270383,0.0170651,0.0411174,
375,0.0,0.0001799,0.001822,0.0012587,0.0016601,0.0014558,0.0008765,0.0039804,0.0181945,0.0223563,0.0297736,0.0238929,0.0354582,0.0064886,
376,0.0,0.0001809,0.0004298,0.0013345,0.0005932,0.0006726,0.0009075,0.0036641,0.0233407,0.0491201,0.0689672,0.0234595,0.1152461,0.1292495,
377,0.0,0.0001835,0.0008212,0.001194,0.0007511,0.001011,0.0009117,0.0034785,0.0237708,0.0663551,0.0798318,0.0670219,0.0892542,0.1241454,
378,0.0,0.0001841,0.0004291,0.0005279,0.0010805,0.0005269,0.0011171,0.0027139,0.0244833,0.0611867,0.0882916,0.0734808,0.0628143,0.0904777,
379,0.0,0.0009252,0.001303,0.0011974,0.0006006,0.0013093,0.0015897,0.0033617,0.0121376,0.027561,0.043652,0.0662101,0.0580239,0.0474126,
380,0.0,0.00018,0.000818,0.001196,0.0014719,0.000531,0.0011132,0.0020675,0.0096956,0.0386196,0.0261813,0.0451253,0.0343169,0.0233021,
381,0.0,0.0001778,0.000431,0.000528,0.0005972,0.0005308,0.0014183,0.0023774,0.0117315,0.0136415,0.0469409,0.0474158,0.0333837,0.0254038,
382,0.0,0.0001763,0.0011076,0.0006567,0.0007556,0.0018893,0.0014059,0.0024383,0.0124875,0.009814,0.0503219,0.0464328,0.033579,0.0229207,
383,0.0,0.0001744,0.0004316,0.0009054,0.0005953,0.0013164,0.0008991,0.0050707,0.0247957,0.0155363,0.0236021,0.0359,0.0453009,0.0382591,
384,0.0,0.0001726,0.0011059,0.000648,0.0005955,0.0005379,0.0011048,0.0112357,0.0120441,0.0149524,0.021147,0.0533116,0.0732688,0.0344776,
385,0.0,0.0001709,0.0008093,0.0009062,0.0005915,0.000541,0.0001805,0.0065226,0.0335059,0.0333669,0.048992,0.033325,0.0618414,0.035307,
386,0.0,0.0001702,0.0008711,0.0015967,0.0019763,0.0005438,0.0009034,0.0063445,0.0135421,0.0251016,0.0425375,0.0500638,0.0226176,0.0377895,
387,0.0,0.0014166,0.0008072,0.0013869,0.0005821,0.0015509,0.0011238,0.0020969,0.0052942,0.0138577,0.0395005,0.0591198,0.0174051,0.0239648,
388,0.0,0.0001683,0.0004324,0.0012289,0.0007529,0.0009718,0.0011327,0.0020964,0.0069655,0.0165864,0.0307298,0.0251058,0.0066199,0.038223,
389,0.0,0.0009106,0.0004325,0.0011713,0.0015291,0.0014724,0.0014608,0.0022829,0.0169903,0.0292991,0.0251306,0.0098193,0.0083231,0.0237956,
390,0.0,0.0009112,0.0010559,0.0013759,0.0007555,0.0013288,0.0009378,0.0010079,0.0076111,0.0202038,0.0424384,0.0215783,0.0179092,0.0415437,
391,0.0,0.0001693,0.0004313,0.0008217,0.0005739,0.0006626,0.0001903,0.0012114,0.0053904,0.0108129,0.046185,0.035196,0.0203514,0.044271,
392,0.0,0.0009134,0.0016645,0.0012308,0.0015286,0.0005469,0.0011411,0.0013506,0.0027588,0.0079496,0.0332847,0.0298614,0.0165228,0.0316221,
393,0.0,0.000171,0.0008083,0.0005296,0.0014519,0.0009176,0.0009151,0.0012101,0.0055607,0.0094556,0.023067,0.0340053,0.0340342,0.0226918,
394,0.0,0.000171,0.0008081,0.0005294,0.0016485,0.0005427,0.0009089,0.000384,0.0067027,0.0105488,0.0152172,0.0403869,0.0356873,0.0259764,
395,0.0,0.0001723,0.0008107,0.0005289,0.0007456,0.0009763,0.0012711,0.0025086,0.0075905,0.0096023,0.0386834,0.0051515,0.0377465,0.026061,
396,0.0,0.0001718,0.0004325,0.0018461,0.0005886,0.0009014,0.0001811,0.0032886,0.0137094,0.0186774,0.0498157,0.0497942,0.0556359,0.0302158,
397,0.0,0.0001737,0.0008124,0.0011879,0.0007362,0.0005342,0.0001846,0.0021719,0.0052517,0.0203603,0.0449274,0.0557983,0.0470541,0.052534,
398,0.0,0.0009164,0.0004327,0.0005282,0.0007306,0.0015518,0.0010984,0.0011464,0.0035696,0.0252014,0.0411209,0.064532,0.071889,0.0725865,
399,0.0,0.000895,0.0013097,0.0010694,0.0014558,0.0009856,0.0014025,0.0031359,0.0215747,0.0138933,0.0176813,0.0643683,0.0890985,0.1063746,
400,0.0,0.0001742,0.0008122,0.0006596,0.0005914,0.0009009,0.0016623,0.0040286,0.0142204,0.0350071,0.0480454,0.0686479,0.0790406,0.0528039,
401,0.0,0.0001758,0.0008134,0.0019611,0.0017007,0.0017899,0.0012705,0.0112906,0.0208958,0.0270673,0.0558401,0.0304521,0.0678755,0.0190578,
402,0.0,0.0001772,0.0004325,0.000799,0.0005915,0.0018791,0.0001868,0.009477,0.0383446,0.0188404,0.0382569,0.0326475,0.0681142,0.0522745,
403,0.0,0.0022824,0.0004322,0.0011551,0.0018211,0.0009859,0.0011262,0.0085307,0.0139789,0.0566182,0.0380326,0.0238232,0.0389128,0.0466721,
404,0.0,0.0016734,0.0004325,0.0006669,0.0011784,0.0005267,0.0012647,0.0038004,0.0100735,0.053234,0.0391483,0.0480636,0.0301918,0.0341797,
405,0.0,0.0001751,0.0004327,0.0011739,0.0007774,0.0005254,0.0009047,0.0099152,0.0103166,0.0284724,0.0518987,0.0496477,0.0528573,0.0376534,
406,0.0,0.0001734,0.0008079,0.0020109,0.0009013,0.0006654,0.0011174,0.0088181,0.0081232,0.0183051,0.0350702,0.0611088,0.0376519,0.0446488,
407,0.0,0.0001724,0.0004333,0.0005315,0.000574,0.0006653,0.0009083,0.0038494,0.0132756,0.035237,0.0413584,0.0633286,0.0414989,0.0521619,
408,0.0,0.0001708,0.0011051,0.000532,0.0009091,0.0019796,0.0015484,0.0030241,0.0077322,0.0339854,0.0376989,0.0572475,0.0289243,0.023893,
409,0.0,0.0009124,0.000433,0.000532,0.0014461,0.0006637,0.0009155,0.0018275,0.0057896,0.0248668,0.0484621,0.0455465,0.014354,0.0444236,
410,0.0,0.0001698,0.000877,0.0005328,0.0015109,0.0013751,0.0015721,0.002694,0.0122401,0.0306723,0.0518008,0.0319199,0.02623,0.0278264,
411,0.0,0.0001693,0.0010554,0.0008074,0.0009193,0.0013777,0.0014678,0.0017635,0.0101069,0.0201918,0.0340689,0.0150484,0.0069322,0.0308067,
412,0.0,0.0001707,0.0004321,0.0006567,0.0007673,0.0009175,0.000933,0.0024437,0.0139762,0.0151471,0.0686394,0.0101594,0.0458298,0.0218666,
413,0.0,0.0001703,0.0004318,0.0011528,0.0014257,0.0009951,0.0013662,0.0010818,0.0065629,0.0225071,0.0133334,0.0193763,0.0348547,0.0265512,
414,0.0,0.0001715,0.000431,0.0005344,0.0010761,0.0019886,0.0012442,0.0033047,0.008117,0.0228319,0.0108811,0.0179774,0.0116258,0.0683157,
415,0.0,0.000173,0.001313,0.0007961,0.0011963,0.0008815,0.0012446,0.0087374,0.0054209,0.0157952,0.0301929,0.0243958,0.0145081,0.033154,
416,0.0,0.0009007,0.0004313,0.001153,0.000927,0.0009173,0.0002025,0.0022397,0.0108809,0.0114213,0.0428611,0.0395835,0.0433096,0.0310402,
417,0.0,0.000175,0.001113,0.0012247,0.000766,0.0006751,0.0002034,0.0076363,0.0212246,0.0186055,0.0086696,0.0516526,0.0219927,0.0391501,
418,0.0,0.0001756,0.0011134,0.0013137,0.0007656,0.0010046,0.0013788,0.0032269,0.0187843,0.009518,0.0044614,0.0458949,0.0338595,0.0275986,
419,0.0,0.0009195,0.0004303,0.0006717,0.0007629,0.0009741,0.0002033,0.0011372,0.0169738,0.0157553,0.0146001,0.0245893,0.0183734,0.0080112,
420,0.0,0.000178,0.0008758,0.0012379,0.0005708,0.0006767,0.0009355,0.0021641,0.0043191,0.0184807,0.013648,0.0346714,0.035916,0.0337276,
421,0.0,0.0001796,0.0004296,0.0010898,0.0014463,0.000974,0.0013911,0.0018646,0.004046,0.017873,0.0235752,0.0311871,0.0526265,0.0329823,
422,0.0,0.0001806,0.0008161,0.0008933,0.0008981,0.0005355,0.00087,0.0011287,0.0029996,0.0126224,0.0216128,0.0500825,0.0326547,0.0433406,
423,0.0,0.0008956,0.0004288,0.00053,0.0008923,0.0009178,0.000211,0.0011642,0.0044488,0.0098267,0.0238458,0.0263183,0.0243693,0.0324387,
424,0.0,0.0001816,0.0011173,0.0012534,0.0023086,0.0014544,0.0002142,0.0006953,0.0074768,0.0223996,0.0306292,0.05108,0.024002,0.012443,
425,0.0,0.0001818,0.0008709,0.0005288,0.0010847,0.0005339,0.0002129,0.0021433,0.0122141,0.0214486,0.0364745,0.0356919,0.0201591,0.0146107,
426,0.0,0.0001803,0.0013043,0.0008001,0.0007495,0.0014538,0.0012584,0.0026722,0.0116115,0.012899,0.0333619,0.0212954,0.0473915,0.0258295,
427,0.0,0.0001819,0.0004291,0.0007946,0.0005874,0.000677,0.0012682,0.0012964,0.0025303,0.0065941,0.0407827,0.0276141,0.0353557,0.0297285,
428,0.0,0.0001821,0.0008037,0.0010797,0.0005833,0.0006783,0.0002099,0.0020829,0.0014121,0.0118465,0.0215247,0.0346821,0.0479728,0.037589,
429,0.0,0.0001839,0.0004282,0.000787,0.0010802,0.0011526,0.0009355,0.0011651,0.0048889,0.0171792,0.0243598,0.0441283,0.034218,0.0415689,
430,0.0,0.0001834,0.0008729,0.0005312,0.0007534,0.0005296,0.0011022,0.0010769,0.0036794,0.0148382,0.0090915,0.0544553,0.0386227,0.0622861,
431,0.0,0.0001816,0.0013048,0.0006778,0.0013204,0.0009175,0.0009364,0.0011608,0.0078617,0.0135205,0.0182268,0.0419414,0.0397525,0.0544684,
432,0.0,0.000181,0.0004291,0.0011681,0.0009086,0.0005324,0.0008607,0.0029144,0.0105125,0.0235843,0.025793,0.0312647,0.0262766,0.0306502,
433,0.0,0.0001794,0.0004297,0.0013632,0.0015029,0.0006799,0.0008556,0.0052098,0.0238038,0.0097451,0.0156942,0.0283415,0.0093195,0.0278329,
434,0.0,0.0001778,0.0004297,0.0005333,0.0007589,0.0008773,0.0010935,0.0081345,0.0241771,0.0027954,0.0196806,0.0290895,0.0318427,0.0423428,
435,0.0,0.0008997,0.0004301,0.0011793,0.001932,0.0009174,0.0013821,0.0144094,0.005737,0.0185683,0.0225137,0.0102873,0.0326577,0.0241555,
436,0.0,0.0001739,0.0010544,0.0007972,0.0009233,0.0006744,0.0018345,0.0130044,0.0059039,0.0098291,0.0083339,0.0307292,0.0177941,0.0475467,
437,0.0,0.0009133,0.0010532,0.0006613,0.000775,0.0016171,0.0017367,0.0044392,0.0178227,0.0105101,0.0105138,0.0138814,0.013173,0.0376236,
438,0.0,0.0001716,0.0008045,0.0006568,0.0007776,0.0009621,0.0009347,0.0073743,0.0157688,0.0127993,0.0108189,0.0442208,0.0578898,0.0364853,
439,0.0,0.0001716,0.00043,0.0005336,0.0009275,0.0005542,0.0009551,0.0054247,0.0087403,0.0280208,0.0056151,0.0565809,0.0584021,0.0527218,
440,0.0,0.0001717,0.0008059,0.0005331,0.0005596,0.000672,0.0009484,0.0050844,0.0068035,0.0225368,0.0198405,0.020473,0.0406581,0.0272191,
441,0.0,0.0001739,0.0011186,0.0013071,0.001439,0.0009632,0.0014998,0.005741,0.0096287,0.0310816,0.0258327,0.0236882,0.036304,0.0279324,
442,0.0,0.0001758,0.0008099,0.0011033,0.0010668,0.0009173,0.0023718,0.0019537,0.0095004,0.0182172,0.0067718,0.0651273,0.0373532,0.0197181,
443,0.0,0.0001781,0.0010561,0.0011012,0.0011898,0.0006805,0.0008387,0.0032498,0.0103127,0.0363958,0.0046837,0.0471647,0.0203102,0.0280527,
444,0.0,0.0001791,0.0008134,0.0010958,0.0009512,0.0006803,0.0014944,0.0040425,0.012505,0.0130428,0.0573021,0.0236711,0.0340036,0.0451753,
445,0.0,0.0001811,0.0004276,0.0007905,0.0005723,0.0006824,0.0009516,0.0031482,0.0087475,0.0220874,0.0415313,0.0343611,0.0393968,0.03557,
446,0.0,0.0001804,0.0008161,0.0011751,0.0009011,0.0008745,0.0012766,0.0007051,0.0058248,0.0260545,0.034671,0.0393991,0.0394248,0.0039025,
447,0.0,0.0001814,0.0004272,0.0011569,0.0008966,0.0010059,0.0013848,0.0022397,0.0069486,0.0556104,0.059694,0.0357824,0.0380302,0.051395,
448,0.0,0.0009236,0.0008172,0.0005295,0.0008931,0.0010035,0.0008771,0.0033429,0.0167978,0.0321456,0.0553568,0.045413,0.0316248,0.040493,
449,0.0,0.0001802,0.0004278,0.0011834,0.0008894,0.0014071,0.0008773,0.0030088,0.0177549,0.0263085,0.0819573,0.0537107,0.028713,0.0875683,
450,0.0,0.0009225,0.0008014,0.0008012,0.0016484,0.0009172,0.0008692,0.0012678,0.0073385,0.0142625,0.055854,0.066063,0.0289078,0.0291524,
451,0.0,0.0001771,0.0004289,0.0006603,0.0007431,0.0009999,0.0012277,0.001123,0.0082271,0.0127385,0.0424988,0.0388271,0.0169719,0.0241164,
452,0.0,0.0001759,0.0004297,0.0008066,0.0005788,0.0013211,0.0012378,0.0011622,0.0083098,0.0045176,0.0162897,0.0337879,0.0210606,0.0413854,
453,0.0,0.0001772,0.0008128,0.0012412,0.0015242,0.0009176,0.0002034,0.0003733,0.0041346,0.0094634,0.00817,0.0296156,0.0381453,0.0356314,
454,0.0,0.0009081,0.0014748,0.0011715,0.0014087,0.0014579,0.0013923,0.0012935,0.0041684,0.0091598,0.0048255,0.0264596,0.0395372,0.0397992,
455,0.0,0.0009182,0.0011128,0.0011672,0.0007555,0.0005377,0.0001999,0.0015688,0.0035214,0.0075532,0.0101076,0.0123491,0.0207838,0.0097624,
456,0.0,0.0001752,0.00131,0.0005322,0.0007506,0.0005341,0.0009264,0.0013358,0.0034193,0.0120526,0.0054957,0.0336214,0.0346655,0.0062616,
457,0.0,0.0001751,0.0010583,0.0007912,0.000913,0.0008871,0.0009252,0.0023339,0.0116108,0.0133781,0.0230894,0.0134597,0.018631,0.0326845,
458,0.0,0.0001754,0.0011077,0.0012325,0.0009117,0.0005288,0.0018176,0.0039276,0.0123394,0.0542189,0.02642,0.0276428,0.0085022,0.0357927,
459,0.0,0.0001743,0.0004331,0.00116,0.0014487,0.0017889,0.0019091,0.0053198,0.0206602,0.0301345,0.0378279,0.0469354,0.0206992,0.0316249,
460,0.0,0.0001754,0.0008067,0.0005336,0.0007874,0.000524,0.0008874,0.0058614,0.0154186,0.0381482,0.0390097,0.0279701,0.036997,0.0377037,
461,0.0,0.0001752,0.0008068,0.0013012,0.0023359,0.0012411,0.0015594,0.0108086,0.0198733,0.026693,0.0376879,0.0430545,0.0303854,0.0616709,
462,0.0,0.0001739,0.0011046,0.0006687,0.0014282,0.0017877,0.0012834,0.0019697,0.0114805,0.0204813,0.0172148,0.0242282,0.039399,0.0519046,
463,0.0,0.0001743,0.0004326,0.0007948,0.0005714,0.0009807,0.0009144,0.0003732,0.0049172,0.0232043,0.0474938,0.0295434,0.0485597,0.0407225,
464,0.0,0.0001728,0.0008066,0.0012288,0.0005688,0.0013911,0.0009181,0.0012032,0.0089622,0.0254008,0.0596786,0.0202016,0.0267732,0.0530508,
465,0.0,0.000173,0.0013124,0.0012304,0.0007686,0.0005357,0.0011062,0.0011505,0.0071701,0.0083599,0.0481015,0.0319939,0.0261779,0.0415348,
466,0.0,0.0001724,0.0004318,0.0012545,0.0014105,0.0009991,0.0015492,0.0013387,0.0076264,0.0045884,0.0125027,0.0318318,0.0187959,0.0385321,
467,0.0,0.000173,0.0004311,0.0008031,0.0014379,0.0013782,0.0012538,0.0011336,0.0046038,0.008005,0.021128,0.0126436,0.0109221,0.0470353,
468,0.0,0.0001738,0.0014765,0.0013167,0.0009055,0.0009708,0.0001974,0.0009018,0.0025397,0.010596,0.0277903,0.020608,0.0220429,0.0233019,
469,0.0,0.0001751,0.0008783,0.0011711,0.0014393,0.001621,0.0009352,0.000897,0.0038235,0.009762,0.0207385,0.0149946,0.0104039,0.012515,
470,0.0,0.0001743,0.0004295,0.0006545,0.0014501,0.0013253,0.0008596,0.0003743,0.0053205,0.0128309,0.0308361,0.0244279,0.0297239,0.0216282,
471,0.0,0.000918,0.0004288,0.0005306,0.0009049,0.0008816,0.0014871,0.0021476,0.0077024,0.0039203,0.0152928,0.0159735,0.0305333,0.035608,
472,0.0,0.0001763,0.0008827,0.0011603,0.0005707,0.0006761,0.0012915,0.0010697,0.0083933,0.0055484,0.0320511,0.0175424,0.0206058,0.0488284,
473,0.0,0.0009181,0.0004279,0.0008068,0.0007357,0.0012066,0.0009565,0.0034408,0.0090734,0.0043568,0.0603575,0.0376028,0.010003,0.0473337,
474,0.0,0.0001766,0.0010549,0.0005315,0.0007894,0.001468,0.0009633,0.002068,0.025684,0.0293321,0.0635373,0.0397994,0.0253214,0.0286649,
475,0.0,0.0001773,0.0008125,0.0005321,0.0016096,0.0009172,0.0002312,0.0015476,0.0149033,0.044364,0.0363172,0.0378068,0.0305005,0.0428571,
476,0.0,0.0001786,0.0004274,0.0005316,0.0014262,0.0014165,0.0012931,0.0032049,0.0041893,0.0568537,0.0406042,0.0395277,0.0860452,0.0476886,
477,0.0,0.000177,0.000812,0.0005319,0.0007792,0.0005481,0.0012501,0.0033891,0.002453,0.0120603,0.0164357,0.0294916,0.0093968,0.0508478,
478,0.0,0.0001759,0.0008006,0.0010971,0.0014209,0.0006762,0.0011748,0.002957,0.0089668,0.0221774,0.0173047,0.040644,0.0130324,0.0287378,
479,0.0,0.0001735,0.0008096,0.0010985,0.0009124,0.0006727,0.0009136,0.0025424,0.0036445,0.0126854,0.0436338,0.0382941,0.0258011,0.0263302,
480,0.0,0.0009137,0.0008809,0.0006546,0.0007507,0.0013809,0.000854,0.0012134,0.00634,0.0058426,0.0194207,0.038994,0.0110935,0.0828863,
481,0.0,0.0001709,0.0004313,0.000895,0.0011871,0.0014999,0.0009312,0.0016317,0.0034142,0.0091502,0.0257146,0.0330673,0.0124337,0.0267729,
482,0.0,0.0012798,0.0008785,0.0005318,0.0005685,0.0008922,0.001465,0.0019591,0.0031266,0.0076813,0.0282674,0.0294679,0.0499885,0.0281356,
483,0.0,0.0001708,0.0008068,0.0012555,0.0007524,0.001376,0.0011422,0.0036496,0.0067356,0.0162242,0.0359183,0.0258874,0.0475891,0.035411,
484,0.0,0.000912,0.0004325,0.0006484,0.00057,0.0009911,0.0018084,0.0025188,0.0070795,0.0251706,0.0208172,0.0340342,0.0381243,0.0440324,
485,0.0,0.000169,0.0004321,0.001323,0.0007569,0.0008966,0.0001874,0.0031461,0.0096203,0.0329838,0.0113562,0.0316224,0.0437753,0.0365178,
486,0.0,0.000168,0.0008042,0.0006456,0.0007615,0.0013792,0.0001899,0.0010748,0.0095219,0.0027619,0.0207162,0.0531008,0.0408262,0.0614129,
487,0.0,0.0009172,0.000431,0.0005319,0.0014179,0.0006651,0.0009336,0.0018668,0.0041411,0.0167574,0.0182875,0.0352677,0.0254839,0.0194422,
488,0.0,0.0001697,0.0004313,0.0005325,0.0007549,0.0005503,0.0009383,0.0008988,0.0119494,0.0175309,0.0058942,0.0363807,0.0121903,0.0427941,
489,0.0,0.000169,0.0004307,0.000533,0.0007739,0.000917,0.0014333,0.0013928,0.0112242,0.0167731,0.024561,0.0486516,0.0532789,0.1191005,
490,0.0,0.0001685,0.0008031,0.0011595,0.0007466,0.0006672,0.0019265,0.0027648,0.006135,0.0569169,0.0737602,0.0276052,0.0576931,0.0244306,
491,0.0,0.0001701,0.0004298,0.0005317,0.0007772,0.000917,0.0019165,0.0016136,0.0055715,0.0081001,0.0518208,0.0471654,0.0232386,0.0284031,
492,0.0,0.0001701,0.0008076,0.0011677,0.0011872,0.0016287,0.0009404,0.0003755,0.0044114,0.041231,0.0395976,0.0621624,0.0309345,0.0430605,
493,0.0,0.0001715,0.000803,0.0005303,0.0007727,0.0006671,0.0009368,0.0008967,0.0083253,0.0174471,0.0320816,0.0172737,0.0320598,0.0276586,
494,0.0,0.0001715,0.0013094,0.0006429,0.0007773,0.0013838,0.0009161,0.0010647,0.0133114,0.010634,0.0389161,0.0448738,0.0540126,0.054666,
495,0.0,0.0001735,0.0004285,0.001422,0.0007819,0.000884,0.0009074,0.0021636,0.0132229,0.0277862,0.0397219,0.0603155,0.077661,0.0770788,
496,0.0,0.0001723,0.0004282,0.0005305,0.0009073,0.0009879,0.0002146,0.0015471,0.0181693,0.0228685,0.0501617,0.0801035,0.0460609,0.0642716,
497,0.0,0.0001728,0.000428,0.0005308,0.0005687,0.000673,0.0009576,0.0014953,0.0489873,0.0419227,0.0367874,0.0588874,0.048445,0.0655307,
498,0.0,0.0001723,0.0004285,0.0005315,0.0005657,0.0014749,0.0002191,0.0014243,0.0312978,0.0274821,0.0394442,0.0596881,0.0499876,0.0795683,
499,0.0,0.000173,0.0004284,0.000812,0.0007887,0.000559,0.0012442,0.0020748,0.0344558,0.024425,0.0565064,0.0679791,0.0790474,0.1339474,
500,0.0,0.0001726,0.0004289,0.0008084,0.0007404,0.0009935,0.0002215,0.0025825,0.0208939,0.0359596,0.055259,0.0761821,0.1021835,0.092598,
501,0.0,0.0009108,0.0010508,0.0005338,0.0009296,0.0009923,0.0009626,0.0080886,0.0335005,0.0280996,0.0458536,0.0851738,0.0808081,0.1152349,
502,0.0,0.0001723,0.0011213,0.0006553,0.0009341,0.0006767,0.0008088,0.0083962,0.05283,0.0447663,0.0193176,0.041737,0.0639619,0.0790962,
503,0.0,0.0001738,0.0004291,0.0011156,0.0007849,0.0014933,0.000225,0.0031916,0.0441865,0.0221773,0.0123403,0.0433843,0.0674902,0.0691714,
504,0.0,0.0009001,0.0010511,0.0005356,0.0015232,0.0009984,0.0012404,0.0044392,0.0193923,0.0329825,0.0270493,0.0343944,0.0262611,0.0292083,
505,0.0,0.0001752,0.0008058,0.0006674,0.0007806,0.0012105,0.0011132,0.0053312,0.0090928,0.0281151,0.0220852,0.0322539,0.0254874,0.027173,
506,0.0,0.0001743,0.0008862,0.0011224,0.0007748,0.0009638,0.001242,0.0012988,0.0054389,0.0162844,0.02064,0.0184617,0.0289483,0.0269855,
507,0.0,0.0001745,0.0011174,0.0007886,0.0013201,0.0009173,0.0012402,0.0003575,0.0078041,0.0213516,0.027535,0.0125571,0.0168701,0.0306826,
508,0.0,0.0008948,0.0018391,0.0007868,0.0007708,0.0014599,0.0008225,0.0015511,0.0106312,0.0222324,0.040159,0.0186548,0.0095736,0.0183766,
509,0.0,0.001429,0.0004307,0.0011476,0.0009367,0.0011479,0.001415,0.0026141,0.0118465,0.0086076,0.0228978,0.025419,0.0345076,0.014636,
510,0.0,0.0001773,0.0008063,0.0012166,0.0014278,0.0010067,0.0011126,0.0019355,0.0075541,0.0094727,0.0082096,0.025664,0.0226774,0.0280686,
511,0.0,0.0008887,0.0004308,0.0017711,0.0009444,0.00068,0.0013579,0.0003566,0.0112163,0.0106142,0.0218351,0.0259295,0.0305646,0.0274557,
512,0.0,0.0001772,0.0008836,0.0011446,0.0014294,0.0009703,0.0018243,0.0024162,0.0207626,0.017538,0.0331046,0.0238225,0.0235433,0.0398721,
513,0.0,0.0001794,0.0008824,0.0007747,0.0017805,0.001789,0.0017379,0.0013649,0.0081099,0.0126432,0.0185977,0.0186765,0.0276734,0.0316814,
514,0.0,0.0001798,0.0008033,0.0005385,0.0015278,0.0015973,0.0009592,0.0013106,0.0056888,0.013114,0.0166502,0.024741,0.0184203,0.0332849,
515,0.0,0.0001792,0.0008052,0.0021198,0.0015285,0.0006819,0.0016091,0.0057592,0.0143039,0.0111641,0.0114755,0.0315019,0.025233,0.0414324,
516,0.0,0.0001805,0.0004307,0.0007704,0.0007593,0.0013422,0.002889,0.0080061,0.0134951,0.0152015,0.0397709,0.0310871,0.0199178,0.0392651,
517,0.0,0.0001825,0.0010551,0.0016977,0.0023954,0.0014461,0.0033059,0.0124683,0.0091612,0.0120388,0.0209409,0.0257072,0.0181131,0.0660174,
518,0.0,0.0001822,0.0004306,0.0005399,0.0023309,0.0017709,0.0045375,0.0084584,0.0069199,0.0322586,0.0124345,0.031187,0.0443625,0.0817503,
519,0.0,0.0001822,0.0013054,0.0019738,0.0022839,0.0030079,0.0078215,0.0130174,0.0202025,0.0419417,0.0264253,0.0489652,0.0549825,0.0630547,
520,0.0,0.0001844,0.0018935,0.002162,0.0029912,0.0020256,0.0104401,0.0218105,0.0242176,0.0393264,0.0300426,0.029231,0.0458204,0.0245286,
521,0.0,0.0017163,0.002125,0.0024626,0.0017894,0.0036935,0.0055544,0.0117027,0.018,0.0485155,0.0608574,0.0534083,0.0761767,0.073359,
522,0.0,0.0012616,0.0012613,0.0019206,0.0021553,0.0024706,0.0051907,0.0058387,0.0172133,0.0270619,0.036263,0.0583539,0.0486119,0.0743342,
523,0.0,0.0001841,0.0016661,0.0008754,0.0020002,0.0010183,0.0058898,0.0181068,0.0436885,0.0260875,0.0315694,0.0420937,0.0628586,0.0566147,
524,0.0,0.0021632,0.0004293,0.0008741,0.000539,0.0006925,0.0034629,0.0178037,0.0453835,0.0365789,0.0224596,0.0418313,0.0386539,0.0681684,
525,0.0,0.0001827,0.0004295,0.000689,0.0009523,0.0015444,0.0026493,0.0128842,0.0471827,0.0547811,0.0330843,0.0600385,0.0574458,0.0717724,
526,0.0,0.0009174,0.0008042,0.0007653,0.0009561,0.0018429,0.0017143,0.0049769,0.0278063,0.0487463,0.0577872,0.0609483,0.0362996,0.0558038,
527,0.0,0.0008788,0.0008017,0.0005422,0.000778,0.0014832,0.0011071,0.0043672,0.0197427,0.0338152,0.0358389,0.0210138,0.0385411,0.0401649,
528,0.0,0.0009388,0.0008009,0.0019773,0.0013987,0.000867,0.0009758,0.001299,0.009821,0.0070706,0.0355608,0.039158,0.0451263,0.0612588,
529,0.0,0.0001785,0.0011209,0.0007719,0.0012141,0.0009174,0.0016894,0.0071455,0.0145621,0.0249353,0.0231851,0.065066,0.0450555,0.0742787,
530,0.0,0.0008839,0.0010466,0.0005436,0.0009703,0.0017813,0.0022798,0.0070359,0.0287825,0.0254599,0.0417514,0.0393818,0.0660337,0.086343,
531,0.0,0.0009375,0.0004316,0.0005424,0.0018047,0.0023559,0.0012318,0.0043334,0.0240673,0.023608,0.040599,0.0302705,0.049345,0.0297555,
532,0.0,0.0001724,0.0004322,0.0011264,0.0009655,0.000962,0.0017911,0.0038857,0.0167903,0.0220222,0.0427168,0.0547034,0.0263355,0.0512712,
533,0.0,0.0009357,0.0007969,0.0011291,0.0009612,0.0015886,0.0010772,0.0010942,0.0164855,0.0137208,0.0252763,0.0242097,0.0227567,0.0713627,
534,0.0,0.0001703,0.0004323,0.0006603,0.0005307,0.0008789,0.0013139,0.0018568,0.0118448,0.0245503,0.0234867,0.0413298,0.0210979,0.0592466,
535,0.0,0.0001723,0.0004315,0.0005417,0.0014344,0.0009971,0.0013173,0.0013724,0.0258016,0.0151654,0.0181594,0.0287797,0.032361,0.0345988,
536,0.0,0.000173,0.0007992,0.0007894,0.0007685,0.0006788,0.0014423,0.0008838,0.0222143,0.0283939,0.0438939,0.0357107,0.0435442,0.0275144,
537,0.0,0.0014162,0.0013166,0.0011322,0.001926,0.0015448,0.0007907,0.0015387,0.0209919,0.0300006,0.034082,0.0479135,0.0247642,0.0344432,
538,0.0,0.0001723,0.001675,0.0011317,0.0007615,0.0006791,0.0016291,0.0033006,0.0074953,0.010341,0.0290926,0.037347,0.0413979,0.0186089,
539,0.0,0.0001742,0.0004301,0.0012723,0.0015398,0.0009172,0.0007872,0.0021034,0.0058073,0.0355283,0.0487325,0.0656304,0.0373766,0.0362166,
540,0.0,0.0001729,0.0004302,0.0011376,0.0007871,0.0009581,0.0007945,0.0044391,0.0129219,0.0372631,0.0271914,0.0494808,0.0643574,0.0382039,
541,0.0,0.0001719,0.0013148,0.0007964,0.0009536,0.0006788,0.0016024,0.0062212,0.0204163,0.0463275,0.0927759,0.0638559,0.0887489,0.020325,
542,0.0,0.0001741,0.0004292,0.0008817,0.0007961,0.0009544,0.0009836,0.0031674,0.0099643,0.0419236,0.0829015,0.074557,0.0628438,0.0239152,
543,0.0,0.0001756,0.0010489,0.0011409,0.0007924,0.0009173,0.0012365,0.0033448,0.0169115,0.0340303,0.0707045,0.0784034,0.0725055,0.039743,
544,0.0,0.0001743,0.0004292,0.0006639,0.0007898,0.0009991,0.0007978,0.0035543,0.0102228,0.012776,0.0227378,0.0808345,0.0630621,0.0225387,
545,0.0,0.0001738,0.0004299,0.0019955,0.000945,0.0005512,0.0017812,0.0037897,0.0100365,0.0208563,0.0263989,0.0399555,0.0328328,0.0116373,
546,0.0,0.000172,0.0004307,0.001329,0.0007619,0.0011433,0.0022927,0.0020611,0.0029747,0.0228249,0.0371459,0.0394993,0.0311397,0.0412076,
547,0.0,0.0001706,0.0008,0.0005384,0.0007653,0.0005531,0.0009634,0.0045019,0.0118642,0.0375485,0.04182,0.0326628,0.0307739,0.0605603,
548,0.0,0.0001708,0.0011153,0.0012772,0.0009525,0.0006736,0.0002154,0.0018927,0.0137056,0.0337478,0.0392461,0.0418927,0.0176316,0.0528283,
549,0.0,0.0001691,0.000433,0.0011393,0.0010688,0.0006708,0.0008118,0.0020954,0.0122381,0.0312914,0.0367199,0.0409527,0.0297608,0.0529753,
550,0.0,0.000169,0.0007953,0.0013291,0.000956,0.0009946,0.0010876,0.0026808,0.0120551,0.0236104,0.0313201,0.0443106,0.0305652,0.0214313,
551,0.0,0.000908,0.0007967,0.0011354,0.00095,0.000668,0.0012376,0.0016224,0.010704,0.0230471,0.0300756,0.0528037,0.0339451,0.0698061,
552,0.0,0.0008977,0.0011117,0.0012782,0.0009483,0.0012166,0.000206,0.0019358,0.014725,0.0219187,0.0784938,0.0605513,0.0387486,0.0617647,
553,0.0,0.0001716,0.0004332,0.0012723,0.0014379,0.0013449,0.0015065,0.0008987,0.0092376,0.0310692,0.0945153,0.0861282,0.038574,0.0673977,
554,0.0,0.0001708,0.0004337,0.0011353,0.0013206,0.0009174,0.002113,0.0029277,0.0062782,0.0449385,0.0859082,0.0914335,0.0336025,0.0659738,
555,0.0,0.0001721,0.0008829,0.0005381,0.000944,0.0006717,0.0013521,0.0025021,0.0181135,0.0243661,0.0528563,0.0494644,0.0687636,0.0700912,
556,0.0,0.000174,0.0013119,0.0005387,0.0007594,0.0011532,0.0002041,0.0032863,0.0068618,0.0306603,0.0196469,0.0406279,0.0841179,0.0685799,
557,0.0,0.0001737,0.0004334,0.0012693,0.0007894,0.000674,0.0022337,0.0025012,0.0200286,0.0311488,0.0788864,0.1161551,0.0974707,0.0725637,
558,0.0,0.0001746,0.0011086,0.0012093,0.0023497,0.0010058,0.0009382,0.0029393,0.0067538,0.0066512,0.0599865,0.1351693,0.0949397,0.0584838,
559,0.0,0.0001766,0.0008017,0.0007766,0.0005452,0.0013131,0.0010922,0.0033699,0.0277522,0.0302597,0.0211116,0.0422511,0.0807466,0.091012,
560,0.0,0.0001766,0.0014743,0.0012077,0.0009507,0.0018542,0.0008284,0.0103147,0.016863,0.0399964,0.0395812,0.0627929,0.0852731,0.0920922,
561,0.0,0.0001769,0.0011087,0.0011353,0.0018762,0.0024881,0.0045941,0.0171543,0.02352,0.0226113,0.0640341,0.0547295,0.0663356,0.0801016,
562,0.0,0.000179,0.0010542,0.0005401,0.0017967,0.0029606,0.0046706,0.0143168,0.0246058,0.0371564,0.0790709,0.0590678,0.052993,0.1119138,
563,0.0,0.0001802,0.0004321,0.0011362,0.0010834,0.0027197,0.0045974,0.0122664,0.0201147,0.0287635,0.0351408,0.0753324,0.0667288,0.059057,
564,0.0,0.0009376,0.0010522,0.0014547,0.0015316,0.0035016,0.0022169,0.0214539,0.0263379,0.042764,0.0648248,0.1015467,0.0751859,0.0852953,
565,0.0,0.001089,0.0008849,0.0012584,0.0013983,0.0019184,0.0017174,0.0087899,0.0274537,0.0245549,0.0356082,0.0432535,0.0230008,0.0557965,
566,0.0,0.0009384,0.000887,0.0012595,0.0021016,0.0016341,0.0015197,0.0094676,0.0104686,0.027007,0.0277685,0.0337303,0.0254922,0.05167,
567,0.0,0.0001748,0.0004324,0.0012651,0.0007833,0.001992,0.0010859,0.0054378,0.0081171,0.0222215,0.0273313,0.0213596,0.0270496,0.0573085,
568,0.0,0.0001744,0.0010488,0.0008777,0.001939,0.001003,0.0012352,0.0027129,0.0063588,0.0157154,0.0106086,0.0406365,0.0372276,0.0185692,
569,0.0,0.0009131,0.0004319,0.000542,0.0014395,0.0019116,0.0013362,0.0017076,0.0152929,0.018007,0.0231645,0.0461137,0.0300262,0.0092643,
570,0.0,0.0001772,0.0004314,0.0006788,0.0012066,0.0010073,0.0013456,0.0028033,0.0052038,0.0173802,0.0141827,0.01329,0.0373957,0.0345508,
571,0.0,0.00168,0.0008008,0.0020205,0.0014342,0.0008737,0.0008029,0.0017525,0.0066852,0.0123405,0.0209154,0.0181939,0.0271841,0.0399157,
572,0.0,0.000177,0.0008904,0.0012018,0.0007789,0.0009174,0.0007954,0.0025359,0.0197897,0.0153414,0.0178584,0.0280845,0.0364415,0.0349623,
573,0.0,0.0001789,0.0004303,0.0005407,0.0016813,0.0009647,0.001323,0.0037291,0.0066407,0.0222702,0.035211,0.0239007,0.0416506,0.0197259,
574,0.0,0.0001782,0.0008898,0.0012648,0.0009519,0.0022002,0.0010782,0.0038132,0.0099089,0.0169104,0.0272678,0.0298919,0.0497117,0.0440084,
575,0.0,0.0001773,0.0004299,0.0019023,0.0007841,0.001838,0.0017016,0.0062477,0.0107873,0.0342834,0.0154379,0.0443226,0.0267664,0.0410984,
576,0.0,0.0001796,0.0007991,0.0005408,0.0013992,0.0009175,0.0020618,0.0051371,0.0195509,0.0141018,0.0401344,0.031503,0.0577616,0.0437616,
577,0.0,0.0001805,0.000429,0.0019771,0.0015033,0.0017883,0.0009266,0.0016479,0.0114217,0.0232195,0.038954,0.0288992,0.059004,0.0483121,
578,0.0,0.0008868,0.0004289,0.0017084,0.0010603,0.0010071,0.0009294,0.0037205,0.0231963,0.0126247,0.0104413,0.0393891,0.0475934,0.0358694,
579,0.0,0.000179,0.0013094,0.0011378,0.0010825,0.0016343,0.0013371,0.0034797,0.0195006,0.0204036,0.0210673,0.0222416,0.0209334,0.0388336,
580,0.0,0.0001815,0.0004283,0.0005405,0.0009571,0.0018327,0.00123,0.0056039,0.0204687,0.0250518,0.0148061,0.086178,0.1258689,0.0698921,
581,0.0,0.0001823,0.0004281,0.000878,0.0010826,0.0010118,0.0013562,0.0110146,0.0216755,0.0369537,0.0369381,0.0719506,0.1414265,0.085292,
582,0.0,0.0001834,0.000428,0.0011283,0.0009462,0.0012146,0.001317,0.0033201,0.0162719,0.0322251,0.039857,0.0511855,0.1105595,0.0729008,
583,0.0,0.0008794,0.0004271,0.0005388,0.0007536,0.0006955,0.0002524,0.0062921,0.0088047,0.041455,0.0369362,0.0310148,0.1236349,0.1062768,
584,0.0,0.0001867,0.0008133,0.0005382,0.0010833,0.0009631,0.0026322,0.0037301,0.0246956,0.0546302,0.0130076,0.0371129,0.1031652,0.061135,
585,0.0,0.000187,0.0017572,0.0011256,0.0012015,0.001592,0.004532,0.0086448,0.0276891,0.0330134,0.0191554,0.0221362,0.0047299,0.0339057,
586,0.0,0.0012601,0.0010556,0.0012297,0.0007757,0.0018786,0.0023655,0.0066932,0.0265521,0.0240632,0.0200611,0.0158944,0.0359401,0.0373054,
587,0.0,0.0001848,0.0015192,0.0005386,0.0005481,0.002273,0.0014826,0.0074061,0.0195816,0.0092344,0.0363205,0.0232605,0.0426316,0.0273347,
588,0.0,0.0009199,0.0004289,0.0008784,0.0030759,0.0005299,0.002353,0.0080241,0.0073056,0.0402417,0.0249473,0.0399996,0.0324224,0.0402338,
589,0.0,0.0001873,0.0008806,0.0013476,0.0009306,0.0019414,0.0029707,0.0079349,0.0155257,0.0416144,0.0470748,0.0745006,0.0775826,0.0679007,
590,0.0,0.0008802,0.0008831,0.0012754,0.0026248,0.0012232,0.0008244,0.0073249,0.0236721,0.0242401,0.0401218,0.0427961,0.0304202,0.0694946,
591,0.0,0.000186,0.0014686,0.0005373,0.0009345,0.0009651,0.0021281,0.0082303,0.0134529,0.0206493,0.0297341,0.0409167,0.0534672,0.0486502,
592,0.0,0.0001834,0.0004279,0.0012775,0.0016826,0.0011382,0.001736,0.0030976,0.0219614,0.0435346,0.0254235,0.0594948,0.0474929,0.0352911,
593,0.0,0.0001813,0.0015203,0.0007747,0.0005501,0.0022825,0.0024749,0.0017494,0.0123564,0.0158017,0.0333641,0.0469076,0.0556719,0.0487631,
594,0.0,0.00018,0.0008095,0.0012831,0.001197,0.0009661,0.0002241,0.0047453,0.0141373,0.0110126,0.0127323,0.0610038,0.0192462,0.018774,
595,0.0,0.0001776,0.0008849,0.0006734,0.0019305,0.0010062,0.0009577,0.0052498,0.0094613,0.0060434,0.006983,0.0108086,0.0313906,0.0269247,
596,0.0,0.0001778,0.0008087,0.0005349,0.001514,0.0005391,0.001181,0.0069831,0.0189771,0.0108228,0.0149713,0.0218655,0.0296421,0.024623,
597,0.0,0.000178,0.0004303,0.0008842,0.0016981,0.0012231,0.0013601,0.0035085,0.02262,0.0220306,0.0224818,0.01282,0.0301778,0.0339401,
598,0.0,0.0009158,0.0004312,0.0008834,0.0007723,0.0012232,0.0010919,0.0038517,0.0146659,0.0208445,0.0287021,0.0043284,0.0432418,0.0331327,
599,0.0,0.0001754,0.0004318,0.0008827,0.0010788,0.0019544,0.0002022,0.0043264,0.0169937,0.0193578,0.0295099,0.0256267,0.0597319,0.0635567,
600,0.0,0.000175,0.0008795,0.000536,0.0009312,0.0015478,0.0012483,0.003413,0.0102253,0.0164383,0.0147585,0.0282164,0.0805349,0.0641396,
601,0.0,0.0009169,0.0008777,0.0005356,0.0007764,0.0005321,0.0009382,0.0049197,0.0137915,0.0119767,0.0302935,0.0518847,0.050831,0.0635743,
602,0.0,0.0001781,0.0012646,0.0006798,0.000554,0.001893,0.0002032,0.0052852,0.0247434,0.0209888,0.0230749,0.056016,0.0438511,0.074073,
603,0.0,0.0001768,0.0011095,0.0013447,0.0014335,0.0009177,0.0021419,0.0166257,0.0254996,0.0269001,0.0414557,0.0597364,0.0570005,0.0487149,
604,0.0,0.0001774,0.0004323,0.0017521,0.0009266,0.0016227,0.0019213,0.0122853,0.0208616,0.0193131,0.0468193,0.0458465,0.04076,0.0173921,
605,0.0,0.0001797,0.0011106,0.001229,0.0016739,0.0022165,0.0056564,0.0095883,0.0140923,0.0280253,0.0596385,0.030057,0.0585915,0.0133868,
606,0.0,0.0001793,0.001892,0.0014521,0.0033435,0.0029319,0.004102,0.007041,0.0289042,0.0289511,0.0390795,0.0655696,0.0896999,0.0714165,
607,0.0,0.0001783,0.000433,0.0017357,0.0014074,0.0037574,0.0053619,0.0190291,0.034655,0.0251606,0.046124,0.0800914,0.0599575,0.0337901,
608,0.0,0.0001799,0.0010589,0.0042794,0.0066103,0.0126995,0.011644,0.0269366,0.0277492,0.0402064,0.0208071,0.0609265,0.0486787,0.0424657,
609,0.0,0.0001784,0.0008077,0.0024921,0.0029987,0.0029696,0.0025653,0.0043025,0.0149364,0.0478297,0.0385366,0.0368603,0.0620873,0.075548,
610,0.0,0.0001791,0.0004324,0.0005343,0.0022873,0.0012419,0.0051711,0.0070071,0.038463,0.0057085,0.0280013,0.0296114,0.0645169,0.0842253,
611,0.0,0.0001782,0.0011079,0.0007796,0.0005708,0.0005206,0.0011109,0.0079742,0.0153888,0.0412769,0.0418329,0.0402937,0.0584546,0.0680256,
612,0.0,0.000178,0.0008102,0.001461,0.0013949,0.0018481,0.0001869,0.0040007,0.0203624,0.0255413,0.0484272,0.0548222,0.0556832,0.0826931,
