#Time_fs,0,50,100,150,200,250,300,500,750,1000,1250,1500,1750,2000,
1,1e-07,3.2e-05,0.0011184,0.0008969,0.0016486,0.002295,0.0009595,0.0053723,0.0114145,0.0077712,0.0242702,0.0247117,0.0365753,0.0352509,
2,1e-07,3.14e-05,0.0001927,0.0002018,0.0011736,0.0020415,0.0003042,0.0034306,0.0062272,0.015001,0.027178,0.0327594,0.0431294,0.0152502,
3,1e-07,3.13e-05,0.0001933,0.0014143,0.0009193,0.0005069,0.0002977,0.0072869,0.0088165,0.0371949,0.0109121,0.0146778,0.0262272,0.0107293,
4,1e-07,3.03e-05,0.0009096,0.0002004,0.0003928,0.0007674,0.0002949,0.0055395,0.0117797,0.0135057,0.0242192,0.0261421,0.027375,0.0240215,
5,1e-07,2.99e-05,0.0009112,0.0008823,0.0003928,0.0005015,0.0013196,0.0030071,0.0143206,0.0149479,0.021065,0.0305018,0.054433,0.0448608,
6,1e-07,2.97e-05,0.0001887,0.001408,0.000661,0.0005001,0.0010262,0.0020117,0.0036672,0.0034129,0.0305251,0.036177,0.0297063,0.0375183,
7,1e-07,2.93e-05,0.0001873,0.0001977,0.0010561,0.0004962,0.0002842,0.001301,0.0064896,0.0139697,0.0114976,0.0355066,0.0254569,0.0343827,
8,1e-07,2.94e-05,0.0009226,0.0001976,0.0010526,0.0004926,0.0013231,0.0014326,0.0110624,0.0093942,0.0232113,0.0274144,0.0214245,0.0565512,
9,0.0,2.85e-05,0.0001832,0.0001944,0.0006627,0.000498,0.0013795,0.0019651,0.0102581,0.0177615,0.0295048,0.0242092,0.0139618,0.04267,
10,0.0,0.000973,0.0001806,0.000923,0.0009079,0.0004981,0.0011397,0.0052005,0.0099394,0.0123021,0.0159519,0.0205257,0.017929,0.0314579,
11,0.0,2.75e-05,0.0001782,0.0001906,0.0014364,0.00166,0.000286,0.0032026,0.0133835,0.010528,0.011411,0.0130949,0.0155382,0.0202655,
12,0.0,2.82e-05,0.000932,0.000901,0.000397,0.0012963,0.0012391,0.0009108,0.010498,0.0204791,0.003756,0.0555385,0.0331665,0.0350908,
13,0.0,2.8e-05,0.0001798,0.0001926,0.0009042,0.0011802,0.0017503,0.0036107,0.0150143,0.0194593,0.0235941,0.0593395,0.0420251,0.0391469,
14,0.0,2.7e-05,0.00093,0.0008996,0.0003992,0.0015238,0.0010525,0.0035873,0.0180947,0.0074391,0.0418247,0.0348093,0.0246839,0.0381773,
15,0.0,2.71e-05,0.0001746,0.0001886,0.0012258,0.0004983,0.0016674,0.0047808,0.0196635,0.0186265,0.0265967,0.038965,0.0323138,0.0302001,
16,0.0,2.75e-05,0.0009058,0.0001903,0.0021049,0.0017523,0.0022934,0.0044257,0.0291171,0.0332344,0.0274739,0.0305596,0.0260536,0.0252168,
17,0.0,2.7e-05,0.0001745,0.0009318,0.0010609,0.0009366,0.0012474,0.0073306,0.0346179,0.006066,0.0110844,0.048492,0.0224512,0.0559463,
18,1e-07,0.0009887,0.0012871,0.001548,0.0039895,0.0020527,0.0027924,0.0116366,0.0270504,0.014047,0.0361182,0.0342444,0.0126708,0.0561189,
19,1e-07,2.62e-05,0.0030506,0.0036061,0.0038427,0.0093178,0.011475,0.0161233,0.0314122,0.0226021,0.0228064,0.0577964,0.0411507,0.0585105,
20,1e-07,2.66e-05,0.0001709,0.0009359,0.0031419,0.0084829,0.0136652,0.0300173,0.0524064,0.0455739,0.0290143,0.0759328,0.0734717,0.0475752,
21,1e-07,2.62e-05,0.0021012,0.0036097,0.0069096,0.0063994,0.0166115,0.0388132,0.0646992,0.031445,0.0449016,0.06123,0.1117773,0.0223924,
22,1e-07,0.0009947,0.0022737,0.0036096,0.005139,0.0111512,0.0117627,0.018432,0.0323415,0.0166623,0.0679892,0.0423396,0.0278306,0.0697604,
23,1e-07,0.0022487,0.0032785,0.0020812,0.0110437,0.012974,0.0161426,0.0386857,0.0865789,0.0631158,0.0750843,0.0702555,0.0846464,0.1729608,
24,1e-07,0.0029793,0.0060682,0.007216,0.0120895,0.0244194,0.034296,0.0426046,0.0672157,0.0475746,0.0499172,0.0456534,0.0908824,0.1405295,
25,1e-07,0.0078115,0.0127347,0.027447,0.0344673,0.0263788,0.026333,0.0237177,0.0550741,0.0162857,0.0394595,0.0726741,0.0668293,0.0808884,
26,1e-07,0.0045987,0.00604,0.0109604,0.0222698,0.0232361,0.0162042,0.0282887,0.0481791,0.0252446,0.0209491,0.0604878,0.0627207,0.0697568,
27,1e-07,0.0014035,0.0014347,0.0045439,0.0084265,0.0141757,0.0229112,0.0233689,0.0446849,0.0563299,0.0182558,0.0353291,0.0516481,0.0675091,
28,1e-07,2.68e-05,0.0001743,0.0009283,0.0018895,0.0081953,0.0080546,0.0171778,0.02005,0.0125288,0.0205447,0.0166523,0.0499183,0.0579141,
29,0.0,2.75e-05,0.0016853,0.0001903,0.0010924,0.0034588,0.0023633,0.0074496,0.0266059,0.0244431,0.0128568,0.0093404,0.088125,0.0708235,
30,0.0,2.79e-05,0.0001779,0.0008793,0.0006661,0.0007138,0.0020858,0.005086,0.0173776,0.0327127,0.0299254,0.0259348,0.0417573,0.0467234,
31,0.0,0.0013991,0.0001762,0.0001914,0.0003988,0.0026247,0.0013524,0.0041772,0.0153626,0.0295639,0.0252962,0.0189583,0.0323887,0.0249464,
32,1e-07,0.0014317,0.0001793,0.0009422,0.0010926,0.000477,0.0015462,0.004849,0.0154485,0.0295716,0.0316045,0.0311066,0.0404429,0.040682,
33,1e-07,0.0013869,0.0001779,0.0012352,0.0010438,0.0004767,0.0007705,0.0033802,0.0167679,0.0275357,0.0365707,0.0326976,0.0329884,0.060586,
34,0.0,2.91e-05,0.0009396,0.0012343,0.0017978,0.0009578,0.0012591,0.0059653,0.0117198,0.0316778,0.0375748,0.0516382,0.0238895,0.0282272,
35,0.0,0.0013982,0.0001779,0.0001942,0.0003982,0.0012971,0.0010246,0.0046529,0.0150862,0.0154246,0.0368883,0.0380281,0.0159036,0.0149785,
36,0.0,2.84e-05,0.0012599,0.0001925,0.0003985,0.0010201,0.0012594,0.0027496,0.0147906,0.0237394,0.0366478,0.0385119,0.025043,0.0361716,
37,0.0,0.0017116,0.0001799,0.0001948,0.0026446,0.001963,0.0020079,0.0037122,0.0132305,0.0241094,0.0269648,0.0237131,0.0254749,0.034081,
38,0.0,2.82e-05,0.0001791,0.0018725,0.0026494,0.002608,0.0012614,0.012494,0.0230853,0.0284776,0.0414171,0.0199049,0.0506453,0.0416444,
39,0.0,2.84e-05,0.001553,0.0022696,0.0031561,0.0041536,0.0053195,0.0142856,0.0205005,0.0266864,0.0526743,0.0093229,0.0492426,0.0718429,
40,0.0,2.86e-05,0.001811,0.0022282,0.0054577,0.0062721,0.0044916,0.0069664,0.0119526,0.0269003,0.0685016,0.0178423,0.038518,0.0459556,
41,0.0,0.0013881,0.0016893,0.0021015,0.0058868,0.0034703,0.0044303,0.0211956,0.0221901,0.0245506,0.0789608,0.0335387,0.0391116,0.0574285,
42,0.0,2.73e-05,0.000903,0.0062601,0.0110453,0.0140433,0.0178942,0.0158723,0.0336549,0.0272852,0.0548476,0.0451232,0.0452247,0.0377317,
43,1e-07,0.0017126,0.0011146,0.002389,0.0084438,0.009056,0.0051558,0.0181814,0.0316695,0.0367247,0.0511935,0.07515,0.0576178,0.0569717,
44,1e-07,0.0024683,0.0056562,0.0081715,0.0081492,0.0097899,0.006892,0.0105179,0.0230079,0.0671182,0.0933497,0.0723736,0.0400723,0.0276317,
45,1e-07,0.0031433,0.0060019,0.0105268,0.0112784,0.015163,0.0193906,0.0193309,0.077341,0.0993187,0.1125688,0.1016431,0.0493545,0.0289063,
46,1e-07,0.0054532,0.0064191,0.0100426,0.0208872,0.0410804,0.0719265,0.0971999,0.1310364,0.1439146,0.1230079,0.0777424,0.0670206,0.0663795,
47,1e-07,0.0029928,0.0081033,0.0041401,0.0097159,0.0093109,0.0073778,0.0380253,0.0677802,0.0304556,0.0663624,0.0568382,0.1015517,0.0784955,
48,1e-07,2.73e-05,0.0009076,0.0037505,0.0032273,0.0011277,0.004698,0.028177,0.0251395,0.042352,0.0274909,0.0584518,0.0975984,0.0659001,
49,1e-07,0.0013943,0.0020997,0.0033374,0.006389,0.0077163,0.0146481,0.0274696,0.0526415,0.0706393,0.0465149,0.0515657,0.0548152,0.060411,
50,1e-07,2.79e-05,0.0012726,0.0020857,0.0033408,0.0061074,0.0111827,0.0127841,0.0479706,0.0740824,0.0543209,0.0548618,0.0421374,0.0669101,
51,0.0,0.0014293,0.0009031,0.0011412,0.0020446,0.00346,0.0086474,0.0119495,0.0599148,0.0961219,0.0771504,0.0528993,0.0512702,0.0527444,
52,0.0,2.95e-05,0.0011128,0.0001992,0.0025625,0.0027612,0.0057272,0.010465,0.0472076,0.0952975,0.069998,0.0895341,0.0571922,0.0869143,
53,0.0,2.97e-05,0.0014188,0.0011042,0.0016802,0.0020794,0.0056314,0.0268129,0.0226924,0.0728147,0.1002481,0.0607652,0.0357848,0.051413,
54,0.0,0.0010246,0.0017916,0.0014628,0.0016824,0.0026495,0.0032299,0.0080856,0.0241755,0.0485422,0.0953044,0.0740216,0.0255222,0.0351184,
55,0.0,2.98e-05,0.0014186,0.0015942,0.002492,0.0026434,0.00384,0.0144809,0.0322979,0.0409347,0.0889342,0.0923061,0.0634395,0.0729649,
56,0.0,2.94e-05,0.0011119,0.0001941,0.0008916,0.0037939,0.0046477,0.012369,0.042937,0.0471606,0.1063543,0.0952986,0.0716009,0.0814049,
57,1e-07,2.86e-05,0.0001748,0.0014162,0.0010414,0.0016422,0.0040496,0.0153225,0.0224767,0.048273,0.069317,0.0766224,0.0656853,0.0675926,
58,0.0,2.9e-05,0.0014399,0.0009398,0.0010411,0.000834,0.0011796,0.0085328,0.0255499,0.0623208,0.0533597,0.0782304,0.0769822,0.0782937,
59,0.0,2.95e-05,0.0016937,0.0015654,0.0022123,0.0022276,0.0018072,0.0135071,0.0236299,0.0520358,0.0283994,0.0284068,0.0366057,0.0601903,
60,1e-07,2.88e-05,0.000924,0.0008937,0.0013476,0.0004744,0.0042556,0.0153299,0.0250849,0.0587759,0.0741473,0.0371087,0.0821632,0.0978391,
61,1e-07,2.83e-05,0.0014272,0.000893,0.0028168,0.0026181,0.0053325,0.0093233,0.0307608,0.0432517,0.0751161,0.0447444,0.0726028,0.0891962,
62,0.0,0.0014297,0.0023792,0.0017837,0.0013701,0.0022543,0.0053201,0.0193407,0.0157625,0.0511744,0.0710129,0.0607527,0.0685064,0.1047336,
63,0.0,0.0014175,0.0001679,0.0015918,0.0011926,0.0011252,0.0027724,0.0071989,0.014193,0.1069116,0.1350945,0.0943733,0.0846087,0.1610411,
64,1e-07,2.76e-05,0.0014423,0.0011316,0.0013326,0.0014509,0.0048639,0.0260728,0.0194273,0.0912586,0.1234563,0.0828321,0.0959306,0.1794445,
65,1e-07,0.0010165,0.0011094,0.0018843,0.0033767,0.00284,0.0035696,0.017979,0.0228686,0.0550356,0.0778204,0.0675732,0.0609083,0.107011,
66,1e-07,0.0009849,0.0009299,0.0009435,0.0015804,0.0025232,0.0057623,0.0236763,0.0262961,0.0273883,0.0494038,0.0977532,0.0658974,0.0566187,
67,1e-07,2.65e-05,0.0001656,0.0015551,0.0040068,0.0120767,0.012978,0.0072362,0.0573159,0.0434701,0.0385819,0.0545424,0.0678289,0.0615432,
68,1e-07,2.65e-05,0.0011134,0.0010877,0.0020651,0.004134,0.0041811,0.0078042,0.0462782,0.0521095,0.0242608,0.0681649,0.0304436,0.0190219,
69,1e-07,0.0010133,0.001563,0.0009406,0.0039998,0.0031447,0.0064182,0.0112897,0.0315744,0.0487552,0.0317389,0.0611358,0.0432059,0.0641544,
70,1e-07,0.0010225,0.0009335,0.0008931,0.0019187,0.0050945,0.0051193,0.0066377,0.0157708,0.0520932,0.0552478,0.0465745,0.0530065,0.0367508,
71,1e-07,0.0009902,0.0001652,0.0024457,0.0022525,0.0037335,0.0053588,0.0094587,0.0507426,0.0286924,0.0611319,0.0908975,0.0711849,0.0263289,
72,1e-07,0.0014207,0.0014239,0.001128,0.0024137,0.00069,0.0063187,0.014275,0.0372914,0.0357403,0.0408945,0.0700791,0.024716,0.0393011,
73,1e-07,0.00142,0.0014448,0.0011294,0.0037335,0.0032998,0.0024581,0.0086536,0.0241959,0.0330428,0.0424752,0.0147799,0.0431683,0.0352758,
74,1e-07,2.59e-05,0.0010829,0.0023947,0.0032635,0.0025875,0.0046968,0.005365,0.0435442,0.0348946,0.023864,0.026982,0.037346,0.017556,
75,1e-07,2.66e-05,0.0009386,0.0014263,0.0017064,0.0020666,0.0042278,0.0048649,0.0430287,0.0394796,0.0366345,0.0520158,0.0453047,0.0129558,
76,0.0,2.72e-05,0.0009399,0.0012875,0.0010892,0.0012127,0.0037741,0.0110825,0.0232174,0.0510362,0.0525249,0.0384179,0.0040564,0.0530838,
77,0.0,0.0010169,0.0001693,0.0001882,0.0004024,0.0004834,0.0021075,0.0097046,0.0245878,0.0148172,0.0108667,0.0367485,0.0028793,0.0390018,
78,0.0,2.88e-05,0.0001705,0.0014691,0.0018018,0.0006845,0.0019842,0.0022298,0.022891,0.0279736,0.0203925,0.0330887,0.0291444,0.0378361,
79,0.0,2.93e-05,0.0014499,0.0011433,0.0013672,0.0017722,0.0023376,0.0099021,0.0243747,0.0280001,0.0867115,0.0176941,0.0577804,0.0310861,
80,0.0,2.95e-05,0.000932,0.0018462,0.000892,0.0012877,0.0011791,0.0074223,0.0134875,0.0129806,0.0319845,0.0272268,0.0282459,0.0345213,
81,1e-07,0.0009838,0.0009291,0.0019356,0.0010918,0.0017689,0.0021473,0.0098824,0.0186733,0.0372505,0.0367072,0.0514843,0.0372568,0.0461033,
82,1e-07,3.03e-05,0.0001827,0.0015753,0.0003957,0.0017108,0.0016941,0.006804,0.0123306,0.0247655,0.0502381,0.0258681,0.0549138,0.0437933,
83,1e-07,0.0009855,0.0021899,0.0014083,0.0015715,0.0013491,0.0009178,0.0018183,0.0057769,0.0234393,0.0757237,0.0308998,0.0705432,0.0358801,
84,1e-07,3.07e-05,0.0012774,0.0014559,0.0016767,0.0009763,0.0009185,0.0034631,0.0165877,0.0437101,0.0379882,0.03175,0.0587358,0.065624,
85,0.0,2.97e-05,0.0001858,0.0017104,0.0010554,0.0013346,0.0030611,0.0057265,0.0160291,0.0196176,0.0385787,0.0495475,0.0583588,0.0512311,
86,0.0,2.94e-05,0.0018022,0.0001978,0.0008973,0.0007095,0.0023398,0.0022364,0.0173153,0.0125114,0.0626836,0.0326071,0.0565077,0.0273296,
87,0.0,0.0010017,0.0015734,0.0009361,0.0013562,0.001147,0.0012679,0.0026309,0.0074282,0.0056031,0.0449031,0.0395807,0.0623403,0.0410593,
88,0.0,2.94e-05,0.0001799,0.0001959,0.000397,0.0013527,0.0012669,0.0032195,0.0146856,0.0075293,0.0474631,0.0477851,0.0673741,0.0349692,
89,0.0,2.88e-05,0.0008949,0.0001928,0.0003989,0.0023707,0.0009069,0.0030091,0.0340458,0.0425685,0.0254691,0.0353664,0.0291976,0.021,
90,0.0,0.0014241,0.0001755,0.0014744,0.0015838,0.0006971,0.0016856,0.0038775,0.0204756,0.0420319,0.0305762,0.0319351,0.0283556,0.043616,
91,0.0,2.83e-05,0.0014468,0.0017107,0.0004012,0.0015518,0.0007832,0.0061134,0.0073753,0.0205515,0.045651,0.0170682,0.0706296,0.028088,
92,0.0,2.84e-05,0.0009432,0.0001895,0.0013695,0.0018281,0.0015298,0.0066333,0.0296688,0.0510503,0.0475371,0.0233771,0.0825253,0.0358353,
93,0.0,2.8e-05,0.0001707,0.0009559,0.001882,0.0013073,0.0011642,0.0078613,0.0291368,0.0630122,0.0638527,0.0370435,0.0390231,0.067921,
94,0.0,2.83e-05,0.0017875,0.0017127,0.001867,0.0016637,0.0015433,0.0075982,0.0232011,0.0245795,0.0386579,0.0256824,0.0443732,0.0829854,
95,0.0,2.78e-05,0.0001741,0.0001901,0.0004,0.0007898,0.0012692,0.0066015,0.008289,0.0255163,0.0287296,0.0330653,0.0359839,0.0329304,
96,0.0,0.0010041,0.0009437,0.000949,0.0004001,0.0015303,0.0007595,0.0022895,0.0053712,0.0433648,0.0388446,0.0703024,0.0252255,0.0143069,
97,0.0,2.77e-05,0.0001757,0.0001907,0.0018683,0.0007764,0.0002772,0.0025402,0.0033068,0.0180169,0.0177568,0.0428936,0.024583,0.0317033,
98,0.0,2.86e-05,0.0014033,0.0001937,0.0011865,0.0013397,0.0002711,0.0037075,0.0057517,0.022394,0.0197646,0.039666,0.0714737,0.0154884,
99,1e-07,2.92e-05,0.0001826,0.0008722,0.0003957,0.0007349,0.0012448,0.0034374,0.0101274,0.0348902,0.0390619,0.0440023,0.0397887,0.0644647,
100,1e-07,3.02e-05,0.0012723,0.0002,0.0003938,0.000956,0.0015367,0.0037287,0.0103403,0.0226262,0.0541458,0.0295657,0.0399631,0.027663,
101,1e-07,0.0010003,0.0001878,0.0015795,0.0010537,0.0010206,0.0012491,0.0019423,0.0072869,0.0285339,0.0473972,0.0464944,0.0341261,0.033393,
102,1e-07,3.12e-05,0.0001906,0.0002038,0.0010953,0.0004619,0.0009385,0.0058442,0.0111383,0.0211915,0.0557779,0.028792,0.0275549,0.0426569,
103,1e-07,3.1e-05,0.0001907,0.000204,0.0013625,0.0014503,0.00077,0.0049489,0.0067368,0.0105249,0.0549209,0.033341,0.0176793,0.0225236,
104,1e-07,3.17e-05,0.0011407,0.001283,0.0012223,0.0004574,0.0012555,0.0042945,0.0124058,0.0188821,0.0201064,0.0392833,0.0233791,0.0260419,
105,1e-07,3.19e-05,0.0001963,0.0002084,0.0003892,0.0004554,0.0011898,0.0075358,0.0084407,0.0207942,0.0123296,0.0472336,0.0525211,0.0228952,
106,1e-07,3.21e-05,0.0009142,0.0009166,0.0010473,0.0014932,0.0007666,0.0083092,0.0214815,0.0418856,0.0054034,0.0291876,0.0552734,0.0353856,
107,1e-07,3.26e-05,0.0002012,0.0002121,0.0011809,0.0011719,0.0002525,0.0032719,0.0175501,0.024893,0.0282971,0.0550111,0.0564423,0.0244088,
108,1e-07,3.22e-05,0.0002011,0.0009211,0.0017057,0.0013188,0.0007656,0.0026129,0.0188983,0.0408099,0.0257211,0.0524034,0.0686077,0.0782637,
109,1e-07,3.21e-05,0.0009053,0.0018178,0.0006687,0.0014836,0.0020163,0.0037563,0.0211574,0.0218733,0.0121729,0.0500659,0.0642321,0.0599494,
110,1e-07,3.19e-05,0.0001988,0.0002094,0.000669,0.0007492,0.0002629,0.005847,0.0134151,0.0154655,0.0247231,0.0200931,0.0423989,0.0492559,
111,1e-07,0.0009692,0.0001954,0.0009089,0.0003901,0.0007478,0.0010457,0.00593,0.0066119,0.026297,0.0156096,0.0473662,0.0492119,0.0588665,
112,1e-07,3.03e-05,0.0001918,0.0002025,0.0009085,0.0013222,0.0011724,0.0104165,0.006282,0.0162014,0.0253839,0.0393592,0.0167425,0.0230968,
113,0.0,2.92e-05,0.0012643,0.0009147,0.0009091,0.0004883,0.0030083,0.0080076,0.0094537,0.0139062,0.0073779,0.0192888,0.0220265,0.0325307,
114,0.0,2.85e-05,0.0001848,0.0001962,0.0018698,0.0007618,0.0016726,0.0085256,0.0166051,0.0095948,0.0131346,0.0268463,0.0382001,0.0197337,
115,0.0,2.76e-05,0.0011226,0.0015411,0.0030661,0.0046429,0.0046096,0.0190995,0.0259024,0.0255438,0.0242384,0.0346718,0.0264196,0.0351928,
116,0.0,2.69e-05,0.001279,0.001274,0.0043327,0.0058277,0.0100832,0.0358264,0.0379935,0.0278589,0.0078331,0.0405038,0.0265267,0.0502241,
117,1e-07,2.64e-05,0.0001754,0.0031641,0.0102025,0.0149164,0.0216146,0.0365921,0.0376714,0.0432819,0.0154592,0.047666,0.0352867,0.0335396,
118,1e-07,2.58e-05,0.0014305,0.0079687,0.0218281,0.0273907,0.0235053,0.0302235,0.0181229,0.0173369,0.0077877,0.029434,0.0336077,0.0291684,
119,1e-07,0.0022177,0.0039562,0.0165125,0.0315458,0.0319617,0.0374998,0.0409812,0.0149499,0.0388578,0.0279678,0.0274285,0.0361173,0.029947,
120,1e-07,2.6e-05,0.0021153,0.0106843,0.0201005,0.0179161,0.0262535,0.0287587,0.0210486,0.0330259,0.0283472,0.0333862,0.0482904,0.047448,
121,1e-07,0.0017277,0.0012698,0.0020849,0.0078755,0.0119605,0.0217289,0.0288911,0.0387823,0.0321945,0.0398971,0.0249978,0.0378905,0.0383593,
122,1e-07,2.61e-05,0.0001734,0.0009216,0.0035574,0.0074336,0.0179819,0.0357376,0.0225479,0.0212594,0.0529471,0.0467264,0.0374104,0.0369933,
123,1e-07,2.59e-05,0.0009039,0.0014235,0.0020636,0.0005134,0.0023577,0.0185336,0.0360714,0.0426797,0.0104713,0.0246876,0.0456431,0.0285613,
124,1e-07,2.66e-05,0.0001768,0.0015769,0.0018761,0.0018779,0.0030309,0.009102,0.0159718,0.0371801,0.0294492,0.0499413,0.0265568,0.0344292,
125,0.0,2.75e-05,0.0012702,0.000888,0.0003971,0.0005038,0.0002849,0.0085571,0.0142408,0.0143525,0.0152126,0.03059,0.0323238,0.0354184,
126,0.0,2.82e-05,0.000895,0.0001953,0.0013368,0.0016526,0.0002836,0.0029572,0.0111446,0.0125256,0.015225,0.0386089,0.0340039,0.0167519,
127,0.0,0.000997,0.0001884,0.0001991,0.0006622,0.0004934,0.0010254,0.0018266,0.0116443,0.0228895,0.0211058,0.0378087,0.0379198,0.0334836,
128,0.0,2.95e-05,0.0001905,0.0009058,0.0017082,0.0007475,0.0011677,0.0012499,0.0097323,0.0230076,0.0180208,0.0337,0.0302514,0.042078,
129,1e-07,3.04e-05,0.0009098,0.0002049,0.0010484,0.0013097,0.0012448,0.005893,0.0150705,0.0498215,0.0348438,0.0335617,0.0299473,0.044312,
130,1e-07,3.08e-05,0.0001957,0.0002063,0.001371,0.0007581,0.0015524,0.0045209,0.0141043,0.0475136,0.031589,0.0214142,0.0233857,0.0419838,
131,1e-07,3.09e-05,0.0001974,0.0002077,0.0009103,0.000955,0.0027602,0.0037546,0.0217605,0.0355011,0.0210514,0.0157103,0.03201,0.0456647,
132,1e-07,3.19e-05,0.0015311,0.0002118,0.0006689,0.0034593,0.0036929,0.0033835,0.0224715,0.0253358,0.0235354,0.0242673,0.0425467,0.0480843,
133,1e-07,0.0017105,0.0001994,0.0018912,0.0006687,0.0026701,0.0038055,0.0067072,0.0072332,0.0284487,0.0320752,0.0370472,0.0259866,0.0390062,
134,1e-07,0.0009934,0.0001969,0.0008684,0.0013304,0.0011785,0.0020369,0.0044134,0.0178998,0.0134907,0.0248528,0.0437902,0.0275227,0.0261677,
135,0.0,2.99e-05,0.0009111,0.0002043,0.0010498,0.0018116,0.0020265,0.0079388,0.0175969,0.0225371,0.0237817,0.0396527,0.0507836,0.0285837,
136,0.0,2.93e-05,0.0011193,0.0017876,0.0024199,0.004179,0.0051657,0.0101032,0.0247815,0.0111056,0.0228271,0.0366866,0.0350653,0.0849557,
137,0.0,2.88e-05,0.0001892,0.0014373,0.0020355,0.0057438,0.0083689,0.010343,0.016123,0.0229533,0.0513208,0.0187525,0.0266056,0.0836526,
138,0.0,2.8e-05,0.001122,0.0065162,0.0108715,0.0147753,0.0143165,0.0103996,0.0538955,0.0196314,0.0598919,0.0252532,0.0374387,0.0590555,
139,1e-07,0.000996,0.0016753,0.0052244,0.0061557,0.0086803,0.0081394,0.0122776,0.0233833,0.0253449,0.0506108,0.0158565,0.0308729,0.0374196,
140,1e-07,0.0014363,0.003908,0.0072954,0.0096055,0.0125887,0.0071883,0.036769,0.048656,0.0208326,0.0370614,0.0640924,0.0375598,0.0215098,
141,1e-07,0.0024427,0.0079512,0.0103056,0.0117506,0.0127164,0.021433,0.0300017,0.0490638,0.0298073,0.0463793,0.0510093,0.0413721,0.0552344,
142,1e-07,0.0013935,0.0102191,0.0224109,0.0211976,0.0162718,0.0204861,0.0411424,0.0661256,0.0544482,0.0575479,0.024756,0.0102327,0.0520456,
143,1e-07,0.0061461,0.0225101,0.0425297,0.0458982,0.0472824,0.0426442,0.032184,0.0426833,0.0618677,0.0311253,0.0343749,0.0596334,0.0509108,
144,1e-07,0.0014166,0.0072612,0.019799,0.0309527,0.0348477,0.0401017,0.0304416,0.0337968,0.0244875,0.0277485,0.0590725,0.040803,0.0455512,
145,1e-07,0.0020106,0.0042968,0.008208,0.0133532,0.0199519,0.0382817,0.03596,0.0549965,0.0155075,0.0404579,0.0217034,0.0355303,0.0590025,
146,0.0,0.001424,0.0039061,0.0084727,0.007582,0.0052533,0.0052573,0.0227898,0.0481517,0.0205946,0.0381497,0.0371612,0.0261986,0.0578763,
147,0.0,2.74e-05,0.0001797,0.0015752,0.0037748,0.0083986,0.0060227,0.0177389,0.024681,0.0178093,0.0336809,0.0177854,0.0198493,0.0235767,
148,0.0,0.0017509,0.0011053,0.0021016,0.0035956,0.0054537,0.007911,0.0193792,0.0226166,0.0147443,0.0244117,0.0295602,0.0051171,0.0197147,
149,1e-07,2.91e-05,0.0025274,0.0014217,0.0022612,0.0049141,0.0049292,0.0164005,0.0137164,0.0116571,0.0180939,0.0202587,0.0348178,0.0325403,
150,1e-07,2.97e-05,0.0001881,0.0001999,0.0012203,0.0023609,0.003529,0.0037367,0.0110443,0.0093894,0.0263816,0.0320702,0.0258712,0.0215334,
151,1e-07,3.05e-05,0.001106,0.0002022,0.0003918,0.0007544,0.0033438,0.0035765,0.0125211,0.0282133,0.027601,0.0312434,0.0293085,0.0392279,
152,1e-07,3.06e-05,0.0009057,0.0009092,0.0009049,0.0013229,0.0012586,0.0008564,0.011491,0.0310822,0.0272062,0.0244958,0.0218942,0.0449495,
153,1e-07,3.16e-05,0.0001941,0.0002054,0.0017046,0.0004703,0.0012575,0.0034488,0.0108945,0.0171866,0.0347428,0.025934,0.0205753,0.0454206,
154,1e-07,3.15e-05,0.0001932,0.0002042,0.0003908,0.0007625,0.0020128,0.0033168,0.0041191,0.0305497,0.043942,0.0494306,0.0361742,0.0190309,
155,1e-07,3.09e-05,0.0001901,0.0012849,0.0017044,0.0011748,0.0013861,0.0046554,0.0044903,0.0252528,0.0305367,0.0276985,0.0535913,0.0407846,
156,1e-07,3.08e-05,0.0001901,0.0002023,0.0003921,0.0010213,0.0007528,0.0047024,0.007396,0.0326419,0.041142,0.0368187,0.0600903,0.0492407,
157,1e-07,3.02e-05,0.0017035,0.0002005,0.0003929,0.000475,0.0002688,0.0040838,0.0030751,0.0135228,0.0494905,0.0080462,0.0333066,0.0436991,
158,1e-07,3.07e-05,0.0001906,0.0002028,0.0003919,0.0013161,0.0019741,0.0054497,0.0053953,0.0093406,0.0397945,0.0109098,0.0525977,0.0261884,
159,1e-07,3.01e-05,0.0001884,0.0002008,0.0009026,0.0013164,0.0022176,0.0059198,0.0117095,0.0077175,0.0355904,0.0326228,0.0307039,0.0117571,
160,1e-07,3.05e-05,0.0001909,0.0015879,0.0043076,0.0062795,0.0114503,0.0111635,0.0093888,0.0081756,0.0233854,0.0373046,0.0218533,0.0283315,
161,1e-07,2.97e-05,0.0001888,0.0023749,0.0052809,0.008766,0.0112286,0.0224142,0.0223524,0.0088421,0.0115971,0.0514382,0.0236272,0.0400711,
162,0.0,2.88e-05,0.0018041,0.0076052,0.0115476,0.0183858,0.0142651,0.0243609,0.0266611,0.0206532,0.009694,0.0390953,0.0274268,0.0638797,
163,0.0,0.0009968,0.005438,0.0154704,0.0221953,0.0339583,0.0276465,0.0208192,0.0427979,0.0123351,0.0319251,0.0497298,0.0156017,0.0612937,
164,0.0,0.0031707,0.0091448,0.0159084,0.0233194,0.0268521,0.0276845,0.0235838,0.0506548,0.0136962,0.0121906,0.0221637,0.0328921,0.0619093,
165,0.0,0.0024684,0.0050291,0.0072588,0.0184157,0.0166836,0.0086815,0.0172972,0.0398413,0.0214748,0.0283322,0.0209699,0.0254935,0.0560335,
166,0.0,0.0036321,0.0094102,0.0092296,0.0099666,0.0091847,0.0190419,0.0562673,0.0278895,0.0346903,0.0575635,0.0155976,0.0364847,0.0366242,
167,0.0,0.0010267,0.0059042,0.0066337,0.0059708,0.0092673,0.0120077,0.0352628,0.0603092,0.0179042,0.0443016,0.0388539,0.0303327,0.0408673,
168,0.0,0.0031863,0.009336,0.0176374,0.0265067,0.0233829,0.0225311,0.0531166,0.0566102,0.0247968,0.0333457,0.0298885,0.0279183,0.0725382,
169,0.0,0.0017222,0.0055336,0.0077186,0.0109268,0.0116824,0.0098391,0.0151395,0.0174314,0.0220315,0.0606543,0.0936299,0.0162128,0.0409769,
170,1e-07,0.0014299,0.0021974,0.0069736,0.0171737,0.0233741,0.0257671,0.0162885,0.0234316,0.0287324,0.0553973,0.086085,0.0137768,0.0331919,
171,0.0,0.0009729,0.0001884,0.0026319,0.0056129,0.0044063,0.0057687,0.0196485,0.0270858,0.025846,0.0206559,0.051534,0.0517431,0.0287009,
172,0.0,2.82e-05,0.0023814,0.0060835,0.0082418,0.0067544,0.0065216,0.011703,0.0404799,0.0337256,0.0400197,0.048671,0.024838,0.0129397,
173,0.0,2.89e-05,0.0020952,0.0012509,0.0025383,0.0062429,0.0124664,0.0201569,0.0451577,0.0294993,0.0678639,0.0444038,0.0434506,0.0227991,
174,0.0,2.92e-05,0.0015441,0.0015657,0.003348,0.0052456,0.0098637,0.0064154,0.0493452,0.0202239,0.0613258,0.0155808,0.0733161,0.0394955,
175,1e-07,0.0009902,0.0001894,0.0012431,0.0030062,0.0078141,0.0070826,0.0093387,0.0156577,0.0112182,0.0469507,0.0171927,0.033682,0.0280572,
176,1e-07,3.05e-05,0.0001906,0.001109,0.0006708,0.0050048,0.0048812,0.0095533,0.0054022,0.0058692,0.0374839,0.0264418,0.0247416,0.0288439,
177,1e-07,3.01e-05,0.0001874,0.0009289,0.0012248,0.003168,0.0022186,0.0048961,0.0003879,0.0110729,0.0328615,0.0104265,0.0184451,0.0317587,
178,1e-07,0.001406,0.0001894,0.0002033,0.001327,0.001833,0.0023198,0.0024253,0.012572,0.0148427,0.030827,0.0335968,0.012046,0.0342677,
179,1e-07,0.001424,0.0009174,0.0011535,0.0003931,0.0014525,0.0019905,0.0037276,0.0074859,0.0147294,0.0426353,0.0268316,0.0282666,0.0426157,
180,1e-07,3.11e-05,0.0019068,0.0009236,0.000899,0.0013387,0.0022402,0.0059192,0.0079406,0.0090745,0.0501655,0.0234146,0.0691356,0.010837,
181,1e-07,3.05e-05,0.0001923,0.0009134,0.0003915,0.0012042,0.0033989,0.0052899,0.0039541,0.0335745,0.0428086,0.0271015,0.0713138,0.0104891,
182,1e-07,3.09e-05,0.0001945,0.0009153,0.0006702,0.0009668,0.0013427,0.0133045,0.0102691,0.0288546,0.0385669,0.0560476,0.0618557,0.044022,
183,1e-07,0.0014083,0.0014139,0.0009094,0.0014363,0.0018662,0.003571,0.0178859,0.0121927,0.0301005,0.0356698,0.1148341,0.0518352,0.0680686,
184,1e-07,3.11e-05,0.0008901,0.0020779,0.0010487,0.0021525,0.0045378,0.0244956,0.0225474,0.0702157,0.0744478,0.0504404,0.0579847,0.0567285,
185,1e-07,3.01e-05,0.0008937,0.0011516,0.0030145,0.0026191,0.0055914,0.0228155,0.0372389,0.0957608,0.1125275,0.0902261,0.0760332,0.0983572,
186,0.0,2.97e-05,0.0023836,0.0042219,0.0063096,0.0077653,0.0128303,0.030791,0.0662958,0.0944532,0.1005964,0.1131339,0.0902677,0.0631368,
187,0.0,0.0017417,0.0066596,0.0057309,0.0102377,0.0154653,0.0137441,0.0347303,0.0779624,0.0510579,0.0749613,0.1057218,0.0954483,0.056314,
188,0.0,0.0009887,0.0014229,0.0022853,0.0072263,0.0032365,0.0103113,0.0548829,0.0673328,0.0593328,0.0783059,0.0872425,0.1299836,0.0656975,
189,0.0,0.001394,0.0052948,0.0115494,0.0200594,0.035127,0.0431174,0.0439369,0.052438,0.0460972,0.075013,0.1025275,0.1192637,0.0858164,
190,0.0,0.0043838,0.0096591,0.0166064,0.0302265,0.0418537,0.0529149,0.0329925,0.0340327,0.0452203,0.0592069,0.0742574,0.0781974,0.043253,
191,0.0,0.0010262,0.002446,0.0028282,0.012304,0.0227032,0.0256815,0.0255084,0.0247965,0.0341968,0.0425981,0.0842322,0.055887,0.0471441,
192,0.0,0.0017439,0.0034115,0.0101205,0.0232813,0.032192,0.0286889,0.0425447,0.0277058,0.0277314,0.0373799,0.0631325,0.0258208,0.0498903,
193,0.0,2.93e-05,0.0016858,0.0008775,0.0023198,0.003907,0.011204,0.0360979,0.0513409,0.0440075,0.0833555,0.0805976,0.03442,0.0474136,
194,0.0,3e-05,0.0001959,0.0002064,0.0010489,0.0057092,0.0042806,0.012322,0.0187478,0.0275209,0.0710857,0.0918772,0.1044437,0.1640837,
195,1e-07,0.0009947,0.0008937,0.0002103,0.0012146,0.0037636,0.0036043,0.0097435,0.0435735,0.0156487,0.037934,0.0501428,0.0677657,0.1173344,
196,1e-07,3.11e-05,0.000892,0.0008923,0.0013323,0.0011813,0.0055007,0.0094648,0.0333856,0.0242508,0.0491422,0.0538729,0.0403443,0.046843,
197,1e-07,0.0009966,0.0011333,0.0008916,0.001674,0.0013695,0.0021678,0.0075407,0.0251219,0.0273636,0.0118374,0.0319454,0.0160024,0.0304948,
198,1e-07,3.2e-05,0.0014164,0.0014657,0.0014385,0.0026504,0.0034596,0.0042356,0.0194026,0.0177322,0.0157735,0.0233477,0.0236639,0.0428873,
199,1e-07,3.24e-05,0.0002036,0.0011544,0.0016719,0.0004755,0.0024384,0.004818,0.0109056,0.0210511,0.0282875,0.0198119,0.0260574,0.0378363,
200,1e-07,3.29e-05,0.0002045,0.0008931,0.0009141,0.0004705,0.0011128,0.0082878,0.008672,0.0200688,0.0263285,0.0201068,0.0308008,0.0296845,
201,1e-07,3.39e-05,0.0008973,0.0012214,0.000385,0.0007307,0.0016546,0.0044374,0.0078999,0.0177083,0.039736,0.0276946,0.0303943,0.0161096,
202,1e-07,3.41e-05,0.0009101,0.0012713,0.0010405,0.0007289,0.0007487,0.0042974,0.013707,0.0181826,0.028299,0.0255847,0.028535,0.0255983,
203,1e-07,3.3e-05,0.0002035,0.0002131,0.0010428,0.0007307,0.0009538,0.0030714,0.0114578,0.0155585,0.0183858,0.0132042,0.0060939,0.0594248,
204,1e-07,3.32e-05,0.0012445,0.0002134,0.0006655,0.0016795,0.0011136,0.0006797,0.0030768,0.0198328,0.0254625,0.0294655,0.0210177,0.039018,
205,1e-07,3.42e-05,0.000207,0.0002161,0.0010405,0.0011567,0.0012347,0.0017889,0.0018975,0.0242001,0.0341531,0.038045,0.05658,0.043014,
206,1e-07,3.35e-05,0.0009053,0.0002132,0.0016706,0.0007203,0.001027,0.0016429,0.0053259,0.003532,0.0259767,0.0466223,0.0414963,0.027637,
207,1e-07,3.27e-05,0.0014406,0.0011521,0.0009177,0.0010243,0.0002828,0.0013225,0.0051568,0.0121684,0.0143709,0.0276016,0.0107014,0.0279002,
208,1e-07,3.37e-05,0.0002045,0.0012546,0.0010414,0.001194,0.001052,0.0004622,0.0070356,0.0151342,0.0224283,0.0228991,0.0101428,0.0449129,
209,1e-07,3.42e-05,0.0002053,0.0009274,0.0011736,0.0007929,0.0011756,0.0021026,0.0056203,0.0116175,0.0291491,0.0352602,0.0243556,0.0402262,
210,1e-07,3.32e-05,0.0002011,0.0002101,0.0009184,0.000787,0.0013768,0.0036251,0.0067301,0.0134501,0.0354467,0.0270405,0.0299977,0.047331,
211,1e-07,3.32e-05,0.0009039,0.0002104,0.000388,0.0004986,0.0015766,0.0011966,0.0079931,0.0166724,0.0142089,0.0226561,0.0359498,0.0664948,
212,1e-07,3.44e-05,0.0002046,0.001255,0.0003866,0.0017034,0.0010287,0.0024768,0.0132468,0.0117975,0.0182743,0.044259,0.0312098,0.0616268,
213,1e-07,3.38e-05,0.00088,0.0002107,0.0003875,0.0004983,0.000718,0.0032954,0.009452,0.0067763,0.0196061,0.0416091,0.0283709,0.0539031,
214,1e-07,3.3e-05,0.0001989,0.0002079,0.0011729,0.0007916,0.0015428,0.0082041,0.0100519,0.0359749,0.043475,0.0433245,0.0086916,0.0484681,
215,1e-07,3.4e-05,0.0008832,0.000885,0.0013158,0.0005096,0.0012915,0.010433,0.0132698,0.0200708,0.0217631,0.0357655,0.0985153,0.053923,
216,1e-07,3.4e-05,0.0009002,0.0002118,0.0010684,0.0013555,0.0012916,0.0080374,0.0166071,0.0161938,0.0144758,0.0419881,0.0574865,0.0377998,
217,1e-07,3.53e-05,0.000207,0.0014669,0.00107,0.0008042,0.0002985,0.0076319,0.0179488,0.018652,0.0380492,0.0280291,0.0630567,0.0252097,
218,1e-07,3.53e-05,0.0016878,0.0009346,0.0010388,0.0005045,0.0012904,0.0019317,0.0156764,0.0111313,0.0396872,0.0286381,0.0314618,0.0400333,
219,1e-07,3.51e-05,0.0008927,0.0012609,0.0014413,0.0004969,0.0002914,0.0009987,0.0084518,0.0229453,0.0187377,0.0433662,0.0443597,0.0245559,
220,1e-07,3.62e-05,0.0008932,0.0002216,0.0009246,0.0004906,0.000723,0.0007064,0.007526,0.0245146,0.0162223,0.0284642,0.0193106,0.0140907,
221,1e-07,0.0013886,0.0009126,0.0009397,0.0010344,0.0004859,0.0012816,0.00118,0.0177136,0.0174409,0.0656626,0.0376311,0.0489292,0.0214791,
222,2e-07,0.0009623,0.0020816,0.0009414,0.0010324,0.0004844,0.0014747,0.0039729,0.0311598,0.0097936,0.0383079,0.0239125,0.0375471,0.0339758,
223,2e-07,3.89e-05,0.0009123,0.0012639,0.0011693,0.0013582,0.0002824,0.002926,0.0246045,0.0290915,0.025315,0.0305699,0.0235345,0.028311,
224,2e-07,3.87e-05,0.0002223,0.001249,0.0003787,0.0017665,0.0014106,0.0021008,0.0097278,0.0176582,0.0114767,0.0389597,0.0100983,0.0308008,
225,2e-07,3.9e-05,0.0002239,0.0018081,0.0010305,0.0026107,0.0016177,0.0051227,0.0067681,0.0448742,0.0686952,0.0463356,0.0388665,0.0411627,
226,2e-07,3.88e-05,0.000224,0.0002341,0.001031,0.0013818,0.0012519,0.0045952,0.0146348,0.0154252,0.0468418,0.0249171,0.0132135,0.0449968,
227,2e-07,3.77e-05,0.0002208,0.0002307,0.0003793,0.0020759,0.0010401,0.0019275,0.0099075,0.0121553,0.0377756,0.0276306,0.0334643,0.0577499,
228,2e-07,3.81e-05,0.0009126,0.0008809,0.0014399,0.0013731,0.0002553,0.0034123,0.0139815,0.0291556,0.0422907,0.0413126,0.0321093,0.0751685,
229,2e-07,3.78e-05,0.0009135,0.0022335,0.0014402,0.0004557,0.0014001,0.006598,0.0124529,0.0110692,0.0447534,0.0483313,0.0135497,0.0696738,
230,1e-07,3.65e-05,0.0002183,0.0002279,0.0011726,0.0013393,0.0015635,0.0042101,0.0246037,0.0166704,0.0421114,0.0276275,0.0539632,0.0693095,
231,1e-07,3.64e-05,0.0008879,0.0002282,0.0011738,0.0013343,0.0014867,0.0057435,0.0138247,0.0116824,0.0542336,0.0158312,0.0678157,0.0903213,
232,1e-07,3.67e-05,0.0008835,0.0012656,0.0009175,0.0011671,0.0010376,0.0068344,0.0275398,0.0198859,0.0597388,0.0332823,0.0725807,0.1339108,
233,1e-07,0.0009994,0.0008836,0.0008751,0.0009186,0.0021588,0.0028957,0.0102157,0.0297357,0.0119247,0.0488025,0.0717609,0.083258,0.1293898,
234,1e-07,3.48e-05,0.0008871,0.0012654,0.0003829,0.0021593,0.0012603,0.0054834,0.038779,0.0132095,0.0415435,0.0503041,0.0268459,0.0460219,
235,1e-07,0.001,0.0002125,0.0017036,0.0011744,0.002356,0.0010392,0.0030259,0.025952,0.0108707,0.0184432,0.0410123,0.0427582,0.0266377,
236,1e-07,0.0010009,0.0008814,0.000874,0.0010691,0.0011801,0.0018483,0.0119073,0.0228497,0.0160122,0.0112292,0.0695056,0.0497375,0.0189264,
237,1e-07,3.35e-05,0.0002095,0.0008761,0.0010678,0.0029007,0.0025384,0.0123204,0.0250096,0.0269611,0.0449999,0.0551175,0.03885,0.0275668,
238,1e-07,3.29e-05,0.0009144,0.0020807,0.0010411,0.0017414,0.0010421,0.0041499,0.0286209,0.0359936,0.0607421,0.0356918,0.0499785,0.0383953,
239,1e-07,3.35e-05,0.0014468,0.0009321,0.001175,0.0004688,0.0010421,0.0030693,0.0166123,0.0143404,0.0674934,0.0389847,0.0482625,0.0444258,
240,1e-07,3.42e-05,0.0008933,0.0002201,0.0013297,0.0013706,0.0012611,0.0066142,0.0198352,0.030518,0.0557747,0.0518842,0.0445819,0.0403124,
241,1e-07,3.55e-05,0.0008927,0.0008881,0.0013285,0.0017417,0.0010384,0.009258,0.0179651,0.0446585,0.0373799,0.0549299,0.0291937,0.0319083,
242,2e-07,3.61e-05,0.0009111,0.0014821,0.0003813,0.0021497,0.0010386,0.0043054,0.0155835,0.03077,0.0386611,0.0411876,0.0257729,0.049561,
243,2e-07,0.000963,0.0002185,0.0017196,0.0011759,0.0013675,0.001258,0.0074521,0.0124896,0.030499,0.0271442,0.0422979,0.0568559,0.0751044,
244,2e-07,3.78e-05,0.0002197,0.0009352,0.001325,0.0013707,0.0002576,0.0040187,0.0154279,0.0377367,0.0237823,0.0461294,0.0608274,0.080096,
245,2e-07,3.75e-05,0.0012631,0.000228,0.0010351,0.0009823,0.0007534,0.0039763,0.0086291,0.0501244,0.0454475,0.0245932,0.0687438,0.0422158,
246,2e-07,3.62e-05,0.0002141,0.0012391,0.0010666,0.0009758,0.0013968,0.0071352,0.0118697,0.0457513,0.0501028,0.029395,0.0416495,0.0680952,
247,2e-07,3.61e-05,0.0009026,0.0008515,0.0003819,0.000457,0.0002634,0.0041419,0.0195493,0.029297,0.0192727,0.0426175,0.0539336,0.0802471,
248,2e-07,3.67e-05,0.0009084,0.0009004,0.000911,0.0004538,0.0012412,0.0052456,0.0109238,0.01173,0.0151532,0.0522291,0.0551683,0.0598146,
249,2e-07,3.55e-05,0.0002106,0.0002201,0.0013274,0.0004586,0.0010955,0.0045376,0.0075745,0.0244586,0.0238878,0.0582499,0.0631313,0.0914213,
250,2e-07,3.53e-05,0.0002097,0.0012733,0.000671,0.0014498,0.0012509,0.0025393,0.0079866,0.0246797,0.0343123,0.0703274,0.0547184,0.0345562,
251,2e-07,3.64e-05,0.0002125,0.0009286,0.0006731,0.0007111,0.0014053,0.0017796,0.0115617,0.0412669,0.0621091,0.0933882,0.1087717,0.101248,
252,2e-07,3.56e-05,0.0012705,0.0002183,0.0015472,0.0004698,0.0010484,0.0041036,0.0088424,0.053423,0.0554998,0.0876968,0.1152551,0.1030857,
253,2e-07,3.51e-05,0.0009079,0.0009266,0.000915,0.0011512,0.0013869,0.0023385,0.0062987,0.0364068,0.0428476,0.0451463,0.0582528,0.0704659,
254,2e-07,3.63e-05,0.0002119,0.0002208,0.0011743,0.0004739,0.0002818,0.0016635,0.0036917,0.0361775,0.0265761,0.0336154,0.0607509,0.0106849,
255,2e-07,3.67e-05,0.0009073,0.0009292,0.0006708,0.0004731,0.0002841,0.0028894,0.0153672,0.0403564,0.0144117,0.0588138,0.0951158,0.0559927,
256,2e-07,3.57e-05,0.0012438,0.0002172,0.0003839,0.0004823,0.0002899,0.0008519,0.0140298,0.0343211,0.0213469,0.0795621,0.1138482,0.0646054,
257,2e-07,3.6e-05,0.0002096,0.0009294,0.0010381,0.0008103,0.000292,0.0032539,0.0140743,0.0361225,0.0396658,0.087814,0.1284258,0.0687475,
258,2e-07,3.73e-05,0.0002142,0.0002225,0.000669,0.0022401,0.0016289,0.0056674,0.0094311,0.0306196,0.0283361,0.0507859,0.0490879,0.0503455,
259,2e-07,3.71e-05,0.0002142,0.000934,0.0013312,0.0004791,0.0010959,0.0029285,0.0099131,0.045822,0.044847,0.05102,0.0420846,0.047209,
260,2e-07,3.75e-05,0.0012624,0.0012702,0.0006709,0.0004701,0.0012289,0.001679,0.0081523,0.0191577,0.0289726,0.0485735,0.0599967,0.0224992,
261,2e-07,3.69e-05,0.0009097,0.0002246,0.0010355,0.0012173,0.0002736,0.0019042,0.008894,0.0114752,0.0226901,0.0587817,0.0539125,0.0600149,
262,2e-07,3.76e-05,0.0009106,0.0009371,0.0009174,0.0010265,0.0009795,0.0019148,0.0134985,0.0107079,0.0265231,0.0292325,0.044196,0.0267791,
263,2e-07,3.74e-05,0.0002171,0.0009372,0.0003808,0.0004724,0.001285,0.000717,0.014433,0.0247752,0.0185303,0.0301134,0.0432269,0.0434344,
264,1e-07,0.0009639,0.0012608,0.0008845,0.0006681,0.0004761,0.001625,0.0007058,0.0064229,0.0218275,0.0221544,0.0313827,0.0559495,0.0598159,
265,1e-07,3.62e-05,0.0002147,0.000224,0.0010703,0.0004696,0.001295,0.0021506,0.0080778,0.0243758,0.0207026,0.0206286,0.0333042,0.067646,
266,2e-07,3.7e-05,0.0002172,0.0002266,0.0006687,0.0014389,0.0012684,0.0028898,0.0077325,0.0152788,0.0077377,0.031995,0.0341016,0.0708105,
267,1e-07,3.62e-05,0.0012487,0.0008651,0.0009223,0.0013497,0.0011024,0.0025303,0.0089554,0.0143889,0.0170347,0.0443005,0.0618819,0.0280635,
268,1e-07,3.52e-05,0.0002113,0.0012642,0.0009209,0.0004798,0.0007369,0.0023561,0.0119718,0.0163185,0.0196434,0.0287458,0.0412178,0.0282701,
269,1e-07,3.58e-05,0.0002145,0.0017026,0.0014404,0.0017299,0.0010463,0.0023564,0.0066623,0.0153701,0.0271974,0.0428348,0.0242355,0.0261765,
270,1e-07,3.61e-05,0.0002149,0.0008705,0.0010358,0.0017747,0.0010489,0.0024538,0.0074234,0.0187125,0.0316966,0.0498701,0.0405497,0.0458979,
271,1e-07,3.48e-05,0.0009139,0.0002202,0.0010382,0.0007926,0.0010507,0.001177,0.0072232,0.0132103,0.0368784,0.0323339,0.0061729,0.0486408,
272,1e-07,3.44e-05,0.0002103,0.0008727,0.0006638,0.0004847,0.001621,0.0030046,0.0124899,0.0408394,0.0283058,0.0282297,0.0447017,0.0630359,
273,1e-07,0.0010013,0.0008814,0.0008674,0.0011698,0.0007105,0.0023973,0.0048266,0.0184336,0.0418897,0.0434559,0.0610329,0.0730746,0.060188,
274,1e-07,3.51e-05,0.000881,0.0002221,0.0003852,0.0011969,0.0020059,0.0036642,0.0139018,0.0348139,0.0500912,0.0686418,0.0863356,0.1068407,
275,1e-07,3.39e-05,0.0008841,0.0012179,0.000387,0.0021036,0.0014925,0.0052118,0.0075453,0.042248,0.0474243,0.0777292,0.0624435,0.0893162,
276,1e-07,3.33e-05,0.0002045,0.0012666,0.0021743,0.0007091,0.0011236,0.004785,0.0212089,0.0440359,0.0616749,0.0714324,0.0638354,0.0463713,
277,0.0,3.33e-05,0.0002043,0.0009346,0.001042,0.0007059,0.0007284,0.0071439,0.0201097,0.011202,0.06598,0.0696073,0.0553028,0.0846582,
278,0.0,0.0009682,0.0002009,0.0002112,0.0018774,0.0025225,0.0024574,0.0054716,0.0409223,0.0213081,0.0669714,0.0605062,0.1053294,0.0526634,
279,1e-07,3.31e-05,0.0002013,0.0016845,0.0013409,0.0005139,0.0016343,0.0055121,0.0231471,0.0312352,0.0291279,0.0302651,0.0244506,0.0940178,
280,1e-07,3.24e-05,0.000913,0.0009285,0.0010446,0.0014654,0.0002986,0.0017075,0.0147488,0.0197497,0.046747,0.0279603,0.0059141,0.0433831,
281,1e-07,3.27e-05,0.0008974,0.0002093,0.0010666,0.0014359,0.0012219,0.0031888,0.0116046,0.0146669,0.0366533,0.0117897,0.0059085,0.0467882,
282,1e-07,3.18e-05,0.0001965,0.0008855,0.0010456,0.0011393,0.0009508,0.0044194,0.0073162,0.0269263,0.0276982,0.0123966,0.0401081,0.0398553,
283,0.0,3.13e-05,0.0001942,0.0022975,0.0014405,0.0022429,0.0016413,0.0047522,0.0133448,0.0263028,0.0558434,0.0479247,0.0557389,0.0638559,
284,0.0,3.11e-05,0.0001952,0.0002053,0.0011006,0.0012803,0.0017251,0.0039323,0.0220733,0.0138896,0.0178852,0.0221661,0.0752611,0.0469417,
285,0.0,3.14e-05,0.001426,0.0016849,0.0014408,0.0005097,0.0016837,0.0018558,0.0130728,0.0203107,0.0519326,0.0198479,0.0589646,0.0382122,
286,0.0,3.15e-05,0.0001988,0.001872,0.0003902,0.001766,0.0023322,0.004411,0.0158644,0.0385112,0.0164055,0.0669614,0.0560968,0.0519056,
287,1e-07,3.2e-05,0.0002007,0.000884,0.002088,0.0012969,0.0013151,0.0039699,0.0176228,0.0366263,0.0184601,0.0328747,0.0655379,0.0331283,
288,1e-07,3.15e-05,0.0001985,0.0002079,0.0006622,0.001299,0.0012558,0.0060772,0.0106812,0.0123645,0.0400582,0.0620164,0.0418327,0.0571973,
289,1e-07,3.18e-05,0.0009012,0.0008937,0.0014385,0.0016883,0.0012576,0.0029594,0.0108561,0.0281663,0.0266192,0.0587622,0.0116369,0.0604827,
290,1e-07,3.1e-05,0.0009052,0.0002061,0.0019518,0.0020414,0.0015479,0.0035597,0.0072335,0.0245559,0.0193842,0.0346139,0.0116965,0.0486472,
291,1e-07,3.18e-05,0.0001982,0.0002076,0.0014385,0.000733,0.0013151,0.0030641,0.004463,0.0061893,0.0241641,0.0223138,0.0151732,0.0830625,
292,1e-07,3.27e-05,0.0002011,0.0002107,0.0014383,0.0013096,0.0007442,0.0043006,0.0074341,0.0194574,0.0322737,0.0358849,0.0187255,0.0745117,
293,1e-07,3.35e-05,0.0009081,0.0009035,0.0012108,0.0004754,0.00165,0.0049179,0.0042855,0.0126858,0.0351686,0.0245619,0.0540003,0.0440247,
294,1e-07,3.29e-05,0.0009072,0.0009192,0.0013307,0.000729,0.0002755,0.0050084,0.0106381,0.0297678,0.0482491,0.030455,0.0682323,0.0366314,
295,1e-07,3.18e-05,0.000197,0.0002066,0.0006661,0.0014422,0.0015494,0.0030351,0.0068137,0.0149137,0.0337873,0.0231586,0.0423821,0.0632791,
296,1e-07,3.24e-05,0.0001985,0.0002078,0.0006655,0.0004865,0.0002842,0.0018543,0.0083521,0.0095272,0.0403905,0.0206105,0.0414392,0.0488788,
297,1e-07,3.29e-05,0.0001998,0.0002088,0.0011771,0.0004836,0.0010271,0.000856,0.0109838,0.0220292,0.0368105,0.0289252,0.0262617,0.0631396,
298,1e-07,3.19e-05,0.0008801,0.000916,0.0013738,0.0004867,0.0012292,0.0018427,0.0100225,0.0101081,0.0126378,0.0424748,0.0181909,0.0603958,
299,1e-07,3.14e-05,0.0001939,0.0009158,0.0009142,0.0011849,0.0009539,0.0021227,0.0105009,0.0201935,0.0281304,0.0506863,0.0108955,0.0405991,
300,1e-07,3.24e-05,0.000907,0.0014376,0.0014387,0.0011456,0.0011176,0.0020616,0.0058946,0.0420961,0.095589,0.0607807,0.0334574,0.0375555,
301,1e-07,3.26e-05,0.000906,0.0009102,0.0009134,0.000491,0.0002925,0.0033072,0.0192017,0.046075,0.1023796,0.0685092,0.0705464,0.0884894,
302,1e-07,3.2e-05,0.0001953,0.0002042,0.000665,0.0007142,0.0007218,0.0033,0.0341604,0.0710806,0.0679352,0.0857849,0.0965577,0.0727024,
303,1e-07,3.17e-05,0.0001943,0.0002039,0.0009098,0.0004873,0.001028,0.0041198,0.0172607,0.0070474,0.0360155,0.0574034,0.0652566,0.0648109,
304,1e-07,3.07e-05,0.0009297,0.0009228,0.0009089,0.0014402,0.0011226,0.0018218,0.0116878,0.0191823,0.0330816,0.048854,0.0311325,0.0708861,
305,1e-07,0.0014098,0.0001885,0.0001993,0.00168,0.0014868,0.001027,0.0039999,0.0074124,0.0114941,0.016177,0.0585582,0.0392177,0.0712077,
306,1e-07,2.94e-05,0.0008829,0.0017781,0.0003945,0.0007434,0.0010263,0.0028382,0.0166357,0.0157,0.0101615,0.0248182,0.0317741,0.0538776,
307,1e-07,0.0022152,0.0053614,0.0129603,0.0082943,0.0082647,0.0116071,0.0309036,0.0294858,0.0119163,0.0234584,0.0238398,0.05103,0.0451559,
308,1e-07,0.0009961,0.0016809,0.004351,0.0069043,0.0055992,0.0080312,0.0254693,0.0344627,0.0488797,0.0340034,0.0226746,0.0101225,0.0296902,
309,1e-07,0.0013974,0.0009124,0.0018005,0.0043295,0.0042365,0.0065982,0.0097025,0.0246848,0.028791,0.0609264,0.0329697,0.0176682,0.0103558,
310,1e-07,2.75e-05,0.0009064,0.0008998,0.0027082,0.0017387,0.0012371,0.0101266,0.0220208,0.0396929,0.0464606,0.0305343,0.0249013,0.005671,
311,0.0,2.77e-05,0.0012742,0.001685,0.0010561,0.0007419,0.0002922,0.0057623,0.013773,0.0241726,0.0505477,0.0266279,0.0382475,0.0187447,
312,0.0,0.0009968,0.0001809,0.000192,0.0012146,0.0009197,0.0013723,0.0073461,0.0142577,0.0184981,0.0426368,0.0285186,0.0420049,0.0498828,
313,0.0,2.73e-05,0.0009174,0.0009085,0.0011787,0.0013287,0.0027997,0.0078205,0.0119057,0.0068737,0.0294252,0.0223886,0.0284819,0.0420868,
314,1e-07,0.0010254,0.0001756,0.0009144,0.0013691,0.0017631,0.0019756,0.0111986,0.0079211,0.0161277,0.0255126,0.037592,0.0190754,0.0407093,
315,0.0,2.68e-05,0.0001764,0.0009186,0.0003992,0.0015159,0.0016798,0.0122435,0.006266,0.0182027,0.0242462,0.0149417,0.0198376,0.0456512,
316,0.0,2.71e-05,0.0009263,0.0009213,0.0003987,0.0007382,0.0002941,0.0073357,0.0085091,0.0034398,0.0118755,0.0269794,0.0498219,0.03024,
317,0.0,2.69e-05,0.0001756,0.0001883,0.0010591,0.0014065,0.000292,0.0045832,0.0094924,0.0207556,0.0294236,0.0317818,0.0386441,0.0329806,
318,0.0,2.62e-05,0.0012648,0.000185,0.0017102,0.0007569,0.0019389,0.0010479,0.0029222,0.0286153,0.0190988,0.0124565,0.0238574,0.0188357,
319,0.0,2.67e-05,0.0001742,0.0001863,0.0015662,0.0017491,0.0013502,0.0024099,0.004139,0.0098945,0.0258812,0.036185,0.0487619,0.0322485,
320,0.0,2.74e-05,0.0001774,0.0001893,0.0010948,0.00051,0.0007339,0.0010677,0.003178,0.0250099,0.0415569,0.0554352,0.0260553,0.0287019,
321,0.0,2.69e-05,0.0013963,0.0013982,0.001364,0.0011536,0.0002978,0.0071006,0.0062698,0.0403756,0.0208505,0.0596466,0.0545482,0.0236104,
322,0.0,2.68e-05,0.000174,0.000186,0.00106,0.0010237,0.001027,0.0016026,0.0092917,0.0245161,0.0276211,0.0208588,0.0284046,0.0125496,
323,0.0,2.77e-05,0.0001778,0.001786,0.0012143,0.0009165,0.0013838,0.0010545,0.0052335,0.0128219,0.0145872,0.0123226,0.030557,0.0111205,
324,1e-07,2.81e-05,0.0001792,0.00019,0.0018955,0.0017343,0.0003069,0.0015955,0.0083252,0.0061792,0.0341246,0.0349039,0.0438194,0.0524724,
325,1e-07,2.9e-05,0.000939,0.0009021,0.0006602,0.0011716,0.001305,0.0027131,0.0064987,0.0123011,0.053719,0.0402364,0.0550305,0.0505842,
326,0.0,2.88e-05,0.0001805,0.00019,0.0010537,0.0010259,0.0003166,0.0027012,0.0076371,0.0169836,0.0503953,0.0427012,0.0348805,0.0319231,
327,1e-07,2.94e-05,0.0001823,0.0001912,0.0003965,0.0010268,0.0003205,0.0034728,0.0099375,0.0110106,0.023646,0.0470692,0.044301,0.046397,
328,1e-07,2.92e-05,0.0001814,0.0001901,0.0009144,0.0010283,0.0010305,0.0039021,0.0088158,0.0169414,0.0275093,0.0469544,0.0681837,0.086201,
329,1e-07,3.03e-05,0.0008787,0.0008811,0.0010533,0.001028,0.0020958,0.0082806,0.0239879,0.0062103,0.0313926,0.0323554,0.0392476,0.0911536,
330,1e-07,3.06e-05,0.0001857,0.0009225,0.0010975,0.0010283,0.0010307,0.00254,0.0064715,0.0205718,0.0427404,0.029796,0.0387593,0.076855,
331,1e-07,3.1e-05,0.0012474,0.0001952,0.001051,0.0010278,0.0019556,0.0032606,0.017602,0.0298277,0.0408031,0.0182961,0.0491674,0.0500729,
332,1e-07,3.03e-05,0.000186,0.0015776,0.0006603,0.0011313,0.000703,0.0029568,0.0031912,0.0173085,0.0263817,0.0161529,0.0041394,0.0393171,
333,1e-07,2.95e-05,0.0001837,0.0001929,0.0003956,0.0011339,0.000315,0.0013389,0.0062242,0.0166833,0.0304022,0.0627754,0.0386663,0.0296573,
334,1e-07,2.88e-05,0.0001814,0.0001911,0.0010541,0.0017256,0.0013633,0.0010502,0.0053378,0.001503,0.0187877,0.0150288,0.0367803,0.0161698,
335,0.0,2.78e-05,0.0001773,0.0001877,0.0003987,0.0017515,0.0007125,0.0021401,0.0035993,0.0340441,0.0384964,0.0232625,0.0355848,0.0743412,
336,0.0,2.7e-05,0.0001739,0.0001852,0.0009137,0.0013279,0.0015267,0.0024241,0.0035002,0.0130305,0.0214115,0.0364054,0.0237446,0.016657,
337,0.0,2.65e-05,0.0001719,0.0001838,0.0006565,0.0011463,0.0011345,0.0032564,0.0027261,0.0161172,0.0229514,0.037549,0.018247,0.0344481,
338,1e-07,2.57e-05,0.0012904,0.000181,0.0006548,0.000533,0.0013461,0.0025266,0.0038886,0.0140288,0.0168418,0.0111038,0.0202272,0.0501662,
339,1e-07,2.52e-05,0.0011121,0.0014492,0.0009094,0.0007483,0.0007218,0.0051033,0.0110293,0.0174751,0.0367591,0.0175282,0.0249265,0.0471598,
340,0.0,2.54e-05,0.0001656,0.000179,0.0013779,0.0016723,0.0007167,0.0020902,0.0043938,0.0152283,0.0444359,0.0266593,0.0356939,0.0588163,
341,0.0,2.59e-05,0.0001675,0.00018,0.0013659,0.0007444,0.0010289,0.0025207,0.0044827,0.0280408,0.0369429,0.0192647,0.0418343,0.0594962,
342,0.0,2.66e-05,0.0008937,0.0008971,0.0004018,0.0007516,0.0007114,0.0015723,0.0024854,0.0163127,0.0348477,0.033614,0.0478051,0.0364701,
343,0.0,2.68e-05,0.0001722,0.0001832,0.0010946,0.0012527,0.0013064,0.0015705,0.005621,0.0110728,0.0340388,0.0505222,0.0235846,0.0519208,
344,0.0,0.0010074,0.0001755,0.0001857,0.0010955,0.0010266,0.0003229,0.0022774,0.0042775,0.0111022,0.0309373,0.0486983,0.0270723,0.0459428,
345,0.0,2.83e-05,0.0001769,0.0001867,0.0006525,0.0011665,0.0010308,0.0017729,0.0028769,0.0110882,0.0242212,0.0534857,0.0119226,0.0273357,
346,0.0,2.84e-05,0.0001759,0.0001857,0.001057,0.0008908,0.0013018,0.0005199,0.0036746,0.0097864,0.0116272,0.0138185,0.009571,0.0135554,
347,0.0,2.95e-05,0.0001798,0.0001887,0.0003979,0.0006952,0.0011451,0.0012791,0.0010972,0.0066955,0.0413523,0.0107128,0.0442189,0.0202794,
348,0.0,2.94e-05,0.0008861,0.0001894,0.0006556,0.0005354,0.0011987,0.0019621,0.0076485,0.017568,0.0225459,0.047769,0.0335053,0.0336481,
349,0.0,2.93e-05,0.0009036,0.000188,0.0003981,0.0007842,0.0006888,0.0029319,0.007847,0.0142558,0.019437,0.0260353,0.0298569,0.0603588,
350,1e-07,3.03e-05,0.0001821,0.0001902,0.0003968,0.0013046,0.0016465,0.0039962,0.0054298,0.0289371,0.0203409,0.0343033,0.045376,0.0434146,
351,1e-07,0.0009966,0.0001857,0.0008858,0.000395,0.0011105,0.000681,0.0053587,0.0191386,0.0191963,0.0241483,0.0440576,0.0334958,0.0470052,
352,1e-07,3.22e-05,0.0012463,0.0001949,0.0006564,0.001461,0.0022041,0.0072977,0.0185174,0.0060185,0.0290547,0.0212345,0.0554837,0.0301912,
353,0.0,3.2e-05,0.000186,0.0001924,0.0013803,0.0005477,0.0016193,0.0066479,0.0164579,0.0283025,0.0521218,0.061302,0.0345585,0.0601789,
354,1e-07,3.12e-05,0.0012515,0.001114,0.0010986,0.0010321,0.0016539,0.0037262,0.0191026,0.0187842,0.0377856,0.0455127,0.032583,0.0321732,
355,1e-07,3.16e-05,0.0008847,0.0008922,0.0021285,0.0005469,0.0003415,0.0022534,0.0111389,0.0274422,0.0300941,0.0370631,0.0773741,0.0385656,
356,1e-07,3.18e-05,0.0008873,0.0001912,0.0014754,0.0005549,0.0006735,0.0051337,0.0141925,0.0301694,0.0373897,0.0436155,0.0304828,0.039546,
357,0.0,3.08e-05,0.0001795,0.0001877,0.0012071,0.0005618,0.0015043,0.0054767,0.0221653,0.040725,0.0470602,0.0361538,0.0190832,0.0333763,
358,0.0,3.01e-05,0.0012599,0.0001857,0.0003999,0.0006765,0.0015086,0.0045576,0.024456,0.0324884,0.0616392,0.0240574,0.032083,0.0317956,
359,0.0,2.94e-05,0.0014313,0.0009033,0.0010971,0.0010324,0.0006748,0.0009522,0.0111345,0.0171928,0.0442914,0.0312103,0.0427332,0.0461518,
360,0.0,2.87e-05,0.0009049,0.0001832,0.0010969,0.0007833,0.0012956,0.0018814,0.0022491,0.0191331,0.0177564,0.0439151,0.0403319,0.0554954,
361,1e-07,0.0009968,0.0001701,0.0001801,0.0013751,0.0010311,0.0014766,0.0005792,0.0163469,0.0232523,0.0279805,0.0278178,0.0415456,0.0586706,
362,0.0,2.85e-05,0.0001713,0.0001807,0.0004022,0.0006861,0.0015118,0.0012892,0.0201848,0.0296681,0.0357506,0.0178574,0.0507317,0.0643576,
363,0.0,2.9e-05,0.0001747,0.0001834,0.0004006,0.000787,0.0003476,0.0005904,0.015041,0.021701,0.0184936,0.0274863,0.047911,0.0435731,
364,0.0,2.79e-05,0.0001726,0.0009021,0.000651,0.0005559,0.0010322,0.0005812,0.0011888,0.0245473,0.0273402,0.0489438,0.0256109,0.0377548,
365,0.0,2.77e-05,0.0001701,0.0001797,0.0010951,0.0013637,0.0003503,0.0027697,0.0159938,0.0437535,0.0508616,0.0676647,0.0429081,0.0486768,
366,0.0,2.86e-05,0.0009025,0.0001822,0.0010959,0.0007862,0.0009575,0.0015475,0.0102521,0.032949,0.0559822,0.0885623,0.0396849,0.0555766,
367,0.0,0.0013896,0.000175,0.0001836,0.0004004,0.0013615,0.0003422,0.0044495,0.010682,0.0402342,0.0612042,0.0926093,0.0382651,0.0317247,
368,0.0,2.78e-05,0.0001739,0.0001832,0.0010949,0.000776,0.002003,0.005513,0.0170488,0.0245442,0.031579,0.0555318,0.0487734,0.0565741,
369,0.0,2.73e-05,0.000173,0.0001831,0.0010941,0.0007686,0.0010308,0.0023987,0.0050839,0.025788,0.0210428,0.0606194,0.0554425,0.0584189,
370,1e-07,2.8e-05,0.0001765,0.0008892,0.0017099,0.0007073,0.0010316,0.0031173,0.0068026,0.0099858,0.0384866,0.056998,0.0505002,0.0590148,
371,1e-07,2.86e-05,0.0008817,0.0008865,0.0010952,0.0011748,0.0006929,0.002674,0.0069981,0.0212808,0.0327752,0.0547206,0.0333497,0.0355619,
372,1e-07,2.84e-05,0.0001781,0.0016494,0.0006581,0.00113,0.0012012,0.0033535,0.0076221,0.0206461,0.0288016,0.0260056,0.0358779,0.0128671,
373,1e-07,2.86e-05,0.0001801,0.0001894,0.0003977,0.0011728,0.0012062,0.0021298,0.01189,0.0379259,0.0665529,0.0884449,0.0263502,0.0259731,
374,1e-07,2.82e-05,0.0012509,0.0001891,0.000398,0.0005194,0.001505,0.0029347,0.0111775,0.032561,0.0633195,0.0677866,0.0070201,0.0270773,
375,1e-07,2.86e-05,0.0001808,0.0008812,0.0003969,0.0005108,0.0012158,0.0040198,0.0053551,0.0296951,0.0442582,0.0519634,0.0516092,0.0299799,
376,1e-07,2.84e-05,0.0001799,0.0001911,0.0006624,0.0013227,0.0009437,0.0027873,0.0206012,0.0318571,0.0740094,0.0681802,0.077493,0.0611709,
377,1e-07,2.94e-05,0.0001841,0.0001947,0.0003954,0.0013352,0.0013664,0.0017918,0.0244399,0.0555019,0.0429302,0.0841336,0.107053,0.0817831,
378,1e-07,0.0010058,0.0001855,0.000196,0.000665,0.0007647,0.0002975,0.0019518,0.0149418,0.0383498,0.0289278,0.0726025,0.1002369,0.0768446,
379,1e-07,2.89e-05,0.0001819,0.001144,0.0003967,0.0011565,0.0015165,0.0013424,0.0112867,0.0446285,0.0232497,0.0455433,0.0805064,0.1009157,
380,1e-07,0.0010056,0.0001806,0.0008793,0.0013332,0.0010247,0.0015116,0.0010429,0.0145783,0.0422699,0.0331278,0.0505758,0.042412,0.0706935,
381,1e-07,2.76e-05,0.000885,0.0009422,0.0003994,0.0005164,0.0003101,0.0033618,0.0168023,0.0395087,0.0110488,0.0503367,0.0397625,0.0507023,
382,0.0,2.71e-05,0.0001738,0.0001855,0.0006595,0.0012667,0.0012446,0.0010239,0.0117098,0.0297613,0.0485384,0.0564206,0.0718012,0.043109,
383,0.0,2.67e-05,0.0001719,0.0001834,0.0010932,0.0007258,0.0003224,0.003807,0.0131035,0.0213885,0.0598554,0.0353131,0.0296458,0.0226496,
384,0.0,2.6e-05,0.0001688,0.0001806,0.0013638,0.0005396,0.000328,0.0025144,0.0130169,0.0257242,0.0225708,0.03387,0.0323343,0.0247989,
385,0.0,2.62e-05,0.0001681,0.0009017,0.0010933,0.0008906,0.002007,0.0019228,0.0188394,0.0269717,0.0333562,0.0530739,0.0454431,0.0174763,
386,0.0,2.65e-05,0.000169,0.0001801,0.0010939,0.0007616,0.0020033,0.0009717,0.0113856,0.0418578,0.0205529,0.0394644,0.0571376,0.0385349,
387,1e-07,2.63e-05,0.0001674,0.0001784,0.001049,0.0008829,0.001948,0.0012972,0.0069738,0.0216598,0.0137515,0.0350707,0.0448674,0.0172194,
388,1e-07,2.69e-05,0.0001682,0.0011018,0.0004035,0.0005586,0.0003407,0.0015274,0.0109522,0.0126872,0.0367598,0.0369107,0.027639,0.0324281,
389,1e-07,2.66e-05,0.000167,0.0001786,0.0006467,0.0005614,0.0013138,0.0015412,0.014227,0.0105363,0.0184428,0.0383446,0.0318723,0.0487155,
390,1e-07,2.73e-05,0.0001684,0.0001799,0.0010612,0.000564,0.0010321,0.0013034,0.0184039,0.0119547,0.0351843,0.0097245,0.0249509,0.0589607,
391,1e-07,2.78e-05,0.0001723,0.0001829,0.0011754,0.000704,0.0022894,0.0017221,0.0091463,0.0061933,0.0293806,0.0265699,0.0287186,0.0602503,
392,0.0,2.73e-05,0.000172,0.0001827,0.0009205,0.0007652,0.0015192,0.0009897,0.0059553,0.0074463,0.0341264,0.0485172,0.0164408,0.0346293,
393,0.0,2.74e-05,0.000172,0.000902,0.0013196,0.0010278,0.000698,0.0022482,0.0035122,0.0111358,0.0196416,0.0476287,0.0267274,0.0475046,
394,0.0,2.65e-05,0.0001695,0.0001808,0.0006521,0.0005472,0.0015145,0.0015341,0.0164787,0.0186093,0.0348529,0.0357598,0.0298447,0.0434282,
395,0.0,0.0009747,0.001572,0.0001821,0.0010491,0.0007217,0.0010741,0.0029158,0.0134904,0.0139817,0.049531,0.0167339,0.0418359,0.0215291,
396,0.0,2.59e-05,0.0008955,0.0001798,0.0006536,0.0010262,0.000327,0.0019321,0.0194688,0.0072561,0.041578,0.0350994,0.0341578,0.0139099,
397,0.0,2.61e-05,0.000169,0.0001815,0.0017104,0.0005336,0.0007109,0.0029293,0.0088013,0.0134844,0.0100113,0.0407702,0.0111166,0.0309405,
398,0.0,2.57e-05,0.0008926,0.0001808,0.0013613,0.0018936,0.0007141,0.0055529,0.0039471,0.0213699,0.035978,0.0384437,0.0642215,0.0464472,
399,0.0,2.62e-05,0.0001701,0.0001833,0.0006587,0.000741,0.0007196,0.003891,0.0067723,0.027792,0.0334905,0.0336742,0.1118182,0.0593633,
400,0.0,2.57e-05,0.0017081,0.0001813,0.0009075,0.0019544,0.0017163,0.0043293,0.0105005,0.020843,0.031872,0.0407254,0.0766373,0.0505134,
401,0.0,2.61e-05,0.0001697,0.0009404,0.0004024,0.0007357,0.0007262,0.0038115,0.0169202,0.0277244,0.0207178,0.0182834,0.0451049,0.0453849,
402,0.0,2.6e-05,0.0001691,0.0009435,0.0010447,0.0007288,0.0007335,0.0061365,0.0339728,0.049488,0.0082266,0.0315797,0.0568196,0.0377522,
403,0.0,2.61e-05,0.0001697,0.0001837,0.0004022,0.0015204,0.0019896,0.0029467,0.0209811,0.0469272,0.0327585,0.028538,0.0486226,0.0524975,
404,0.0,2.55e-05,0.0001674,0.0001812,0.0009083,0.0005262,0.0007312,0.0031795,0.0112966,0.0379645,0.0065879,0.0215787,0.032663,0.0587338,
405,1e-07,2.52e-05,0.0011109,0.0001803,0.00091,0.0007606,0.0016843,0.0034699,0.0166231,0.0302479,0.024499,0.023083,0.043536,0.0205568,
406,1e-07,2.45e-05,0.000937,0.0001775,0.0010665,0.0009,0.0009086,0.003968,0.0134363,0.0081156,0.0106765,0.0432956,0.0260432,0.0295075,
407,1e-07,2.47e-05,0.0001637,0.0011243,0.0006508,0.0015286,0.0010273,0.0009257,0.0141487,0.0123453,0.0152646,0.0382664,0.0355403,0.0281167,
408,1e-07,0.0014368,0.0001625,0.0001769,0.0010928,0.0014387,0.0013401,0.0022375,0.018706,0.0253725,0.0220474,0.0457944,0.0164818,0.0321085,
409,1e-07,2.51e-05,0.0009304,0.000178,0.0004052,0.0016774,0.0003238,0.0017537,0.0099396,0.0216804,0.042231,0.0666995,0.0203375,0.0386847,
410,1e-07,2.53e-05,0.000165,0.0001784,0.0006476,0.001438,0.0011715,0.0031539,0.0113717,0.0476142,0.0668474,0.0599613,0.0198293,0.0107984,
411,1e-07,2.58e-05,0.0001669,0.00018,0.0006458,0.0016771,0.0011714,0.001563,0.0055384,0.0080009,0.0253724,0.0378246,0.0559649,0.0175531,
412,1e-07,2.63e-05,0.0001698,0.0001824,0.0009242,0.001142,0.0003245,0.0026269,0.0123801,0.0158874,0.0374919,0.0494725,0.0779298,0.0419562,
413,1e-07,2.68e-05,0.0001708,0.0001834,0.001174,0.001028,0.00092,0.0029696,0.008216,0.0224324,0.0647373,0.0703119,0.0641567,0.0446778,
414,1e-07,2.75e-05,0.0001745,0.0001867,0.0010562,0.001238,0.0007133,0.0032207,0.0125435,0.0114829,0.0286752,0.0382696,0.0195793,0.0403316,
415,1e-07,2.74e-05,0.0001762,0.0012609,0.0017163,0.00075,0.0010285,0.0019414,0.027588,0.0153089,0.0566597,0.0317278,0.0115173,0.0468849,
416,1e-07,2.67e-05,0.0001736,0.0001858,0.0004019,0.0013346,0.0007223,0.0009535,0.0218093,0.0235868,0.0190559,0.0225189,0.0252912,0.0324287,
417,1e-07,2.69e-05,0.0001758,0.001425,0.0006511,0.0013333,0.0012905,0.0051401,0.0144854,0.0323651,0.0244121,0.0233947,0.0258012,0.022417,
418,1e-07,2.69e-05,0.0001756,0.0015711,0.0015597,0.0007369,0.0013759,0.0047166,0.0118932,0.0194652,0.0248171,0.0066535,0.017008,0.035556,
419,0.0,2.72e-05,0.0001776,0.0001889,0.0006552,0.001025,0.0010268,0.0022883,0.0089132,0.0178274,0.0257619,0.0202623,0.021506,0.0355296,
420,0.0,2.79e-05,0.00018,0.0001907,0.0011771,0.0005209,0.0010271,0.0014246,0.0056278,0.010258,0.010979,0.0540628,0.0289362,0.0324461,
421,0.0,2.82e-05,0.0001811,0.0001917,0.0003969,0.0010239,0.0007277,0.001262,0.0013382,0.0139208,0.0275936,0.0540165,0.0271606,0.0393063,
422,1e-07,2.91e-05,0.0009066,0.0012741,0.0010531,0.0011479,0.0007247,0.0018352,0.0027406,0.0066071,0.0313353,0.0323042,0.0465362,0.0242433,
423,1e-07,2.92e-05,0.0009055,0.0009186,0.0010555,0.0011485,0.0013106,0.0017087,0.0140933,0.0108001,0.0440063,0.0392652,0.0603531,0.0195084,
424,1e-07,3.01e-05,0.0017056,0.0012777,0.0010972,0.0010255,0.0015178,0.0012991,0.0089933,0.0149924,0.0155234,0.0295363,0.0519337,0.0271038,
425,1e-07,3.02e-05,0.0009041,0.0001967,0.0006624,0.0014746,0.0012168,0.0037658,0.0071223,0.0251946,0.0280743,0.0601107,0.0772237,0.0764669,
426,1e-07,2.91e-05,0.000904,0.0001935,0.0006619,0.0005082,0.0011514,0.0023112,0.0044001,0.0412123,0.0427681,0.0404215,0.0776697,0.0991724,
427,1e-07,2.94e-05,0.0001849,0.0001953,0.0013684,0.0007615,0.001028,0.0019816,0.0157252,0.0389462,0.0238548,0.0466797,0.0563702,0.0587009,
428,1e-07,2.9e-05,0.0009053,0.0009054,0.0010541,0.0007571,0.0009429,0.0029555,0.0136905,0.0255092,0.0137772,0.0330153,0.036328,0.0394804,
429,1e-07,0.0009706,0.0001873,0.0001978,0.0013346,0.0013839,0.0010276,0.0030248,0.0108948,0.0191949,0.0267139,0.0249242,0.0512607,0.0354349,
430,1e-07,2.93e-05,0.0001864,0.0009096,0.0009117,0.0004996,0.0013176,0.0010308,0.0041372,0.0174557,0.0453009,0.0819656,0.0548332,0.0466383,
431,0.0,2.85e-05,0.0001834,0.0001941,0.0010546,0.0013325,0.0010575,0.0012974,0.0061099,0.0056383,0.0033463,0.0251807,0.0339776,0.0416941,
432,0.0,2.85e-05,0.0001839,0.0001944,0.0009158,0.0011525,0.0002957,0.0028882,0.0034487,0.0095755,0.027045,0.0445986,0.0278642,0.0291596,
433,0.0,2.8e-05,0.0012654,0.0009036,0.0010547,0.0007508,0.0009303,0.0014115,0.0051818,0.0184781,0.0290959,0.0265989,0.0298846,0.0313184,
434,0.0,2.81e-05,0.0001813,0.0012654,0.0013742,0.0007278,0.0012188,0.001856,0.0070864,0.0146608,0.0225987,0.0248415,0.0335051,0.0211381,
435,1e-07,2.78e-05,0.0009108,0.0001901,0.0010564,0.0010257,0.0016725,0.00304,0.0054836,0.01957,0.0268633,0.0423099,0.0222947,0.0429924,
436,1e-07,2.8e-05,0.0001781,0.0012634,0.0010557,0.001418,0.0003186,0.0019358,0.0054201,0.0144771,0.0276869,0.0207238,0.0181279,0.0203604,
437,1e-07,2.88e-05,0.0001804,0.0001916,0.000649,0.0016637,0.0003202,0.0005008,0.0036362,0.0094123,0.0335151,0.0367228,0.0413915,0.0273048,
438,1e-07,2.88e-05,0.0014287,0.0001907,0.0003999,0.0016667,0.001516,0.0025314,0.0122901,0.0159208,0.0463933,0.0319977,0.0621167,0.0578058,
439,1e-07,2.97e-05,0.0009074,0.0001926,0.0003985,0.001417,0.0016358,0.0015848,0.0099387,0.0347756,0.0335109,0.0485938,0.0173527,0.0381035,
440,1e-07,2.9e-05,0.0001787,0.0001898,0.0013473,0.000706,0.0003274,0.00245,0.0062281,0.0337975,0.0488974,0.0434961,0.030331,0.038977,
441,0.0,2.94e-05,0.0012662,0.0001923,0.0010531,0.0023846,0.0012427,0.001838,0.0041632,0.0206199,0.0308386,0.0489952,0.0195522,0.0401932,
442,0.0,2.92e-05,0.0001829,0.0001933,0.0012088,0.0016581,0.0010681,0.0032368,0.0029284,0.0110148,0.0225662,0.0820368,0.0208704,0.0175366,
443,0.0,3e-05,0.000895,0.0001968,0.0010507,0.0020343,0.0021229,0.0017141,0.0095312,0.007666,0.0398063,0.0662576,0.058547,0.0221665,
444,0.0,2.98e-05,0.0009089,0.0008989,0.0010595,0.0014792,0.0012463,0.0040462,0.014086,0.0133012,0.048592,0.0336488,0.0667137,0.0466658,
445,1e-07,3.04e-05,0.0001897,0.0001992,0.0019526,0.0005114,0.0003018,0.0015729,0.0134052,0.0081177,0.0221386,0.0330762,0.0127907,0.040913,
446,1e-07,3.06e-05,0.0012543,0.0009143,0.000393,0.0007774,0.0015141,0.0029448,0.015396,0.0265056,0.0305244,0.0367779,0.0402811,0.0311382,
447,1e-07,3.15e-05,0.0009065,0.0009067,0.0006602,0.0019607,0.0003057,0.002465,0.0149646,0.0214726,0.029662,0.0332375,0.0446544,0.0236139,
448,1e-07,3.17e-05,0.0001915,0.0009091,0.0012213,0.0010268,0.0010291,0.0027334,0.0073029,0.0171228,0.0587446,0.0454113,0.0431709,0.0330739,
449,1e-07,3.07e-05,0.001119,0.0009141,0.000661,0.0013832,0.000309,0.0012959,0.0081679,0.0110944,0.0357834,0.0898418,0.0503073,0.0411611,
450,1e-07,0.001004,0.0001863,0.0008844,0.001052,0.0019585,0.0011333,0.0022766,0.0097153,0.011665,0.0262012,0.045902,0.038052,0.0278396,
451,1e-07,2.94e-05,0.0009062,0.0009083,0.0010533,0.0007093,0.0011392,0.0016932,0.0098827,0.0093031,0.0291891,0.0361195,0.0304424,0.0055597,
452,0.0,2.85e-05,0.0001794,0.0001893,0.000655,0.0007169,0.0007102,0.00256,0.0023296,0.0063921,0.0349514,0.0476807,0.0342243,0.0210274,
453,0.0,2.84e-05,0.0001802,0.0009059,0.0010964,0.0007224,0.0003102,0.0077292,0.0064724,0.0081807,0.0287808,0.0277136,0.0319385,0.0285588,
454,0.0,2.76e-05,0.0009276,0.0001878,0.000399,0.0005283,0.0013195,0.0061704,0.0061074,0.01199,0.0204058,0.0362474,0.0293917,0.0334412,
455,0.0,0.0014283,0.0001759,0.0001869,0.0013419,0.001339,0.0003106,0.0031746,0.0051329,0.0146109,0.018232,0.0184019,0.0377946,0.0355957,
456,1e-07,2.64e-05,0.0001728,0.0001847,0.0010599,0.0007404,0.0003095,0.0005887,0.0088962,0.0189834,0.0364979,0.0426462,0.0241355,0.0332087,
457,1e-07,2.59e-05,0.0001709,0.0001835,0.0004022,0.0009022,0.001705,0.0024949,0.0164763,0.0310735,0.0450998,0.032756,0.0253527,0.0479611,
458,1e-07,2.52e-05,0.0001684,0.0001815,0.0010631,0.001953,0.0013671,0.0079062,0.0219581,0.0536355,0.0291239,0.0368191,0.0673025,0.0631013,
459,1e-07,2.46e-05,0.0001646,0.0014281,0.0004054,0.0026884,0.0013639,0.0084727,0.038607,0.0619388,0.0449436,0.0282119,0.0697768,0.0604455,
460,1e-07,0.0014261,0.0001627,0.00092,0.0015702,0.0024341,0.0035872,0.0241219,0.0282384,0.0293128,0.0557758,0.0453637,0.0213348,0.0272096,
461,1e-07,2.43e-05,0.0001626,0.0022099,0.0010447,0.0019151,0.0043751,0.0098171,0.0256264,0.0293906,0.0590168,0.0464102,0.0518271,0.0221421,
462,1e-07,2.45e-05,0.0001633,0.0011235,0.0013643,0.0014367,0.0009066,0.0112233,0.0135864,0.0308102,0.0443295,0.0104363,0.0480466,0.0499271,
463,1e-07,2.51e-05,0.0009299,0.0012627,0.0009143,0.0005347,0.001339,0.0017657,0.008138,0.0104193,0.0215788,0.0162502,0.0227803,0.0738241,
464,1e-07,2.53e-05,0.0009278,0.0001799,0.001048,0.0005412,0.001167,0.0031478,0.0127366,0.024594,0.0297069,0.0326135,0.0228595,0.0693148,
465,1e-07,2.59e-05,0.0001693,0.0001818,0.0012185,0.0013369,0.0015473,0.0013193,0.0140051,0.0138305,0.0214533,0.0379267,0.0357969,0.0560058,
466,1e-07,2.62e-05,0.0001701,0.0009114,0.0004026,0.001026,0.0013293,0.0034357,0.0076141,0.0142991,0.0423656,0.0274402,0.0204255,0.0385188,
467,1e-07,2.7e-05,0.0001733,0.0001849,0.000401,0.0005408,0.0013009,0.0012391,0.005171,0.0107484,0.0192953,0.0173281,0.0503111,0.0207517,
468,0.0,2.76e-05,0.0001758,0.0001865,0.0010577,0.0019544,0.0007113,0.0027914,0.0062456,0.0083645,0.0190369,0.044949,0.0382724,0.0255455,
469,0.0,2.86e-05,0.0008937,0.0012617,0.0011758,0.0007136,0.0013098,0.001792,0.0055523,0.0061689,0.0130242,0.0131748,0.0160775,0.0262854,
470,0.0,2.92e-05,0.0001808,0.0001905,0.0003974,0.0013145,0.0003235,0.0019495,0.0053819,0.0144034,0.0176703,0.0103379,0.0148438,0.0084843,
471,0.0,3.03e-05,0.00089,0.0009019,0.0009229,0.0016522,0.0007005,0.0019844,0.00793,0.0228317,0.0362202,0.0194028,0.0224287,0.0170824,
472,0.0,3.1e-05,0.0001877,0.0009152,0.0006551,0.0007861,0.0013674,0.0022284,0.0102477,0.0101606,0.0425474,0.0486729,0.0250499,0.0296807,
473,0.0,3.15e-05,0.0009086,0.0001978,0.0006537,0.0016497,0.0010305,0.0015318,0.0123256,0.0163923,0.0194535,0.0334967,0.0657994,0.0439327,
474,0.0,3.27e-05,0.0012585,0.0002012,0.0003926,0.0007985,0.0016373,0.004345,0.0060722,0.0194753,0.0165162,0.0412381,0.0781641,0.0255849,
475,0.0,3.24e-05,0.0001925,0.000202,0.0010649,0.0005294,0.0010301,0.0062401,0.0328844,0.0180654,0.0228282,0.0388249,0.0688946,0.0698303,
476,1e-07,3.19e-05,0.0012588,0.0008924,0.0010472,0.0010278,0.0009576,0.0012876,0.0114738,0.0186801,0.0168519,0.0189749,0.0531454,0.072223,
477,0.0,3.08e-05,0.0001881,0.0001979,0.000925,0.0013959,0.0011383,0.0033893,0.0066396,0.0118062,0.0179234,0.0266151,0.029626,0.0326467,
478,0.0,3e-05,0.0008937,0.0011135,0.0006537,0.0005319,0.0013621,0.0022902,0.0106129,0.0108877,0.0274973,0.0302274,0.0256853,0.0349679,
479,0.0,2.93e-05,0.0001811,0.0001912,0.0006516,0.001658,0.0007039,0.0022532,0.0093373,0.0142435,0.029095,0.0263775,0.0243277,0.0448527,
480,0.0,2.86e-05,0.0001776,0.0001879,0.0016659,0.0007677,0.0010303,0.0015439,0.0042603,0.0160945,0.0193518,0.020597,0.0337077,0.0333074,
481,1e-07,2.76e-05,0.0001736,0.0001846,0.0012128,0.0014937,0.0011584,0.0005946,0.0051184,0.0080789,0.0119981,0.027235,0.0657205,0.0184836,
482,1e-07,2.67e-05,0.0001704,0.0012678,0.0009222,0.000551,0.0007086,0.0010304,0.0108461,0.0131259,0.0157045,0.058048,0.0664733,0.0560329,
483,1e-07,2.64e-05,0.0011111,0.0009159,0.0004029,0.0005481,0.0011622,0.0017231,0.0086687,0.0212874,0.0279524,0.0693932,0.0788649,0.0440171,
484,1e-07,2.62e-05,0.0001666,0.0001789,0.0010944,0.0007511,0.001168,0.0031378,0.0098097,0.0221653,0.0406661,0.0618787,0.0549949,0.0344995,
485,1e-07,2.7e-05,0.0001698,0.0001813,0.0004029,0.0011211,0.0017256,0.0033465,0.0087899,0.0153398,0.0474997,0.0142766,0.0468586,0.0141211,
486,1e-07,2.73e-05,0.0001696,0.0001815,0.0006458,0.0017277,0.0013162,0.0034055,0.0133751,0.0208391,0.0436589,0.0194331,0.0610031,0.009287,
487,1e-07,2.81e-05,0.0001732,0.0001845,0.001056,0.0025872,0.0011611,0.0005188,0.0112001,0.009349,0.0243277,0.015703,0.0655689,0.0500734,
488,1e-07,2.81e-05,0.0001738,0.0014325,0.000647,0.0016682,0.0010299,0.0005154,0.0077998,0.0152653,0.0156743,0.0210496,0.0353028,0.0199951,
489,1e-07,2.87e-05,0.0012753,0.0001871,0.0004009,0.0007702,0.0003353,0.0012932,0.0144795,0.0263272,0.0410259,0.0105965,0.0303388,0.0368545,
490,1e-07,2.95e-05,0.0001764,0.0001879,0.0004005,0.0006936,0.0010312,0.0020892,0.0143711,0.006406,0.0345185,0.0385027,0.0415234,0.040779,
491,0.0,2.97e-05,0.0001785,0.0001891,0.0006479,0.0013628,0.0006923,0.002583,0.0121439,0.0144409,0.0274251,0.0287782,0.0487649,0.0231005,
492,0.0,2.98e-05,0.0001782,0.0009101,0.001172,0.000556,0.0017235,0.0022336,0.0051816,0.0197501,0.0388002,0.0316654,0.0118119,0.0272823,
493,0.0,2.99e-05,0.0001797,0.0001892,0.0003982,0.0006913,0.0003359,0.0010281,0.0096322,0.0291336,0.0540423,0.0379945,0.0511889,0.0282963,
494,0.0,3.05e-05,0.000891,0.0011242,0.0006506,0.000793,0.0006828,0.0028092,0.0099843,0.0417526,0.0401726,0.0323674,0.0545268,0.0502928,
495,0.0,3.16e-05,0.0001851,0.0001939,0.0003956,0.000548,0.0010326,0.0019314,0.0095838,0.031002,0.0341593,0.030976,0.0222356,0.0620719,
496,0.0,3.2e-05,0.0008905,0.0001939,0.000396,0.001652,0.0003418,0.0025389,0.0123279,0.0310174,0.0746231,0.0639414,0.0241609,0.0843775,
497,0.0,3.27e-05,0.0001875,0.0001967,0.0011695,0.0010326,0.001329,0.0025432,0.0076535,0.022118,0.0522593,0.0876011,0.0727022,0.1056363,
498,0.0,3.2e-05,0.00111,0.0001954,0.0010636,0.0005516,0.0015035,0.0012446,0.0069442,0.0289867,0.0283904,0.0549176,0.0751702,0.0764468,
499,0.0,3.2e-05,0.0001874,0.0009198,0.0011693,0.0005483,0.0011434,0.001239,0.0091994,0.02053,0.049935,0.0627472,0.0705808,0.0789482,
500,0.0,3.12e-05,0.0008974,0.0001962,0.0006495,0.0005482,0.0013166,0.002946,0.0065663,0.029903,0.0441777,0.0267256,0.0925654,0.0371114,
501,0.0,3.11e-05,0.0012705,0.0001966,0.0003968,0.0005519,0.0013036,0.006037,0.0407187,0.0628452,0.0368443,0.0364411,0.04744,0.009853,
502,1e-07,3.11e-05,0.0001862,0.0009068,0.0010508,0.0006952,0.0016357,0.0062645,0.0200812,0.0135062,0.0234612,0.0152557,0.0590131,0.0573113,
503,1e-07,3.02e-05,0.0001848,0.0001959,0.0013081,0.002391,0.0013139,0.0067588,0.011123,0.0104964,0.0154657,0.0442886,0.0594132,0.0296699,
504,1e-07,2.96e-05,0.0009135,0.0001953,0.0011699,0.0005472,0.0010712,0.003632,0.0116328,0.0070889,0.0081612,0.0206691,0.0423401,0.0301728,
505,1e-07,2.91e-05,0.0001836,0.0001953,0.0010616,0.00113,0.0003147,0.0034324,0.0187434,0.0123094,0.0078704,0.026869,0.0261726,0.0178819,
506,1e-07,2.8e-05,0.0001798,0.0014489,0.0006477,0.0005451,0.0007222,0.0021752,0.010047,0.0054826,0.0125404,0.021893,0.0257456,0.0275329,
507,1e-07,2.76e-05,0.0001788,0.0001913,0.0009297,0.0005475,0.0011651,0.0010129,0.0050592,0.0064491,0.0302954,0.0419682,0.018028,0.0346141,
508,1e-07,2.67e-05,0.0009158,0.000188,0.0010585,0.0007371,0.0003159,0.0018526,0.0063071,0.0199643,0.0166513,0.0395884,0.0121129,0.0537503,
509,1e-07,2.69e-05,0.0001772,0.0001892,0.0025847,0.0005409,0.0011292,0.0025113,0.0052164,0.0251154,0.0133011,0.0156709,0.0120173,0.0513159,
510,1e-07,2.74e-05,0.0001804,0.0001921,0.0009265,0.0014295,0.0007337,0.00088,0.0088428,0.030625,0.0234036,0.0476918,0.0317976,0.0403148,
511,1e-07,2.66e-05,0.0001776,0.0001899,0.000647,0.0015193,0.0010656,0.0013668,0.0081005,0.0091938,0.0238877,0.0485369,0.0484095,0.0537229,
512,1e-07,2.6e-05,0.0001754,0.0015611,0.0013768,0.0013319,0.0012597,0.0010811,0.0089506,0.009398,0.0143934,0.046117,0.0275177,0.0662007,
513,1e-07,2.66e-05,0.0008999,0.0011119,0.0010967,0.000531,0.0009112,0.0023401,0.0131924,0.0167107,0.0153514,0.0433628,0.0329489,0.0418283,
514,1e-07,2.65e-05,0.0001798,0.0001915,0.0012103,0.0017505,0.0007457,0.0020424,0.0115978,0.0162584,0.0138534,0.0228657,0.0327277,0.0459347,
515,1e-07,2.57e-05,0.0001759,0.0017862,0.0006483,0.000759,0.0016732,0.0048702,0.0154616,0.0157515,0.0396732,0.0288924,0.0287595,0.0239226,
516,1e-07,2.59e-05,0.000177,0.0008914,0.0022269,0.0021221,0.0002952,0.0089272,0.0061684,0.0087672,0.0414163,0.0261783,0.0320937,0.0201898,
517,1e-07,2.63e-05,0.0009149,0.0009069,0.0014389,0.0033844,0.0043537,0.0102352,0.005366,0.0093299,0.0076802,0.0358317,0.012654,0.0497547,
518,1e-07,2.56e-05,0.0001776,0.0014426,0.0024124,0.0021605,0.0020043,0.0078639,0.0104438,0.0085335,0.0238812,0.0458538,0.0226708,0.0389453,
519,1e-07,0.0017425,0.0011196,0.0009105,0.0028155,0.0027327,0.0021556,0.0085717,0.0255405,0.0308553,0.043243,0.0314566,0.0356747,0.0135924,
520,1e-07,0.0013952,0.001269,0.0015742,0.0036879,0.0070349,0.0042594,0.0120616,0.0276,0.0341192,0.0495546,0.0583734,0.0559114,0.0459599,
521,1e-07,0.0013946,0.0051095,0.0082521,0.0054951,0.0115512,0.0211366,0.0121897,0.0575722,0.0627513,0.0499139,0.0260454,0.0496371,0.0192546,
522,1e-07,2.64e-05,0.0001827,0.0009177,0.0025126,0.0050386,0.0143412,0.0085488,0.0290092,0.0432866,0.0288725,0.0309904,0.0173066,0.0150635,
523,1e-07,2.61e-05,0.0008885,0.0024407,0.0017146,0.0047201,0.0046257,0.0111828,0.012961,0.0351587,0.0665295,0.049382,0.0317843,0.0341537,
524,1e-07,2.68e-05,0.0001861,0.0018263,0.0017885,0.0017868,0.0018144,0.0078304,0.0052006,0.048073,0.0553512,0.0609313,0.0429781,0.0593329,
525,1e-07,2.72e-05,0.0001858,0.0012816,0.0020161,0.0023176,0.0015435,0.0050267,0.0125656,0.0580827,0.0936247,0.0718419,0.0432039,0.0502012,
526,1e-07,2.65e-05,0.0001826,0.0008735,0.0013107,0.0009001,0.0019395,0.0055986,0.0191932,0.0339257,0.0424383,0.0683969,0.0115031,0.0328035,
527,2e-07,2.67e-05,0.000182,0.0001945,0.0012075,0.001752,0.0016971,0.0066232,0.020334,0.0205192,0.0317,0.0374118,0.0335511,0.0270748,
528,2e-07,2.62e-05,0.000179,0.0001921,0.0016333,0.0021499,0.0039036,0.0040635,0.0283021,0.033647,0.052188,0.0606804,0.0422103,0.0283094,
529,2e-07,2.7e-05,0.0001806,0.0001941,0.0009346,0.0013468,0.0029618,0.0037834,0.0387772,0.0290713,0.054925,0.028433,0.0315596,0.0586214,
530,2e-07,2.71e-05,0.0001782,0.0013897,0.0009353,0.0018355,0.0045701,0.00366,0.0219803,0.0376453,0.0544747,0.0097635,0.0184092,0.0786643,
531,2e-07,0.0017286,0.0001776,0.0011073,0.0009357,0.0007378,0.0011816,0.0036894,0.0122096,0.0322479,0.0389688,0.0310535,0.100532,0.0675814,
532,2e-07,2.74e-05,0.0001754,0.0008657,0.00106,0.0013452,0.0015671,0.0023814,0.0288079,0.0144326,0.0512145,0.0474106,0.0556316,0.0390531,
533,2e-07,2.76e-05,0.000174,0.001296,0.0010978,0.0005732,0.000903,0.00443,0.0121636,0.0378276,0.0472337,0.0391685,0.0802305,0.0560641,
534,2e-07,2.85e-05,0.0009253,0.0001919,0.0012046,0.0005741,0.0011816,0.0036305,0.0163024,0.0444749,0.0330229,0.0433113,0.075257,0.0546073,
535,2e-07,2.86e-05,0.00018,0.0001944,0.0010992,0.0014448,0.0015615,0.0038645,0.0121632,0.0321814,0.0346423,0.0397545,0.0428387,0.0382523,
536,1e-07,2.85e-05,0.0001804,0.0001944,0.0004019,0.0005614,0.0011734,0.0010036,0.0023138,0.0038151,0.0232099,0.0431428,0.0467112,0.028847,
537,1e-07,2.93e-05,0.0001812,0.0001954,0.0004016,0.0018754,0.0009175,0.0017651,0.0152167,0.0284646,0.0159217,0.0466414,0.0321634,0.0524587,
538,1e-07,2.99e-05,0.0001851,0.0008588,0.0009384,0.0005603,0.0015525,0.0020231,0.0184799,0.0356326,0.0421764,0.0256126,0.0444523,0.0507327,
539,1e-07,2.95e-05,0.0001857,0.0008634,0.000399,0.0016695,0.0003188,0.0020209,0.0146827,0.0264098,0.0498721,0.0487615,0.0506933,0.069376,
540,1e-07,2.95e-05,0.0001837,0.0001966,0.0010621,0.0011221,0.0013283,0.0032383,0.017632,0.0217188,0.0287117,0.0162284,0.0235929,0.0822276,
541,1e-07,3.05e-05,0.0001865,0.0008632,0.0011669,0.0007048,0.0023743,0.0017103,0.011764,0.0205984,0.0562928,0.0275001,0.026489,0.0556382,
542,1e-07,0.0009715,0.0001899,0.0002024,0.0010652,0.0005492,0.0015432,0.0055803,0.0123314,0.0236796,0.0386632,0.0567912,0.0467513,0.0446545,
543,1e-07,3.04e-05,0.0008886,0.0002014,0.0010502,0.0023883,0.0017076,0.002651,0.0071497,0.0243648,0.0168442,0.0354277,0.0585389,0.0683229,
544,1e-07,3.03e-05,0.0008915,0.0012432,0.0009338,0.0016627,0.0011555,0.0041256,0.0165889,0.02351,0.0294688,0.051628,0.0327912,0.0595867,
545,1e-07,2.92e-05,0.0012787,0.0001959,0.000646,0.0005489,0.0013273,0.0020742,0.0111907,0.016846,0.0215997,0.0432976,0.0266278,0.0583153,
546,1e-07,2.86e-05,0.0001795,0.0021647,0.0010597,0.0005561,0.0016781,0.0015609,0.0129989,0.0150811,0.0317418,0.0393809,0.0155303,0.0715568,
547,1e-07,2.83e-05,0.0001777,0.0001915,0.0006419,0.0007198,0.0011726,0.0009044,0.011156,0.0167709,0.0457872,0.0471076,0.0460094,0.0629845,
548,2e-07,2.75e-05,0.0009163,0.0001887,0.0012065,0.0015164,0.0015612,0.0016466,0.0100272,0.0304345,0.0361945,0.0451748,0.0613432,0.0538385,
549,2e-07,2.7e-05,0.0001704,0.0001852,0.000406,0.0005734,0.0011842,0.0014782,0.0138265,0.0403474,0.077799,0.0574556,0.0863937,0.120447,
550,2e-07,2.63e-05,0.0001667,0.0001825,0.0006376,0.0010292,0.0013509,0.0012623,0.006138,0.0240034,0.0840692,0.0732821,0.0847931,0.12378,
551,2e-07,2.6e-05,0.000166,0.0001813,0.0009307,0.0012173,0.0010287,0.0042621,0.012208,0.0188174,0.0392035,0.0504642,0.0802272,0.1011564,
552,2e-07,2.61e-05,0.0001695,0.0001838,0.0004057,0.0020038,0.0012976,0.0014386,0.0185015,0.0172066,0.0362792,0.0446839,0.0736261,0.0712756,
553,2e-07,2.56e-05,0.0001681,0.0001828,0.0010635,0.0007471,0.0010743,0.0031647,0.0202701,0.0496765,0.0341459,0.0408674,0.0452549,0.0584187,
554,2e-07,2.5e-05,0.0009039,0.00018,0.0004081,0.0005685,0.0011894,0.0051744,0.0280632,0.0319433,0.0067383,0.0601307,0.0337972,0.0624417,
555,2e-07,0.0017376,0.0001669,0.0001812,0.0010517,0.0014515,0.0017222,0.0039954,0.0221434,0.0288163,0.0104687,0.0545097,0.0681718,0.0496079,
556,2e-07,2.52e-05,0.0001691,0.0001827,0.0010952,0.0005558,0.0007367,0.002297,0.0125419,0.0368252,0.0152911,0.028005,0.0713322,0.0188464,
557,2e-07,2.46e-05,0.0009024,0.0011147,0.0010942,0.0011159,0.0012256,0.0028222,0.021067,0.0429446,0.0787336,0.0520839,0.0695121,0.0499605,
558,2e-07,2.42e-05,0.000165,0.001124,0.001202,0.0010257,0.0023065,0.0028228,0.011756,0.021757,0.0683292,0.0468268,0.0713135,0.0666876,
559,2e-07,2.47e-05,0.0010989,0.0012698,0.0027794,0.0007657,0.0022705,0.0054054,0.0093111,0.0238021,0.0283402,0.0276434,0.0599064,0.0558999,
560,2e-07,2.46e-05,0.0008991,0.0001824,0.0009253,0.0014903,0.0015631,0.0099977,0.0233704,0.0232671,0.0622912,0.0253198,0.0727655,0.0514072,
561,2e-07,2.39e-05,0.0001654,0.0011264,0.001459,0.0005539,0.0043437,0.0083287,0.0197163,0.0533761,0.1091308,0.0641066,0.0707695,0.0860184,
562,2e-07,2.41e-05,0.0001671,0.0009228,0.0022719,0.0025462,0.0032223,0.0109334,0.0242892,0.045137,0.0444251,0.0633605,0.0529654,0.0921847,
563,2e-07,0.0013911,0.0009163,0.0015749,0.0006463,0.0031233,0.0023229,0.0079373,0.0180547,0.0514384,0.0198548,0.040144,0.0147406,0.0589409,
564,2e-07,2.42e-05,0.0010931,0.0022063,0.0015629,0.0037866,0.0033873,0.0173803,0.0250648,0.0404332,0.0504974,0.0873218,0.0213971,0.0478613,
565,2e-07,2.48e-05,0.0001722,0.0014068,0.0009263,0.002487,0.002439,0.0097757,0.0223616,0.0285708,0.019841,0.0624831,0.0375089,0.0324514,
566,2e-07,2.5e-05,0.0001708,0.0001846,0.0016167,0.0026269,0.0017053,0.0067835,0.0124643,0.0166564,0.031302,0.0732573,0.0575446,0.0256337,
567,2e-07,2.55e-05,0.0001718,0.0008802,0.0013521,0.0018334,0.0021533,0.0048781,0.0053456,0.0154228,0.0362014,0.0539347,0.0474867,0.0200306,
568,2e-07,2.61e-05,0.0001739,0.0013907,0.0004049,0.0005603,0.0020688,0.0041823,0.0145374,0.0135361,0.0336862,0.0540671,0.0614753,0.0262871,
569,2e-07,2.6e-05,0.0001763,0.0008725,0.0006426,0.0017446,0.00156,0.003948,0.0104747,0.0170231,0.0239013,0.0453962,0.0242291,0.012382,
570,2e-07,0.0010239,0.0001774,0.0008759,0.0011724,0.00075,0.0010655,0.0045493,0.0103273,0.0122366,0.0240416,0.0369347,0.0308343,0.0332119,
571,2e-07,0.0009759,0.0008906,0.0008738,0.0006437,0.0015211,0.0012577,0.0054292,0.0098299,0.0093874,0.0119099,0.0237073,0.0393842,0.0254541,
572,2e-07,2.71e-05,0.000885,0.0008692,0.0004019,0.0005506,0.0011733,0.0047621,0.0153947,0.0173902,0.0308262,0.0327006,0.0089184,0.0228713,
573,1e-07,2.72e-05,0.0014268,0.0001948,0.0010982,0.0014308,0.0003039,0.0026084,0.0056901,0.0160751,0.012231,0.032052,0.0119202,0.0358286,
574,1e-07,2.77e-05,0.0001834,0.000873,0.0015523,0.0012377,0.0020423,0.0009495,0.0048733,0.0064961,0.0285439,0.0250584,0.020988,0.0439968,
575,1e-07,2.84e-05,0.0008855,0.0008674,0.0016167,0.0014279,0.0012561,0.0014585,0.0073215,0.0207124,0.0320279,0.0225982,0.0257272,0.0253169,
576,1e-07,2.84e-05,0.0008821,0.0001996,0.001385,0.0005385,0.0011342,0.0049981,0.011666,0.0313673,0.0295376,0.0332637,0.0447346,0.0283471,
577,1e-07,2.86e-05,0.0008848,0.0008695,0.0013094,0.00123,0.0002989,0.0040187,0.0025945,0.013255,0.0432822,0.0256557,0.0321036,0.0161858,
578,1e-07,2.94e-05,0.0024346,0.0012403,0.001912,0.0005336,0.0011386,0.0023102,0.0084233,0.0226471,0.043074,0.0556617,0.0135455,0.019969,
579,1e-07,2.98e-05,0.000192,0.0002039,0.0010641,0.0025623,0.0020132,0.0042133,0.018283,0.0191294,0.031205,0.0371891,0.0235113,0.0259273,
580,1e-07,2.96e-05,0.0001936,0.0009085,0.0011009,0.0031059,0.0028518,0.0074146,0.0113625,0.0410002,0.0246571,0.0104438,0.0574919,0.0453048,
581,1e-07,2.96e-05,0.0001938,0.0015312,0.001632,0.0005219,0.001231,0.0047766,0.0257969,0.0234518,0.0299731,0.0125846,0.0723078,0.0459037,
582,1e-07,2.93e-05,0.0012517,0.0008692,0.0010625,0.001509,0.0018447,0.0090085,0.0329567,0.02985,0.0354892,0.0546858,0.1246829,0.0748748,
583,1e-07,3.02e-05,0.0001981,0.0022869,0.0010474,0.0035048,0.0031152,0.0094469,0.0373321,0.0728425,0.0767677,0.0668174,0.1057626,0.1110366,
584,0.0,0.0017193,0.0018749,0.0018638,0.0027272,0.0027547,0.0070049,0.0048911,0.0494452,0.0649538,0.0486965,0.0669251,0.1228513,0.1282924,
585,1e-07,2.92e-05,0.0022045,0.0028564,0.0039324,0.0062168,0.0088393,0.0138729,0.0342669,0.0418825,0.021825,0.0499238,0.0503623,0.0939246,
586,1e-07,2.88e-05,0.0025532,0.0015709,0.0065429,0.0032459,0.006977,0.0207839,0.015813,0.0193287,0.0247392,0.0327066,0.0551582,0.0789582,
587,1e-07,2.79e-05,0.0001877,0.0023718,0.002494,0.0045192,0.0038876,0.0110303,0.0137831,0.0271869,0.0544009,0.0454503,0.0674025,0.0695008,
588,1e-07,0.0010016,0.0001856,0.0011273,0.002369,0.001437,0.0043729,0.0115535,0.0182241,0.0399264,0.0508266,0.0503724,0.0528761,0.0843319,
589,1e-07,2.84e-05,0.0001894,0.0022586,0.0020815,0.0026125,0.0032545,0.0126017,0.0145955,0.0532087,0.0473404,0.0674816,0.0610194,0.0819413,
590,0.0,0.0013905,0.0001907,0.0020697,0.0029171,0.0025395,0.0054659,0.013776,0.0286033,0.0361934,0.0532967,0.0651968,0.0883624,0.1232808,
591,0.0,2.95e-05,0.0020795,0.0018845,0.0013808,0.0030435,0.0022649,0.0105426,0.0156149,0.0342046,0.0610247,0.0706711,0.0651027,0.1612006,
592,0.0,2.94e-05,0.0001915,0.0002018,0.0003944,0.0013362,0.0002913,0.0091849,0.0156072,0.0630902,0.0299387,0.0464808,0.0340484,0.1139492,
593,1e-07,2.87e-05,0.0001877,0.0012737,0.0006525,0.0022235,0.0002968,0.0077441,0.0206119,0.029692,0.057422,0.0635279,0.0207241,0.0588134,
594,1e-07,2.84e-05,0.0009135,0.000196,0.0009244,0.0016627,0.0017292,0.002121,0.0218027,0.0095813,0.0400037,0.042698,0.0491798,0.0463586,
595,1e-07,0.0014388,0.0001825,0.0001937,0.0003982,0.0005328,0.0003062,0.0012671,0.0043837,0.0070055,0.0196305,0.0210518,0.0426175,0.0151553,
596,1e-07,2.78e-05,0.0001812,0.0001923,0.0010572,0.0005296,0.0012532,0.0045108,0.0040575,0.0279919,0.0109467,0.0143366,0.0134395,0.0400319,
597,1e-07,2.7e-05,0.0001784,0.00019,0.0003996,0.0007425,0.002372,0.0015754,0.0065921,0.0186916,0.0109931,0.0235244,0.034338,0.0463818,
598,1e-07,2.63e-05,0.0001745,0.0001867,0.0004017,0.0015181,0.0024249,0.0026558,0.0109279,0.0264942,0.024121,0.0399787,0.0385694,0.0469799,
599,1e-07,2.55e-05,0.0016789,0.0011259,0.0010952,0.0015274,0.0003084,0.0029038,0.0152733,0.0453257,0.0337178,0.1070482,0.0569136,0.0517505,
600,1e-07,0.0017142,0.00017,0.001423,0.0004035,0.0007562,0.0012594,0.0026769,0.0083542,0.0323057,0.0423845,0.04834,0.0669612,0.0270637,
601,1e-07,2.58e-05,0.0014237,0.0001858,0.0010951,0.0012585,0.001229,0.0028042,0.0150875,0.0213482,0.021893,0.0351548,0.0450325,0.0308882,
602,1e-07,2.56e-05,0.0016807,0.0001863,0.003201,0.0012316,0.0033062,0.0045327,0.014419,0.027665,0.0352215,0.031896,0.0566789,0.0552156,
603,1e-07,2.49e-05,0.0001703,0.0001832,0.0019027,0.0025851,0.003043,0.0080393,0.0162331,0.0193712,0.0356607,0.0223558,0.0720362,0.062536,
604,1e-07,2.52e-05,0.0014254,0.0009075,0.0012182,0.0018105,0.0040875,0.0072901,0.0292402,0.038912,0.0233518,0.0293572,0.0282291,0.0575821,
605,1e-07,2.57e-05,0.0001745,0.0015458,0.0020213,0.0032479,0.0032687,0.0066239,0.0133633,0.0395558,0.0225935,0.0546348,0.0129355,0.0499307,
606,1e-07,0.0009768,0.0009128,0.0030294,0.0024135,0.0029525,0.0026343,0.0368633,0.0163289,0.0391753,0.0380184,0.048343,0.0361404,0.064219,
607,1e-07,2.47e-05,0.0001701,0.0022925,0.0030517,0.0067457,0.0106037,0.0441351,0.0121742,0.0587535,0.0237318,0.0425011,0.0493736,0.0755224,
608,1e-07,0.0009936,0.001279,0.0022752,0.0040857,0.0082906,0.0168537,0.0464918,0.0125169,0.0316536,0.0549399,0.127835,0.05001,0.0239977,
609,1e-07,2.48e-05,0.0009115,0.0001823,0.0004034,0.002716,0.0072146,0.0197274,0.0119561,0.0319685,0.0362605,0.015085,0.0356181,0.0339489,
610,1e-07,2.51e-05,0.001687,0.0011214,0.0020245,0.0094544,0.0111812,0.0284553,0.0204298,0.0147958,0.0144088,0.0328071,0.015581,0.0398882,
611,1e-07,2.51e-05,0.0009086,0.0001821,0.0012241,0.0034004,0.0086714,0.0120629,0.0150807,0.0210516,0.0488494,0.0437821,0.0424941,0.0503395,
612,1e-07,2.51e-05,0.0011097,0.0001814,0.001331,0.0012704,0.0015048,0.010503,0.0252475,0.0318177,0.0496985,0.0602002,0.0373574,0.0565445,
