#Time_fs,0,50,100,150,200,250,300,500,750,1000,1250,1500,1750,2000,
1,0.0,0.0001728,0.0007769,0.0009018,0.0007968,0.0009706,0.0010715,0.0022183,0.0081392,0.0176901,0.0598049,0.0218957,0.039286,0.0183553,
2,0.0,0.0001748,0.0009351,0.0012066,0.0013316,0.0012593,0.0014318,0.0026497,0.0133269,0.0174328,0.0695823,0.0461916,0.0690154,0.0301309,
3,0.0,0.0001773,0.0012994,0.0013232,0.0014873,0.0006856,0.0006952,0.0017534,0.005732,0.031299,0.033041,0.0697778,0.0264862,0.0417052,
4,0.0,0.0001782,0.0007323,0.0008654,0.0009877,0.0011734,0.0006973,0.0008704,0.0052761,0.0243929,0.0246607,0.0482769,0.0353599,0.0586362,
5,0.0,0.0012594,0.0007513,0.0005829,0.0011604,0.0006868,0.0005227,0.0031515,0.0150581,0.0121811,0.0143444,0.0288278,0.0506055,0.0291156,
6,0.0,0.001262,0.0007492,0.0005805,0.0013571,0.0006831,0.0009774,0.0038472,0.0075226,0.0096031,0.0130031,0.0195183,0.0429241,0.0339786,
7,0.0,0.0001754,0.0010438,0.0010155,0.0007923,0.0017848,0.0011548,0.0024549,0.0052355,0.0156607,0.0165399,0.0089786,0.0420921,0.0387111,
8,0.0,0.0008692,0.0007386,0.0009115,0.000435,0.0016608,0.0014419,0.0044808,0.0027251,0.008712,0.029066,0.0101896,0.0543777,0.0195721,
9,0.0,0.0001707,0.0007379,0.0015595,0.0011923,0.0005225,0.0007978,0.0017954,0.0046523,0.0216299,0.0244111,0.0362273,0.0453877,0.0510203,
10,0.0,0.0008716,0.001046,0.0012159,0.0007472,0.0009787,0.000707,0.002992,0.0077615,0.0247103,0.0348037,0.044733,0.0113884,0.0186028,
11,0.0,0.0001679,0.0007504,0.0010045,0.0009887,0.0005277,0.0007878,0.0025951,0.0105601,0.027567,0.0358466,0.0535865,0.0302217,0.0441495,
12,0.0,0.0009372,0.0007249,0.0013746,0.0011604,0.0005265,0.0009091,0.0037582,0.0109973,0.0244963,0.0678624,0.035136,0.013353,0.0412115,
13,0.0,0.0001712,0.0007571,0.001362,0.0017055,0.0008391,0.0014434,0.004933,0.0090201,0.0264844,0.0592118,0.0562271,0.0413359,0.0682341,
14,0.0,0.0009352,0.0010459,0.0005735,0.0004297,0.0014191,0.0016645,0.0041856,0.0094602,0.0436536,0.0514123,0.0595633,0.0328017,0.0432351,
15,0.0,0.000168,0.0011615,0.0009306,0.0010048,0.001478,0.0023432,0.0038626,0.0099639,0.0440452,0.0299495,0.0295704,0.0405102,0.0544492,
16,0.0,0.0001703,0.0012911,0.0013567,0.00099,0.0013292,0.0017043,0.0012091,0.0126855,0.0157442,0.0436987,0.0171685,0.0459514,0.0559262,
17,0.0,0.0001726,0.0010455,0.0011944,0.0013204,0.0019571,0.0010001,0.0014288,0.0143324,0.0255355,0.0405973,0.0351805,0.0488136,0.0227687,
18,0.0,0.0001727,0.0005197,0.0006184,0.0015937,0.0020534,0.0027254,0.0085356,0.0158893,0.0328737,0.0100588,0.0174729,0.0337556,0.0279177,
19,0.0,0.0001749,0.0011891,0.0012109,0.0019381,0.0058761,0.0087472,0.0039755,0.023177,0.0194984,0.0163229,0.0098243,0.0270896,0.0363669,
20,0.0,0.0001767,0.0010407,0.0009281,0.004219,0.0040335,0.0054933,0.0043758,0.0088983,0.0550006,0.03356,0.0328313,0.011108,0.0413126,
21,0.0,0.0013141,0.0021868,0.0035529,0.0013467,0.0046481,0.0031111,0.0101674,0.018499,0.0587641,0.0166435,0.0416644,0.0144366,0.0476705,
22,0.0,0.0001802,0.000798,0.0006264,0.0035017,0.0058044,0.0074605,0.0119223,0.0324778,0.0235387,0.0351527,0.0328355,0.0296134,0.0222654,
23,0.0,0.0009212,0.0029477,0.0028377,0.0029467,0.0116692,0.0201984,0.0451407,0.0306834,0.0809394,0.1052182,0.0356748,0.0318523,0.0306569,
24,0.0,0.0022346,0.0046468,0.0046941,0.0082665,0.0134103,0.016687,0.0326964,0.0411708,0.0854935,0.0842344,0.0939541,0.0466303,0.0638122,
25,0.0,0.0050446,0.0073954,0.0126831,0.0126028,0.0066903,0.0066043,0.0362555,0.0634047,0.0576122,0.0323238,0.0534314,0.0254278,0.0577189,
26,0.0,0.0039139,0.0088759,0.0181039,0.0273809,0.0263401,0.0175677,0.0139285,0.05529,0.0614889,0.0552115,0.0388852,0.0235632,0.0397884,
27,0.0,0.0012549,0.0043839,0.0071935,0.012939,0.0157735,0.0148117,0.0229823,0.0363072,0.0452031,0.0443351,0.0348937,0.0305033,0.0327738,
28,0.0,0.0001779,0.0019771,0.0056306,0.0046917,0.0045664,0.0089003,0.0035661,0.0339056,0.0317373,0.0322265,0.02481,0.0450096,0.0421168,
29,0.0,0.0001766,0.0017275,0.001003,0.0035639,0.0017879,0.0039483,0.0073634,0.0095289,0.0929028,0.0199603,0.0424868,0.0517134,0.0441057,
30,0.0,0.0001745,0.0005224,0.0013212,0.002779,0.0018463,0.0021183,0.0035971,0.0078482,0.0094085,0.0380457,0.0367796,0.0640579,0.056002,
31,0.0,0.000872,0.000772,0.0006104,0.0013422,0.0022355,0.0016754,0.0028057,0.0065274,0.0109947,0.0497163,0.0377533,0.0200483,0.0447971,
32,0.0,0.0001704,0.0007022,0.0022416,0.0004314,0.0008438,0.0016482,0.0027645,0.0088674,0.0267146,0.0374767,0.0186424,0.0203856,0.0287989,
33,0.0,0.0001681,0.0006984,0.0013485,0.0004302,0.0005301,0.0016535,0.0027308,0.0112129,0.0203408,0.0256805,0.0433519,0.0579863,0.041292,
34,0.0,0.000169,0.0005325,0.0005677,0.0015914,0.0019677,0.0023553,0.0021176,0.0063085,0.0266876,0.0464734,0.037801,0.0579758,0.0361272,
35,0.0,0.0013834,0.0008937,0.0015872,0.0011789,0.0008413,0.0010111,0.0030668,0.0077295,0.0194495,0.0184703,0.0268848,0.0121314,0.052447,
36,0.0,0.0001742,0.000694,0.0013184,0.0017087,0.0018174,0.0016776,0.0019848,0.0105193,0.0156324,0.0334325,0.0295822,0.0232008,0.0457434,
37,0.0,0.0013817,0.0007768,0.0013814,0.0017156,0.0009402,0.0014499,0.0024371,0.0060839,0.0169723,0.0524844,0.0462062,0.0846558,0.0657635,
38,0.0,0.0001793,0.0006937,0.0006199,0.0013408,0.0015817,0.0016728,0.0078864,0.0101994,0.021009,0.0249208,0.0270798,0.0813145,0.0851908,
39,0.0,0.0001827,0.0010472,0.0014854,0.0020393,0.0024894,0.0027386,0.0142383,0.0182444,0.0362431,0.0216227,0.0504953,0.0618972,0.0786499,
40,0.0,0.0010842,0.0006848,0.0013945,0.0029859,0.0019479,0.0035453,0.019214,0.0191856,0.0385376,0.0406736,0.0492306,0.0392214,0.0507446,
41,1e-07,0.0009277,0.0019632,0.0034884,0.0031814,0.0043454,0.0047606,0.0199826,0.0354412,0.0239726,0.0326093,0.0112791,0.0297394,0.0504013,
42,0.0,0.0009271,0.0010392,0.0019549,0.0048246,0.0043025,0.0067729,0.019251,0.0346197,0.0367171,0.0458958,0.0314434,0.034301,0.0547776,
43,0.0,0.0001851,0.0017309,0.0042301,0.0077534,0.0086621,0.011774,0.0344552,0.0358708,0.0318586,0.0326673,0.0461326,0.040006,0.019425,
44,0.0,0.0014846,0.001916,0.0051201,0.0070346,0.0113051,0.0161593,0.0216641,0.0460875,0.0319844,0.0314018,0.0412521,0.0390104,0.0342649,
45,0.0,0.0025033,0.0059867,0.0093436,0.0186601,0.0311096,0.0350552,0.0267024,0.029573,0.028993,0.0117921,0.0544919,0.0407104,0.0497378,
46,0.0,0.0071827,0.0135214,0.0160169,0.0223112,0.0319677,0.0386587,0.0167466,0.0366556,0.0412079,0.0679909,0.108491,0.0796049,0.0668056,
47,0.0,0.0011078,0.008912,0.0146717,0.0213098,0.027179,0.0383684,0.0143466,0.0280464,0.042293,0.0805571,0.0891741,0.072916,0.0515843,
48,0.0,0.0009232,0.0026305,0.0067104,0.012339,0.0173252,0.0156397,0.0099333,0.0187578,0.0224808,0.0535069,0.0641491,0.0294933,0.0110433,
49,0.0,0.0015902,0.0082063,0.0094635,0.0083114,0.0032853,0.0058812,0.0201585,0.0113459,0.0312123,0.0292683,0.0553078,0.0282701,0.0575081,
50,0.0,0.0001957,0.0017706,0.0034654,0.0017301,0.0029293,0.0042197,0.0274803,0.0139462,0.0270805,0.0525901,0.0500786,0.0599392,0.0342879,
51,1e-07,0.0001961,0.000805,0.0014172,0.0024004,0.0038199,0.0043484,0.0186336,0.0237247,0.030592,0.0310454,0.0313675,0.050961,0.0378773,
52,1e-07,0.0001927,0.0012697,0.0017814,0.0011845,0.001644,0.0039169,0.0049737,0.0221029,0.0288927,0.035116,0.0485859,0.0699568,0.0419986,
53,1e-07,0.0008519,0.0006682,0.0006322,0.001334,0.0025487,0.0046917,0.0029725,0.0294965,0.0462847,0.0554804,0.1180562,0.1066868,0.0830006,
54,1e-07,0.0001893,0.0005372,0.0013278,0.0014682,0.0020004,0.0021703,0.0203727,0.0284094,0.033837,0.0612475,0.0601144,0.0627476,0.1005139,
55,0.0,0.0008556,0.0006663,0.0009107,0.0007579,0.0017641,0.0035706,0.0119028,0.0084547,0.0278988,0.0562346,0.0785432,0.0866228,0.0714033,
56,1e-07,0.0001893,0.0008094,0.0010108,0.0025629,0.0032585,0.0027383,0.0158073,0.0118375,0.0441008,0.0732226,0.0473594,0.0590635,0.0699429,
57,1e-07,0.0001878,0.0013897,0.0022777,0.0040217,0.0061988,0.0040516,0.0152512,0.0291962,0.0317734,0.0879151,0.0619889,0.082766,0.1005961,
58,1e-07,0.0001848,0.000667,0.002945,0.004615,0.0037354,0.0041707,0.0120631,0.0278622,0.0478462,0.0632278,0.0372713,0.050797,0.0515641,
59,1e-07,0.000185,0.0006593,0.0018192,0.0017417,0.0009385,0.0035664,0.0032281,0.0290754,0.0367847,0.0477111,0.0635335,0.0523221,0.0696385,
60,0.0,0.0001856,0.0008141,0.0021552,0.0032541,0.0032191,0.0055514,0.0084198,0.0350529,0.0549934,0.0377322,0.0680373,0.0369496,0.0597492,
61,0.0,0.0008624,0.0015832,0.0014801,0.0021425,0.0050384,0.0056784,0.0185225,0.0327863,0.0583058,0.0308407,0.0860609,0.0527889,0.070852,
62,1e-07,0.0001794,0.0012704,0.0018305,0.0027121,0.0045021,0.008553,0.0168048,0.0291942,0.0148681,0.0386326,0.0362238,0.0729028,0.0455768,
63,1e-07,0.0001763,0.0012724,0.000934,0.0013465,0.0026078,0.0038643,0.0108714,0.0439004,0.0456947,0.0342876,0.055195,0.0434443,0.0658853,
64,0.0,0.0016446,0.0011204,0.000909,0.0028095,0.0020608,0.0020649,0.0115872,0.0458861,0.0286574,0.0334568,0.0417781,0.05334,0.0754308,
65,0.0,0.0014062,0.0012019,0.0028577,0.0049649,0.0067262,0.0076636,0.010705,0.0310851,0.0241745,0.0227827,0.0411807,0.0188891,0.0540053,
66,0.0,0.0001768,0.0012727,0.0015618,0.0009936,0.0041362,0.0085659,0.0067689,0.0164941,0.0295684,0.0305204,0.0475162,0.0307375,0.0635893,
67,0.0,0.0011411,0.0011974,0.001315,0.0017201,0.0043216,0.0044004,0.0044792,0.0199819,0.0197552,0.0146411,0.0696066,0.0645723,0.0584745,
68,0.0,0.000173,0.0006919,0.0006179,0.0015943,0.0029688,0.0033065,0.0059537,0.0190708,0.0262538,0.0135525,0.0459422,0.0536251,0.0396905,
69,0.0,0.0016506,0.0009087,0.0009904,0.0019467,0.0020978,0.0056418,0.0077598,0.013016,0.0213875,0.0321899,0.016115,0.03685,0.0321573,
70,0.0,0.0001688,0.0012822,0.0013337,0.0011698,0.0022145,0.0017162,0.0061874,0.0084579,0.0684751,0.0552974,0.0209954,0.0394688,0.0316976,
71,0.0,0.0001682,0.0005157,0.0006199,0.0020433,0.0027619,0.0091453,0.0071673,0.0602821,0.089766,0.0489566,0.0485933,0.0405016,0.042405,
72,0.0,0.0013157,0.0005169,0.0013189,0.0011716,0.0032544,0.0041665,0.011074,0.0371641,0.0191573,0.058971,0.0549585,0.0384614,0.0542548,
73,0.0,0.0012663,0.0007008,0.0006129,0.0011701,0.0019622,0.0023484,0.0049931,0.0304037,0.0201117,0.0308725,0.0309962,0.009391,0.04584,
74,0.0,0.0013148,0.0010426,0.0006138,0.0010082,0.0023044,0.0039669,0.0107445,0.0244897,0.029315,0.0499731,0.0327919,0.0244517,0.0462862,
75,0.0,0.0009281,0.0009014,0.0006107,0.0004249,0.0008348,0.0024109,0.0070821,0.0134298,0.040059,0.039418,0.0444082,0.0445477,0.024903,
76,0.0,0.00017,0.0012776,0.0015554,0.0020429,0.0019616,0.0016627,0.0043811,0.0131677,0.0193712,0.0436473,0.0322691,0.0438991,0.0266467,
77,0.0,0.0001726,0.0006786,0.0006102,0.0007535,0.0014179,0.0026229,0.0054468,0.0152494,0.0265188,0.0403541,0.0412812,0.0299663,0.0277495,
78,0.0,0.0001723,0.0012119,0.0006057,0.0004275,0.0008382,0.0014519,0.0066034,0.0355438,0.012797,0.0573231,0.0729777,0.0336496,0.050627,
79,0.0,0.0001748,0.0006731,0.0013676,0.0019447,0.0014797,0.0017623,0.0058434,0.0219739,0.0205705,0.0374568,0.0629209,0.0308986,0.0377202,
80,0.0,0.0001779,0.0005387,0.0009816,0.0007534,0.0014806,0.0028471,0.0106065,0.0196424,0.0290356,0.0689231,0.0562698,0.1000107,0.0727555,
81,0.0,0.0001794,0.0006736,0.0008959,0.001,0.0024251,0.0054035,0.0030281,0.0272635,0.0402586,0.0718064,0.0727178,0.1003945,0.0674139,
82,0.0,0.0001822,0.0005379,0.0009906,0.0015986,0.0021082,0.0026904,0.0096106,0.0152496,0.0176676,0.0930705,0.0880527,0.0952733,0.0835075,
83,0.0,0.0001829,0.0005368,0.0012914,0.0017162,0.0017716,0.0034328,0.0026814,0.0047677,0.0215807,0.040786,0.0478505,0.0456629,0.0434869,
84,0.0,0.0001862,0.0005358,0.0008783,0.0011837,0.0022196,0.0023337,0.0072933,0.0070118,0.0545638,0.0376177,0.0392652,0.0334977,0.0588527,
85,0.0,0.0014312,0.0008974,0.0013788,0.0017187,0.0017669,0.0014559,0.0078306,0.0169013,0.0042023,0.010554,0.0364301,0.050569,0.0536341,
86,0.0,0.0009341,0.0006868,0.0014618,0.0013326,0.0008339,0.0014547,0.0061519,0.0218281,0.0099532,0.0033079,0.0190129,0.0574061,0.0688685,
87,0.0,0.0008632,0.0011409,0.0006165,0.002306,0.0017663,0.0014535,0.0049855,0.0137352,0.0108325,0.0476305,0.0586498,0.0554951,0.0593858,
88,0.0,0.0013138,0.0005335,0.0005729,0.0004322,0.0012526,0.0017659,0.0065538,0.0060019,0.0105366,0.0385926,0.0599905,0.0432096,0.0826575,
89,0.0,0.0008682,0.0010608,0.0010052,0.0009914,0.001262,0.0014514,0.0040254,0.0090705,0.0131363,0.0206115,0.0303292,0.0150874,0.044393,
90,0.0,0.0001728,0.0012815,0.000605,0.0007911,0.0005287,0.0010155,0.0044528,0.0117322,0.019945,0.043201,0.0420605,0.0308726,0.0225586,
91,0.0,0.0001703,0.0006837,0.0012279,0.0007503,0.0005323,0.0014508,0.005085,0.0065579,0.0178651,0.0523355,0.0505188,0.0266943,0.0436119,
92,0.0,0.0008767,0.0017174,0.000941,0.0009912,0.0012661,0.0014309,0.0071638,0.009526,0.0271218,0.0455445,0.0536818,0.031742,0.0648189,
93,0.0,0.0001656,0.0005312,0.0006011,0.0007484,0.0008419,0.002623,0.0080173,0.0085921,0.0433814,0.0709431,0.0300568,0.0247133,0.0468671,
94,0.0,0.0001659,0.0005297,0.0010003,0.0007961,0.0014251,0.0010138,0.0046,0.013642,0.037228,0.0448556,0.0174925,0.0290375,0.0718011,
95,0.0,0.000166,0.0007686,0.000603,0.0004279,0.0014249,0.001652,0.0031675,0.0108666,0.036091,0.0412687,0.0130496,0.0451462,0.050621,
96,0.0,0.0001628,0.0005233,0.0009183,0.001163,0.0022192,0.0018557,0.0052514,0.0177466,0.0519643,0.0528085,0.0079505,0.0695988,0.1131795,
97,0.0,0.0001637,0.0007137,0.0017071,0.0010053,0.0009339,0.001146,0.0025714,0.0127178,0.0221225,0.0503684,0.071392,0.0496833,0.065254,
98,0.0,0.0001665,0.0011999,0.0006018,0.0013284,0.0014275,0.0010057,0.0015866,0.0148455,0.0127388,0.0338971,0.0553099,0.0478322,0.0244867,
99,0.0,0.0001672,0.0007543,0.0010102,0.0011937,0.0005274,0.0010019,0.0016227,0.0053371,0.0232946,0.0313284,0.0334208,0.0387034,0.0188546,
100,0.0,0.000875,0.0011818,0.0010164,0.0013195,0.0008511,0.0008973,0.0018886,0.0083859,0.0136705,0.0317822,0.0308897,0.0179819,0.0106684,
101,0.0,0.0008717,0.0012023,0.0013002,0.000746,0.0009727,0.0005551,0.0031698,0.0115007,0.0126441,0.0249763,0.028678,0.0171968,0.0145198,
102,0.0,0.0001741,0.0007118,0.0005727,0.0007467,0.0005181,0.0009998,0.001609,0.0078476,0.021958,0.0452325,0.0415839,0.0376663,0.0215345,
103,0.0,0.0001772,0.0010717,0.0019321,0.0004374,0.0005155,0.0016807,0.0018678,0.0098167,0.0133204,0.0280102,0.0482571,0.0234205,0.0245427,
104,0.0,0.0001798,0.0016547,0.0017908,0.0007477,0.0009562,0.0014643,0.0038588,0.0120652,0.0122593,0.0177283,0.0377732,0.0377766,0.0542534,
105,0.0,0.0013703,0.0007095,0.0008733,0.0017115,0.0017825,0.0006883,0.0005564,0.0109734,0.0107117,0.0245636,0.0212739,0.027667,0.023681,
106,0.0,0.0001841,0.0007554,0.0019352,0.000994,0.0014298,0.0006872,0.002913,0.008914,0.0101188,0.0143768,0.0355622,0.0490362,0.0119621,
107,0.0,0.0009309,0.0011967,0.001037,0.0007502,0.0014254,0.0014521,0.0018315,0.0039384,0.0084652,0.0206574,0.0260498,0.028054,0.0583311,
108,0.0,0.0001886,0.0011727,0.0008572,0.0011812,0.0005012,0.0028374,0.0030293,0.0058082,0.0366364,0.0129366,0.0292861,0.0628969,0.0253865,
109,0.0,0.0001873,0.0007304,0.0016202,0.0004426,0.0019563,0.002099,0.0008435,0.0149887,0.0151704,0.0189057,0.0371614,0.0213136,0.0192302,
110,0.0,0.000184,0.0005129,0.0014073,0.0004416,0.0009605,0.0005455,0.0023385,0.005487,0.0272086,0.017412,0.013536,0.0205528,0.0234061,
111,0.0,0.0008603,0.0007452,0.0006246,0.001185,0.0008386,0.0019511,0.0014595,0.004993,0.0235509,0.0309372,0.0163257,0.0317399,0.0320715,
112,0.0,0.0001797,0.001053,0.0006227,0.0004378,0.0014223,0.0016149,0.0011293,0.0024512,0.0183762,0.0251852,0.0107408,0.0287821,0.0362593,
113,0.0,0.000178,0.0009151,0.0014746,0.0007488,0.0025093,0.0048535,0.0030606,0.003891,0.0181637,0.0343929,0.009756,0.0208602,0.0396987,
114,0.0,0.000179,0.00051,0.0015095,0.0026285,0.003936,0.0053351,0.0028128,0.0096357,0.0183356,0.0185955,0.0191299,0.0265085,0.0376146,
115,0.0,0.0001768,0.0007247,0.0006261,0.0026336,0.0024243,0.0031924,0.00374,0.0211237,0.0426633,0.0235847,0.0288167,0.0239347,0.0241366,
116,0.0,0.0001784,0.0011537,0.0015077,0.0018264,0.0037899,0.0018586,0.007383,0.0220822,0.0643959,0.0586469,0.0346032,0.0291876,0.0587299,
117,0.0,0.0014338,0.0012072,0.0028257,0.0052685,0.0060192,0.0064935,0.0187019,0.0482687,0.0641456,0.0289579,0.0264948,0.0409675,0.0277204,
118,0.0,0.0001783,0.0035181,0.0064765,0.0074202,0.0094521,0.0114764,0.0237674,0.0481517,0.0709301,0.0394808,0.049095,0.0238884,0.0326307,
119,0.0,0.0019404,0.0026749,0.0041066,0.0106499,0.0082975,0.0123627,0.0334239,0.0386671,0.0570653,0.0578497,0.0271461,0.0376705,0.0605607,
120,0.0,0.0001749,0.0037948,0.002708,0.0078382,0.0081448,0.0112382,0.0472694,0.0570773,0.0592878,0.0649614,0.0375413,0.0533486,0.0485608,
121,0.0,0.0001734,0.0007695,0.0016555,0.0017308,0.005379,0.0071773,0.0375513,0.036028,0.0651318,0.0458069,0.046255,0.0292463,0.0597763,
122,0.0,0.0001739,0.0007636,0.0006268,0.0017154,0.0028896,0.0051705,0.0169624,0.0523818,0.0466277,0.0563221,0.044876,0.0725994,0.0637109,
123,0.0,0.0001755,0.0012858,0.0015757,0.0017112,0.0009343,0.0018224,0.0108719,0.0226308,0.0455798,0.0225193,0.0536383,0.0420574,0.0298378,
124,0.0,0.0001755,0.0009255,0.0009182,0.0009907,0.0013644,0.001344,0.0074976,0.0235652,0.0315621,0.0354637,0.0462869,0.049591,0.0185484,
125,0.0,0.000176,0.0005049,0.0010078,0.0007905,0.0005194,0.0014331,0.0014556,0.0116,0.0204442,0.0300491,0.032203,0.0181718,0.0240289,
126,0.0,0.0008645,0.0005039,0.0009079,0.0013321,0.0013568,0.0012601,0.002534,0.0119258,0.0174416,0.0326379,0.0334505,0.0185763,0.0443378,
127,0.0,0.0001796,0.0007376,0.0006291,0.0013259,0.001174,0.0016088,0.0017691,0.0068522,0.0098349,0.0386722,0.0192984,0.0204424,0.0603073,
128,0.0,0.0001828,0.0010427,0.0014505,0.0004379,0.0005098,0.0014529,0.0033314,0.0069568,0.0044328,0.0177341,0.0163202,0.0395381,0.0640527,
129,0.0,0.0001849,0.0007303,0.0006302,0.0013344,0.0014272,0.0013832,0.0031964,0.0062738,0.0128405,0.0328929,0.0242037,0.0262792,0.0775757,
130,0.0,0.0001874,0.0010488,0.0013945,0.0007521,0.0018324,0.0027136,0.0039858,0.0052694,0.0172771,0.0183329,0.0131136,0.0496649,0.0302847,
131,0.0,0.0008518,0.0005116,0.0008534,0.0013331,0.0008312,0.0014507,0.0021805,0.0152908,0.0182494,0.0223483,0.0174448,0.030454,0.074795,
132,0.0,0.0012473,0.0007573,0.0010091,0.0004438,0.000498,0.0005432,0.0047861,0.012251,0.0227468,0.0286368,0.0595617,0.0126791,0.0756577,
133,0.0,0.0001943,0.0007643,0.000849,0.0011633,0.001416,0.0019333,0.0062974,0.0165277,0.0170966,0.0138585,0.0314497,0.0346026,0.0519434,
134,0.0,0.0001912,0.000517,0.0014192,0.0016139,0.0023571,0.0028835,0.0044199,0.0308016,0.02186,0.0267198,0.0398062,0.0142386,0.0287681,
135,0.0,0.0001904,0.0007164,0.001632,0.00099,0.0013503,0.0028173,0.0087814,0.0366119,0.0294527,0.0236843,0.029556,0.0152951,0.0159806,
136,0.0,0.0001878,0.000722,0.0018351,0.0004381,0.0008282,0.0014544,0.006319,0.0219678,0.0210706,0.0317779,0.035465,0.0154793,0.051762,
137,0.0,0.0001877,0.0005067,0.0006409,0.0026339,0.0035631,0.0025569,0.007091,0.0115554,0.024393,0.0224124,0.0029187,0.0536612,0.0613183,
138,0.0,0.001377,0.0019985,0.0040624,0.0052634,0.0071448,0.0072348,0.0098171,0.0226663,0.0370211,0.030521,0.0317236,0.0244736,0.0356802,
139,0.0,0.0012619,0.0044007,0.0082543,0.0054441,0.0079114,0.0105205,0.0043512,0.0113874,0.0177216,0.0372725,0.0306193,0.036746,0.0509599,
140,0.0,0.0050484,0.0102196,0.0126396,0.0160542,0.0128113,0.0121328,0.0211892,0.0164819,0.0460382,0.0405354,0.0291963,0.0609234,0.0290621,
141,0.0,0.0010824,0.0041964,0.0046912,0.0067307,0.015299,0.0174427,0.0364732,0.0384568,0.0152737,0.0410071,0.0527419,0.0373356,0.0391673,
142,0.0,0.0033361,0.0078756,0.015148,0.0138279,0.0134908,0.0215878,0.0755912,0.1016531,0.0484902,0.0380965,0.0428521,0.0521301,0.0585909,
143,0.0,0.0062912,0.0261783,0.0291178,0.0295409,0.0341055,0.0503581,0.0735289,0.1411973,0.0972652,0.0595925,0.0862765,0.0280683,0.0614673,
144,0.0,0.0012665,0.0023688,0.002153,0.0064904,0.0044976,0.0079887,0.0579404,0.0834505,0.0647508,0.0611471,0.01495,0.0244641,0.0400155,
145,0.0,0.0014684,0.0038788,0.0112438,0.0169389,0.0258427,0.0281812,0.0407271,0.0536498,0.0609783,0.0843024,0.0477113,0.0365804,0.0378143,
146,0.0,0.0009326,0.0034532,0.0025553,0.0051146,0.0082531,0.0188105,0.0244103,0.0361274,0.0425346,0.0668794,0.0423454,0.0412884,0.030629,
147,0.0,0.0001793,0.0012033,0.0011842,0.0032047,0.0058867,0.0088198,0.0168534,0.0368144,0.0372388,0.0424998,0.0430734,0.0309226,0.0414791,
148,0.0,0.0001789,0.0010473,0.0005778,0.0013528,0.0022827,0.0043786,0.0089715,0.0168924,0.0381695,0.026404,0.0320916,0.0300479,0.061005,
149,0.0,0.0001794,0.0005148,0.0005784,0.0004356,0.0010713,0.0034755,0.0069645,0.009194,0.014878,0.0365738,0.0279769,0.0176523,0.0121284,
150,0.0,0.0001769,0.0005148,0.0015956,0.0011611,0.0009482,0.0005429,0.0035836,0.0031828,0.0187875,0.024556,0.0714535,0.0357755,0.0272212,
151,0.0,0.0001755,0.0005135,0.001454,0.001334,0.0005156,0.0014616,0.0034649,0.0012724,0.0152228,0.0203239,0.0329132,0.040289,0.0250859,
152,0.0,0.0008699,0.0007314,0.0009111,0.0009868,0.000674,0.0005458,0.0016196,0.0040663,0.0179137,0.0445734,0.0787354,0.0459253,0.0128377,
153,0.0,0.0001717,0.0005153,0.0012294,0.0011894,0.0006719,0.0019135,0.0027401,0.0101351,0.0108801,0.0622578,0.0918599,0.0693295,0.0353765,
154,0.0,0.0001686,0.0010735,0.0009137,0.0007426,0.0014342,0.0005496,0.0047195,0.0117916,0.0119773,0.0326859,0.0267849,0.0420511,0.0138084,
155,0.0,0.0001673,0.000732,0.0005709,0.000435,0.0014498,0.00115,0.0027375,0.0140043,0.0368021,0.0521202,0.0558089,0.0703641,0.058501,
156,0.0,0.0001698,0.0005189,0.0005714,0.0013207,0.0014319,0.0009967,0.0041682,0.0138657,0.0350899,0.0146538,0.0530151,0.0978652,0.0204053,
157,0.0,0.0001723,0.0007495,0.0012267,0.0011905,0.0006724,0.0009957,0.0035838,0.0083372,0.0194814,0.0125532,0.0348138,0.0458725,0.0278505,
158,0.0,0.0009445,0.0007193,0.0008864,0.0011586,0.0006754,0.0017737,0.004256,0.0091702,0.0210174,0.029401,0.0166677,0.0110886,0.0168229,
159,0.0,0.0008656,0.000758,0.0006137,0.0007911,0.0008415,0.0005492,0.0009478,0.0081552,0.0348268,0.0187661,0.0358286,0.0279936,0.0291215,
160,0.0,0.0001802,0.0007597,0.0014673,0.0013338,0.0023558,0.0019142,0.0034175,0.0112009,0.0118707,0.0401957,0.0463123,0.0246863,0.0322559,
161,0.0,0.0001819,0.0007635,0.0008759,0.0011864,0.0026228,0.003319,0.0078196,0.0098776,0.0195034,0.0076926,0.0179913,0.0080288,0.0135415,
162,0.0,0.0001819,0.0018795,0.0025815,0.001857,0.0052738,0.002582,0.0046185,0.0118406,0.0450647,0.0530644,0.0136606,0.0464147,0.0488979,
163,0.0,0.0014764,0.0037488,0.0069203,0.0047256,0.0061314,0.0044938,0.0180624,0.0390344,0.0480685,0.0648935,0.0102854,0.0437867,0.0561816,
164,0.0,0.0021525,0.005973,0.0093902,0.0067188,0.0065685,0.0045774,0.0086296,0.0386526,0.0264462,0.02591,0.0316618,0.0393166,0.0531117,
165,0.0,0.0023682,0.0099439,0.0117319,0.0032527,0.0072203,0.011835,0.031904,0.0283002,0.0539644,0.0703421,0.0778486,0.0730588,0.0479462,
166,0.0,0.0034378,0.0105013,0.0097319,0.0088979,0.0171266,0.0213338,0.026308,0.0496275,0.04526,0.0336867,0.0446147,0.0444583,0.0419558,
167,0.0,0.0021037,0.0038631,0.0087707,0.0098505,0.0156959,0.0162065,0.0133708,0.0530458,0.043482,0.0425466,0.0752765,0.0640971,0.0844107,
168,0.0,0.0021313,0.0072318,0.0123531,0.018113,0.0220677,0.0283035,0.0570275,0.0858644,0.1158876,0.0983487,0.1299684,0.1212881,0.1152865,
169,0.0,0.0015494,0.0007735,0.0017655,0.0049589,0.0075098,0.0198604,0.0291715,0.067357,0.1101661,0.0885448,0.1178349,0.1159003,0.0908816,
170,0.0,0.0001923,0.0012804,0.00275,0.0054598,0.0053147,0.0027219,0.0325822,0.0539538,0.087746,0.1084036,0.0674837,0.0847742,0.1242295,
171,0.0,0.0008515,0.001432,0.0018264,0.0047429,0.0035965,0.0024761,0.0108338,0.0327222,0.0516761,0.0593791,0.042255,0.0112915,0.0223627,
172,0.0,0.001582,0.0012068,0.0037463,0.0049659,0.0036272,0.0079231,0.0092992,0.0117013,0.0291385,0.0182292,0.0235038,0.0510326,0.0156439,
173,0.0,0.0001888,0.0012048,0.0017741,0.0050108,0.0059596,0.0060147,0.0071082,0.0203295,0.0625894,0.0191386,0.0570062,0.0592065,0.032154,
174,0.0,0.0015801,0.0007037,0.0017098,0.0036739,0.006421,0.0088105,0.006271,0.0124493,0.0268728,0.0546954,0.0701711,0.0601197,0.071782,
175,0.0,0.0001853,0.0010546,0.001452,0.0017433,0.0024963,0.005157,0.005793,0.0140288,0.0089622,0.0219653,0.0502379,0.032232,0.013421,
176,0.0,0.0013135,0.000768,0.0012923,0.0009955,0.0031246,0.0036919,0.0044155,0.0145334,0.0232686,0.0236468,0.0484557,0.0350721,0.0226143,
177,0.0,0.0008621,0.0007008,0.0013088,0.0011869,0.0014913,0.0030461,0.0027323,0.0122061,0.0284975,0.0300607,0.0264251,0.0369195,0.0636654,
178,0.0,0.0012588,0.0007734,0.0010238,0.0007516,0.0019566,0.0015668,0.0051277,0.0205316,0.0445049,0.0261134,0.0262685,0.0459167,0.0510125,
179,0.0,0.0001839,0.0006915,0.0010212,0.0013285,0.000837,0.0014109,0.0033314,0.0278871,0.0137584,0.020274,0.0354725,0.0356698,0.0450419,
180,1e-07,0.0008562,0.0005299,0.0013117,0.0013311,0.0017796,0.0019433,0.005486,0.023229,0.0129484,0.0479492,0.0182556,0.0311997,0.0396617,
181,0.0,0.0001886,0.0006974,0.0013156,0.0004393,0.0014933,0.0031899,0.0054845,0.0182997,0.0369518,0.0213301,0.04124,0.0401959,0.0394382,
182,0.0,0.0001891,0.000523,0.000863,0.0007537,0.0005048,0.0016759,0.0060694,0.0082581,0.0274322,0.0268249,0.0365946,0.0618705,0.0283299,
183,0.0,0.0013721,0.0010547,0.0006322,0.0014684,0.0015682,0.0014563,0.018758,0.0126776,0.0458884,0.0427868,0.0198055,0.0677648,0.0162094,
184,0.0,0.0016489,0.0017384,0.0010324,0.0009904,0.0015798,0.0012262,0.0081884,0.0186747,0.0171432,0.06904,0.0682072,0.0497692,0.0284282,
185,0.0,0.0021347,0.0017395,0.001712,0.0027966,0.0019042,0.00173,0.0049882,0.029691,0.0565809,0.0993304,0.0927264,0.0388234,0.0296501,
186,0.0,0.0001933,0.0007865,0.0010225,0.0009938,0.0065689,0.0060782,0.0105231,0.0304354,0.084899,0.1061427,0.121918,0.066159,0.0351025,
187,0.0,0.000191,0.0014185,0.003309,0.0061484,0.004228,0.0090419,0.0218239,0.0498747,0.0550343,0.06483,0.0829992,0.0654934,0.0337612,
188,1e-07,0.0014868,0.0048467,0.0049098,0.0064735,0.0138773,0.0111221,0.0327504,0.0643205,0.0357013,0.0299819,0.0574552,0.0673183,0.0355074,
189,1e-07,0.0031268,0.0113327,0.0175675,0.0214132,0.0207242,0.0249208,0.0485507,0.0377144,0.0121684,0.0282444,0.0615955,0.0450407,0.0543375,
190,1e-07,0.0001978,0.0037994,0.0101896,0.017512,0.013389,0.0089509,0.0356007,0.050346,0.0401716,0.0627124,0.0827659,0.0564255,0.0262159,
191,1e-07,0.0001998,0.0020488,0.0055267,0.0124439,0.0205926,0.030317,0.0316569,0.0678852,0.0429526,0.0344531,0.1047284,0.0562706,0.0631035,
192,0.0,0.0013657,0.0033299,0.0031514,0.0069637,0.0186229,0.0200865,0.037866,0.0419554,0.0875676,0.1148885,0.1016982,0.0650887,0.0967602,
193,0.0,0.0009344,0.0018918,0.0052849,0.0072266,0.0074084,0.004777,0.0272583,0.040094,0.0709857,0.0864303,0.0840373,0.1773893,0.1649744,
194,0.0,0.0008463,0.0016562,0.0025596,0.0052288,0.0025865,0.0036666,0.0085098,0.0238779,0.0632958,0.1067479,0.1289063,0.1674952,0.1547188,
195,0.0,0.0008446,0.0011875,0.0017516,0.0026321,0.0060764,0.007343,0.0121783,0.0271903,0.0495631,0.0842014,0.083831,0.0912878,0.1004271,
196,0.0,0.0001985,0.0009158,0.0006474,0.0013272,0.0013441,0.0026885,0.0061181,0.0302651,0.061386,0.0213367,0.0448323,0.0562368,0.0913016,
197,0.0,0.0009425,0.0007253,0.001325,0.0011629,0.0004957,0.0010643,0.0126264,0.0295688,0.0346056,0.0190031,0.0267464,0.0483963,0.0300747,
198,0.0,0.0001955,0.0005087,0.0010104,0.0007802,0.0009677,0.0008295,0.0037002,0.0431262,0.0287946,0.0034491,0.0299543,0.0248687,0.0447651,
199,0.0,0.0001934,0.0005059,0.0014486,0.0007821,0.0004952,0.0010591,0.003146,0.0232914,0.0226858,0.0433028,0.0297588,0.0212678,0.0491312,
200,0.0,0.0001909,0.0005077,0.0013125,0.0013371,0.0008353,0.0011591,0.0009686,0.0089387,0.0169901,0.0494397,0.0191831,0.0551744,0.0175249,
201,0.0,0.0001914,0.0007365,0.0006347,0.0004465,0.001173,0.0005413,0.0025152,0.0047569,0.0058109,0.0304154,0.0274295,0.0522387,0.0478953,
202,0.0,0.0008543,0.0005073,0.0008501,0.0013335,0.0009695,0.0005441,0.0008626,0.0050549,0.0055528,0.0349443,0.0294142,0.0291125,0.0361173,
203,0.0,0.0001867,0.0010547,0.0008841,0.0007876,0.0008387,0.0005387,0.001838,0.0006647,0.0051893,0.0114231,0.0085724,0.0275007,0.0347175,
204,0.0,0.0001885,0.0010502,0.0012058,0.0004446,0.001173,0.001278,0.0021687,0.0026859,0.0028903,0.0131513,0.0083123,0.0358946,0.0245731,
205,0.0,0.000188,0.0007548,0.000848,0.0007879,0.0010738,0.0008378,0.0005494,0.002668,0.0143826,0.0286021,0.0096309,0.0390847,0.0217444,
206,0.0,0.0001846,0.0012893,0.0010403,0.0004443,0.0009609,0.0005378,0.0016119,0.0032572,0.017188,0.0111338,0.0119124,0.0542189,0.037616,
207,0.0,0.0001848,0.0004991,0.0019446,0.0011557,0.0014233,0.0005312,0.0005509,0.0017347,0.0183388,0.0145901,0.0097265,0.0281848,0.0230746,
208,0.0,0.0009515,0.0010493,0.0005889,0.0009913,0.0008382,0.0005309,0.0022461,0.0019338,0.0076325,0.0191672,0.021147,0.0418756,0.0223274,
209,0.0,0.0001838,0.0004981,0.0012866,0.0004448,0.0004999,0.0005345,0.0008802,0.0016329,0.0095361,0.0272303,0.0365143,0.0341963,0.0153689,
210,0.0,0.0001815,0.000497,0.0006288,0.0007919,0.0010714,0.0012757,0.0012015,0.0020804,0.0158356,0.0235836,0.0557639,0.0453814,0.0215986,
211,0.0,0.0009272,0.0007195,0.0008855,0.0009931,0.0017752,0.0018416,0.0019344,0.0033393,0.021333,0.0346482,0.052018,0.0284182,0.0257721,
212,0.0,0.0001826,0.0011697,0.000883,0.001152,0.0015712,0.0012774,0.0018471,0.0060214,0.0165973,0.0347297,0.0356406,0.0338776,0.0327247,
213,0.0,0.0008633,0.0004938,0.0008883,0.0004429,0.0011762,0.0006837,0.0019414,0.0040777,0.0198904,0.0276881,0.0863472,0.0310982,0.0256677,
214,0.0,0.0001789,0.000491,0.0010036,0.0007934,0.0006875,0.0005218,0.0019861,0.005481,0.0123312,0.0461158,0.0601338,0.0113199,0.0402095,
215,0.0,0.0001805,0.0007097,0.0006348,0.0017073,0.0019557,0.0012728,0.0018673,0.0160587,0.0471682,0.0210334,0.0515563,0.0359059,0.0332079,
216,0.0,0.0012496,0.0007132,0.0008472,0.0011831,0.0006935,0.0012476,0.001937,0.0117892,0.0292184,0.0245312,0.0282317,0.059783,0.0178343,
217,0.0,0.0001858,0.0013266,0.0010426,0.0007901,0.000496,0.0006795,0.0018169,0.0049105,0.0348772,0.0529798,0.035079,0.0397363,0.0351157,
218,0.0,0.0001888,0.0007115,0.0008727,0.0018274,0.0006991,0.001278,0.0019669,0.0072685,0.0399719,0.032834,0.0459004,0.0171975,0.0238436,
219,0.0,0.0008518,0.0007166,0.0011729,0.000447,0.0004926,0.0016271,0.0041796,0.004097,0.0428871,0.0289615,0.0374837,0.0418443,0.0571678,
220,0.0,0.0001904,0.0010499,0.0008694,0.0007879,0.0008386,0.0008538,0.0030353,0.0156954,0.0193147,0.0428669,0.0620207,0.0211801,0.070095,
221,0.0,0.0001932,0.0007112,0.0006425,0.0013612,0.0010778,0.0005323,0.0035043,0.0223121,0.0196431,0.0281903,0.0726674,0.0488342,0.06287,
222,0.0,0.0001937,0.0007051,0.001621,0.0007874,0.0008418,0.0005336,0.0060847,0.0191112,0.0373925,0.0293454,0.0457438,0.0146959,0.0510868,
223,0.0,0.0009181,0.001273,0.0005975,0.0013632,0.0004829,0.0005394,0.0066173,0.0256739,0.0410206,0.0374105,0.0380125,0.0159477,0.072731,
224,0.0,0.0001957,0.0007105,0.001518,0.0004539,0.0009479,0.0022803,0.001718,0.0228485,0.0335035,0.0324625,0.0547458,0.0153097,0.0586162,
225,1e-07,0.000198,0.000918,0.0008571,0.0012024,0.0004817,0.0012965,0.0027933,0.0183027,0.0166899,0.0222143,0.0431947,0.0946191,0.1057675,
226,1e-07,0.0001977,0.0010729,0.0005957,0.0012026,0.0011748,0.0008582,0.0037265,0.0203145,0.0142032,0.0344673,0.029182,0.1111308,0.09976,
227,0.0,0.0001972,0.0005086,0.0010415,0.0004533,0.0004844,0.0005524,0.0028728,0.0087206,0.0185728,0.0358521,0.0426057,0.0894421,0.0794443,
228,0.0,0.0009594,0.0007282,0.0008566,0.0012018,0.0011741,0.0005547,0.0030094,0.0091704,0.0248624,0.0229626,0.0425756,0.0683316,0.0622433,
229,0.0,0.0002008,0.0005053,0.0012074,0.0017434,0.0016225,0.0012956,0.0037872,0.0143078,0.013047,0.0135596,0.039817,0.0443244,0.0682176,
230,0.0,0.0001986,0.0012892,0.0016219,0.0004522,0.0012787,0.0005457,0.000846,0.0159155,0.0174632,0.0248725,0.0219622,0.0518433,0.0863875,
231,0.0,0.0009555,0.0007346,0.0005963,0.0004526,0.0009505,0.0018791,0.0029329,0.0186161,0.0144041,0.0417451,0.0339952,0.05445,0.0942013,
232,0.0,0.000203,0.0007431,0.0016617,0.0014711,0.0004799,0.0005479,0.0007643,0.0195544,0.0197139,0.0185939,0.0371187,0.0541203,0.09877,
233,0.0,0.0002023,0.0005044,0.0015157,0.0011556,0.0016248,0.0018729,0.0009992,0.0139162,0.0285957,0.0278756,0.0442273,0.071263,0.0898989,
234,0.0,0.0001994,0.0007416,0.0018242,0.0004503,0.0007047,0.0005421,0.0033913,0.0148038,0.0317802,0.0180877,0.0674903,0.0330649,0.071785,
235,0.0,0.0002015,0.0010504,0.000647,0.00134,0.0004857,0.0005421,0.0038164,0.0199607,0.0326163,0.0123064,0.0503897,0.0438296,0.0914264,
236,0.0,0.0012349,0.0007443,0.0010228,0.000777,0.0015095,0.0023655,0.0055176,0.0315455,0.0167789,0.0337788,0.0211034,0.0626181,0.1083821,
237,0.0,0.0002001,0.0005023,0.0010174,0.0009869,0.0016288,0.0010485,0.0060655,0.0117333,0.0127526,0.0448865,0.0391561,0.0460324,0.0502664,
238,0.0,0.000199,0.0011796,0.0014192,0.0007542,0.0012748,0.0008384,0.0031318,0.028071,0.0183525,0.0354719,0.038649,0.026121,0.0287812,
239,0.0,0.0001963,0.0013044,0.0005941,0.0017364,0.0009729,0.0005391,0.0032702,0.0122157,0.0222541,0.021498,0.0273745,0.0214728,0.0356409,
240,0.0,0.0001956,0.00051,0.0008716,0.0007517,0.0008363,0.0016686,0.004598,0.0041575,0.0121497,0.0223781,0.0323079,0.0334878,0.0442658,
241,0.0,0.0016634,0.0013999,0.0005933,0.0004502,0.0012757,0.0018748,0.0010001,0.0160616,0.0292791,0.0427726,0.0446108,0.0461512,0.0394446,
242,0.0,0.0001946,0.000734,0.0012969,0.0007843,0.0004891,0.0018771,0.0010873,0.0127148,0.0157927,0.0366282,0.0456428,0.0875448,0.0712739,
243,0.0,0.0001941,0.0011963,0.0014095,0.0004511,0.0009508,0.0018825,0.0031354,0.0021741,0.0162752,0.036625,0.0320395,0.0888044,0.0842709,
244,0.0,0.0012679,0.0012749,0.0006222,0.0007876,0.0011779,0.0018463,0.0023278,0.0072743,0.0212486,0.0497182,0.0586722,0.0874046,0.0835836,
245,0.0,0.0008531,0.0010817,0.0010378,0.0007884,0.0009526,0.0016807,0.0035178,0.0053139,0.0259808,0.0450142,0.0451696,0.0425968,0.0373956,
246,0.0,0.0001896,0.0007327,0.0012192,0.0004489,0.0009747,0.0013841,0.0015823,0.0055016,0.0357184,0.0544803,0.0717573,0.0448656,0.0256291,
247,0.0,0.000189,0.0005107,0.001291,0.0007889,0.0011769,0.0012906,0.0027253,0.0139902,0.0253963,0.0623392,0.0735621,0.0221124,0.1066,
248,1e-07,0.0001866,0.0007461,0.0008552,0.0007907,0.0009533,0.0012924,0.0017437,0.0111955,0.0338285,0.0601345,0.0919061,0.0553509,0.0575264,
249,0.0,0.0001842,0.0007464,0.0005834,0.0004469,0.0009561,0.0018487,0.001978,0.0061183,0.0341578,0.0636999,0.0677148,0.0938156,0.0801303,
250,0.0,0.0013856,0.0005075,0.0006205,0.000447,0.001178,0.0008369,0.0026219,0.006044,0.0082006,0.0659469,0.049665,0.1152,0.093485,
251,0.0,0.0001835,0.0012689,0.0005841,0.0007931,0.0016409,0.0005524,0.0019399,0.0073583,0.0223337,0.0517459,0.0531314,0.1329187,0.1110881,
252,0.0,0.0001803,0.0007595,0.0010468,0.0009915,0.0011798,0.000549,0.0015282,0.0081821,0.0116918,0.0530437,0.0593732,0.0953645,0.1040462,
253,0.0,0.000181,0.0005032,0.0005838,0.0004458,0.0010657,0.0005432,0.0016231,0.0024711,0.025468,0.04528,0.0583206,0.0440154,0.0689426,
254,0.0,0.0001833,0.000503,0.0010296,0.0007931,0.0004981,0.0008429,0.0011237,0.0138328,0.0284453,0.0516422,0.0665539,0.0383214,0.0334332,
255,0.0,0.0001805,0.0005031,0.0008818,0.00133,0.0008535,0.0006713,0.0011325,0.0061749,0.010922,0.0502576,0.0744371,0.0414551,0.0548985,
256,0.0,0.0001787,0.000772,0.0008618,0.0007962,0.0005023,0.001799,0.0015871,0.0057968,0.0053152,0.0513911,0.0831596,0.0711524,0.042299,
257,0.0,0.0001811,0.0004976,0.001199,0.0007421,0.0004999,0.0014259,0.0018396,0.0062129,0.0135176,0.0307582,0.0383728,0.0367396,0.025418,
258,0.0,0.0001829,0.0004983,0.0008768,0.0018243,0.0004972,0.0013472,0.0041479,0.0217669,0.0070271,0.0240631,0.0512211,0.0252557,0.0319871,
259,0.0,0.0017413,0.0004986,0.0008472,0.000989,0.000954,0.0005414,0.0013367,0.0086841,0.0199143,0.0092576,0.0376932,0.027961,0.0240209,
260,0.0,0.0001876,0.0005025,0.0008455,0.0004504,0.0006904,0.0023375,0.0024303,0.0057992,0.0442277,0.0341707,0.0325999,0.0304985,0.0235398,
261,0.0,0.000189,0.0011856,0.0008449,0.0009877,0.0006918,0.0005477,0.0011071,0.0083217,0.0127688,0.0342222,0.0175416,0.0422682,0.0338454,
262,0.0,0.0008509,0.0005041,0.0010378,0.0007878,0.0004878,0.0014193,0.0025034,0.0107202,0.018027,0.0275537,0.0145614,0.0473287,0.0378015,
263,0.0,0.0001913,0.0004999,0.0005926,0.0011996,0.0009514,0.0005427,0.0008457,0.0130152,0.0206483,0.0537805,0.006017,0.025553,0.0221927,
264,0.0,0.0001901,0.0007178,0.0010281,0.0007882,0.0016338,0.0005395,0.0018076,0.009231,0.011205,0.0450548,0.013794,0.0228531,0.0189716,
265,0.0,0.0014497,0.0005019,0.0006359,0.0004504,0.0010752,0.00067,0.0019143,0.0085509,0.0206307,0.0552627,0.0082282,0.0185313,0.0437022,
266,0.0,0.0001948,0.000764,0.0012061,0.0013386,0.0004864,0.0005398,0.0017169,0.0151458,0.019489,0.0473296,0.0376437,0.022084,0.0204934,
267,0.0,0.0016685,0.0007678,0.0008677,0.0013367,0.0006996,0.0005343,0.0015954,0.0073018,0.0299578,0.0417945,0.0611698,0.0324905,0.0291103,
268,0.0,0.0009531,0.0009253,0.0006421,0.0013363,0.0004902,0.0012837,0.0019105,0.0083109,0.024472,0.0321656,0.0405521,0.0256554,0.0182188,
269,0.0,0.0001968,0.0007257,0.0008281,0.0007829,0.0009542,0.0005354,0.0031545,0.0055351,0.0194564,0.0159982,0.0388637,0.0551553,0.0494432,
270,0.0,0.0001969,0.0004943,0.0006488,0.0011756,0.0004856,0.0005305,0.001805,0.001205,0.0034894,0.0096857,0.0322466,0.0409547,0.0503081,
271,0.0,0.000195,0.0007249,0.0005967,0.0004479,0.0007038,0.0012418,0.0056692,0.0047535,0.0106258,0.0237677,0.0352092,0.0434774,0.0228167,
272,0.0,0.000197,0.0013202,0.0010163,0.0011571,0.0008296,0.001654,0.0019637,0.0259377,0.0370782,0.0475249,0.0365162,0.0404032,0.040926,
273,0.0,0.0001998,0.0007291,0.001192,0.0007799,0.0008283,0.0019093,0.0048796,0.0088584,0.0562097,0.0455864,0.0379444,0.0330306,0.0774115,
274,0.0,0.0001987,0.0014332,0.0006579,0.0004485,0.0010886,0.0005204,0.0063345,0.0070205,0.0359994,0.0496363,0.11227,0.1116349,0.1142088,
275,0.0,0.0001961,0.000491,0.001008,0.0007811,0.0007074,0.0012759,0.0081808,0.0177961,0.0335909,0.0794537,0.112541,0.1618059,0.1330236,
276,0.0,0.0001937,0.0011592,0.0005974,0.0009903,0.0009625,0.0015094,0.006273,0.0149854,0.0459182,0.0954299,0.1107975,0.1528209,0.0970722,
277,0.0,0.0001955,0.0007757,0.0006605,0.0007524,0.0016318,0.0005111,0.0080506,0.0494245,0.0482452,0.0939657,0.1198027,0.178109,0.1420356,
278,0.0,0.0009458,0.0007254,0.0008739,0.0011599,0.0007072,0.0006884,0.0118389,0.0175492,0.0769998,0.0694063,0.0936553,0.0778858,0.0786952,
279,0.0,0.0001905,0.0004845,0.0009997,0.0004434,0.0009647,0.0005091,0.00526,0.0109759,0.008251,0.0463529,0.0482396,0.0307552,0.0496238,
280,0.0,0.0001881,0.0004867,0.0009973,0.0011822,0.0006998,0.0005117,0.0039925,0.0189774,0.026839,0.0531758,0.0671444,0.0371095,0.0516395,
281,0.0,0.0009298,0.0007243,0.0010006,0.0004423,0.0016424,0.0009591,0.002896,0.0140455,0.0136933,0.0254799,0.0173631,0.0369815,0.0544616,
282,0.0,0.0001833,0.000725,0.0008887,0.0007892,0.0006932,0.0012683,0.0031362,0.0073785,0.0241355,0.0238625,0.017107,0.0783254,0.0872331,
283,0.0,0.0001837,0.001025,0.0005897,0.0007496,0.0006953,0.001432,0.002618,0.0134471,0.0178623,0.0166578,0.0095845,0.0763935,0.0824057,
284,0.0,0.000187,0.0004896,0.0006485,0.0004401,0.0006979,0.0009543,0.0019002,0.0171915,0.0380991,0.0188573,0.0424188,0.0351534,0.0746945,
285,0.0,0.000852,0.0017124,0.0013376,0.0011608,0.0004985,0.0005121,0.0024752,0.0232567,0.0408104,0.014971,0.0404723,0.0759712,0.0602595,
286,0.0,0.0001911,0.0004932,0.0009982,0.0004424,0.0004976,0.0005173,0.0055431,0.0214504,0.0446496,0.0445905,0.0329021,0.0531816,0.0586151,
287,0.0,0.0001899,0.0007543,0.0015118,0.0004431,0.0017681,0.0019118,0.003636,0.012729,0.0158717,0.0259327,0.0546419,0.0486426,0.0376884,
288,0.0,0.0001881,0.0004994,0.0010009,0.0007854,0.0005009,0.0018965,0.0050309,0.0092006,0.0179762,0.0145879,0.0535127,0.0190135,0.0219823,
289,0.0,0.0008541,0.0007436,0.0011791,0.0014849,0.0017768,0.0013724,0.0064852,0.0069729,0.0040467,0.0046941,0.050086,0.0112061,0.0229683,
290,0.0,0.0009322,0.0011787,0.000891,0.0007872,0.0014195,0.0020889,0.0024252,0.0035408,0.0163251,0.0210274,0.0425445,0.01178,0.0200755,
291,0.0,0.0008594,0.0005035,0.0010315,0.0011571,0.0013449,0.0005342,0.0028868,0.0047701,0.0121311,0.0264344,0.0380855,0.0205302,0.0310471,
292,0.0,0.000183,0.0007435,0.0011931,0.0013538,0.0005039,0.0012772,0.0015567,0.0081537,0.0096655,0.0263976,0.0148584,0.0186044,0.0229963,
293,0.0,0.0001822,0.0007289,0.0012832,0.0014872,0.0006852,0.0014587,0.0008762,0.0052512,0.0106292,0.0314473,0.0350307,0.0377227,0.0050972,
294,0.0,0.0001793,0.0010659,0.0012024,0.0014873,0.0012634,0.0014452,0.0023964,0.0054133,0.0169936,0.0422021,0.0335333,0.0713303,0.0331183,
295,0.0,0.0001788,0.0005057,0.0008964,0.0011859,0.0014321,0.0005391,0.0015488,0.0055467,0.0122978,0.0425331,0.0099765,0.046481,0.0262037,
296,0.0,0.0013159,0.0007548,0.0006229,0.0007929,0.0006838,0.0011582,0.0009662,0.0070188,0.0095077,0.0345612,0.0470595,0.0370848,0.0093533,
297,0.0,0.0001761,0.0007562,0.0005796,0.0013294,0.0019607,0.0006866,0.001983,0.0045277,0.0153438,0.03147,0.0480679,0.0457123,0.0368237,
298,0.0,0.0001743,0.0007545,0.0014641,0.0011547,0.0006786,0.0017985,0.002391,0.0092983,0.0284179,0.0092242,0.0604605,0.0329727,0.0158533,
299,0.0,0.0001746,0.0007612,0.0012149,0.0007953,0.0006803,0.0009335,0.0011477,0.0128937,0.0230761,0.0279823,0.062135,0.0381435,0.0127694,
300,0.0,0.0009514,0.000718,0.0011972,0.0011872,0.0012595,0.0018528,0.0028406,0.0124692,0.0247983,0.0294407,0.0163598,0.0503831,0.0382094,
301,0.0,0.0001734,0.0007646,0.0005785,0.0007977,0.0006773,0.000686,0.0033444,0.0136167,0.0451944,0.0341676,0.0540618,0.0564237,0.0224817,
302,0.0,0.0001714,0.0005019,0.0005766,0.0011527,0.0012581,0.0005365,0.0068209,0.0033312,0.0357253,0.0222728,0.0546994,0.0407308,0.0238677,
303,0.0,0.0008716,0.0009142,0.0015532,0.0007983,0.0006734,0.0005408,0.0018432,0.0132423,0.0240001,0.0196047,0.0293382,0.0491045,0.0360732,
304,0.0,0.0001679,0.0005076,0.0012986,0.0013335,0.0006695,0.0011539,0.002622,0.0285684,0.0172364,0.0206282,0.0377891,0.0496198,0.0817034,
305,0.0,0.000167,0.0005094,0.0014577,0.0004356,0.000668,0.000803,0.0009444,0.0193637,0.0289517,0.0164272,0.0272571,0.0584494,0.0549043,
306,0.0,0.0001642,0.0005114,0.0012991,0.0008015,0.0006646,0.0005459,0.0031633,0.0094418,0.0228758,0.0271143,0.039735,0.0747305,0.0505429,
307,0.0,0.003596,0.0059276,0.0057979,0.0059592,0.0146617,0.0043276,0.0115219,0.0330912,0.0451634,0.0495941,0.0759357,0.0727436,0.0393382,
308,0.0,0.0028232,0.0020875,0.0018507,0.0066465,0.0109873,0.0100749,0.0076196,0.0415991,0.0236698,0.0781255,0.063749,0.0983898,0.0317425,
309,0.0,0.0008571,0.0017712,0.0023565,0.0028455,0.0032517,0.0044726,0.0066458,0.0194228,0.0254741,0.045426,0.0502875,0.0752908,0.0310882,
310,0.0,0.0008601,0.0007395,0.0015076,0.0011817,0.0017758,0.0034022,0.0134593,0.0186379,0.0283094,0.0304121,0.0181167,0.0462868,0.0475906,
311,0.0,0.0008625,0.0007458,0.0016161,0.002792,0.001171,0.0009754,0.0108022,0.0136934,0.0346614,0.0377769,0.0237782,0.0211639,0.0182064,
312,0.0,0.000936,0.0007502,0.0012003,0.001331,0.0005182,0.0005174,0.0051006,0.0143357,0.0253348,0.0262121,0.0245313,0.0177635,0.0569807,
313,0.0,0.0001747,0.000743,0.0009729,0.0018595,0.0006826,0.0013767,0.0027701,0.0098354,0.022348,0.015785,0.0201518,0.0198046,0.046683,
314,0.0,0.0001726,0.0005006,0.0010005,0.0010029,0.0013311,0.0011541,0.0011547,0.0064397,0.0301073,0.0480835,0.0251248,0.0256861,0.0150125,
315,0.0,0.0001713,0.0005042,0.0013888,0.0009899,0.0005264,0.000928,0.0019357,0.0020879,0.0430982,0.056395,0.0202782,0.0337766,0.0060823,
316,0.0,0.0008748,0.0007393,0.0006205,0.0013425,0.0014183,0.0009885,0.0008632,0.001887,0.0426873,0.0285041,0.0122428,0.0242529,0.0093867,
317,0.0,0.0001668,0.0007342,0.0006158,0.0009893,0.0013285,0.0011025,0.0014844,0.0040922,0.0407215,0.0207414,0.0201184,0.0130893,0.0064177,
318,0.0,0.0001643,0.0007373,0.0015805,0.0007979,0.0008359,0.0015396,0.0041661,0.0042557,0.0279631,0.0267005,0.0172311,0.0261411,0.0428877,
319,0.0,0.0001638,0.0005019,0.000616,0.0013437,0.0005315,0.0011518,0.0047437,0.0036653,0.0244581,0.0429379,0.0145162,0.0230976,0.0230384,
320,0.0,0.000164,0.0011804,0.0009287,0.0011963,0.001796,0.0012451,0.0025619,0.0094733,0.03964,0.0691362,0.0043821,0.0067233,0.0233559,
321,0.0,0.0001611,0.0007391,0.0009976,0.0015871,0.001424,0.0023386,0.001953,0.0147119,0.0216146,0.0509023,0.0535924,0.071648,0.0397647,
322,0.0,0.0001596,0.0011774,0.0006087,0.0011605,0.0009298,0.0011504,0.0012991,0.0029602,0.0151785,0.020824,0.0173585,0.0355011,0.035112,
323,0.0,0.0001604,0.0007324,0.0013001,0.0004288,0.0013272,0.0005278,0.0031403,0.0027358,0.0198481,0.0343003,0.0234909,0.031565,0.0329783,
324,0.0,0.000158,0.0007263,0.001003,0.0008048,0.0013266,0.0012436,0.0014993,0.0076396,0.0235829,0.0190562,0.0297315,0.0445319,0.0351748,
325,0.0,0.0001572,0.0010601,0.0012318,0.0011984,0.0012686,0.000989,0.0015081,0.008826,0.0270682,0.0368885,0.0257404,0.0494821,0.0423005,
326,0.0,0.0001548,0.0012808,0.0006001,0.0011534,0.0013261,0.0012449,0.0026782,0.015127,0.0203908,0.0290693,0.063911,0.065327,0.0536418,
327,0.0,0.0001532,0.0007726,0.0009326,0.0008096,0.000657,0.0011529,0.0042497,0.0224979,0.0186045,0.0531419,0.086083,0.1134323,0.0572102,
328,0.0,0.0001512,0.0007803,0.0013041,0.001151,0.0014843,0.0012598,0.0056994,0.0270766,0.0211837,0.0576831,0.0749518,0.0775977,0.0598075,
329,0.0,0.0001507,0.0007853,0.0009324,0.0008126,0.0018179,0.0027574,0.0100668,0.0624438,0.0513683,0.0870117,0.1668796,0.184163,0.1762283,
330,0.0,0.000154,0.000698,0.000568,0.0013555,0.0006572,0.0009278,0.0076385,0.0209403,0.0590905,0.0902062,0.1279882,0.1027823,0.1582632,
331,0.0,0.0001557,0.0010617,0.0006007,0.0011981,0.0010523,0.001404,0.0029478,0.0137639,0.0393034,0.0770693,0.1044877,0.0937308,0.1122351,
332,0.0,0.0001568,0.0004973,0.0014829,0.0009845,0.0009411,0.0008044,0.0039523,0.0134728,0.0246679,0.065569,0.0881669,0.0744201,0.063235,
333,0.0,0.0001585,0.0004962,0.0013107,0.0008058,0.0006634,0.0012459,0.0015039,0.0158612,0.0236816,0.0199023,0.027347,0.0269141,0.0589,
334,0.0,0.0001596,0.0004975,0.0009272,0.0009861,0.0014839,0.0005258,0.0005694,0.0040454,0.018794,0.0135525,0.0136858,0.0128695,0.0476873,
335,0.0,0.0001581,0.0010476,0.0012234,0.0004284,0.0006634,0.0009862,0.0006117,0.0066419,0.0206665,0.0159216,0.0288239,0.0194131,0.05941,
336,0.0,0.0001582,0.0011719,0.0009096,0.001361,0.0005356,0.002008,0.0009244,0.0020985,0.0121087,0.0272145,0.0095535,0.0248914,0.0426314,
337,0.0,0.000156,0.001046,0.000916,0.0010082,0.0014754,0.0007171,0.0020572,0.0033407,0.0153184,0.015112,0.0311575,0.0205342,0.0337381,
338,0.0,0.0009366,0.0013146,0.0009879,0.0013484,0.0012677,0.0011503,0.001472,0.0040113,0.0240414,0.0179049,0.0295397,0.0209366,0.0330776,
339,0.0,0.0001529,0.0007474,0.0006062,0.0012039,0.0006584,0.0012544,0.0023363,0.014605,0.0202148,0.0171808,0.0183108,0.0488022,0.0516557,
340,0.0,0.0001503,0.0007509,0.0009847,0.0013493,0.0014255,0.0007738,0.0020397,0.0134417,0.0194312,0.01858,0.0086755,0.037982,0.037298,
341,0.0,0.0001515,0.0010431,0.0019501,0.001204,0.0014712,0.0017517,0.0009143,0.0037308,0.0176975,0.0243083,0.0148073,0.0280402,0.0397562,
342,0.0,0.0001533,0.000497,0.0005676,0.000425,0.0014749,0.0019211,0.0013079,0.005094,0.0082964,0.0232469,0.0234018,0.0245218,0.0485357,
343,0.0,0.000155,0.0013063,0.0013266,0.0012013,0.0006621,0.0009337,0.0013147,0.003357,0.0142556,0.0293147,0.0255097,0.0279546,0.0189995,
344,0.0,0.0001559,0.000719,0.00057,0.0013098,0.0014258,0.0011541,0.0006045,0.0016696,0.0101217,0.0343199,0.0496435,0.0202915,0.0215894,
345,0.0,0.0001566,0.0010411,0.0012199,0.0013637,0.0013268,0.0011557,0.0006076,0.007131,0.0124668,0.0331887,0.0253893,0.0299074,0.0179609,
346,0.0,0.0001539,0.0012095,0.0006103,0.0008082,0.0005358,0.0012574,0.0005966,0.0150547,0.0105195,0.0148473,0.0625768,0.0191231,0.0211321,
347,1e-07,0.0001552,0.0007035,0.0013715,0.0004299,0.0008472,0.001255,0.0013339,0.0163514,0.0303098,0.0180369,0.0720497,0.0290739,0.0147198,
348,0.0,0.0009305,0.0004908,0.0006049,0.0008089,0.0006608,0.0012511,0.0027786,0.0215247,0.0150422,0.0031,0.0247785,0.0219044,0.012451,
349,1e-07,0.0001513,0.0007013,0.00155,0.0013415,0.0012695,0.0009371,0.0037055,0.013721,0.0168588,0.0306355,0.0206063,0.0060568,0.0216202,
350,0.0,0.0001524,0.0004872,0.0012277,0.0013405,0.0005335,0.0020627,0.0053163,0.0227698,0.0099907,0.033999,0.0236725,0.0341711,0.027888,
351,0.0,0.0001528,0.0004881,0.0009271,0.0011996,0.0015831,0.0012499,0.007955,0.0295657,0.0215676,0.0515126,0.0345182,0.0231923,0.0337061,
352,0.0,0.0001555,0.0013279,0.0006047,0.0014931,0.0006619,0.0009434,0.0074819,0.0102794,0.0319792,0.0445465,0.0485976,0.0728084,0.0545694,
353,0.0,0.0001542,0.0004837,0.0019382,0.0004332,0.00141,0.0019383,0.00569,0.011775,0.0356393,0.026925,0.0091113,0.0645469,0.0621954,
354,0.0,0.0001529,0.0006909,0.0012068,0.0012001,0.0014846,0.0012567,0.0052879,0.016399,0.0294721,0.014086,0.0091397,0.0312861,0.051817,
355,0.0,0.0001561,0.0011589,0.0014865,0.0008087,0.0022559,0.0011596,0.0045106,0.0172885,0.0113306,0.0174852,0.0220016,0.0490967,0.0524882,
356,0.0,0.0001569,0.0004808,0.001485,0.0011979,0.0014156,0.0023589,0.0009543,0.0147363,0.022367,0.0306844,0.0067039,0.0427602,0.0501664,
357,1e-07,0.0001543,0.0019834,0.0009797,0.0004306,0.001328,0.0012632,0.0059007,0.0232068,0.0152078,0.0336842,0.0174689,0.0358784,0.0430156,
358,1e-07,0.0001525,0.0006932,0.0011974,0.0012013,0.000664,0.0017528,0.0077915,0.0301791,0.0218703,0.0655836,0.0351333,0.0640017,0.0587092,
359,1e-07,0.0001497,0.0004803,0.0006093,0.0013433,0.0014788,0.0012641,0.0094854,0.0074239,0.0414919,0.0369172,0.0367519,0.044964,0.0215038,
360,0.0,0.0001497,0.0004812,0.001556,0.0017575,0.0009285,0.0012648,0.0026694,0.0129733,0.043338,0.0521833,0.0225629,0.0276215,0.0462412,
361,0.0,0.0001472,0.0006968,0.0006104,0.0012053,0.0014174,0.0017412,0.0064525,0.0403779,0.0291249,0.0354699,0.0120411,0.0362208,0.0310785,
362,1e-07,0.0001451,0.0013222,0.0009208,0.0009851,0.0015999,0.001264,0.0031726,0.0235525,0.0522417,0.0135868,0.0207869,0.0167498,0.0435179,
363,1e-07,0.0001467,0.0008,0.0012288,0.001152,0.0016013,0.0011562,0.0036716,0.0128568,0.0331081,0.0368903,0.0399919,0.0532016,0.0531482,
364,1e-07,0.0001462,0.0006998,0.0006015,0.0008139,0.0011852,0.0009402,0.0039467,0.0153269,0.0371453,0.0567686,0.0492378,0.0306078,0.0203403,
365,0.0,0.0001431,0.0006971,0.001715,0.0013475,0.0014746,0.0012604,0.0046201,0.0177833,0.0491783,0.0715945,0.0527628,0.0262472,0.0165675,
366,1e-07,0.0001433,0.0004867,0.0012361,0.0008168,0.0012735,0.0019767,0.0100687,0.0287141,0.0403667,0.0259337,0.0412034,0.0367099,0.023198,
367,1e-07,0.0008992,0.001322,0.0012371,0.001181,0.0006496,0.0012527,0.0015127,0.0177559,0.0256074,0.0387709,0.0607233,0.032154,0.0275176,
368,1e-07,0.0001428,0.0007022,0.0009923,0.0009845,0.0006472,0.0012517,0.0043182,0.0143468,0.0182336,0.0342385,0.03195,0.020614,0.0767406,
369,1e-07,0.0001438,0.0004962,0.0009332,0.001434,0.0020248,0.0011509,0.0043182,0.0233609,0.0235127,0.0204462,0.0327688,0.0431461,0.0729787,
370,0.0,0.0001442,0.0004987,0.0015401,0.001205,0.0012755,0.0012442,0.0053225,0.0245176,0.0310506,0.0444877,0.0391855,0.0624307,0.0827925,
371,0.0,0.0001463,0.0004962,0.0012285,0.0004281,0.0013232,0.0010952,0.0103849,0.0183363,0.021985,0.060683,0.0401988,0.0684764,0.0897393,
372,0.0,0.0001484,0.0010634,0.0010006,0.0008125,0.0009318,0.0009892,0.0099431,0.0081922,0.0123231,0.0368388,0.0355234,0.0861828,0.1133196,
373,0.0,0.0009311,0.0007127,0.0009393,0.0013418,0.0006526,0.0007078,0.0037337,0.0036379,0.0089395,0.0219478,0.0514178,0.0439857,0.0827058,
374,0.0,0.0001525,0.0005024,0.0010012,0.0013666,0.0005385,0.001242,0.0015396,0.0053772,0.0148444,0.0390146,0.0464546,0.0238171,0.0355189,
375,0.0,0.0001544,0.0005059,0.0010056,0.0011996,0.0005364,0.0012378,0.002792,0.0170084,0.0128308,0.0414986,0.0180825,0.055753,0.0187071,
376,0.0,0.000156,0.0007294,0.0005961,0.0009861,0.0006576,0.0012382,0.0073337,0.0033236,0.04917,0.0601951,0.0361224,0.051244,0.0406992,
377,0.0,0.0001583,0.0007312,0.0013008,0.0011977,0.0005328,0.00167,0.0101815,0.0478351,0.0565753,0.0681939,0.0631116,0.0511908,0.0229258,
378,0.0,0.0001568,0.0005131,0.0009325,0.0011977,0.0006563,0.000904,0.001201,0.0276698,0.0233897,0.0402859,0.0523664,0.0434669,0.0618241,
379,0.0,0.0001537,0.0005124,0.0012947,0.0011528,0.0005371,0.0023456,0.0037405,0.0164082,0.0379261,0.0239785,0.018304,0.022461,0.0420639,
380,0.0,0.0001516,0.0011893,0.0009892,0.0008096,0.0008583,0.0012358,0.0023078,0.0158586,0.020351,0.0121781,0.0410623,0.0654743,0.0692924,
381,0.0,0.0001505,0.0005061,0.0009982,0.0013075,0.0016123,0.0011484,0.0014852,0.0106137,0.0257455,0.0504498,0.0881732,0.0597136,0.0559453,
382,0.0,0.0001475,0.0007562,0.0009327,0.0011541,0.0012739,0.0012415,0.0026478,0.0062017,0.0222922,0.0610251,0.0625953,0.0798437,0.0507085,
383,0.0,0.0001465,0.0010603,0.0012262,0.0011554,0.0006495,0.0020078,0.0012305,0.0033311,0.0295576,0.0463801,0.0510407,0.0556556,0.0497788,
384,0.0,0.0016799,0.0012056,0.0017168,0.001349,0.0013196,0.0012499,0.0023298,0.009637,0.0224388,0.0567197,0.1079285,0.0924351,0.0451199,
385,0.0,0.0001445,0.0012871,0.0005963,0.0012067,0.0014715,0.0011503,0.0019045,0.0121789,0.0233209,0.0381817,0.0351273,0.0555356,0.0276735,
386,0.0,0.0001464,0.0013122,0.0013208,0.0011564,0.0006524,0.0020095,0.0017756,0.0064818,0.0267555,0.0356801,0.0361555,0.0153547,0.030348,
387,0.0,0.0001474,0.0004887,0.0006051,0.0012056,0.0013214,0.0012613,0.0017769,0.0093294,0.0393232,0.0218984,0.038571,0.023984,0.0370394,
388,0.0,0.0001497,0.0010358,0.0009443,0.0012044,0.0013226,0.0007204,0.000582,0.0140451,0.01177,0.0436132,0.020528,0.0247605,0.0302889,
389,0.0,0.0001515,0.0004843,0.0015169,0.0013489,0.0009212,0.0012671,0.0019284,0.0060848,0.0336166,0.0387356,0.04027,0.0355927,0.0345263,
390,0.0,0.0001535,0.0004818,0.0009871,0.0013478,0.0019764,0.0012687,0.0019635,0.0122982,0.0251559,0.0353142,0.0378512,0.0267653,0.0057314,
391,0.0,0.0001554,0.0010296,0.0012148,0.0004258,0.000666,0.0011567,0.0015471,0.0069772,0.0243015,0.0466271,0.0254413,0.0349307,0.0262876,
392,0.0,0.0001547,0.00116,0.0009368,0.0011581,0.001325,0.0009429,0.0015444,0.007124,0.0158522,0.0467115,0.0109413,0.0470768,0.0399226,
393,0.0,0.0001524,0.0011632,0.0013255,0.0008085,0.00066,0.0012585,0.0022575,0.0039597,0.0078935,0.0144934,0.0072998,0.0222261,0.0369401,
394,0.0,0.000151,0.0010404,0.0006071,0.0012035,0.0014193,0.0011529,0.0025225,0.0087664,0.0139118,0.0246375,0.0365945,0.022996,0.0432706,
395,0.0,0.0001497,0.0007682,0.0009677,0.0010109,0.0013677,0.0007841,0.001485,0.0038097,0.0310622,0.0186605,0.0454058,0.0208905,0.0498499,
396,0.0,0.0012885,0.0004969,0.0005645,0.0004226,0.0013207,0.0007775,0.0014745,0.0034598,0.0179629,0.0110785,0.0358613,0.0591598,0.0411526,
397,0.0,0.0001478,0.0007254,0.0009516,0.0012048,0.0012724,0.0011118,0.0020414,0.0096355,0.0146696,0.0382324,0.0302684,0.0464967,0.0590344,
398,0.0,0.0001461,0.0005037,0.0015018,0.0016907,0.0017763,0.0011148,0.0020328,0.0118152,0.0124436,0.0326459,0.0149923,0.0367426,0.0818595,
399,0.0,0.0009395,0.0007459,0.000954,0.001205,0.000651,0.0020093,0.0033841,0.0128575,0.0201451,0.0327167,0.0278106,0.0547684,0.0579883,
400,0.0,0.000151,0.0005049,0.0009651,0.0009885,0.0014269,0.0024072,0.0035197,0.0118176,0.0173912,0.0096427,0.0137911,0.0461079,0.0420232,
401,0.0,0.0001543,0.0005058,0.0014963,0.0011607,0.0013693,0.0012479,0.0020448,0.0148351,0.0260262,0.0098495,0.0167597,0.0317392,0.0457687,
402,0.0,0.0001554,0.0005092,0.0012305,0.0012021,0.0013225,0.0017719,0.002139,0.0084671,0.0488338,0.0515768,0.0450625,0.0561742,0.0725067,
403,0.0,0.0001584,0.0007474,0.0012073,0.0012004,0.0014236,0.0020091,0.0042546,0.0090821,0.0387406,0.048645,0.073582,0.0160441,0.0379571,
404,0.0,0.0009334,0.001172,0.0018023,0.0004232,0.0005405,0.0020709,0.0044242,0.0024039,0.040918,0.0248248,0.0537792,0.018413,0.0355765,
405,0.0,0.0001605,0.0011758,0.000943,0.0009904,0.0013242,0.0009968,0.0020387,0.013853,0.0350085,0.0394918,0.0151067,0.0121506,0.0626548,
406,0.0,0.0001608,0.0011603,0.0006198,0.0012013,0.0013238,0.0025772,0.0025531,0.0157683,0.0235967,0.0517673,0.0294603,0.0453099,0.0194801,
407,0.0,0.0001608,0.0007454,0.0009428,0.0011672,0.0014675,0.001925,0.0053882,0.0103619,0.0190916,0.0469239,0.0288233,0.0252923,0.0331775,
408,0.0,0.0001602,0.0010198,0.0009811,0.0012017,0.0013241,0.0011194,0.0028025,0.0155423,0.015211,0.0507231,0.0231449,0.0284036,0.0213064,
409,0.0,0.0001604,0.0004905,0.000951,0.0011661,0.0013248,0.0012675,0.0030658,0.0147505,0.0196981,0.0550136,0.0285384,0.0323884,0.0323511,
410,0.0,0.0001627,0.0010117,0.0009371,0.0013496,0.0014676,0.0011548,0.0026784,0.0070102,0.0419351,0.0369876,0.0332956,0.0359926,0.0289632,
411,0.0,0.0001642,0.0007693,0.0009859,0.0004237,0.0005333,0.0011108,0.0022508,0.0090386,0.0163778,0.0511854,0.0355733,0.0186184,0.0562664,
412,0.0,0.0016578,0.000485,0.0015125,0.000796,0.0006807,0.0020024,0.0017162,0.0048527,0.0266977,0.0244777,0.0218141,0.0459798,0.0631284,
413,0.0,0.0001691,0.0004819,0.0009249,0.000795,0.0006835,0.0009702,0.0017877,0.0126593,0.0281491,0.0189941,0.0330414,0.0285746,0.0656191,
414,0.0,0.0001716,0.0004807,0.0009192,0.00075,0.0005244,0.0011013,0.002453,0.0053046,0.0047631,0.0315278,0.0417992,0.0321618,0.0221952,
415,0.0,0.0001744,0.0011472,0.0011882,0.0007917,0.0006889,0.0009673,0.0019773,0.0112578,0.023772,0.0637362,0.0449604,0.0191212,0.0395599,
416,0.0,0.0001726,0.001005,0.0013579,0.0020403,0.001405,0.0009715,0.0018117,0.0104615,0.0115838,0.0228829,0.0223887,0.0214305,0.0733701,
417,0.0,0.0001727,0.0010122,0.0006401,0.0013189,0.000934,0.0009734,0.0028446,0.003396,0.0146873,0.0250772,0.0254743,0.0251872,0.0374943,
418,0.0,0.0001706,0.0007564,0.0006343,0.001165,0.001258,0.0009769,0.0021636,0.0030862,0.0123383,0.0163701,0.0346322,0.0222547,0.031203,
419,0.0,0.0001706,0.0007415,0.0006301,0.0009896,0.0011738,0.001156,0.0018146,0.0028054,0.0151398,0.0271744,0.024714,0.0205757,0.0193843,
420,0.0,0.000874,0.001167,0.0009187,0.0009886,0.0005245,0.0009788,0.0017664,0.0029452,0.0034353,0.0293494,0.0117904,0.0198157,0.0297691,
421,0.0,0.0001678,0.0010406,0.0012141,0.0011598,0.0006747,0.000982,0.0015883,0.0020912,0.003917,0.0214308,0.0415588,0.0263068,0.0551998,
422,0.0,0.0001678,0.0013052,0.0010101,0.0007983,0.0009419,0.0010866,0.001729,0.0072472,0.0137378,0.0045884,0.037344,0.043907,0.0409374,
423,0.0,0.0001652,0.000725,0.0010107,0.0009864,0.0005244,0.0005283,0.001804,0.0055369,0.0088599,0.0120486,0.0267599,0.0260109,0.0479582,
424,0.0,0.0014354,0.0013106,0.0019375,0.0013516,0.000668,0.0011544,0.001321,0.0089562,0.0124359,0.0350164,0.0273262,0.0448238,0.0341125,
425,0.0,0.0001609,0.0005023,0.0009018,0.0010025,0.0013295,0.0009217,0.0015653,0.0234478,0.0093677,0.0259737,0.0643892,0.0631959,0.040343,
426,0.0,0.0001608,0.0010581,0.0009882,0.0011556,0.0006645,0.0010904,0.0029001,0.0243229,0.037371,0.0177348,0.0989744,0.0753166,0.0196533,
427,0.0,0.0001635,0.0005046,0.0009001,0.0004327,0.0006666,0.0009883,0.0013439,0.0114473,0.0137595,0.0441983,0.0211357,0.0665708,0.0348629,
428,0.0,0.0001665,0.0013052,0.0010123,0.0013293,0.000976,0.000986,0.0020263,0.0095929,0.0179201,0.022754,0.0361537,0.0434596,0.0454031,
429,0.0,0.0001694,0.0012938,0.0005749,0.0007432,0.0012539,0.0006989,0.0018334,0.0097247,0.0115492,0.0213979,0.0446161,0.0145167,0.0451082,
430,0.0,0.0001713,0.0005022,0.0012991,0.0004343,0.0012543,0.0012633,0.0026241,0.0068682,0.021533,0.0158478,0.0199863,0.0295091,0.038521,
431,0.0,0.0001717,0.0010405,0.0005772,0.0013387,0.0008367,0.0009816,0.0009364,0.004996,0.019039,0.0176479,0.0198609,0.0135318,0.036069,
432,0.0,0.0009372,0.0007385,0.0009791,0.0007933,0.0006818,0.0011563,0.0019717,0.0030942,0.0166678,0.013036,0.0156929,0.0075431,0.0200931,
433,0.0,0.0001741,0.0012964,0.0010052,0.0011638,0.0005198,0.0015518,0.001816,0.0055175,0.0220559,0.0063799,0.0272733,0.021247,0.0304759,
434,0.0,0.0001733,0.0011599,0.0010048,0.0011632,0.0006846,0.0008091,0.0009426,0.0125888,0.0131248,0.0078725,0.0274979,0.0343528,0.0450974,
435,0.0,0.0013817,0.0007656,0.0011953,0.0013198,0.0012562,0.0007126,0.0019402,0.0102143,0.0233457,0.0074902,0.040967,0.032579,0.0265693,
436,0.0,0.0001716,0.0004841,0.0008766,0.0013421,0.0013322,0.001096,0.0027902,0.0060982,0.0252055,0.0162219,0.0109963,0.0245801,0.0442425,
437,0.0,0.000173,0.0011483,0.0005851,0.0009895,0.0005202,0.0008147,0.0011536,0.0050433,0.0303539,0.0192722,0.0166652,0.0130367,0.0309502,
438,0.0,0.0001729,0.0004779,0.0009129,0.0007933,0.0013334,0.0009612,0.0019469,0.0064003,0.0116254,0.0208862,0.0142348,0.0290105,0.0181055,
439,0.0,0.0012689,0.0010066,0.0009128,0.0004301,0.0014366,0.0007132,0.0020042,0.0071546,0.0168204,0.0259704,0.0174794,0.0344422,0.0219674,
440,0.0,0.000169,0.0004793,0.0011648,0.0011951,0.0006833,0.0004924,0.0020089,0.0057097,0.0032302,0.0448979,0.0281166,0.0167488,0.0499674,
441,0.0,0.0001697,0.0011505,0.0010031,0.0004313,0.0006827,0.0010902,0.0009909,0.0085142,0.0137795,0.0240202,0.0253409,0.0260341,0.048353,
442,0.0,0.0009399,0.0010218,0.0009128,0.001161,0.0005203,0.0008137,0.0020056,0.0101941,0.0048395,0.03765,0.0576245,0.0377109,0.0374706,
443,0.0,0.0001734,0.0007736,0.0012003,0.0009881,0.0005168,0.0011604,0.0009532,0.0117837,0.007471,0.0396019,0.0315108,0.0297405,0.0570079,
444,0.0,0.0008704,0.0007691,0.0006302,0.0007956,0.0005183,0.0009707,0.0012075,0.0075173,0.0143848,0.0234431,0.0386818,0.0312243,0.063948,
445,0.0,0.0009448,0.000493,0.0010167,0.0004357,0.0006807,0.0006991,0.0008867,0.0047224,0.0287108,0.0248365,0.0144699,0.0215418,0.0342029,
446,0.0,0.0001699,0.0004934,0.0006213,0.000798,0.0014245,0.0006982,0.0008972,0.0027622,0.0254832,0.0321435,0.0401583,0.0350362,0.039089,
447,0.0,0.0001687,0.001317,0.0006172,0.0013336,0.0008453,0.000973,0.000964,0.0126834,0.0095542,0.0293307,0.0511035,0.025526,0.0357655,
448,0.0,0.000166,0.0004935,0.0013089,0.0013185,0.0006719,0.0010741,0.0011752,0.0098695,0.0169522,0.0530389,0.0640444,0.0663163,0.0564107,
449,0.0,0.0009502,0.0011733,0.0009162,0.0008035,0.0006687,0.0005268,0.0012152,0.0114874,0.0039381,0.033199,0.0202742,0.0733019,0.043841,
450,0.0,0.0001643,0.0007172,0.0009172,0.0004334,0.0015843,0.0010828,0.0013463,0.0129835,0.0137589,0.0226392,0.0125578,0.0590716,0.0427505,
451,0.0,0.0001619,0.0011671,0.0012184,0.0009862,0.0014255,0.0009379,0.0017984,0.0068391,0.0163113,0.0152564,0.0267529,0.032622,0.0494145,
452,0.0,0.0001603,0.0010434,0.001304,0.0017081,0.0006676,0.0019116,0.0019638,0.0059695,0.0187878,0.0118183,0.0250145,0.0244437,0.0261902,
453,0.0,0.0016608,0.0004948,0.0006163,0.0013409,0.0013595,0.0008017,0.0015135,0.0021577,0.0110165,0.013752,0.0277233,0.0239745,0.0272571,
454,0.0,0.0008793,0.000494,0.0015084,0.0011608,0.0009344,0.0010976,0.0015043,0.0041034,0.0096644,0.0255825,0.0137439,0.0212333,0.0231909,
455,0.0,0.0001664,0.0009347,0.0009978,0.0011961,0.0012612,0.0009795,0.0010078,0.004273,0.0109051,0.0101221,0.0231884,0.0092465,0.0308836,
456,0.0,0.000877,0.0010249,0.0009948,0.0007967,0.0006759,0.0009822,0.0024487,0.0069139,0.0109769,0.0202871,0.0146365,0.0362576,0.0238756,
457,0.0,0.0001684,0.0012924,0.0006316,0.0013455,0.0008276,0.001154,0.0019439,0.0167864,0.0187485,0.0099948,0.0223594,0.0424014,0.0205257,
458,0.0,0.0001684,0.000498,0.0020852,0.0011971,0.001174,0.0011525,0.0016934,0.0121718,0.0181866,0.0452102,0.0236983,0.0373293,0.0361816,
459,0.0,0.000168,0.0010132,0.0020919,0.0013491,0.0005349,0.0011174,0.002966,0.0168742,0.0266572,0.0281263,0.0080222,0.0257557,0.0407546,
460,0.0,0.0001694,0.0005006,0.000633,0.0013149,0.0005345,0.0017045,0.0092251,0.0069903,0.0428304,0.0354932,0.0206694,0.033491,0.0297423,
461,0.0,0.0001666,0.0005028,0.0013802,0.0020436,0.0014566,0.0017475,0.0075038,0.028338,0.0413534,0.0418012,0.0372193,0.030514,0.0409748,
462,0.0,0.0014657,0.0010213,0.0009835,0.0009917,0.0018014,0.0019249,0.0079445,0.0126108,0.0360454,0.0631178,0.0389783,0.0340225,0.0354297,
463,0.0,0.0009447,0.0010248,0.0013795,0.0009905,0.0005358,0.0011138,0.004125,0.006051,0.018236,0.0493305,0.0443628,0.0339097,0.026014,
464,0.0,0.0001645,0.000494,0.0009357,0.0010084,0.0013731,0.0009857,0.0021456,0.0053921,0.011962,0.0311249,0.0364766,0.0389944,0.0364822,
465,0.0,0.0008797,0.0011737,0.0020836,0.0004255,0.0014553,0.001154,0.0023602,0.0030352,0.0083949,0.0196734,0.0229193,0.0249157,0.0326474,
466,0.0,0.0001642,0.0007623,0.00099,0.001346,0.0012609,0.0019264,0.002075,0.001766,0.0033484,0.0165486,0.0564965,0.0380002,0.0670805,
467,0.0,0.0001641,0.000489,0.0012076,0.0011976,0.0013284,0.0011566,0.001716,0.0020966,0.0075686,0.0293668,0.0089998,0.0290855,0.0505562,
468,0.0,0.0014253,0.0011619,0.0009274,0.0017509,0.0014779,0.0012596,0.0015078,0.0027106,0.0107193,0.0276463,0.0268943,0.0264166,0.0463775,
469,0.0,0.001273,0.0010351,0.0006212,0.0013407,0.0006726,0.0011573,0.0018189,0.0020242,0.0111145,0.0262552,0.0453514,0.018951,0.0197805,
470,0.0,0.0001616,0.0011834,0.000977,0.0011969,0.0005277,0.0009459,0.0015019,0.0028876,0.0132401,0.0126126,0.0359203,0.0086637,0.0233683,
471,0.0,0.0001638,0.0004852,0.0010072,0.0008019,0.0006738,0.000705,0.0009374,0.0025737,0.0166714,0.0231814,0.0193715,0.0317354,0.0167388,
472,0.0,0.0001672,0.0011824,0.0015646,0.0011934,0.0006771,0.0009665,0.0012129,0.0052066,0.013988,0.0360077,0.0231319,0.0169477,0.0076933,
473,0.0,0.0001685,0.001154,0.00063,0.0011557,0.0009457,0.001499,0.0025757,0.0043426,0.0162236,0.0270092,0.0177524,0.0313341,0.0244324,
474,0.0,0.0009487,0.0004809,0.0012045,0.001334,0.0005148,0.0005062,0.0030257,0.0125326,0.0182742,0.0457427,0.0532819,0.033183,0.0513162,
475,0.0,0.0001732,0.001154,0.0005842,0.0004371,0.0009507,0.0006974,0.0005566,0.0066488,0.0376438,0.0348574,0.0499432,0.0561558,0.0224417,
476,0.0,0.0009305,0.0004855,0.0008692,0.0004364,0.0006824,0.0014362,0.0013429,0.0101809,0.0257331,0.0215103,0.0379387,0.0320779,0.0653054,
477,0.0,0.0009446,0.0010282,0.0013326,0.0011579,0.0016329,0.000702,0.0012086,0.0045898,0.0088567,0.024204,0.061762,0.026961,0.0282829,
478,0.0,0.0008744,0.0004853,0.001009,0.0013382,0.0006794,0.001642,0.0018894,0.0017344,0.005711,0.0280257,0.054121,0.0150061,0.0386883,
479,0.0,0.0009418,0.0007169,0.0011801,0.0007996,0.0006774,0.0005031,0.0009873,0.0052127,0.0081762,0.0339903,0.0285617,0.0204068,0.0082903,
480,0.0,0.000163,0.0004847,0.0012074,0.0013468,0.0008342,0.0012629,0.0009898,0.0044758,0.0154665,0.0351598,0.0657898,0.0294122,0.0441529,
481,0.0,0.0001613,0.0004845,0.001506,0.0011987,0.0013279,0.0011009,0.0019607,0.0057586,0.0057435,0.0194563,0.0156294,0.0216208,0.0503137,
482,0.0,0.0001608,0.0004861,0.0012067,0.0011997,0.0006723,0.0016042,0.0026419,0.0046684,0.0075235,0.0235569,0.0092697,0.0247247,0.052102,
483,0.0,0.0001585,0.0013028,0.000937,0.0017,0.0012643,0.0009444,0.0021673,0.0028837,0.0153778,0.0222845,0.0443861,0.0284598,0.0522149,
484,0.0,0.0001562,0.0007262,0.0009404,0.0012023,0.0018561,0.0009807,0.0009237,0.0088657,0.0177289,0.0149852,0.0322679,0.0804209,0.0328318,
485,0.0,0.0001567,0.0007803,0.0006221,0.0012012,0.0014725,0.0012668,0.0017065,0.013528,0.02219,0.013088,0.031989,0.062014,0.0452804,
486,0.0,0.0001582,0.0007199,0.0015672,0.0004249,0.0018304,0.0011582,0.0009075,0.0133092,0.0143344,0.0333097,0.034103,0.0628567,0.0437512,
487,0.0,0.0001608,0.0007186,0.0009286,0.0020365,0.0006736,0.0012693,0.0028067,0.0134825,0.0178855,0.0408791,0.0402503,0.0559007,0.0531722,
488,0.0,0.0001641,0.0004802,0.0009588,0.0011979,0.001329,0.001272,0.0080177,0.0168918,0.0484515,0.0251831,0.0405281,0.0608977,0.0659336,
489,0.0,0.0001648,0.0011437,0.0006381,0.0011972,0.0006796,0.0007172,0.0209608,0.0239544,0.0491386,0.0604879,0.0651631,0.0680198,0.0992124,
490,0.0,0.0001633,0.0004751,0.0005804,0.0013434,0.000678,0.0020099,0.0032191,0.0070132,0.0215527,0.0507637,0.0640928,0.0191074,0.073544,
491,0.0,0.0001626,0.0004777,0.0008859,0.0013418,0.0009832,0.0012698,0.0011878,0.0132814,0.0311332,0.0477628,0.0275487,0.0442789,0.0469453,
492,0.0,0.0001599,0.0004788,0.0009237,0.0011983,0.000672,0.0012675,0.0019924,0.0067291,0.0129121,0.0255519,0.0158975,0.0541368,0.0626342,
493,0.0,0.0009457,0.0004821,0.0006203,0.001939,0.0012639,0.0010905,0.0017214,0.0082077,0.0190113,0.014823,0.0358981,0.0533286,0.0500213,
494,1e-07,0.0001589,0.0004812,0.0018056,0.0008059,0.0014837,0.0011607,0.0009387,0.019078,0.0364993,0.0420175,0.0485866,0.0481563,0.0391449,
495,1e-07,0.0001609,0.0008016,0.0009857,0.0011959,0.0009431,0.0025838,0.0035431,0.0123303,0.0287254,0.0269124,0.0262,0.0548257,0.0600109,
496,1e-07,0.0001614,0.0010354,0.0009142,0.0007386,0.0014862,0.0009607,0.0046614,0.0337627,0.0418174,0.0498182,0.0432439,0.0488594,0.0600426,
497,1e-07,0.0001639,0.0020373,0.0015091,0.000434,0.0009442,0.0009654,0.0045327,0.0389433,0.0447112,0.0541461,0.0552357,0.0654947,0.0667842,
498,0.0,0.0001653,0.0013174,0.0009114,0.0011552,0.0014846,0.0019632,0.0055702,0.0299617,0.0298009,0.0707844,0.0185648,0.0425918,0.0354044,
499,0.0,0.0001683,0.0004764,0.0006363,0.0016989,0.0006823,0.0009677,0.0028101,0.0145218,0.0353695,0.036603,0.0492246,0.0518369,0.0298701,
500,0.0,0.0001697,0.0004763,0.0005838,0.0007973,0.0006844,0.0020712,0.0005604,0.0255344,0.039193,0.0718348,0.0545202,0.0666927,0.0624994,
501,0.0,0.0009409,0.0021229,0.0010053,0.001319,0.0009406,0.000975,0.0064913,0.0134691,0.0363694,0.0401061,0.0155932,0.0397344,0.0493045,
502,0.0,0.0001748,0.0011912,0.0015063,0.0007479,0.0014812,0.002518,0.0016444,0.0265436,0.0179315,0.0290585,0.0597051,0.0549278,0.0413182,
503,0.0,0.0001759,0.0009566,0.0006491,0.0004327,0.0005153,0.0007082,0.0017808,0.022782,0.0167888,0.0220891,0.0593009,0.0541806,0.0431277,
504,0.0,0.0001779,0.000477,0.001358,0.0004329,0.0014047,0.0007113,0.0024761,0.0110867,0.0350657,0.0146278,0.029456,0.0753585,0.0889502,
505,0.0,0.0001798,0.0004797,0.0019817,0.0011653,0.0006959,0.0007109,0.0011333,0.0115317,0.031078,0.0429273,0.0180335,0.0509398,0.0657967,
506,0.0,0.0001787,0.0009985,0.0006546,0.0011911,0.0012522,0.0010939,0.0011372,0.0097948,0.0056636,0.0453161,0.0513172,0.0220322,0.0542139,
507,0.0,0.0001815,0.0004806,0.0010005,0.0004309,0.0006978,0.0008173,0.0019187,0.0066554,0.0159337,0.0568633,0.0502904,0.028092,0.0359639,
508,0.0,0.0001807,0.0007478,0.0009111,0.000992,0.0013351,0.0007197,0.002127,0.0076457,0.0210038,0.0303911,0.0350864,0.0314941,0.0390618,
509,0.0,0.0001805,0.0004854,0.0009093,0.0007871,0.0013353,0.0009662,0.0021294,0.0028593,0.0090386,0.0441856,0.0380508,0.0262233,0.0420915,
510,0.0,0.0008601,0.0007646,0.0010043,0.0007853,0.0006987,0.0011626,0.002737,0.003084,0.0088487,0.0202578,0.0533468,0.0241253,0.0446957,
511,0.0,0.0001847,0.0007524,0.0009059,0.000784,0.0013969,0.0008135,0.0019533,0.0066968,0.0111644,0.0255377,0.0371252,0.0305912,0.0200433,
512,0.0,0.0001833,0.0009961,0.0013659,0.0011899,0.0014751,0.0020626,0.0030428,0.0053698,0.0132844,0.0261874,0.04082,0.037659,0.0031113,
513,0.0,0.0001849,0.0007531,0.0009036,0.0004327,0.0011669,0.0015887,0.0037926,0.0046218,0.0151581,0.014209,0.0382369,0.0478963,0.0346647,
514,0.0,0.0008551,0.0012867,0.0015891,0.0017386,0.0017788,0.0004945,0.0027579,0.0074789,0.0139511,0.0146985,0.0321311,0.0578958,0.0473267,
515,0.0,0.0001874,0.0004906,0.0006621,0.0009931,0.0010942,0.0020756,0.001197,0.0204951,0.0169584,0.0237357,0.0384084,0.046672,0.046894,
516,0.0,0.0001866,0.0010014,0.0015935,0.0009925,0.0013992,0.0019058,0.007137,0.0185102,0.0273403,0.0284035,0.0653576,0.0582229,0.0571515,
517,0.0,0.0001898,0.0016922,0.0014366,0.0011712,0.0018427,0.0009676,0.0081328,0.0074688,0.018915,0.0450609,0.0425701,0.0637481,0.0573163,
518,0.0,0.0001915,0.000767,0.0006645,0.0014687,0.0022026,0.0027826,0.0158291,0.0140599,0.0241282,0.0389478,0.0342708,0.0677574,0.0558313,
519,0.0,0.0001896,0.0007694,0.0008557,0.0016016,0.0018245,0.0021472,0.0118638,0.0138086,0.0317696,0.0313582,0.0589878,0.0705601,0.0446186,
520,0.0,0.0001909,0.0013813,0.0017615,0.0025729,0.0050754,0.0068843,0.0131081,0.0106849,0.036733,0.0623576,0.0592965,0.0702719,0.0385235,
521,0.0,0.0017427,0.0017903,0.0040368,0.0111527,0.0108601,0.0091633,0.0232757,0.0323328,0.0155859,0.0411026,0.0690854,0.0707965,0.0506814,
522,0.0,0.0001943,0.0009436,0.0008925,0.0024105,0.0050785,0.0080151,0.0151561,0.0229286,0.0242832,0.0322873,0.0452848,0.0607089,0.0429237,
523,0.0,0.0001955,0.0017924,0.0015943,0.0014722,0.0044738,0.0022096,0.0053394,0.0089946,0.0085703,0.0154419,0.0164488,0.0431083,0.031101,
524,0.0,0.0008456,0.0007624,0.0006736,0.0011721,0.0030301,0.0029534,0.0110263,0.0142409,0.0076155,0.0132023,0.0407137,0.0333163,0.0430306,
525,0.0,0.0013113,0.0007571,0.0006009,0.0009958,0.0012667,0.0045866,0.0173455,0.0092704,0.0218085,0.0199616,0.0234484,0.0405333,0.0242121,
526,0.0,0.0008484,0.0017042,0.0008941,0.0009971,0.0012442,0.0030091,0.0126101,0.015585,0.0310533,0.0212721,0.0116694,0.0128448,0.0144603,
527,0.0,0.0001961,0.0004834,0.0008933,0.000434,0.001543,0.0018713,0.0171564,0.016492,0.0531447,0.0356969,0.0271173,0.028657,0.0259569,
528,0.0,0.0001988,0.0009687,0.0006882,0.0004338,0.0014116,0.0013324,0.0079785,0.0416832,0.0561057,0.0526096,0.0427448,0.0325151,0.0637066,
529,0.0,0.0001971,0.0012811,0.001394,0.0017262,0.0007923,0.0018614,0.0113288,0.0226302,0.0322353,0.0290556,0.0756607,0.022407,0.0226398,
530,0.0,0.0008514,0.0007688,0.0009,0.000431,0.0005102,0.0016143,0.006946,0.010588,0.0278806,0.0395768,0.0701872,0.0304288,0.0741481,
531,1e-07,0.0013114,0.0009633,0.0011565,0.0011758,0.0014177,0.0016574,0.0018885,0.0140061,0.0255019,0.0426619,0.039323,0.0367368,0.0990499,
532,1e-07,0.0001893,0.0011267,0.001593,0.0017198,0.0013845,0.0011031,0.0018962,0.012065,0.0102203,0.0483383,0.0388574,0.0383407,0.0370254,
533,0.0,0.0001861,0.0011501,0.0019317,0.0009938,0.0017343,0.0007258,0.0028924,0.0161862,0.0189873,0.0225071,0.0360343,0.0296969,0.0306394,
534,0.0,0.0008582,0.0012904,0.0014169,0.0015995,0.0018009,0.001999,0.0026216,0.0133245,0.0232044,0.0404589,0.0467777,0.0247344,0.037348,
535,0.0,0.0001889,0.0012903,0.0006025,0.0023157,0.0019924,0.0007214,0.0031316,0.0154044,0.022831,0.0587619,0.0293574,0.0384443,0.0241918,
536,0.0,0.0001872,0.0011299,0.0010011,0.0013408,0.0005118,0.0012886,0.0024845,0.0083369,0.0222575,0.0498582,0.043426,0.028636,0.0180599,
537,0.0,0.0001841,0.0012941,0.0009987,0.0017149,0.0013919,0.0009911,0.0032868,0.0134754,0.0210305,0.0553145,0.0619848,0.0408712,0.0306122,
538,0.0,0.0001858,0.0020978,0.0006782,0.002042,0.0013911,0.0015215,0.0031466,0.0096662,0.0201184,0.0314988,0.0459103,0.0401751,0.0495957,
539,0.0,0.0008564,0.0011678,0.0015048,0.0007553,0.001394,0.0007145,0.0021972,0.0069914,0.0393649,0.0247898,0.0573127,0.0539698,0.0361249,
540,0.0,0.0001833,0.001926,0.0024876,0.002126,0.0008077,0.0009861,0.0023471,0.0081941,0.0203868,0.0313651,0.0548577,0.0511283,0.0243854,
541,0.0,0.0001818,0.0013008,0.0009603,0.0023111,0.0009425,0.001983,0.0024613,0.0134912,0.0226714,0.024682,0.0462686,0.0549009,0.0715715,
542,0.0,0.0001847,0.0020348,0.0010108,0.0023117,0.0019382,0.0009886,0.0031224,0.0134136,0.0215898,0.019153,0.0538396,0.042192,0.0835731,
543,0.0,0.000185,0.0009926,0.0014892,0.0011868,0.0007035,0.0008353,0.0032607,0.0103378,0.0170339,0.003903,0.0450049,0.0451425,0.0683271,
544,0.0,0.0012599,0.0004752,0.000898,0.0011646,0.0013386,0.0009789,0.0023561,0.0165822,0.0122823,0.041468,0.025178,0.083193,0.0626307,
545,0.0,0.0001814,0.0011383,0.0006614,0.0011668,0.0005131,0.0012783,0.0016032,0.0105769,0.0087761,0.0329361,0.0489226,0.0658486,0.0481434,
546,0.0,0.0001791,0.0007353,0.0009077,0.0007887,0.0013357,0.0019704,0.0011358,0.0122858,0.0198912,0.0505552,0.0359025,0.0379081,0.0385511,
547,0.0,0.00018,0.000981,0.0005944,0.0013414,0.0008077,0.0016175,0.0017736,0.0098539,0.01617,0.0477526,0.0494431,0.0268315,0.0358408,
548,0.0,0.000181,0.0004755,0.0009925,0.0011724,0.0005185,0.0009573,0.0018093,0.0103609,0.0174447,0.0244072,0.0472606,0.0306477,0.0479058,
549,0.0,0.0001806,0.000475,0.0015964,0.0004257,0.0013897,0.0004684,0.0018022,0.0114121,0.0296851,0.048453,0.0438052,0.0430657,0.059131,
550,0.0,0.0001822,0.000756,0.0006741,0.0004251,0.0012485,0.0004673,0.001595,0.0192081,0.0136997,0.0376273,0.025164,0.0279982,0.0648134,
551,0.0,0.0001792,0.0004777,0.000923,0.001195,0.0018308,0.0009631,0.0057854,0.0132412,0.0316632,0.0124912,0.0398274,0.0316765,0.0753488,
552,0.0,0.0001786,0.0007724,0.0014278,0.0007873,0.0005242,0.0012885,0.0027206,0.0099401,0.0317716,0.0150968,0.0525905,0.0146521,0.0359892,
553,0.0,0.0001815,0.0011379,0.0016062,0.0013213,0.0012499,0.0009642,0.0032841,0.0188241,0.0252629,0.0160404,0.0390837,0.0295587,0.0243348,
554,0.0,0.00018,0.0011392,0.0006654,0.001176,0.0013906,0.0023104,0.0043766,0.0476106,0.0338897,0.0302683,0.0285392,0.0406235,0.074642,
555,0.0,0.0001786,0.0011435,0.0015199,0.0009938,0.0013321,0.0015915,0.004571,0.0384456,0.0218863,0.0390601,0.0361512,0.0404358,0.0550341,
556,0.0,0.0001817,0.0009856,0.0011761,0.0011925,0.0005222,0.0009689,0.0045617,0.0152255,0.0354208,0.0307906,0.041547,0.0238979,0.0169,
557,0.0,0.000182,0.0012801,0.0009859,0.0011763,0.0014656,0.0009714,0.0083603,0.0378469,0.0400538,0.0204526,0.0282635,0.0264448,0.0343012,
558,0.0,0.0009227,0.0004917,0.0017502,0.0004259,0.0020776,0.0018866,0.0160304,0.0335349,0.038231,0.0426592,0.042802,0.040545,0.0268396,
559,0.0,0.0001847,0.0011509,0.0006616,0.0007829,0.0019296,0.0014584,0.0087385,0.0150326,0.0375308,0.0437618,0.0138914,0.0455091,0.0231899,
560,0.0,0.0001867,0.001147,0.0021646,0.001466,0.0017692,0.0042254,0.0029321,0.0168328,0.0436629,0.0532974,0.0205187,0.0311401,0.0303522,
561,0.0,0.0001867,0.0004934,0.0008648,0.0004262,0.0028828,0.0033689,0.0204228,0.0405544,0.0380637,0.0399911,0.0402664,0.0045751,0.0667346,
562,0.0,0.0001877,0.0007347,0.0009924,0.0014823,0.0007016,0.0023338,0.0207333,0.0525904,0.0332794,0.037442,0.0099715,0.0331391,0.0439881,
563,0.0,0.0001903,0.0009857,0.0005938,0.0004289,0.0009351,0.0046859,0.0154908,0.0236156,0.0283338,0.0220911,0.0159554,0.0335369,0.0572973,
564,1e-07,0.0001916,0.001274,0.0009098,0.0014696,0.0013873,0.0052139,0.0193991,0.0509094,0.0059011,0.0864977,0.0171385,0.0529236,0.0862661,
565,0.0,0.000191,0.0004892,0.0006737,0.0014694,0.0014246,0.0023115,0.005109,0.0332877,0.0226422,0.0244275,0.0225783,0.042618,0.0558736,
566,0.0,0.0013643,0.000486,0.000992,0.0009956,0.0018221,0.0013446,0.0082238,0.0160963,0.0162979,0.025962,0.0472258,0.04726,0.043594,
567,0.0,0.000187,0.0009748,0.0009924,0.0011904,0.0005174,0.0004779,0.0044185,0.0114862,0.0063495,0.0224294,0.0239547,0.0213138,0.0348335,
568,0.0,0.0001884,0.0007656,0.0005988,0.0013254,0.0005165,0.0011062,0.0026469,0.0135818,0.0275485,0.0301545,0.0564378,0.0673615,0.0404332,
569,0.0,0.0012634,0.0009718,0.001511,0.0004293,0.0011606,0.0013376,0.0018863,0.0137188,0.0201618,0.0118356,0.0371254,0.0577653,0.0656939,
570,0.0,0.0008543,0.0004841,0.0020003,0.0013273,0.0007072,0.0015788,0.0019451,0.0128719,0.0196039,0.0399824,0.0244472,0.0075252,0.0623646,
571,0.0,0.0001882,0.0004805,0.0013812,0.001718,0.0013907,0.0013927,0.001903,0.004737,0.0098992,0.0322542,0.0287727,0.0098341,0.039799,
572,0.0,0.0013117,0.0004798,0.0008993,0.0009992,0.0013891,0.0009545,0.0019393,0.0085622,0.0078255,0.0105644,0.0322138,0.0253614,0.036436,
573,0.0,0.0001921,0.0007563,0.0008965,0.0013401,0.0005079,0.0004824,0.002351,0.0056631,0.0120809,0.0172055,0.0261865,0.0195183,0.0280156,
574,0.0,0.0001895,0.0007683,0.0006717,0.0011864,0.0009439,0.0004843,0.0031264,0.0103461,0.0152602,0.0136388,0.0159326,0.0422939,0.0495721,
575,0.0,0.0001903,0.0004779,0.001124,0.0013334,0.0010998,0.0009522,0.0008329,0.0156202,0.0086192,0.0035267,0.0234587,0.0614653,0.0369369,
576,0.0,0.0001932,0.0011381,0.000677,0.0011705,0.0005031,0.0023204,0.0052806,0.0135281,0.0170333,0.0232856,0.0273739,0.0583686,0.0520887,
577,0.0,0.0001913,0.0004808,0.0013678,0.0007809,0.0008078,0.0004878,0.003793,0.0111787,0.0266327,0.036176,0.0399031,0.0904649,0.0941456,
578,0.0,0.0001895,0.0012947,0.0011707,0.0014836,0.0009779,0.0019384,0.0028354,0.0119406,0.0086497,0.026225,0.0541674,0.0878198,0.0607605,
579,0.0,0.000192,0.0007388,0.0006762,0.0013357,0.0013957,0.0004815,0.0036177,0.0070197,0.0181893,0.0219308,0.0564608,0.0761527,0.0915708,
580,0.0,0.0001943,0.000478,0.0015068,0.0011822,0.000954,0.000486,0.0049677,0.0169939,0.0270979,0.0526573,0.0624714,0.0928941,0.1191099,
581,0.0,0.0001925,0.0004809,0.0014541,0.0014831,0.0005,0.0014107,0.0044104,0.0160821,0.0355822,0.0457974,0.0697474,0.0851666,0.0862492,
582,0.0,0.0008487,0.0013496,0.0008342,0.0011822,0.0005002,0.001415,0.0070752,0.0076688,0.0300111,0.0261613,0.0379862,0.0662151,0.0747094,
583,0.0,0.0001951,0.0016915,0.0011756,0.0004407,0.0007108,0.0004995,0.0096252,0.038472,0.0370706,0.0347488,0.0674454,0.0462681,0.0732446,
584,0.0,0.0001949,0.0011543,0.0008306,0.0004416,0.0007089,0.001893,0.0069087,0.0356545,0.0434591,0.0346471,0.0639126,0.0896892,0.1381981,
585,0.0,0.0009378,0.0004893,0.0008799,0.0004411,0.0007098,0.0005049,0.0078578,0.0256253,0.0244223,0.0446798,0.1166941,0.0653483,0.0960015,
586,0.0,0.0009368,0.0012908,0.0009841,0.0009935,0.0004995,0.0024951,0.0050502,0.0244895,0.022932,0.0443879,0.0887662,0.058978,0.0506204,
587,0.0,0.0001918,0.0007505,0.0009772,0.0004376,0.0023477,0.0034594,0.0057341,0.0153611,0.0182374,0.0283174,0.0884105,0.1104607,0.0761762,
588,0.0,0.0001901,0.0007442,0.0013505,0.0020406,0.0032894,0.0039133,0.0079659,0.0193747,0.026124,0.0482557,0.0683947,0.094719,0.1040218,
589,0.0,0.0001911,0.0007455,0.0009851,0.0011854,0.0019067,0.0035133,0.0058304,0.0160163,0.0466381,0.0504221,0.0637967,0.0769102,0.0889137,
590,0.0,0.0012534,0.0019133,0.0018565,0.000439,0.0016444,0.0022191,0.0064343,0.0126958,0.0221415,0.0395856,0.0564544,0.0615688,0.05336,
591,0.0,0.0001913,0.0007591,0.0014444,0.0004399,0.0009564,0.0014238,0.0047761,0.0165058,0.0082407,0.0310078,0.0312132,0.0693393,0.0848644,
592,0.0,0.0001887,0.0007644,0.0014404,0.0009896,0.0009729,0.0008298,0.002818,0.016364,0.0121814,0.0298762,0.0289715,0.0724239,0.0756224,
593,0.0,0.0001867,0.0007416,0.0013533,0.0011659,0.0007007,0.0009607,0.0025154,0.008979,0.0122743,0.0263566,0.0662975,0.0784527,0.0418968,
594,0.0,0.0012572,0.0010097,0.0008553,0.0007864,0.0012606,0.001942,0.0019281,0.0120993,0.0161549,0.0138165,0.0203502,0.0490974,0.0578662,
595,0.0,0.0001808,0.0011513,0.0006513,0.0013393,0.0005145,0.0009646,0.0019216,0.0053922,0.0163115,0.0066258,0.0287959,0.0242248,0.0508626,
596,0.0,0.0001786,0.0004885,0.0011911,0.0009902,0.00191,0.000812,0.0035411,0.0071941,0.013915,0.0088212,0.0220921,0.0210378,0.0432508,
597,0.0,0.0001797,0.0007549,0.0011896,0.0004315,0.0006919,0.0011593,0.0028461,0.0043373,0.0174219,0.0248896,0.0431634,0.0473117,0.0671654,
598,0.0,0.0008656,0.000489,0.0009976,0.0007885,0.0006916,0.0004968,0.0023508,0.0048518,0.0143325,0.0214828,0.0393722,0.040504,0.0515465,
599,0.0,0.0001794,0.0009983,0.0018574,0.0017134,0.0009873,0.0013586,0.0047097,0.0129432,0.0241491,0.012251,0.0076697,0.0003603,0.0291706,
600,0.0,0.0001769,0.0010032,0.0006474,0.0017122,0.0022074,0.0016377,0.0051242,0.0086863,0.0272574,0.0181279,0.0205741,0.0160284,0.0258104,
601,0.0,0.0009303,0.0007546,0.000916,0.0011692,0.0019413,0.001641,0.0017552,0.008517,0.0354791,0.0241027,0.0324088,0.010787,0.0215198,
602,0.0,0.0001811,0.001345,0.0008698,0.0007861,0.0017576,0.0011007,0.0017641,0.0073331,0.0231668,0.0354554,0.028182,0.0250954,0.0187709,
603,0.0,0.00018,0.0012823,0.0009182,0.0009929,0.0014721,0.0028551,0.0097301,0.0126786,0.018122,0.0218582,0.009202,0.0251924,0.0201202,
604,0.0,0.0001782,0.0004988,0.0014818,0.0011925,0.0020684,0.0028866,0.003584,0.0199742,0.0246513,0.0393315,0.0170282,0.0325146,0.0361079,
605,0.0,0.000863,0.0007641,0.0008728,0.0023887,0.0025602,0.0045075,0.0222025,0.0351512,0.0229653,0.0453236,0.0190605,0.0351915,0.042995,
606,0.0,0.0001831,0.0010063,0.0018532,0.0043935,0.0076698,0.009922,0.0126589,0.0294887,0.0244792,0.0432692,0.0423719,0.0575961,0.0471237,
607,0.0,0.0001812,0.0016328,0.0017104,0.0020498,0.0080266,0.0097453,0.0080478,0.029145,0.0312633,0.0325111,0.0398903,0.0661558,0.0717372,
608,0.0,0.0008642,0.0007246,0.0008785,0.0020589,0.003683,0.0076097,0.0069773,0.0250011,0.0231009,0.0420096,0.0472824,0.0948269,0.0990133,
609,0.0,0.0001771,0.0007688,0.0006392,0.0007541,0.0019391,0.0021703,0.0139489,0.0177664,0.0282297,0.0355207,0.0165809,0.0517532,0.0430615,
610,0.0,0.0001745,0.0007682,0.0008902,0.0020642,0.0020633,0.0049447,0.0135431,0.0336908,0.0094725,0.0607591,0.0324592,0.0511203,0.0267401,
611,0.0,0.0001711,0.0007278,0.0006294,0.0007513,0.0006785,0.0025973,0.0091417,0.0205033,0.0123727,0.0438677,0.0231117,0.0379901,0.0529965,
612,0.0,0.0001685,0.001026,0.0009362,0.0011704,0.0012608,0.0019923,0.0027793,0.0285267,0.0157222,0.0140573,0.0339164,0.0631441,0.0564684,
