#Time_fs,0,50,100,150,200,250,300,500,750,1000,1250,1500,1750,2000,
1,1e-07,0.0002554,0.0014013,0.0001103,0.001382,0.0003988,0.0006559,0.0008453,0.0084614,0.0174773,0.0146139,0.0320122,0.0494183,0.0598318,
2,1e-07,0.0012117,0.0009872,0.0009561,0.001822,0.0006996,0.0015544,0.0021991,0.0058795,0.0368861,0.0232091,0.0363435,0.0308452,0.0341215,
3,1e-07,0.0002556,0.0001005,0.0001122,0.0002417,0.0014706,0.001805,0.0029439,0.0054548,0.0154003,0.0152559,0.023308,0.0304922,0.020223,
4,1e-07,0.0007506,0.0001005,0.001343,0.0010919,0.0012543,0.0015541,0.002663,0.0076714,0.0114778,0.0162055,0.0333717,0.0297185,0.0395734,
5,0.0,0.0002559,0.0013689,0.0001144,0.000243,0.0013788,0.0006471,0.0027616,0.0023111,0.0233559,0.0212398,0.0243034,0.031439,0.0508039,
6,0.0,0.0002559,0.0010217,0.0009597,0.0013508,0.0008601,0.0007635,0.0018581,0.0084571,0.0087408,0.0093253,0.0243653,0.026848,0.0444142,
7,0.0,0.0002561,0.0001006,0.001062,0.000878,0.0006971,0.0007627,0.0010611,0.0078565,0.0205333,0.0242653,0.0112945,0.0324545,0.0095566,
8,0.0,0.0002563,0.0001018,0.0001168,0.0009609,0.0018188,0.0012559,0.0014089,0.0077132,0.0190303,0.0113323,0.0240234,0.0305138,0.0219344,
9,0.0,0.000256,0.0001048,0.0001162,0.0002456,0.0004018,0.0007669,0.0022953,0.0022308,0.0205315,0.016651,0.0258465,0.019161,0.0118144,
10,0.0,0.0007509,0.0001046,0.0010473,0.000876,0.0018046,0.0012507,0.0039879,0.0046409,0.0275424,0.0204679,0.0403196,0.0242519,0.0383449,
11,0.0,0.000256,0.0001072,0.0001172,0.0015935,0.0022031,0.0011851,0.0052986,0.0158312,0.028942,0.0135198,0.0497668,0.0342408,0.0422048,
12,1e-07,0.0014043,0.0009079,0.0001188,0.001462,0.0013857,0.0015054,0.0043751,0.0101415,0.0306919,0.0313997,0.0338159,0.0144161,0.021952,
13,1e-07,0.0002565,0.0013643,0.0013183,0.0016046,0.0011224,0.0018446,0.0024188,0.0072508,0.0328778,0.0352815,0.034817,0.0207952,0.0308725,
14,1e-07,0.0007509,0.0009103,0.0001188,0.0024,0.0012602,0.001559,0.0022344,0.0044302,0.022052,0.0319112,0.0289844,0.0726205,0.0145713,
15,1e-07,0.0012523,0.0013721,0.002099,0.001489,0.0020889,0.00156,0.0066862,0.0056271,0.0363166,0.0155129,0.0564195,0.0810671,0.0389348,
16,1e-07,0.0002565,0.0001037,0.0001213,0.002409,0.0030747,0.0018419,0.0064504,0.0136879,0.0324781,0.0235346,0.0292295,0.036158,0.0474759,
17,1e-07,0.0002564,0.0001028,0.0009484,0.0042908,0.0031141,0.0031083,0.0081628,0.0126635,0.0286339,0.0177863,0.0227165,0.044661,0.0331458,
18,1e-07,0.0016341,0.0020877,0.0021029,0.0044467,0.0036999,0.0050901,0.0098081,0.0131346,0.0344413,0.0112076,0.0532399,0.0514781,0.0401006,
19,2e-07,0.0007508,0.0010594,0.0031184,0.0048519,0.0087519,0.0116969,0.0075099,0.0255386,0.0287923,0.0334094,0.057426,0.0432629,0.0111636,
20,2e-07,0.0012525,0.0010589,0.0050073,0.0115497,0.0112787,0.0144148,0.0293934,0.0027517,0.0241829,0.0330376,0.0315787,0.0291734,0.0459758,
21,2e-07,0.001035,0.0032596,0.014136,0.0128466,0.0251315,0.028364,0.0147933,0.0358585,0.0486916,0.0361037,0.0544202,0.0403864,0.0358365,
22,2e-07,0.0010341,0.0025413,0.0042275,0.0101198,0.0091617,0.0097215,0.0117418,0.0485107,0.0458815,0.0332655,0.0605442,0.020913,0.0604351,
23,2e-07,0.0024631,0.0065597,0.0029475,0.008822,0.0033525,0.0096137,0.0190575,0.0701952,0.0435135,0.0644207,0.0905976,0.0261121,0.0656214,
24,2e-07,0.0032023,0.0059386,0.0114464,0.0073088,0.0142776,0.0230281,0.0337966,0.0411494,0.0392885,0.0180346,0.0782789,0.0584618,0.1127947,
25,2e-07,0.0014731,0.0029244,0.0092628,0.0164623,0.0163359,0.0291697,0.013446,0.0334438,0.0504775,0.0282675,0.0335217,0.0325821,0.0700116,
26,2e-07,0.0047206,0.0179616,0.03241,0.0382438,0.0465585,0.0463786,0.0233088,0.0391077,0.0572634,0.0249165,0.0393432,0.0518756,0.026903,
27,2e-07,0.0007497,0.006416,0.0190677,0.0267161,0.0311741,0.0245885,0.0249196,0.0179443,0.0179897,0.0361935,0.0259123,0.0481532,0.0289734,
28,2e-07,0.0002566,0.0013182,0.0066384,0.0123096,0.0153927,0.0119209,0.0100889,0.0344712,0.0287131,0.0212641,0.0292374,0.0299518,0.0264061,
29,2e-07,0.0012097,9.88e-05,0.0030994,0.007001,0.0093421,0.0061659,0.0176112,0.021977,0.0194349,0.0420948,0.0313782,0.0389703,0.0188289,
30,1e-07,0.0002571,0.0018018,0.0001233,0.0014608,0.0032134,0.0046601,0.0085443,0.0181645,0.0184737,0.0294731,0.0235869,0.044119,0.0424155,
31,1e-07,0.000257,0.0001016,0.0001237,0.0016061,0.0024726,0.0033892,0.0083699,0.0220123,0.0256493,0.0386202,0.0447228,0.0496729,0.0383772,
32,1e-07,0.0002574,0.0001015,0.0001242,0.0010979,0.0006945,0.0015507,0.0036487,0.02486,0.0154194,0.0378994,0.0406268,0.0624597,0.0748155,
33,1e-07,0.0010312,0.0001036,0.0001246,0.0002517,0.0013865,0.0018869,0.0072505,0.019839,0.024715,0.0250325,0.053583,0.0408339,0.0598359,
34,2e-07,0.0002576,0.0001024,0.0001263,0.0016571,0.0012671,0.0018836,0.0037806,0.018214,0.0166487,0.0520213,0.059514,0.051125,0.0525786,
35,2e-07,0.0012513,9.98e-05,0.000895,0.0002523,0.0024706,0.0021864,0.0011817,0.0072312,0.0293906,0.0503887,0.034748,0.0403444,0.0170515,
36,2e-07,0.0002573,0.0014417,0.0001257,0.001859,0.003036,0.0042802,0.004742,0.0162965,0.011542,0.0370511,0.0291079,0.0324433,0.0703963,
37,2e-07,0.00103,0.0016677,0.0001258,0.000829,0.0038085,0.000776,0.0095972,0.0156929,0.0104022,0.0206194,0.0331021,0.0548541,0.0555001,
38,2e-07,0.0010356,0.001463,0.0001255,0.0028183,0.0057934,0.0092731,0.0255397,0.0129053,0.0274848,0.051161,0.049788,0.0183938,0.03679,
39,2e-07,0.00103,9.26e-05,0.0018486,0.0049043,0.0091594,0.0093703,0.0200413,0.0212972,0.0267436,0.0124332,0.030762,0.0152726,0.0381708,
40,2e-07,0.0016293,0.0072944,0.0117062,0.012861,0.0127877,0.0145913,0.0197628,0.0485723,0.0209375,0.031016,0.0419229,0.0367802,0.0524323,
41,2e-07,0.0022689,0.0094013,0.0133977,0.0197938,0.0220413,0.0246412,0.0411749,0.0483755,0.0221084,0.0451632,0.0578052,0.037323,0.0447738,
42,2e-07,0.0002571,0.0024334,0.0045792,0.0053953,0.0070015,0.0156949,0.0204776,0.0322322,0.0123729,0.0590156,0.0292132,0.0438516,0.0299508,
43,2e-07,0.0012473,0.0017516,0.0024674,0.0059578,0.0120688,0.0167069,0.0168006,0.0439576,0.0086916,0.0279174,0.0189101,0.0690218,0.0563428,
44,2e-07,0.0012523,0.0014644,0.0035806,0.0087752,0.0124099,0.0113226,0.0178893,0.0411414,0.0283858,0.0454132,0.0277976,0.0652297,0.0713203,
45,2e-07,0.0002569,0.0037333,0.0016188,0.0034247,0.0071942,0.0104839,0.0106558,0.0545781,0.0182391,0.037753,0.0401492,0.0632897,0.0735528,
46,2e-07,0.0002568,0.0036288,0.0077112,0.0169998,0.0212673,0.0169647,0.0254436,0.0617585,0.0366113,0.0827329,0.0920548,0.0532979,0.0489066,
47,5e-07,0.0015665,0.0022175,0.0066868,0.0133564,0.0163226,0.0162943,0.03024,0.0388816,0.0226774,0.0870156,0.1070354,0.0509747,0.0763903,
48,5e-07,0.0014697,0.0014701,0.0028869,0.0044598,0.0095713,0.0067647,0.0098616,0.0256815,0.0341495,0.0630175,0.0577444,0.0487095,0.0323306,
49,5e-07,0.0012089,0.0024923,0.0073643,0.0101903,0.0149919,0.0172272,0.0227863,0.0161534,0.0194478,0.0622379,0.0565135,0.0632031,0.0955641,
50,5e-07,0.0002576,8.58e-05,0.0050627,0.0112639,0.0061116,0.0065557,0.0261993,0.0149094,0.0479004,0.0764138,0.0700705,0.068628,0.0911642,
51,5e-07,0.000258,8.46e-05,0.0013651,0.0030012,0.0080701,0.0096966,0.018811,0.0215351,0.0605546,0.0832385,0.0605797,0.049024,0.038378,
52,5e-07,0.0002583,0.0009489,0.0014837,0.0008273,0.001909,0.0025212,0.007789,0.03264,0.0811986,0.078312,0.071366,0.0358823,0.0285258,
53,5e-07,0.0002584,0.0009378,0.0010586,0.0014974,0.0010259,0.0028644,0.0038609,0.0136249,0.0185061,0.0682453,0.0509543,0.0164953,0.0491035,
54,5e-07,0.0007487,0.0010558,0.0016794,0.0021098,0.0020481,0.0024978,0.0061372,0.0194357,0.0333869,0.057049,0.0505693,0.0290064,0.0650819,
55,5e-07,0.0002585,8.71e-05,0.0010467,0.002814,0.0033272,0.0024967,0.0093228,0.0252805,0.0481267,0.063468,0.047271,0.0555289,0.06976,
56,5e-07,0.001031,8.66e-05,0.0014664,0.0015865,0.0006852,0.0029209,0.01206,0.0243005,0.0391013,0.0532191,0.043376,0.0469202,0.0523837,
57,5e-07,0.000258,8.94e-05,0.0014636,0.0010993,0.0016254,0.0025261,0.0096537,0.0117873,0.0423001,0.0666526,0.0633797,0.0728378,0.0720711,
58,5e-07,0.0002582,0.0009297,0.0010606,0.0016075,0.0017097,0.0023647,0.0136457,0.0057212,0.0606894,0.0717179,0.0568618,0.0765957,0.0949157,
59,5e-07,0.0012081,0.0009304,0.0001341,0.0026857,0.0024479,0.0039856,0.0089977,0.0163107,0.0642636,0.0465133,0.0551334,0.0687007,0.0879762,
60,5e-07,0.000258,0.0013245,0.0009761,0.000254,0.0017195,0.0012029,0.0083423,0.0222603,0.0376382,0.0404689,0.0869324,0.0973639,0.0825115,
61,5e-07,0.0002578,0.0009262,0.000976,0.0015873,0.0016289,0.0018557,0.0131787,0.040668,0.0540081,0.0509605,0.0732749,0.1155489,0.0822223,
62,5e-07,0.0007497,0.0015087,0.0001322,0.0014586,0.0020782,0.0023855,0.0156007,0.0233904,0.0707501,0.0820194,0.0594165,0.0924899,0.0622196,
63,2e-07,0.0016347,0.0009205,0.0014608,0.0014924,0.0017284,0.0025174,0.016775,0.0142042,0.0341545,0.0547675,0.022196,0.0573133,0.0488259,
64,2e-07,0.0012486,0.0001005,0.0001303,0.0011019,0.0014648,0.003495,0.0109067,0.0282782,0.0169331,0.0239941,0.0390957,0.0451846,0.0396749,
65,2e-07,0.0015678,9.89e-05,0.0001298,0.002286,0.0021383,0.0018866,0.0100959,0.0153264,0.0239637,0.0184953,0.016365,0.0125046,0.0410552,
66,2e-07,0.002015,9.97e-05,0.0013574,0.0021917,0.0025359,0.0037407,0.0082016,0.0219379,0.0373503,0.0189623,0.0416031,0.0186338,0.0389876,
67,2e-07,0.0007508,0.0018103,0.0052677,0.0040532,0.0043827,0.0084672,0.0134708,0.0135667,0.0494946,0.0144001,0.0410949,0.0610047,0.0138976,
68,2e-07,0.0002564,0.0009947,0.0023049,0.0031803,0.0029564,0.0076564,0.0141571,0.0336047,0.0407234,0.0378375,0.0450487,0.0499472,0.0287506,
69,1e-07,0.0016035,0.0014728,0.0078022,0.0140651,0.0205328,0.0195047,0.0201029,0.0227351,0.0340989,0.037369,0.065049,0.0304628,0.0533976,
70,1e-07,0.0002561,0.0014441,0.0032697,0.0086625,0.0107483,0.0121873,0.0288444,0.035102,0.0401139,0.0379628,0.0417852,0.0494038,0.0437291,
71,1e-07,0.0010805,0.0010607,0.0045757,0.0065579,0.0053283,0.0076288,0.0287716,0.0522645,0.0387715,0.0840156,0.1046646,0.069722,0.0903103,
72,1e-07,0.0010803,0.0001111,0.0020333,0.0033586,0.0044433,0.0027392,0.0069096,0.0267933,0.0360349,0.0401129,0.0222387,0.0504867,0.0710697,
73,1e-07,0.0002557,0.0022464,0.0009012,0.00151,0.003115,0.0035476,0.0101239,0.0289443,0.033832,0.0402311,0.0240826,0.0600469,0.0478046,
74,1e-07,0.0014026,0.0009091,0.0009482,0.0043396,0.0034266,0.0027925,0.0172126,0.0231544,0.0220778,0.0553929,0.0897581,0.0403116,0.0479349,
75,2e-07,0.0002567,0.0009502,0.000975,0.0014137,0.0055214,0.0046102,0.0140894,0.0195032,0.0160785,0.0686351,0.0676483,0.0474094,0.037054,
76,2e-07,0.0002569,0.0001046,0.0012985,0.0014143,0.0044738,0.0027277,0.0086197,0.0184958,0.016406,0.0525987,0.0565927,0.0659479,0.0843068,
77,2e-07,0.0002574,0.0001014,0.0001283,0.0015877,0.0024541,0.0031135,0.0068148,0.0178221,0.0351264,0.0529035,0.0323589,0.0880754,0.0472643,
78,2e-07,0.0012476,0.0001004,0.0001299,0.001101,0.0016398,0.0012395,0.01054,0.0184143,0.0464831,0.0559384,0.0223278,0.0583832,0.0417392,
79,2e-07,0.0010317,9.71e-05,0.0001308,0.0011008,0.0017146,0.0021234,0.0029015,0.034908,0.0656997,0.042285,0.0812606,0.042016,0.0719258,
80,2e-07,0.000748,0.0009541,0.001114,0.0002535,0.0016357,0.0019205,0.0039653,0.0231098,0.0491194,0.0543342,0.118688,0.0906218,0.0399897,
81,2e-07,0.0002583,9.24e-05,0.0013533,0.000254,0.0020905,0.003415,0.0024344,0.0315196,0.0599964,0.0420357,0.0755571,0.0700075,0.0371747,
82,2e-07,0.0002585,9.03e-05,0.0009669,0.000871,0.001264,0.0026225,0.006259,0.0131696,0.0453016,0.0496013,0.0355085,0.0573409,0.0309058,
83,2e-07,0.0002584,9e-05,0.0010588,0.0016875,0.0021487,0.0040458,0.0080671,0.0244365,0.0390617,0.0470506,0.0442244,0.024112,0.0359788,
84,2e-07,0.0010299,0.0013313,0.001467,0.0015827,0.0013779,0.0058356,0.0227195,0.0305024,0.0246849,0.055423,0.0572188,0.0357936,0.0572565,
85,2e-07,0.0002581,8.83e-05,0.0013799,0.004015,0.0033904,0.0055653,0.0076134,0.0116633,0.0183328,0.0211798,0.0484336,0.0666064,0.0251,
86,2e-07,0.0019669,9.14e-05,0.0001274,0.0015828,0.0012435,0.0019219,0.0030058,0.0082347,0.0260081,0.0527113,0.0538844,0.0546834,0.0165948,
87,2e-07,0.0012474,9.3e-05,0.0009683,0.0021983,0.0010446,0.0024061,0.005393,0.0199885,0.0425063,0.0504582,0.0487094,0.0656688,0.0319734,
88,2e-07,0.0002579,0.0010814,0.0009678,0.0010987,0.0013626,0.0012592,0.0062062,0.0222696,0.042176,0.0564716,0.0282635,0.0561285,0.0226807,
89,2e-07,0.0002575,0.0010195,0.0001281,0.0016076,0.0025335,0.0022794,0.0064761,0.0158852,0.0339654,0.0437748,0.0515051,0.0372524,0.0299761,
90,2e-07,0.0002578,0.0017462,0.0011117,0.0002532,0.0020921,0.0011796,0.0041395,0.0127905,0.03893,0.0118884,0.020834,0.0306082,0.0520277,
91,2e-07,0.0010315,0.0014686,0.0015311,0.0008304,0.0016406,0.0012424,0.0059837,0.0185798,0.0411977,0.0174921,0.0414598,0.0635559,0.0496705,
92,2e-07,0.0018621,0.0001047,0.0001274,0.001101,0.0013855,0.0019038,0.0038149,0.0223203,0.0504325,0.0343004,0.033038,0.1100058,0.0988104,
93,2e-07,0.0010316,0.0001068,0.0009721,0.0013565,0.0015802,0.0023047,0.0062627,0.0138113,0.05698,0.0233991,0.0320795,0.0567527,0.0831273,
94,1e-07,0.0015712,0.0001061,0.0010609,0.0008305,0.0023231,0.0020681,0.0085103,0.0258001,0.0334872,0.0465209,0.0209225,0.0538353,0.0465693,
95,1e-07,0.0010306,0.0009075,0.0009691,0.0008316,0.0004054,0.0011866,0.0106572,0.0094439,0.0150612,0.040403,0.021733,0.0193953,0.0369925,
96,1e-07,0.0002567,0.0001092,0.0001216,0.0008309,0.0012655,0.0015101,0.0030021,0.0116934,0.0350577,0.0228783,0.0772656,0.0266632,0.0700564,
97,1e-07,0.000982,0.000108,0.0009675,0.0002495,0.0004057,0.0025409,0.0085497,0.0093915,0.0334481,0.0244436,0.0659593,0.0344132,0.0829321,
98,1e-07,0.0012525,0.000105,0.0001219,0.0010976,0.0008534,0.0011894,0.0032591,0.0102778,0.0242995,0.0206439,0.0399489,0.0516249,0.0584522,
99,1e-07,0.0002571,0.0001046,0.000121,0.0010967,0.0012601,0.0018056,0.003609,0.0085709,0.0265892,0.0300393,0.0515566,0.0633721,0.0456843,
100,1e-07,0.0007485,0.0001032,0.0001221,0.0010963,0.0008523,0.0012638,0.0028794,0.0174465,0.0245591,0.0104983,0.0878075,0.0737851,0.063093,
101,1e-07,0.0010298,0.0009124,0.0027593,0.001096,0.0004124,0.0021033,0.0023703,0.0182968,0.0221989,0.0284392,0.0432272,0.0887454,0.0438947,
102,1e-07,0.0002581,9.7e-05,0.0010586,0.0002511,0.0012514,0.0007642,0.0041896,0.0184657,0.0360272,0.0461797,0.0579732,0.0416045,0.0437234,
103,2e-07,0.0002582,9.42e-05,0.0010585,0.0008262,0.0004133,0.0012538,0.0061049,0.0140376,0.018459,0.0370444,0.0585952,0.0415909,0.0529945,
104,2e-07,0.0010294,9.21e-05,0.0001248,0.0002505,0.001118,0.001252,0.0056843,0.0180467,0.0319727,0.0326842,0.0346988,0.0280822,0.0573854,
105,2e-07,0.0002582,8.96e-05,0.000125,0.0010944,0.0012438,0.0015326,0.002285,0.0248655,0.0106413,0.0315308,0.0371624,0.0132777,0.0251933,
106,2e-07,0.000258,8.91e-05,0.0016153,0.0016541,0.001365,0.001588,0.0072244,0.0193613,0.0346854,0.0553868,0.037361,0.0250998,0.0081822,
107,2e-07,0.0012094,8.7e-05,0.0001233,0.0002484,0.0006868,0.001206,0.0075607,0.0231205,0.0040635,0.0578061,0.044334,0.0446862,0.0474595,
108,2e-07,0.0002577,0.0009299,0.0001222,0.0002472,0.0012597,0.0015824,0.0028033,0.0101556,0.030312,0.0571606,0.0889572,0.0755766,0.0699119,
109,1e-07,0.0002575,0.000928,0.0001205,0.0011811,0.0006885,0.001203,0.0026913,0.010381,0.0421771,0.0478275,0.0886708,0.0597167,0.0478893,
110,1e-07,0.0007486,9.01e-05,0.0001206,0.0002469,0.0010249,0.0006324,0.002657,0.0092629,0.0282611,0.0438081,0.0170303,0.0332837,0.0300773,
111,1e-07,0.0002571,0.001401,0.0001192,0.0002462,0.0011146,0.0012673,0.0024399,0.003677,0.0225009,0.0260554,0.0233952,0.0323466,0.0781269,
112,1e-07,0.000257,0.000984,0.0001194,0.0002465,0.0015565,0.0012025,0.0019422,0.0049222,0.0177202,0.0362991,0.0150645,0.0290688,0.0506052,
113,1e-07,0.0010284,9.75e-05,0.0001185,0.0009611,0.0010299,0.0006616,0.0023785,0.0013864,0.0086319,0.0257545,0.0135736,0.0309375,0.0305944,
114,1e-07,0.0002564,0.001667,0.0009499,0.0002461,0.0014661,0.0007557,0.0034974,0.0062643,0.0118327,0.0287605,0.0177927,0.0201926,0.0321154,
115,1e-07,0.0002562,0.0001002,0.0010626,0.0023466,0.0016775,0.0024927,0.0064925,0.0077486,0.0401558,0.021964,0.0098819,0.0300447,0.0254082,
116,1e-07,0.000256,0.0018192,0.0010989,0.0015131,0.0006965,0.001826,0.0116524,0.0126029,0.0542388,0.0453272,0.0270633,0.0298489,0.0241517,
117,1e-07,0.0012106,0.0025016,0.0024943,0.0031815,0.006567,0.0099996,0.0123874,0.027003,0.035767,0.0408863,0.0270573,0.0194465,0.0503431,
118,1e-07,0.0012896,0.0030219,0.0081513,0.0130719,0.0112278,0.0147354,0.0154286,0.0408979,0.0357807,0.0288528,0.0277917,0.0193488,0.0373907,
119,1e-07,0.0016341,0.006378,0.0106621,0.0126413,0.0146209,0.0244363,0.038148,0.0200754,0.0273695,0.0340172,0.0212166,0.0253547,0.0713238,
120,1e-07,0.0007501,0.0030863,0.0067171,0.0030567,0.0084911,0.0075611,0.0090498,0.020385,0.0222892,0.0363568,0.0702561,0.035534,0.0381042,
121,1e-07,0.0010297,0.0019928,0.0052082,0.0052132,0.0032942,0.0062862,0.0177241,0.0242753,0.0243769,0.0240066,0.0709211,0.0510682,0.0265341,
122,1e-07,0.0012537,0.0013144,0.0009463,0.0024365,0.0023426,0.0045359,0.0117645,0.0058303,0.0374992,0.0110631,0.0173418,0.0610248,0.0254703,
123,1e-07,0.0002553,0.0001038,0.000117,0.0015111,0.002944,0.0026165,0.0061474,0.0234403,0.02523,0.0299367,0.0192779,0.0669563,0.0288154,
124,0.0,0.0002554,0.0010168,0.001307,0.0002443,0.0018714,0.0018981,0.0097116,0.0256456,0.0226493,0.0558143,0.0273396,0.0426556,0.0575252,
125,0.0,0.0007501,0.0013711,0.0001165,0.0002447,0.0012537,0.001243,0.0038075,0.0039993,0.0201716,0.0171769,0.0414818,0.0347762,0.0471727,
126,0.0,0.0002559,9.96e-05,0.0001163,0.0002443,0.0011156,0.0021503,0.0048564,0.0015766,0.0098147,0.0167124,0.0172199,0.0325015,0.0399391,
127,1e-07,0.0002562,0.0013698,0.0001166,0.0002446,0.0013546,0.0015976,0.0046409,0.0050799,0.0051896,0.0206882,0.0174879,0.0153862,0.0429556,
128,1e-07,0.0012103,0.0009218,0.0001178,0.0011611,0.0018241,0.0007547,0.0061585,0.004048,0.0075451,0.015875,0.01846,0.0432199,0.0812717,
129,1e-07,0.0007493,9.17e-05,0.0001189,0.0015908,0.0011117,0.0014971,0.0025679,0.0184949,0.0059783,0.0670245,0.0378714,0.0328777,0.0364053,
130,1e-07,0.0002572,8.92e-05,0.0001206,0.001162,0.0004034,0.0020451,0.005925,0.0187433,0.0130581,0.0525264,0.0404525,0.02486,0.0651842,
131,1e-07,0.0002572,0.0009555,0.0001206,0.0017622,0.0021451,0.0022713,0.0088361,0.0086399,0.0177741,0.0426166,0.0144072,0.0397065,0.0312351,
132,2e-07,0.0012105,8.4e-05,0.0009567,0.0011809,0.0013622,0.0021571,0.0054339,0.009492,0.010068,0.025943,0.0160406,0.0367711,0.0325856,
133,2e-07,0.0002576,8.36e-05,0.0001227,0.0008782,0.0023843,0.0025294,0.0054288,0.0054062,0.026274,0.0372701,0.033702,0.017537,0.0258438,
134,2e-07,0.0002576,8.55e-05,0.000123,0.0011628,0.0004044,0.0036333,0.0075831,0.0126742,0.0272607,0.027695,0.0231541,0.0139123,0.024816,
135,2e-07,0.0002571,8.76e-05,0.0001217,0.0023466,0.002145,0.0036587,0.0092831,0.0229242,0.0160203,0.0302549,0.0344857,0.0243755,0.0421091,
136,1e-07,0.0012466,0.0009873,0.0010994,0.002154,0.0022103,0.0015326,0.0057683,0.0258074,0.0246003,0.038199,0.054273,0.0331957,0.0253313,
137,1e-07,0.0012542,0.001369,0.0009634,0.0013507,0.0025217,0.0043677,0.0065527,0.0192814,0.01238,0.0412765,0.0899753,0.0576744,0.0336762,
138,1e-07,0.0007501,0.0010175,0.0022501,0.0045001,0.0089506,0.0133282,0.0166028,0.0189238,0.0228424,0.0354853,0.0755323,0.0337994,0.0294748,
139,1e-07,0.0012107,0.0038019,0.0063977,0.0080996,0.009856,0.0107047,0.0235214,0.0191769,0.0220585,0.0306053,0.0577131,0.0581827,0.0360287,
140,1e-07,0.0034432,0.0052388,0.0073819,0.0087066,0.0124176,0.0140447,0.0200657,0.0307131,0.0270805,0.0346324,0.0255598,0.036953,0.0613975,
141,1e-07,0.0012888,0.0051368,0.0058117,0.0033782,0.0123622,0.0226079,0.0369028,0.0290915,0.0266379,0.0408348,0.0499013,0.0479251,0.0344712,
142,2e-07,0.004949,0.0136667,0.0272176,0.0317767,0.0232112,0.0164536,0.0360942,0.0506287,0.0394419,0.0577877,0.0446755,0.0331935,0.0405762,
143,2e-07,0.0152129,0.0277341,0.0362669,0.0380759,0.0296377,0.0246925,0.0339671,0.0529099,0.0410949,0.024671,0.0557267,0.0318758,0.049858,
144,1e-07,0.0028587,0.0081907,0.0137008,0.0176589,0.0270498,0.027512,0.0363227,0.0339082,0.0262266,0.021487,0.0128255,0.0139755,0.0240427,
145,2e-07,0.003389,0.0032947,0.0058387,0.0117075,0.0213406,0.0354127,0.0421399,0.0243046,0.0321883,0.0265544,0.0217349,0.0503611,0.043455,
146,2e-07,0.0016051,0.0009512,0.0009509,0.0067832,0.0109132,0.0171187,0.0291644,0.0121187,0.0250666,0.0340114,0.0267487,0.0327081,0.0227241,
147,1e-07,0.0009831,0.0013704,0.0030242,0.0037724,0.0036693,0.0041353,0.0278553,0.0123311,0.0109633,0.0529434,0.03281,0.0387356,0.0462011,
148,1e-07,0.0014048,0.0014628,0.0011018,0.003787,0.0042175,0.0046733,0.0108634,0.0135106,0.0159432,0.0486613,0.0229892,0.0112291,0.0349356,
149,1e-07,0.0002569,9.62e-05,0.0014118,0.0011983,0.0013583,0.0033906,0.0116804,0.0080666,0.0119115,0.0221862,0.0288355,0.0243915,0.0394221,
150,1e-07,0.0002571,9.72e-05,0.0010513,0.0008282,0.0011186,0.0012683,0.0041085,0.0065553,0.0202287,0.0278375,0.0222927,0.0243559,0.0175148,
151,1e-07,0.0002571,9.77e-05,0.00012,0.0012449,0.0004066,0.0006435,0.0008116,0.0096824,0.0218876,0.028984,0.0028446,0.0542989,0.0168943,
152,1e-07,0.0002571,0.0001003,0.0001196,0.0021455,0.0006944,0.0018472,0.0019291,0.0099158,0.0238011,0.0185772,0.0074459,0.0801106,0.0387267,
153,1e-07,0.0012468,9.97e-05,0.0009556,0.0008266,0.001737,0.0007694,0.0009511,0.0257146,0.0413711,0.0549563,0.0263807,0.0544452,0.0613388,
154,0.0,0.0010291,0.0001028,0.0001191,0.0009624,0.0004111,0.0011839,0.0026416,0.0210034,0.0592502,0.0581201,0.0284413,0.0351867,0.0789101,
155,0.0,0.0002574,0.0001042,0.0001199,0.000249,0.0004127,0.0006506,0.0044401,0.015867,0.0529175,0.0203476,0.0369536,0.0238436,0.0596688,
156,1e-07,0.0002574,0.0013344,0.0010584,0.0018114,0.0012696,0.0015535,0.0018935,0.0205335,0.0382352,0.0274027,0.0451612,0.0331895,0.0620889,
157,1e-07,0.0007496,0.0001002,0.0009596,0.0008286,0.0004092,0.0007657,0.0023503,0.0126872,0.0264194,0.0214743,0.0690171,0.0379228,0.0566963,
158,1e-07,0.0007484,9.69e-05,0.0010593,0.0002494,0.0018733,0.0018398,0.0022716,0.0203325,0.0216562,0.0501213,0.0498966,0.0152357,0.0392393,
159,1e-07,0.0007484,9.61e-05,0.0014137,0.0008285,0.0014604,0.0015962,0.0028283,0.0153777,0.0156085,0.0481698,0.0299225,0.0191842,0.0411553,
160,1e-07,0.0002576,9.34e-05,0.002531,0.0031543,0.0017133,0.0029438,0.0034791,0.004019,0.0185225,0.0140436,0.0088703,0.0473198,0.0368749,
161,2e-07,0.0002574,9.27e-05,0.0018473,0.0024064,0.0041067,0.0039092,0.0059143,0.0138412,0.0204929,0.0305016,0.0139368,0.0493964,0.0163162,
162,2e-07,0.0002572,0.0022576,0.0030602,0.0037508,0.0048927,0.001177,0.0093227,0.0221764,0.0179087,0.0093948,0.0352568,0.0211037,0.0267971,
163,2e-07,0.0019172,0.0030583,0.0031026,0.0032521,0.0020755,0.0075813,0.0357921,0.0267311,0.0130021,0.0350321,0.0303975,0.0270582,0.0098895,
164,2e-07,0.0031909,0.006146,0.0108927,0.0119268,0.0170665,0.0236922,0.0317952,0.0310058,0.0310592,0.0264413,0.0043428,0.0416102,0.0420509,
165,2e-07,0.0015715,0.0041599,0.0035432,0.0089515,0.013588,0.0108189,0.022625,0.024808,0.0406672,0.0228819,0.0143206,0.0416869,0.0541316,
166,2e-07,0.0028768,0.0049787,0.0066829,0.0130434,0.0117154,0.0182913,0.0226735,0.0184784,0.0325263,0.0530094,0.0387906,0.0540802,0.0536049,
167,2e-07,0.0002568,0.0030684,0.0016865,0.0123482,0.011358,0.0146037,0.0152535,0.0271814,0.0127406,0.0449896,0.0460737,0.0767435,0.0678172,
168,2e-07,0.0058575,0.0199316,0.0378386,0.0462934,0.046533,0.051173,0.0487739,0.0406318,0.0446425,0.0964993,0.105114,0.0942164,0.1105755,
169,2e-07,0.0018665,0.0032826,0.0061028,0.0047191,0.0090653,0.0157337,0.0332652,0.018096,0.0463676,0.1281915,0.1808171,0.1370914,0.1409805,
170,2e-07,0.0025778,0.0018124,0.008602,0.0116361,0.0149209,0.0195062,0.017929,0.0107772,0.0336113,0.0701864,0.0352487,0.0734154,0.0682649,
171,2e-07,0.0012105,0.0015022,0.0022072,0.0018212,0.0039884,0.0114879,0.0133226,0.0214694,0.0238488,0.0460895,0.0393997,0.0531134,0.0707105,
172,2e-07,0.00075,0.0029172,0.0043432,0.0024774,0.0068335,0.012345,0.0157633,0.01472,0.0211449,0.0319426,0.0295514,0.0268609,0.0517282,
173,2e-07,0.0002572,0.001392,0.000123,0.0030655,0.0052117,0.0086699,0.0146775,0.0257266,0.0086345,0.0266588,0.0427546,0.0415957,0.0290756,
174,2e-07,0.0020898,0.001479,0.0036993,0.0042923,0.004137,0.0104026,0.0193115,0.0138703,0.0509052,0.0265912,0.0272053,0.0471117,0.0648273,
175,2e-07,0.0007481,8.92e-05,0.0011063,0.0024068,0.0033255,0.0077006,0.0069252,0.0191875,0.0155636,0.0325373,0.0412021,0.0372493,0.0646975,
176,2e-07,0.0009838,9.04e-05,0.0011061,0.002407,0.0032877,0.0036382,0.0109843,0.0170205,0.0267881,0.0378071,0.0282443,0.0161497,0.0726417,
177,2e-07,0.0012463,0.0009231,0.0011069,0.0002507,0.001635,0.0031034,0.0135338,0.0182534,0.0229654,0.0309923,0.0295308,0.0414883,0.0632434,
178,2e-07,0.0002584,9e-05,0.0001276,0.0002519,0.0018163,0.0040973,0.0071215,0.0188742,0.0101771,0.0232515,0.0539085,0.072154,0.0540131,
179,2e-07,0.0010301,8.89e-05,0.0013502,0.0019701,0.0033936,0.0042766,0.0234798,0.0318379,0.0099064,0.0268987,0.0420758,0.0570954,0.0741657,
180,2e-07,0.0002584,8.64e-05,0.0009613,0.0016555,0.0017118,0.002545,0.0147325,0.0062608,0.0441297,0.026462,0.0446501,0.0524179,0.0385318,
181,2e-07,0.001246,0.0013324,0.0001265,0.00025,0.0014529,0.0015765,0.006417,0.024596,0.0169959,0.0266889,0.0489968,0.0168911,0.0317353,
182,2e-07,0.0007482,8.58e-05,0.0009607,0.0012001,0.0011873,0.0012037,0.0068465,0.0161754,0.01736,0.017153,0.0525019,0.0439062,0.045363,
183,2e-07,0.0002581,0.0019347,0.0017339,0.0011789,0.0014524,0.0032278,0.0287667,0.0132967,0.0235782,0.0225819,0.0614952,0.1077411,0.0829054,
184,2e-07,0.0002582,8.13e-05,0.0001268,0.0024055,0.0043183,0.0063611,0.0182476,0.0190893,0.0302206,0.0906375,0.0829892,0.0476004,0.0741537,
185,2e-07,0.0015665,0.0010653,0.0009542,0.0035531,0.0040941,0.0058232,0.0081745,0.0127043,0.0334077,0.0270739,0.0517303,0.073813,0.0579097,
186,2e-07,0.0009842,0.0014496,0.0011103,0.0019687,0.0035576,0.0068574,0.0261924,0.0191057,0.0253465,0.0251997,0.0365824,0.0564582,0.0291507,
187,2e-07,0.0016327,0.0017339,0.0036351,0.0052018,0.0093036,0.0109501,0.0094096,0.02208,0.0283441,0.0280276,0.040069,0.0510306,0.0555858,
188,2e-07,0.0015731,0.0030165,0.0037716,0.0059639,0.0055466,0.0114779,0.0171961,0.0217356,0.0245688,0.0232162,0.0420002,0.0208647,0.051319,
189,2e-07,0.0014731,0.0060773,0.0152302,0.0211574,0.0192368,0.0186867,0.0364408,0.0244187,0.0607683,0.0154586,0.0637881,0.1052987,0.1323599,
190,5e-07,0.0025856,0.0051444,0.0141957,0.0132425,0.0179756,0.0213441,0.039438,0.0432819,0.0369943,0.0162765,0.0590552,0.1067452,0.1374612,
191,5e-07,0.0012531,0.0036673,0.0055434,0.0206523,0.0368764,0.0521966,0.0736411,0.0625259,0.1046193,0.1078562,0.0774139,0.1485008,0.156695,
192,2e-07,0.0042842,0.0100926,0.0150809,0.019193,0.0280984,0.0289217,0.0478711,0.0323351,0.0461674,0.0820314,0.0848984,0.0723749,0.0744445,
193,2e-07,0.0015731,0.003749,0.0113719,0.017547,0.0284037,0.0300374,0.0092999,0.057074,0.0566309,0.0412395,0.1009728,0.0511943,0.0495831,
194,2e-07,0.0007486,8.35e-05,0.0013127,0.0023802,0.0045556,0.0155258,0.0637952,0.0857033,0.0232954,0.0251177,0.0585408,0.0284869,0.053376,
195,2e-07,0.0015738,0.0009854,0.0011036,0.0014046,0.0038476,0.0093547,0.0552265,0.0866568,0.0097101,0.0382373,0.0399738,0.0351431,0.0558339,
196,2e-07,0.0002573,8.17e-05,0.0014889,0.0019637,0.0024528,0.0115521,0.0223278,0.047354,0.0169468,0.0186375,0.0786911,0.0780848,0.0790439,
197,2e-07,0.0002571,0.0021986,0.0017945,0.0014882,0.0041901,0.0067961,0.0242735,0.0197031,0.031225,0.0508573,0.0366742,0.0282041,0.0602692,
198,2e-07,0.0007487,8.34e-05,0.0017922,0.0021514,0.0012361,0.0016497,0.0106609,0.0106606,0.0249472,0.0347427,0.0206939,0.051745,0.0569763,
199,1e-07,0.000749,8.53e-05,0.0001185,0.000244,0.0013725,0.0015265,0.0109084,0.0142583,0.0287242,0.0171049,0.0402333,0.0430671,0.0716362,
200,1e-07,0.0007487,8.6e-05,0.0001191,0.0002448,0.0014569,0.0015279,0.0015567,0.0096459,0.0139981,0.0103332,0.0384589,0.0339925,0.0361468,
201,1e-07,0.0002573,0.0013833,0.0001188,0.0002445,0.0016262,0.0012496,0.0056895,0.0096512,0.010229,0.001163,0.0455849,0.03787,0.0514543,
202,1e-07,0.0010271,8.68e-05,0.0001192,0.0002452,0.0008618,0.0012489,0.0022368,0.0072345,0.0060847,0.0074836,0.034045,0.0432527,0.0836582,
203,1e-07,0.0002571,8.94e-05,0.0009529,0.0011591,0.0004045,0.0011852,0.0015489,0.0017983,0.0104479,0.0344043,0.0253177,0.0343783,0.0277429,
204,1e-07,0.0007492,0.0009267,0.0001166,0.0011579,0.00111,0.000632,0.0019411,0.0031133,0.0175099,0.0388619,0.0234311,0.0444806,0.0291634,
205,1e-07,0.0002571,0.0013334,0.0009528,0.0002435,0.0008619,0.0012598,0.0013028,0.0071398,0.0158041,0.0293067,0.0068595,0.0504901,0.0183921,
206,0.0,0.000257,9.13e-05,0.0001167,0.0016487,0.0016654,0.0007614,0.0022335,0.0061713,0.0102965,0.0284839,0.0227682,0.0591736,0.0153938,
207,0.0,0.0009851,9.27e-05,0.0001151,0.0002428,0.0008615,0.000638,0.0020993,0.0025082,0.0069872,0.0174734,0.0174131,0.0206573,0.0319638,
208,0.0,0.0002565,9.15e-05,0.0001145,0.0010892,0.0004018,0.0007606,0.0019546,0.0032401,0.0151107,0.0220563,0.0260715,0.0329309,0.0405119,
209,0.0,0.0002566,9.31e-05,0.0001147,0.0011976,0.0012594,0.0012646,0.0031163,0.0018112,0.033346,0.0162582,0.0364981,0.0153822,0.0083901,
210,0.0,0.0002563,9.56e-05,0.0001137,0.0013466,0.0006943,0.0006421,0.0013415,0.0029024,0.0377482,0.0194303,0.0344619,0.0266334,0.0519256,
211,1e-07,0.000256,0.0009831,0.0016861,0.0012853,0.0016588,0.0007757,0.0010244,0.0053584,0.0222566,0.033245,0.0347642,0.0245597,0.0409179,
212,1e-07,0.0002561,0.0009815,0.0001127,0.0008842,0.001351,0.0016624,0.0021931,0.0042685,0.0225075,0.027185,0.0491172,0.0346942,0.0166057,
213,1e-07,0.0002562,9.77e-05,0.0010599,0.0008832,0.0008589,0.0012567,0.002005,0.0049776,0.0100092,0.0173588,0.0599574,0.0342495,0.0128796,
214,1e-07,0.0002557,9.91e-05,0.0014022,0.0008287,0.0010332,0.0012605,0.0013282,0.0092746,0.0095794,0.018943,0.0470587,0.0069331,0.0143701,
215,1e-07,0.0002557,9.83e-05,0.0014017,0.0008844,0.0008608,0.0016633,0.0037932,0.0165102,0.0063556,0.035434,0.0439924,0.0594585,0.0324857,
216,1e-07,0.0009854,9.55e-05,0.0014014,0.0012485,0.0010343,0.00166,0.0018545,0.0077562,0.0074404,0.0298876,0.0447349,0.0301616,0.0301559,
217,1e-07,0.0007499,9.33e-05,0.0016905,0.0008853,0.0006943,0.0006395,0.0025201,0.0196964,0.0086987,0.0323053,0.0577153,0.0512359,0.0230719,
218,1e-07,0.0002559,9.13e-05,0.0001111,0.000239,0.0003976,0.0006597,0.0035703,0.0210332,0.0161292,0.0412189,0.0522182,0.0651869,0.0547386,
219,1e-07,0.0002564,8.9e-05,0.0001127,0.0002398,0.000865,0.001879,0.0050598,0.0085689,0.0446876,0.065465,0.0125225,0.0592142,0.0531467,
220,0.0,0.0002566,0.000964,0.0001135,0.0002405,0.0017083,0.0018288,0.0022638,0.0124782,0.0179195,0.0435506,0.0097305,0.0484741,0.0308632,
221,0.0,0.0002568,8.59e-05,0.0014387,0.000241,0.0013464,0.0018233,0.0040414,0.0223162,0.0346429,0.0175242,0.0400023,0.0500395,0.0312496,
222,0.0,0.0007487,8.61e-05,0.0001147,0.0002411,0.0006883,0.0012698,0.016599,0.0106582,0.0603464,0.103909,0.0692403,0.0764203,0.0391565,
223,0.0,0.0007482,0.0009685,0.0001163,0.0002416,0.0013642,0.0006218,0.0150023,0.0253685,0.0472956,0.0550148,0.0730741,0.08959,0.0463109,
224,1e-07,0.0002577,0.0014146,0.000118,0.0016001,0.0013432,0.0012655,0.0131815,0.0388075,0.0569341,0.056,0.0496024,0.0277296,0.061418,
225,1e-07,0.0007475,0.0013921,0.0001194,0.0010857,0.0013677,0.0015825,0.0084109,0.0251573,0.0496354,0.0616612,0.0250024,0.0441331,0.0645026,
226,1e-07,0.0002584,0.0009367,0.0001212,0.0002449,0.0014464,0.0012387,0.0101997,0.0113214,0.0627809,0.0662154,0.023895,0.0294729,0.0378594,
227,1e-07,0.0002582,7.97e-05,0.0001209,0.0002452,0.0008636,0.0011864,0.0056458,0.0088025,0.0544931,0.0246458,0.0409608,0.082162,0.0635082,
228,2e-07,0.0007477,7.67e-05,0.0001218,0.0002453,0.001871,0.0018572,0.0067546,0.0061732,0.049826,0.0379706,0.0404245,0.066737,0.0666307,
229,1e-07,0.000258,7.74e-05,0.0001202,0.0008228,0.0004088,0.0017784,0.0059294,0.0151467,0.026255,0.0462434,0.0238241,0.0200765,0.0393308,
230,1e-07,0.0002578,7.91e-05,0.0001195,0.0002439,0.0015904,0.0019327,0.0059502,0.0124494,0.03262,0.0446429,0.0530283,0.0605755,0.0628862,
231,2e-07,0.000258,7.74e-05,0.0001212,0.0016014,0.0011015,0.0015719,0.0046497,0.0145705,0.0437125,0.0512386,0.0512185,0.0734473,0.0509762,
232,2e-07,0.0002582,7.58e-05,0.0001208,0.0002442,0.0012555,0.0018637,0.0016099,0.0294941,0.0184342,0.086414,0.0614258,0.0758731,0.0571858,
233,1e-07,0.0002575,0.0009784,0.0009497,0.0010875,0.0017093,0.0018631,0.0051831,0.0354878,0.0134949,0.0627619,0.0604053,0.0710363,0.0607148,
234,1e-07,0.0007487,7.93e-05,0.0001199,0.000244,0.0022025,0.0015722,0.0075598,0.0079529,0.0455384,0.0475296,0.0449251,0.021013,0.0341833,
235,2e-07,0.0002575,0.0009566,0.0001204,0.0014883,0.0010986,0.0012824,0.0102474,0.0197893,0.023604,0.0571056,0.0324516,0.0569711,0.0697289,
236,2e-07,0.0002573,0.0016594,0.0018472,0.0015695,0.0013676,0.0015125,0.0051856,0.0078022,0.0460185,0.03764,0.0414259,0.0673558,0.0620405,
237,1e-07,0.0010261,0.0013973,0.0009537,0.0002427,0.0003991,0.0006206,0.0052174,0.0110116,0.0457555,0.0472626,0.0581993,0.0341196,0.0292301,
238,1e-07,0.0002571,8.16e-05,0.0010589,0.0008264,0.0030516,0.001866,0.0040119,0.017363,0.0383006,0.043525,0.0514737,0.0621718,0.0133644,
239,1e-07,0.0002573,0.0013364,0.0013425,0.000244,0.0020777,0.0029705,0.0016792,0.020611,0.0326023,0.0493178,0.0562225,0.0516172,0.0166735,
240,1e-07,0.0009858,8.17e-05,0.0001205,0.0002452,0.0011042,0.0027229,0.0018809,0.0278443,0.0184692,0.0472414,0.0561527,0.0561865,0.0371154,
241,2e-07,0.0009862,0.0009769,0.001062,0.0017418,0.002067,0.0015168,0.0016386,0.0274999,0.0095659,0.0433152,0.044666,0.0623426,0.030667,
242,1e-07,0.0002582,8.07e-05,0.0001217,0.0002459,0.001564,0.001579,0.0062576,0.0191273,0.0330168,0.0643926,0.0514887,0.0478568,0.0482154,
243,2e-07,0.0007472,8.06e-05,0.0010552,0.0014005,0.0011075,0.0006153,0.0013571,0.0285908,0.0382814,0.0191978,0.0362213,0.0452054,0.0594351,
244,1e-07,0.0009861,0.0009714,0.0001228,0.0002473,0.0011102,0.0007588,0.0018339,0.020607,0.013756,0.041286,0.024179,0.0454256,0.05197,
245,1e-07,0.0007471,0.0009715,0.0010986,0.001161,0.0013413,0.0012404,0.0023881,0.0063381,0.0225605,0.0602493,0.0709865,0.0776662,0.0444598,
246,1e-07,0.0002584,8.43e-05,0.0010978,0.0011609,0.0011113,0.0006212,0.0049472,0.0152049,0.0197133,0.0532069,0.0500011,0.0563077,0.0873549,
247,1e-07,0.0002581,0.0009678,0.0001209,0.0002463,0.0015917,0.0007937,0.0027972,0.0192632,0.0520606,0.0438993,0.0649574,0.0551476,0.0546712,
248,1e-07,0.0002583,8.75e-05,0.0001211,0.0002469,0.0013441,0.0011944,0.0016316,0.0207198,0.0347447,0.05295,0.0585836,0.0518598,0.0399337,
249,1e-07,0.0015664,0.0009233,0.0001203,0.0002467,0.0011162,0.0015357,0.0039657,0.0190981,0.033157,0.0526008,0.0390189,0.0446131,0.0693654,
250,1e-07,0.0002577,9.03e-05,0.0001186,0.0008246,0.0013467,0.0012698,0.0029269,0.016403,0.0312766,0.0449425,0.0522574,0.0827841,0.0726362,
251,0.0,0.0002579,9.12e-05,0.0001191,0.0010888,0.0008561,0.0015385,0.0044671,0.0174364,0.0201891,0.0377603,0.0558477,0.0799118,0.0809583,
252,0.0,0.0002576,9.44e-05,0.0016173,0.0008812,0.0006909,0.001257,0.0088934,0.0212554,0.0821055,0.0408062,0.0678096,0.0511135,0.0474886,
253,0.0,0.0009852,0.0016817,0.0017214,0.0002443,0.0011189,0.0011827,0.0009216,0.01016,0.0517022,0.0515321,0.0474114,0.0431499,0.0460417,
254,0.0,0.0002574,9.2e-05,0.0009537,0.0002441,0.0010209,0.0015417,0.0017853,0.0095246,0.0450992,0.0584852,0.0208559,0.0349335,0.0278088,
255,0.0,0.0007484,9.4e-05,0.0001168,0.0002446,0.001348,0.0012481,0.0052933,0.0318865,0.0331429,0.0505174,0.039647,0.0203456,0.0194587,
256,1e-07,0.0007489,9.66e-05,0.0010578,0.0014688,0.0006926,0.0007744,0.0054568,0.0175497,0.0259018,0.0322598,0.0494446,0.065319,0.0362919,
257,1e-07,0.0007491,9.49e-05,0.0001145,0.0009665,0.0004081,0.0016068,0.0040262,0.010526,0.0246724,0.0252453,0.0457564,0.0607622,0.0409323,
258,1e-07,0.0007487,0.0009743,0.0001152,0.0002429,0.0012655,0.0012786,0.0083656,0.0258687,0.0276958,0.0207657,0.0319609,0.0533905,0.0527049,
259,0.0,0.0002572,9.05e-05,0.0013366,0.0015096,0.0012466,0.0016272,0.0076415,0.0319323,0.043218,0.0283805,0.027833,0.0514763,0.0791955,
260,0.0,0.0007482,8.84e-05,0.0001177,0.0002438,0.0013455,0.0007907,0.0052298,0.0350692,0.027542,0.0311807,0.0635573,0.07425,0.0438172,
261,1e-07,0.0002577,8.74e-05,0.0001182,0.0002443,0.0011132,0.0007635,0.0032762,0.0325443,0.0320585,0.0223066,0.0565258,0.0802786,0.0363557,
262,1e-07,0.0002579,8.44e-05,0.000119,0.0002444,0.0006858,0.0012435,0.0027465,0.012816,0.0321085,0.0471559,0.0703505,0.0558212,0.025784,
263,0.0,0.0009863,8.56e-05,0.0001172,0.0002431,0.0010232,0.001591,0.0068921,0.0223084,0.0187458,0.0533596,0.081751,0.0664837,0.0127558,
264,0.0,0.0002572,8.71e-05,0.0001166,0.0015893,0.0011112,0.0016758,0.0038469,0.0096726,0.0237849,0.0345762,0.050271,0.0737761,0.0203103,
265,1e-07,0.0002574,0.001654,0.0009462,0.0002434,0.0012389,0.0015278,0.001464,0.0071982,0.0312026,0.0448511,0.0397216,0.0578501,0.0350142,
266,1e-07,0.0002573,0.0013389,0.0001173,0.0002426,0.0012378,0.0007564,0.0098762,0.0048421,0.025944,0.040078,0.0286907,0.0286585,0.0264697,
267,0.0,0.0007494,0.0010287,0.0001155,0.0002418,0.0008646,0.0007901,0.0042352,0.0166694,0.016755,0.0317842,0.0368232,0.0472473,0.0381169,
268,1e-07,0.0002568,8.5e-05,0.0001161,0.0002422,0.0008654,0.0019205,0.0023598,0.0072344,0.017705,0.0294819,0.0225401,0.0269049,0.0526022,
269,1e-07,0.0010258,8.21e-05,0.0001168,0.0002421,0.0010295,0.0006728,0.0032956,0.0118292,0.0242834,0.0113184,0.0192005,0.0229852,0.0649031,
270,0.0,0.0007494,8.29e-05,0.0009479,0.0010866,0.0011894,0.001508,0.0025413,0.0123743,0.021842,0.0412919,0.0290669,0.012621,0.0321291,
271,0.0,0.0002566,8.49e-05,0.0001146,0.0011969,0.0020761,0.0007518,0.0018242,0.0124849,0.0137696,0.0185663,0.0333307,0.0426638,0.0289828,
272,1e-07,0.0002566,8.3e-05,0.0001158,0.0015193,0.0008685,0.0012499,0.0040136,0.0136924,0.0302299,0.0173733,0.0462074,0.0611107,0.0419504,
273,1e-07,0.0002565,8.1e-05,0.0001153,0.0008852,0.0003985,0.0018792,0.0046786,0.0074678,0.0201687,0.0197983,0.0438468,0.086787,0.0540778,
274,0.0,0.0007494,8.33e-05,0.0009506,0.0012886,0.0013557,0.0012469,0.0018084,0.0356389,0.0262467,0.0372703,0.0813616,0.1345939,0.0891911,
275,0.0,0.0002561,8.55e-05,0.0010578,0.0002398,0.0012469,0.0012769,0.0029492,0.0578333,0.0267257,0.0577246,0.0683352,0.1208449,0.1014016,
276,0.0,0.0002559,0.0014793,0.0001121,0.0010879,0.0012469,0.0012458,0.0047584,0.0192084,0.0313892,0.0420641,0.0413138,0.1282117,0.0879239,
277,0.0,0.0002552,8.9e-05,0.0001111,0.0002382,0.0003904,0.0007488,0.0052824,0.0096359,0.029739,0.0402932,0.0683127,0.0507546,0.0180721,
278,1e-07,0.0002549,9.14e-05,0.0013182,0.0010882,0.0008706,0.0006394,0.0024682,0.0161982,0.0305288,0.046566,0.0656439,0.1217492,0.1052874,
279,1e-07,0.0002552,9.27e-05,0.0001097,0.0008855,0.0012454,0.0007547,0.0037011,0.0044397,0.0128146,0.0432831,0.0257229,0.0224202,0.0283271,
280,1e-07,0.0007506,9.42e-05,0.0013179,0.0002386,0.00125,0.0006426,0.0035728,0.0056223,0.0369545,0.0145554,0.0343116,0.0306135,0.0364066,
281,1e-07,0.0002555,0.000922,0.0001115,0.0010889,0.0003952,0.0006418,0.0038493,0.0074577,0.0130437,0.0202466,0.0331729,0.0192723,0.0621998,
282,1e-07,0.0007504,9.63e-05,0.0001114,0.0008837,0.0003954,0.0018415,0.006305,0.0011313,0.0212602,0.0217196,0.0459721,0.0113951,0.0237217,
283,1e-07,0.0002551,9.75e-05,0.0001102,0.0010901,0.0006982,0.0018399,0.0062877,0.00702,0.0270681,0.022592,0.0321341,0.0164417,0.041178,
284,1e-07,0.0002552,9.52e-05,0.0001113,0.0013823,0.001676,0.0007556,0.0054434,0.0170809,0.0302217,0.0292779,0.0281221,0.0154601,0.0561925,
285,0.0,0.0002553,9.29e-05,0.0009465,0.0002391,0.001039,0.0021558,0.0046935,0.0058993,0.0232773,0.0390145,0.034557,0.0406419,0.0840462,
286,0.0,0.0002558,9.09e-05,0.0001131,0.001248,0.0013503,0.0032431,0.0063488,0.0167454,0.0405431,0.0494128,0.0279144,0.0722178,0.1008795,
287,0.0,0.0007503,0.0009853,0.0001142,0.0010898,0.0013737,0.0017971,0.0078291,0.0214661,0.0465053,0.0499086,0.0682672,0.0516829,0.0648496,
288,0.0,0.0007498,9.18e-05,0.000115,0.0002423,0.0006937,0.0014982,0.0027761,0.0033597,0.0357843,0.0338825,0.0364712,0.0383523,0.0407532,
289,1e-07,0.0002565,9.02e-05,0.0001168,0.0002436,0.0004006,0.0006345,0.0037895,0.0061748,0.0321627,0.0298048,0.027482,0.01542,0.0348873,
290,1e-07,0.0002565,0.0009572,0.0001168,0.0011595,0.0006925,0.0015918,0.0021317,0.0093995,0.0135153,0.0312886,0.0290471,0.0230116,0.0499344,
291,1e-07,0.0002567,9.33e-05,0.0010922,0.0002442,0.0004028,0.0021716,0.0072316,0.0062812,0.0109602,0.0169707,0.0350484,0.0143043,0.0221055,
292,1e-07,0.0002571,9.24e-05,0.0001179,0.0018113,0.0004063,0.0012533,0.0027824,0.0054603,0.03027,0.0087024,0.0434154,0.0124109,0.0290411,
293,0.0,0.0002572,9.38e-05,0.0001177,0.0002453,0.0014596,0.0016002,0.0024623,0.0039696,0.0451468,0.0327487,0.0578473,0.040858,0.0500762,
294,0.0,0.0002573,9.53e-05,0.0001183,0.0010915,0.0010228,0.0006398,0.0033916,0.0047631,0.0396273,0.0385088,0.0519178,0.0500862,0.0372873,
295,0.0,0.0012458,0.0009166,0.0001168,0.0015743,0.0008577,0.0006426,0.0010617,0.0019882,0.0260245,0.0368501,0.050308,0.0621065,0.031917,
296,0.0,0.0012104,0.0009814,0.0001157,0.0002443,0.0008576,0.0006434,0.0008935,0.0020074,0.0194498,0.0589786,0.0405082,0.0484169,0.0471725,
297,0.0,0.0007493,9.87e-05,0.001059,0.00088,0.0008556,0.0011996,0.0009041,0.0084439,0.0251253,0.046727,0.0384856,0.0477501,0.0565675,
298,0.0,0.0002566,0.0001007,0.0001157,0.0018108,0.0004059,0.0006482,0.002803,0.0060393,0.0153188,0.0619041,0.0458089,0.0380021,0.0614518,
299,1e-07,0.0002562,0.0014044,0.0013194,0.0012466,0.0004036,0.0006485,0.001563,0.001551,0.0080844,0.0471076,0.0539436,0.0341254,0.0649612,
300,1e-07,0.0002564,0.0009102,0.0001141,0.0008283,0.0004057,0.0007709,0.0019299,0.005942,0.0156468,0.0537012,0.0298839,0.0157247,0.075655,
301,1e-07,0.0002565,0.0001034,0.0001146,0.0002445,0.0006969,0.0012542,0.0018556,0.0155959,0.0230757,0.0320412,0.0276238,0.0325419,0.0290588,
302,1e-07,0.0002563,0.0001061,0.000114,0.0010921,0.0008534,0.0012536,0.0018908,0.0165637,0.031165,0.0223512,0.0474615,0.0566466,0.0128851,
303,1e-07,0.0009838,0.000906,0.0010603,0.0002456,0.0004078,0.0007673,0.0023063,0.022549,0.0615017,0.0294687,0.012074,0.0656806,0.0138626,
304,1e-07,0.0002565,0.0001061,0.0001158,0.0012458,0.0006982,0.001262,0.0027441,0.0101696,0.0345502,0.025206,0.0318715,0.0423332,0.0352897,
305,0.0,0.0002566,0.0001051,0.0010609,0.0002468,0.0006975,0.0015027,0.002298,0.0033352,0.0232662,0.0265541,0.0159251,0.0344708,0.0279131,
306,0.0,0.0002565,0.0001078,0.0001168,0.0010953,0.0006991,0.0018023,0.0018136,0.009696,0.0279055,0.0160537,0.0210886,0.0162021,0.0186146,
307,1e-07,0.0025267,0.0037099,0.0042597,0.0065968,0.0122163,0.0188871,0.023606,0.0378527,0.0494238,0.0509822,0.031845,0.0411489,0.055312,
308,1e-07,0.0015671,0.0036831,0.0028452,0.0040344,0.0063461,0.0097935,0.0283909,0.0396851,0.0360499,0.075015,0.0274695,0.0363291,0.0347035,
309,1e-07,0.0007507,0.0013842,0.0001157,0.003679,0.0046035,0.0025072,0.0113319,0.0307995,0.0548256,0.0411416,0.0335799,0.0462137,0.0370543,
310,1e-07,0.0002555,0.0013513,0.0013474,0.0014627,0.0018703,0.0038803,0.0104053,0.0082185,0.0373374,0.0371601,0.0390456,0.0140023,0.038123,
311,0.0,0.0002551,0.0014838,0.0001139,0.0013826,0.0012475,0.0007542,0.0074209,0.0183482,0.021235,0.05103,0.0270233,0.0352802,0.0032762,
312,0.0,0.0007515,0.0001022,0.0001147,0.0010945,0.0006993,0.0018756,0.0043873,0.0112634,0.0097589,0.0319845,0.0166421,0.0701384,0.0341361,
313,0.0,0.0002552,0.0009117,0.0009667,0.000243,0.0026247,0.0012432,0.0017672,0.0090679,0.0299228,0.0524499,0.0170639,0.0552907,0.0352775,
314,0.0,0.000255,0.0001068,0.0001143,0.0012464,0.0011199,0.0007606,0.0025426,0.0049216,0.0157986,0.0371236,0.0242837,0.0460271,0.027497,
315,0.0,0.0002554,0.0001069,0.0010943,0.0008323,0.0017991,0.0011838,0.0027586,0.0082791,0.0103635,0.0174256,0.0366533,0.013027,0.0503497,
316,0.0,0.0016294,0.0010194,0.0001148,0.0016019,0.0015497,0.0007581,0.0016156,0.0114946,0.004789,0.0075975,0.0341758,0.0353914,0.0492566,
317,0.0,0.0002556,0.0001094,0.0001158,0.0013812,0.0010337,0.0018658,0.002387,0.0265434,0.0330836,0.0145218,0.0254989,0.0344727,0.0297378,
318,1e-07,0.0012098,0.0001122,0.0010649,0.0010969,0.0017115,0.001238,0.0039536,0.0364774,0.039335,0.0399719,0.0346476,0.0419292,0.0333554,
319,1e-07,0.0002551,0.0001127,0.0001135,0.0008328,0.0010216,0.0007522,0.0026904,0.0084479,0.0176431,0.0081536,0.0162289,0.037264,0.052591,
320,1e-07,0.0007515,0.0001115,0.0014406,0.0011953,0.0012604,0.0012709,0.0077637,0.015493,0.0297969,0.0205766,0.0096075,0.0260265,0.0103956,
321,1e-07,0.0002555,0.000114,0.0001148,0.0023905,0.00302,0.002941,0.0071862,0.0297028,0.0305071,0.0214553,0.0325741,0.0179637,0.0193117,
322,1e-07,0.000255,0.0001163,0.0001131,0.0012459,0.0017466,0.0011784,0.0035485,0.0030363,0.0199756,0.0229833,0.0334043,0.0135235,0.0241216,
323,1e-07,0.0002552,0.0001151,0.0001126,0.0012462,0.001019,0.0007505,0.0036012,0.0060267,0.0210402,0.0099652,0.0183253,0.0444143,0.0185553,
324,1e-07,0.0002553,0.0008941,0.0001122,0.0002445,0.001264,0.0006729,0.0013685,0.0032786,0.0172778,0.0244403,0.0074908,0.047778,0.0412795,
325,2e-07,0.0002553,0.0001178,0.0009464,0.0008776,0.0004032,0.0011828,0.0008315,0.002697,0.0211365,0.0424223,0.0310244,0.0380777,0.0298978,
326,2e-07,0.0007512,0.0001208,0.0001099,0.0012466,0.000708,0.0011805,0.0021192,0.0021054,0.0084157,0.0326719,0.0294299,0.0500495,0.0255926,
327,2e-07,0.000255,0.0001221,0.0016259,0.0008326,0.0007095,0.0012443,0.001026,0.0017717,0.0069834,0.0189678,0.0199222,0.0470916,0.0465275,
328,2e-07,0.0002546,0.0001253,0.000108,0.0011864,0.0008482,0.0012422,0.0019464,0.0036944,0.018435,0.051113,0.0201909,0.0435301,0.0568965,
329,2e-07,0.0002549,0.0001248,0.000956,0.0021207,0.0007095,0.0006168,0.0027065,0.0132063,0.0231093,0.0816891,0.0295812,0.0411515,0.0790024,
330,2e-07,0.0009824,0.0009861,0.0001081,0.000242,0.0010294,0.0006198,0.0021348,0.0084506,0.0199464,0.0255954,0.0207874,0.0503833,0.0807072,
331,2e-07,0.0002551,0.0013669,0.0001089,0.0012474,0.0012606,0.0007493,0.0030826,0.0091035,0.0200311,0.0486314,0.0202899,0.0838502,0.0888657,
332,2e-07,0.0002552,0.0001182,0.0001099,0.0012464,0.0004042,0.000627,0.0015944,0.0138123,0.0141611,0.0276065,0.0304748,0.0675592,0.0704517,
333,2e-07,0.0007518,0.0009876,0.0009582,0.0008791,0.0007069,0.001272,0.0010077,0.0065084,0.0046778,0.0274097,0.0411243,0.0511894,0.069783,
334,2e-07,0.000255,0.000989,0.000921,0.000243,0.0016428,0.0012481,0.0024915,0.0043838,0.003788,0.0026344,0.0494651,0.0541861,0.0494968,
335,2e-07,0.0002547,0.0008936,0.0009208,0.001461,0.0003978,0.001201,0.0011967,0.0095855,0.004703,0.0178673,0.0281884,0.0708245,0.0591799,
336,1e-07,0.0002546,0.0001183,0.0013457,0.0012467,0.000396,0.0012387,0.0021484,0.0109153,0.0056426,0.0079296,0.033573,0.0396193,0.0495576,
337,1e-07,0.0002547,0.0001201,0.0001113,0.0002437,0.0003978,0.0006355,0.0025151,0.0177468,0.0267862,0.0116572,0.0312505,0.0202491,0.0306839,
338,1e-07,0.0002545,0.0013017,0.0001114,0.0012457,0.001258,0.0006367,0.0025034,0.0189067,0.0310397,0.0238111,0.0227174,0.0179264,0.0356677,
339,1e-07,0.0002543,0.0008897,0.0009703,0.0014119,0.0003967,0.0007809,0.0025937,0.0235628,0.0243969,0.0240929,0.0330959,0.0579642,0.0665555,
340,2e-07,0.0010301,0.0001259,0.0013839,0.0009556,0.0007118,0.0007368,0.0022481,0.0081005,0.0323632,0.0364645,0.0120876,0.0518726,0.0288874,
341,2e-07,0.0007523,0.0001251,0.0001097,0.0012458,0.0017991,0.00063,0.0041947,0.0117769,0.0199493,0.0149176,0.0217196,0.047689,0.031673,
342,2e-07,0.001029,0.000123,0.0009661,0.001246,0.0003963,0.0006819,0.0019666,0.018049,0.0190454,0.0155589,0.0157485,0.0311328,0.0343355,
343,2e-07,0.0002541,0.0001219,0.0001087,0.0011605,0.0011712,0.0012538,0.0019551,0.0061441,0.0162369,0.0196412,0.0328833,0.0243408,0.0684725,
344,2e-07,0.0002542,0.0001202,0.0001085,0.0002414,0.0015662,0.0006322,0.0027861,0.0031571,0.0053166,0.0083924,0.0448588,0.0384058,0.0305601,
345,2e-07,0.0002542,0.0001202,0.0001073,0.0012476,0.0010131,0.0006794,0.0017472,0.0036713,0.0099102,0.0070922,0.0276568,0.0488895,0.0374858,
346,2e-07,0.0002539,0.0001231,0.000106,0.0008337,0.0003939,0.0011743,0.0008219,0.0063393,0.0151364,0.0184849,0.022213,0.0357761,0.0429724,
347,2e-07,0.000254,0.0009627,0.0001062,0.0015084,0.0015663,0.0006266,0.0008276,0.007354,0.0240776,0.0165563,0.0081616,0.0324111,0.0288989,
348,2e-07,0.0002544,0.000122,0.0001072,0.0012792,0.0003993,0.0011785,0.0016252,0.0074811,0.0094493,0.0130659,0.0156329,0.0526702,0.0599702,
349,2e-07,0.0012911,0.0009907,0.0001061,0.0015074,0.0011679,0.0022667,0.0008135,0.0084664,0.0315596,0.0077957,0.0329515,0.0451499,0.0766943,
350,5e-07,0.0002542,0.0001243,0.0001057,0.0009597,0.001168,0.0006842,0.0008227,0.0102849,0.0215919,0.0161779,0.0881196,0.0381309,0.050215,
351,5e-07,0.0002544,0.000988,0.0010642,0.0011877,0.0011681,0.0006185,0.0051387,0.0122793,0.0337444,0.0231264,0.0729374,0.0605152,0.048334,
352,5e-07,0.0007525,0.0001227,0.0001055,0.0008311,0.0007099,0.0018594,0.0047607,0.0115642,0.0366265,0.071779,0.078275,0.0820064,0.0755909,
353,5e-07,0.000254,0.0001259,0.0001043,0.0009608,0.0013867,0.0015671,0.0029097,0.0251807,0.0124433,0.0578538,0.0722538,0.0640909,0.080812,
354,5e-07,0.0002537,0.0001261,0.0001039,0.0011895,0.000398,0.0018152,0.0037474,0.0073107,0.0117329,0.0338482,0.0520478,0.0281866,0.0511654,
355,5e-07,0.0002538,0.0001231,0.0001042,0.0011905,0.0007114,0.0015184,0.0017271,0.0051558,0.004215,0.0364282,0.0532604,0.0341612,0.0756138,
356,5e-07,0.0002534,0.0001248,0.0010662,0.0008332,0.0003934,0.0006201,0.0025537,0.0069279,0.0235716,0.0194467,0.0310322,0.0527602,0.0843567,
357,5e-07,0.0002532,0.0001277,0.000937,0.0012818,0.0003938,0.0018552,0.0038611,0.0106969,0.0302926,0.0389631,0.0530188,0.0411729,0.0614367,
358,5e-07,0.0002527,0.0009958,0.0014172,0.0008832,0.0011686,0.0006182,0.0024577,0.0195519,0.03605,0.0420352,0.0908795,0.1219657,0.1219739,
359,5e-07,0.0002527,0.0001302,0.0001018,0.0009574,0.0007173,0.0011837,0.0022097,0.012084,0.0481763,0.024888,0.0594452,0.0382606,0.0244449,
360,5e-07,0.000754,0.00102,0.0013211,0.0011906,0.000716,0.0012101,0.0037402,0.0105538,0.0210441,0.016945,0.0306323,0.0281866,0.0518242,
361,5e-07,0.0002528,0.000132,0.0001029,0.0011908,0.0016701,0.0006195,0.0030344,0.0105053,0.015724,0.0182136,0.0145035,0.0327424,0.076015,
362,5e-07,0.0002528,0.0001339,0.000102,0.0015092,0.0009983,0.001812,0.002915,0.0107649,0.0253643,0.0408822,0.0409652,0.0600612,0.0742777,
363,5e-07,0.0002531,0.000132,0.0001032,0.0020339,0.001001,0.0015071,0.0036369,0.001828,0.0144784,0.0341838,0.0307676,0.020214,0.0978373,
364,5e-07,0.0007528,0.0008787,0.0001043,0.0011898,0.0011667,0.0006166,0.0030822,0.0048607,0.0078809,0.042304,0.024138,0.0470742,0.0675363,
365,5e-07,0.0007542,0.0001347,0.0001035,0.0011894,0.0011654,0.0007,0.001527,0.0066926,0.0115007,0.0240158,0.0149303,0.0511762,0.070537,
366,5e-07,0.0009818,0.0008739,0.0001034,0.0008349,0.0010378,0.0018028,0.0036236,0.0070735,0.0197411,0.0176199,0.0233306,0.0913802,0.1126922,
367,5e-07,0.0007525,0.0001331,0.0010653,0.001247,0.0021144,0.0022591,0.0039289,0.0030998,0.0359264,0.0274615,0.0521389,0.066488,0.058212,
368,5e-07,0.0016316,0.000134,0.0013331,0.000834,0.0007154,0.0006112,0.0075714,0.0033467,0.0344997,0.0267659,0.0444231,0.069531,0.077852,
369,2e-07,0.0002541,0.0009918,0.0001073,0.0014085,0.0010314,0.0006138,0.0010135,0.0098039,0.0336197,0.0161002,0.0483719,0.1155699,0.0749258,
370,2e-07,0.0002547,0.0001315,0.000108,0.0002435,0.0007128,0.0006122,0.0037613,0.0163544,0.037076,0.0047652,0.0444043,0.0992622,0.0851488,
371,2e-07,0.0007515,0.000129,0.0009269,0.0012462,0.0010295,0.0006139,0.0023977,0.0228526,0.0276686,0.0168277,0.0439395,0.070767,0.0626467,
372,2e-07,0.0002547,0.0001272,0.0001084,0.0012467,0.0010076,0.0011768,0.0017039,0.0203649,0.0238978,0.0254042,0.0316796,0.0693488,0.0550229,
373,2e-07,0.000255,0.0001246,0.0009224,0.0008328,0.0007093,0.0006208,0.0016932,0.0071463,0.0158031,0.0229007,0.014468,0.0440178,0.0559963,
374,2e-07,0.0002552,0.000989,0.0001109,0.0009585,0.0015712,0.0011799,0.0016874,0.0029177,0.0117136,0.0113747,0.0297677,0.0370898,0.0577697,
375,1e-07,0.0007515,0.0008898,0.0001125,0.0008309,0.0004056,0.0012475,0.001449,0.0034785,0.0078113,0.039201,0.0437851,0.0171418,0.0594281,
376,1e-07,0.0002556,0.0001177,0.0009614,0.0008757,0.0007049,0.0006723,0.0011932,0.0028693,0.0069892,0.0445198,0.0224286,0.0251568,0.0284659,
377,1e-07,0.0002561,0.000115,0.0001152,0.0002469,0.0010247,0.0011814,0.0033988,0.0100157,0.0320138,0.118529,0.0954324,0.0530457,0.0855528,
378,1e-07,0.0002566,0.0008937,0.0001156,0.0013803,0.0008474,0.0012668,0.0021528,0.0027152,0.0710052,0.0407251,0.0327843,0.0316319,0.0469577,
379,1e-07,0.0002561,0.0001191,0.0010611,0.0012749,0.0012726,0.0016373,0.0019009,0.0042242,0.0498301,0.0216592,0.0632305,0.0700844,0.0452902,
380,1e-07,0.0002559,0.0001219,0.0001131,0.0009589,0.0004081,0.0012786,0.0026438,0.0102824,0.0554606,0.028087,0.047348,0.044417,0.0373967,
381,2e-07,0.000752,0.0001239,0.0009177,0.0012448,0.0004051,0.000681,0.0009844,0.0068153,0.036907,0.0241648,0.0323771,0.0222112,0.0276706,
382,2e-07,0.000255,0.0001273,0.0001109,0.0009576,0.0010085,0.0015172,0.0014451,0.0069568,0.0180697,0.0122816,0.0343123,0.0479419,0.0308567,
383,2e-07,0.0002546,0.0008812,0.0001094,0.0015031,0.0010066,0.0011744,0.0010079,0.0036225,0.0150107,0.0446778,0.0434314,0.0349245,0.0153693,
384,2e-07,0.0002541,0.0001313,0.0009225,0.0002437,0.0013971,0.0007324,0.0016747,0.0117666,0.018575,0.0470059,0.0582487,0.0171488,0.0247748,
385,2e-07,0.0002536,0.0015128,0.0010657,0.0002425,0.0007151,0.0006202,0.0018789,0.0429663,0.0470802,0.0638585,0.0501392,0.0663633,0.0293055,
386,2e-07,0.0007535,0.0001304,0.001079,0.0012473,0.000396,0.0012325,0.0056716,0.0173962,0.0364843,0.0713636,0.0486346,0.0395362,0.0429103,
387,2e-07,0.0007539,0.0001306,0.0009285,0.0012475,0.0015602,0.0011678,0.0119627,0.0212487,0.0256606,0.0168377,0.0697746,0.0494429,0.0755979,
388,2e-07,0.0012492,0.0009573,0.001344,0.0012479,0.0016712,0.0011682,0.0015321,0.0112079,0.0122882,0.022251,0.0611154,0.0511499,0.036317,
389,2e-07,0.0007531,0.0001273,0.0001052,0.0002389,0.0011706,0.0018115,0.0008181,0.0083376,0.0337159,0.0501869,0.0484477,0.0331262,0.0451788,
390,2e-07,0.0002529,0.0001261,0.0001043,0.000837,0.0011715,0.00063,0.0015598,0.0233568,0.0380697,0.0580038,0.0425092,0.0226625,0.0435483,
391,2e-07,0.0002534,0.0009973,0.0009303,0.0008812,0.0010083,0.0011715,0.0012033,0.013498,0.0399049,0.0511385,0.0253302,0.0324176,0.0360541,
392,2e-07,0.0002536,0.0001231,0.0001063,0.0011578,0.0010098,0.0007386,0.0024998,0.0026807,0.0160857,0.0239559,0.0210456,0.0507587,0.0417889,
393,2e-07,0.0007534,0.0001251,0.0001066,0.001188,0.0003946,0.000627,0.0021386,0.0143586,0.0226937,0.015106,0.0287383,0.0604104,0.0375831,
394,2e-07,0.0002536,0.0001262,0.0001073,0.0012755,0.0013919,0.0022678,0.0008651,0.0146385,0.0253852,0.0347623,0.0266505,0.067956,0.0524536,
395,2e-07,0.000753,0.0009598,0.0001081,0.0011866,0.0003972,0.0007359,0.0021312,0.0069392,0.023267,0.0373728,0.0342915,0.0448237,0.037561,
396,2e-07,0.0002541,0.0001283,0.000922,0.0012457,0.0010063,0.0007344,0.0020902,0.0063328,0.0228752,0.0361292,0.0336115,0.0449706,0.027738,
397,2e-07,0.0009812,0.0008837,0.0001105,0.0012452,0.0010331,0.0011728,0.0014889,0.007748,0.0136138,0.0136648,0.0239641,0.0210253,0.027608,
398,2e-07,0.0002546,0.0016484,0.0019169,0.0008349,0.0016343,0.0021249,0.0023362,0.0105802,0.0424109,0.017247,0.0509682,0.0500479,0.0413237,
399,1e-07,0.0002551,0.0013765,0.0009156,0.0008336,0.0008486,0.0007398,0.0041495,0.0375304,0.0576037,0.0333495,0.055214,0.0149111,0.0389422,
400,1e-07,0.0012092,0.000995,0.0014,0.0009559,0.00071,0.0006317,0.0040845,0.0341408,0.0571087,0.0335035,0.0541782,0.0339505,0.0536796,
401,1e-07,0.000255,0.0001212,0.0001133,0.0012454,0.000708,0.002136,0.002819,0.038229,0.0443127,0.0389956,0.027092,0.0459322,0.0107008,
402,1e-07,0.0007511,0.0001197,0.0001149,0.0008344,0.0004008,0.0011756,0.0024641,0.0164839,0.0532647,0.0636206,0.0815685,0.0536963,0.0438968,
403,1e-07,0.000752,0.0001172,0.0001148,0.0015945,0.0013886,0.0030543,0.0056106,0.0148641,0.0244909,0.0279801,0.0317935,0.0349054,0.0340364,
404,1e-07,0.0002547,0.0008955,0.0001135,0.0013823,0.0011323,0.0025838,0.0041265,0.0180485,0.0157416,0.011042,0.0153847,0.0358913,0.0250752,
405,1e-07,0.0002546,0.0001176,0.0001137,0.0013823,0.001744,0.0012303,0.004438,0.0344134,0.0324968,0.0286696,0.0119366,0.0224271,0.0128379,
406,1e-07,0.0002541,0.000119,0.0001129,0.0019647,0.0013848,0.0012415,0.0026575,0.0312927,0.0211512,0.0410995,0.0239187,0.0377429,0.0462603,
407,1e-07,0.000254,0.0001191,0.0009735,0.0002424,0.0017432,0.0016237,0.0071419,0.0078822,0.0619759,0.0269905,0.0307126,0.0377221,0.0371464,
408,1e-07,0.0002536,0.0001203,0.0009734,0.0013841,0.0012487,0.0011868,0.0089195,0.006917,0.0257957,0.0308249,0.030402,0.0423951,0.0893799,
409,2e-07,0.0007536,0.0013843,0.0013481,0.0013843,0.0026367,0.0011686,0.0030496,0.0088633,0.034502,0.0351844,0.0207123,0.0677592,0.0734891,
410,2e-07,0.0002532,0.0001191,0.0001081,0.001459,0.0012454,0.0006789,0.0045829,0.0102837,0.0235383,0.051828,0.0270962,0.0392805,0.0439138,
411,2e-07,0.0002531,0.0008997,0.0013138,0.0008363,0.0019772,0.0007418,0.0020951,0.0123421,0.0110741,0.0426781,0.0316883,0.0547331,0.0379329,
412,2e-07,0.001078,0.0001159,0.0001071,0.0010946,0.0012434,0.0021164,0.0016097,0.0101452,0.0271659,0.022231,0.0499512,0.0381049,0.0245384,
413,2e-07,0.000253,0.0001147,0.0001063,0.0011559,0.0016278,0.0012362,0.0063437,0.0094526,0.0271744,0.0378803,0.0487243,0.0304579,0.0231856,
414,2e-07,0.0002532,0.0010003,0.0001067,0.0015999,0.0015606,0.0011818,0.0039231,0.0227774,0.0353045,0.0201795,0.0312737,0.0501721,0.0296666,
415,1e-07,0.0002536,0.0013958,0.0001078,0.0010935,0.0012407,0.0021139,0.0008322,0.0310852,0.0321874,0.0257924,0.0242055,0.0457958,0.0270641,
416,1e-07,0.0002536,0.0013561,0.0001087,0.0013838,0.0014156,0.0015555,0.0027519,0.0224971,0.0253827,0.0073788,0.0172227,0.0424722,0.0234304,
417,1e-07,0.0007522,0.0001084,0.0001099,0.0008345,0.0003857,0.0015147,0.0078352,0.0142256,0.0456574,0.0224704,0.0176228,0.0305571,0.0210424,
418,1e-07,0.0002543,0.0013576,0.0001107,0.0002406,0.0003881,0.0015123,0.0035984,0.0153827,0.0288879,0.0294297,0.0159261,0.0218501,0.0330875,
419,1e-07,0.0007521,0.0001078,0.000112,0.0023879,0.0007031,0.0007637,0.0024234,0.0082654,0.0175132,0.0319388,0.0314373,0.0169232,0.0163149,
420,1e-07,0.0002549,0.0009064,0.0001117,0.0012471,0.000703,0.0011818,0.0018644,0.0037476,0.0201017,0.0311119,0.0409118,0.0086819,0.05325,
421,1e-07,0.0010282,0.0001087,0.0009633,0.0010944,0.0018009,0.0007576,0.0026568,0.0018296,0.0160381,0.0098463,0.0193064,0.026214,0.0353079,
422,1e-07,0.0007515,0.0009893,0.0001126,0.0002433,0.0003996,0.0012514,0.0014908,0.0037425,0.0128156,0.0139537,0.0259745,0.0409152,0.0200267,
423,1e-07,0.0002555,0.0009015,0.0001127,0.0002439,0.000402,0.001253,0.0027875,0.0041377,0.0135236,0.0260183,0.0279047,0.0717421,0.0159231,
424,1e-07,0.0002557,0.0001109,0.0014379,0.0010937,0.0018082,0.0007585,0.0012084,0.0059536,0.0069137,0.0327644,0.0151839,0.0416569,0.0130136,
425,1e-07,0.0002557,0.000897,0.0001126,0.0011612,0.0007029,0.0012734,0.0008733,0.0074109,0.0105542,0.0211769,0.0119959,0.0560653,0.0326715,
426,1e-07,0.0007514,0.0001139,0.0001129,0.0002446,0.0018746,0.0007541,0.0034422,0.0056615,0.0172945,0.0079118,0.0074026,0.058799,0.0343294,
427,1e-07,0.000256,0.0009003,0.0001144,0.0002455,0.0004054,0.0021004,0.0030848,0.002899,0.0126197,0.0233751,0.0298868,0.0497563,0.0300139,
428,1e-07,0.0002559,0.0001089,0.0009152,0.0002452,0.0020625,0.0012629,0.0023982,0.0028865,0.0118028,0.0357599,0.0487031,0.03361,0.0331349,
429,1e-07,0.0002561,0.0001058,0.000115,0.0002451,0.000404,0.0011954,0.0008109,0.0038364,0.0112258,0.0324331,0.0307491,0.0197551,0.0215031,
430,0.0,0.0002559,0.0001044,0.0009475,0.0008308,0.0004014,0.0018051,0.0062337,0.0053323,0.0175359,0.0371243,0.0518277,0.0536579,0.0327569,
431,0.0,0.0007503,0.0001047,0.0009625,0.0014068,0.0018725,0.000656,0.0018828,0.0062499,0.0057111,0.0250107,0.0180205,0.0207038,0.018791,
432,1e-07,0.0002554,0.0001036,0.001089,0.0011595,0.001029,0.0007635,0.0030042,0.0050798,0.0103888,0.0303895,0.0310639,0.015002,0.0305973,
433,1e-07,0.0002549,0.0001044,0.0015179,0.0002416,0.0018714,0.0021251,0.0023467,0.0055464,0.0047843,0.0247969,0.0317863,0.0293933,0.0277896,
434,1e-07,0.0007517,0.0001056,0.0009645,0.0011923,0.002454,0.0053316,0.0038195,0.0071579,0.018394,0.025157,0.0249351,0.0185709,0.0149821,
435,1e-07,0.0002542,0.0009488,0.0009658,0.0024491,0.0020742,0.001216,0.0035537,0.0077539,0.0158809,0.0419104,0.0227392,0.038691,0.0237037,
436,1e-07,0.0002538,0.0001092,0.0017024,0.0002383,0.0011812,0.0021237,0.0014856,0.0040526,0.0166269,0.0285188,0.0266863,0.0095867,0.0225999,
437,2e-07,0.0007524,0.000108,0.0001071,0.0018097,0.0003846,0.0021188,0.0024336,0.0021304,0.0126221,0.0148488,0.0112423,0.0143233,0.0443688,
438,2e-07,0.0002532,0.0009079,0.0001058,0.000236,0.0012408,0.0018715,0.0047123,0.0046697,0.0187353,0.0227394,0.0774501,0.0294094,0.0678391,
439,2e-07,0.0002532,0.0009055,0.0009635,0.0008842,0.0003832,0.0020902,0.0018339,0.0061511,0.0197129,0.0162465,0.0357713,0.0385111,0.0409278,
440,2e-07,0.0002534,0.0001122,0.0013176,0.0015106,0.0003845,0.002084,0.0019256,0.0015439,0.0287899,0.0400079,0.0209354,0.0469419,0.0366296,
441,2e-07,0.0002539,0.00011,0.0013425,0.0008336,0.0013803,0.0018008,0.0008041,0.0028917,0.0173948,0.0284058,0.014544,0.034199,0.0462855,
442,1e-07,0.0002543,0.0001079,0.0001083,0.0008334,0.0003893,0.0006504,0.0018436,0.0037737,0.0098294,0.0359633,0.026137,0.0402066,0.033538,
443,1e-07,0.0010269,0.0013419,0.0001094,0.0023391,0.0018179,0.0006517,0.0018513,0.0067762,0.0120707,0.0574673,0.0336311,0.0608599,0.0391294,
444,1e-07,0.000255,0.0013951,0.0009598,0.0002407,0.0015711,0.0011905,0.0085869,0.0078455,0.036512,0.0386055,0.0349032,0.0490211,0.0457122,
445,1e-07,0.0007508,0.0001044,0.0013425,0.0010919,0.0003977,0.0011886,0.0025008,0.0071405,0.0106941,0.0324438,0.0109866,0.0287535,0.0204605,
446,1e-07,0.0016287,0.0001068,0.0009565,0.0002419,0.0007011,0.0012561,0.0019851,0.006677,0.0156871,0.0202731,0.0277936,0.0378151,0.0316293,
447,1e-07,0.0007501,0.0009644,0.0013399,0.0012467,0.0007006,0.0012002,0.0010743,0.0121934,0.0261127,0.0274599,0.0275579,0.0323547,0.0309805,
448,2e-07,0.0002555,0.0009839,0.0001107,0.0008808,0.0004036,0.0012514,0.0019571,0.0041494,0.0281701,0.0521995,0.0536677,0.0439904,0.0353909,
449,2e-07,0.0002555,0.000112,0.0009554,0.0012472,0.0018745,0.000665,0.001047,0.0221132,0.0395823,0.0509545,0.0278444,0.0825464,0.0283924,
450,1e-07,0.0007516,0.0009004,0.0001109,0.0011589,0.0007031,0.0006644,0.0005216,0.009798,0.0306276,0.0554013,0.0399839,0.0278771,0.048198,
451,2e-07,0.0002549,0.0011047,0.0001094,0.0008322,0.0007054,0.0012663,0.0010372,0.003985,0.0165566,0.0459184,0.0297357,0.0178627,0.069093,
452,2e-07,0.0002546,0.0009917,0.0001094,0.0012786,0.0007065,0.001648,0.0008035,0.0048406,0.0077194,0.0244394,0.0573358,0.0275556,0.0607613,
453,1e-07,0.0002549,0.0001126,0.0009617,0.0016005,0.0003968,0.0012459,0.0008296,0.0028859,0.0041195,0.0127347,0.0177889,0.031128,0.0509156,
454,1e-07,0.0002546,0.000113,0.0009643,0.0008328,0.0011757,0.0006437,0.0010106,0.0021425,0.0048917,0.0227101,0.0299647,0.0331412,0.0252699,
455,1e-07,0.0012113,0.0001119,0.0009659,0.0010946,0.0007054,0.0015468,0.0018693,0.0024411,0.0127946,0.0173573,0.0287286,0.0563003,0.03311,
456,1e-07,0.0002544,0.0001122,0.0001112,0.001247,0.0012505,0.000767,0.0019667,0.008337,0.0089457,0.0039316,0.032773,0.0416711,0.0409217,
457,1e-07,0.0016313,0.0010137,0.0001118,0.0022484,0.0012482,0.0007632,0.0042791,0.0059745,0.0244607,0.0221531,0.0428487,0.0359694,0.0266525,
458,1e-07,0.0002543,0.0009988,0.0001128,0.001275,0.0008621,0.0007503,0.0032094,0.0140791,0.0074838,0.0207249,0.0549887,0.045582,0.0189254,
459,1e-07,0.001291,0.0001141,0.0016657,0.0023748,0.0014103,0.0018787,0.0069346,0.0269843,0.0219701,0.0191092,0.0545053,0.0435211,0.0386167,
460,0.0,0.0010282,0.0001126,0.0009757,0.0022294,0.0008639,0.0016443,0.0044553,0.017827,0.0443629,0.0375806,0.0544728,0.0448109,0.0422862,
461,0.0,0.0010285,0.0010114,0.0001142,0.0008365,0.0016727,0.0031502,0.0094672,0.0288485,0.0573438,0.0486244,0.0656318,0.0981865,0.1184262,
462,1e-07,0.0002541,0.0009009,0.0014839,0.001359,0.0013819,0.000765,0.002548,0.0263729,0.0297123,0.0343411,0.0446167,0.0379724,0.0780718,
463,1e-07,0.0002542,0.001388,0.0009163,0.000956,0.0012501,0.0025364,0.0100619,0.0041199,0.0271104,0.0322149,0.0268922,0.043588,0.0657884,
464,1e-07,0.0002539,0.0001161,0.0009187,0.0010965,0.001248,0.0020787,0.0139198,0.0088238,0.0437881,0.0256951,0.0315195,0.0305416,0.0303035,
465,1e-07,0.000753,0.000116,0.0013315,0.0008348,0.0020238,0.0006465,0.0076837,0.0069046,0.0251591,0.0280396,0.0348353,0.045356,0.0376476,
466,1e-07,0.0002537,0.0001156,0.0009689,0.0012471,0.0010167,0.0007458,0.0017112,0.0059881,0.0055933,0.0180677,0.0209923,0.0301662,0.0401926,
467,2e-07,0.0009827,0.0001149,0.0013454,0.00024,0.0007087,0.0006441,0.0030562,0.0047616,0.005858,0.0235869,0.0174352,0.0207317,0.0434577,
468,2e-07,0.0007527,0.0013923,0.0001086,0.0002405,0.0012535,0.0012383,0.0008025,0.0017843,0.0110398,0.0213341,0.0236094,0.02383,0.0587693,
469,2e-07,0.0002544,0.0001137,0.0001085,0.0009592,0.0003943,0.0019237,0.0012077,0.0021729,0.0174686,0.0147871,0.0111601,0.0324726,0.0688451,
470,2e-07,0.0007516,0.0001153,0.0013302,0.0012804,0.0003949,0.0019247,0.0005209,0.0033559,0.0140011,0.0128816,0.0440812,0.042586,0.0465467,
471,2e-07,0.0002543,0.001333,0.0009585,0.0009605,0.0003948,0.0012548,0.0010161,0.00307,0.0176897,0.0033716,0.0276448,0.0541859,0.0271733,
472,2e-07,0.0007521,0.0001103,0.00134,0.001351,0.0003941,0.0011907,0.0007809,0.0046165,0.0166783,0.0118196,0.0273406,0.0548919,0.0578136,
473,2e-07,0.0007519,0.0001098,0.0001066,0.0010904,0.0017963,0.0006414,0.0008163,0.0046405,0.0018664,0.0286643,0.0288558,0.0380815,0.0438467,
474,2e-07,0.0002544,0.0013356,0.0001067,0.0008311,0.0003939,0.0006413,0.0024597,0.004286,0.0179487,0.0247007,0.04641,0.0480813,0.0492239,
475,2e-07,0.0002546,0.0010221,0.0001072,0.0002379,0.0008611,0.0007605,0.0018164,0.0061698,0.0026895,0.0341195,0.029574,0.0460248,0.0597166,
476,2e-07,0.0007513,0.0001055,0.0001085,0.000962,0.0016752,0.0012594,0.0018695,0.0057235,0.0054301,0.0333187,0.0311007,0.0262471,0.059189,
477,2e-07,0.0002545,0.000107,0.000108,0.0002387,0.0003925,0.0006612,0.0010733,0.0048198,0.0077143,0.0432049,0.0132808,0.025866,0.0089533,
478,2e-07,0.0002544,0.0009568,0.0009595,0.0008821,0.0012767,0.0012569,0.0041283,0.0049602,0.004584,0.0240581,0.0304676,0.0529388,0.0410625,
479,2e-07,0.0007523,0.0001125,0.0001069,0.0010923,0.0003905,0.0007506,0.0010488,0.0046678,0.0130667,0.011334,0.0381908,0.0589755,0.0366447,
480,2e-07,0.0002538,0.0001153,0.0010467,0.0002388,0.0012515,0.0006731,0.0010339,0.003393,0.0110723,0.0280147,0.0235394,0.029515,0.0218754,
481,2e-07,0.0007533,0.0001176,0.0016294,0.0002387,0.0003881,0.0011947,0.0010164,0.0026664,0.0090436,0.0249172,0.0246399,0.0183224,0.0329503,
482,2e-07,0.0002535,0.0001184,0.0001071,0.0012481,0.0007104,0.0006783,0.0010191,0.0049495,0.0117491,0.0204023,0.0323958,0.0476711,0.0291404,
483,2e-07,0.0002536,0.0001198,0.0009243,0.0012476,0.0012518,0.0011941,0.0018723,0.0048954,0.0130717,0.0542679,0.0352214,0.0396798,0.0319526,
484,2e-07,0.0010284,0.0001228,0.0001066,0.0010955,0.0015593,0.0012514,0.0021977,0.0077257,0.0069287,0.0473162,0.0251049,0.0424683,0.065787,
485,2e-07,0.0002532,0.0001223,0.0009671,0.0008363,0.0007123,0.001197,0.001937,0.0156878,0.0113772,0.0282466,0.0421152,0.0300197,0.0293808,
486,2e-07,0.000253,0.0008937,0.000105,0.0012485,0.000385,0.0011687,0.0010058,0.0119807,0.0081424,0.02842,0.0354352,0.0145231,0.0335026,
487,2e-07,0.0002532,0.0001189,0.000105,0.0010936,0.0016711,0.0011721,0.0005275,0.001711,0.0219309,0.0377526,0.0312526,0.0422338,0.0373855,
488,2e-07,0.0002533,0.0001164,0.0013169,0.0010931,0.0012463,0.0006765,0.0009991,0.0075223,0.017876,0.0465255,0.0486125,0.0334183,0.059213,
489,2e-07,0.0002531,0.0001159,0.0009315,0.0008359,0.0013812,0.0007736,0.0012175,0.0171077,0.0412693,0.0305041,0.0755272,0.1039835,0.0596569,
490,2e-07,0.0010369,0.0008979,0.0016305,0.0008833,0.001177,0.0007423,0.0023229,0.0147863,0.0213122,0.0386033,0.0474153,0.0478878,0.0596191,
491,2e-07,0.0002533,0.0001172,0.0009617,0.0002365,0.0010131,0.001175,0.0024575,0.0102081,0.0385945,0.0507158,0.036417,0.0158679,0.0481997,
492,2e-07,0.0002533,0.0017095,0.000961,0.001249,0.0003889,0.0015777,0.0034565,0.0151456,0.0294749,0.0345393,0.0177881,0.0215373,0.0369957,
493,2e-07,0.0002537,0.0001196,0.000105,0.0008332,0.0010124,0.0020907,0.0015321,0.0036154,0.0346474,0.0231187,0.0109881,0.0243058,0.0210973,
494,2e-07,0.0002537,0.0001195,0.0001046,0.0011912,0.0012563,0.0007875,0.0005131,0.0082843,0.0163174,0.0169452,0.0233629,0.0428157,0.075495,
495,2e-07,0.0007522,0.000117,0.0001051,0.0002379,0.001015,0.0006286,0.0010459,0.0109595,0.0243232,0.0508393,0.0270262,0.0594017,0.0560999,
496,5e-07,0.0002537,0.0001171,0.000104,0.0012492,0.0018526,0.0006292,0.0016518,0.0113784,0.0244521,0.0171417,0.0733116,0.0413777,0.1218497,
497,2e-07,0.0002537,0.0009902,0.0001039,0.0015129,0.0011748,0.0012475,0.0014783,0.016516,0.028572,0.0223676,0.0925346,0.0438974,0.1013748,
498,2e-07,0.0002536,0.0001141,0.0001041,0.001192,0.0003898,0.0018778,0.000894,0.0069098,0.0334903,0.028088,0.0732572,0.0341822,0.0542304,
499,2e-07,0.0002536,0.0022727,0.0001046,0.000236,0.0016396,0.0012577,0.0010875,0.0215136,0.0281955,0.0195561,0.0748784,0.035127,0.0418047,
500,2e-07,0.0002537,0.0001102,0.0009324,0.0012495,0.0007071,0.0012613,0.0009842,0.0275142,0.0357056,0.0623184,0.0351936,0.0406394,0.0312868,
501,2e-07,0.0002531,0.0001101,0.0010662,0.000235,0.0003835,0.0006481,0.0026668,0.0229605,0.023958,0.0582584,0.0441936,0.0818833,0.0769574,
502,2e-07,0.0002534,0.0001074,0.0001047,0.000834,0.0015486,0.0007653,0.0025422,0.0196803,0.0271832,0.0328785,0.0395823,0.0461145,0.0620264,
503,2e-07,0.0007529,0.0001057,0.0013324,0.0011902,0.0007052,0.0007573,0.001717,0.0089024,0.0273838,0.036286,0.0104641,0.042792,0.025705,
504,1e-07,0.0013985,0.0001046,0.0001063,0.0008339,0.0003816,0.0006595,0.0013092,0.0068864,0.0153467,0.0344281,0.0060336,0.0330094,0.0380585,
505,1e-07,0.0002537,0.0001033,0.0001075,0.0010912,0.0013731,0.0011774,0.0018569,0.0066356,0.0139579,0.0229574,0.0276944,0.0268941,0.0704889,
506,1e-07,0.0002535,0.0001054,0.0010665,0.0013839,0.0020583,0.0021128,0.0016393,0.0011199,0.0094083,0.0200939,0.0534684,0.0347296,0.0503648,
507,1e-07,0.0002534,0.0001048,0.0001077,0.0002364,0.0016962,0.0011721,0.002958,0.0053958,0.0103178,0.0168109,0.0479735,0.0329827,0.0097128,
508,1e-07,0.0007528,0.0001065,0.0001083,0.0010932,0.0010269,0.0007563,0.001683,0.0065409,0.0158412,0.0165571,0.0211817,0.0388542,0.0254116,
509,1e-07,0.0002538,0.0001047,0.0009698,0.0014612,0.0012381,0.0007584,0.004489,0.0057087,0.0289647,0.0201784,0.03446,0.0467919,0.0192632,
510,1e-07,0.0002539,0.000102,0.0001099,0.0010926,0.001108,0.000655,0.0028181,0.0092829,0.0145153,0.0171702,0.0527462,0.0443873,0.0396887,
511,1e-07,0.0002535,0.0001033,0.0013118,0.0002374,0.0010303,0.00122,0.0043924,0.005217,0.0153103,0.0217391,0.0393917,0.0312247,0.0309753,
512,0.0,0.0002537,0.0001041,0.0009721,0.0010939,0.0011079,0.0018622,0.0016934,0.0043752,0.0130489,0.0267811,0.0215696,0.0297818,0.0199932,
513,0.0,0.0002543,0.0001013,0.00097,0.0008342,0.0013418,0.0012721,0.0017101,0.0174878,0.0167603,0.0297849,0.0535197,0.0186311,0.0204001,
514,0.0,0.0002541,0.0013685,0.0020881,0.0010932,0.0010535,0.0016371,0.0015954,0.0123466,0.0106148,0.032474,0.069364,0.0226001,0.0178054,
515,0.0,0.0007522,0.0010682,0.0022399,0.0011564,0.0011042,0.0015472,0.0068542,0.009678,0.0213979,0.0199902,0.0408406,0.0400725,0.0433388,
516,0.0,0.0010781,0.0010098,0.0001134,0.00024,0.0008722,0.0024893,0.0059721,0.0121785,0.0303773,0.0415661,0.0143791,0.0338826,0.0698104,
517,1e-07,0.0002545,0.0009397,0.000114,0.0008805,0.0025061,0.002672,0.0176883,0.0330075,0.0335906,0.0604058,0.0578602,0.0469086,0.065745,
518,1e-07,0.0002543,9.89e-05,0.0010661,0.0011886,0.0003797,0.0012421,0.0090641,0.0217147,0.0418511,0.0465281,0.0524967,0.0341568,0.0450668,
519,1e-07,0.0002543,0.0001005,0.000911,0.0028895,0.0058918,0.0039724,0.0152478,0.0353119,0.0776744,0.0113287,0.0413413,0.0182921,0.0638474,
520,1e-07,0.0002548,0.0013172,0.0036668,0.0010948,0.0075539,0.0085371,0.0249971,0.0307249,0.0595244,0.0718975,0.0934313,0.0287663,0.0634399,
521,1e-07,0.0012117,0.0017348,0.0043042,0.006797,0.0059288,0.0088076,0.0318154,0.028699,0.0168073,0.0632206,0.12279,0.0343025,0.0862416,
522,1e-07,0.0002548,0.0025329,0.0021834,0.0032228,0.0031492,0.0121169,0.0167753,0.0056417,0.0188766,0.0352791,0.0417438,0.0262834,0.0674924,
523,1e-07,0.0007515,9.53e-05,0.0001141,0.0011889,0.0027928,0.0076673,0.0163925,0.0302904,0.0618753,0.0410852,0.021662,0.0349055,0.0451826,
524,1e-07,0.0015974,9.31e-05,0.0009703,0.0042735,0.0057011,0.0073435,0.008821,0.0228743,0.0326055,0.044878,0.0250529,0.0377127,0.0586081,
525,1e-07,0.0002544,9.47e-05,0.0017995,0.0029804,0.003599,0.0033841,0.0154911,0.0435496,0.0513733,0.0596162,0.0385089,0.0265766,0.0666422,
526,1e-07,0.0002539,0.0013711,0.0010888,0.0014055,0.0039439,0.0045232,0.0068795,0.0285775,0.0425067,0.0516131,0.0805659,0.0224807,0.0657402,
527,0.0,0.0002536,9.81e-05,0.00011,0.0014814,0.0024323,0.0018122,0.0095357,0.0195259,0.0269388,0.0274792,0.0701183,0.0197455,0.0748143,
528,0.0,0.000753,0.0001004,0.0013495,0.0013855,0.0015999,0.003201,0.0067853,0.0245689,0.0447196,0.0391259,0.0555814,0.0508601,0.0876708,
529,0.0,0.0002529,0.0001011,0.000108,0.0010919,0.0010958,0.0012028,0.0081529,0.015858,0.0437101,0.0403685,0.034675,0.0424723,0.0737098,
530,1e-07,0.001257,0.0001042,0.0009752,0.001092,0.0016432,0.0020854,0.0035558,0.0190612,0.0270508,0.0606505,0.0576734,0.0895777,0.1081011,
531,1e-07,0.0002525,0.0001045,0.0001066,0.0018091,0.0022039,0.0020901,0.0013816,0.0223918,0.0296527,0.0370516,0.0396175,0.0665351,0.0438419,
532,1e-07,0.000252,0.0001075,0.0001054,0.0010921,0.0025474,0.0020896,0.001455,0.0109305,0.0352564,0.0437853,0.035273,0.0194972,0.0324246,
533,1e-07,0.0012897,0.0001089,0.0009738,0.0010921,0.0012253,0.0007534,0.0023836,0.009602,0.0431738,0.060116,0.0518933,0.0592508,0.0643625,
534,2e-07,0.000252,0.0001083,0.0001041,0.0016033,0.0010255,0.0012177,0.0021149,0.0081244,0.0387518,0.0789414,0.0602402,0.0591833,0.0780519,
535,1e-07,0.0014647,0.0009236,0.0001046,0.001091,0.0016057,0.0006605,0.0043247,0.018226,0.0339101,0.0700522,0.0410404,0.0555811,0.0672591,
536,1e-07,0.0002527,0.0001046,0.0001057,0.0008856,0.0012277,0.0011658,0.0034948,0.0149416,0.0213686,0.0829287,0.0393562,0.0369818,0.025618,
537,2e-07,0.0007535,0.0001062,0.0009376,0.0002327,0.0008757,0.0011728,0.0037652,0.0062145,0.0295516,0.034503,0.0518778,0.0501576,0.0430049,
538,1e-07,0.001289,0.0001035,0.0001043,0.0002322,0.0007058,0.0007592,0.0026261,0.0063793,0.0168908,0.024154,0.0303421,0.0263463,0.0571983,
539,1e-07,0.0007528,0.0001016,0.0013441,0.0013849,0.0003745,0.0007614,0.0028443,0.0014936,0.0144033,0.0133088,0.0544924,0.0558502,0.0444689,
540,1e-07,0.000253,0.000104,0.0001053,0.00125,0.0007054,0.0007585,0.0020608,0.0096942,0.039278,0.0482624,0.0457074,0.0662223,0.0152874,
541,2e-07,0.0002529,0.0001036,0.0016306,0.0015668,0.0012328,0.000759,0.0028487,0.0091489,0.0588824,0.0652106,0.0194737,0.0571726,0.0288277,
542,1e-07,0.0007527,0.0001004,0.0001051,0.0002337,0.0012329,0.0006541,0.0043552,0.012401,0.078726,0.0503062,0.0121961,0.0402377,0.0182597,
543,1e-07,0.0002536,9.97e-05,0.0001065,0.0010897,0.0017193,0.0011735,0.0014975,0.0094341,0.026247,0.0201817,0.018273,0.0575163,0.0367767,
544,1e-07,0.0002534,0.0001021,0.0016796,0.00109,0.0010288,0.0006562,0.0027841,0.0067733,0.023784,0.0245335,0.0498984,0.0447574,0.0640993,
545,1e-07,0.0002533,0.0009985,0.0001063,0.0002353,0.0017226,0.0006581,0.0019082,0.0065425,0.0165433,0.0362508,0.0244459,0.0320172,0.0232872,
546,1e-07,0.000253,0.0009146,0.0001057,0.0019551,0.001291,0.001175,0.0037117,0.0027167,0.0152143,0.0514045,0.0059984,0.0300567,0.0302712,
547,2e-07,0.0002525,0.000108,0.0001049,0.0010919,0.0016691,0.0007539,0.0031894,0.0098557,0.0315914,0.0336095,0.0181048,0.0075495,0.0440083,
548,1e-07,0.0002525,0.0001094,0.0001053,0.0010925,0.0016688,0.0012196,0.003846,0.0072503,0.0336584,0.0239843,0.0456261,0.0025089,0.0338271,
549,2e-07,0.000252,0.0001125,0.0009746,0.0008385,0.0010201,0.0020972,0.0023609,0.0047693,0.0411865,0.0110278,0.0171859,0.0154315,0.0386304,
550,2e-07,0.000252,0.0001138,0.0001055,0.0010939,0.0013693,0.0011647,0.0038429,0.00933,0.0428087,0.0268939,0.0188165,0.0064198,0.0456658,
551,2e-07,0.0007541,0.0001147,0.0009363,0.0002346,0.0012668,0.0011692,0.0038359,0.0281764,0.0300714,0.0526023,0.0212174,0.0119009,0.057426,
552,1e-07,0.0002525,0.0001115,0.0001065,0.0010937,0.0013708,0.0012187,0.0023378,0.0204798,0.0257975,0.0301073,0.0315979,0.0151371,0.0661531,
553,1e-07,0.0002525,0.0001103,0.0001071,0.0002353,0.0013692,0.0020969,0.0011158,0.0054244,0.0232023,0.0382507,0.0393045,0.0353332,0.0616284,
554,1e-07,0.0007539,0.0001124,0.0001079,0.0013861,0.0003706,0.0020662,0.0055059,0.0089546,0.0340368,0.0449088,0.0428602,0.0535246,0.0557853,
555,1e-07,0.0007535,0.0001117,0.0001085,0.0013856,0.0013713,0.0020692,0.0037213,0.011844,0.0174205,0.0231195,0.036585,0.053992,0.0306437,
556,1e-07,0.000253,0.0001088,0.0001095,0.0010948,0.002078,0.0007467,0.0056244,0.0107484,0.0245587,0.0623247,0.0455882,0.0283762,0.0215895,
557,1e-07,0.0002528,0.0001109,0.0016631,0.0011872,0.0013326,0.0026029,0.0071106,0.0169414,0.0363159,0.0809198,0.0805693,0.0845976,0.0787353,
558,0.0,0.0002532,0.0009335,0.0009792,0.0018086,0.001026,0.0016324,0.0059866,0.0120608,0.0364322,0.0644315,0.0629333,0.0792494,0.0893189,
559,0.0,0.0002534,0.0001065,0.000977,0.0002385,0.0003756,0.0021556,0.0031923,0.0245896,0.0273154,0.0481826,0.0428899,0.056358,0.0651377,
560,0.0,0.0007531,0.000923,0.0009779,0.0025326,0.0024817,0.0011594,0.0083173,0.0130538,0.0241396,0.039937,0.0456216,0.0514503,0.0893279,
561,0.0,0.000253,0.0001082,0.0001122,0.0009548,0.0013,0.0021839,0.0047239,0.0242551,0.0319924,0.0337566,0.0479978,0.0560107,0.1287177,
562,0.0,0.0007527,0.0014711,0.001837,0.0010961,0.0020778,0.0043446,0.015273,0.0150593,0.0451631,0.0246718,0.0274602,0.0654723,0.1134955,
563,1e-07,0.0002537,0.0001033,0.0009407,0.0008366,0.0010595,0.0018571,0.0017989,0.0081708,0.0067202,0.0666845,0.0231642,0.0679628,0.0474202,
564,0.0,0.0002532,0.0001046,0.0001128,0.0019587,0.0020693,0.0020675,0.0063704,0.0149121,0.0233827,0.0545081,0.0169567,0.0790818,0.0705816,
565,0.0,0.0002533,0.0001036,0.0001115,0.0030086,0.0017746,0.0020872,0.0058058,0.0201607,0.0096722,0.049815,0.013543,0.0674721,0.0445515,
566,0.0,0.0002528,0.0016457,0.0013511,0.0010943,0.0016054,0.0018946,0.0040235,0.0224344,0.0092269,0.0278843,0.0385987,0.0550425,0.079611,
567,1e-07,0.0007533,0.0001064,0.0001091,0.0023859,0.0007063,0.0011606,0.0028999,0.0078311,0.018569,0.0155437,0.0685216,0.0446243,0.0606403,
568,1e-07,0.0002527,0.0001057,0.0013378,0.0002348,0.0016697,0.0012075,0.0060511,0.0074396,0.0168722,0.0334198,0.0387866,0.0260937,0.0594765,
569,0.0,0.000253,0.000103,0.0013494,0.001093,0.0016701,0.002071,0.0025365,0.0170894,0.0235081,0.0094557,0.030217,0.048806,0.0556503,
570,0.0,0.0002534,0.0001024,0.0001095,0.0015724,0.0017145,0.0011756,0.005238,0.0131926,0.0298962,0.023436,0.0380502,0.0722414,0.0569854,
571,1e-07,0.000253,0.0013625,0.0013477,0.0008829,0.0016082,0.0012134,0.001833,0.006473,0.0358869,0.0238516,0.0423708,0.0371989,0.0378432,
572,1e-07,0.0002532,0.000101,0.0009718,0.0010919,0.0003726,0.0011602,0.0029398,0.0105571,0.0308525,0.0231755,0.0445177,0.0245108,0.0321907,
573,0.0,0.0002537,9.89e-05,0.0009706,0.0016396,0.0010355,0.0012131,0.0041547,0.0148376,0.0228523,0.0435432,0.0581819,0.0523041,0.0380202,
574,0.0,0.0002537,0.0010001,0.0001092,0.0002363,0.0013665,0.0007425,0.0035165,0.0191738,0.0647503,0.0624197,0.0538478,0.0753129,0.0582284,
575,1e-07,0.0002534,0.0009266,0.0001079,0.0010909,0.0003751,0.0006507,0.0033646,0.0305315,0.0691505,0.0496662,0.0342966,0.0442312,0.0370174,
576,0.0,0.000752,9.64e-05,0.000109,0.0019554,0.0012306,0.0015394,0.004729,0.0272952,0.0509673,0.035988,0.0078083,0.0474362,0.0446715,
577,0.0,0.0002541,9.53e-05,0.0009431,0.0023845,0.0006985,0.0021055,0.0052536,0.0283343,0.0372879,0.0458701,0.0359194,0.0590934,0.0670561,
578,1e-07,0.0002541,9.61e-05,0.0001088,0.0010905,0.0017144,0.0016399,0.0038598,0.0051211,0.0227762,0.0476489,0.068016,0.0933044,0.05252,
579,0.0,0.000254,9.41e-05,0.0014325,0.0010896,0.0006986,0.0029197,0.0090256,0.0279577,0.0407728,0.0387619,0.0715562,0.080944,0.060891,
580,0.0,0.0007515,0.0009421,0.0001103,0.0010899,0.0003809,0.0025651,0.0061106,0.0468948,0.0441523,0.0553637,0.1044956,0.0919337,0.0627301,
581,0.0,0.0007511,9.19e-05,0.0001113,0.0015691,0.0012368,0.0011892,0.0056886,0.0384771,0.0624399,0.0904752,0.0907458,0.0580213,0.0993207,
582,1e-07,0.0012123,9.02e-05,0.0001129,0.0010905,0.001238,0.0018156,0.0112173,0.0227667,0.0607942,0.0545456,0.0398281,0.0596198,0.0832758,
583,1e-07,0.0002554,8.74e-05,0.0001132,0.0015692,0.0023756,0.0011644,0.0085758,0.0593469,0.0791223,0.0668741,0.053084,0.0785551,0.1140934,
584,1e-07,0.0002557,0.0014471,0.0013452,0.0013818,0.00292,0.0020771,0.0113003,0.0759343,0.0956546,0.1033404,0.0937208,0.1572774,0.1509971,
585,1e-07,0.0002555,0.000936,0.0009645,0.0008816,0.0013656,0.0025249,0.005945,0.0242024,0.0430422,0.0772949,0.0345466,0.0552482,0.0890515,
586,1e-07,0.000751,9.07e-05,0.0015195,0.0015952,0.0049047,0.0082221,0.0110692,0.0104508,0.0274293,0.0290495,0.0217385,0.0310352,0.0361491,
587,1e-07,0.000255,0.0017364,0.0001142,0.00096,0.0045167,0.0064039,0.0165992,0.0078422,0.0283132,0.0328418,0.0138141,0.0161657,0.0294866,
588,1e-07,0.0002552,0.0009434,0.0017994,0.0016852,0.0031053,0.0029576,0.0189766,0.0071597,0.0187221,0.027362,0.051171,0.0216229,0.0458923,
589,1e-07,0.0016058,0.0016522,0.0016228,0.0008806,0.0021178,0.0077054,0.0116668,0.0181817,0.0320855,0.0300639,0.047567,0.0584564,0.0236292,
590,1e-07,0.0002555,0.0009923,0.0019444,0.0031276,0.0034772,0.0047671,0.0051474,0.0135517,0.0427407,0.0149213,0.0274522,0.0189675,0.0494536,
591,1e-07,0.0002554,9.17e-05,0.0001139,0.001157,0.0022119,0.0046162,0.0132011,0.0246705,0.0294712,0.0546159,0.0467409,0.0476517,0.0583946,
592,0.0,0.0002551,9.43e-05,0.0016958,0.0013509,0.001471,0.0018183,0.0005115,0.0273474,0.0174085,0.0454219,0.0429124,0.0263187,0.0500862,
593,0.0,0.0007515,0.0013695,0.0013452,0.0011919,0.0022199,0.0030521,0.001221,0.0075318,0.0120082,0.0227448,0.0370994,0.050331,0.0253515,
594,0.0,0.0002545,0.0019446,0.0013455,0.0017636,0.0015686,0.002299,0.0007951,0.0071682,0.0133494,0.0363474,0.0529114,0.0716772,0.0376274,
595,1e-07,0.0014071,0.0001025,0.0001097,0.001599,0.0017873,0.0012328,0.001002,0.0031837,0.0155494,0.0260496,0.0174366,0.0636779,0.0415011,
596,1e-07,0.0007518,0.0001034,0.0001106,0.0010932,0.001416,0.0006627,0.0043437,0.0080746,0.0124457,0.0389004,0.0188521,0.0289685,0.0182578,
597,0.0,0.0007519,0.0009171,0.0013114,0.0015993,0.0012423,0.0006568,0.0061185,0.0075837,0.0215218,0.0385699,0.0306264,0.0392896,0.0203979,
598,1e-07,0.0007529,0.0001065,0.0001106,0.001599,0.0007042,0.0007532,0.0090724,0.0072164,0.0278759,0.0392128,0.0255816,0.0613789,0.0465114,
599,1e-07,0.0007527,0.0010672,0.0013339,0.0010949,0.0013727,0.0019048,0.0092652,0.0125034,0.0154836,0.0353827,0.1084359,0.0830508,0.0582429,
600,1e-07,0.0002538,0.0001088,0.0013094,0.0002397,0.0025677,0.0034312,0.0079434,0.0270046,0.034467,0.0396704,0.1133059,0.1301412,0.1112475,
601,0.0,0.0002542,0.0009996,0.0009159,0.0010951,0.0003844,0.0006667,0.0057947,0.0131411,0.0189231,0.0270432,0.0594271,0.0542997,0.0707165,
602,0.0,0.0002542,0.0010859,0.0009729,0.0010953,0.0012397,0.0029227,0.0053014,0.0120276,0.0339686,0.0442346,0.048589,0.051682,0.1071611,
603,0.0,0.0007523,0.0001062,0.0013964,0.0002408,0.0030161,0.0046608,0.0091309,0.0378456,0.0407938,0.0673602,0.0505209,0.0961131,0.1268553,
604,0.0,0.0002544,0.0010101,0.0001142,0.0015785,0.0020799,0.0028099,0.0104014,0.0097615,0.0315305,0.0253107,0.0371947,0.02955,0.0819697,
605,1e-07,0.0002547,0.0013792,0.0001152,0.0026866,0.0016738,0.0042857,0.0078279,0.0196551,0.028467,0.0421802,0.0238035,0.0235455,0.0976055,
606,1e-07,0.0002546,0.0019389,0.0009746,0.0011918,0.0027687,0.0033782,0.0252414,0.0384933,0.0447985,0.0443024,0.0744276,0.0967271,0.0903584,
607,1e-07,0.0016314,0.0001043,0.0022537,0.0029882,0.0054632,0.0103281,0.0176683,0.0486842,0.0361968,0.034939,0.0790388,0.1087091,0.0671397,
608,1e-07,0.0014051,0.0014335,0.0023083,0.0044745,0.0039825,0.0059922,0.0122282,0.0542711,0.0575778,0.0235746,0.0584366,0.0615389,0.0410804,
609,1e-07,0.0002548,0.0014647,0.0014416,0.0016478,0.0026755,0.0043664,0.0129008,0.057999,0.0396871,0.0234401,0.0555431,0.0418752,0.0463314,
610,1e-07,0.000752,0.0001063,0.001039,0.0023755,0.0030977,0.00261,0.016155,0.017679,0.0198031,0.0322206,0.0409493,0.0229201,0.0232241,
611,0.0,0.0002551,0.0001083,0.0010393,0.0021509,0.0012623,0.0021152,0.0114585,0.0209538,0.0219051,0.0487242,0.0379377,0.0348706,0.0470359,
612,0.0,0.0002553,0.0001097,0.001039,0.00406,0.0020889,0.0053901,0.0087609,0.0176632,0.016222,0.0745182,0.0220048,0.0327733,0.0514909,
