#Time_fs,0,50,100,150,200,250,300,500,750,1000,1250,1500,1750,2000,
1,1e-07,0.0004033,0.0003689,0.0002125,0.001664,0.0006287,0.0010669,0.0020748,0.0157408,0.0152192,0.07264,0.0426725,0.0723199,0.0800493,
2,1e-07,0.0006193,0.000676,0.0002132,0.0009367,0.0014315,0.0006989,0.0029875,0.0123149,0.0280591,0.0497661,0.0466423,0.0488129,0.0539018,
3,1e-07,0.000622,0.0011199,0.0002142,0.0009338,0.0005871,0.0009487,0.0016883,0.0040647,0.0272058,0.0275755,0.0455269,0.0490814,0.0622521,
4,1e-07,0.0003968,0.0011144,0.0002144,0.0006371,0.0011993,0.0009692,0.0023374,0.0107983,0.026808,0.0404297,0.0593169,0.0410976,0.0507889,
5,0.0,0.0003946,0.0019975,0.0002149,0.000642,0.0021014,0.0020673,0.0026492,0.0033703,0.0099854,0.043056,0.0701136,0.016463,0.0294437,
6,0.0,0.0003962,0.0011176,0.0018605,0.0009326,0.001205,0.0009665,0.0008214,0.0030499,0.0097476,0.0270763,0.0363208,0.0283743,0.0526517,
7,0.0,0.0006248,0.000683,0.0009128,0.0016295,0.0014245,0.0009655,0.0010059,0.0037723,0.01422,0.0156498,0.0266271,0.067979,0.0442839,
8,1e-07,0.0003964,0.0011213,0.0008667,0.0018336,0.0005807,0.0009646,0.001047,0.0009125,0.0098353,0.0193895,0.011179,0.042724,0.0244831,
9,1e-07,0.0003984,0.0003623,0.0002119,0.000642,0.0012137,0.0007026,0.0016496,0.0081182,0.0339853,0.0232441,0.0637904,0.0566416,0.0459645,
10,1e-07,0.0006233,0.0011209,0.0012343,0.0013054,0.0011249,0.0014868,0.0008256,0.0060892,0.0070397,0.0253245,0.0156757,0.0377037,0.0483435,
11,1e-07,0.0003991,0.0003595,0.000211,0.0004541,0.0012507,0.0009385,0.0015351,0.0104831,0.0220836,0.0320452,0.0277814,0.0481801,0.0415366,
12,1e-07,0.0003976,0.0011241,0.0014211,0.0009254,0.0011223,0.0016849,0.0021892,0.0018006,0.0180996,0.015158,0.045109,0.0259711,0.0534286,
13,1e-07,0.0003948,0.0009526,0.0011194,0.0012178,0.0015987,0.0015565,0.0014869,0.0037704,0.0226934,0.0266724,0.0387159,0.0442134,0.0665047,
14,1e-07,0.0003956,0.0003616,0.0009148,0.0010658,0.0005764,0.0008409,0.0026687,0.0113748,0.0312924,0.0428407,0.0632267,0.0276214,0.0499899,
15,1e-07,0.0003965,0.0003592,0.0011177,0.0009556,0.0005766,0.0020637,0.0030196,0.0124435,0.0106701,0.0437761,0.0779226,0.0308198,0.0490729,
16,1e-07,0.0003936,0.0003587,0.0011187,0.0013467,0.0013465,0.0028469,0.0014862,0.0108795,0.0141483,0.0232828,0.0394445,0.0552224,0.038692,
17,1e-07,0.0003918,0.0013014,0.000213,0.0009531,0.0007979,0.0027447,0.0070674,0.0127424,0.0350384,0.0159284,0.0381823,0.0582224,0.0574119,
18,1e-07,0.0014716,0.000362,0.0012454,0.0038838,0.0036144,0.003044,0.0070793,0.0162324,0.046653,0.0127997,0.0576985,0.0245426,0.0524313,
19,1e-07,0.001168,0.0003644,0.0022428,0.003731,0.0035098,0.0008452,0.0079859,0.0112484,0.0338318,0.0430516,0.0437446,0.0381654,0.0429073,
20,1e-07,0.0003859,0.0019378,0.0028796,0.0021414,0.0017039,0.0045304,0.0165312,0.0185134,0.0246874,0.0265442,0.040396,0.0424399,0.0342707,
21,2e-07,0.0003843,0.002301,0.0036729,0.009857,0.0122969,0.0239517,0.0278124,0.0206802,0.0412971,0.0459807,0.0374642,0.0340652,0.0515971,
22,2e-07,0.0003813,0.001311,0.0023052,0.0049202,0.0146947,0.0087502,0.0183646,0.0190307,0.0040985,0.0241012,0.0409205,0.0231067,0.0419116,
23,2e-07,0.0010817,0.006766,0.0064982,0.0061037,0.0113778,0.0256189,0.0286058,0.0726524,0.0560614,0.0612508,0.0989165,0.0794891,0.0645294,
24,2e-07,0.0036873,0.0089994,0.0153869,0.0206413,0.0287774,0.0337769,0.0346613,0.0396214,0.0619825,0.0678424,0.0832838,0.0469879,0.0604813,
25,2e-07,0.0015374,0.0074133,0.0167274,0.0208448,0.0233415,0.024074,0.0352218,0.0324854,0.0213533,0.0528896,0.03815,0.0485603,0.0526821,
26,2e-07,0.0046468,0.0064087,0.0081532,0.0079735,0.0100608,0.0157149,0.020842,0.0227964,0.0158832,0.0305848,0.0384566,0.036975,0.0566644,
27,2e-07,0.0009775,0.0014481,0.0048126,0.0054533,0.0078795,0.0177681,0.0207832,0.0291626,0.0378707,0.0401618,0.0407932,0.0594171,0.0342718,
28,1e-07,0.0006334,0.0026394,0.0018666,0.0028348,0.008363,0.0060696,0.0250745,0.0123034,0.0176858,0.0305875,0.0513718,0.0643554,0.0120574,
29,1e-07,0.0012605,0.0006893,0.0012422,0.0015757,0.0030278,0.0035511,0.0100575,0.0090324,0.0218384,0.0226151,0.0247306,0.0850034,0.0546756,
30,1e-07,0.0006303,0.0003609,0.0002141,0.0013518,0.0017465,0.001423,0.0063232,0.0047808,0.0255806,0.0195092,0.0408455,0.0563135,0.0209219,
31,1e-07,0.0011605,0.0006968,0.0014226,0.0013917,0.0017596,0.0015561,0.0019531,0.0074324,0.0157824,0.0168494,0.0401369,0.0392252,0.056158,
32,2e-07,0.0006289,0.0003551,0.0014081,0.0009555,0.0018203,0.0020431,0.0043723,0.0122645,0.011978,0.0209623,0.0278946,0.0325236,0.0504917,
33,2e-07,0.0009841,0.0003523,0.0014223,0.0014541,0.0011905,0.0006778,0.0041507,0.019153,0.0290601,0.0568409,0.0459996,0.02349,0.0743591,
34,2e-07,0.0010474,0.000353,0.0014219,0.001607,0.0011912,0.0014307,0.0039533,0.0073481,0.0182227,0.0310176,0.0320205,0.0255367,0.0573907,
35,2e-07,0.001103,0.001591,0.0002138,0.000953,0.0008615,0.0016845,0.0039206,0.0149764,0.0305387,0.0281013,0.0296986,0.0627419,0.0280706,
36,1e-07,0.0003868,0.0006962,0.0002143,0.0012542,0.0006514,0.0016651,0.0022563,0.0124063,0.0222846,0.0199765,0.0417941,0.0523865,0.0501767,
37,1e-07,0.0003848,0.0009406,0.0011255,0.0009186,0.0028093,0.0039179,0.0026898,0.0132747,0.0192856,0.0356607,0.0073122,0.014618,0.0275237,
38,1e-07,0.0003832,0.0011741,0.0021488,0.0024601,0.00485,0.0066531,0.0060514,0.0076655,0.0216317,0.0362349,0.0222614,0.0549956,0.0349187,
39,1e-07,0.0013711,0.0011313,0.0011546,0.0034994,0.0065675,0.0045901,0.0069229,0.0071061,0.0340968,0.0185667,0.0250575,0.011944,0.045712,
40,1e-07,0.0020045,0.0013001,0.0014481,0.0043103,0.0087278,0.0129347,0.0060139,0.013801,0.0356495,0.0513182,0.0248631,0.0187235,0.0457302,
41,1e-07,0.0006424,0.0025079,0.003008,0.0049905,0.0058308,0.0109383,0.0282668,0.0344697,0.028553,0.0314816,0.0271455,0.0437701,0.0283902,
42,1e-07,0.0009781,0.0013426,0.0025655,0.0038582,0.006596,0.0125582,0.0300952,0.0264916,0.0270268,0.0319123,0.0370385,0.0508003,0.0273856,
43,1e-07,0.0016374,0.0013414,0.0037861,0.0040915,0.0094186,0.0161909,0.0265787,0.0349021,0.0436335,0.0148556,0.0305526,0.0424136,0.0328957,
44,2e-07,0.0012014,0.0013115,0.0021262,0.0043458,0.0023725,0.0066722,0.0087061,0.0264385,0.0390612,0.0530879,0.0156172,0.0647967,0.0608583,
45,1e-07,0.0011798,0.0049118,0.0133602,0.0103713,0.0067826,0.0138986,0.0123814,0.0265281,0.0597934,0.0454145,0.0452209,0.0567447,0.0647505,
46,1e-07,0.0033172,0.0055891,0.0162352,0.0325946,0.0349083,0.0365855,0.0404517,0.0241177,0.0419245,0.0417995,0.0675394,0.065319,0.0462613,
47,1e-07,0.001486,0.0068655,0.0109053,0.0139111,0.0169236,0.0166096,0.0031107,0.0326328,0.0251622,0.0503298,0.0438706,0.0565848,0.0333937,
48,1e-07,0.0016222,0.0052519,0.0096506,0.0099911,0.0126007,0.0141675,0.0248253,0.0267347,0.0392547,0.0422931,0.0650955,0.0494242,0.0615587,
49,1e-07,0.0011509,0.0050235,0.0090485,0.0092781,0.0120803,0.0180991,0.0355054,0.0148269,0.0359904,0.0360665,0.0579038,0.0580883,0.0481853,
50,1e-07,0.0021319,0.0027279,0.00329,0.0061561,0.0052665,0.008176,0.0312663,0.0169396,0.0529652,0.0451159,0.0549852,0.0582492,0.0707656,
51,0.0,0.00065,0.000677,0.0002233,0.0026712,0.0033672,0.003949,0.0096779,0.0305074,0.0517261,0.0680739,0.0663764,0.0555346,0.0741213,
52,1e-07,0.0006494,0.0009341,0.0014182,0.000692,0.0007967,0.0029832,0.0020378,0.0291356,0.0278674,0.0488483,0.0397487,0.0515437,0.0837708,
53,1e-07,0.000649,0.0006849,0.0012366,0.0009183,0.0017386,0.0056298,0.011419,0.0265502,0.0200154,0.0338005,0.0500033,0.076787,0.1049612,
54,1e-07,0.0006471,0.0010973,0.0016038,0.0010786,0.0013606,0.0026792,0.0063062,0.0290785,0.0225834,0.0506511,0.0562712,0.0613716,0.0611022,
55,1e-07,0.0014814,0.0006911,0.0009019,0.0014487,0.0017417,0.0032891,0.0044237,0.0208834,0.0257745,0.0552256,0.0519269,0.0580381,0.0776706,
56,1e-07,0.0003694,0.0006897,0.001445,0.0006979,0.0020034,0.0045506,0.0144836,0.0178724,0.0405376,0.0791583,0.063965,0.0602308,0.0537031,
57,1e-07,0.0003722,0.0003677,0.001445,0.0023893,0.0033008,0.0017935,0.009097,0.0277677,0.0180619,0.0832346,0.014574,0.0425956,0.0547352,
58,1e-07,0.0006452,0.0003646,0.000219,0.0017774,0.0020595,0.0031139,0.0076866,0.0206969,0.0240511,0.0311936,0.0526625,0.0578456,0.056055,
59,1e-07,0.000372,0.0006942,0.0012378,0.0006954,0.0020616,0.0028119,0.0131639,0.0314965,0.0417522,0.0432278,0.0769004,0.063339,0.0628637,
60,1e-07,0.0003729,0.0003661,0.0008965,0.0019863,0.0024405,0.0046604,0.0125813,0.017506,0.050708,0.0346644,0.0551841,0.0856851,0.0899485,
61,0.0,0.0016828,0.0006927,0.0020841,0.0019834,0.0044481,0.0105841,0.0212671,0.0120878,0.0364109,0.0505302,0.0754861,0.067694,0.0977183,
62,2e-07,0.0003781,0.0006963,0.0002165,0.0018092,0.0029679,0.0052775,0.0069985,0.0180655,0.0397469,0.0289555,0.0156327,0.040833,0.0866023,
63,2e-07,0.0003813,0.0009353,0.0019457,0.000409,0.000872,0.0020457,0.0109682,0.0260787,0.041062,0.0360025,0.0237528,0.0471969,0.0561336,
64,3e-07,0.0017098,0.0009372,0.0012573,0.0015595,0.0013206,0.0033338,0.0105828,0.0195023,0.0191827,0.0460037,0.0373661,0.0554981,0.0917237,
65,3e-07,0.0003808,0.0016809,0.0002159,0.0011986,0.0011878,0.0027431,0.0128955,0.0194806,0.038144,0.0463422,0.0284111,0.025395,0.0521059,
66,3e-07,0.0006369,0.0011533,0.0002151,0.0019031,0.0026386,0.0034522,0.0073424,0.0262188,0.0515196,0.0256747,0.0091036,0.0366353,0.0342894,
67,3e-07,0.0003864,0.0006912,0.0015193,0.0032305,0.0061312,0.0045547,0.0072544,0.0145503,0.0485733,0.0418282,0.0328407,0.0244137,0.021141,
68,2e-07,0.0003884,0.0011564,0.0014177,0.0006642,0.0015887,0.0032413,0.0039866,0.0156487,0.0185679,0.0290939,0.0378512,0.0358669,0.0450657,
69,3e-07,0.0003914,0.0015986,0.0009134,0.00183,0.0038073,0.0010664,0.0103614,0.0130141,0.024428,0.0466703,0.0429736,0.0251517,0.0438457,
70,2e-07,0.001095,0.0003597,0.0002116,0.0018314,0.0041386,0.0045539,0.0080512,0.0266211,0.0526975,0.0183791,0.022004,0.039591,0.022677,
71,2e-07,0.0006251,0.000361,0.0011352,0.0021612,0.0043562,0.006545,0.0140977,0.0153886,0.0499235,0.0337209,0.048948,0.0394413,0.0505581,
72,3e-07,0.0009803,0.0006917,0.0015236,0.0012675,0.0017087,0.0009443,0.0093374,0.0225768,0.0290883,0.037742,0.0531719,0.0347547,0.0563025,
73,3e-07,0.0003959,0.0015992,0.001234,0.0018344,0.0008543,0.0018388,0.0074753,0.0088634,0.0430696,0.0430866,0.028611,0.056051,0.0624566,
74,3e-07,0.0003929,0.0011591,0.0012628,0.0009488,0.0019574,0.0030346,0.0159174,0.0208981,0.0497387,0.0257902,0.0387193,0.0390753,0.026852,
75,2e-07,0.000391,0.001119,0.0009145,0.0009505,0.0025355,0.0042249,0.0097272,0.0202186,0.0265779,0.0202349,0.0242905,0.0315002,0.0247521,
76,2e-07,0.000632,0.0003569,0.0002128,0.000949,0.0011945,0.0014888,0.0055971,0.0080737,0.0305088,0.0284112,0.0678731,0.0659018,0.0236385,
77,2e-07,0.0003855,0.0006984,0.0022791,0.0004172,0.0013621,0.0024429,0.0067863,0.028065,0.0654055,0.0377659,0.0604756,0.075432,0.0273535,
78,2e-07,0.0003847,0.0003549,0.0002139,0.000919,0.001364,0.0015003,0.0048234,0.0355143,0.0654986,0.0460814,0.0237873,0.0385128,0.0303948,
79,2e-07,0.0006362,0.0009324,0.0002151,0.0014516,0.0005553,0.0020586,0.0064792,0.0300698,0.0812939,0.1044214,0.0811519,0.0630769,0.0634426,
80,2e-07,0.000638,0.0012968,0.0002161,0.0010653,0.001361,0.0014865,0.0038926,0.020301,0.084146,0.11102,0.0917362,0.1103562,0.1142373,
81,1e-07,0.0013697,0.0006984,0.0008708,0.0009115,0.0012325,0.000965,0.0027593,0.0191644,0.0531668,0.0729176,0.0735706,0.0630197,0.0530057,
82,1e-07,0.0003766,0.0003619,0.0002184,0.000687,0.0008733,0.001827,0.0055298,0.0268604,0.0515267,0.0342795,0.0732207,0.0403118,0.0388115,
83,1e-07,0.0003774,0.000971,0.0002183,0.0009075,0.0013073,0.0023892,0.0105686,0.0229885,0.0180164,0.0358048,0.0580444,0.057371,0.0485019,
84,1e-07,0.0006431,0.0003643,0.0009053,0.0013654,0.0013523,0.0027004,0.0093872,0.0277855,0.0273824,0.0328965,0.0580066,0.0617325,0.0474062,
85,1e-07,0.0003763,0.0003663,0.0012575,0.0010939,0.001723,0.001946,0.0116953,0.0174051,0.017836,0.0378629,0.0486231,0.0500544,0.0275837,
86,1e-07,0.0014756,0.0003642,0.000218,0.001453,0.0006534,0.0014293,0.0130611,0.016203,0.0325469,0.0303139,0.0401854,0.0185162,0.0736906,
87,1e-07,0.0003799,0.0011349,0.0002172,0.0009488,0.0005559,0.0017239,0.0088554,0.008287,0.0338278,0.0225774,0.0387877,0.0401072,0.047327,
88,1e-07,0.0006372,0.0006973,0.0014273,0.0009145,0.0011816,0.0018224,0.0093885,0.0073264,0.0443695,0.0321015,0.0413516,0.0089816,0.0359171,
89,2e-07,0.0003838,0.0003587,0.0002151,0.0009497,0.0005588,0.001063,0.0035297,0.0065626,0.0273818,0.028744,0.031284,0.01769,0.0465714,
90,2e-07,0.0006334,0.0011352,0.0011234,0.0018139,0.0006548,0.0014269,0.0040681,0.0240902,0.0261094,0.0514518,0.034383,0.0347377,0.0319365,
91,2e-07,0.0006321,0.0015899,0.0014217,0.0010825,0.0026746,0.0020624,0.0057784,0.0132187,0.0233957,0.0262416,0.0417776,0.0524621,0.0223546,
92,2e-07,0.00039,0.0007039,0.001402,0.0024456,0.0025861,0.0040763,0.0015915,0.0155402,0.0331911,0.038962,0.0418343,0.0521247,0.0236504,
93,2e-07,0.001097,0.0009538,0.0012345,0.0004332,0.0006524,0.0026394,0.00309,0.0105948,0.0380694,0.022146,0.0382298,0.0192138,0.0548971,
94,2e-07,0.0003936,0.000352,0.0015239,0.0004369,0.0014206,0.0014336,0.0035198,0.0124911,0.0196706,0.020799,0.0483211,0.039299,0.04868,
95,2e-07,0.0003948,0.0009529,0.0013994,0.0018742,0.0018255,0.0010558,0.0015167,0.0078215,0.015135,0.0352979,0.0327586,0.0393102,0.0481826,
96,2e-07,0.000398,0.0003517,0.0015903,0.0016397,0.0011108,0.0024465,0.0040759,0.0154746,0.0193236,0.0437022,0.051681,0.0296323,0.0223896,
97,2e-07,0.0006228,0.0003535,0.0011151,0.0009575,0.0012434,0.0010549,0.0047798,0.0079913,0.0315162,0.0394304,0.0576187,0.049337,0.0480689,
98,2e-07,0.0003952,0.0003533,0.0016513,0.0006566,0.0005752,0.0007094,0.0047208,0.0064934,0.0354766,0.0237563,0.0256947,0.0538049,0.0514658,
99,1e-07,0.0003955,0.0011287,0.0014225,0.0019739,0.0014235,0.0006763,0.0016393,0.0092599,0.0271014,0.0330535,0.033036,0.0540222,0.0516682,
100,2e-07,0.0003947,0.0007038,0.0009076,0.0006579,0.0012507,0.0007139,0.0017065,0.0104438,0.0354421,0.057784,0.0239158,0.0557731,0.0333747,
101,2e-07,0.0006277,0.0003549,0.0014264,0.0004456,0.0012188,0.0009367,0.0027435,0.0083662,0.0190161,0.0322691,0.01845,0.0429858,0.0437785,
102,2e-07,0.0009862,0.0011331,0.0015206,0.0004418,0.0007997,0.001627,0.0025415,0.0126678,0.0208333,0.0291037,0.0321546,0.0420934,0.0374213,
103,2e-07,0.000386,0.0003587,0.0011262,0.0004362,0.0013046,0.0009405,0.0016656,0.0210987,0.0419519,0.0389205,0.0268492,0.0457923,0.0571102,
104,1e-07,0.0011559,0.0009645,0.0011272,0.0014466,0.0012124,0.0007097,0.0008087,0.0115362,0.0229836,0.026071,0.027984,0.0633306,0.0740868,
105,1e-07,0.000383,0.0003628,0.0002181,0.0004331,0.0021002,0.0007082,0.0025577,0.0171038,0.0243472,0.0424203,0.038743,0.0462265,0.0269648,
106,1e-07,0.0003834,0.0009413,0.0002184,0.0006703,0.0012972,0.0007071,0.0021596,0.005379,0.0240662,0.0290156,0.0476307,0.0337545,0.0197718,
107,1e-07,0.000637,0.0011314,0.0012363,0.0013884,0.0014456,0.0017078,0.0029881,0.0085511,0.0194354,0.0414973,0.0537582,0.0486039,0.0157704,
108,1e-07,0.0006371,0.0003705,0.0002199,0.0012096,0.0005644,0.0007017,0.0037279,0.0081365,0.0165192,0.0194985,0.0378674,0.0554552,0.02395,
109,1e-07,0.0003842,0.0013057,0.0018321,0.0004392,0.0020931,0.0008248,0.0020533,0.0070778,0.0330881,0.0086822,0.0380662,0.062432,0.0311973,
110,1e-07,0.0006329,0.0006843,0.0009099,0.0004422,0.0005706,0.0015432,0.0007016,0.0053364,0.0134459,0.0112354,0.029548,0.0375879,0.0460034,
111,1e-07,0.0006308,0.0011117,0.0002168,0.0009577,0.0006401,0.0010683,0.0022826,0.0080127,0.0126332,0.0173652,0.0294024,0.029267,0.039231,
112,1e-07,0.0010474,0.0003661,0.0009089,0.0009204,0.0008524,0.0007021,0.0008519,0.0032308,0.0153644,0.0153825,0.0312535,0.0149009,0.0275052,
113,0.0,0.0010991,0.0009533,0.0002151,0.0004447,0.0012101,0.0006996,0.002985,0.0086138,0.0058635,0.0160987,0.0266016,0.0091538,0.0291475,
114,0.0,0.0006303,0.0003677,0.0009095,0.0013991,0.001213,0.0014276,0.0008595,0.0050813,0.0111174,0.0283512,0.0471016,0.0411376,0.0326657,
115,1e-07,0.000628,0.0013055,0.0009103,0.0009534,0.0020262,0.000696,0.0024707,0.0090606,0.015607,0.0289079,0.0224594,0.048134,0.0181669,
116,1e-07,0.0003903,0.0011205,0.0002149,0.0029224,0.0021438,0.0026645,0.0053517,0.0061999,0.0246656,0.0258787,0.0275812,0.0472344,0.0178977,
117,1e-07,0.0003905,0.0003685,0.0018303,0.0036463,0.0052518,0.0028372,0.0042178,0.0223468,0.0253047,0.0164187,0.0593887,0.0603008,0.0208683,
118,1e-07,0.0006303,0.0019488,0.0023613,0.0019889,0.0020073,0.0099415,0.0122255,0.0113414,0.0234576,0.0645323,0.054176,0.0414297,0.0192438,
119,2e-07,0.0025579,0.0044439,0.0094139,0.0129396,0.0091852,0.0039774,0.0318355,0.0398316,0.0304987,0.0707153,0.0699842,0.0157171,0.0330628,
120,1e-07,0.0009786,0.0023789,0.0057779,0.0069592,0.006679,0.0060245,0.020527,0.0352669,0.0209633,0.0793474,0.0672307,0.0196623,0.0431622,
121,1e-07,0.0014716,0.0006841,0.0022921,0.0023472,0.0029964,0.0066668,0.0096697,0.0127174,0.0140049,0.0381946,0.0567783,0.0516332,0.0442863,
122,1e-07,0.0003941,0.0003665,0.0009127,0.0009522,0.0017149,0.0010706,0.0036598,0.0092154,0.0100075,0.0245047,0.0651749,0.0399923,0.038539,
123,1e-07,0.0010935,0.0009612,0.0002133,0.0012221,0.0012509,0.0036922,0.001614,0.0186616,0.0104722,0.0122461,0.0200909,0.0128651,0.0241844,
124,1e-07,0.0003948,0.0003692,0.0014206,0.0004448,0.0006421,0.0015805,0.0027917,0.0129639,0.0196596,0.0218653,0.0248304,0.0167969,0.0164789,
125,0.0,0.0016965,0.000681,0.0014054,0.0004466,0.0005771,0.0014179,0.0028959,0.007148,0.0162886,0.0139084,0.0201035,0.0294121,0.0253951,
126,0.0,0.0010543,0.0006788,0.0014059,0.000446,0.0008012,0.0010721,0.001004,0.0062442,0.0169153,0.0207554,0.0259565,0.0119702,0.018878,
127,0.0,0.0009825,0.0003693,0.001264,0.001406,0.0018164,0.0010891,0.0018357,0.0071327,0.0190759,0.0215286,0.0226006,0.0319994,0.0036499,
128,0.0,0.0006312,0.0006785,0.0002168,0.0004412,0.0011697,0.0016658,0.0027098,0.0087298,0.0129354,0.0115106,0.028542,0.0247852,0.025844,
129,1e-07,0.0006335,0.0003708,0.0011298,0.0017971,0.0006418,0.0006987,0.0056949,0.0061251,0.0252658,0.0329966,0.044119,0.0279632,0.0274065,
130,1e-07,0.0006365,0.001127,0.0011322,0.0006652,0.0012963,0.0009527,0.0088037,0.0177655,0.0123962,0.0408007,0.0097681,0.0488573,0.0108112,
131,1e-07,0.0006391,0.0006755,0.0014361,0.0020561,0.0014102,0.000955,0.0044377,0.019748,0.0156741,0.0288708,0.0343803,0.0307264,0.0421828,
132,1e-07,0.0003778,0.0011293,0.001137,0.0013825,0.0005607,0.0018567,0.0029407,0.017638,0.018479,0.0124466,0.0429715,0.031527,0.0366339,
133,1e-07,0.0003756,0.0010967,0.0011378,0.0020193,0.0008022,0.0016332,0.0016201,0.015007,0.0165988,0.0313433,0.0341841,0.0423892,0.0384983,
134,1e-07,0.0009807,0.0015901,0.0018321,0.0012507,0.0011608,0.0006975,0.0073667,0.012409,0.0305756,0.0498373,0.0402731,0.054529,0.0471252,
135,1e-07,0.0003787,0.001128,0.001135,0.0018771,0.0030874,0.0059821,0.0171998,0.0156904,0.0253971,0.0514042,0.0337139,0.037594,0.0551086,
136,1e-07,0.0006372,0.0011034,0.0012361,0.0025595,0.0060449,0.0080843,0.0133427,0.0160012,0.0170252,0.0867951,0.0778468,0.0686823,0.0529619,
137,1e-07,0.0003836,0.0011226,0.0023509,0.0024534,0.0038465,0.0031033,0.0036113,0.0204048,0.0168502,0.0812877,0.0666146,0.0621566,0.0559139,
138,0.0,0.0012621,0.0011697,0.0014333,0.0024029,0.0061934,0.0136926,0.0114918,0.0218978,0.0078048,0.0784495,0.0499836,0.0636226,0.0447756,
139,1e-07,0.0003868,0.0025974,0.005198,0.008296,0.0079934,0.0059932,0.0068925,0.0337755,0.0173625,0.0248231,0.0294566,0.0347491,0.0455337,
140,1e-07,0.0010853,0.002349,0.0054588,0.0074664,0.0097564,0.0067883,0.0186874,0.0209065,0.0188225,0.0494044,0.0447601,0.036099,0.0258909,
141,1e-07,0.0016201,0.0024053,0.0079372,0.0101068,0.0188952,0.020187,0.0338959,0.0092528,0.0075275,0.0371701,0.0403801,0.0486416,0.021213,
142,1e-07,0.0024028,0.0081276,0.0063014,0.0117943,0.0122344,0.0145667,0.0373506,0.0387266,0.0415942,0.0722668,0.0790188,0.0397637,0.070427,
143,1e-07,0.0023224,0.0093004,0.0146527,0.013487,0.0199899,0.0201909,0.0373731,0.0370452,0.0744104,0.0734059,0.0736045,0.0206915,0.0649697,
144,1e-07,0.0021134,0.0060723,0.0118235,0.0135585,0.0187836,0.018433,0.0103079,0.0330626,0.0500505,0.0304872,0.049165,0.032675,0.0319132,
145,1e-07,0.002808,0.0022038,0.0063675,0.0115967,0.0161774,0.019344,0.0158467,0.0373895,0.0178468,0.0241032,0.0412466,0.0317974,0.0385051,
146,1e-07,0.0016301,0.0028959,0.002077,0.0048738,0.0059192,0.0094978,0.0267161,0.0110513,0.0345006,0.0182484,0.0349982,0.0268073,0.027481,
147,1e-07,0.0010531,0.001112,0.0016656,0.0027287,0.0033784,0.0028064,0.0164668,0.0136976,0.0297284,0.028277,0.0094426,0.029174,0.0382497,
148,1e-07,0.0006318,0.0003654,0.0014346,0.002004,0.0039361,0.0041583,0.0116803,0.0050131,0.005826,0.0245265,0.0266076,0.0262528,0.0192736,
149,1e-07,0.000388,0.0003656,0.0002158,0.001047,0.0019707,0.0017145,0.0105224,0.0355022,0.0145206,0.0209592,0.0321106,0.0518207,0.0087521,
150,1e-07,0.0003901,0.000363,0.000215,0.0004423,0.0005715,0.0010642,0.0017895,0.0036769,0.0082245,0.0260739,0.0161367,0.0326073,0.0105834,
151,1e-07,0.0003917,0.0006912,0.0002147,0.0016163,0.0012105,0.0010622,0.0009639,0.0026695,0.0144379,0.0188885,0.0205142,0.0252942,0.0268455,
152,1e-07,0.0003947,0.000694,0.0012352,0.0016435,0.0014497,0.0010587,0.0009617,0.0059543,0.0163932,0.0169446,0.0131264,0.0342364,0.0477906,
153,1e-07,0.0003952,0.000357,0.0009096,0.0018084,0.0017558,0.0008265,0.0024276,0.0080748,0.0216639,0.0357522,0.0387125,0.0459669,0.0345387,
154,2e-07,0.0003982,0.0007001,0.0008621,0.0009109,0.0008424,0.001053,0.0015451,0.007,0.0078829,0.0174426,0.0284091,0.0302019,0.0241209,
155,2e-07,0.0006216,0.0009491,0.0002117,0.0010215,0.0014268,0.0008281,0.002257,0.0107473,0.0505986,0.052644,0.077789,0.0620285,0.0287082,
156,2e-07,0.0003951,0.0007009,0.0021937,0.0018228,0.0012151,0.0010543,0.001696,0.0188613,0.0478472,0.0326508,0.0380709,0.0142621,0.0057127,
157,1e-07,0.0003933,0.0006971,0.0012696,0.0004481,0.0012157,0.0008294,0.0006713,0.0088078,0.0151022,0.0141415,0.0631076,0.0235848,0.0541551,
158,2e-07,0.0003904,0.0009449,0.0002146,0.0004442,0.0012138,0.0014177,0.0018278,0.0058815,0.0072593,0.0246446,0.0606298,0.0369097,0.0094505,
159,1e-07,0.0009844,0.0003607,0.0009062,0.0014539,0.0008003,0.0014347,0.0018026,0.0077919,0.0142327,0.0389757,0.0226061,0.0275245,0.0495493,
160,1e-07,0.0019122,0.0003631,0.0009069,0.0009132,0.002698,0.0052416,0.0067188,0.0098474,0.0153869,0.0413728,0.0177659,0.0380428,0.0867824,
161,1e-07,0.0003845,0.001677,0.000905,0.001675,0.0032285,0.0061282,0.0124767,0.016699,0.0137948,0.0137642,0.0477691,0.0197823,0.0302444,
162,1e-07,0.0006359,0.0018334,0.0043397,0.0032318,0.0047459,0.0050314,0.0117974,0.0152332,0.021008,0.0268536,0.0355282,0.0368368,0.0452857,
163,0.0,0.0023582,0.0060056,0.009837,0.01153,0.0087879,0.0068401,0.023633,0.0247184,0.0332417,0.048822,0.0320218,0.0194655,0.0376581,
164,0.0,0.0037732,0.0081017,0.0134288,0.0136511,0.0106189,0.0050371,0.0256727,0.004486,0.0415564,0.0526893,0.018725,0.020959,0.0496635,
165,0.0,0.0009782,0.0061947,0.0123334,0.0091617,0.0088199,0.0048494,0.0158835,0.0386967,0.0367908,0.0850435,0.0514894,0.0554793,0.0722064,
166,0.0,0.000379,0.009573,0.0165182,0.0182524,0.0197626,0.0229032,0.0051629,0.0286042,0.0312193,0.026231,0.0757231,0.0620228,0.0181054,
167,1e-07,0.0034047,0.0081876,0.011667,0.0182583,0.0202296,0.022834,0.0435299,0.0399325,0.0287119,0.0253733,0.0676206,0.0592798,0.0463756,
168,1e-07,0.0024112,0.005127,0.0110852,0.0168905,0.0226172,0.0258656,0.041173,0.0360088,0.0615401,0.0528412,0.0697271,0.0422912,0.0337827,
169,1e-07,0.0003766,0.0016537,0.0065396,0.0127844,0.0213071,0.0148098,0.0417912,0.0609975,0.0772456,0.0521532,0.0782095,0.0492744,0.0344326,
170,1e-07,0.0013877,0.0018865,0.0053149,0.0041773,0.0138398,0.0227246,0.0232272,0.0484477,0.024235,0.0249338,0.0363128,0.0153406,0.0273856,
171,1e-07,0.0006389,0.0033839,0.0058556,0.0090596,0.0170676,0.0156243,0.0266437,0.0339107,0.0073033,0.0221535,0.0409286,0.0448952,0.044123,
172,0.0,0.0012628,0.0018777,0.0015131,0.0093065,0.0098315,0.0079865,0.021506,0.0251392,0.0430505,0.043894,0.0432702,0.0580394,0.0518502,
173,0.0,0.0006405,0.0034601,0.005054,0.0079741,0.0062017,0.0122523,0.0239066,0.0096584,0.0417399,0.0272451,0.0503667,0.0706842,0.039423,
174,0.0,0.0003795,0.0013095,0.0024702,0.0024165,0.0021797,0.0048549,0.0110783,0.0363237,0.0301822,0.1032152,0.0249887,0.0428663,0.0109,
175,1e-07,0.0009808,0.0013023,0.0023759,0.0018428,0.0019508,0.0033275,0.0051829,0.0175537,0.0157048,0.0178695,0.0201253,0.0549757,0.0252635,
176,1e-07,0.0003818,0.0006905,0.0012618,0.0010863,0.0013023,0.0027801,0.003585,0.0167728,0.0185993,0.0212498,0.0227003,0.0594363,0.0230679,
177,2e-07,0.0006355,0.000693,0.0011278,0.0013515,0.0020004,0.0015143,0.005269,0.0133949,0.023238,0.0170162,0.0272227,0.0840432,0.0484866,
178,2e-07,0.0006376,0.0011361,0.001432,0.0009529,0.0007991,0.0015467,0.0143433,0.0183633,0.0424355,0.0348466,0.0495761,0.1049441,0.0931594,
179,1e-07,0.0011087,0.0011359,0.0012361,0.0015936,0.0012198,0.0015956,0.0191813,0.0355528,0.0528717,0.0138674,0.0167805,0.0887089,0.0680917,
180,1e-07,0.000377,0.0018858,0.0014351,0.0014461,0.0020519,0.0028537,0.0045977,0.0162527,0.0213284,0.038882,0.0331293,0.0680458,0.0694928,
181,1e-07,0.0006426,0.0011346,0.0002204,0.0012314,0.0024474,0.0018557,0.0029967,0.0229704,0.023835,0.0312353,0.0282495,0.0743289,0.0376286,
182,1e-07,0.000641,0.0003697,0.0011343,0.0015452,0.0008672,0.0023921,0.0057948,0.0178418,0.0215226,0.0281329,0.0314906,0.0612196,0.0336492,
183,1e-07,0.0010909,0.001133,0.0011374,0.0019521,0.0008698,0.0051425,0.004167,0.0183674,0.0203969,0.0483744,0.0583005,0.0249053,0.0614949,
184,1e-07,0.0003717,0.0009352,0.00087,0.0023082,0.00196,0.0009554,0.0116883,0.0237871,0.0380107,0.0802102,0.0449462,0.0638431,0.0691407,
185,1e-07,0.0003725,0.0011339,0.0011386,0.0017868,0.0030273,0.0037301,0.0173764,0.0095406,0.0288233,0.0806092,0.0789901,0.0934784,0.0750865,
186,0.0,0.0009789,0.0014322,0.0008971,0.0006862,0.0045576,0.0068871,0.0104383,0.0211949,0.0706541,0.1143854,0.0627657,0.1083806,0.0584323,
187,0.0,0.0019089,0.0011482,0.0032059,0.0056489,0.0083746,0.0071946,0.0110912,0.0360876,0.0362742,0.0622157,0.025946,0.061487,0.0567733,
188,0.0,0.00577,0.0054223,0.0082264,0.0101788,0.0081499,0.0086142,0.0361429,0.0677495,0.0717855,0.0740827,0.0629567,0.0740189,0.1328261,
189,0.0,0.0015343,0.0011828,0.0076396,0.0123178,0.0105114,0.0094571,0.0183849,0.036376,0.0463353,0.0911611,0.0842104,0.1187912,0.1648067,
190,0.0,0.0021159,0.0033504,0.001428,0.007901,0.0128102,0.014217,0.0156867,0.0466406,0.0963746,0.1178734,0.1058675,0.1450268,0.1776003,
191,1e-07,0.0046467,0.0097287,0.0200013,0.0331568,0.0466927,0.0531678,0.1210625,0.1520121,0.1503989,0.1576723,0.2178274,0.2828568,0.2555809,
192,1e-07,0.0042059,0.008526,0.0080642,0.0117529,0.0094337,0.0181059,0.0323629,0.1182054,0.1102062,0.100156,0.159535,0.1510433,0.153099,
193,1e-07,0.0003704,0.0021588,0.0011335,0.0011975,0.0020343,0.0047756,0.0302447,0.0118433,0.0486608,0.0506743,0.0769245,0.0743198,0.0872618,
194,1e-07,0.0003722,0.0011299,0.0024557,0.0017742,0.0050168,0.0030463,0.010921,0.028705,0.0679122,0.0948381,0.0434631,0.069201,0.0408139,
195,1e-07,0.0003721,0.0011306,0.002294,0.0019541,0.0021437,0.0025284,0.0091629,0.0318129,0.0521954,0.0895876,0.0659703,0.0789921,0.0717909,
196,2e-07,0.000645,0.0020791,0.0011416,0.0016177,0.0023968,0.0018099,0.0016864,0.0336253,0.0538164,0.0394737,0.0280782,0.05092,0.0831802,
197,2e-07,0.0015098,0.0013111,0.0002229,0.0010846,0.0006444,0.0021198,0.0113142,0.0316848,0.0053025,0.0267337,0.0250474,0.0641109,0.0820494,
198,1e-07,0.000641,0.0010971,0.0012567,0.0004282,0.0006426,0.0013924,0.0055955,0.0241257,0.0200431,0.041814,0.0205498,0.031185,0.0474527,
199,1e-07,0.0006386,0.0013107,0.0002216,0.0009179,0.0012886,0.0006968,0.0016611,0.010017,0.0217427,0.0368057,0.0278925,0.0233313,0.0225783,
200,2e-07,0.0003821,0.0012826,0.0014378,0.000664,0.0011429,0.0011024,0.0009661,0.0125688,0.0284205,0.0173618,0.0174562,0.0486751,0.0115499,
201,2e-07,0.000383,0.000675,0.0009003,0.000662,0.000855,0.0014179,0.0015938,0.0073804,0.0072941,0.0230522,0.0288629,0.0298299,0.0193879,
202,2e-07,0.0006338,0.0011256,0.0002199,0.0014015,0.000572,0.0008591,0.0009641,0.0091638,0.0239856,0.0227377,0.0370449,0.0282572,0.0485577,
203,2e-07,0.0006324,0.0006779,0.0002189,0.0015326,0.0008048,0.0007027,0.0017007,0.0102508,0.0278429,0.0343158,0.0349377,0.0110669,0.0235881,
204,2e-07,0.0009836,0.0003745,0.0002193,0.0006548,0.0011479,0.0011009,0.000737,0.0028445,0.0202843,0.0148264,0.0312994,0.0130418,0.0161029,
205,2e-07,0.0013791,0.0003726,0.0012364,0.0004532,0.0006347,0.0011009,0.0015966,0.0043997,0.0225725,0.0355296,0.0402266,0.0255701,0.0199053,
206,2e-07,0.000629,0.0006794,0.0002178,0.0014112,0.0008055,0.0008224,0.0007229,0.003589,0.0252169,0.0199488,0.0360493,0.023601,0.0077108,
207,2e-07,0.000984,0.0003729,0.0002176,0.0014608,0.0006343,0.0009804,0.0017802,0.003733,0.0192825,0.0244427,0.0595641,0.0155856,0.0156577,
208,2e-07,0.0009842,0.0003741,0.0012657,0.0010274,0.0005807,0.0008579,0.0007365,0.0023944,0.0268071,0.034564,0.0562528,0.0332785,0.0405992,
209,2e-07,0.0010446,0.000371,0.0002173,0.0004627,0.0012887,0.0010978,0.001518,0.0019787,0.0229604,0.0359774,0.0177736,0.0421119,0.0223413,
210,2e-07,0.0003949,0.000371,0.0011255,0.0014208,0.0005848,0.0008252,0.0008148,0.0022818,0.0091939,0.0093374,0.065335,0.0444212,0.0729145,
211,2e-07,0.0003949,0.0011157,0.0008642,0.001465,0.0016107,0.0010727,0.0008155,0.0078628,0.0225003,0.0253968,0.0304365,0.0211438,0.0977692,
212,2e-07,0.0011523,0.0011153,0.0009087,0.000638,0.0014277,0.0010708,0.0007403,0.0081164,0.0420144,0.0501045,0.0366202,0.0345605,0.0614977,
213,2e-07,0.0003983,0.00037,0.000911,0.0006353,0.0006293,0.0009778,0.0038568,0.0059848,0.020546,0.0306412,0.0189557,0.0447659,0.0250575,
214,2e-07,0.0006207,0.0003723,0.0014287,0.0004719,0.0006291,0.0014819,0.0034059,0.0080503,0.0122374,0.0472882,0.0333982,0.0592352,0.0259651,
215,2e-07,0.0003991,0.001119,0.0002155,0.0006308,0.0012886,0.0007006,0.0088729,0.0295456,0.0339249,0.0302376,0.025183,0.0205532,0.0127365,
216,2e-07,0.0003962,0.0013152,0.0009077,0.0006345,0.0008382,0.0026614,0.0038142,0.0227409,0.0209041,0.0439841,0.0255045,0.0648524,0.0401652,
217,1e-07,0.0003952,0.0013142,0.0002174,0.0012286,0.0011798,0.0008574,0.0025927,0.0151571,0.02108,0.0395937,0.0206615,0.0352748,0.0541475,
218,3e-07,0.0003938,0.0011125,0.0009108,0.0012281,0.0008394,0.0009847,0.0007476,0.0217915,0.031968,0.0319985,0.0262639,0.0280416,0.0394668,
219,3e-07,0.0003906,0.0011593,0.0012641,0.0018168,0.0014232,0.0008565,0.0015076,0.0164444,0.016198,0.0197337,0.0455498,0.0301061,0.0460893,
220,3e-07,0.000391,0.0003774,0.0009137,0.0006434,0.000629,0.0017072,0.0038826,0.0138821,0.0068162,0.0152248,0.0139499,0.0193125,0.037031,
221,3e-07,0.0006303,0.0003783,0.0012659,0.0006468,0.0006293,0.0006518,0.0031656,0.0126634,0.0239959,0.0216824,0.0310347,0.0158341,0.012885,
222,3e-07,0.0003894,0.0011184,0.001515,0.000647,0.0011476,0.0009959,0.0030415,0.0254003,0.0278012,0.0248783,0.0367011,0.0143215,0.0057082,
223,3e-07,0.0003862,0.0006695,0.0009184,0.0010173,0.0005808,0.0007063,0.004723,0.020179,0.0223341,0.0266779,0.0533166,0.047813,0.0449209,
224,3e-07,0.000385,0.0013101,0.0015132,0.0014466,0.0008484,0.0006476,0.0014889,0.0073208,0.040964,0.0135074,0.0378606,0.0360179,0.0542152,
225,3e-07,0.0011103,0.0006734,0.0013932,0.0006631,0.0008522,0.0008094,0.0014558,0.0121242,0.045943,0.0135744,0.0283273,0.0762718,0.0698012,
226,3e-07,0.0010342,0.0003745,0.0002239,0.0004497,0.001176,0.0007106,0.0021786,0.0171488,0.0395642,0.0164279,0.0402829,0.0696671,0.0743619,
227,3e-07,0.0014705,0.0009439,0.0019068,0.0012369,0.0006362,0.0009986,0.0014451,0.0187614,0.0220552,0.017562,0.0357556,0.0439525,0.0427234,
228,3e-07,0.0006414,0.0009416,0.000225,0.0015266,0.0008594,0.0020236,0.0087621,0.0166919,0.0413666,0.0253597,0.0178022,0.0355489,0.0393588,
229,3e-07,0.0003776,0.0009454,0.0016028,0.0006702,0.0011587,0.0027514,0.0056061,0.0194062,0.0316261,0.0264441,0.0230236,0.0427261,0.0455543,
230,3e-07,0.0006394,0.0006715,0.0008956,0.0013387,0.0008574,0.0008133,0.0022601,0.0147128,0.0179831,0.0481772,0.0231871,0.0624842,0.0471837,
231,3e-07,0.0003764,0.0006725,0.0008946,0.0006725,0.0011824,0.0009594,0.0032116,0.0206808,0.0169359,0.0385607,0.0333531,0.0407273,0.0337917,
232,3e-07,0.0006437,0.0003812,0.0022295,0.0010869,0.0022072,0.0010011,0.0028795,0.0177053,0.0161305,0.0379795,0.0361844,0.0479258,0.0636931,
233,3e-07,0.0006429,0.0009481,0.0002253,0.0013128,0.0006387,0.0009976,0.0020142,0.003984,0.0551015,0.0105096,0.0264456,0.0947318,0.0489396,
234,3e-07,0.0016775,0.002185,0.0014017,0.0016017,0.001752,0.0011116,0.0010344,0.0132057,0.0557241,0.0365984,0.0623553,0.0531244,0.0833986,
235,3e-07,0.0003738,0.0003828,0.0012374,0.000674,0.000865,0.0006967,0.0007982,0.0118741,0.0516662,0.049626,0.0962048,0.0791525,0.1124111,
236,3e-07,0.0003738,0.0003855,0.0012546,0.0016252,0.002072,0.0016375,0.0032058,0.0077562,0.0251587,0.0606217,0.1026558,0.1010634,0.097241,
237,3e-07,0.0003771,0.0010946,0.0014422,0.0009536,0.0011849,0.0016533,0.0032205,0.0197586,0.0148357,0.0555718,0.0604832,0.0785921,0.0812372,
238,2e-07,0.0003763,0.0011254,0.0014053,0.0006694,0.0008627,0.0008219,0.0053206,0.0219046,0.011825,0.0154698,0.015192,0.0370444,0.0617577,
239,2e-07,0.0003786,0.0006698,0.0002229,0.0012099,0.0005646,0.0010803,0.0007297,0.0153185,0.008392,0.0255661,0.0382927,0.0219982,0.0316447,
240,2e-07,0.0003784,0.0011281,0.0002228,0.0013129,0.0017303,0.0016884,0.0016257,0.0164531,0.0239942,0.029089,0.0223082,0.0347039,0.0255033,
241,2e-07,0.0003777,0.0006758,0.0002235,0.0009575,0.0011877,0.0011083,0.0016255,0.0125433,0.0348061,0.0264852,0.0254164,0.0374041,0.0145795,
242,3e-07,0.0006387,0.0006793,0.0015124,0.0006707,0.0017303,0.0015004,0.001788,0.012675,0.0290742,0.0387349,0.0109285,0.0347843,0.0160878,
243,3e-07,0.0003796,0.0009396,0.0002227,0.0004433,0.0005673,0.0015074,0.0025084,0.0159758,0.024024,0.0428814,0.0465359,0.033011,0.0576247,
244,3e-07,0.0003822,0.0006862,0.0009013,0.00045,0.0006368,0.0019272,0.0027138,0.0199009,0.0270023,0.0387339,0.0537436,0.0445056,0.0581322,
245,2e-07,0.0006362,0.000689,0.0012375,0.0008906,0.0005702,0.0008106,0.0015412,0.012005,0.0286654,0.0422295,0.0281788,0.0478906,0.0453789,
246,2e-07,0.0006362,0.0013024,0.0012666,0.0004455,0.0005693,0.0007119,0.0014408,0.0066007,0.0300752,0.0200567,0.01644,0.057697,0.0480293,
247,3e-07,0.0003854,0.0006846,0.0014398,0.0010228,0.0011885,0.0006545,0.0022786,0.0114929,0.0149873,0.020963,0.0318073,0.0531847,0.0288625,
248,3e-07,0.0006321,0.0003643,0.0014392,0.0009644,0.000806,0.0010616,0.0031792,0.0169762,0.0067149,0.0263173,0.0534666,0.0849949,0.096696,
249,3e-07,0.0003889,0.0009458,0.0002182,0.0009641,0.00142,0.001097,0.0018788,0.0175195,0.0138199,0.0482738,0.0455365,0.0257488,0.0889575,
250,2e-07,0.0009877,0.0003658,0.0022347,0.0020629,0.0011899,0.0009468,0.0016653,0.0079785,0.0103155,0.0494406,0.0331937,0.0201745,0.0824335,
251,2e-07,0.0006276,0.0003635,0.0009173,0.001273,0.0012887,0.0010602,0.0018652,0.0229418,0.0151701,0.0430702,0.0244917,0.0733107,0.1222004,
252,2e-07,0.0003948,0.0006896,0.0002163,0.0006497,0.0011513,0.0014845,0.0027131,0.0053771,0.0107989,0.0186208,0.0423291,0.0740375,0.1332729,
253,2e-07,0.0003943,0.0006851,0.0015194,0.0006471,0.0011886,0.0014057,0.0008282,0.0058519,0.0091022,0.0257307,0.021515,0.0604619,0.0839962,
254,3e-07,0.0011018,0.0011228,0.0009167,0.0009675,0.0011847,0.000861,0.0017193,0.0157448,0.0348773,0.045496,0.0761932,0.0824848,0.0653245,
255,3e-07,0.000396,0.0003634,0.0013968,0.0006465,0.0011564,0.000815,0.0029283,0.0258185,0.0266513,0.0476478,0.0802463,0.0750629,0.0300969,
256,3e-07,0.0006219,0.0003645,0.0013947,0.0016592,0.0013083,0.0010605,0.001791,0.0213699,0.0287902,0.042716,0.0389728,0.0125706,0.0459579,
257,3e-07,0.000397,0.0003676,0.0002163,0.0014567,0.0011839,0.0014829,0.0007403,0.007529,0.0315127,0.0142072,0.0259466,0.0542606,0.076941,
258,3e-07,0.0006235,0.0006825,0.0012731,0.0006421,0.0008085,0.0006571,0.0010256,0.012643,0.0561885,0.0577947,0.0643122,0.0761945,0.0535547,
259,3e-07,0.0009875,0.0014264,0.0009167,0.0004695,0.0012848,0.0011013,0.0016266,0.0048799,0.0286982,0.0513383,0.0309635,0.0182575,0.0321582,
260,3e-07,0.0006287,0.0003692,0.000918,0.0016146,0.0006306,0.000992,0.0018627,0.002285,0.0194284,0.0139539,0.0050645,0.0171026,0.0147052,
261,3e-07,0.0006307,0.0013058,0.0011314,0.0009023,0.0006324,0.0008132,0.0015921,0.0086274,0.0088798,0.0155124,0.0211981,0.0160379,0.0431522,
262,3e-07,0.0003862,0.0011061,0.0009013,0.0014087,0.0005775,0.0010695,0.0020755,0.0144117,0.0161084,0.0294435,0.0365479,0.0107827,0.0302321,
263,3e-07,0.0003879,0.0006758,0.0009175,0.00145,0.000631,0.0008596,0.0026887,0.0070129,0.013958,0.0281258,0.0187819,0.0310572,0.0148333,
264,3e-07,0.0006308,0.0012859,0.0020783,0.0018562,0.0011533,0.0008589,0.0014969,0.0059715,0.0178677,0.0175363,0.0301558,0.0477818,0.0353948,
265,3e-07,0.0003852,0.000375,0.000901,0.0009077,0.0006339,0.0007054,0.0024096,0.0052771,0.0163505,0.0233633,0.0139955,0.0416766,0.0283142,
266,3e-07,0.0003847,0.0003772,0.0011358,0.0006568,0.0006327,0.0008584,0.0014942,0.0107859,0.0225248,0.0169643,0.015836,0.0405459,0.0208574,
267,3e-07,0.000632,0.0009577,0.0009141,0.000914,0.0005784,0.0006524,0.0007911,0.0091187,0.0255776,0.0200079,0.0184546,0.0255982,0.0228721,
268,3e-07,0.0006337,0.0011206,0.0008998,0.0006546,0.0011507,0.0014982,0.0017698,0.0058314,0.017291,0.0168318,0.0237381,0.0195258,0.0175349,
269,3e-07,0.0006362,0.0009545,0.0012617,0.0004471,0.0011786,0.0009944,0.0014607,0.0095663,0.0125618,0.0052837,0.0370212,0.0256931,0.0079355,
270,3e-07,0.0003843,0.000664,0.0008985,0.0012188,0.0005759,0.0006981,0.0014674,0.0135901,0.0272552,0.0059022,0.0459505,0.0166739,0.0235451,
271,3e-07,0.000385,0.0011179,0.0009108,0.0006516,0.0008079,0.0008223,0.0044384,0.0166032,0.0362551,0.0179048,0.0466063,0.038502,0.0327365,
272,3e-07,0.0006372,0.0006621,0.0023575,0.0012152,0.0011804,0.0008214,0.0016492,0.0150924,0.0364127,0.0193446,0.0278398,0.0179851,0.0237984,
273,3e-07,0.0003803,0.0009574,0.0009123,0.0006583,0.0012786,0.001936,0.0087429,0.0227116,0.0434817,0.0357187,0.0112638,0.0263207,0.0638783,
274,3e-07,0.0003827,0.0006579,0.0009115,0.000958,0.000852,0.0014045,0.0091843,0.0227447,0.0385621,0.0443654,0.0109325,0.0497305,0.0635427,
275,3e-07,0.0014173,0.0003865,0.0008671,0.0004469,0.001178,0.0022438,0.0099693,0.0316976,0.0375975,0.0641392,0.0660016,0.0326706,0.0621439,
276,2e-07,0.0003867,0.0011145,0.0011351,0.001809,0.0011863,0.0008547,0.011927,0.0130598,0.0299595,0.0760726,0.0462506,0.0281667,0.0860731,
277,2e-07,0.0006332,0.0003882,0.0011585,0.0009565,0.0017534,0.0014927,0.0155315,0.0236659,0.0198498,0.0371514,0.0599816,0.032143,0.0583744,
278,2e-07,0.0003883,0.0006556,0.0002202,0.001474,0.0011547,0.0006857,0.0076397,0.0150905,0.01931,0.0172755,0.0582417,0.0519223,0.0677135,
279,2e-07,0.0003911,0.0009747,0.0014539,0.0004558,0.0006316,0.0019205,0.0050212,0.0184868,0.0214478,0.0366462,0.0187611,0.0305498,0.0724217,
280,2e-07,0.0013834,0.0006616,0.001408,0.0006371,0.0014241,0.0009588,0.0046051,0.0101852,0.0211274,0.0438675,0.0201285,0.0542832,0.0639151,
281,1e-07,0.0006272,0.000666,0.000907,0.0006388,0.0005828,0.0018419,0.002809,0.0139333,0.0246997,0.0040562,0.0134273,0.0310639,0.0315518,
282,1e-07,0.0006259,0.0006687,0.0012355,0.0015032,0.0005845,0.0010771,0.001638,0.0163779,0.0269144,0.0285769,0.0326345,0.0128709,0.0526898,
283,1e-07,0.0003949,0.000971,0.0012623,0.0009412,0.0006323,0.002664,0.002544,0.0145604,0.0348603,0.0153645,0.034242,0.0332887,0.0548488,
284,1e-07,0.0006284,0.0003812,0.0014306,0.0024699,0.0020897,0.0025314,0.002832,0.0184339,0.0283318,0.033963,0.040349,0.0250344,0.0484565,
285,2e-07,0.0003891,0.000384,0.0002191,0.0004498,0.0011881,0.0011023,0.0063621,0.0179722,0.0105545,0.034034,0.0223801,0.0261637,0.0362435,
286,1e-07,0.0006328,0.0003826,0.0002198,0.0004453,0.0008057,0.0014905,0.0059839,0.0091386,0.0288543,0.0524541,0.0303886,0.0387977,0.0756257,
287,1e-07,0.0006332,0.0011179,0.0011327,0.0004462,0.0011898,0.0016669,0.0028355,0.012153,0.0096875,0.0174413,0.006679,0.0647577,0.047369,
288,1e-07,0.0003875,0.0009588,0.0009068,0.0014053,0.0008506,0.0010992,0.0062149,0.0116223,0.0043578,0.0309886,0.0176167,0.072297,0.0336153,
289,1e-07,0.000386,0.0006737,0.0002191,0.0009218,0.0005718,0.001076,0.0036197,0.0116924,0.029158,0.0206748,0.0200023,0.0352493,0.0289495,
290,1e-07,0.0003878,0.0003728,0.0011296,0.0013309,0.0006388,0.0010744,0.0034101,0.0097134,0.0393765,0.0146303,0.0214298,0.0512699,0.0387283,
291,1e-07,0.0003903,0.0006792,0.000217,0.0013371,0.0011983,0.0008578,0.00074,0.0064438,0.0252059,0.030455,0.0205646,0.0299468,0.0266629,
292,1e-07,0.0009846,0.0011122,0.0012359,0.0018056,0.001604,0.0014825,0.0021119,0.0081729,0.0115861,0.0252047,0.0346573,0.0177171,0.0230151,
293,1e-07,0.0003915,0.0009635,0.0014333,0.0004565,0.0006355,0.001407,0.0015069,0.0092014,0.0142037,0.0193127,0.0541991,0.0215886,0.027414,
294,1e-07,0.000393,0.0011241,0.0009102,0.0018592,0.000804,0.0015422,0.0007015,0.0037614,0.0251076,0.0239456,0.0337232,0.0209678,0.024905,
295,1e-07,0.000985,0.0003658,0.0002153,0.000457,0.0005804,0.001685,0.001663,0.0044785,0.02218,0.029425,0.0107897,0.0277641,0.0171928,
296,1e-07,0.0006248,0.0006828,0.0002153,0.0004613,0.0006341,0.0007053,0.0017194,0.0051948,0.0247,0.0202559,0.0388023,0.050577,0.0037474,
297,1e-07,0.0003967,0.0006872,0.0014301,0.0009648,0.0008405,0.0007091,0.0028544,0.0083532,0.0183553,0.0167902,0.0262079,0.0435777,0.0299401,
298,1e-07,0.0003979,0.0011203,0.0002137,0.0014218,0.00084,0.0009712,0.0014638,0.0049803,0.0209155,0.0161641,0.0245163,0.0461211,0.0386622,
299,1e-07,0.0006206,0.0011179,0.0011203,0.0014646,0.000588,0.0008594,0.0007489,0.005752,0.0233952,0.0060045,0.035306,0.028825,0.0757923,
300,1e-07,0.0006204,0.0006851,0.000862,0.0004714,0.0005894,0.0010627,0.0016136,0.012431,0.0299377,0.0123694,0.0617538,0.0268731,0.0549366,
301,1e-07,0.0004009,0.0011251,0.0002131,0.0004743,0.001432,0.0007114,0.0026814,0.0135057,0.0357322,0.0027431,0.0396461,0.042401,0.0090738,
302,1e-07,0.000619,0.0003604,0.0002125,0.0009667,0.0011996,0.0008262,0.0016756,0.0251014,0.0298245,0.0276805,0.0424177,0.0218015,0.0334494,
303,1e-07,0.0003997,0.0009519,0.0015978,0.0010615,0.0013214,0.0010557,0.0009577,0.0188015,0.0259363,0.0211487,0.0498798,0.0371307,0.0164054,
304,1e-07,0.0004013,0.0003557,0.0009108,0.0016555,0.0008375,0.0008259,0.0016198,0.0123068,0.0103461,0.0094137,0.0171507,0.0637658,0.0409803,
305,2e-07,0.000619,0.0006985,0.0002113,0.0014584,0.000636,0.0009652,0.0010658,0.006424,0.0241633,0.0276017,0.0384888,0.039681,0.0706608,
306,2e-07,0.0010939,0.0007025,0.0009209,0.0010613,0.0008376,0.0015485,0.0010191,0.0136032,0.0234501,0.0372626,0.0524604,0.0734778,0.0732966,
307,1e-07,0.0011754,0.0025082,0.0040285,0.003615,0.0096806,0.0113643,0.0138659,0.0214939,0.0252713,0.0209233,0.0312968,0.0297428,0.0531479,
308,1e-07,0.0016435,0.0031483,0.0045766,0.0012154,0.003611,0.003694,0.0076821,0.0542455,0.0203694,0.0593851,0.0313497,0.0323065,0.0386209,
309,1e-07,0.0003886,0.0015694,0.0016912,0.0025072,0.0027459,0.0051959,0.0027431,0.016018,0.0202985,0.011438,0.0137685,0.023783,0.0187663,
310,0.0,0.0006301,0.001117,0.0023182,0.0012164,0.0020222,0.0040422,0.0076211,0.012881,0.0058623,0.0121585,0.0155374,0.0065142,0.0151075,
311,0.0,0.0006272,0.0006708,0.0011254,0.0023184,0.0006395,0.0014891,0.0034757,0.0023611,0.0165626,0.0099777,0.0227068,0.0285927,0.0258375,
312,0.0,0.0006265,0.0003726,0.0015954,0.0009439,0.002108,0.0014904,0.0021171,0.0097267,0.0072643,0.0251529,0.0265353,0.0088572,0.0333599,
313,0.0,0.0006237,0.00037,0.0011212,0.0016762,0.0012118,0.0016333,0.0020241,0.0120881,0.0220186,0.0189807,0.0245023,0.0092214,0.0309541,
314,1e-07,0.00139,0.0011143,0.0009146,0.0012302,0.0013343,0.0008446,0.0025952,0.016948,0.0041523,0.0243594,0.0244672,0.0577402,0.022392,
315,1e-07,0.0006229,0.0009557,0.0014574,0.0009414,0.0006413,0.0009563,0.0022514,0.0071129,0.0129477,0.0217125,0.0216769,0.0353713,0.0187719,
316,0.0,0.0004009,0.0006866,0.0002108,0.0009576,0.002247,0.001064,0.0017855,0.0042432,0.0123659,0.0108315,0.0182466,0.0321822,0.0658302,
317,1e-07,0.0006198,0.0003605,0.001154,0.0018157,0.0012206,0.0010622,0.0037176,0.0134115,0.0234089,0.0139895,0.0226936,0.0416987,0.0582588,
318,1e-07,0.0006176,0.0009654,0.0002092,0.0004599,0.001247,0.0014328,0.0030655,0.0178491,0.0182341,0.0133734,0.0135948,0.0452405,0.0319084,
319,1e-07,0.0010574,0.000967,0.000209,0.0014263,0.0011947,0.0009377,0.0020739,0.0104587,0.0102199,0.0187899,0.0515068,0.0454361,0.0488096,
320,1e-07,0.0004043,0.0009623,0.001272,0.0006339,0.000588,0.0010584,0.0020124,0.0155867,0.0077345,0.0420597,0.0286213,0.037622,0.0244602,
321,1e-07,0.000406,0.0011183,0.001415,0.0018803,0.0014331,0.0015602,0.0032073,0.0124147,0.0172436,0.0478419,0.0679978,0.0626797,0.1079162,
322,1e-07,0.0004088,0.0011361,0.0014135,0.000471,0.0012208,0.0008427,0.0006817,0.0065922,0.0169318,0.0283505,0.0701276,0.0505013,0.0258616,
323,1e-07,0.0004085,0.0011162,0.0002078,0.0013237,0.0013112,0.0008405,0.0020138,0.0023773,0.0191848,0.0384115,0.0720919,0.0634949,0.0293694,
324,1e-07,0.0006102,0.0006987,0.0008657,0.0009334,0.0006338,0.000839,0.0009047,0.0027137,0.0019438,0.0555418,0.058843,0.051585,0.0120627,
325,1e-07,0.0004124,0.0003535,0.0012344,0.0009692,0.0011965,0.0006803,0.0009386,0.0024229,0.0094628,0.0189667,0.0096756,0.0182172,0.0334582,
326,1e-07,0.0006059,0.0003532,0.000206,0.000935,0.0006303,0.00168,0.0015344,0.0025438,0.0129154,0.0105344,0.006221,0.0473321,0.0262343,
327,2e-07,0.0014083,0.0003515,0.0002057,0.0004957,0.0014458,0.0010466,0.0020177,0.0080028,0.0113488,0.0111981,0.0325918,0.0430054,0.0302709,
328,2e-07,0.0014483,0.0003509,0.0014128,0.0005021,0.0012559,0.0007165,0.0021796,0.0085212,0.0199953,0.0134293,0.0442689,0.0451559,0.0424275,
329,2e-07,0.0006008,0.0007065,0.0013979,0.0009767,0.0012011,0.0008335,0.0098739,0.0377343,0.0394016,0.0227148,0.0669122,0.0703278,0.050761,
330,2e-07,0.0006037,0.0003494,0.0009106,0.000976,0.0011967,0.0010434,0.0027519,0.0143842,0.0198779,0.0369114,0.048527,0.0287462,0.0342222,
331,2e-07,0.0009914,0.000971,0.0013851,0.0004995,0.0006083,0.0010468,0.00154,0.0066689,0.0108356,0.0129403,0.0617071,0.0322436,0.0710644,
332,2e-07,0.0006063,0.0006992,0.0002068,0.0013064,0.0014441,0.0007142,0.0008962,0.004322,0.0182163,0.0223059,0.0638414,0.0497355,0.0450412,
333,2e-07,0.0004135,0.0003564,0.0002074,0.001652,0.0014424,0.0008363,0.0025386,0.0062799,0.0046319,0.0302185,0.0366195,0.0337903,0.027345,
334,1e-07,0.0006099,0.0003572,0.0002077,0.0006215,0.0008273,0.000861,0.0021819,0.0035227,0.0073872,0.0126634,0.018154,0.0238411,0.0188368,
335,1e-07,0.0006089,0.0011395,0.0009024,0.0009406,0.0008028,0.0006826,0.0007683,0.0020025,0.0178059,0.0175047,0.0162925,0.0541912,0.010223,
336,1e-07,0.0004117,0.0009717,0.0002069,0.0004781,0.0018418,0.0015005,0.0006921,0.0028802,0.011161,0.0236952,0.0126049,0.0556285,0.0276939,
337,1e-07,0.000413,0.0006965,0.0009285,0.000479,0.000599,0.0014928,0.0007721,0.005838,0.0102236,0.0124628,0.0338079,0.0296047,0.0212048,
338,1e-07,0.000609,0.0003566,0.0008979,0.0009487,0.0005991,0.0009319,0.0020806,0.0073017,0.0085965,0.0324467,0.0572466,0.0432426,0.0196829,
339,2e-07,0.0004151,0.0003547,0.00093,0.0009643,0.0005996,0.0010541,0.0024713,0.0119809,0.0070771,0.0315277,0.0507971,0.0246525,0.0087925,
340,2e-07,0.0006049,0.0003527,0.001581,0.0009662,0.001458,0.0007066,0.0007792,0.0082917,0.0087422,0.0326139,0.0452562,0.0552974,0.0276901,
341,2e-07,0.0004177,0.000355,0.0011298,0.0004865,0.0006038,0.00093,0.0010493,0.0096352,0.0134612,0.0267881,0.033209,0.0610997,0.0243936,
342,1e-07,0.0004163,0.0009755,0.0002053,0.0013171,0.0012189,0.0010656,0.000776,0.0043775,0.0030356,0.0284631,0.0277384,0.0338017,0.0394132,
343,1e-07,0.0004157,0.0003584,0.0002058,0.0012649,0.0014438,0.0010677,0.0006968,0.0032054,0.0065041,0.0196239,0.0392311,0.0539943,0.0251814,
344,1e-07,0.0004155,0.0009759,0.0011544,0.0016742,0.0012117,0.0009497,0.0007734,0.0028915,0.0068266,0.0242596,0.0287382,0.0338312,0.018886,
345,1e-07,0.0006054,0.0009795,0.0014668,0.0010133,0.0006057,0.0010567,0.0008982,0.0035421,0.0158472,0.0246145,0.0151809,0.0246602,0.0362766,
346,1e-07,0.0004195,0.0003598,0.0014111,0.0004983,0.0013164,0.000842,0.000902,0.0035253,0.0124744,0.0134761,0.0369044,0.0160154,0.0168393,
347,1e-07,0.000419,0.0003592,0.0011048,0.0014822,0.0012609,0.0007077,0.0008684,0.0040007,0.025474,0.0459142,0.0378589,0.0338426,0.0318862,
348,2e-07,0.0004185,0.0009766,0.0002057,0.0009726,0.0008052,0.0010516,0.0007711,0.0089506,0.0187678,0.0351098,0.0264447,0.0334763,0.043742,
349,2e-07,0.0006003,0.0003545,0.0002048,0.0006048,0.0012062,0.0008375,0.0027868,0.010888,0.0154718,0.0193859,0.0452656,0.0663956,0.0392449,
350,1e-07,0.0010535,0.0003556,0.0009315,0.0009385,0.0012019,0.0008351,0.0036308,0.0166145,0.0152789,0.0351444,0.0574875,0.0570216,0.0268088,
351,1e-07,0.0004195,0.0006956,0.0009296,0.0005066,0.0014498,0.0010733,0.0020832,0.0136512,0.0181272,0.0735636,0.0365154,0.0527233,0.0357522,
352,1e-07,0.0004181,0.0011428,0.0002071,0.0010322,0.0008071,0.0016238,0.0121368,0.016829,0.0301448,0.0899247,0.0400123,0.0347677,0.0619581,
353,1e-07,0.0010799,0.0006924,0.0008594,0.0009892,0.00116,0.0023213,0.0169841,0.0104436,0.026236,0.0530887,0.0588267,0.0286193,0.0572135,
354,1e-07,0.0004223,0.0017142,0.0018543,0.001026,0.0018251,0.0014325,0.0123527,0.02822,0.015519,0.0289598,0.0372473,0.0302425,0.0416067,
355,1e-07,0.0004202,0.0017173,0.0002064,0.0005066,0.0024524,0.0014301,0.005192,0.0302013,0.0307847,0.0395724,0.0275292,0.0201623,0.0219883,
356,1e-07,0.0010562,0.0011367,0.0008623,0.000599,0.0020745,0.0007077,0.0028319,0.003705,0.0288523,0.0049034,0.0560294,0.0409229,0.0175992,
357,0.0,0.0005987,0.0003628,0.0025224,0.0005939,0.0011576,0.0009546,0.0024618,0.0167666,0.0119706,0.0515019,0.0503041,0.030233,0.018165,
358,0.0,0.0005979,0.0015345,0.0014051,0.0009562,0.0016283,0.0008415,0.006121,0.011282,0.0166975,0.042832,0.0631004,0.0688,0.0662465,
359,1e-07,0.0004259,0.0011305,0.0008641,0.0009993,0.0018241,0.0006843,0.0065797,0.0210072,0.0196562,0.0231104,0.0360912,0.0542982,0.0440518,
360,1e-07,0.0004247,0.0014206,0.0008648,0.0012638,0.0020269,0.0006839,0.00711,0.0216015,0.0226826,0.0211167,0.0430387,0.0611879,0.0378714,
361,1e-07,0.001062,0.0011539,0.0011267,0.0010014,0.0014553,0.0014934,0.0100131,0.0110834,0.010019,0.0154358,0.0493405,0.0864587,0.0763951,
362,1e-07,0.0005937,0.0019098,0.0008631,0.0005893,0.0018234,0.0015622,0.0119548,0.0170585,0.007511,0.0334875,0.0748601,0.080255,0.0789331,
363,1e-07,0.0004269,0.0009268,0.0017694,0.0005147,0.0012591,0.0008412,0.0041425,0.0118824,0.0192689,0.0314009,0.04193,0.0564127,0.0592864,
364,1e-07,0.0004263,0.0006975,0.0002031,0.0010237,0.001256,0.0008622,0.0037194,0.0169991,0.0267116,0.0225295,0.0788625,0.0435706,0.0475803,
365,1e-07,0.0004295,0.0011027,0.0011253,0.0009786,0.0012098,0.0006892,0.0016285,0.022126,0.0320249,0.0653082,0.0899811,0.0812158,0.0601652,
366,1e-07,0.0005937,0.0003518,0.0012883,0.0009462,0.0006223,0.0009251,0.0016569,0.0310131,0.0341184,0.0341515,0.0377843,0.0531964,0.0478262,
367,2e-07,0.0004273,0.0007038,0.0009376,0.0009924,0.0008053,0.0008411,0.0025029,0.0244947,0.0334309,0.0178503,0.0241475,0.0627083,0.0489996,
368,2e-07,0.0005947,0.0013008,0.000202,0.0014715,0.0006186,0.0010415,0.0024128,0.015702,0.0505985,0.0446519,0.0564301,0.0549152,0.0397599,
369,2e-07,0.0005967,0.0007078,0.0009379,0.0005067,0.0011364,0.0008643,0.0008383,0.0084077,0.0423733,0.0573164,0.0458,0.0623197,0.0506738,
370,3e-07,0.0004253,0.0011555,0.000861,0.0006069,0.0008126,0.0006888,0.0043807,0.0206799,0.0234579,0.0352241,0.0372136,0.0860908,0.0566166,
371,3e-07,0.0010777,0.0009745,0.0009073,0.0006072,0.0014524,0.0007196,0.0035138,0.0122561,0.0352307,0.0439953,0.0264296,0.0648422,0.0426159,
372,3e-07,0.0004214,0.0003492,0.000204,0.0006102,0.0012052,0.0014438,0.0014861,0.0062254,0.0185247,0.0376378,0.0564039,0.049355,0.051469,
373,3e-07,0.0006031,0.0003484,0.0002046,0.0006158,0.0013241,0.0010442,0.0029347,0.0076281,0.0161986,0.0766537,0.0567731,0.0289966,0.0410385,
374,2e-07,0.0006054,0.002193,0.0002055,0.0010077,0.0012024,0.000863,0.0024875,0.0049225,0.0088421,0.056259,0.0404976,0.0515091,0.0185912,
375,3e-07,0.0004131,0.0003495,0.0014141,0.0009283,0.0006001,0.000715,0.0014638,0.0077334,0.0060228,0.0342776,0.0271493,0.0705331,0.0275898,
376,2e-07,0.000611,0.0009629,0.000207,0.0004781,0.0014379,0.0008374,0.0019713,0.0087296,0.0147432,0.0342787,0.0396091,0.0762194,0.0590788,
377,2e-07,0.0006132,0.0007042,0.000208,0.0006351,0.0014355,0.0007145,0.0016281,0.0112875,0.0480032,0.0383616,0.0198869,0.0785685,0.065489,
378,3e-07,0.0004084,0.0003474,0.0014008,0.0014314,0.000636,0.0008328,0.0006573,0.0062544,0.0411463,0.0384126,0.0650043,0.1208174,0.1078119,
379,3e-07,0.0011136,0.0007099,0.0012819,0.000968,0.0013148,0.0008356,0.0006562,0.0110874,0.0309001,0.0476472,0.0385269,0.0737445,0.0924366,
380,3e-07,0.0004146,0.0011196,0.0009063,0.0018647,0.0008266,0.0009246,0.0037411,0.0032905,0.0115173,0.0282474,0.0382461,0.0728905,0.0717273,
381,2e-07,0.0006057,0.0007082,0.0009041,0.0013117,0.0006337,0.0010435,0.0008428,0.0055697,0.0188685,0.0192752,0.0424347,0.0824414,0.0968955,
382,2e-07,0.0004196,0.0007099,0.0011558,0.0004931,0.0012226,0.0009442,0.0020682,0.0091245,0.0135107,0.0361643,0.0320525,0.0717307,0.097056,
383,2e-07,0.0014493,0.0007072,0.0002033,0.0016599,0.0006088,0.0008635,0.0020086,0.0089928,0.0117529,0.0340795,0.0439138,0.0679661,0.0782472,
384,2e-07,0.000598,0.0003479,0.0009377,0.001031,0.001243,0.0010434,0.0051799,0.0084966,0.0163208,0.0709376,0.0195559,0.0228695,0.0922405,
385,2e-07,0.0004251,0.0009806,0.0008664,0.0019368,0.0012136,0.0009247,0.0026311,0.0040942,0.0348503,0.0404335,0.0101215,0.0179098,0.0897374,
386,2e-07,0.000598,0.0007,0.0014058,0.0006015,0.0006285,0.000709,0.002035,0.0087268,0.0158394,0.0240104,0.0155779,0.0295787,0.0631227,
387,1e-07,0.0004249,0.0003561,0.0002029,0.0009722,0.0008037,0.0007059,0.0017611,0.0199911,0.0040716,0.0085746,0.0224553,0.0530417,0.0497226,
388,1e-07,0.0004234,0.0003588,0.0011534,0.0014909,0.0012134,0.0007036,0.0034387,0.00907,0.0411041,0.0181003,0.0315875,0.0408831,0.0638276,
389,1e-07,0.0005998,0.0003618,0.0002041,0.0009621,0.0006118,0.0010587,0.0015797,0.0093989,0.0301128,0.0298565,0.0388029,0.012211,0.0416137,
390,1e-07,0.0010745,0.0014243,0.0008704,0.0004978,0.0011494,0.0008585,0.0024733,0.0165887,0.0143763,0.0227727,0.0384398,0.0654018,0.0504973,
391,1e-07,0.0006028,0.0013113,0.0002054,0.0010269,0.0012577,0.0010603,0.0020249,0.0134213,0.0199335,0.0191807,0.0231464,0.0711127,0.0486737,
392,1e-07,0.0014217,0.0006886,0.00139,0.0009538,0.0012009,0.0006856,0.0009143,0.0075124,0.0237375,0.0370973,0.0243592,0.0428741,0.0346656,
393,1e-07,0.0004202,0.0006929,0.001388,0.0014859,0.0006284,0.0010541,0.0016504,0.00857,0.0263335,0.0152376,0.0127231,0.022126,0.0321356,
394,1e-07,0.0004203,0.0011068,0.0008686,0.0004936,0.0006092,0.000847,0.001654,0.0137801,0.0229872,0.0047826,0.0159677,0.0252455,0.0333874,
395,2e-07,0.0004204,0.0003538,0.0008673,0.0016782,0.0008021,0.0010629,0.0009254,0.0012858,0.0144755,0.0341122,0.0129019,0.0160325,0.0427792,
396,2e-07,0.0009882,0.0011097,0.0008671,0.0016655,0.001449,0.0009269,0.0019909,0.0024983,0.0339245,0.0347849,0.0473775,0.0508295,0.064464,
397,2e-07,0.0006025,0.0003498,0.0014493,0.001012,0.0008016,0.0015642,0.0009279,0.0093185,0.0128984,0.0347716,0.0317267,0.0528604,0.0589869,
398,2e-07,0.0004202,0.0003473,0.0013839,0.0006133,0.0006074,0.0015304,0.002386,0.0100884,0.0130886,0.0233101,0.0480764,0.074957,0.0450552,
399,2e-07,0.0004176,0.00093,0.0009338,0.0009677,0.0014445,0.0010461,0.0024715,0.0108093,0.0203333,0.0179005,0.0745937,0.0969315,0.0391221,
400,2e-07,0.0004155,0.0007029,0.0011027,0.0015567,0.0006007,0.0015667,0.0025311,0.0050255,0.0223026,0.0490444,0.0256267,0.0245942,0.0221988,
401,2e-07,0.0006087,0.0012996,0.0002056,0.0009636,0.0005965,0.0009428,0.0021683,0.0075602,0.0289549,0.0405649,0.0427051,0.0165195,0.0340727,
402,2e-07,0.0011506,0.0003518,0.0011528,0.0013148,0.0011167,0.0006885,0.0030752,0.0181843,0.0136431,0.0705207,0.0421024,0.0337914,0.0346663,
403,2e-07,0.000408,0.0013002,0.0002071,0.0020644,0.0006401,0.0009328,0.0038969,0.0274983,0.0099797,0.0796931,0.0209969,0.0554014,0.0124476,
404,2e-07,0.0004098,0.0011372,0.0008719,0.0016587,0.0005926,0.0016883,0.0050112,0.0186269,0.0114172,0.0454585,0.0659719,0.0872451,0.0420468,
405,1e-07,0.0004078,0.0003595,0.0002076,0.0014266,0.0005905,0.0009365,0.0016878,0.0287427,0.0174396,0.0464543,0.0561951,0.0549525,0.0207393,
406,2e-07,0.0004087,0.0003616,0.0008754,0.0016558,0.0005899,0.0006942,0.0046943,0.0187614,0.0307302,0.0299732,0.0399861,0.0193812,0.0342439,
407,2e-07,0.0004101,0.0006861,0.0011085,0.000959,0.0014366,0.0008522,0.0066638,0.0091347,0.0127392,0.016982,0.0547839,0.043623,0.0425259,
408,2e-07,0.0009817,0.0003655,0.0008759,0.0012331,0.0005944,0.0008537,0.0022741,0.0101073,0.0182633,0.0295068,0.0404775,0.0602305,0.0239762,
409,2e-07,0.0006102,0.0009437,0.0002069,0.0016666,0.0006346,0.0008532,0.0007143,0.0092246,0.0086949,0.0375316,0.0445935,0.0334845,0.0371356,
410,1e-07,0.0004117,0.0006769,0.0002078,0.0006124,0.0006348,0.0009433,0.0016431,0.0103102,0.0242757,0.0194231,0.0254538,0.0226045,0.0447672,
411,1e-07,0.0006113,0.0003718,0.0011115,0.0009611,0.0012131,0.000946,0.0015344,0.0098133,0.026971,0.0686214,0.038682,0.043544,0.0189254,
412,1e-07,0.0004092,0.0003735,0.001149,0.0016675,0.0005943,0.0006818,0.0020364,0.0087537,0.0244064,0.0367084,0.0364015,0.0418745,0.0165419,
413,1e-07,0.0006139,0.0006672,0.0002098,0.0006117,0.0012087,0.0009493,0.0024987,0.0177867,0.0451183,0.046004,0.0502911,0.0185282,0.0326007,
414,1e-07,0.0004074,0.0014434,0.0008763,0.0006131,0.002131,0.000851,0.0016273,0.0070964,0.031209,0.0456697,0.0088416,0.0504286,0.0424439,
415,1e-07,0.0010842,0.0003802,0.0009145,0.0014314,0.0011391,0.0006807,0.0049781,0.012272,0.0256516,0.0418479,0.0635006,0.0590605,0.0455093,
416,1e-07,0.0006175,0.0013183,0.0008764,0.0006206,0.0014519,0.0006826,0.0053779,0.0123845,0.0450566,0.022399,0.006659,0.0572557,0.0326546,
417,1e-07,0.0004023,0.0003754,0.0011506,0.0004607,0.0008024,0.001853,0.0068617,0.0055743,0.0194082,0.0333325,0.0154948,0.0304304,0.0225196,
418,1e-07,0.000403,0.0003721,0.001118,0.0006261,0.001432,0.0010738,0.0017014,0.0067078,0.0157281,0.0349775,0.0268253,0.0296277,0.0137449,
419,0.0,0.000402,0.0003695,0.001118,0.0016548,0.001211,0.0006924,0.0007183,0.0020976,0.0165908,0.0337456,0.0207626,0.0267602,0.0207023,
420,0.0,0.0006178,0.0011268,0.0009005,0.0010343,0.0005896,0.0006962,0.0014921,0.0032839,0.0065298,0.0379119,0.0171303,0.0337343,0.0200238,
421,1e-07,0.0004035,0.0009676,0.0014192,0.0009391,0.0015134,0.0008395,0.0007605,0.0042261,0.0113483,0.025467,0.0262595,0.0435264,0.0195403,
422,1e-07,0.000404,0.0006863,0.0002107,0.001566,0.0014326,0.0009408,0.0015688,0.0037366,0.0012688,0.023787,0.0333983,0.047947,0.0405342,
423,1e-07,0.0004056,0.000691,0.0002099,0.0006302,0.0014521,0.0009374,0.0014756,0.0025752,0.0079021,0.0298365,0.0429911,0.0390397,0.0311083,
424,1e-07,0.0006139,0.0006939,0.0009071,0.0004779,0.0006321,0.0010547,0.0017916,0.0036443,0.0127398,0.0196668,0.0534235,0.0315847,0.0541016,
425,2e-07,0.001455,0.0003545,0.0002087,0.0012503,0.0014373,0.0008324,0.0015382,0.008212,0.0293784,0.0182081,0.0302343,0.0331068,0.0614775,
426,1e-07,0.0004083,0.0003551,0.0002084,0.0012326,0.0005959,0.000933,0.00076,0.012974,0.0348639,0.0151185,0.0276209,0.0572143,0.0603124,
427,1e-07,0.000405,0.0003559,0.0002096,0.0009254,0.0014337,0.0009595,0.002478,0.0038502,0.0067027,0.0172853,0.0613783,0.0264018,0.0665412,
428,1e-07,0.0006177,0.0011298,0.0017819,0.0016365,0.001211,0.0009379,0.0017009,0.0044879,0.0123346,0.0164005,0.0480366,0.0129251,0.0142244,
429,1e-07,0.000401,0.0006905,0.0009177,0.0004653,0.0012079,0.0009393,0.0024111,0.0013989,0.0066803,0.0281633,0.0356133,0.0417288,0.0698124,
430,1e-07,0.0003995,0.0009609,0.0009045,0.0010574,0.0005846,0.0010638,0.0016226,0.0019378,0.0135437,0.0135495,0.0259322,0.0573744,0.0799418,
431,0.0,0.0015496,0.0003657,0.0009162,0.0006368,0.000585,0.0009433,0.0009983,0.0052274,0.0110412,0.0133642,0.0141441,0.0329576,0.033194,
432,0.0,0.0003991,0.0011218,0.0002127,0.0006353,0.0012619,0.0008385,0.0015663,0.0038122,0.023166,0.0178864,0.0321277,0.013262,0.0221765,
433,0.0,0.0009811,0.0011127,0.0002128,0.0010427,0.0008413,0.0006917,0.0031186,0.0079602,0.027526,0.0119021,0.0218786,0.0210431,0.0247023,
434,0.0,0.0004007,0.0011092,0.0002125,0.0006284,0.0008386,0.0008428,0.0020904,0.0061807,0.0256792,0.0130101,0.0237757,0.0151482,0.0194763,
435,1e-07,0.0006187,0.0003762,0.0011192,0.0016549,0.0012043,0.0009594,0.0016442,0.0105066,0.0325076,0.0375098,0.0787904,0.0240108,0.0329846,
436,1e-07,0.0006168,0.0003761,0.0008973,0.0004683,0.0012041,0.0009496,0.0015655,0.0020214,0.0168172,0.0287649,0.0601145,0.0299165,0.0375396,
437,1e-07,0.0014655,0.0003785,0.0011335,0.0006164,0.0012669,0.001417,0.0007734,0.0115508,0.0218342,0.0247327,0.0175068,0.0093216,0.0394783,
438,1e-07,0.0004073,0.0003807,0.000875,0.0006113,0.000805,0.0019357,0.0007609,0.0074763,0.014439,0.05069,0.0115405,0.0467643,0.0468082,
439,1e-07,0.0004088,0.0006643,0.0014143,0.0010346,0.0017508,0.0017118,0.00091,0.0077796,0.0281002,0.0291584,0.0171525,0.0340064,0.0534891,
440,1e-07,0.0006119,0.0003763,0.0011326,0.0006098,0.0019172,0.0006777,0.0022164,0.0061003,0.0173109,0.0165023,0.0557853,0.0570468,0.0259728,
441,1e-07,0.0010629,0.0006704,0.0008993,0.0012954,0.0011462,0.0014905,0.0007451,0.0058265,0.0236632,0.0465351,0.0223613,0.0322144,0.050329,
442,1e-07,0.001415,0.0003736,0.0008712,0.0009618,0.0006307,0.0006914,0.0009994,0.003991,0.0114491,0.03061,0.0265037,0.0197237,0.0329239,
443,1e-07,0.0010589,0.000671,0.0014223,0.0014322,0.0005916,0.0006929,0.0009284,0.0029188,0.0198973,0.0381461,0.0166766,0.0343413,0.0259688,
444,0.0,0.001702,0.0003712,0.0009027,0.000627,0.0006319,0.0014946,0.0009878,0.0081426,0.0188645,0.0423614,0.0348021,0.0418092,0.0144287,
445,1e-07,0.0006185,0.0003689,0.0002124,0.0004702,0.0006316,0.0010678,0.0008256,0.0045932,0.0066321,0.0570278,0.0314807,0.0346448,0.02697,
446,1e-07,0.0006162,0.0006827,0.0008652,0.000627,0.0005937,0.001064,0.0007182,0.0021244,0.007074,0.0296541,0.0419538,0.0498636,0.0518764,
447,1e-07,0.0004056,0.0011137,0.0011163,0.0012538,0.001299,0.0008305,0.0015402,0.0111235,0.0372497,0.0362135,0.0601086,0.0428661,0.0528728,
448,1e-07,0.0006121,0.0011335,0.0013929,0.0012371,0.0008268,0.001488,0.0017994,0.0137284,0.0464415,0.0714764,0.0498091,0.0530011,0.0507916,
449,1e-07,0.0004097,0.0006913,0.0014201,0.0009303,0.000629,0.0009362,0.0009946,0.0287571,0.0087713,0.070791,0.0581175,0.0741581,0.0725785,
450,1e-07,0.0006127,0.0009701,0.0012752,0.000624,0.0006302,0.0010589,0.0015466,0.0051237,0.0094481,0.0445926,0.0520646,0.0350619,0.0384733,
451,1e-07,0.000411,0.0009742,0.0014171,0.0016539,0.0012619,0.0009379,0.0016915,0.0027315,0.0137645,0.0150955,0.034374,0.0740288,0.055938,
452,1e-07,0.0004116,0.0003611,0.0015882,0.0009428,0.0008037,0.0009364,0.0010313,0.0037739,0.0142803,0.0126788,0.0321017,0.0454991,0.0545545,
453,1e-07,0.0006127,0.0003625,0.0002091,0.0006231,0.0005952,0.0009563,0.000834,0.0029269,0.0079082,0.0149592,0.0354857,0.0368795,0.0360636,
454,1e-07,0.0006129,0.0003639,0.0002089,0.0010444,0.0014367,0.0006987,0.0016391,0.0020842,0.0031394,0.0237093,0.0318497,0.0382556,0.0351122,
455,1e-07,0.0004065,0.0006814,0.001702,0.0012311,0.0008341,0.001694,0.0032053,0.0053907,0.008424,0.0087934,0.0249215,0.059922,0.0343402,
456,1e-07,0.0004057,0.0009734,0.0008735,0.0009588,0.0005903,0.0014918,0.0030997,0.006295,0.0102022,0.0209631,0.0362374,0.0310644,0.0373515,
457,1e-07,0.0004041,0.0006776,0.0011161,0.0004597,0.0024888,0.001624,0.0046409,0.0111066,0.0236425,0.0157839,0.0147008,0.025328,0.0136216,
458,1e-07,0.000403,0.0006793,0.001414,0.000955,0.0006401,0.0010713,0.0037374,0.0254423,0.0285664,0.0283992,0.025685,0.0199835,0.0036003,
459,1e-07,0.0009784,0.0006776,0.0009187,0.000631,0.0005829,0.0006844,0.0129327,0.0307121,0.0319339,0.0126816,0.0203902,0.0203172,0.0190773,
460,2e-07,0.0006202,0.0003678,0.0012628,0.0010544,0.0008458,0.0016225,0.0056987,0.0370627,0.0190504,0.0222714,0.0312081,0.0421852,0.0420742,
461,2e-07,0.0004029,0.0011134,0.0014025,0.0009546,0.0008433,0.000941,0.0062394,0.0286505,0.0218926,0.0297697,0.0955577,0.0440046,0.034557,
462,2e-07,0.0009808,0.0013093,0.0014114,0.0012274,0.0005872,0.001069,0.0018249,0.008428,0.0169617,0.0233649,0.0634055,0.0633351,0.0538767,
463,2e-07,0.0004063,0.0003653,0.0002087,0.0018248,0.0005897,0.0008506,0.0009237,0.0087055,0.0227754,0.0087588,0.026856,0.0321246,0.0458506,
464,1e-07,0.0009813,0.0018996,0.0020601,0.000466,0.0005909,0.0009427,0.0009185,0.0103076,0.024873,0.0236722,0.0358901,0.0476081,0.0063653,
465,1e-07,0.0014136,0.0003662,0.0008728,0.0009567,0.0006358,0.0010679,0.0009772,0.0078299,0.0055937,0.0136248,0.0199037,0.0298267,0.0403959,
466,1e-07,0.0004094,0.0011324,0.0002086,0.0009601,0.0011328,0.0006911,0.000871,0.0062343,0.0049673,0.0222694,0.0228057,0.0392615,0.0466325,
467,1e-07,0.0004098,0.0009793,0.0008719,0.000963,0.0005972,0.0009428,0.0015941,0.0019317,0.0067701,0.0316991,0.0389627,0.0496019,0.0356806,
468,1e-07,0.0006112,0.0011073,0.0008998,0.0012962,0.0006311,0.0008444,0.0007723,0.0055636,0.0081624,0.0153859,0.0434328,0.0294046,0.0354974,
469,0.0,0.0006113,0.0006825,0.0009018,0.0010397,0.0013194,0.0006997,0.0007695,0.0036835,0.0096348,0.0134511,0.026814,0.0541357,0.024691,
470,0.0,0.0011491,0.0003649,0.0009024,0.0004876,0.0006031,0.0010624,0.0007204,0.0029231,0.0105068,0.0114504,0.0166759,0.0601163,0.0221585,
471,0.0,0.0010839,0.0021171,0.0011125,0.0009684,0.0006027,0.0008386,0.0007693,0.0050892,0.0173225,0.0164062,0.0210596,0.0085339,0.0675536,
472,0.0,0.0006123,0.0006783,0.0002102,0.0013125,0.0006009,0.0018394,0.0008977,0.0143164,0.0168822,0.0355608,0.0268262,0.0572648,0.0646007,
473,1e-07,0.0010847,0.0013498,0.0022428,0.0013174,0.0012727,0.0017924,0.0009018,0.0152605,0.0107987,0.023673,0.0536665,0.0851615,0.0562572,
474,1e-07,0.0006128,0.0016106,0.0008654,0.0004871,0.0008078,0.0006982,0.0053404,0.0298673,0.0081985,0.0898238,0.1488464,0.1010879,0.0560521,
475,1e-07,0.0004058,0.0017359,0.0008667,0.0020726,0.0008074,0.0009492,0.0037351,0.0115852,0.0313882,0.0236007,0.1052322,0.0997032,0.0141189,
476,1e-07,0.0004048,0.0003723,0.0009059,0.0015605,0.0014485,0.0009476,0.0025678,0.0214077,0.0184246,0.0370638,0.0558719,0.0549917,0.0482129,
477,1e-07,0.0004051,0.0011076,0.0002118,0.0009452,0.0014493,0.0009472,0.0007648,0.0062934,0.0238048,0.0188296,0.0287861,0.0577318,0.0511258,
478,0.0,0.0004075,0.0003708,0.0014195,0.0016572,0.0011822,0.0006964,0.0015606,0.0086687,0.0147959,0.0202742,0.0179651,0.0312923,0.0291516,
479,0.0,0.0006114,0.0006758,0.0002095,0.0016693,0.0014514,0.0014856,0.0009744,0.00821,0.0232402,0.0206627,0.0472572,0.0175054,0.015316,
480,0.0,0.0004119,0.0006783,0.0012722,0.0006116,0.0006288,0.0016399,0.0016334,0.0032277,0.0261789,0.0460168,0.0352002,0.0186068,0.0666323,
481,1e-07,0.000984,0.0003677,0.0014128,0.0009581,0.0008244,0.0016431,0.0015325,0.0033437,0.0278887,0.0282893,0.0604672,0.0399726,0.0380223,
482,1e-07,0.000608,0.0006796,0.0011096,0.0006093,0.0006011,0.0008493,0.0008947,0.0031502,0.0145052,0.032556,0.0368636,0.0243908,0.0629571,
483,1e-07,0.000607,0.0003647,0.0002066,0.0006099,0.0012145,0.0009388,0.0010202,0.0091314,0.0213253,0.0200937,0.049069,0.0651788,0.0671881,
484,2e-07,0.0006043,0.0003652,0.0002056,0.0014526,0.0006053,0.0008577,0.0007182,0.0090748,0.032359,0.0331557,0.040947,0.0739953,0.0793241,
485,1e-07,0.0006044,0.0003649,0.0011522,0.0006037,0.0012106,0.0008487,0.00091,0.0076168,0.0170465,0.0476184,0.0268585,0.0449369,0.0667295,
486,1e-07,0.0004178,0.0006784,0.0002063,0.0009661,0.0008043,0.0019494,0.0028608,0.0105181,0.0214964,0.0369443,0.0347655,0.0321243,0.0521154,
487,1e-07,0.000607,0.0009443,0.0020713,0.0010284,0.0011551,0.0006931,0.0029055,0.017298,0.0206616,0.0534672,0.0282064,0.067361,0.0277408,
488,1e-07,0.0004136,0.0011409,0.0008724,0.0009647,0.0006029,0.00069,0.0025373,0.0179459,0.0295131,0.0319041,0.0361466,0.069829,0.0313648,
489,1e-07,0.0006088,0.0014357,0.0013979,0.0010294,0.0012647,0.0006797,0.0038523,0.0454759,0.0366437,0.0230847,0.0559186,0.061772,0.0170102,
490,1e-07,0.0011541,0.001138,0.0014124,0.0010243,0.0015324,0.0006901,0.0022071,0.022158,0.0617524,0.017499,0.0372009,0.0426734,0.0117201,
491,1e-07,0.0006064,0.0013493,0.0014103,0.0006017,0.0019169,0.0008568,0.0007455,0.0124207,0.0127405,0.0333326,0.0449034,0.0382735,0.0349358,
492,0.0,0.0006045,0.0014301,0.0011283,0.001313,0.0012652,0.0008578,0.0008438,0.0092962,0.0160849,0.0394217,0.0415074,0.0526462,0.0221164,
493,0.0,0.0006046,0.0009403,0.0017788,0.0010298,0.0012724,0.0014294,0.0008412,0.0106559,0.0252843,0.0211982,0.0354505,0.063024,0.01398,
494,0.0,0.0004184,0.0003652,0.0008652,0.0019367,0.0011593,0.0020013,0.0026552,0.0154928,0.0263531,0.0149556,0.0472989,0.0322886,0.0634271,
495,0.0,0.0006053,0.0009416,0.0021615,0.0009457,0.0011564,0.0010792,0.0022308,0.0143896,0.043334,0.0363886,0.0621786,0.069807,0.0851554,
496,1e-07,0.0004173,0.0003685,0.0011255,0.0013063,0.0017502,0.0010637,0.0039233,0.0238006,0.0152213,0.0430119,0.0705743,0.1026272,0.096806,
497,1e-07,0.000606,0.0017268,0.0008646,0.0013073,0.0006114,0.0008368,0.0027219,0.0132678,0.03335,0.0357079,0.0414616,0.0581906,0.0933714,
498,1e-07,0.0004148,0.0013509,0.000209,0.0010137,0.0011579,0.0015154,0.0023015,0.0135152,0.042092,0.0207487,0.0398707,0.0736607,0.0639169,
499,1e-07,0.000412,0.0009505,0.0011284,0.0006058,0.0016216,0.0010851,0.0022856,0.0108196,0.0259706,0.0645461,0.0788132,0.1217452,0.0519306,
500,1e-07,0.001401,0.0011437,0.0014102,0.0010251,0.0028258,0.001639,0.0020959,0.0202295,0.0430477,0.0768789,0.0923065,0.1248357,0.1055407,
501,1e-07,0.0004103,0.0014408,0.0008714,0.0004848,0.000602,0.0006865,0.0046698,0.0290561,0.0394286,0.0711137,0.0558951,0.0692621,0.0965304,
502,1e-07,0.0004076,0.001363,0.0012465,0.00167,0.0012744,0.0006729,0.0025064,0.0122127,0.0369793,0.0419555,0.0363691,0.0287154,0.0219815,
503,2e-07,0.0009799,0.0011237,0.0011331,0.0010394,0.0018116,0.0014803,0.0026396,0.0121078,0.0327294,0.0622928,0.0545323,0.0251258,0.0361274,
504,1e-07,0.0004031,0.00115,0.0011345,0.0013394,0.000592,0.0008467,0.0009692,0.0131131,0.0339579,0.0411039,0.0282302,0.0451219,0.0447276,
505,1e-07,0.0004002,0.0011529,0.0015187,0.0006214,0.0012714,0.0017267,0.0020877,0.0146964,0.0198563,0.028227,0.0301272,0.045632,0.0133516,
506,2e-07,0.0009776,0.0015715,0.0002138,0.0012288,0.0006333,0.0014114,0.0035096,0.0108125,0.0276187,0.031765,0.0236753,0.0507868,0.0193705,
507,2e-07,0.0003987,0.000654,0.0002148,0.0004554,0.0017313,0.0020461,0.0048624,0.0112137,0.0335975,0.0224023,0.0167611,0.024604,0.029099,
508,2e-07,0.0009757,0.0009829,0.0014493,0.0012993,0.0012645,0.0009575,0.005979,0.0066943,0.0312538,0.0193207,0.0221217,0.0267454,0.0382216,
509,2e-07,0.0006246,0.0006589,0.0002147,0.0006287,0.0006369,0.0010897,0.00092,0.0060448,0.0057537,0.0127932,0.0146787,0.0384832,0.030168,
510,2e-07,0.0006258,0.000656,0.0009077,0.0012149,0.0005791,0.0008476,0.0009759,0.0112602,0.0137828,0.020438,0.0313552,0.0343088,0.0401292,
511,2e-07,0.0006281,0.0006538,0.0002164,0.0006323,0.0008474,0.0009616,0.0017505,0.0079363,0.0104436,0.0113234,0.0413117,0.0307248,0.0256133,
512,2e-07,0.0003941,0.0003849,0.0016027,0.0006347,0.0008483,0.0009588,0.0026866,0.0054196,0.0102477,0.0218245,0.0240112,0.0286193,0.0381736,
513,2e-07,0.000392,0.0006582,0.0009063,0.0006384,0.0008499,0.0006778,0.0035179,0.0142546,0.0128247,0.0302225,0.0186309,0.045009,0.0188548,
514,2e-07,0.0006318,0.000654,0.0008798,0.0010581,0.0011353,0.0009621,0.0065103,0.0075522,0.0163697,0.0252496,0.0132,0.0315153,0.0227495,
515,2e-07,0.00039,0.0003873,0.0008804,0.0010591,0.0008017,0.0009614,0.0084077,0.0130233,0.0189469,0.0204733,0.027249,0.0424518,0.0504236,
516,2e-07,0.0003893,0.0003845,0.0008787,0.0006447,0.000802,0.0009648,0.0138802,0.0225323,0.0169754,0.0195143,0.0293566,0.0483478,0.0444146,
517,2e-07,0.000387,0.0006566,0.0015904,0.0004325,0.0012672,0.001717,0.0057034,0.0202626,0.0306262,0.0589109,0.0241865,0.0405909,0.0425089,
518,2e-07,0.0003857,0.0003889,0.0002196,0.001065,0.0011312,0.0009637,0.0102947,0.0363262,0.0254613,0.0147394,0.0552589,0.0572529,0.0654782,
519,2e-07,0.0015367,0.0006579,0.0008935,0.0010767,0.0033741,0.0033112,0.0239878,0.0489544,0.02277,0.0110237,0.0575138,0.0719462,0.1001173,
520,2e-07,0.0003841,0.0006593,0.0011508,0.0029188,0.0050425,0.0100954,0.019281,0.0614184,0.0208592,0.0350493,0.0237826,0.0281102,0.0702685,
521,2e-07,0.0003818,0.001479,0.001593,0.0022735,0.0124165,0.016152,0.0183819,0.019372,0.0135381,0.0138781,0.0606084,0.068817,0.0645443,
522,2e-07,0.0011002,0.0003891,0.0012355,0.0004273,0.0026281,0.0064692,0.0225561,0.0207562,0.0269476,0.014681,0.0165463,0.0676106,0.0545998,
523,2e-07,0.0003833,0.0003921,0.0012489,0.0009467,0.0013306,0.0024291,0.0200292,0.0087215,0.051921,0.0490315,0.0377115,0.0594684,0.0653066,
524,3e-07,0.0006388,0.0006476,0.0002218,0.0012769,0.0012916,0.0009684,0.0054208,0.0120734,0.0410759,0.0349044,0.0468179,0.0249035,0.0640917,
525,3e-07,0.0006352,0.0009738,0.000895,0.0006447,0.0008561,0.0017898,0.0069134,0.0303642,0.0395252,0.0222166,0.061397,0.0454307,0.0615305,
526,3e-07,0.0006362,0.000644,0.0008926,0.0006436,0.0018936,0.0021597,0.0022925,0.0228944,0.0157614,0.0460631,0.0437555,0.0600113,0.0541157,
527,3e-07,0.0006363,0.0006398,0.0011414,0.0009458,0.0011613,0.0016306,0.007528,0.0147473,0.0171777,0.0219313,0.0306463,0.0795686,0.0606131,
528,3e-07,0.0003855,0.000402,0.0008976,0.0006407,0.0016806,0.0020348,0.0046783,0.017855,0.0314714,0.0278428,0.0057781,0.0620549,0.0707897,
529,3e-07,0.0003879,0.0013866,0.0014252,0.0004335,0.0013052,0.0008562,0.004417,0.014228,0.0370517,0.0297952,0.0547839,0.0685421,0.0792914,
530,3e-07,0.0006321,0.0013854,0.0012347,0.0011863,0.0020841,0.0017385,0.0053912,0.0205491,0.0292803,0.0237482,0.0357435,0.0520941,0.0520084,
531,3e-07,0.0006301,0.0017597,0.0002183,0.0009893,0.0008034,0.0016617,0.0029811,0.0176373,0.0237443,0.0242346,0.0390733,0.0328017,0.0460745,
532,3e-07,0.0003969,0.0013829,0.0011289,0.0010419,0.0011391,0.0011057,0.0043161,0.0114686,0.0487591,0.0523364,0.0434987,0.0409009,0.0412911,
533,3e-07,0.000399,0.001753,0.0014156,0.000619,0.0012925,0.0016291,0.0007907,0.006982,0.0457541,0.0364157,0.0361971,0.0500551,0.0453574,
534,3e-07,0.0004006,0.0010942,0.0012342,0.0009513,0.001169,0.0016616,0.0034816,0.018191,0.0299371,0.0104825,0.0268891,0.0409387,0.0341325,
535,3e-07,0.0003978,0.0011536,0.0012497,0.0015204,0.0020695,0.0015715,0.0049184,0.0101297,0.0202206,0.0165806,0.0271548,0.0468814,0.0270218,
536,3e-07,0.0003985,0.0017536,0.0015166,0.0006194,0.0006336,0.0006734,0.0028817,0.0123055,0.0089349,0.0350642,0.0235567,0.0564362,0.0233237,
537,3e-07,0.0014741,0.00097,0.0011465,0.0009536,0.0011696,0.0010995,0.0016729,0.0114223,0.0158982,0.0199882,0.0221202,0.0232185,0.0438558,
538,3e-07,0.0013965,0.0011504,0.0016029,0.0014665,0.0011725,0.0017959,0.0046164,0.0113767,0.0158704,0.0302814,0.0239075,0.0202063,0.0609245,
539,3e-07,0.001394,0.0026111,0.0015949,0.0006163,0.0018522,0.0028115,0.0038561,0.0142841,0.0287894,0.0270373,0.0200717,0.0288981,0.0304531,
540,3e-07,0.0006214,0.0018727,0.0008796,0.0004624,0.0018507,0.0009636,0.0009071,0.0308673,0.0494278,0.0287437,0.0273375,0.0355378,0.0274753,
541,3e-07,0.0004027,0.0009673,0.0015848,0.0012948,0.001753,0.0015655,0.0007926,0.0167399,0.0351208,0.0321936,0.0567948,0.0532488,0.0641944,
542,3e-07,0.0004003,0.0009714,0.0009071,0.000465,0.0008362,0.000848,0.0008368,0.0157834,0.0350932,0.0395651,0.0469582,0.0598661,0.0519298,
543,3e-07,0.0006242,0.0017514,0.0012565,0.0021246,0.0011518,0.0008467,0.0008197,0.0157075,0.0236872,0.0580165,0.0534531,0.0353559,0.0202235,
544,2e-07,0.0006207,0.0013707,0.0011254,0.0006176,0.0011516,0.0010905,0.0007754,0.0097094,0.0203843,0.057276,0.0460642,0.0223251,0.021035,
545,2e-07,0.0004002,0.0027512,0.0008946,0.001041,0.0011474,0.0015002,0.0015851,0.0091547,0.0102305,0.0273681,0.0388856,0.0490953,0.0329453,
546,2e-07,0.0006196,0.0003882,0.0012342,0.0009561,0.0008048,0.0006737,0.0030743,0.0086251,0.0114399,0.0538364,0.0239844,0.0546383,0.0476518,
547,2e-07,0.0004029,0.001373,0.0024007,0.0009809,0.0011671,0.0016254,0.0009009,0.0070085,0.046077,0.0163316,0.0365409,0.0425746,0.0481096,
548,3e-07,0.0006204,0.0017476,0.0011405,0.0006158,0.0008036,0.0017312,0.0017032,0.007411,0.0197269,0.0151469,0.0411499,0.104315,0.0907477,
549,3e-07,0.0004036,0.000966,0.0015863,0.0013565,0.0013025,0.0006655,0.001755,0.010861,0.0316516,0.0104531,0.0918131,0.0896621,0.0940713,
550,3e-07,0.0006219,0.0013746,0.0002138,0.0006155,0.0016065,0.0009495,0.0008961,0.0072097,0.0385247,0.0135651,0.1024395,0.0995984,0.0716015,
551,2e-07,0.0004042,0.0016308,0.0008851,0.0006146,0.0011321,0.0014102,0.0065921,0.0074028,0.0216064,0.0207348,0.0763776,0.0794104,0.0272052,
552,2e-07,0.0010769,0.0003876,0.001875,0.0019434,0.0011343,0.0006691,0.0074484,0.0104301,0.0514541,0.0504264,0.0371794,0.0705773,0.0571427,
553,3e-07,0.0004002,0.0017478,0.0011416,0.0006223,0.0011622,0.0014149,0.0123773,0.0141009,0.0383356,0.0318208,0.0474607,0.027693,0.0351187,
554,3e-07,0.0009736,0.000388,0.001144,0.0011983,0.000844,0.0016258,0.0106594,0.0145266,0.0160286,0.0315589,0.0644787,0.0397265,0.0306188,
555,3e-07,0.0003998,0.0006569,0.0002135,0.0006256,0.0017365,0.0009577,0.0057063,0.0091746,0.0170812,0.0229163,0.0484005,0.0396383,0.0675628,
556,2e-07,0.0003968,0.0003866,0.0011459,0.00063,0.0008476,0.0006703,0.0050707,0.0185894,0.0333294,0.0738408,0.0288603,0.045694,0.0822318,
557,2e-07,0.0006268,0.0019629,0.0002153,0.0006312,0.001256,0.0010946,0.0061674,0.0443046,0.050097,0.0520544,0.0459213,0.0411282,0.075578,
558,2e-07,0.0006276,0.0003853,0.0002154,0.001651,0.001161,0.001862,0.0044821,0.0313643,0.0515766,0.0488334,0.0807464,0.0543924,0.0693155,
559,2e-07,0.0014781,0.0003861,0.0011465,0.000436,0.0011641,0.0022597,0.0069976,0.0205711,0.0183105,0.0550845,0.0740485,0.0578613,0.0558809,
560,3e-07,0.0003916,0.0011606,0.0011455,0.0013036,0.0011654,0.0030726,0.0073414,0.0356129,0.0140981,0.0348392,0.0599678,0.0347906,0.0570484,
561,2e-07,0.0006323,0.0011071,0.0011447,0.0004302,0.0018561,0.0064547,0.0114253,0.0113783,0.0367582,0.0305945,0.0585255,0.0437381,0.048316,
562,3e-07,0.000389,0.0003868,0.0022034,0.0017172,0.0025896,0.0018415,0.0184691,0.014477,0.0164514,0.0637324,0.0448356,0.0687217,0.0599007,
563,3e-07,0.000635,0.0012776,0.0002186,0.0013064,0.0019443,0.0009605,0.0078655,0.0236723,0.0317572,0.0484526,0.0582598,0.0570696,0.0543607,
564,3e-07,0.0010734,0.0006486,0.001145,0.0013061,0.0006464,0.0017842,0.01641,0.0273413,0.033869,0.0463791,0.033323,0.0550483,0.0473337,
565,3e-07,0.0003883,0.0003939,0.001441,0.0012816,0.0019689,0.0015584,0.0050307,0.0218764,0.0417155,0.0287517,0.0165485,0.0445053,0.0295253,
566,3e-07,0.0013804,0.0003947,0.0009041,0.0009811,0.0016777,0.0024247,0.0073116,0.0147037,0.0330335,0.0343675,0.0336096,0.0293659,0.0377959,
567,3e-07,0.0006296,0.0009835,0.000217,0.0009472,0.0006407,0.0018406,0.0016085,0.0142287,0.0182535,0.0349406,0.0376977,0.0237827,0.0538337,
568,3e-07,0.0003941,0.0014621,0.0008854,0.0004411,0.000576,0.0006756,0.0022875,0.0112203,0.0305986,0.0476987,0.0392017,0.0383032,0.0691169,
569,3e-07,0.0006312,0.0003966,0.0008884,0.0006344,0.0017476,0.0009687,0.0025612,0.0149715,0.0354025,0.0387727,0.017317,0.0231236,0.0543367,
570,3e-07,0.0003915,0.0006464,0.0009032,0.0013024,0.00064,0.0010995,0.0007752,0.0085308,0.0343026,0.0175031,0.0321363,0.0297768,0.0443096,
571,3e-07,0.000394,0.0013762,0.0014262,0.000629,0.0014217,0.0014755,0.0015852,0.0054077,0.0222237,0.0433004,0.0517173,0.021402,0.0325128,
572,3e-07,0.0003924,0.0025867,0.0011466,0.0010496,0.0006376,0.0021609,0.0015966,0.0052967,0.0250287,0.033353,0.0373413,0.0462815,0.0375127,
573,3e-07,0.0006325,0.0006435,0.0002192,0.0006353,0.0011746,0.0006696,0.0026579,0.0103456,0.0334875,0.013919,0.0151196,0.0525078,0.0287699,
574,3e-07,0.0011775,0.0013284,0.0009037,0.0006324,0.0005768,0.0006698,0.0029326,0.0091002,0.0047486,0.0137586,0.0156541,0.0484503,0.0269461,
575,3e-07,0.0003934,0.0003958,0.0012348,0.0010483,0.0006353,0.0019911,0.0034597,0.0066751,0.0188886,0.013355,0.0220548,0.060197,0.0352293,
576,3e-07,0.000631,0.0009839,0.0012352,0.0018563,0.0011932,0.0008495,0.0015922,0.0167775,0.0235222,0.0101951,0.0304403,0.0394042,0.035956,
577,3e-07,0.0003897,0.0006446,0.0009008,0.0009498,0.0013057,0.0009678,0.0038635,0.01031,0.0292954,0.0209984,0.0341923,0.0342761,0.0321113,
578,3e-07,0.0006299,0.0006451,0.0009018,0.0013554,0.0012776,0.0016459,0.0025916,0.0095856,0.0286847,0.0242737,0.0555095,0.0464235,0.0271177,
579,3e-07,0.0003914,0.0019744,0.0002194,0.0014715,0.0020766,0.0023806,0.0022462,0.0089973,0.0140922,0.0513864,0.0407779,0.0239854,0.0171536,
580,3e-07,0.0003882,0.0003984,0.000899,0.0010542,0.0017582,0.0008491,0.0025228,0.0141192,0.0381807,0.0497589,0.0480172,0.045854,0.039808,
581,2e-07,0.0003884,0.000395,0.0002202,0.0010553,0.0014186,0.0020385,0.0074892,0.0515892,0.0548103,0.0390051,0.0573002,0.055652,0.0481588,
582,2e-07,0.0010626,0.0006485,0.0012519,0.0006408,0.0006368,0.0006758,0.0070199,0.0256562,0.0350259,0.0470769,0.0201677,0.0378263,0.0553088,
583,2e-07,0.0003854,0.0011584,0.001824,0.0010612,0.000636,0.0015751,0.0075471,0.0146211,0.0462746,0.036481,0.0678061,0.0193788,0.0574526,
584,2e-07,0.0006358,0.0006522,0.0008982,0.0004393,0.0008537,0.0006806,0.0089324,0.0269335,0.0498164,0.0823766,0.1002697,0.0364655,0.0525476,
585,2e-07,0.0006372,0.0010992,0.0009005,0.0013067,0.0008564,0.0019231,0.0067476,0.0275752,0.0503882,0.0671382,0.0180965,0.0543839,0.0572139,
586,2e-07,0.0003843,0.0003881,0.0008983,0.001553,0.0019582,0.0014834,0.0040023,0.0292914,0.0207734,0.0237335,0.0193936,0.0492519,0.0542189,
587,1e-07,0.0006348,0.001552,0.0002197,0.0006479,0.0012927,0.0027293,0.0008141,0.0234393,0.0169141,0.0245484,0.0423214,0.0475474,0.025669,
588,1e-07,0.0003862,0.0003836,0.0009021,0.0013567,0.0008554,0.0034844,0.008711,0.0304205,0.0470647,0.0384437,0.0325524,0.0373735,0.0449209,
589,1e-07,0.0011702,0.0011036,0.0009016,0.0018911,0.0018762,0.0034163,0.0061095,0.0338556,0.0470478,0.0464422,0.0416972,0.02308,0.0096719,
590,1e-07,0.0006333,0.0012767,0.0014314,0.0018925,0.0025551,0.002733,0.0027481,0.0248367,0.0423137,0.0178592,0.0212482,0.011284,0.0254387,
591,2e-07,0.0003872,0.0009682,0.000902,0.0013508,0.0006371,0.0011027,0.0050798,0.0129273,0.0369424,0.030711,0.0323425,0.0499604,0.0652067,
592,1e-07,0.0003903,0.000386,0.0018245,0.0014108,0.0014451,0.0009743,0.0021124,0.0163043,0.0436295,0.0376469,0.0633118,0.0686449,0.0596957,
593,1e-07,0.0006282,0.0006566,0.0008751,0.0014127,0.0006358,0.0010884,0.0046388,0.0246939,0.0128839,0.0344017,0.0652959,0.0474244,0.0883849,
594,1e-07,0.0003941,0.0003831,0.0002162,0.0009532,0.0011987,0.000958,0.0034227,0.0148279,0.0271556,0.0299925,0.0578266,0.0250486,0.0548224,
595,1e-07,0.0003972,0.0003825,0.0008755,0.0020055,0.0006356,0.0006714,0.0028823,0.007124,0.0126763,0.0186241,0.0497223,0.026972,0.0517891,
596,1e-07,0.0003979,0.0009648,0.0009102,0.0006309,0.0006362,0.0009619,0.0017616,0.0018799,0.029139,0.0197285,0.0454978,0.0127294,0.0503765,
597,1e-07,0.0003964,0.0003797,0.0008762,0.0014819,0.0008447,0.0009547,0.0017991,0.0103956,0.0351695,0.0227936,0.019995,0.0327657,0.0164712,
598,1e-07,0.0006238,0.0003803,0.0012589,0.0006295,0.0011803,0.0006795,0.0030299,0.0183221,0.0281953,0.0367847,0.0294191,0.0363744,0.0099414,
599,1e-07,0.0003969,0.0006612,0.0002144,0.0004466,0.0011305,0.0018358,0.0042921,0.0206505,0.0362848,0.0476558,0.0368765,0.0229396,0.0197311,
600,1e-07,0.0003975,0.000665,0.0014226,0.0014748,0.0008009,0.0009534,0.0076041,0.0166589,0.0497775,0.0408397,0.0471418,0.0371361,0.0364528,
601,1e-07,0.0003963,0.0003774,0.0008773,0.0009522,0.0008467,0.0010852,0.0108332,0.0202269,0.0387928,0.0295313,0.0189296,0.0276387,0.0300508,
602,1e-07,0.0006282,0.0011134,0.0008783,0.0012185,0.0005751,0.0015648,0.0091573,0.0206233,0.0119378,0.015322,0.0266859,0.0433345,0.0170142,
603,1e-07,0.0006283,0.0003799,0.0002149,0.0004389,0.0012554,0.0010854,0.0112296,0.0287075,0.025927,0.0394276,0.0324502,0.0350103,0.0518473,
604,1e-07,0.0003942,0.0003765,0.0016028,0.0012124,0.0020479,0.0031133,0.0064448,0.031602,0.0102869,0.03695,0.0343197,0.0184273,0.0250135,
605,1e-07,0.0006292,0.0006688,0.0009077,0.0021353,0.0024801,0.005216,0.0049764,0.0309105,0.0105165,0.0595447,0.0537557,0.0062452,0.0131508,
606,1e-07,0.001065,0.0003797,0.0022069,0.0030873,0.003411,0.0040546,0.0135154,0.0119432,0.0486945,0.0101312,0.0748992,0.0403776,0.0410922,
607,1e-07,0.0003907,0.0016906,0.0014485,0.0026885,0.0043975,0.0071772,0.0111845,0.0391945,0.0486986,0.022096,0.0509913,0.046893,0.0392001,
608,1e-07,0.0003912,0.0006725,0.0008787,0.0006479,0.0060793,0.0102437,0.0117063,0.0418831,0.0575085,0.0382857,0.0361438,0.0150762,0.0597634,
609,1e-07,0.0010927,0.000674,0.0009116,0.0029147,0.0045624,0.0083846,0.0090303,0.0335534,0.0329084,0.0231272,0.0323127,0.0228608,0.0645921,
610,1e-07,0.0003955,0.0003695,0.0002127,0.0009505,0.0018237,0.0024404,0.0147818,0.034628,0.0435447,0.0314725,0.0206961,0.0448608,0.0376174,
611,2e-07,0.0003979,0.0006822,0.0009157,0.0012698,0.0013131,0.000944,0.0138328,0.0162206,0.0360162,0.0210047,0.0446288,0.0360471,0.038321,
612,2e-07,0.0006219,0.0006861,0.0011502,0.0006418,0.0011941,0.0026532,0.0057956,0.0346964,0.0918274,0.0571253,0.062029,0.0577216,0.0886984,
