#Time_fs,0,50,100,150,200,250,300,500,750,1000,1250,1500,1750,2000,
1,1e-07,0.0001498,0.0002132,0.0004469,0.0009697,0.0002025,0.0015978,0.0069254,0.0119379,0.0153928,0.0175666,0.0262115,0.043047,0.0389922,
2,1e-07,0.0001506,0.001212,0.001275,3.75e-05,0.0009912,0.0016614,0.0063157,0.0273103,0.0278772,0.0086987,0.0326588,0.026115,0.0743007,
3,1e-07,0.0001521,0.0009256,0.000447,0.001451,0.0002059,0.0025232,0.0059979,0.0214911,0.0134627,0.0205298,0.0357558,0.0577233,0.0674023,
4,1e-07,0.0001558,0.0008139,0.0012594,0.0010187,0.0009929,0.0022781,0.0070756,0.0124855,0.0155633,0.0190488,0.0247242,0.0439838,0.0395583,
5,0.0,0.0001582,0.0013752,0.0004534,3.81e-05,0.0015726,0.002209,0.0018066,0.0074899,0.0098324,0.0329031,0.0288084,0.0178727,0.0483748,
6,1e-07,0.0001611,0.0013725,0.0009986,3.79e-05,0.0016108,0.0002676,0.0037049,0.0096116,0.0156831,0.0249507,0.0386526,0.0129979,0.052565,
7,1e-07,0.0001653,0.0010399,0.0010055,3.82e-05,0.0008054,0.0008112,0.0023045,0.0099246,0.0032456,0.0185545,0.027259,0.041926,0.0456778,
8,1e-07,0.0001686,0.0002028,0.0005862,3.87e-05,0.0002049,0.0012637,0.0035297,0.0042736,0.0150781,0.0321437,0.0558815,0.0197032,0.0468629,
9,1e-07,0.0001726,0.0010027,0.0015053,3.68e-05,0.0009711,0.0011753,0.0049791,0.0081133,0.0288879,0.0285308,0.0454055,0.0180514,0.0582544,
10,1e-07,0.0001762,0.0002006,0.0004805,3.71e-05,0.0002072,0.0009294,0.0027791,0.0067286,0.0280294,0.0132242,0.0610897,0.0383098,0.0209157,
11,1e-07,0.0001802,0.0001979,0.0005736,3.68e-05,0.0002064,0.0009308,0.0018079,0.0093552,0.0169748,0.0197733,0.0586465,0.0440466,0.0260778,
12,1e-07,0.0001811,0.0009097,0.0013515,0.0010373,0.0002047,0.0019956,0.0016741,0.0061818,0.0119121,0.0318999,0.0379697,0.0606026,0.0364376,
13,1e-07,0.0001813,0.0013826,0.0011955,3.98e-05,0.0012008,0.0022736,0.0038373,0.0117098,0.0138217,0.0303312,0.0534311,0.0738388,0.0637811,
14,1e-07,0.0001836,0.0001978,0.0011912,0.0010057,0.0012034,0.0013833,0.0023774,0.0140307,0.0212676,0.0348554,0.0687222,0.057227,0.0298109,
15,1e-07,0.0001879,0.0014858,0.0005608,3.89e-05,0.0012451,0.000804,0.0010218,0.0107264,0.0202669,0.0423962,0.0677334,0.0656196,0.066153,
16,1e-07,0.0014482,0.0017264,0.0009768,0.0014248,0.0010659,0.0021419,0.0091133,0.013268,0.02735,0.0193511,0.0356531,0.0291569,0.057091,
17,1e-07,0.0001878,0.0014786,0.0004953,0.0009874,0.0022892,0.0013815,0.0095782,0.0086078,0.0278154,0.0088221,0.0674098,0.014827,0.0260454,
18,1e-07,0.000192,0.0022639,0.0019409,0.0022193,0.0049733,0.0029518,0.0044818,0.0170687,0.011834,0.0191857,0.0437496,0.0157386,0.0300449,
19,1e-07,0.0016629,0.0001983,0.0010562,0.0043293,0.0067922,0.0091404,0.0023657,0.0243955,0.0180558,0.0470029,0.0659453,0.0561725,0.0494469,
20,1e-07,0.0011429,0.0024,0.0031833,0.0066713,0.0067946,0.0042202,0.0138025,0.0451839,0.0195925,0.0228898,0.056724,0.0437788,0.0202593,
21,2e-07,0.0012529,0.0012272,0.0040229,0.0063765,0.0098458,0.0212371,0.0125364,0.0230304,0.0214485,0.0198968,0.0366368,0.0417815,0.0539552,
22,2e-07,0.0001994,0.0010583,0.0038793,0.0013823,0.0040575,0.0057364,0.0184767,0.0109443,0.0296589,0.0282962,0.0332251,0.0534248,0.0542011,
23,3e-07,0.0015918,0.0043013,0.011578,0.0174455,0.0285911,0.0404171,0.0154715,0.043422,0.0784983,0.1038307,0.0597711,0.0821821,0.0673726,
24,3e-07,0.0009018,0.0047345,0.0162581,0.021391,0.032429,0.0302468,0.0321987,0.0505217,0.0623189,0.0508935,0.0395913,0.0729199,0.0667036,
25,3e-07,0.0011374,0.0062408,0.0093089,0.00946,0.0083202,0.0115653,0.0296282,0.0412141,0.053217,0.0087691,0.0574751,0.05236,0.0377569,
26,2e-07,0.0062823,0.0118481,0.0203847,0.0260964,0.0256156,0.0204832,0.0332312,0.0222834,0.0617586,0.05279,0.0654425,0.0316157,0.028223,
27,2e-07,0.001428,0.0063784,0.010983,0.0071053,0.0074732,0.0105,0.020436,0.0239982,0.0316296,0.068167,0.0696479,0.0182678,0.0410594,
28,1e-07,0.0001877,0.0026436,0.0047943,0.0043587,0.0030133,0.0083477,0.0240955,0.0225502,0.0330918,0.0550489,0.0435754,0.0373788,0.0353948,
29,1e-07,0.0001882,0.0009847,0.001543,0.0022252,0.0036719,0.0037344,0.0095928,0.0223321,0.0261321,0.0281907,0.0236889,0.0449213,0.0548242,
30,1e-07,0.0017098,0.0011702,0.0012629,0.0009998,0.005445,0.0042018,0.0049551,0.0110483,0.0226364,0.0305906,0.018653,0.0270889,0.0142458,
31,1e-07,0.0001915,0.0009825,0.0020524,0.0013863,0.0017999,0.0021127,0.0037879,0.0114399,0.0294695,0.0270536,0.0281676,0.0200282,0.0473394,
32,1e-07,0.0012657,0.0011159,0.0012157,0.0010441,0.0013178,0.0022094,0.0040643,0.0122976,0.0155214,0.0229878,0.0404596,0.0220613,0.0456441,
33,3e-07,0.0001953,0.0012338,0.0012153,0.0010162,0.0013162,0.0009237,0.0100789,0.0152127,0.02501,0.0323038,0.0476105,0.0315522,0.0387763,
34,2e-07,0.0008643,0.000975,0.0005402,4.82e-05,0.0002052,0.0019034,0.0068306,0.0194997,0.0316343,0.0421598,0.0571532,0.0363368,0.032022,
35,2e-07,0.0001954,0.0009117,0.0013504,0.0014224,0.0008026,0.0009196,0.0023835,0.011198,0.0256141,0.0543683,0.0200369,0.0375805,0.0262803,
36,1e-07,0.0001932,0.0010575,0.0005104,0.0009987,0.0022789,0.0008032,0.0064498,0.0025002,0.0168778,0.0213297,0.0162663,0.0220937,0.0175248,
37,1e-07,0.000189,0.0001955,0.0005471,4.68e-05,0.0016729,0.0011854,0.0051724,0.0099028,0.0342249,0.0453579,0.0192459,0.0151309,0.0128623,
38,1e-07,0.000188,0.0010602,0.0005472,0.001001,0.0010463,0.0035045,0.0182786,0.0097102,0.0259973,0.0380964,0.0151422,0.0522888,0.0270289,
39,1e-07,0.0008835,0.0012287,0.0019458,0.0037349,0.0045165,0.0042729,0.0044124,0.0227069,0.0234556,0.0440371,0.0446749,0.0302112,0.0106579,
40,1e-07,0.0009183,0.0009288,0.0005005,0.0017115,0.0040598,0.0042488,0.0062279,0.0240221,0.0294172,0.0227335,0.036135,0.0323841,0.0188055,
41,1e-07,0.002083,0.002289,0.000496,0.002483,0.0050232,0.0057114,0.0122541,0.0366598,0.0155326,0.0246888,0.0265929,0.0560669,0.0232352,
42,2e-07,0.0001921,0.0017674,0.0004981,0.0014252,0.0061574,0.0100134,0.01121,0.0278541,0.0596533,0.0416487,0.0384554,0.0503841,0.0277774,
43,2e-07,0.0009164,0.001397,0.0010893,0.0040828,0.0057314,0.0113519,0.0252201,0.0267752,0.0353859,0.0387422,0.0833848,0.0949099,0.0276341,
44,2e-07,0.0018097,0.0012281,0.0049174,0.0040792,0.0106864,0.016754,0.0228623,0.0261256,0.0274385,0.0413978,0.0995269,0.0457736,0.0620002,
45,2e-07,0.0019112,0.0030049,0.0035175,0.007799,0.0145626,0.0245406,0.0224927,0.0488625,0.0523638,0.0396928,0.0781906,0.0652199,0.1293009,
46,2e-07,0.0023885,0.0068636,0.0236322,0.0264644,0.0297733,0.0251341,0.0337266,0.0216036,0.0343591,0.0626933,0.0388211,0.0435183,0.0909663,
47,1e-07,0.0012531,0.005778,0.0079958,0.0102169,0.0066638,0.0072224,0.0231239,0.0391904,0.0195853,0.0981824,0.092608,0.1013728,0.104288,
48,1e-07,0.0012753,0.0010712,0.0020107,0.0052158,0.0050415,0.0043967,0.0200583,0.0529062,0.0229194,0.0680952,0.0755439,0.0865761,0.0828223,
49,0.0,0.0001864,0.0021125,0.0026252,0.0014208,0.0060688,0.008799,0.0290645,0.0743342,0.0256008,0.0295055,0.0355619,0.0929277,0.0523775,
50,0.0,0.0001848,0.0013326,0.0020498,0.0031776,0.0018371,0.0032288,0.0120856,0.0315162,0.0223778,0.0621038,0.0344783,0.0545166,0.1006996,
51,1e-07,0.0011314,0.001079,0.0010979,0.001373,0.0059377,0.0057868,0.0177306,0.0455959,0.0465687,0.0682665,0.0515417,0.0693542,0.0991697,
52,0.0,0.0001866,0.0013443,0.0005343,0.0014482,0.0010465,0.002093,0.0183034,0.0254716,0.0290904,0.0592524,0.0682529,0.1142607,0.1351176,
53,1e-07,0.0001879,0.0012351,0.0005329,0.0014069,0.0012277,0.0016412,0.016571,0.0111474,0.04487,0.0359602,0.0689516,0.0739628,0.0509012,
54,1e-07,0.0001899,0.0002039,0.0012339,0.0024896,0.0012073,0.0022082,0.0070658,0.0222664,0.0501959,0.0483793,0.0733507,0.0589805,0.0464198,
55,1e-07,0.0001931,0.0009338,0.0010015,0.0009957,0.0019042,0.003953,0.0103479,0.0152967,0.0451252,0.0489094,0.0481385,0.0488352,0.0409102,
56,1e-07,0.0011124,0.0010832,0.0005242,0.0010541,0.0012962,0.0021125,0.0086189,0.0262426,0.0282135,0.0553012,0.0501569,0.0812157,0.063227,
57,1e-07,0.0001965,0.00141,0.0005255,0.0022539,0.0015552,0.0002641,0.0117048,0.0235224,0.0431134,0.0524262,0.0683763,0.0581464,0.0975473,
58,1e-07,0.0008747,0.0009282,0.0018882,0.0019869,0.001602,0.0022708,0.0147373,0.0040003,0.030289,0.0725245,0.0584651,0.0944861,0.086955,
59,1e-07,0.0002012,0.0001976,0.0005196,0.0021957,0.0015833,0.0011513,0.0141711,0.0317652,0.0310876,0.0829932,0.0757101,0.0771577,0.0556485,
60,1e-07,0.0008722,0.0012364,0.0011621,0.0010511,0.0028698,0.0011506,0.0056025,0.0313209,0.0402891,0.1066381,0.0559048,0.055703,0.0671628,
61,1e-07,0.0012754,0.0009646,0.0013804,0.0009935,0.0014523,0.0035923,0.0050498,0.022514,0.0369932,0.0432942,0.0580382,0.0698003,0.0800471,
62,2e-07,0.0008682,0.001269,0.001084,0.0013935,0.0007952,0.0025887,0.0072708,0.0339121,0.024585,0.0644063,0.0175475,0.069504,0.0328537,
63,2e-07,0.0012442,0.0001914,0.0005232,0.0024165,0.0014123,0.0014355,0.0023919,0.0265675,0.0079472,0.0430116,0.0567845,0.0585039,0.064663,
64,3e-07,0.0002097,0.0009718,0.0011685,0.0010453,0.0012111,0.0013756,0.0208096,0.060447,0.049006,0.0572001,0.0763253,0.1063711,0.1577558,
65,3e-07,0.0014032,0.0009734,0.0005234,0.0014403,0.0026366,0.003257,0.0149302,0.0167379,0.0124042,0.0472923,0.0453112,0.0541014,0.0632994,
66,3e-07,0.000913,0.0001948,0.0018442,4.75e-05,0.000216,0.000915,0.0126378,0.0311742,0.0515633,0.044792,0.0568974,0.0869584,0.1302633,
67,3e-07,0.0011171,0.0012801,0.0011717,0.0019594,0.0035959,0.0080534,0.0085398,0.0388541,0.0618108,0.0447652,0.0534576,0.058838,0.1125328,
68,2e-07,0.0012459,0.0009835,0.0005099,0.0013735,0.0023428,0.0022243,0.0064635,0.0158539,0.0333571,0.0226769,0.0297961,0.0395678,0.0909335,
69,3e-07,0.0001999,0.0012884,0.0017449,0.0041157,0.0022095,0.0032069,0.0169824,0.0080106,0.0452513,0.02362,0.0116057,0.0358872,0.0539756,
70,3e-07,0.0001973,0.0009935,0.0005475,0.0022435,0.0041357,0.0035002,0.0072212,0.0175305,0.03216,0.0187384,0.031361,0.0581188,0.057312,
71,3e-07,0.0011459,0.0001955,0.0015361,0.0022449,0.0019683,0.0021204,0.0132483,0.0351426,0.0373588,0.0302304,0.0644502,0.0822412,0.0814896,
72,3e-07,0.000923,0.0001928,0.0005478,0.0014288,0.0022011,0.0021843,0.0116608,0.0282549,0.0299789,0.0447644,0.0667443,0.084066,0.0813749,
73,3e-07,0.0002034,0.0014879,0.0005414,0.0010225,0.002072,0.0019057,0.0099578,0.0357409,0.0423095,0.033087,0.0601784,0.0502108,0.0851333,
74,3e-07,0.0009196,0.0009909,0.0016393,0.0017444,0.0022732,0.0018769,0.0010751,0.0221293,0.0307123,0.0364701,0.04492,0.0275831,0.0631189,
75,2e-07,0.0002049,0.0009835,0.0009848,0.0017701,0.0025648,0.0011495,0.003018,0.0121618,0.0117099,0.0449938,0.0418888,0.0279102,0.0263232,
76,2e-07,0.001238,0.0001885,0.0005281,0.0010426,0.0007942,0.0008026,0.006761,0.0111038,0.0275429,0.0363409,0.0497663,0.010426,0.0309417,
77,2e-07,0.0002044,0.0009729,0.0005284,0.0017144,0.0012056,0.0009155,0.0026179,0.0155261,0.0214717,0.0827294,0.0617746,0.0105025,0.0236818,
78,2e-07,0.0009265,0.000187,0.001956,0.0009911,0.000977,0.0013683,0.0052648,0.0216962,0.0259314,0.0910455,0.0743296,0.0396092,0.0526613,
79,2e-07,0.0002033,0.0010688,0.000526,0.0014556,0.0023729,0.0009138,0.007486,0.0247441,0.0356224,0.0862573,0.0753518,0.0475201,0.0559872,
80,2e-07,0.0008675,0.0009637,0.0005235,0.0014558,0.0014126,0.0021071,0.007429,0.0227023,0.034928,0.0152755,0.0428791,0.0600888,0.0594126,
81,1e-07,0.0014632,0.0009597,0.0009906,0.0014201,0.0024964,0.0026007,0.0079069,0.0230432,0.037581,0.0131315,0.0339142,0.0616351,0.0800223,
82,1e-07,0.001261,0.0011046,0.0009972,0.0010524,0.0025843,0.0030864,0.0110043,0.0140276,0.0309772,0.0273695,0.0733281,0.075064,0.0570645,
83,1e-07,0.0001863,0.0009606,0.0009828,0.0009983,0.0015249,0.0011466,0.0097889,0.0301641,0.0260552,0.0090514,0.0868621,0.0581911,0.0399995,
84,1e-07,0.0008832,0.0009604,0.0009852,0.0017653,0.0002095,0.0015957,0.0093025,0.0347897,0.0288624,0.0401767,0.0642394,0.0632342,0.0600757,
85,1e-07,0.0001828,0.0002029,0.0004983,0.0021913,0.0013024,0.0035706,0.0076218,0.0172492,0.02084,0.0329437,0.0335579,0.0602847,0.0557179,
86,1e-07,0.001454,0.0009692,0.0005019,0.0022158,0.0035469,0.0068084,0.0103108,0.0182038,0.0298698,0.0391148,0.0214698,0.0332635,0.0448751,
87,1e-07,0.0001902,0.0009687,0.0020428,0.0020119,0.0007999,0.0011881,0.0039089,0.0178181,0.0211627,0.0370832,0.0448079,0.0510144,0.0483348,
88,1e-07,0.0012604,0.0016201,0.0005401,0.0014464,0.0002085,0.0014402,0.0045792,0.013976,0.0065827,0.026369,0.0372246,0.0500177,0.0514937,
89,2e-07,0.0001966,0.0001921,0.0005366,4.97e-05,0.0012425,0.0009143,0.0009951,0.0108883,0.020161,0.0214716,0.0095054,0.0297167,0.0635593,
90,2e-07,0.0001999,0.001685,0.0011908,0.0010478,0.0009752,0.0013702,0.005748,0.0163972,0.0395243,0.0580594,0.0368734,0.0254211,0.0469539,
91,2e-07,0.000863,0.0001881,0.0005335,0.001423,0.0015812,0.0009185,0.0059484,0.011827,0.0348366,0.0497183,0.0277706,0.0256769,0.0159577,
92,2e-07,0.0012341,0.0009771,0.0005307,4.93e-05,0.0007989,0.0002764,0.0030894,0.0089507,0.0268511,0.0294941,0.0402898,0.0432039,0.0152261,
93,2e-07,0.0002037,0.0001866,0.0009852,4.67e-05,0.0007996,0.0013646,0.0022965,0.0238356,0.0300615,0.0440058,0.0268671,0.02901,0.0389422,
94,2e-07,0.0002004,0.0001866,0.0005216,0.0009959,0.0002057,0.0002777,0.0053273,0.0353666,0.0251809,0.0444951,0.0128171,0.0436626,0.046676,
95,2e-07,0.0016447,0.0014804,0.0009929,4.36e-05,0.0002061,0.0013628,0.0051091,0.0181462,0.0330439,0.0113485,0.0254789,0.0548467,0.0403157,
96,2e-07,0.0009085,0.0009898,0.0017386,0.0010182,0.0002048,0.0013767,0.0022542,0.0159588,0.0217639,0.0183158,0.0316478,0.0363189,0.0108504,
97,2e-07,0.0016437,0.0009927,0.001885,0.0010158,0.000205,0.0009023,0.0008302,0.012894,0.0173253,0.0157081,0.0308557,0.0667039,0.0635274,
98,3e-07,0.0001897,0.0013945,0.000971,4.29e-05,0.0018615,0.0011369,0.0037573,0.0096354,0.010781,0.0221232,0.0506031,0.0396188,0.0473481,
99,1e-07,0.0001855,0.0013361,0.0005645,0.0017611,0.0009761,0.0011361,0.0018668,0.0117558,0.0180065,0.0089328,0.0513772,0.0415784,0.0597894,
100,2e-07,0.0009486,0.0011169,0.0005061,0.00101,0.0009895,0.0002791,0.0016719,0.0093854,0.0299639,0.0434472,0.0362652,0.0460471,0.0403732,
101,2e-07,0.000181,0.0001921,0.0010015,0.0010031,0.0009719,0.001635,0.0049316,0.0083002,0.0297871,0.0328202,0.0222087,0.0406214,0.0465169,
102,2e-07,0.000179,0.0013434,0.0012343,4.79e-05,0.0002004,0.0013637,0.0057724,0.0088661,0.0177182,0.0159993,0.0282531,0.0322131,0.0278483,
103,2e-07,0.0001777,0.0009728,0.0014844,4.85e-05,0.0002021,0.0009221,0.0020942,0.0118747,0.0253497,0.0499962,0.0669079,0.0686988,0.0439134,
104,1e-07,0.0001729,0.0014595,0.001011,4.92e-05,0.0002019,0.000909,0.0034546,0.0105334,0.0599877,0.0440772,0.0621926,0.03634,0.024647,
105,1e-07,0.0017104,0.0002014,0.000569,5.06e-05,0.0013641,0.0009196,0.0043704,0.0091663,0.0445497,0.0353311,0.0433521,0.0250965,0.032127,
106,1e-07,0.0012662,0.0009732,0.000483,0.0009998,0.0015722,0.0008064,0.0014551,0.0103037,0.0408663,0.0371656,0.0515884,0.0237901,0.0381899,
107,1e-07,0.0001616,0.0002073,0.0005788,0.00101,0.0009557,0.000269,0.0022884,0.0026028,0.0443843,0.046182,0.0416471,0.0377754,0.0279152,
108,1e-07,0.000904,0.0010672,0.0019103,0.0017695,0.0014039,0.0013806,0.004405,0.0104061,0.0384541,0.0504417,0.034755,0.0581309,0.0275084,
109,1e-07,0.0009128,0.0002119,0.0009757,0.0010138,0.0014042,0.0002664,0.0045344,0.010124,0.0262337,0.0251549,0.0484949,0.0390365,0.0680113,
110,1e-07,0.0009012,0.0012248,0.0019971,0.0009899,0.0002043,0.0009233,0.0008446,0.008197,0.0150314,0.0280685,0.0433466,0.0454419,0.0345058,
111,1e-07,0.0008999,0.0002075,0.0005873,0.0017157,0.0009594,0.0008099,0.0014953,0.0115614,0.0270201,0.0221066,0.0385343,0.0342712,0.0534444,
112,1e-07,0.000166,0.0010516,0.000474,0.0010108,0.0009627,0.0011812,0.0031215,0.0044891,0.0118042,0.0288912,0.0291771,0.0251885,0.0556278,
113,0.0,0.0001682,0.0002054,0.0005817,4.05e-05,0.0009645,0.0009261,0.0055393,0.0071279,0.0123942,0.0330099,0.0147591,0.0358182,0.0142423,
114,0.0,0.0009314,0.0009239,0.0004742,0.000962,0.0008017,0.001183,0.0056892,0.0113172,0.0152513,0.0316302,0.0345715,0.0234011,0.0247922,
115,1e-07,0.0001759,0.0009201,0.0004771,0.0009933,0.0013004,0.0022809,0.012166,0.0180705,0.0234689,0.0334771,0.0509978,0.0329347,0.0306551,
116,1e-07,0.0001769,0.0010439,0.0005713,0.0010353,0.0024114,0.0029046,0.0176695,0.0381307,0.0367061,0.0433885,0.0426998,0.0454213,0.0327227,
117,1e-07,0.0008885,0.0002042,0.0019318,0.0033258,0.0046673,0.0047811,0.0363351,0.0299723,0.035018,0.0379991,0.0513146,0.0413335,0.0593942,
118,1e-07,0.0001849,0.0002052,0.002573,0.0070598,0.0123007,0.0159688,0.0346664,0.0496831,0.0499411,0.0397924,0.0214329,0.0319281,0.0360467,
119,2e-07,0.0025596,0.0066644,0.0093677,0.0110099,0.0114175,0.0079295,0.025113,0.0706599,0.0588027,0.0383732,0.053455,0.0291106,0.03718,
120,2e-07,0.0001898,0.0045555,0.0105283,0.0184705,0.0217782,0.0131315,0.0407782,0.086229,0.0786291,0.0516426,0.0617001,0.0354101,0.0530972,
121,2e-07,0.0016636,0.0017949,0.0020666,0.003717,0.0063963,0.0081257,0.0235409,0.060914,0.036705,0.0355531,0.0263362,0.0275346,0.0719722,
122,1e-07,0.0001832,0.0010386,0.0005668,0.0013865,0.0034355,0.0053481,0.0162087,0.0310139,0.036212,0.0442233,0.0205442,0.0257505,0.0544431,
123,1e-07,0.0001803,0.0002061,0.0012155,0.0010081,0.0041955,0.0042633,0.0112872,0.0445054,0.0354606,0.0369718,0.0183112,0.0191597,0.0248921,
124,1e-07,0.0008938,0.00137,0.0011784,3.46e-05,0.0012591,0.0015039,0.0114016,0.0227145,0.0285832,0.0359784,0.0673551,0.0226769,0.028188,
125,0.0,0.0012667,0.0010378,0.0004687,0.0010115,0.0015308,0.0014782,0.0048401,0.0075153,0.0381653,0.0604456,0.0418868,0.0183873,0.0178737,
126,0.0,0.0001676,0.0002094,0.0005858,0.0009982,0.0028945,0.0039635,0.0027349,0.0083431,0.0151398,0.0490477,0.0330001,0.0359163,0.0163986,
127,0.0,0.0001641,0.0002094,0.0005878,3.95e-05,0.0010772,0.0014574,0.0028194,0.0139362,0.0100969,0.0311402,0.0368578,0.0500164,0.0168357,
128,1e-07,0.0001627,0.0009308,0.0004644,0.001013,0.0002093,0.0016181,0.0024161,0.0095833,0.0106899,0.016947,0.0328506,0.044799,0.040864,
129,1e-07,0.0001606,0.0013425,0.0004647,4.44e-05,0.0002082,0.0014258,0.0014554,0.0136407,0.0073346,0.0191874,0.0295646,0.0392439,0.0718552,
130,1e-07,0.0012899,0.0012234,0.0005821,0.0014052,0.0019037,0.002522,0.0051103,0.0118961,0.0240978,0.0377064,0.0443417,0.0313888,0.053012,
131,1e-07,0.0001577,0.0002154,0.0004626,0.0010063,0.0009524,0.0008155,0.0082842,0.0189976,0.0100319,0.0431685,0.0451024,0.0376376,0.0402571,
132,2e-07,0.0001559,0.0002161,0.0005841,0.001013,0.0002087,0.0002633,0.0066043,0.0265088,0.0303028,0.0574721,0.0474006,0.0464279,0.0634304,
133,1e-07,0.0001589,0.0009456,0.0022053,5.05e-05,0.0008071,0.0014964,0.0083622,0.0093581,0.0268154,0.0530377,0.03465,0.0712942,0.0405749,
134,1e-07,0.0001626,0.0002128,0.000575,0.0010102,0.001086,0.0009158,0.0048055,0.0035684,0.0270055,0.0607068,0.0254451,0.0725125,0.0465125,
135,1e-07,0.0001639,0.0015529,0.0005761,0.0014062,0.000804,0.0014912,0.0154736,0.026274,0.0252091,0.044378,0.0359832,0.0617088,0.068876,
136,1e-07,0.0012844,0.0002133,0.0018065,0.0010427,0.0015808,0.0026165,0.013959,0.0257898,0.0317978,0.035893,0.0215881,0.0310765,0.1032094,
137,1e-07,0.0001622,0.0013099,0.001462,0.0014519,0.0015218,0.0020909,0.0119522,0.0162139,0.0425995,0.0344623,0.0351337,0.0494783,0.0578294,
138,0.0,0.0009161,0.0015939,0.0011731,0.0022702,0.0095219,0.0183522,0.011707,0.004096,0.0399528,0.0463568,0.0294811,0.0469934,0.0384359,
139,1e-07,0.0011152,0.002423,0.0057073,0.0092141,0.0144773,0.0149368,0.0142937,0.0121005,0.0442782,0.0553587,0.0240295,0.0449067,0.0199005,
140,1e-07,0.0011039,0.0024208,0.0072116,0.0110896,0.0172267,0.0194144,0.0190038,0.0287205,0.0557773,0.0452702,0.0310486,0.0267412,0.0404202,
141,1e-07,0.0001771,0.0037361,0.006238,0.0099353,0.0081817,0.0112861,0.0185537,0.0460771,0.0376512,0.0528406,0.0464962,0.0371891,0.0468761,
142,1e-07,0.0035721,0.0091197,0.0128089,0.0218039,0.0296137,0.0478571,0.0521292,0.0558221,0.0552228,0.0642729,0.0641808,0.0389659,0.0386751,
143,1e-07,0.0119902,0.020136,0.038811,0.055058,0.0811092,0.1041125,0.078409,0.0524576,0.0838619,0.0547033,0.1047284,0.0496627,0.0448156,
144,1e-07,0.0023572,0.0086405,0.0107793,0.0169692,0.0343071,0.0511993,0.0420347,0.0431616,0.0756014,0.048392,0.0689467,0.0311205,0.0389549,
145,1e-07,0.0016695,0.0066625,0.0147021,0.0180029,0.0250688,0.0415821,0.0467551,0.0304972,0.0519499,0.0441471,0.0122305,0.0145822,0.0198818,
146,1e-07,0.0014431,0.0016048,0.0042275,0.0100801,0.0202659,0.0164208,0.0081366,0.032631,0.04337,0.0646388,0.0199197,0.0053765,0.0290185,
147,1e-07,0.0001798,0.001275,0.0019245,0.0030221,0.0064578,0.0064896,0.0306542,0.0276481,0.034643,0.0311508,0.0339007,0.0187079,0.0584113,
148,1e-07,0.0001776,0.000202,0.0014593,0.001389,0.0041546,0.0072257,0.0177158,0.0237745,0.0261766,0.0387696,0.0340614,0.0300809,0.0587884,
149,1e-07,0.0009331,0.0012738,0.0011887,4.21e-05,0.0012392,0.0062849,0.010342,0.0165469,0.0369334,0.0148154,0.0296957,0.0500422,0.0439713,
150,1e-07,0.0001726,0.0002007,0.0005747,4.25e-05,0.0002054,0.0008063,0.0087735,0.0127991,0.0305284,0.0292342,0.0159061,0.053171,0.0685026,
151,1e-07,0.0001697,0.0009879,0.001062,0.0014503,0.0009661,0.0012642,0.0075445,0.0118974,0.0245069,0.0236088,0.026506,0.0173375,0.0529916,
152,1e-07,0.0001711,0.0012819,0.0005814,0.0013909,0.0002008,0.0020285,0.0048094,0.011547,0.0299917,0.0080835,0.0428536,0.0540108,0.0219426,
153,1e-07,0.0001705,0.0009871,0.001014,0.0013891,0.0009871,0.0007984,0.0023723,0.0234972,0.0406222,0.0433721,0.020591,0.042536,0.0163589,
154,3e-07,0.000172,0.001116,0.0014711,0.0013907,0.0009868,0.0007968,0.0039009,0.0117699,0.0153849,0.0563658,0.0386376,0.0418984,0.0393258,
155,2e-07,0.0008796,0.0009887,0.0009624,4.23e-05,0.0001978,0.0002795,0.0010208,0.0044053,0.0356398,0.0349213,0.0332743,0.0140835,0.0357758,
156,2e-07,0.0001772,0.0010501,0.0005741,0.0014479,0.0013718,0.0002785,0.0014894,0.0076946,0.0360668,0.0349499,0.0186788,0.0234183,0.0407057,
157,2e-07,0.0001762,0.0009851,0.0005728,4.34e-05,0.0002014,0.0002757,0.001492,0.00945,0.0206351,0.0239933,0.0169088,0.0258607,0.0514631,
158,1e-07,0.0001745,0.0013785,0.0004934,4.54e-05,0.0009674,0.001265,0.0042447,0.014958,0.0124917,0.0295377,0.0312535,0.0316335,0.0412592,
159,1e-07,0.0009401,0.0009201,0.0005679,0.0014493,0.0009918,0.0002726,0.0036685,0.0155482,0.0279351,0.0375675,0.0289944,0.0425942,0.0478024,
160,1e-07,0.0009116,0.001107,0.0005708,0.0019974,0.0014879,0.0013786,0.0086772,0.0239495,0.0237373,0.0352717,0.0214029,0.0243418,0.0667174,
161,1e-07,0.0012627,0.0010592,0.0014667,0.0019955,0.002381,0.0037771,0.0310219,0.0165728,0.0435239,0.0442098,0.0232211,0.0259579,0.0693494,
162,1e-07,0.0001779,0.0029822,0.0056488,0.0019963,0.0053011,0.0137125,0.0463352,0.0302159,0.0345719,0.0353115,0.0285509,0.0380299,0.0705307,
163,0.0,0.0009145,0.0040935,0.0068811,0.0145467,0.018227,0.0236557,0.0296047,0.0349869,0.0297892,0.0361045,0.024698,0.0586992,0.041375,
164,0.0,0.0021215,0.0061788,0.0134617,0.0155474,0.0146517,0.0140756,0.0424638,0.0260131,0.0452551,0.0419484,0.0724196,0.0356497,0.0301544,
165,0.0,0.0011214,0.0039296,0.0067419,0.0076395,0.0181841,0.0411603,0.0726377,0.0661345,0.0447398,0.075969,0.0802726,0.0805201,0.0547243,
166,0.0,0.0034643,0.0056194,0.0102707,0.0082983,0.0120138,0.0207264,0.0539593,0.0694939,0.1171298,0.1247148,0.138895,0.1407441,0.1700455,
167,1e-07,0.0001691,0.0009431,0.010212,0.011714,0.0118133,0.0150476,0.0165956,0.0464941,0.1126389,0.0998882,0.0703691,0.0875032,0.0922483,
168,1e-07,0.0009096,0.0030847,0.0056028,0.0117302,0.017104,0.019537,0.0205748,0.0448917,0.0595825,0.08216,0.059587,0.0604399,0.0600784,
169,1e-07,0.0014292,0.0015523,0.0023764,0.0053613,0.0117058,0.0144107,0.0129202,0.0337485,0.0875287,0.0738864,0.0557749,0.0298665,0.0317656,
170,1e-07,0.0021951,0.0030993,0.001691,0.0036271,0.0045029,0.011931,0.0142155,0.0365947,0.0839698,0.0517973,0.06421,0.0376216,0.0563979,
171,1e-07,0.0001654,0.0012022,0.0023227,0.0017155,0.0068939,0.009479,0.0265247,0.0265745,0.0684455,0.0496732,0.0764912,0.0505076,0.018259,
172,0.0,0.0011145,0.0015115,0.0036102,0.00509,0.0080845,0.0072526,0.0276734,0.0479935,0.0433597,0.0211286,0.0362644,0.028289,0.0364776,
173,0.0,0.0008993,0.0008167,0.0024555,0.0061649,0.0073783,0.0135442,0.030741,0.0692633,0.027281,0.0291645,0.0428416,0.0437599,0.0630973,
174,0.0,0.0009264,0.0010632,0.0036385,0.0060772,0.0054916,0.0075069,0.0057358,0.009293,0.0155917,0.016061,0.0144726,0.0309899,0.0442827,
175,1e-07,0.0001753,0.0010666,0.0023696,0.0033006,0.0061412,0.0055884,0.0068067,0.0129945,0.0219246,0.0193437,0.0189875,0.0374363,0.0533522,
176,1e-07,0.0012775,0.0011044,0.0010153,0.0024258,0.0033079,0.0061891,0.0026436,0.0063082,0.0241773,0.0491535,0.0387981,0.0316143,0.0482778,
177,2e-07,0.0016545,0.001374,0.0005571,0.00138,0.0010744,0.001631,0.005225,0.018557,0.0192964,0.0365519,0.0230573,0.0375288,0.0546612,
178,2e-07,0.0008818,0.0009652,0.0005533,0.0017646,0.0012624,0.0012654,0.0040156,0.0163984,0.0185018,0.0349941,0.0255434,0.0503377,0.0634448,
179,1e-07,0.0001806,0.0010699,0.0014553,5.03e-05,0.0014504,0.0016529,0.0028247,0.0216385,0.0253583,0.0572335,0.0149456,0.0478227,0.0674435,
180,1e-07,0.0012748,0.001101,0.0005545,5.19e-05,0.0012363,0.0021313,0.0036799,0.0237095,0.0400697,0.021008,0.0437548,0.0365815,0.0257691,
181,1e-07,0.0001735,0.0012302,0.0005589,0.0014144,0.0030955,0.0027155,0.007581,0.0146955,0.0508533,0.0157713,0.0216249,0.0349685,0.0306389,
182,1e-07,0.0009321,0.0008217,0.0016322,0.0019953,0.0025399,0.0024394,0.0097514,0.0131949,0.0184508,0.0180697,0.0166631,0.0516818,0.0564585,
183,1e-07,0.0001661,0.0011922,0.001889,0.0045983,0.0045587,0.0049411,0.0081362,0.0142072,0.0187734,0.0215196,0.0205413,0.0492732,0.0550524,
184,1e-07,0.0001674,0.0015479,0.001774,0.0028315,0.0044696,0.0059528,0.0116648,0.0101614,0.0164075,0.0327963,0.0364457,0.037341,0.0390295,
185,1e-07,0.001782,0.0008157,0.0010853,0.0013829,0.0049358,0.0060021,0.018219,0.0278968,0.0290453,0.0651743,0.059443,0.058658,0.0393163,
186,0.0,0.0014117,0.002257,0.0076027,0.0059836,0.0080665,0.0110917,0.0386371,0.0284457,0.0641046,0.0562997,0.0813681,0.0781799,0.0884592,
187,0.0,0.0030842,0.007533,0.0088037,0.0088395,0.0134804,0.0138126,0.0320267,0.0343116,0.053147,0.0423413,0.0839453,0.0647016,0.0503088,
188,0.0,0.0012656,0.0022572,0.0028807,0.0081203,0.018712,0.020092,0.0315161,0.0530014,0.0490122,0.0712446,0.0668214,0.0589265,0.0589492,
189,1e-07,0.0023744,0.0002145,0.0095989,0.0201219,0.0230099,0.0251775,0.0477123,0.0658517,0.0747887,0.0861767,0.0906171,0.079946,0.0520398,
190,1e-07,0.0032852,0.0097035,0.0118029,0.011892,0.019394,0.022366,0.0635076,0.0845126,0.1499464,0.1575362,0.1234235,0.1645602,0.1111066,
191,1e-07,0.0042389,0.0122468,0.0268909,0.036114,0.0558501,0.0675562,0.1060509,0.1423816,0.1836421,0.2356808,0.2172181,0.1966287,0.2326943,
192,1e-07,0.0022774,0.004436,0.0089411,0.0128017,0.0142964,0.0170882,0.0419932,0.0683678,0.0921333,0.1067839,0.1323348,0.1301368,0.0943086,
193,1e-07,0.0014297,0.0022032,0.0044039,0.0093047,0.0147645,0.0208245,0.0158644,0.041279,0.0541222,0.0878251,0.0856073,0.1083781,0.1094993,
194,1e-07,0.0012847,0.0008039,0.0027054,0.0020488,0.0089887,0.0149715,0.0400416,0.0568138,0.050365,0.0676142,0.0860737,0.1027264,0.0741187,
195,1e-07,0.0009117,0.0013415,0.0004616,0.00223,0.0045725,0.0125707,0.0476399,0.0637138,0.068165,0.0565633,0.0967152,0.0953342,0.0340646,
196,2e-07,0.0009148,0.0012235,0.0010855,0.0014585,0.0010937,0.0062595,0.0215427,0.0671698,0.0481284,0.0563527,0.0833671,0.0956791,0.0625218,
197,2e-07,0.0001528,0.0012218,0.0014376,0.0014536,0.0010918,0.0051272,0.016111,0.0267037,0.0328555,0.0603703,0.069605,0.0810009,0.0383373,
198,2e-07,0.0009159,0.0002216,0.000594,0.0013965,0.0016919,0.002443,0.0088585,0.0124736,0.0177006,0.0484461,0.0425925,0.0488748,0.0260539,
199,2e-07,0.0001476,0.0002212,0.0009798,0.0024129,0.0022234,0.0031088,0.0097725,0.0135244,0.0124719,0.0543203,0.0652354,0.022624,0.0163714,
200,2e-07,0.0001489,0.0012537,0.0005989,4.94e-05,0.0021007,0.0030903,0.0074591,0.0190693,0.0059593,0.011611,0.0608611,0.016568,0.0129745,
201,2e-07,0.0001451,0.0002178,0.0010536,0.0009892,0.0013427,0.0012026,0.0015224,0.0078074,0.0172252,0.018322,0.0481455,0.0509036,0.0441616,
202,3e-07,0.0001474,0.0002137,0.0010474,0.0013955,0.0010523,0.0008105,0.0023366,0.0056475,0.010567,0.0089736,0.031805,0.0764168,0.0315267,
203,2e-07,0.0001496,0.0002136,0.0010486,0.0009921,0.0008132,0.0014773,0.0027008,0.0041279,0.0098036,0.0078965,0.0260777,0.0492904,0.0285264,
204,2e-07,0.0001455,0.0015565,0.0006088,4.77e-05,0.0002051,0.0002651,0.0008444,0.0039112,0.0202769,0.0193512,0.016064,0.0281545,0.0505347,
205,3e-07,0.0001436,0.0002159,0.0010658,0.001375,0.0008153,0.0011796,0.0009685,0.0056927,0.0119894,0.0227478,0.0436823,0.0324209,0.0429266,
206,2e-07,0.0001474,0.0015581,0.0006099,4.72e-05,0.0012391,0.0014896,0.0010494,0.0029808,0.0111648,0.0279207,0.0278441,0.0335542,0.0370609,
207,2e-07,0.0001468,0.0002151,0.0006118,4.53e-05,0.0002038,0.0002666,0.001096,0.006589,0.0202798,0.0389423,0.0156271,0.0220119,0.0403848,
208,2e-07,0.0001421,0.0012162,0.0006187,4.69e-05,0.0009532,0.0002662,0.0007263,0.0084172,0.0121967,0.0339216,0.0167682,0.0225941,0.0216392,
209,3e-07,0.0001434,0.0013547,0.0012955,4.67e-05,0.0008156,0.0008104,0.0006697,0.0121968,0.015528,0.0252013,0.0223343,0.0380994,0.0237755,
210,1e-07,0.0009513,0.0002135,0.0006171,0.0013815,0.0009879,0.0012076,0.0028512,0.0095961,0.0192407,0.0267858,0.0195133,0.0254631,0.0582308,
211,2e-07,0.0001426,0.0002174,0.0014794,4.39e-05,0.0002033,0.0002666,0.0038155,0.0091268,0.010042,0.0119801,0.0123124,0.0377905,0.0675606,
212,3e-07,0.0001405,0.0012989,0.0006272,0.0009636,0.0020551,0.0015129,0.0035231,0.0095685,0.0224839,0.0115832,0.0278249,0.0522045,0.0603587,
213,3e-07,0.0001442,0.0013009,0.0004471,4.33e-05,0.0008148,0.002012,0.0070616,0.0100568,0.0134106,0.0383397,0.0359545,0.0399388,0.0396017,
214,1e-07,0.0001453,0.0002153,0.0004436,4.1e-05,0.0013332,0.000813,0.0087571,0.0091464,0.0309362,0.0193469,0.0352398,0.0578673,0.0478272,
215,2e-07,0.0001414,0.0010316,0.0006294,4.2e-05,0.0008113,0.0002663,0.0041341,0.0185477,0.0293276,0.033206,0.0331764,0.0617584,0.091807,
216,2e-07,0.0009138,0.0002225,0.0006349,0.000968,0.0009556,0.000938,0.003533,0.0186638,0.0400866,0.0408311,0.0707628,0.0265967,0.0356878,
217,3e-07,0.0009134,0.0009355,0.0009675,0.0009655,0.0009535,0.0002665,0.0040696,0.0072121,0.0157707,0.0315418,0.0148984,0.0228083,0.0430166,
218,3e-07,0.0013237,0.0010384,0.0016399,4.81e-05,0.0011912,0.0008188,0.0042995,0.019221,0.0099903,0.0243731,0.0539464,0.0337314,0.0436192,
219,3e-07,0.000132,0.0007955,0.0004284,4.95e-05,0.0008151,0.0008881,0.0023722,0.0131267,0.0229558,0.0279115,0.0492039,0.0319284,0.0612486,
220,3e-07,0.0001315,0.000941,0.0004323,0.0013737,0.0009488,0.0022541,0.003454,0.0100588,0.0218155,0.0234454,0.0430281,0.034437,0.030822,
221,3e-07,0.0001283,0.0002246,0.0010663,0.0013704,0.0009845,0.0002657,0.0020439,0.0240142,0.0556238,0.019387,0.0289538,0.0465523,0.0153524,
222,3e-07,0.0001247,0.000225,0.001283,0.0017613,0.0001993,0.0011758,0.0048734,0.0278556,0.0557027,0.0745176,0.0518566,0.0512073,0.0088927,
223,3e-07,0.0001254,0.0002246,0.0012854,0.0010286,0.0008238,0.0014774,0.0053018,0.0212028,0.0265353,0.0600594,0.0572907,0.0434395,0.012777,
224,3e-07,0.0001286,0.0010614,0.0004396,5.84e-05,0.0016139,0.000268,0.0023162,0.0176832,0.0240142,0.033807,0.0485588,0.0389494,0.0302348,
225,3e-07,0.0001303,0.0009496,0.0009672,5.87e-05,0.0013474,0.0016144,0.001453,0.0193174,0.0177384,0.051184,0.0582455,0.0424349,0.0311217,
226,3e-07,0.0001326,0.0002203,0.0006206,5.97e-05,0.0009822,0.0002683,0.0041126,0.0091545,0.0190687,0.0397511,0.048311,0.032901,0.0295141,
227,3e-07,0.0001362,0.0002192,0.0006133,0.0013916,0.0002,0.0014765,0.0025907,0.0121425,0.0294339,0.046004,0.042024,0.0233085,0.0567623,
228,4e-07,0.0001328,0.0002227,0.0009791,0.0009463,0.0009401,0.0012188,0.0022728,0.00879,0.0069417,0.043961,0.0551262,0.0562287,0.0506466,
229,3e-07,0.0009283,0.0002255,0.0004418,0.0009794,0.0009842,0.0002648,0.0023058,0.0049525,0.0251769,0.0415508,0.0518549,0.0530694,0.0204378,
230,3e-07,0.0001334,0.0002246,0.001376,5.81e-05,0.0009852,0.0002643,0.0021131,0.0126856,0.012843,0.0273466,0.0765773,0.0766627,0.0425713,
231,3e-07,0.0001347,0.001223,0.0010603,0.0017632,0.0014594,0.0002635,0.0036186,0.0076327,0.0174502,0.0568035,0.0700553,0.0559446,0.0783063,
232,3e-07,0.0001311,0.0002297,0.0004372,0.0014668,0.0010543,0.0012025,0.0037762,0.0085194,0.0281088,0.0349859,0.0706373,0.0573196,0.0668366,
233,3e-07,0.0001331,0.0009565,0.0006166,5.68e-05,0.0002076,0.0002603,0.0057218,0.0060333,0.0278688,0.0475684,0.0517249,0.0554217,0.0751656,
234,3e-07,0.0001376,0.0009538,0.0006092,0.0010213,0.0015631,0.0019856,0.0042514,0.0222587,0.0189355,0.0533862,0.0604874,0.0274677,0.0675637,
235,3e-07,0.000138,0.0002282,0.0004419,0.001417,0.0009398,0.0016399,0.0018415,0.0127133,0.018455,0.0585238,0.0553105,0.0541403,0.0611191,
236,3e-07,0.0009177,0.0002321,0.0009957,0.0013961,0.0015377,0.0024012,0.003186,0.0117172,0.0419593,0.0567861,0.0699885,0.0625159,0.076625,
237,3e-07,0.0001383,0.0012178,0.0009965,0.0010463,0.0025855,0.0027803,0.007692,0.022084,0.0552858,0.0717849,0.0675203,0.0718048,0.0550818,
238,3e-07,0.0001425,0.0002269,0.0021377,0.0031845,0.0022385,0.0036102,0.0163421,0.0178771,0.0280335,0.0981306,0.063621,0.057495,0.0667741,
239,2e-07,0.0001428,0.0002237,0.0004454,0.0017575,0.0011945,0.0008182,0.0096901,0.0161657,0.0196224,0.0302262,0.0793848,0.0414011,0.0354656,
240,2e-07,0.0001445,0.0002203,0.0004526,5.39e-05,0.0013526,0.0009192,0.0067227,0.0136839,0.036514,0.0338294,0.0422926,0.0383164,0.077658,
241,3e-07,0.0009482,0.0002197,0.0013733,0.0009488,0.0012325,0.0022275,0.0021477,0.0209458,0.0303433,0.0400264,0.01646,0.0184474,0.0483206,
242,3e-07,0.0001427,0.0009453,0.000458,5.59e-05,0.001265,0.00081,0.0030277,0.015416,0.0126672,0.0216721,0.0455773,0.0267858,0.067641,
243,3e-07,0.0001447,0.0002129,0.0009667,5.74e-05,0.0001994,0.0002701,0.0034729,0.0106184,0.0287756,0.0122383,0.0328852,0.0326235,0.0617786,
244,3e-07,0.0001449,0.0009679,0.0014758,0.0010165,0.0009488,0.0009056,0.001964,0.0089515,0.0206154,0.0142709,0.0631179,0.0450125,0.0766443,
245,2e-07,0.0001493,0.0002078,0.0005984,0.0013973,0.0001971,0.0009061,0.0052138,0.0041743,0.0091747,0.0148695,0.0481254,0.0321511,0.059405,
246,3e-07,0.0001478,0.0002098,0.0004671,0.0009894,0.0012657,0.0014539,0.003464,0.0058818,0.0171568,0.0199172,0.0339965,0.0360922,0.0341101,
247,3e-07,0.0001446,0.0009758,0.0006082,5.51e-05,0.001617,0.001497,0.0023608,0.0106287,0.0095269,0.0194653,0.0575722,0.0521443,0.0352537,
248,3e-07,0.0001483,0.0009743,0.0009601,0.0013895,0.0009816,0.0013795,0.0027922,0.0213102,0.0348426,0.0203965,0.0522156,0.0224858,0.06718,
249,3e-07,0.0001506,0.0002057,0.0004716,5.19e-05,0.0012657,0.0020536,0.00097,0.0060477,0.0184733,0.0267991,0.0227544,0.0204479,0.0607711,
250,3e-07,0.0001467,0.001103,0.0010408,0.0017626,0.0015725,0.0002727,0.0015482,0.0064935,0.0163136,0.0330896,0.0411991,0.0560384,0.0317563,
251,3e-07,0.0001459,0.0013242,0.0006131,5.24e-05,0.0012453,0.0012647,0.0019561,0.0128513,0.0138669,0.0351025,0.0358568,0.077954,0.0293705,
252,3e-07,0.0001489,0.0002046,0.0004691,0.0009906,0.0001945,0.0002762,0.0014775,0.0118219,0.0095284,0.0233118,0.024928,0.0508949,0.0295225,
253,2e-07,0.000908,0.0009911,0.0004614,4.85e-05,0.0013201,0.0011718,0.0014278,0.0066683,0.0143027,0.0252072,0.0311828,0.0384722,0.0685931,
254,3e-07,0.0009642,0.00099,0.0009597,5.09e-05,0.0009825,0.0020595,0.0036864,0.0066168,0.0042797,0.0389295,0.0223352,0.0316354,0.0285764,
255,3e-07,0.0001442,0.0012709,0.0010482,0.0014196,0.0008231,0.0009361,0.0062786,0.0059399,0.0320164,0.0635873,0.0203587,0.0315058,0.0259261,
256,3e-07,0.0013833,0.0014762,0.0004614,4.73e-05,0.0009594,0.0014694,0.0116311,0.0081313,0.0597151,0.0537727,0.0297085,0.0343935,0.0736606,
257,3e-07,0.0001416,0.0002105,0.0009606,0.0009883,0.0013578,0.0017387,0.0070541,0.0128991,0.0357747,0.02504,0.0296966,0.040585,0.0594621,
258,3e-07,0.0009151,0.0002106,0.0019706,0.000958,0.0016208,0.0008042,0.0030606,0.0180668,0.0528706,0.0294241,0.0627484,0.0727337,0.1124246,
259,3e-07,0.0001365,0.0012191,0.0010566,0.0013676,0.0001962,0.0011284,0.0007826,0.0133918,0.0443797,0.0288031,0.0533631,0.0644521,0.0813372,
260,3e-07,0.0001365,0.0002139,0.0004517,5.42e-05,0.000196,0.0002721,0.0021739,0.0083698,0.0287576,0.0548792,0.0307266,0.028801,0.0478338,
261,3e-07,0.0001388,0.0009392,0.0009694,0.0013963,0.001787,0.0009303,0.0019465,0.0122378,0.0106844,0.0525207,0.0430622,0.0239368,0.0239723,
262,3e-07,0.0001348,0.0002175,0.0004489,5.6e-05,0.0009469,0.0008979,0.0018105,0.0069887,0.0214577,0.0442084,0.0394778,0.0230031,0.0292439,
263,3e-07,0.0001324,0.0008031,0.0006286,0.0014338,0.0011853,0.0008105,0.0025866,0.0117623,0.0147202,0.0358985,0.0148839,0.036282,0.0406957,
264,3e-07,0.0001359,0.0008042,0.0004436,5.24e-05,0.0010538,0.0002675,0.0009738,0.0137349,0.0121267,0.0490106,0.0623657,0.0307785,0.0166784,
265,3e-07,0.0009129,0.0016948,0.0006209,0.0009541,0.001505,0.0002664,0.0039334,0.0072571,0.008226,0.062162,0.0730004,0.0469373,0.0388826,
266,3e-07,0.000131,0.0012176,0.0009672,5.52e-05,0.0013499,0.0002651,0.0053473,0.0083754,0.0337418,0.0423177,0.0707624,0.0410869,0.0287302,
267,3e-07,0.0010843,0.0002238,0.0014808,5.25e-05,0.0008172,0.0013678,0.002326,0.0121509,0.041627,0.0238269,0.061769,0.026647,0.0301633,
268,3e-07,0.0001353,0.0002238,0.0010685,5.18e-05,0.0002047,0.0008174,0.0048675,0.0065122,0.015627,0.0384468,0.0632205,0.0476012,0.0174886,
269,3e-07,0.0001319,0.0015526,0.0006242,0.0013842,0.0002051,0.0014806,0.0065416,0.0103277,0.0285032,0.0513386,0.0845952,0.0446342,0.0462985,
270,3e-07,0.0009481,0.0002297,0.0006302,5.38e-05,0.0015052,0.0002608,0.0022902,0.0079432,0.0278474,0.0286244,0.0480658,0.0333646,0.0430296,
271,3e-07,0.0001333,0.0009491,0.0013898,5.08e-05,0.0015777,0.0008211,0.0030682,0.0054671,0.0262126,0.021171,0.0442408,0.0187226,0.0322575,
272,3e-07,0.0014118,0.0002301,0.0006221,5.23e-05,0.0009898,0.000259,0.0031176,0.0210268,0.0335274,0.0225784,0.0542025,0.0482156,0.0418021,
273,3e-07,0.0001292,0.0002337,0.0004223,5.46e-05,0.0002093,0.001211,0.0018825,0.0097644,0.0547497,0.059171,0.0930374,0.0681917,0.0705785,
274,3e-07,0.0009411,0.0002355,0.0004169,5.3e-05,0.0010523,0.0011878,0.0029141,0.0026819,0.0223256,0.0541501,0.0818493,0.05588,0.0642389,
275,3e-07,0.0001325,0.0002326,0.0009776,0.0014464,0.0002105,0.0022574,0.0071686,0.0248986,0.0219823,0.031669,0.0835352,0.0590472,0.0408401,
276,3e-07,0.0001335,0.0013316,0.0004205,4.81e-05,0.0012282,0.0012156,0.0036032,0.0382435,0.0229569,0.0751876,0.0552451,0.053171,0.0127915,
277,2e-07,0.0014073,0.0002359,0.0013179,0.0014479,0.0009923,0.0011863,0.0027935,0.0269474,0.0235554,0.0451673,0.0914771,0.041654,0.0238376,
278,2e-07,0.0001327,0.0009489,0.0011715,4.64e-05,0.0008065,0.0008294,0.0041613,0.0635793,0.0631547,0.0412242,0.0458683,0.0036121,0.1177396,
279,2e-07,0.0001343,0.00128,0.0004165,4.57e-05,0.0014587,0.0008852,0.0058469,0.0471953,0.0348034,0.0351028,0.0182964,0.0455165,0.0717499,
280,2e-07,0.0001385,0.001284,0.0004234,4.37e-05,0.0002101,0.0002593,0.0050518,0.0357006,0.0371335,0.019848,0.0370821,0.0601325,0.0717991,
281,2e-07,0.0013057,0.0012109,0.000431,0.0017207,0.0008088,0.0014814,0.0091387,0.0188404,0.0141285,0.0603599,0.0458901,0.0128692,0.0462099,
282,1e-07,0.000145,0.0008032,0.0004361,0.0010091,0.0013083,0.0012609,0.0138432,0.0143348,0.0255979,0.0725331,0.0656933,0.0086212,0.0643726,
283,1e-07,0.0001457,0.000799,0.0004313,0.0009694,0.0014931,0.0008222,0.007841,0.0086501,0.0199149,0.0372979,0.047603,0.0298253,0.0380096,
284,1e-07,0.0001449,0.0014985,0.0006175,4.14e-05,0.0014952,0.0013714,0.0019078,0.0175211,0.0416965,0.0572485,0.057016,0.0251939,0.0642952,
285,1e-07,0.0001413,0.0009435,0.0006209,4.32e-05,0.0002124,0.0008256,0.004183,0.0181646,0.0160969,0.0303069,0.0541704,0.055512,0.0536427,
286,1e-07,0.0001426,0.0013903,0.0004305,4.46e-05,0.0002117,0.001187,0.0036365,0.0220634,0.0250238,0.0434956,0.0362233,0.064248,0.0521697,
287,1e-07,0.0001432,0.0010486,0.0006133,4.59e-05,0.0009504,0.0008939,0.0096808,0.0197974,0.0045605,0.025912,0.0260945,0.0514338,0.0477422,
288,1e-07,0.0012865,0.0009391,0.0009935,4.43e-05,0.0002088,0.0011559,0.0018989,0.0198325,0.0284314,0.0322897,0.0149228,0.0362289,0.0393944,
289,2e-07,0.0016987,0.0013087,0.0009984,0.0010182,0.0002078,0.0008978,0.0033503,0.0261379,0.0119448,0.0313725,0.0201288,0.0363604,0.0356799,
290,1e-07,0.0001544,0.0010507,0.0016742,4.37e-05,0.001834,0.0011831,0.0031197,0.0192186,0.0169005,0.0109462,0.020123,0.0304581,0.0308395,
291,1e-07,0.000154,0.0013119,0.0005998,0.0017439,0.0002048,0.000267,0.001878,0.0109114,0.0271214,0.0075113,0.0188135,0.0577299,0.0243092,
292,1e-07,0.0001545,0.002089,0.0005981,4.61e-05,0.0011922,0.0002692,0.0018897,0.0085361,0.0237116,0.0246881,0.0241031,0.0528903,0.0243242,
293,2e-07,0.0001527,0.0014683,0.0022439,4.69e-05,0.0018629,0.0017384,0.0025311,0.0059788,0.017104,0.0264536,0.0206801,0.0370354,0.0209128,
294,2e-07,0.0009094,0.0014711,0.0015788,0.0014542,0.0001997,0.0019122,0.0036754,0.0031489,0.0096397,0.0249133,0.0483788,0.0280741,0.0316722,
295,1e-07,0.0001577,0.0009943,0.0005986,0.0014222,0.0009888,0.0013636,0.0007413,0.0107812,0.0169385,0.0206612,0.0453555,0.0392233,0.0276585,
296,1e-07,0.0001536,0.0012754,0.0004605,4.3e-05,0.0014097,0.0014752,0.0019745,0.0086081,0.0214793,0.0273003,0.0116328,0.0390473,0.040309,
297,2e-07,0.0001551,0.0002053,0.0006067,4.29e-05,0.0009628,0.0008052,0.0021174,0.0103265,0.022022,0.067159,0.040293,0.0478385,0.0387745,
298,1e-07,0.0001584,0.0010019,0.0006035,4.05e-05,0.0008115,0.000273,0.0019575,0.0119362,0.0234267,0.069897,0.0466157,0.0514235,0.0564395,
299,1e-07,0.0009504,0.001006,0.000966,3.97e-05,0.0012437,0.0012068,0.0007318,0.0101622,0.0201543,0.0377346,0.0302704,0.0289367,0.029815,
300,2e-07,0.0013072,0.0012819,0.0015958,4.13e-05,0.0015763,0.0002724,0.0030295,0.0052628,0.0067203,0.0229923,0.0361302,0.0257142,0.0408321,
301,2e-07,0.0009087,0.0012845,0.0009598,4.16e-05,0.0015183,0.0011662,0.0009844,0.0181829,0.0339766,0.0304965,0.0291623,0.0086742,0.0724309,
302,2e-07,0.0009566,0.0010032,0.0009794,4e-05,0.0009677,0.0008028,0.0027246,0.0114235,0.0196312,0.041525,0.0512946,0.0426115,0.0641077,
303,2e-07,0.0001627,0.0014832,0.0010271,4.09e-05,0.0001973,0.0009364,0.0014083,0.0158362,0.0247368,0.0390372,0.0472432,0.0351239,0.0544753,
304,2e-07,0.0001672,0.0011178,0.0010204,4.01e-05,0.0009722,0.0008943,0.0023705,0.011919,0.0343979,0.0399704,0.0450857,0.0476955,0.0481362,
305,2e-07,0.0009553,0.0014858,0.0005898,3.99e-05,0.0008117,0.0011675,0.0028038,0.0137175,0.0242207,0.0080823,0.0223432,0.0429779,0.0443551,
306,2e-07,0.0001761,0.0013932,0.0005844,0.0010072,0.0001977,0.0017862,0.0017145,0.0129778,0.0083995,0.0288836,0.0287699,0.0152845,0.0476548,
307,1e-07,0.0016835,0.0012163,0.0022925,0.0057605,0.0050486,0.0134564,0.0228715,0.0689847,0.0399694,0.0423554,0.0301252,0.0645449,0.0472163,
308,1e-07,0.0012791,0.0012152,0.0024201,0.0022682,0.0074973,0.010511,0.0092136,0.0111396,0.0240745,0.0271124,0.0716959,0.0368474,0.0263384,
309,1e-07,0.0012889,0.0012993,0.0005873,3.7e-05,0.003425,0.0062644,0.0085534,0.0143426,0.0096097,0.0235312,0.0275112,0.0363573,0.0190958,
310,1e-07,0.0001635,0.0010405,0.0010548,0.0017045,0.0025843,0.0039694,0.0054058,0.0178116,0.0158783,0.0314357,0.0203746,0.0152811,0.0413281,
311,1e-07,0.0001625,0.0002157,0.0015162,0.0017599,0.0013002,0.0021176,0.0030602,0.0143307,0.0206597,0.0175923,0.0292544,0.0480978,0.027809,
312,1e-07,0.0011034,0.0013007,0.000457,3.48e-05,0.0009657,0.0016146,0.0036965,0.0018127,0.013951,0.0220398,0.0313307,0.031134,0.0609982,
313,1e-07,0.0001695,0.0002103,0.00046,0.0014323,0.0010464,0.0011809,0.0051087,0.0069665,0.0136665,0.0463117,0.0334575,0.0256727,0.0410147,
314,1e-07,0.0008936,0.0002079,0.0004654,3.25e-05,0.0010713,0.0008161,0.0030359,0.0017888,0.0046066,0.0123342,0.0296774,0.0284811,0.0192533,
315,1e-07,0.0001771,0.0013642,0.0004732,3.4e-05,0.000973,0.0015968,0.001034,0.0069067,0.0148202,0.0228681,0.034895,0.0324835,0.0536613,
316,1e-07,0.0001766,0.0002024,0.0005816,0.0014279,0.0002087,0.0002695,0.001772,0.0119478,0.0180372,0.0292653,0.0203429,0.040452,0.0216921,
317,1e-07,0.0001807,0.0009076,0.0014977,0.0010083,0.0014427,0.0008071,0.0023783,0.0152441,0.0218859,0.0305883,0.0442833,0.0401998,0.0224546,
318,1e-07,0.0001829,0.0001996,0.0005767,3.28e-05,0.001046,0.0013616,0.0015618,0.0094487,0.0331785,0.0425302,0.0105499,0.0389227,0.0289239,
319,1e-07,0.000179,0.0002006,0.0013594,0.0010094,0.0002073,0.0008075,0.0016272,0.0066001,0.00714,0.0439837,0.0248409,0.0519874,0.0408164,
320,1e-07,0.001277,0.0014973,0.0012356,0.001713,0.0008027,0.0002738,0.0019069,0.0095686,0.0087616,0.0246429,0.0118537,0.0306776,0.045494,
321,1e-07,0.000183,0.001011,0.0005783,0.0010074,0.0002046,0.0008931,0.0028303,0.0081081,0.0186849,0.0521696,0.0102907,0.0474713,0.1086448,
322,1e-07,0.0001814,0.001504,0.00102,3.2e-05,0.0010469,0.0002755,0.0010193,0.004888,0.0163785,0.012621,0.0309169,0.0147355,0.0649191,
323,1e-07,0.000882,0.0010162,0.0004818,3.23e-05,0.001059,0.0008032,0.002931,0.0054192,0.0143922,0.0119865,0.0316252,0.0184819,0.0249454,
324,1e-07,0.0012822,0.0010172,0.0004842,0.0010294,0.0014221,0.0002787,0.0027365,0.0063073,0.0121695,0.0133877,0.0199636,0.0299079,0.0223427,
325,1e-07,0.0009547,0.0015063,0.0004829,0.0009718,0.0008081,0.0011603,0.0007384,0.0064064,0.0217918,0.0160155,0.0242882,0.028661,0.020979,
326,1e-07,0.0008818,0.0010243,0.0009808,0.0009731,0.0009833,0.0017884,0.000701,0.0118074,0.0192712,0.0088423,0.0160625,0.0338568,0.0372193,
327,2e-07,0.0001723,0.0001968,0.0004825,3.11e-05,0.0001959,0.001265,0.0027524,0.0041257,0.0147429,0.0318085,0.0287411,0.0169846,0.0486581,
328,2e-07,0.0010632,0.0001977,0.0009672,0.001007,0.0009846,0.0008804,0.0034165,0.006835,0.0150844,0.0220794,0.0136832,0.040741,0.0512341,
329,3e-07,0.0001695,0.0010262,0.0010353,0.0009949,0.0014272,0.0002864,0.0053999,0.0197686,0.0615184,0.0889581,0.060401,0.0267123,0.0427104,
330,3e-07,0.000165,0.0008946,0.0004787,0.0010031,0.000192,0.0008807,0.004173,0.0045913,0.0093288,0.0496934,0.01444,0.0453776,0.0569383,
331,3e-07,0.0001652,0.0015114,0.000618,3.21e-05,0.0013771,0.0011543,0.0025661,0.0171789,0.0085634,0.0292642,0.0184045,0.0369806,0.0561585,
332,2e-07,0.0001674,0.0001991,0.0004758,3.2e-05,0.0009872,0.0008828,0.0046046,0.0062133,0.0216354,0.0319988,0.0308149,0.0539639,0.0386505,
333,2e-07,0.0001674,0.0010223,0.0009586,0.0010055,0.0013105,0.0002785,0.0026713,0.0048434,0.0107938,0.0303152,0.0249132,0.0466032,0.0847774,
334,1e-07,0.0009499,0.0002008,0.0006024,0.001007,0.0002008,0.000277,0.0007341,0.003171,0.010894,0.0262438,0.0041719,0.0474917,0.0563469,
335,1e-07,0.0001735,0.001312,0.0004738,3.01e-05,0.000981,0.001403,0.0037326,0.0031714,0.0029532,0.0114371,0.0055043,0.0775384,0.0454173,
336,1e-07,0.0001777,0.0015776,0.0010578,2.97e-05,0.0002047,0.0002755,0.0025957,0.0053546,0.0140286,0.023197,0.0267948,0.0821111,0.0727492,
337,1e-07,0.0001824,0.0011301,0.0004839,0.0014035,0.0002041,0.0008862,0.0019895,0.0048634,0.0154364,0.0162182,0.0246673,0.0277224,0.0726387,
338,2e-07,0.0012705,0.0001989,0.0005841,0.0010096,0.0007984,0.0008049,0.0028612,0.0078124,0.0179201,0.0205867,0.0231978,0.0345126,0.0692841,
339,2e-07,0.0001898,0.0001973,0.001501,3e-05,0.0002072,0.0012278,0.0049339,0.0150273,0.0233777,0.0076787,0.0309,0.0285043,0.0686641,
340,2e-07,0.0001898,0.0001962,0.0010144,2.96e-05,0.0014266,0.000279,0.0036684,0.0099747,0.0351669,0.0263997,0.024784,0.0434316,0.0463025,
341,2e-07,0.0009425,0.0014064,0.000964,0.0010106,0.0002049,0.000278,0.0015442,0.005208,0.0246861,0.0194441,0.0278658,0.0421264,0.0341687,
342,1e-07,0.0008786,0.0001997,0.0004796,2.86e-05,0.0012558,0.0002777,0.0016124,0.0053204,0.0180132,0.0240134,0.0409605,0.0846291,0.049796,
343,1e-07,0.0001767,0.0010329,0.000965,2.78e-05,0.0013098,0.0016638,0.0043359,0.0028833,0.0124751,0.0320317,0.0511508,0.071609,0.046392,
344,1e-07,0.000172,0.000204,0.0004685,2.85e-05,0.0002035,0.0009464,0.0031772,0.0083588,0.0066677,0.0202096,0.0484619,0.0144907,0.0663638,
345,1e-07,0.0001675,0.0013162,0.0010554,2.85e-05,0.000203,0.0002753,0.0026929,0.0045309,0.005684,0.0241331,0.02608,0.0373709,0.0491868,
346,1e-07,0.0001672,0.0002071,0.0010431,2.78e-05,0.000202,0.0008762,0.0025899,0.003438,0.0129578,0.0444425,0.0315622,0.0349069,0.06204,
347,1e-07,0.0008928,0.0015204,0.0004603,0.0010046,0.0002001,0.0012155,0.0017503,0.0112819,0.0119315,0.0383422,0.0402818,0.0697079,0.0686427,
348,1e-07,0.0001663,0.0002032,0.0004681,2.96e-05,0.0008096,0.0009507,0.0007227,0.0130806,0.0128951,0.0384707,0.0302798,0.0577174,0.031797,
349,2e-07,0.0001672,0.0002032,0.0009537,2.87e-05,0.0009839,0.0008007,0.0014155,0.0138435,0.0165165,0.0349869,0.0395456,0.0299469,0.0331093,
350,1e-07,0.0001628,0.0013294,0.0013338,2.99e-05,0.0001958,0.0002821,0.0007797,0.0169615,0.0055893,0.0291278,0.0474892,0.0266381,0.052803,
351,2e-07,0.001307,0.0002043,0.0012634,0.0010011,0.0001946,0.0002815,0.0014507,0.0102923,0.0261336,0.0609034,0.0973867,0.0392445,0.0509765,
352,1e-07,0.0001553,0.0002073,0.0004579,3.3e-05,0.000813,0.0002797,0.0019593,0.0227908,0.044017,0.1126002,0.1653589,0.0693341,0.0375791,
353,1e-07,0.0001527,0.0015186,0.0009435,3.32e-05,0.0009854,0.0002806,0.0027783,0.021522,0.0200088,0.0295816,0.0391644,0.0527391,0.0421102,
354,0.0,0.0009644,0.001041,0.0009455,3.13e-05,0.000813,0.0011526,0.0016151,0.0255892,0.0359826,0.0321153,0.0267933,0.048379,0.0557734,
355,0.0,0.0001552,0.0015209,0.0009502,0.0009765,0.0008109,0.0011558,0.0020829,0.0144329,0.0374797,0.0635625,0.0503135,0.1150878,0.0541757,
356,0.0,0.0001504,0.0011285,0.0018273,3.28e-05,0.0001977,0.0002775,0.0024081,0.0140707,0.02946,0.0285506,0.0431788,0.0678776,0.088666,
357,0.0,0.0001514,0.0010472,0.0010614,0.0014013,0.0013123,0.0009579,0.001398,0.0087649,0.0428223,0.0310901,0.0469675,0.0589281,0.0891712,
358,1e-07,0.0001512,0.0017979,0.0004415,0.0017566,0.0012619,0.0008099,0.0023042,0.0082449,0.0308802,0.0399013,0.0660091,0.0753064,0.1143782,
359,1e-07,0.0001555,0.0010545,0.0009405,0.0017403,0.0011935,0.0014997,0.0030945,0.0053769,0.0142003,0.0423203,0.0579731,0.0792947,0.1086882,
360,1e-07,0.0001579,0.0008365,0.0013065,0.0010032,0.0008079,0.0012269,0.0036308,0.007713,0.019499,0.0292453,0.065998,0.0428813,0.0585494,
361,1e-07,0.0008948,0.0015352,0.0009521,2.78e-05,0.0002008,0.0019144,0.0048438,0.0136374,0.0227616,0.0573022,0.0573604,0.0312122,0.0417871,
362,1e-07,0.0008923,0.0011386,0.0004563,2.74e-05,0.0008079,0.0014052,0.002418,0.0045246,0.0150323,0.0632238,0.0445557,0.0532962,0.0530191,
363,1e-07,0.000163,0.000208,0.0010464,0.0010053,0.0008093,0.0008029,0.002654,0.0037387,0.0140655,0.0292657,0.0736739,0.0725845,0.0344613,
364,1e-07,0.0009582,0.0013208,0.0006257,2.74e-05,0.0001986,0.0008036,0.0015888,0.001222,0.0096649,0.0353095,0.0712897,0.0125164,0.0368005,
365,1e-07,0.0001693,0.0013592,0.0004656,2.63e-05,0.0015909,0.0009585,0.0034581,0.0207608,0.0132356,0.0324479,0.0668685,0.043484,0.0226014,
366,1e-07,0.0001689,0.0008851,0.0010401,0.0010199,0.0012619,0.0019399,0.0045171,0.0252875,0.0190565,0.0266675,0.0672449,0.0316918,0.0306513,
367,1e-07,0.0001723,0.0002019,0.0004761,2.71e-05,0.000196,0.0002855,0.0023362,0.0175968,0.0148162,0.0288924,0.0315079,0.0391681,0.0451937,
368,2e-07,0.0011153,0.0002006,0.0006142,0.0014166,0.0016641,0.0012127,0.0017588,0.014228,0.0351412,0.0532653,0.0489214,0.0394287,0.0750691,
369,2e-07,0.0001803,0.0001982,0.0004852,0.0010138,0.0001978,0.0011504,0.0054868,0.0107583,0.0119151,0.0417628,0.0538318,0.0506157,0.0527628,
370,3e-07,0.000182,0.0010335,0.0006062,2.82e-05,0.0008102,0.0009553,0.0040621,0.014507,0.0366354,0.0468715,0.0736046,0.0496169,0.0307036,
371,3e-07,0.0001774,0.0001959,0.0004879,0.0010108,0.0012626,0.0008784,0.0020117,0.0130535,0.0298894,0.0302175,0.0502154,0.049821,0.0331563,
372,1e-07,0.0013877,0.0010287,0.000952,2.93e-05,0.0001955,0.0002858,0.0019869,0.0049244,0.012561,0.024387,0.0292784,0.024095,0.0275776,
373,3e-07,0.0001788,0.0010228,0.0009524,0.0010111,0.0009877,0.0008835,0.0014176,0.0066598,0.0197397,0.0498615,0.0454644,0.0275856,0.0236778,
374,2e-07,0.0001796,0.0001943,0.0015158,3.13e-05,0.0001973,0.0014025,0.0020479,0.011391,0.0218966,0.0310802,0.018213,0.0265677,0.0394187,
375,1e-07,0.0001798,0.001507,0.0010108,0.0014277,0.0015359,0.0014058,0.0017848,0.0093867,0.015494,0.0309092,0.0423455,0.0174271,0.0190707,
376,3e-07,0.0008747,0.0010245,0.0017659,3.43e-05,0.0015343,0.0018521,0.0020637,0.0181739,0.0377815,0.0321249,0.0316432,0.0129936,0.0689232,
377,2e-07,0.00018,0.0011261,0.0012645,3.62e-05,0.0015352,0.0007945,0.0050819,0.0172416,0.0446903,0.0343415,0.0655231,0.0316558,0.0687113,
378,3e-07,0.0001829,0.0001882,0.0009556,3.81e-05,0.0009828,0.0008945,0.001474,0.0102652,0.0260226,0.0318727,0.0255078,0.0269426,0.0493867,
379,3e-07,0.0001855,0.0010073,0.0005841,0.0010058,0.0013816,0.0008924,0.0019897,0.0190022,0.0081142,0.0461373,0.0569793,0.031937,0.0329902,
380,3e-07,0.000184,0.0010126,0.0005015,3.43e-05,0.0010493,0.0008895,0.0014681,0.0205022,0.0292702,0.0381592,0.0500972,0.0283346,0.0692732,
381,2e-07,0.0001866,0.0001905,0.0005007,3.26e-05,0.0009893,0.0002852,0.0024602,0.0057625,0.0230212,0.0322634,0.0420896,0.0249026,0.0550187,
382,2e-07,0.0001882,0.0010241,0.0005003,0.0022497,0.0001973,0.0008851,0.0020288,0.0049829,0.0282527,0.0231203,0.0340742,0.0082399,0.0613447,
383,2e-07,0.0001862,0.0012205,0.001273,2.95e-05,0.0001989,0.0008825,0.0010194,0.0124794,0.0220094,0.0224053,0.0347644,0.0320286,0.0590773,
384,2e-07,0.0001883,0.0001954,0.0010405,2.87e-05,0.0008046,0.0007953,0.0017763,0.0134187,0.0243689,0.0364615,0.0308369,0.0654194,0.0638394,
385,2e-07,0.0001853,0.0013048,0.0012757,0.0010171,0.0016592,0.0009528,0.001988,0.0201788,0.0142832,0.0420394,0.0247212,0.0668977,0.0548886,
386,2e-07,0.0008765,0.0008849,0.0012766,2.64e-05,0.0008033,0.0013978,0.0035945,0.0145505,0.0282266,0.0378765,0.0660542,0.0446184,0.0513616,
387,1e-07,0.0009471,0.0010458,0.0010524,2.58e-05,0.0002041,0.0014901,0.0007954,0.0201285,0.0176965,0.0594979,0.0427191,0.045453,0.0269461,
388,1e-07,0.0001743,0.0002081,0.0006104,0.0017241,0.0010527,0.0014904,0.0045074,0.0251531,0.0294733,0.0177188,0.0459116,0.0233921,0.052894,
389,2e-07,0.0001727,0.0002109,0.0006103,0.0013938,0.0009869,0.0008111,0.0036375,0.0196065,0.0261379,0.0369736,0.0230937,0.0402838,0.0482048,
390,1e-07,0.0012865,0.0002141,0.0004506,2.6e-05,0.001437,0.001353,0.0073541,0.0204303,0.0119827,0.0425899,0.0233158,0.028364,0.0520703,
391,1e-07,0.000166,0.0010458,0.0010522,0.0017348,0.0002058,0.001221,0.006374,0.0118605,0.0295533,0.0324714,0.0251582,0.0210588,0.0450166,
392,1e-07,0.0001701,0.0013211,0.0012753,2.68e-05,0.0002053,0.0014008,0.0031564,0.0171071,0.0235489,0.0431044,0.0481704,0.031031,0.0480288,
393,1e-07,0.000173,0.0002054,0.0004672,2.66e-05,0.0002037,0.0014725,0.0030583,0.0084248,0.0417554,0.0339739,0.0431994,0.0404642,0.0454123,
394,1e-07,0.0001779,0.0008912,0.0004729,2.69e-05,0.000802,0.0014839,0.0036443,0.00302,0.0251413,0.0504737,0.0337402,0.0765746,0.0350183,
395,2e-07,0.000181,0.0011361,0.0010239,2.76e-05,0.0002022,0.0013967,0.0031668,0.0120896,0.011974,0.0292379,0.0307442,0.0767798,0.0321961,
396,2e-07,0.000186,0.0008857,0.0005923,2.82e-05,0.0008025,0.0009494,0.0028336,0.0053338,0.0140797,0.0104597,0.050019,0.0588944,0.063825,
397,2e-07,0.0009496,0.0015211,0.0015072,0.0009765,0.0002014,0.0009475,0.0050959,0.0045623,0.0157093,0.0291874,0.0238093,0.0302947,0.0357031,
398,2e-07,0.0001929,0.0010274,0.0009583,3.1e-05,0.000201,0.0014671,0.0050417,0.0045856,0.0094205,0.0285232,0.0269017,0.0289183,0.0250354,
399,2e-07,0.0001942,0.0001921,0.0005781,3.19e-05,0.0008025,0.0017853,0.0020022,0.0112394,0.024635,0.026982,0.0137021,0.0262362,0.0143473,
400,2e-07,0.000867,0.0013338,0.0005756,3.17e-05,0.0002044,0.0011699,0.0041489,0.0123369,0.0357258,0.032454,0.0297817,0.0316752,0.0484106,
401,2e-07,0.0001902,0.0008911,0.0010536,3.24e-05,0.0013869,0.0002785,0.000981,0.0210027,0.0270103,0.0370202,0.0233016,0.0148172,0.0542471,
402,2e-07,0.0012659,0.0001916,0.0005005,0.0009717,0.000988,0.0016502,0.0009773,0.0173898,0.0699852,0.0601899,0.0717658,0.0297648,0.0673704,
403,2e-07,0.0009385,0.0001939,0.0010195,0.0010047,0.0002058,0.0014932,0.0025971,0.0145293,0.0582146,0.0337503,0.0409595,0.006845,0.0425412,
404,3e-07,0.0001892,0.0010198,0.000489,0.0009832,0.0009852,0.0009382,0.0064002,0.0135381,0.0314332,0.0277403,0.034236,0.010181,0.0532676,
405,1e-07,0.000188,0.0010196,0.0012325,3.13e-05,0.0007964,0.0014111,0.0067101,0.0255022,0.0126403,0.0493209,0.0629024,0.0216435,0.042748,
406,2e-07,0.0016573,0.0002014,0.0005726,0.0009936,0.0020492,0.0014097,0.0116444,0.0133435,0.0289189,0.0511731,0.0539235,0.035741,0.0547552,
407,2e-07,0.000185,0.0002041,0.0005806,2.86e-05,0.0010598,0.0042451,0.0114634,0.0224047,0.034644,0.0268895,0.0529429,0.040193,0.0595355,
408,2e-07,0.0001829,0.0010346,0.0005862,0.001436,0.001061,0.0016649,0.007176,0.0109346,0.0318622,0.0387794,0.0187877,0.0816727,0.0775184,
409,2e-07,0.0001785,0.0002099,0.0010727,2.67e-05,0.0009996,0.0002676,0.006218,0.012105,0.015679,0.0326093,0.0135464,0.0587332,0.0697687,
410,1e-07,0.0001757,0.0002137,0.000453,2.62e-05,0.0002146,0.0014,0.007989,0.0200266,0.0230257,0.0389159,0.0069399,0.0405692,0.0487183,
411,1e-07,0.000171,0.0010037,0.00155,2.62e-05,0.0016065,0.0002638,0.0034589,0.02698,0.0347352,0.0435902,0.0210789,0.0268168,0.033757,
412,1e-07,0.0012784,0.0010068,0.0004411,2.71e-05,0.0002158,0.0002619,0.0023708,0.0231672,0.008493,0.0311005,0.01078,0.0123059,0.0649976,
413,1e-07,0.0011092,0.0013427,0.0010853,0.0009946,0.0002171,0.0013981,0.0028018,0.0219848,0.0276147,0.019658,0.0373063,0.036853,0.0712286,
414,1e-07,0.0001603,0.0002248,0.0006137,2.9e-05,0.0002167,0.0012593,0.0121106,0.0143985,0.0292394,0.0187227,0.0349446,0.0454711,0.0631279,
415,1e-07,0.0001609,0.0009251,0.0010887,2.95e-05,0.0020665,0.0011653,0.011571,0.0121082,0.0465712,0.040669,0.0520977,0.1169217,0.1191668,
416,1e-07,0.0001654,0.0002217,0.0004374,0.0009956,0.0002174,0.0011809,0.0075237,0.0106049,0.0251573,0.0219172,0.0220316,0.0392501,0.0661665,
417,1e-07,0.0001659,0.0010181,0.0006002,2.96e-05,0.0009687,0.0002605,0.0036043,0.0112534,0.02062,0.0128995,0.0444569,0.0367279,0.070256,
418,1e-07,0.0001681,0.0013547,0.0005974,2.99e-05,0.0002136,0.0012148,0.0031181,0.0132191,0.0154097,0.0217402,0.0367173,0.0321366,0.0652954,
419,1e-07,0.0001685,0.0012126,0.0005947,0.001006,0.0010712,0.0008887,0.0007367,0.0086117,0.0089913,0.0256205,0.0424983,0.0207301,0.0513896,
420,0.0,0.0001669,0.0013574,0.0009994,3.2e-05,0.0002086,0.0008136,0.0016207,0.0058923,0.0174259,0.0245393,0.0272702,0.0138534,0.0519165,
421,1e-07,0.0001687,0.0002054,0.0005943,3.32e-05,0.0002064,0.00027,0.0014803,0.0096207,0.0132235,0.0447991,0.0405619,0.0258078,0.0461082,
422,1e-07,0.0011201,0.0010129,0.0010385,0.0009695,0.0002039,0.0008891,0.0016604,0.0042244,0.0083292,0.0367452,0.0372929,0.084497,0.0401201,
423,1e-07,0.0008907,0.0010132,0.0005987,0.0014454,0.0008069,0.0002746,0.000737,0.0025307,0.0051479,0.0125431,0.0346591,0.0645617,0.0304056,
424,1e-07,0.0001667,0.0008396,0.0009608,0.0013943,0.0008097,0.0009409,0.0023676,0.0061712,0.0097616,0.0357843,0.0230551,0.0493496,0.0152394,
425,2e-07,0.0001698,0.0013931,0.0004809,0.0010128,0.0020526,0.0022664,0.0028649,0.0045709,0.0378514,0.0248642,0.0392951,0.0493192,0.0297092,
426,2e-07,0.0001733,0.0010134,0.001266,0.0010315,0.0008079,0.001524,0.0023826,0.002844,0.0288787,0.0231344,0.0378878,0.021265,0.0250959,
427,2e-07,0.0001728,0.0001965,0.0005918,0.0014029,0.0001997,0.0016461,0.0033312,0.0060418,0.0291846,0.0228917,0.034252,0.0364198,0.013073,
428,1e-07,0.0001713,0.0017166,0.0004792,0.0014454,0.001811,0.0008035,0.0043525,0.0132467,0.0184583,0.0195372,0.0378646,0.0279265,0.028247,
429,1e-07,0.00165,0.0009128,0.0019265,0.0020352,0.0014829,0.0002738,0.0021238,0.0069571,0.0104888,0.0296224,0.0385673,0.0632446,0.0523828,
430,1e-07,0.0012652,0.000916,0.000593,3.69e-05,0.0009692,0.0002709,0.0028951,0.0164013,0.0075003,0.047329,0.0327958,0.1134802,0.051125,
431,0.0,0.0001668,0.0008261,0.0005929,3.52e-05,0.000207,0.0002684,0.0034289,0.0031348,0.0160163,0.0455614,0.0476139,0.0467452,0.0520354,
432,0.0,0.0001638,0.0008204,0.0004575,3.46e-05,0.0002088,0.0002663,0.0030882,0.0038304,0.0164701,0.0190581,0.0319631,0.0246616,0.0482147,
433,0.0,0.000164,0.0009222,0.0018198,3.31e-05,0.00153,0.0016096,0.0029727,0.0073784,0.0120283,0.0221735,0.0416154,0.016246,0.0238668,
434,1e-07,0.0012874,0.001359,0.0009786,3.2e-05,0.0010468,0.0002631,0.0016704,0.0055181,0.0283628,0.0221416,0.0399587,0.0366956,0.0564996,
435,1e-07,0.0001608,0.000923,0.0012523,3.1e-05,0.0012065,0.0008834,0.0020051,0.0025757,0.0298077,0.020193,0.0509983,0.058141,0.0507771,
436,1e-07,0.0001598,0.0012057,0.0004365,3e-05,0.0015832,0.0008813,0.0017635,0.0035771,0.0154517,0.0102324,0.0642042,0.0575424,0.0521682,
437,1e-07,0.000155,0.0010131,0.0006175,0.0014461,0.0009667,0.0002606,0.0007152,0.010822,0.0258167,0.025804,0.0900389,0.0428554,0.0586193,
438,2e-07,0.0001536,0.0021891,0.0009829,0.0014453,0.0002158,0.0002585,0.0020126,0.0059207,0.0289381,0.0344674,0.0616111,0.0449258,0.0562103,
439,1e-07,0.0001513,0.0002281,0.0014011,3.21e-05,0.0002137,0.0002604,0.0044007,0.0172227,0.0536806,0.0335654,0.0477184,0.0298175,0.0478956,
440,1e-07,0.0001551,0.0009189,0.0004288,3.04e-05,0.0009687,0.0013962,0.0020498,0.0139963,0.0443498,0.0237383,0.0281052,0.0284812,0.0309828,
441,1e-07,0.0001535,0.0002215,0.0004324,0.0014455,0.0002105,0.001173,0.0010692,0.0055872,0.0292147,0.035914,0.066504,0.0486484,0.0689137,
442,1e-07,0.0001559,0.0002183,0.000439,3.2e-05,0.0015754,0.0002645,0.0025448,0.0096928,0.0107317,0.0116922,0.0379445,0.0477404,0.0738825,
443,1e-07,0.0001536,0.0010214,0.0012667,3.41e-05,0.0002092,0.0012607,0.0120677,0.0153782,0.021188,0.020226,0.0389182,0.0312317,0.0457417,
444,0.0,0.0001564,0.0012113,0.0006121,0.0009997,0.0014855,0.0008158,0.0051405,0.021946,0.0074181,0.0063798,0.0183581,0.0326435,0.047069,
445,1e-07,0.0001559,0.0002115,0.0006108,0.0017597,0.0008066,0.0011247,0.0023204,0.0086915,0.006766,0.0093397,0.0277861,0.0318072,0.036663,
446,1e-07,0.0001569,0.0014964,0.0006126,0.0014486,0.0002028,0.0002711,0.0014492,0.0083735,0.0043225,0.044292,0.0323803,0.041706,0.0433629,
447,1e-07,0.001428,0.0010156,0.0006154,0.0010193,0.0008117,0.0011671,0.0034799,0.0120702,0.0193126,0.0169953,0.022638,0.0453757,0.0608287,
448,1e-07,0.0009555,0.0011201,0.0004596,0.0014374,0.0009707,0.0014732,0.0039386,0.0065831,0.0299839,0.0368111,0.0288655,0.0580204,0.0484332,
449,1e-07,0.0001609,0.0010183,0.0006141,0.0009703,0.0001984,0.0012275,0.0020542,0.0081878,0.0268592,0.0212484,0.0473555,0.0725267,0.0432735,
450,1e-07,0.0012964,0.0002047,0.0013513,3.36e-05,0.0013737,0.000885,0.0016097,0.0126962,0.0038287,0.0219931,0.0420037,0.0811168,0.0504441,
451,1e-07,0.0001628,0.0010259,0.0006119,3.16e-05,0.0008074,0.0002738,0.0035801,0.0143323,0.0173299,0.0273676,0.0256713,0.0341662,0.0287994,
452,1e-07,0.0009467,0.001125,0.0009829,0.0014073,0.0009775,0.0002739,0.0019589,0.0090513,0.0116156,0.0139871,0.0283793,0.0237521,0.0370288,
453,1e-07,0.0001671,0.0011225,0.0012657,3.14e-05,0.0012608,0.0008849,0.0014267,0.0025288,0.0093804,0.017276,0.048596,0.0139293,0.0212222,
454,1e-07,0.0001689,0.0015059,0.0004616,0.0014015,0.0002072,0.0002704,0.0016158,0.004096,0.0099943,0.0334239,0.0152947,0.0201663,0.0391955,
455,1e-07,0.0009129,0.0013508,0.0004579,2.99e-05,0.0007997,0.0011239,0.0006755,0.0111025,0.0089182,0.0227709,0.0092498,0.047709,0.0313219,
456,1e-07,0.0001731,0.0010177,0.0012451,2.93e-05,0.0012415,0.0014066,0.0030025,0.0149743,0.0205684,0.0084044,0.0570547,0.0687256,0.0533619,
457,1e-07,0.0011066,0.0002106,0.0004593,0.0014173,0.0016071,0.0012128,0.0099956,0.014742,0.0094875,0.0284265,0.0608217,0.0988683,0.0709957,
458,1e-07,0.0008897,0.0020796,0.0014619,2.95e-05,0.000215,0.0023294,0.011285,0.0141806,0.010058,0.0043374,0.0368776,0.0672576,0.06008,
459,1e-07,0.0008909,0.0002103,0.0005791,0.0014311,0.0018996,0.0019861,0.0127254,0.0197445,0.0118093,0.0281091,0.0288516,0.0472172,0.0582695,
460,3e-07,0.000186,0.0002076,0.001389,3.01e-05,0.0007901,0.0013693,0.0142488,0.0252851,0.0243456,0.0313889,0.027159,0.0300146,0.0420109,
461,2e-07,0.0001876,0.0013514,0.0010327,3.07e-05,0.0007907,0.0021291,0.0031863,0.0195199,0.0623173,0.0330549,0.0231222,0.0328966,0.062376,
462,2e-07,0.0001857,0.0013458,0.0005761,0.0013871,0.0016084,0.0020957,0.0088712,0.021634,0.0299817,0.0181129,0.0308367,0.025113,0.0386068,
463,2e-07,0.0008856,0.0009059,0.0004692,0.0017169,0.0015407,0.0011751,0.0047666,0.0175199,0.0186461,0.0129706,0.0454235,0.0430137,0.0600372,
464,2e-07,0.0001787,0.0002093,0.0004622,2.77e-05,0.0015402,0.0022136,0.0014817,0.0142569,0.0203217,0.0131005,0.0216966,0.0452576,0.0555142,
465,1e-07,0.0016634,0.0013423,0.001072,2.79e-05,0.000979,0.0014045,0.0007756,0.0092922,0.0180558,0.0203908,0.0121159,0.0361957,0.0381526,
466,2e-07,0.000171,0.0013422,0.0005997,2.75e-05,0.0010453,0.001402,0.0015901,0.0024062,0.0208228,0.0348112,0.0232873,0.0340953,0.0428302,
467,1e-07,0.0001674,0.0002122,0.001669,2.83e-05,0.0002101,0.0002673,0.0015419,0.0033875,0.0110834,0.0283375,0.0366875,0.0397988,0.0594869,
468,1e-07,0.0001669,0.0002098,0.0009875,2.9e-05,0.0009768,0.0008818,0.0014214,0.0024883,0.0146481,0.0253841,0.0372763,0.0269259,0.0349468,
469,0.0,0.0009427,0.0013462,0.0014762,3.04e-05,0.0008039,0.0002708,0.001542,0.0019726,0.0083697,0.024266,0.0286231,0.0632649,0.0398425,
470,0.0,0.00016,0.0015119,0.0010534,3.04e-05,0.0013192,0.0002722,0.0034695,0.0057943,0.0174372,0.0233215,0.0160013,0.0688303,0.0394486,
471,0.0,0.000904,0.0009116,0.0004457,0.0013985,0.0009725,0.0011654,0.0023709,0.011964,0.0162497,0.0447787,0.0103147,0.040716,0.0123383,
472,0.0,0.0001514,0.0012857,0.0006267,0.0010236,0.0002036,0.0014773,0.0007135,0.0061951,0.0177906,0.0643644,0.0308938,0.0469605,0.0094167,
473,1e-07,0.0001474,0.0010129,0.0013727,3.48e-05,0.0009671,0.000268,0.002324,0.0066048,0.0279444,0.0318385,0.0381868,0.0328611,0.0333146,
474,1e-07,0.000143,0.0002207,0.0004309,3.71e-05,0.0010734,0.0008762,0.0046645,0.0066978,0.0338449,0.0131319,0.0326088,0.0280709,0.0374735,
475,1e-07,0.0001429,0.0009249,0.0012893,3.76e-05,0.0002056,0.0009427,0.0062705,0.0187077,0.0133263,0.0265713,0.0350102,0.0269832,0.0489738,
476,1e-07,0.0009468,0.0009232,0.0004371,3.69e-05,0.0002044,0.0002675,0.0068156,0.0194232,0.0353495,0.0131884,0.0632582,0.0161886,0.0608158,
477,1e-07,0.0001497,0.0013561,0.0009727,3.5e-05,0.0009654,0.0008804,0.0024838,0.0195341,0.0155141,0.0386036,0.0524264,0.0296219,0.0465688,
478,0.0,0.0001537,0.0009173,0.0006213,0.0017324,0.0002066,0.0011201,0.0035773,0.0156504,0.0349138,0.0349662,0.0418944,0.0189704,0.0392045,
479,0.0,0.0001561,0.000217,0.0009747,0.0010011,0.0012605,0.0002675,0.0028265,0.0041209,0.0234511,0.0234697,0.064826,0.0334352,0.0498316,
480,1e-07,0.0001603,0.0002149,0.0016663,0.0014017,0.0008007,0.0008156,0.0019466,0.0049845,0.0143101,0.0360597,0.0210411,0.0193795,0.0831348,
481,1e-07,0.0016631,0.0013372,0.000447,2.78e-05,0.0015354,0.0014753,0.0015506,0.0057623,0.0136371,0.0138506,0.022751,0.0260917,0.0293576,
482,1e-07,0.0001689,0.0010048,0.0006062,2.68e-05,0.0009977,0.0008785,0.0006785,0.0091725,0.017006,0.0327563,0.0335159,0.0312163,0.0305082,
483,1e-07,0.0001723,0.00021,0.0006026,2.67e-05,0.0007979,0.0008786,0.0048673,0.0020844,0.0180765,0.0364513,0.0274688,0.0760491,0.0286485,
484,2e-07,0.0001732,0.0009001,0.0006056,2.59e-05,0.0016319,0.0014831,0.0029997,0.0139812,0.0381204,0.0220573,0.0335138,0.0316256,0.056793,
485,1e-07,0.0011069,0.0002131,0.0012697,2.65e-05,0.0009964,0.0011744,0.005732,0.0163711,0.0346857,0.0174584,0.0135117,0.0351788,0.0550617,
486,1e-07,0.0001661,0.0013291,0.0006155,2.64e-05,0.0007961,0.0008177,0.0022059,0.018031,0.0211662,0.0228769,0.0143944,0.0500733,0.0230106,
487,1e-07,0.0001615,0.0009075,0.0009717,2.78e-05,0.0002098,0.0011746,0.0010149,0.0133624,0.0223261,0.0267134,0.0221647,0.0664653,0.0313084,
488,1e-07,0.0001597,0.0002206,0.0006198,2.83e-05,0.0014794,0.0008214,0.0010695,0.0096707,0.0226903,0.0416355,0.0516161,0.0570882,0.0541816,
489,1e-07,0.0001562,0.0002245,0.0004282,0.0017271,0.000797,0.0015982,0.0006712,0.0296908,0.0490254,0.1115876,0.0436111,0.0223427,0.0174167,
490,1e-07,0.000153,0.0002255,0.000426,3.02e-05,0.0015489,0.0013884,0.0033864,0.0349924,0.0337903,0.0638615,0.0357239,0.0340961,0.0372381,
491,1e-07,0.0001537,0.0002213,0.0004328,3.02e-05,0.0014145,0.0014789,0.0044137,0.0027192,0.0357221,0.0667396,0.0480267,0.0315592,0.0248838,
492,1e-07,0.0001556,0.0002188,0.000438,2.96e-05,0.0009764,0.0008162,0.0037076,0.0090281,0.0340783,0.0426183,0.0064659,0.0165203,0.0199065,
493,0.0,0.0001576,0.0013642,0.0006273,2.95e-05,0.0002038,0.0002728,0.0025322,0.0131649,0.0323052,0.0147458,0.0158618,0.0285174,0.0414667,
494,0.0,0.0001539,0.0002153,0.0004433,3.07e-05,0.0012506,0.0009524,0.0010039,0.0092438,0.0223728,0.0110802,0.0168089,0.042714,0.10184,
495,1e-07,0.0001497,0.0002164,0.0004405,0.0009805,0.0002009,0.0008118,0.0014005,0.026344,0.0204477,0.0712411,0.015346,0.0429873,0.1030243,
496,0.0,0.0001471,0.0009101,0.000948,0.000983,0.0002024,0.0008151,0.0006866,0.0053804,0.0366877,0.0518554,0.0073331,0.0193779,0.0459059,
497,1e-07,0.0001434,0.0002222,0.0004284,3.51e-05,0.0008078,0.0011628,0.0010144,0.0105337,0.0339252,0.0627409,0.0507196,0.0255198,0.0240493,
498,1e-07,0.0001456,0.0012036,0.0009674,0.0014223,0.0009696,0.0017756,0.0008132,0.0095137,0.0417756,0.0496709,0.0431914,0.0451017,0.0280976,
499,1e-07,0.000144,0.0008064,0.0010829,0.0013807,0.0009929,0.0008725,0.0031507,0.0059283,0.0458701,0.0342082,0.0424183,0.0360248,0.0416493,
500,1e-07,0.0001458,0.0010086,0.0004235,0.0009722,0.0002087,0.0002642,0.0017657,0.0182439,0.0491682,0.040219,0.0354418,0.072071,0.0308688,
501,1e-07,0.0001432,0.0009265,0.0004159,3.55e-05,0.0008017,0.0008257,0.0066622,0.0251261,0.037837,0.0498044,0.0231921,0.0525364,0.0347374,
502,1e-07,0.0001428,0.0010115,0.0004143,3.62e-05,0.0002122,0.0014837,0.0031874,0.0070543,0.0320774,0.0446444,0.0350042,0.0304417,0.0688396,
503,1e-07,0.0001463,0.0002297,0.0004183,0.0017317,0.0014889,0.0002588,0.0062175,0.0084858,0.0053293,0.0283344,0.0490443,0.063151,0.073431,
504,2e-07,0.0001475,0.0010146,0.0006286,3.45e-05,0.0002163,0.0014863,0.0028504,0.0044445,0.0046588,0.0389921,0.0596419,0.1101939,0.0734382,
505,2e-07,0.0001501,0.001018,0.000623,0.001427,0.0012277,0.0002549,0.0014823,0.003035,0.0183962,0.0349322,0.0481128,0.0796772,0.0501969,
506,2e-07,0.0001547,0.0002315,0.0009958,0.0010018,0.0002194,0.0002545,0.0018601,0.0084093,0.0142807,0.0295223,0.0184461,0.0675013,0.0404976,
507,2e-07,0.0009227,0.0010183,0.0006165,3.22e-05,0.0010452,0.0002521,0.0014878,0.0034686,0.0221367,0.0440491,0.0116093,0.0609745,0.0330584,
508,3e-07,0.0001601,0.0002321,0.0006103,3.04e-05,0.0002228,0.0013763,0.0052891,0.010732,0.0369322,0.0455488,0.035452,0.0662686,0.0624529,
509,2e-07,0.0009204,0.0010209,0.001549,3.1e-05,0.0012123,0.0008316,0.0025324,0.0058584,0.03269,0.0189376,0.0386894,0.0453352,0.0803053,
510,2e-07,0.0001566,0.0010244,0.0011607,0.0014324,0.0002207,0.0008852,0.0007912,0.0100174,0.0229974,0.0109002,0.0353586,0.0133261,0.0785501,
511,3e-07,0.0001597,0.0002325,0.0004234,0.0009786,0.0007903,0.0011914,0.0017204,0.0145068,0.0174971,0.0139396,0.0255897,0.0284356,0.0578743,
512,2e-07,0.0001629,0.0002281,0.0012475,0.0013997,0.0020331,0.0014032,0.0036388,0.0090158,0.0109348,0.021874,0.0481638,0.0556715,0.0782097,
513,2e-07,0.0010971,0.000227,0.0006012,3.36e-05,0.0013257,0.0008307,0.0037224,0.0111379,0.0330074,0.0466793,0.0504329,0.041749,0.0363662,
514,2e-07,0.0001588,0.0016736,0.0012465,0.000973,0.0015857,0.001824,0.0024923,0.0178745,0.0220673,0.0291599,0.0243768,0.0473169,0.0576829,
515,3e-07,0.0001634,0.0002297,0.0004316,0.001027,0.0022362,0.0002504,0.003011,0.012101,0.0147675,0.0357259,0.034873,0.0551467,0.0702954,
516,2e-07,0.0001637,0.000226,0.0009957,0.0014031,0.0002218,0.0008933,0.0040972,0.0123118,0.0396238,0.0340841,0.0413986,0.0673553,0.0547271,
517,2e-07,0.0001596,0.0018285,0.0004342,3.6e-05,0.0002216,0.0020912,0.0124624,0.0184995,0.0234922,0.0227022,0.026227,0.0618161,0.0285979,
518,3e-07,0.0001619,0.000231,0.0005943,3.58e-05,0.0002241,0.0020167,0.0148911,0.0251023,0.0183824,0.0367112,0.0724823,0.0610473,0.0474586,
519,2e-07,0.000915,0.0016808,0.0010718,3.54e-05,0.0024986,0.0023162,0.0044903,0.022686,0.0501946,0.0542789,0.0828341,0.0613939,0.0711591,
520,2e-07,0.0014271,0.0020627,0.0005877,0.0009842,0.0031355,0.0083833,0.0052068,0.0120179,0.0599086,0.0713643,0.0799647,0.0449134,0.0634355,
521,2e-07,0.0001607,0.0007889,0.0014227,0.0029973,0.0023197,0.0059006,0.0130387,0.0235039,0.0547221,0.0624616,0.0891549,0.057322,0.0539832,
522,2e-07,0.0001565,0.0014723,0.001244,0.0013764,0.0021933,0.0012589,0.0236147,0.0329831,0.0376819,0.0628019,0.091107,0.0508485,0.0408064,
523,2e-07,0.0001568,0.0002359,0.0010869,0.0009958,0.0063303,0.005823,0.014963,0.0244407,0.0208684,0.0392384,0.0695207,0.0534052,0.0949272,
524,3e-07,0.001302,0.0012074,0.000606,4e-05,0.0020788,0.0040685,0.0140833,0.0315814,0.0277956,0.0488366,0.0431209,0.0537938,0.06525,
525,3e-07,0.0001514,0.000776,0.0006097,3.86e-05,0.001681,0.0022137,0.0166008,0.0135156,0.0244546,0.0452933,0.0380558,0.0743864,0.082274,
526,3e-07,0.0001551,0.0012045,0.0012383,0.0009728,0.0010056,0.0009202,0.0170469,0.0194388,0.0365764,0.0425078,0.0536717,0.0756346,0.0996604,
527,3e-07,0.0001541,0.0002458,0.0011474,3.63e-05,0.0002296,0.0016349,0.0068921,0.0278911,0.0309495,0.0423044,0.0529194,0.0722994,0.1467327,
528,3e-07,0.0001569,0.0011996,0.0004049,3.51e-05,0.0007856,0.0030119,0.0032523,0.0447592,0.0460033,0.0407954,0.0559685,0.0799949,0.1148375,
529,3e-07,0.0001554,0.0009575,0.0017521,3.52e-05,0.0013907,0.0002399,0.0019982,0.0504049,0.0385199,0.0285835,0.0619226,0.090617,0.0830142,
530,3e-07,0.000158,0.0010225,0.0017457,0.0010044,0.0002346,0.0011787,0.0046987,0.0261702,0.027905,0.0090084,0.0198666,0.0371626,0.023045,
531,3e-07,0.0001573,0.0002497,0.0006192,3.33e-05,0.0009531,0.0009254,0.0028069,0.0078804,0.0220645,0.0393325,0.0393173,0.0823816,0.0549011,
532,3e-07,0.0001585,0.0013651,0.0012351,3.2e-05,0.0002323,0.0002422,0.0032916,0.0176319,0.038188,0.0159547,0.0262995,0.0394533,0.0421691,
533,3e-07,0.0008996,0.0002453,0.0011468,3.16e-05,0.0002299,0.0008798,0.0029414,0.0057405,0.0235255,0.016719,0.0441393,0.0338648,0.0271762,
534,3e-07,0.0001547,0.0007718,0.0006278,3.28e-05,0.0002302,0.0016181,0.0034123,0.0160046,0.0087314,0.0212398,0.0320675,0.0310987,0.0401188,
535,3e-07,0.0009005,0.0010142,0.0012419,0.0013965,0.001093,0.001417,0.0018871,0.014005,0.0192575,0.0340274,0.0425784,0.0504333,0.0504974,
536,3e-07,0.0001515,0.0010155,0.0013874,3.42e-05,0.0002272,0.0002458,0.0024307,0.0074663,0.0167588,0.0066861,0.0506653,0.0727876,0.0602117,
537,3e-07,0.0001507,0.0016529,0.001,3.4e-05,0.0002266,0.0014162,0.0021901,0.003024,0.0245777,0.0068707,0.0400545,0.0740565,0.0521128,
538,3e-07,0.0001472,0.0002505,0.0003903,3.62e-05,0.0002274,0.000846,0.0006315,0.0098472,0.0061555,0.0527405,0.0677707,0.1056811,0.0878658,
539,3e-07,0.0016756,0.000771,0.000635,0.0010084,0.0009534,0.0002469,0.0021917,0.0081851,0.0196021,0.0312249,0.05678,0.0246621,0.015389,
540,3e-07,0.0001469,0.000942,0.000632,3.56e-05,0.0009563,0.0008405,0.0015224,0.0073732,0.0282543,0.025148,0.0322815,0.0280687,0.0094375,
541,3e-07,0.0001444,0.0002441,0.0003969,0.0017378,0.0010458,0.0014902,0.0036922,0.0195681,0.0450433,0.0076421,0.0308344,0.0494877,0.0634691,
542,3e-07,0.0001404,0.0002465,0.0003931,0.0017286,0.0012947,0.0018636,0.0052398,0.0200487,0.0422054,0.0141855,0.028981,0.0500661,0.0431313,
543,3e-07,0.0001415,0.0002422,0.0006359,0.0010097,0.0015249,0.0002508,0.0050863,0.0311193,0.0426754,0.0199621,0.0529629,0.035398,0.0346445,
544,3e-07,0.0001436,0.0002391,0.0006339,3.65e-05,0.0010467,0.0002527,0.0026773,0.0185515,0.0386329,0.0319632,0.0408766,0.0212233,0.0630119,
545,2e-07,0.000148,0.0016635,0.0004083,3.47e-05,0.0014911,0.0008359,0.0032454,0.0142805,0.0249891,0.0174106,0.0320921,0.0470622,0.0557233,
546,2e-07,0.0001517,0.0010113,0.0004099,3.25e-05,0.0009603,0.0015952,0.0010144,0.0138878,0.0177969,0.0287487,0.0429667,0.0306006,0.0659822,
547,3e-07,0.0001536,0.001009,0.0015846,0.0014054,0.0002242,0.0013765,0.0018303,0.0054778,0.0201513,0.0578582,0.0428759,0.0242604,0.0080724,
548,3e-07,0.0001576,0.0002397,0.0010046,0.001407,0.0010437,0.0008406,0.0018588,0.0135205,0.0124701,0.0420227,0.0458281,0.029331,0.0119845,
549,3e-07,0.0001613,0.0009351,0.001148,2.93e-05,0.0002279,0.0008768,0.0010157,0.007768,0.0455278,0.0692031,0.0728072,0.0688829,0.0938725,
550,3e-07,0.0001658,0.0002401,0.0006122,2.81e-05,0.0002301,0.0011201,0.0058387,0.0292432,0.0283156,0.0465138,0.0352116,0.0103843,0.041736,
551,2e-07,0.0001681,0.0010059,0.0004181,2.71e-05,0.0002284,0.0008794,0.0064899,0.0126613,0.0300044,0.0229268,0.0556405,0.023203,0.0370798,
552,2e-07,0.0001662,0.0013558,0.0006068,2.8e-05,0.000227,0.0008819,0.004829,0.0099949,0.0300647,0.0601726,0.007172,0.014216,0.0842785,
553,3e-07,0.0001683,0.0009352,0.0004207,0.0014265,0.0013756,0.0012572,0.0055055,0.0359214,0.0562201,0.0490033,0.0101022,0.0192138,0.0249067,
554,3e-07,0.0001731,0.0012018,0.0005958,0.0010199,0.000966,0.0012256,0.0027785,0.023755,0.0552412,0.0448434,0.0272551,0.0519424,0.0465319,
555,3e-07,0.0016937,0.0002294,0.0012425,0.0017375,0.0015689,0.0013779,0.0048822,0.0335365,0.0571445,0.0195301,0.0239887,0.0526303,0.054313,
556,2e-07,0.0001695,0.0010196,0.0004297,2.84e-05,0.0002264,0.0014106,0.0090055,0.0295471,0.0191778,0.014197,0.0258433,0.0276283,0.0516039,
557,3e-07,0.0001737,0.0002298,0.0004329,0.0009934,0.0015387,0.0014127,0.0108022,0.025563,0.0146883,0.0302044,0.0248636,0.0147198,0.0574463,
558,2e-07,0.000175,0.0002257,0.0011771,0.0017244,0.0022371,0.0022022,0.0131589,0.0440974,0.0762352,0.0544915,0.0371075,0.0124991,0.0349888,
559,2e-07,0.0001706,0.0002276,0.0004364,0.0017252,0.0020905,0.0011953,0.0148723,0.0295149,0.0596638,0.0579407,0.0360529,0.0283939,0.0431512,
560,3e-07,0.0001707,0.0009384,0.0012356,2.97e-05,0.0012178,0.0018288,0.0039008,0.026039,0.032362,0.0594518,0.0473123,0.0480878,0.0514913,
561,3e-07,0.0001753,0.0002294,0.0011387,0.0009936,0.0023581,0.0028062,0.0064309,0.0160224,0.0153721,0.1050451,0.0982281,0.0335715,0.0567773,
562,3e-07,0.0001739,0.0009393,0.0010046,0.0014293,0.0020308,0.0022117,0.0092016,0.0306928,0.0207865,0.1041757,0.1006956,0.0672356,0.0606122,
563,3e-07,0.0001696,0.0012806,0.0022232,0.0014354,0.0010906,0.0070911,0.0064624,0.0294884,0.0276591,0.06475,0.0475254,0.0790074,0.0589198,
564,3e-07,0.0001707,0.0009462,0.0010096,0.0041289,0.0049289,0.0037501,0.0139881,0.0195477,0.1186768,0.0558452,0.0443872,0.095482,0.061795,
565,3e-07,0.0001669,0.0002371,0.0012332,0.0031432,0.0024354,0.0042588,0.0050765,0.0359412,0.0272205,0.026415,0.058358,0.0597724,0.074568,
566,3e-07,0.000167,0.0010248,0.0006004,0.0014284,0.0039522,0.0047815,0.009442,0.029912,0.0313684,0.0301558,0.0484058,0.0891237,0.0519473,
567,3e-07,0.0009223,0.0002378,0.0011577,3.01e-05,0.0012848,0.0002459,0.0073122,0.0227521,0.0263859,0.0253995,0.0358986,0.0548536,0.0527553,
568,3e-07,0.0001622,0.0002425,0.0012237,0.0014277,0.0013234,0.0002439,0.0068273,0.0315662,0.0283218,0.0106387,0.0410073,0.0526802,0.0649422,
569,2e-07,0.0001607,0.000949,0.0006087,0.0022481,0.0013263,0.0012269,0.0087511,0.0357571,0.017545,0.004402,0.0596358,0.0731288,0.0566355,
570,3e-07,0.0001595,0.001027,0.001157,0.0013996,0.0016732,0.0002462,0.0091382,0.0305723,0.0186979,0.0332325,0.0222203,0.0880427,0.0628349,
571,2e-07,0.0001567,0.0002413,0.0006144,0.0010031,0.0010443,0.0012276,0.0016958,0.0076051,0.0151931,0.0173701,0.0310015,0.0870447,0.0526334,
572,3e-07,0.0001546,0.0010258,0.0011075,0.0010052,0.0016744,0.0002439,0.0055767,0.0082076,0.0292272,0.0272559,0.0509111,0.0907033,0.027686,
573,3e-07,0.000154,0.0007745,0.0006138,0.0013937,0.0002273,0.0008866,0.0047916,0.0164661,0.0216078,0.0098488,0.0582826,0.0599448,0.0515012,
574,3e-07,0.0001522,0.0002401,0.0012452,3.55e-05,0.0013293,0.0009262,0.0032457,0.0071915,0.0082881,0.0216766,0.0307219,0.0373693,0.046132,
575,3e-07,0.0016756,0.0002446,0.0004028,0.0010078,0.0002262,0.0002457,0.0028854,0.0018211,0.0238616,0.0154241,0.0414082,0.0294664,0.0448327,
576,3e-07,0.0001477,0.001031,0.0012432,3.85e-05,0.0002267,0.0002451,0.0019501,0.0136634,0.0333527,0.0279685,0.056934,0.0303476,0.0350761,
577,3e-07,0.0001466,0.0010326,0.0006216,0.001027,0.0010025,0.0015939,0.0024302,0.0158698,0.0231604,0.0379804,0.0438578,0.0156078,0.0300533,
578,3e-07,0.0001447,0.0002426,0.0009956,0.0010099,0.0009499,0.0016692,0.0071382,0.0246096,0.0162864,0.0484245,0.0304317,0.0129208,0.0290757,
579,3e-07,0.0009135,0.0002472,0.0011087,4.04e-05,0.0009482,0.0020924,0.0176839,0.0194073,0.0303153,0.0270147,0.0237013,0.0213608,0.0182936,
580,3e-07,0.0009244,0.0002458,0.0012502,4.21e-05,0.0002227,0.00119,0.0150257,0.0255979,0.0676422,0.0461639,0.0140597,0.0160329,0.0547247,
581,2e-07,0.000141,0.000241,0.0009927,4.16e-05,0.0007984,0.0013797,0.0103832,0.0461547,0.0614355,0.0956087,0.0375421,0.0496908,0.0573936,
582,2e-07,0.0009328,0.0010396,0.001476,0.001374,0.0020683,0.0009241,0.0054715,0.0174021,0.0449025,0.0425308,0.0403323,0.0307487,0.0635287,
583,2e-07,0.0001385,0.0002411,0.0011617,0.0013719,0.0002191,0.0020684,0.0100128,0.0217009,0.0168287,0.0487226,0.054218,0.0621735,0.0572237,
584,2e-07,0.0001398,0.001398,0.0006181,0.0014574,0.0015938,0.0014715,0.0134658,0.0541351,0.0342126,0.0652724,0.0748469,0.0548263,0.0705891,
585,2e-07,0.0001445,0.0002365,0.0004201,0.0019657,0.0021891,0.001489,0.0105304,0.0483241,0.046871,0.0189782,0.0587887,0.0562871,0.0556681,
586,2e-07,0.0009207,0.0002323,0.0006087,0.0009919,0.0013366,0.0011932,0.0049123,0.0193181,0.0317917,0.0375133,0.0282922,0.0375689,0.03497,
587,1e-07,0.0012942,0.0007884,0.0006059,0.0010221,0.0009994,0.0011927,0.0037313,0.0103096,0.0415205,0.0221504,0.0223755,0.0098314,0.0184765,
588,1e-07,0.0009201,0.0010425,0.0004362,0.0017214,0.0010473,0.001486,0.0126703,0.0119689,0.0383714,0.0216248,0.0316716,0.0222785,0.0199337,
589,1e-07,0.0009247,0.0013904,0.0012403,4.11e-05,0.0002154,0.0020378,0.0056494,0.0234864,0.0488832,0.0504719,0.0406423,0.0365951,0.0260867,
590,1e-07,0.0009263,0.0010421,0.0006093,0.0024778,0.0015657,0.0008917,0.0036568,0.0100084,0.0239531,0.0413648,0.0286772,0.030771,0.0279862,
591,2e-07,0.0001451,0.0013875,0.0012578,4.16e-05,0.0009508,0.0008908,0.0031275,0.0135831,0.0337792,0.0306552,0.031013,0.0873142,0.0405167,
592,1e-07,0.0009245,0.0010347,0.0006178,3.94e-05,0.0013629,0.0002546,0.0023633,0.0081834,0.0158797,0.025695,0.0343763,0.0697857,0.0649371,
593,1e-07,0.0001501,0.001031,0.001248,3.69e-05,0.0012252,0.000831,0.0007217,0.007109,0.0229256,0.0104785,0.0257352,0.0285599,0.0607612,
594,1e-07,0.0001533,0.0010292,0.0006102,3.53e-05,0.0002169,0.001485,0.001382,0.0060816,0.0317378,0.032968,0.0304909,0.0222485,0.0317543,
595,2e-07,0.0001559,0.0010232,0.0014858,3.31e-05,0.0002175,0.000256,0.0015246,0.0133762,0.0233282,0.0389082,0.02207,0.0226555,0.0636083,
596,1e-07,0.0001584,0.0010244,0.0004357,0.001021,0.0002159,0.0002584,0.0029823,0.0106528,0.0201079,0.0347867,0.0144273,0.0475845,0.0561056,
597,1e-07,0.0009188,0.0010259,0.0011866,3.18e-05,0.0002179,0.0008267,0.0024919,0.010564,0.0273779,0.0295201,0.0335239,0.0506379,0.0604569,
598,1e-07,0.0001656,0.0013619,0.0005994,3e-05,0.0012583,0.0002558,0.0014243,0.011844,0.0396828,0.0132263,0.0354148,0.0612031,0.0693012,
599,2e-07,0.0001687,0.0013643,0.0004378,0.0017265,0.0009645,0.0008308,0.0041086,0.0137021,0.0572514,0.0396992,0.0150924,0.062904,0.0653366,
600,2e-07,0.0001723,0.0009254,0.0015523,0.0014095,0.0009682,0.0014848,0.0092083,0.0368535,0.0452181,0.0395597,0.0553978,0.0650986,0.0557064,
601,1e-07,0.0009044,0.0008092,0.0014029,0.0014217,0.001534,0.0014132,0.0056658,0.025452,0.0167017,0.037982,0.048065,0.0543698,0.0584897,
602,1e-07,0.0001692,0.0009296,0.0004455,0.0010154,0.0012127,0.0016193,0.0102845,0.0222456,0.0266942,0.0453041,0.0283997,0.0570263,0.0570961,
603,2e-07,0.0001738,0.0002195,0.0005834,3.08e-05,0.0016671,0.0008284,0.0214477,0.0272988,0.0114015,0.0473165,0.039973,0.0700532,0.0587704,
604,1e-07,0.0001749,0.0008123,0.0004559,0.0013892,0.0012923,0.0020062,0.0022442,0.0155246,0.0275179,0.047393,0.0487934,0.0711577,0.0096188,
605,1e-07,0.0001718,0.0013758,0.0012177,0.0010136,0.002331,0.0013946,0.005882,0.0342387,0.0249702,0.0292127,0.017235,0.0338763,0.0433241,
606,2e-07,0.0009202,0.0020671,0.0014118,0.002987,0.0015955,0.0034179,0.0089981,0.0349316,0.0245144,0.04926,0.0857259,0.0668546,0.0769304,
607,2e-07,0.0001775,0.0009299,0.0021514,0.0028315,0.0032591,0.0043897,0.0523156,0.0460202,0.0140977,0.0366659,0.0825599,0.0527112,0.0591206,
608,2e-07,0.0009074,0.0016951,0.0020016,0.0010107,0.0031215,0.0102614,0.0266812,0.0365257,0.0198013,0.0385097,0.0927595,0.0722592,0.0756902,
609,3e-07,0.0001812,0.0012143,0.0012091,0.0043696,0.0056104,0.0083769,0.0406624,0.0348545,0.0768618,0.0381017,0.0524131,0.0467864,0.0574228,
610,2e-07,0.0001853,0.0022086,0.0014894,0.0028575,0.0061143,0.0032008,0.0086781,0.0333402,0.0568241,0.0595915,0.0261744,0.0261891,0.0295227,
611,2e-07,0.0001861,0.0002062,0.0028319,0.0067959,0.0054478,0.0023662,0.0028308,0.0257706,0.0443152,0.0468435,0.0366648,0.0275372,0.0531686,
612,2e-07,0.0014043,0.0012188,0.0009861,0.0033413,0.0022121,0.0037628,0.01012,0.0117068,0.0216218,0.0215973,0.0121735,0.0394374,0.0253334,
