#Time_fs,0,50,100,150,200,250,300,500,750,1000,1250,1500,1750,2000,
1,1e-07,0.0003757,0.0023557,0.0017579,0.0014707,0.0018059,0.0016289,0.0049846,0.0152049,0.0413293,0.0345898,0.0431865,0.0406699,0.0554177,
2,1e-07,0.0003778,0.0006141,0.0008371,0.0016369,0.0012502,0.0009152,0.0083394,0.0232997,0.0094189,0.0326481,0.0095916,0.0342388,0.0497837,
3,1e-07,0.0006262,0.0010641,0.0008382,0.0008537,0.0013848,0.0007349,0.0035312,0.0155606,0.0251976,0.0223804,0.0623153,0.0541792,0.0436447,
4,1e-07,0.0006269,0.0010621,0.0008842,0.0019157,0.0012434,0.0008421,0.0016477,0.0073759,0.023213,0.0204003,0.0593931,0.0516661,0.0546732,
5,0.0,0.0003792,0.0003929,0.0011257,0.0005766,0.000488,0.0007346,0.0035648,0.0042604,0.0116833,0.0323386,0.0520046,0.035808,0.0547006,
6,0.0,0.0003764,0.0003871,0.0014043,0.000689,0.0004905,0.0014924,0.0027796,0.0041301,0.0097332,0.0240988,0.0523365,0.02233,0.0502022,
7,0.0,0.0019357,0.0010906,0.0006128,0.0009323,0.0007574,0.001492,0.0036759,0.0105862,0.0121587,0.0078038,0.0427319,0.0323891,0.0377359,
8,1e-07,0.0006342,0.0010906,0.0006129,0.0006875,0.0007559,0.0020288,0.0013895,0.0073557,0.0214809,0.0158584,0.0580424,0.0662044,0.0525281,
9,1e-07,0.001522,0.0003745,0.0011667,0.0015722,0.0004972,0.0009371,0.0011569,0.0032622,0.0231717,0.0364942,0.0438412,0.0589913,0.0455791,
10,1e-07,0.0006377,0.0003752,0.0013564,0.0005764,0.0004971,0.000741,0.0020983,0.003504,0.0300566,0.0452603,0.045101,0.0306017,0.0658392,
11,1e-07,0.0012369,0.0010923,0.0014969,0.0009346,0.0007434,0.0016983,0.0021114,0.0088718,0.0413685,0.0453704,0.0517407,0.0310361,0.0808383,
12,1e-07,0.0011369,0.0012166,0.0011719,0.000936,0.0012398,0.0007444,0.0014204,0.0136146,0.0443615,0.0519947,0.0269265,0.0425212,0.059302,
13,1e-07,0.0003687,0.0009898,0.0006094,0.0009258,0.0007404,0.0014928,0.0024232,0.0086949,0.0274421,0.0654553,0.0160956,0.0473398,0.0330128,
14,1e-07,0.0006407,0.0003733,0.0006081,0.0008515,0.0011219,0.0007493,0.0025652,0.0070581,0.0255699,0.025851,0.034465,0.0179418,0.0330489,
15,1e-07,0.0003658,0.0003678,0.0011993,0.0011278,0.0007334,0.0029688,0.0056463,0.0078208,0.0503148,0.0360686,0.0473422,0.0380028,0.076565,
16,1e-07,0.0006421,0.0003698,0.0018342,0.0011826,0.0007312,0.0021063,0.0023829,0.0121255,0.0250613,0.033335,0.0342056,0.0401714,0.0440408,
17,2e-07,0.0003695,0.0003756,0.0006065,0.001002,0.0012741,0.0028719,0.0073276,0.0059526,0.0508077,0.02303,0.0312045,0.0330879,0.0350153,
18,2e-07,0.0003693,0.000976,0.0020001,0.0009423,0.0030719,0.002317,0.0091232,0.0230154,0.0217337,0.0329076,0.0290871,0.0343393,0.0462707,
19,2e-07,0.0016371,0.0014629,0.0021605,0.0019583,0.0049025,0.012345,0.0146616,0.0235985,0.0126139,0.0401334,0.0108714,0.0281361,0.0323901,
20,2e-07,0.0003719,0.0025082,0.0029225,0.0036569,0.0029583,0.0090354,0.0152316,0.0251104,0.0150518,0.051024,0.0269236,0.0289139,0.0321989,
21,3e-07,0.000639,0.0033153,0.0036902,0.0020967,0.0042618,0.0055824,0.0170902,0.0074511,0.0502072,0.0251947,0.0368152,0.0349338,0.0134549,
22,3e-07,0.0011535,0.0012258,0.0054629,0.0008618,0.0039925,0.012552,0.0246244,0.0091642,0.0586182,0.023963,0.0142756,0.023406,0.0177473,
23,3e-07,0.0032014,0.0047284,0.007464,0.0141432,0.0149628,0.0225578,0.0387099,0.021857,0.0493581,0.0547278,0.0789327,0.0323367,0.034567,
24,3e-07,0.0061713,0.006699,0.011943,0.0147834,0.0201733,0.0296,0.0755678,0.0654381,0.0801702,0.0209766,0.0473052,0.0571824,0.0202386,
25,3e-07,0.0026314,0.0119124,0.0141985,0.0180856,0.0147305,0.0142033,0.0320767,0.0499562,0.015843,0.0447061,0.0470602,0.0360097,0.0293336,
26,2e-07,0.0026329,0.0023378,0.0058399,0.0042821,0.0170394,0.0237204,0.024922,0.0213175,0.0489877,0.0618812,0.0426395,0.050983,0.0325103,
27,2e-07,0.0020034,0.0048624,0.0024588,0.0077901,0.0109826,0.0094516,0.0146405,0.0201722,0.0262412,0.0386964,0.0603791,0.0268466,0.0417584,
28,2e-07,0.0003739,0.0021329,0.0008548,0.0034048,0.009045,0.0109759,0.0145841,0.0302141,0.0214967,0.0210841,0.035498,0.0291934,0.0438631,
29,2e-07,0.0015734,0.0015535,0.0008908,0.0015181,0.0037701,0.0034961,0.0153992,0.0146028,0.03028,0.0159766,0.0340247,0.0393126,0.0766722,
30,2e-07,0.001088,0.0003748,0.0013617,0.0011809,0.0004911,0.0049805,0.0090882,0.0058912,0.0124893,0.0116656,0.0258638,0.029923,0.0511061,
31,2e-07,0.0006415,0.000369,0.0011986,0.0011825,0.0016765,0.0007443,0.0019266,0.0091813,0.0279863,0.0261758,0.0166142,0.0317611,0.0502664,
32,3e-07,0.0006427,0.0003646,0.0013979,0.0017995,0.0020214,0.0010046,0.0011399,0.0084356,0.0284139,0.0315367,0.0104873,0.0337476,0.0396541,
33,3e-07,0.0003637,0.0012342,0.0021266,0.0011314,0.0027766,0.0015586,0.001534,0.0055122,0.0127784,0.0471234,0.0448607,0.0230352,0.0361529,
34,3e-07,0.0003638,0.0003607,0.0006063,0.001765,0.0007204,0.0021014,0.0029734,0.0049495,0.0150159,0.0639344,0.0358647,0.0336708,0.0379608,
35,3e-07,0.0003668,0.0009692,0.0017388,0.0009183,0.0021072,0.0031186,0.0026572,0.0096751,0.0093479,0.0566525,0.0291359,0.0494201,0.04007,
36,2e-07,0.000369,0.0009699,0.0021076,0.0017814,0.0018421,0.0014849,0.0020798,0.0040235,0.008469,0.0251222,0.0239875,0.0399484,0.0250431,
37,2e-07,0.0006372,0.0003765,0.0011966,0.0024944,0.0012193,0.0015659,0.0026408,0.0084078,0.014394,0.0284165,0.0167741,0.0511189,0.0578549,
38,3e-07,0.0003742,0.0009703,0.0013364,0.0018015,0.0004844,0.0034987,0.0010134,0.0077943,0.0247789,0.0476853,0.0322944,0.035809,0.0309438,
39,2e-07,0.001926,0.0009688,0.0017308,0.0014857,0.0018816,0.0030087,0.0106879,0.0239928,0.0331085,0.046671,0.0344563,0.0621149,0.0214062,
40,3e-07,0.0003777,0.0011104,0.0013366,0.0033356,0.0043746,0.007457,0.0070181,0.0374366,0.0390102,0.0306625,0.0341688,0.0514711,0.0119378,
41,2e-07,0.0011535,0.0024384,0.0065536,0.0082719,0.0046109,0.0065996,0.0193649,0.0262846,0.0146851,0.0587923,0.0342182,0.0329655,0.0143645,
42,3e-07,0.000377,0.0025196,0.0040227,0.0039743,0.0052963,0.0082794,0.0213459,0.0109088,0.0263407,0.0768943,0.0408937,0.0265637,0.0287596,
43,3e-07,0.0006344,0.0013761,0.0027263,0.0013415,0.003741,0.0053156,0.021096,0.0247952,0.0397769,0.0324551,0.0417555,0.0192676,0.0182018,
44,3e-07,0.00038,0.0003975,0.0045751,0.0069526,0.0081265,0.00657,0.0110447,0.0241519,0.0464313,0.056531,0.024479,0.0472845,0.0214318,
45,2e-07,0.0011277,0.0054864,0.0071227,0.0093311,0.0082346,0.0102998,0.0326436,0.0257052,0.0523776,0.0529373,0.017602,0.0293936,0.0354005,
46,2e-07,0.0029458,0.0069724,0.0095393,0.0168291,0.0221067,0.0248117,0.0295556,0.0652817,0.077035,0.0763979,0.0722466,0.0429781,0.0318268,
47,2e-07,0.0003859,0.0018332,0.0047547,0.0099023,0.0138644,0.0189398,0.021946,0.0692138,0.0496353,0.0723004,0.0762206,0.0593759,0.0564139,
48,2e-07,0.0014794,0.0025709,0.0046768,0.0079624,0.009333,0.0121913,0.035817,0.0324753,0.0054111,0.0454097,0.0421609,0.0496485,0.0801477,
49,2e-07,0.0021627,0.0061825,0.0084186,0.0087305,0.0089793,0.0143183,0.0300936,0.0290346,0.0432961,0.0257299,0.0465831,0.0342852,0.065205,
50,2e-07,0.001729,0.0014132,0.0038847,0.003815,0.0079855,0.0114248,0.0631949,0.057541,0.038094,0.0387088,0.0539071,0.0604033,0.068074,
51,2e-07,0.0011447,0.0004072,0.0017019,0.0026711,0.0038728,0.0046906,0.0360235,0.0567934,0.0570531,0.0379214,0.0694347,0.0937888,0.0567555,
52,2e-07,0.0003851,0.0010365,0.0019999,0.0009395,0.0021122,0.00157,0.0173326,0.0183693,0.0415952,0.0397011,0.1259481,0.07792,0.0510861,
53,2e-07,0.0003831,0.0011192,0.0011898,0.0019252,0.0035871,0.0025272,0.0120077,0.0300483,0.0214415,0.0375907,0.0232268,0.021669,0.0380319,
54,3e-07,0.0003805,0.0009538,0.0017278,0.0019295,0.0016956,0.0015869,0.0120247,0.0316742,0.0203424,0.0480785,0.0505748,0.0274922,0.0385161,
55,3e-07,0.0011244,0.0003902,0.0013903,0.0017765,0.0025545,0.0024049,0.0071589,0.0260931,0.015906,0.0639867,0.0580328,0.0237441,0.061378,
56,3e-07,0.0006314,0.0014115,0.0024594,0.0027506,0.0018125,0.0028322,0.0071671,0.0227575,0.0154759,0.062122,0.0359872,0.0493605,0.0583076,
57,3e-07,0.0003793,0.0011878,0.0008965,0.0019243,0.0034505,0.0029035,0.008213,0.0119531,0.0252399,0.0467777,0.0303689,0.04832,0.0273547,
58,3e-07,0.0011543,0.0009486,0.0011944,0.00114,0.0019989,0.0029638,0.005607,0.0165115,0.0323422,0.0514619,0.0232569,0.058396,0.0239087,
59,3e-07,0.0003759,0.0016163,0.0017297,0.0009504,0.0020978,0.0020465,0.0145798,0.0260285,0.0433563,0.0640787,0.0498809,0.0612462,0.0300723,
60,3e-07,0.0011498,0.0014123,0.0013685,0.0017766,0.0016584,0.0036494,0.0129943,0.0425103,0.0445167,0.0415443,0.0708296,0.0616708,0.0286809,
61,3e-07,0.0011522,0.00115,0.0005458,0.0015045,0.001347,0.0047898,0.0162353,0.0486022,0.0228455,0.0154673,0.0512327,0.0305622,0.046955,
62,3e-07,0.0003719,0.0003809,0.001198,0.0009523,0.00208,0.0031631,0.0171098,0.0416927,0.0363477,0.0234846,0.0356362,0.061484,0.0773315,
63,3e-07,0.0003696,0.0003758,0.0015562,0.0011807,0.0018759,0.0036808,0.0173804,0.0192077,0.0382258,0.0447903,0.0709253,0.0587018,0.0632465,
64,3e-07,0.001712,0.0014165,0.0012,0.0019197,0.0013576,0.0025281,0.0201549,0.0179386,0.0388404,0.0515239,0.0746545,0.1054129,0.0978949,
65,3e-07,0.0011278,0.0010905,0.0017291,0.001678,0.0036782,0.0043916,0.00492,0.0178592,0.0187386,0.0315984,0.085386,0.0855938,0.0791159,
66,3e-07,0.0003705,0.0011125,0.0008953,0.0017695,0.0023343,0.0033893,0.005614,0.0158487,0.0269243,0.0353593,0.0418662,0.0437831,0.0581294,
67,3e-07,0.0003693,0.0009623,0.0006015,0.0018596,0.0019367,0.0034625,0.0182109,0.017352,0.0381907,0.0462372,0.0589262,0.0228377,0.0406594,
68,3e-07,0.0011324,0.0009666,0.0008934,0.001872,0.0040059,0.0010069,0.0171611,0.0172741,0.0206331,0.0188538,0.0264042,0.0227413,0.019609,
69,3e-07,0.0016141,0.0023382,0.0019977,0.0022745,0.0028045,0.0056673,0.0132424,0.0106251,0.0116565,0.024066,0.059958,0.0360394,0.0413358,
70,3e-07,0.0011338,0.0003712,0.002827,0.0016191,0.0046423,0.0042824,0.0114349,0.0134398,0.0735456,0.0460208,0.0567356,0.0825366,0.0510657,
71,2e-07,0.0003653,0.0009802,0.0015574,0.0024951,0.0016645,0.003512,0.0090794,0.0133033,0.1016107,0.0471993,0.0928472,0.1276599,0.070881,
72,2e-07,0.0003645,0.001897,0.0015564,0.003009,0.0042827,0.0079059,0.012232,0.0190397,0.0411382,0.0597684,0.0472386,0.0810244,0.05061,
73,3e-07,0.0003637,0.0009736,0.0023427,0.0025825,0.0042294,0.0050252,0.0179704,0.018998,0.0290702,0.0501766,0.0345975,0.0382475,0.0416602,
74,3e-07,0.0006477,0.0003701,0.0017338,0.0024977,0.0028733,0.003559,0.0192318,0.0163147,0.0218777,0.0553422,0.0295964,0.0408417,0.047441,
75,3e-07,0.0006478,0.0003671,0.0006024,0.0019459,0.0027658,0.0045709,0.0209797,0.0070689,0.0158974,0.0639689,0.0253387,0.0729665,0.0727278,
76,3e-07,0.0003641,0.0018772,0.0012013,0.0018725,0.0020935,0.0018038,0.0108251,0.0103657,0.0203743,0.0343664,0.0398981,0.0454234,0.0546268,
77,3e-07,0.000366,0.0009587,0.0006023,0.0008558,0.0013215,0.0009527,0.0101973,0.0095675,0.0199072,0.0368702,0.0272474,0.0286066,0.0536344,
78,3e-07,0.0003649,0.0014204,0.0018722,0.0005852,0.0023656,0.0031159,0.0058489,0.0139308,0.0100107,0.020182,0.0239166,0.0242667,0.0418976,
79,3e-07,0.0006432,0.0014185,0.0018713,0.0008578,0.0018271,0.0027941,0.0091337,0.0306851,0.0657107,0.017575,0.031486,0.0618787,0.0754583,
80,3e-07,0.0003702,0.0009554,0.0017351,0.00118,0.0029406,0.0027959,0.0081352,0.0177583,0.0137534,0.0114149,0.0285556,0.0720899,0.0720239,
81,3e-07,0.0003722,0.0014183,0.0013927,0.000917,0.0014522,0.0024672,0.0079637,0.0410827,0.0414789,0.0260205,0.0171488,0.048209,0.0356492,
82,3e-07,0.0006344,0.0003811,0.0011958,0.0021453,0.0013223,0.0024112,0.0069991,0.0352711,0.0306031,0.0220191,0.07697,0.0460982,0.0613912,
83,3e-07,0.0003763,0.0016418,0.0017345,0.0014853,0.001745,0.0033816,0.0074757,0.0258071,0.0251912,0.0676144,0.0373698,0.0289583,0.0432745,
84,2e-07,0.0011219,0.0011112,0.001164,0.0021722,0.0009949,0.0020895,0.0054542,0.0237393,0.0057889,0.0529711,0.0329927,0.0194484,0.0335038,
85,2e-07,0.0003799,0.000964,0.0011917,0.0021497,0.0025783,0.0024102,0.008329,0.0299708,0.0258841,0.0276125,0.0237576,0.0215032,0.0360687,
86,3e-07,0.0012057,0.0014542,0.0013703,0.0005866,0.0014604,0.0007508,0.0063126,0.0203231,0.0138039,0.0178265,0.0121115,0.0327822,0.065227,
87,3e-07,0.0012345,0.0019341,0.0011956,0.0009194,0.0026383,0.0027805,0.0070078,0.0186977,0.0260417,0.0212813,0.0278889,0.0457867,0.0426234,
88,3e-07,0.0003717,0.0011018,0.0013715,0.0011344,0.0017894,0.0015666,0.0053087,0.0150417,0.0135273,0.0304114,0.0257367,0.0422544,0.0415113,
89,3e-07,0.0006414,0.0011088,0.0017359,0.0011356,0.0012173,0.0031201,0.0032155,0.0126639,0.0222522,0.0146659,0.0323315,0.0542538,0.0695086,
90,3e-07,0.0003664,0.0009617,0.00172,0.0017679,0.0016677,0.0024148,0.0032938,0.0131857,0.0150563,0.0405403,0.0336709,0.0415444,0.0792837,
91,3e-07,0.0003649,0.0003652,0.00137,0.000916,0.0013271,0.0016275,0.0040857,0.0188256,0.0268525,0.0257523,0.0344381,0.056563,0.0361931,
92,3e-07,0.0003621,0.001927,0.0013924,0.000852,0.0016599,0.0021009,0.0036063,0.0210208,0.0584904,0.0631108,0.0692814,0.1069754,0.0688738,
93,3e-07,0.0003608,0.001239,0.0006045,0.0011845,0.0020985,0.0015579,0.004156,0.011373,0.0496829,0.0559666,0.0395242,0.0826996,0.0337208,
94,3e-07,0.000361,0.0012377,0.001204,0.0009472,0.0013358,0.0024623,0.0034248,0.006612,0.0200267,0.034541,0.0611659,0.0454624,0.0383659,
95,3e-07,0.0006476,0.000661,0.0011773,0.000945,0.0007242,0.0015568,0.0020951,0.0227223,0.0405248,0.0302338,0.0472136,0.0362461,0.0537561,
96,2e-07,0.0006495,0.0006626,0.0012038,0.0009442,0.0021068,0.0015544,0.0039673,0.0331616,0.0103443,0.0236151,0.0324292,0.0292891,0.0349977,
97,2e-07,0.0011773,0.0012612,0.0011759,0.0009416,0.0013749,0.0009364,0.0043122,0.0143191,0.0122321,0.0179327,0.0254114,0.046519,0.0614006,
98,2e-07,0.0003638,0.0006572,0.002111,0.0009407,0.0007335,0.0015607,0.0039863,0.0085036,0.0263132,0.014647,0.0226743,0.0442848,0.0475322,
99,1e-07,0.0003645,0.0015349,0.0012011,0.0005769,0.000495,0.0015925,0.0032941,0.0079691,0.0347158,0.0398174,0.063893,0.0728968,0.0582587,
100,1e-07,0.000365,0.0010959,0.0011744,0.0009368,0.0007744,0.0015616,0.0020501,0.0056184,0.0321557,0.0296354,0.040314,0.0745579,0.073337,
101,2e-07,0.0003679,0.0012241,0.0025253,0.001182,0.0013676,0.0015594,0.0019705,0.0123709,0.019123,0.0145567,0.0503759,0.0823177,0.0309079,
102,2e-07,0.0003702,0.0012235,0.0013315,0.0011264,0.0022651,0.0028843,0.0013993,0.0036719,0.0217227,0.0395299,0.0433268,0.0623936,0.0351874,
103,2e-07,0.0006345,0.0003722,0.0017397,0.0008575,0.0013602,0.0007443,0.0096439,0.01236,0.0269511,0.0450052,0.0615312,0.0327974,0.0489307,
104,1e-07,0.0003751,0.0012183,0.000613,0.0014862,0.0018727,0.0008109,0.012133,0.0075716,0.0153243,0.0284856,0.0362419,0.0481856,0.0376812,
105,1e-07,0.0003782,0.0014247,0.0011633,0.0021769,0.0013469,0.0015933,0.0069005,0.0055445,0.0028407,0.0375596,0.041927,0.0502774,0.0539163,
106,1e-07,0.0003796,0.0003839,0.0008406,0.0019149,0.0013662,0.0010103,0.00231,0.0085107,0.0238447,0.0399493,0.0834083,0.0414094,0.02229,
107,1e-07,0.0003824,0.0011046,0.0005521,0.0017752,0.0025218,0.0007389,0.0018363,0.0042327,0.0216013,0.0311327,0.0507228,0.0418281,0.0569258,
108,1e-07,0.0011157,0.0003945,0.0005508,0.000865,0.0012119,0.001563,0.0090084,0.0217666,0.0204897,0.060442,0.0695022,0.0809992,0.0622412,
109,1e-07,0.0003844,0.000395,0.0008398,0.0008637,0.0021776,0.0020227,0.0083985,0.0216638,0.0272664,0.0190869,0.053097,0.1023792,0.0315896,
110,1e-07,0.0006239,0.0010957,0.0008823,0.0023522,0.0017675,0.0021183,0.003585,0.0085054,0.0318224,0.0127158,0.0433617,0.0666535,0.0354716,
111,1e-07,0.0003798,0.0003882,0.000883,0.0008594,0.001366,0.0015595,0.0024181,0.0070108,0.0175112,0.0265042,0.0343939,0.026051,0.0197155,
112,1e-07,0.0003777,0.0014285,0.0005516,0.0018074,0.0013585,0.0021161,0.0030216,0.0108374,0.0111547,0.0248228,0.0277232,0.0065413,0.0237405,
113,1e-07,0.0003764,0.0003846,0.0011918,0.0005788,0.0017782,0.0025122,0.0036726,0.0080419,0.0124175,0.0080384,0.0446559,0.0175076,0.0281225,
114,1e-07,0.001731,0.0003873,0.0006105,0.0017705,0.0021255,0.0025827,0.0035713,0.0243031,0.0189217,0.0180757,0.0688007,0.0187943,0.0318181,
115,1e-07,0.0003745,0.0003842,0.0024609,0.0018049,0.001795,0.0025169,0.0098223,0.0207177,0.0215943,0.0307381,0.0509621,0.0193288,0.0339902,
116,1e-07,0.0003759,0.0009894,0.0013313,0.002742,0.0067539,0.0067166,0.0100203,0.0278812,0.0074692,0.0333018,0.0371033,0.0362109,0.0172989,
117,1e-07,0.0003745,0.0022101,0.0036849,0.0063346,0.0090827,0.0106139,0.021756,0.028054,0.033046,0.0553375,0.0398986,0.038677,0.0571354,
118,1e-07,0.000375,0.0011562,0.0021772,0.0043236,0.0117027,0.012163,0.0049162,0.0359892,0.0369283,0.0385345,0.0444956,0.0468593,0.0667166,
119,2e-07,0.0023352,0.0046696,0.0042061,0.0038937,0.0067119,0.0109931,0.0174787,0.0115977,0.0303394,0.0169204,0.0628768,0.0434557,0.0453634,
120,2e-07,0.0019499,0.0023969,0.005233,0.0046548,0.0086534,0.0175588,0.0123918,0.027954,0.043478,0.0322304,0.0812977,0.0374658,0.0323116,
121,1e-07,0.0003708,0.0011503,0.0011947,0.0010021,0.0007817,0.0053145,0.0119616,0.0193128,0.025491,0.008162,0.0413217,0.0401505,0.0288101,
122,1e-07,0.0006376,0.0003828,0.0008901,0.0017265,0.0018833,0.0022724,0.0133353,0.0130405,0.0140723,0.0689044,0.0307061,0.0363789,0.0176534,
123,1e-07,0.0003739,0.0003877,0.0013939,0.0019472,0.0016845,0.0028927,0.013333,0.0102088,0.0265904,0.0391255,0.0175277,0.0639468,0.019925,
124,0.0,0.0012317,0.0003892,0.0011903,0.0019481,0.0020363,0.0025781,0.0128305,0.0272304,0.0132786,0.0379156,0.0419291,0.0305663,0.0343041,
125,0.0,0.0006327,0.0003872,0.0011618,0.0009297,0.0007484,0.0007578,0.0044305,0.0101766,0.0184807,0.0173239,0.0198368,0.0213836,0.037598,
126,0.0,0.0006292,0.0006228,0.0011898,0.0011217,0.0018724,0.0008348,0.0021489,0.0105248,0.0207373,0.0297589,0.0229514,0.0210203,0.0292542,
127,0.0,0.0003787,0.0006226,0.0014025,0.0008578,0.0018724,0.0014997,0.0027094,0.0075087,0.0094862,0.0324185,0.035582,0.0567657,0.0396089,
128,1e-07,0.0011177,0.0003938,0.0006127,0.0009325,0.0007577,0.0007596,0.0012926,0.0060324,0.00433,0.0388647,0.0231991,0.0157211,0.0182617,
129,1e-07,0.0003827,0.0003947,0.0008851,0.0022407,0.0017694,0.0014959,0.0030213,0.0054847,0.0070404,0.0204414,0.0342818,0.0114565,0.0502493,
130,1e-07,0.0006226,0.0003958,0.0008427,0.0008636,0.0018613,0.0015723,0.0022354,0.0174712,0.0110111,0.0188435,0.0126711,0.0430694,0.0374357,
131,1e-07,0.0011337,0.0014242,0.0005487,0.0017779,0.0024129,0.0036875,0.0060038,0.0191069,0.0123007,0.0246953,0.0184131,0.0276056,0.0235376,
132,1e-07,0.0006167,0.0015478,0.0013173,0.0021581,0.0034045,0.0035014,0.0034465,0.0153587,0.0316215,0.0402874,0.0367537,0.0281253,0.0631768,
133,1e-07,0.0013869,0.0011958,0.001729,0.00178,0.0034034,0.0035525,0.0031103,0.0147989,0.0322834,0.0279455,0.0406825,0.0403222,0.0598023,
134,1e-07,0.0011177,0.0026912,0.0008883,0.0017754,0.0009765,0.0009671,0.0033899,0.0108687,0.022035,0.0279238,0.0175908,0.0285165,0.0437999,
135,1e-07,0.0006199,0.000403,0.0008465,0.0008672,0.0031831,0.0044958,0.0058255,0.01551,0.0326319,0.0330953,0.0340335,0.042949,0.0283796,
136,1e-07,0.0003844,0.0004003,0.0015644,0.0016031,0.0061045,0.0043611,0.0083985,0.0032194,0.0233768,0.0438881,0.0370492,0.0523118,0.0225335,
137,1e-07,0.0010511,0.001057,0.0012988,0.0011235,0.0028255,0.0026058,0.0065654,0.0019772,0.0195459,0.0338223,0.0335571,0.0236593,0.0399724,
138,1e-07,0.0014124,0.0009915,0.0013254,0.0019473,0.0017,0.0073463,0.0100334,0.0532438,0.0303804,0.0532588,0.0600124,0.0423824,0.0385204,
139,1e-07,0.0006248,0.0017017,0.0022482,0.0030057,0.0036333,0.0065439,0.0136864,0.0449948,0.015125,0.0500774,0.0224343,0.0545129,0.0253585,
140,1e-07,0.0011216,0.0031334,0.0069618,0.0048518,0.0022549,0.0052581,0.0260476,0.0603857,0.0284269,0.0484573,0.0459272,0.0399183,0.0311245,
141,1e-07,0.0003818,0.0031829,0.0036227,0.0075613,0.0160304,0.0294452,0.0360505,0.0335879,0.0202492,0.0524353,0.0609769,0.0660365,0.0728372,
142,1e-07,0.0035988,0.0133231,0.0160059,0.0216602,0.0209769,0.0152322,0.0402667,0.0464723,0.0317372,0.0479847,0.0603954,0.0920146,0.0669839,
143,1e-07,0.0134734,0.0325057,0.0478707,0.0697114,0.1138964,0.1346535,0.1170382,0.0233793,0.0592772,0.0497582,0.0884611,0.1726893,0.1116735,
144,1e-07,0.002791,0.0149921,0.0277576,0.0414537,0.0415196,0.0461362,0.0772699,0.0573898,0.0359875,0.0434933,0.0500207,0.0428391,0.0933555,
145,1e-07,0.0028221,0.0018539,0.0121724,0.0194509,0.0353978,0.0434228,0.0648303,0.0270708,0.0409231,0.0721206,0.0220074,0.0325277,0.0888906,
146,1e-07,0.0012053,0.004166,0.0035187,0.013288,0.0214389,0.0271714,0.0198262,0.0191059,0.0487987,0.070627,0.0121793,0.0562099,0.0356806,
147,1e-07,0.0010448,0.0009824,0.0005483,0.0034665,0.0077847,0.0137257,0.0179249,0.0179782,0.0172872,0.0500748,0.0179839,0.07017,0.038679,
148,1e-07,0.0003755,0.0003841,0.0020057,0.0009336,0.0032165,0.0087398,0.0185284,0.0159154,0.0268274,0.0462706,0.0426502,0.0477661,0.0179465,
149,1e-07,0.000631,0.0003844,0.0006108,0.0009281,0.0012254,0.0064326,0.0110306,0.0084954,0.0233543,0.0317377,0.0227938,0.0561717,0.0506482,
150,1e-07,0.0003741,0.0003791,0.001194,0.0009286,0.0007488,0.0015649,0.0060987,0.0062559,0.0213457,0.0239216,0.0342037,0.0366569,0.0557685,
151,1e-07,0.0010153,0.0003763,0.0006131,0.0009301,0.0004842,0.0007488,0.0062245,0.0223029,0.0216476,0.0155749,0.0490724,0.0563014,0.0929502,
152,1e-07,0.0003707,0.0006421,0.0013529,0.0009299,0.0021295,0.0015591,0.0032881,0.0200897,0.0109554,0.0209825,0.0361161,0.0881284,0.0661273,
153,1e-07,0.0003706,0.001092,0.0021028,0.0005759,0.0004838,0.0016634,0.0044652,0.0352293,0.0187879,0.0227872,0.0405101,0.0766654,0.0562011,
154,1e-07,0.0003682,0.001215,0.0014984,0.0009287,0.0013678,0.0021075,0.0033814,0.0169996,0.0267847,0.0215169,0.0348539,0.0529952,0.0426228,
155,1e-07,0.0003662,0.0012189,0.0013297,0.0009321,0.0007665,0.0016575,0.0026729,0.0071951,0.0337112,0.0163012,0.032865,0.071305,0.0639863,
156,1e-07,0.0003678,0.0010938,0.0013548,0.0009328,0.0013572,0.0015939,0.0011529,0.0136624,0.045746,0.0349929,0.0275053,0.0545076,0.0555126,
157,1e-07,0.0011372,0.0015256,0.0011979,0.000933,0.0014813,0.0025134,0.0053367,0.0046178,0.0072589,0.0251657,0.020246,0.0308322,0.0652236,
158,1e-07,0.0006349,0.000989,0.0006128,0.0009276,0.0007497,0.0015262,0.0077718,0.0060304,0.0268641,0.0186312,0.0228694,0.0266521,0.0738754,
159,1e-07,0.0003732,0.0027992,0.001403,0.0009977,0.0007453,0.0025636,0.0099962,0.0089372,0.0297171,0.0222088,0.0378388,0.031939,0.0473297,
160,1e-07,0.0003761,0.0010994,0.0011506,0.0024879,0.0069522,0.0092408,0.016224,0.0056371,0.0261699,0.0506492,0.0399258,0.0331471,0.0266303,
161,1e-07,0.0003778,0.0024019,0.0024213,0.0034154,0.0065394,0.0117344,0.0180041,0.0111881,0.0181934,0.024769,0.0208248,0.0476135,0.0398447,
162,1e-07,0.0006305,0.0035804,0.0067778,0.0086357,0.0126105,0.0135237,0.0168602,0.0099286,0.0413976,0.0376995,0.0425135,0.0410502,0.0430085,
163,1e-07,0.0018795,0.0081366,0.0114316,0.0203081,0.0223967,0.0288772,0.0187598,0.028843,0.0461605,0.0439072,0.0290353,0.0437998,0.0556491,
164,1e-07,0.0026251,0.0093131,0.0182391,0.0224351,0.0217004,0.0218197,0.0178469,0.0421726,0.0333633,0.0451663,0.0310727,0.0361235,0.041163,
165,0.0,0.0016225,0.0083918,0.0118476,0.0097046,0.0146996,0.0146297,0.0212052,0.0132212,0.0694751,0.0378482,0.048177,0.0263757,0.0218363,
166,1e-07,0.0039578,0.0103395,0.0134323,0.0114664,0.0092527,0.0160155,0.0153544,0.0099977,0.0344546,0.0502189,0.0257497,0.0307625,0.0244595,
167,1e-07,0.0014088,0.0033011,0.0073197,0.0113027,0.0183697,0.0146374,0.0123576,0.0187848,0.0334053,0.0514401,0.0264378,0.0734952,0.057494,
168,1e-07,0.0017295,0.0019544,0.0011815,0.0013904,0.009725,0.0106523,0.0179625,0.0428439,0.0202565,0.0312066,0.061487,0.0729363,0.0757087,
169,2e-07,0.0003919,0.0030827,0.0013505,0.0040268,0.00656,0.0073064,0.01675,0.038484,0.0295188,0.0287839,0.0545507,0.0466986,0.0689351,
170,1e-07,0.0003891,0.0014886,0.0045719,0.0062804,0.0093119,0.0225763,0.0168792,0.0513461,0.0372879,0.0433248,0.0421756,0.0963051,0.0514846,
171,1e-07,0.0003875,0.0013875,0.0011586,0.0023746,0.0044527,0.0072092,0.0091655,0.0185155,0.0196981,0.0123441,0.0360369,0.0253748,0.0407154,
172,1e-07,0.0015957,0.0016579,0.0061171,0.0104591,0.0097473,0.0043679,0.00672,0.0196166,0.0316074,0.0067626,0.0398836,0.0168452,0.0265343,
173,1e-07,0.0003844,0.0004008,0.0045984,0.0072702,0.0075064,0.005686,0.011315,0.0163876,0.0209909,0.0249326,0.0460268,0.0356853,0.0358967,
174,2e-07,0.000382,0.0011536,0.0011211,0.0026473,0.0011402,0.0045471,0.0095773,0.0194011,0.0239466,0.0358591,0.022918,0.0434171,0.0469596,
175,2e-07,0.0003804,0.0003904,0.0012938,0.0026681,0.0034301,0.0032334,0.006694,0.0226183,0.0091594,0.0148588,0.0250225,0.0143953,0.0413426,
176,1e-07,0.0006289,0.0009771,0.0011633,0.0018464,0.003746,0.0032363,0.0048907,0.0186499,0.0317079,0.0414867,0.0117154,0.03043,0.0396123,
177,1e-07,0.0003755,0.0003802,0.0006096,0.0009244,0.0029738,0.0021,0.0038623,0.0076087,0.0313794,0.010458,0.0199862,0.0481218,0.0524387,
178,3e-07,0.0003759,0.001161,0.0011663,0.001773,0.0017527,0.0036567,0.0061524,0.0082322,0.0377397,0.0202704,0.0395412,0.027889,0.0445411,
179,2e-07,0.0003783,0.0003854,0.0024478,0.0009229,0.0014632,0.0007508,0.0035945,0.0057629,0.0231744,0.0316767,0.0176856,0.0226638,0.0206283,
180,2e-07,0.0003808,0.0003891,0.0011915,0.0011303,0.001335,0.0020401,0.0079685,0.0249843,0.0148047,0.0459329,0.0156425,0.0406833,0.0138883,
181,2e-07,0.0003829,0.0003942,0.0011896,0.0008666,0.0011448,0.0007967,0.0079041,0.0137502,0.0125263,0.0195517,0.0477682,0.0248633,0.026926,
182,2e-07,0.0003838,0.0009774,0.0013246,0.0008665,0.0028493,0.003483,0.0108636,0.0038679,0.0098894,0.0442615,0.0412472,0.0725041,0.0200433,
183,2e-07,0.0003868,0.0011697,0.001323,0.0022954,0.0034121,0.0027879,0.0139093,0.013058,0.0223783,0.0287269,0.0629625,0.0550779,0.057378,
184,2e-07,0.0006182,0.0012063,0.0011574,0.0019728,0.0031742,0.0048186,0.0173141,0.0238337,0.0187444,0.0136059,0.0334142,0.0707977,0.0909061,
185,2e-07,0.0003873,0.0012072,0.0017271,0.0016632,0.0047408,0.0073588,0.0058247,0.0061852,0.0135393,0.0315672,0.0465518,0.0371542,0.0432843,
186,2e-07,0.0010196,0.0025582,0.0029373,0.0036047,0.0067804,0.00967,0.0099101,0.0348083,0.0209426,0.0027864,0.0246909,0.0378207,0.0179303,
187,2e-07,0.0016713,0.0020759,0.0025446,0.0035479,0.0047111,0.0064382,0.0285235,0.0176075,0.0460785,0.0269453,0.0312926,0.0102669,0.0218861,
188,2e-07,0.0017384,0.0013924,0.0013282,0.0061703,0.0053476,0.0153486,0.0432426,0.0341252,0.0546677,0.0355421,0.0602846,0.0445684,0.0439572,
189,2e-07,0.00361,0.0094997,0.0241222,0.0249939,0.0374873,0.0500143,0.0603537,0.0654028,0.0458829,0.0637551,0.0675618,0.0646995,0.0836935,
190,2e-07,0.0006179,0.0055107,0.0144426,0.0271423,0.0308697,0.0407611,0.0382377,0.0668434,0.042785,0.0491173,0.087844,0.0805419,0.0935001,
191,2e-07,0.0003929,0.004402,0.0117292,0.0166024,0.0223839,0.0185511,0.0072616,0.0833141,0.0841657,0.1254617,0.1262607,0.0500456,0.0901233,
192,2e-07,0.0003916,0.0031619,0.0082049,0.0103903,0.0083298,0.0109065,0.0059524,0.0305626,0.0094731,0.0334657,0.0304082,0.0524972,0.0436981,
193,3e-07,0.001149,0.0023816,0.0039934,0.0072179,0.0048423,0.0102401,0.0055028,0.012513,0.0735693,0.0707994,0.0261846,0.0538116,0.0560506,
194,3e-07,0.0003916,0.0004123,0.0024679,0.0023963,0.0039027,0.0101469,0.0123177,0.0334549,0.0250514,0.0514325,0.026182,0.0719226,0.0475388,
195,3e-07,0.0006121,0.0004142,0.0006127,0.0023614,0.0004537,0.0047891,0.0106996,0.0305133,0.0337957,0.0368563,0.0191852,0.0691238,0.0645799,
196,3e-07,0.0003947,0.0024635,0.0011464,0.0022512,0.0038933,0.0014945,0.0079994,0.0466516,0.0361308,0.0398805,0.0391937,0.0738397,0.0553597,
197,2e-07,0.0011168,0.0004137,0.0008438,0.002555,0.0038821,0.0043908,0.0071608,0.0103199,0.0328864,0.0064969,0.0419515,0.0559901,0.0465449,
198,2e-07,0.0003925,0.0009948,0.0008872,0.0011204,0.0016052,0.0020912,0.0015867,0.0170823,0.0289126,0.0266202,0.0403979,0.0354187,0.0468477,
199,2e-07,0.0003908,0.0006068,0.0011664,0.0008675,0.0021772,0.0007661,0.0049442,0.0104736,0.027451,0.0321829,0.0481317,0.033919,0.015716,
200,2e-07,0.0016827,0.0014998,0.0013136,0.001778,0.0013592,0.0020333,0.0031464,0.0090801,0.0164596,0.0212296,0.0367831,0.0583723,0.0329908,
201,1e-07,0.0003894,0.0004031,0.0005512,0.0008655,0.0034146,0.0020339,0.0023098,0.0065615,0.0072902,0.0111479,0.0289738,0.0544643,0.0352534,
202,1e-07,0.0003866,0.0011884,0.0005527,0.0016434,0.0013719,0.0007355,0.0012237,0.0140679,0.0183921,0.0161083,0.0589978,0.0435046,0.0264041,
203,1e-07,0.0010283,0.0010914,0.0008366,0.0017747,0.0012236,0.0016732,0.0013524,0.014171,0.0070378,0.0114208,0.0315233,0.0437416,0.0183536,
204,1e-07,0.0010299,0.0004018,0.0008363,0.0017758,0.0004672,0.00166,0.0009477,0.0125393,0.0151381,0.0138324,0.025629,0.0397524,0.020554,
205,1e-07,0.0006168,0.0003993,0.0005523,0.0016126,0.0017761,0.000734,0.001346,0.0067558,0.0068922,0.0177232,0.0090672,0.035142,0.0176004,
206,1e-07,0.0006202,0.0003942,0.0008343,0.0008596,0.0017793,0.0007354,0.0018903,0.0048318,0.0162883,0.0116679,0.0284961,0.0250916,0.0100515,
207,1e-07,0.001492,0.0003978,0.0006185,0.0019095,0.0020708,0.0007337,0.0016116,0.0143934,0.0196941,0.014626,0.0308097,0.0183456,0.0117057,
208,1e-07,0.0003865,0.0006075,0.0014918,0.0017741,0.0012316,0.0007329,0.0009474,0.0081522,0.0257003,0.006721,0.0278763,0.0141118,0.0512497,
209,1e-07,0.000384,0.0012209,0.0008324,0.002021,0.0013753,0.0009267,0.0024373,0.0065654,0.0292308,0.0296205,0.0421671,0.0175215,0.0428678,
210,1e-07,0.0003822,0.0006128,0.0013217,0.0008567,0.0017893,0.0009897,0.0017934,0.004796,0.0358503,0.0111455,0.0384067,0.025238,0.0276227,
211,1e-07,0.0003842,0.0006074,0.0008802,0.0016068,0.0012386,0.000921,0.0012408,0.0035704,0.0294161,0.0163607,0.0596302,0.0353477,0.0523215,
212,1e-07,0.000384,0.0015756,0.0016163,0.0005737,0.0017715,0.0021627,0.0024289,0.0063661,0.0116925,0.0259479,0.0837644,0.0502014,0.0413313,
213,1e-07,0.0017036,0.0015778,0.000832,0.0017525,0.0012435,0.0016772,0.0020023,0.0105124,0.0116598,0.0246591,0.065973,0.0457228,0.0506496,
214,1e-07,0.0003812,0.0010813,0.0008339,0.0005727,0.0017803,0.0014957,0.0023128,0.0218544,0.0196741,0.0469595,0.0384758,0.0573187,0.0232497,
215,2e-07,0.0011391,0.0011721,0.0016167,0.000908,0.0012471,0.0016701,0.001631,0.0322196,0.0278738,0.0941327,0.0416203,0.0397945,0.0441008,
216,1e-07,0.0006184,0.0004042,0.0012957,0.0021554,0.0017963,0.0009437,0.0031565,0.0150225,0.0476955,0.0532739,0.0659377,0.0281655,0.0318302,
217,1e-07,0.0006163,0.0004044,0.0013258,0.0016054,0.0013494,0.0014929,0.0022398,0.0108377,0.0175119,0.0570115,0.0242999,0.0008516,0.0592359,
218,2e-07,0.0003901,0.0004103,0.0012969,0.0019199,0.0013804,0.0016124,0.001905,0.0118639,0.0147837,0.0646568,0.0463329,0.0418163,0.0445774,
219,2e-07,0.0003914,0.0005949,0.0008805,0.0008623,0.0017869,0.0009189,0.0017743,0.0161424,0.0222356,0.0186708,0.0193168,0.0256404,0.0390733,
220,2e-07,0.0006118,0.0011623,0.0012964,0.0015031,0.0012325,0.0007304,0.0042775,0.0183093,0.0476018,0.0558626,0.0449267,0.040239,0.051318,
221,2e-07,0.0016928,0.0004123,0.0008784,0.0015061,0.0017535,0.0007295,0.0025809,0.0113686,0.0287582,0.0456355,0.0609775,0.0652983,0.067813,
222,2e-07,0.0006073,0.0010309,0.0008262,0.0022005,0.0013976,0.0007296,0.0044854,0.0203092,0.0262523,0.0463824,0.0612786,0.0434449,0.0402236,
223,2e-07,0.0003964,0.0005942,0.0012972,0.0020308,0.0012225,0.0007303,0.0040637,0.0175385,0.0389267,0.0393499,0.0778966,0.0768303,0.0778121,
224,2e-07,0.0006078,0.0004081,0.0012952,0.0008659,0.00122,0.0015773,0.0018829,0.0133563,0.0292252,0.0450575,0.0420561,0.0478342,0.0515791,
225,2e-07,0.0003953,0.0006015,0.0008275,0.0015074,0.0026384,0.000936,0.0054738,0.0062592,0.0361219,0.0655702,0.0406766,0.0335461,0.0221686,
226,2e-07,0.0003944,0.0004051,0.000554,0.0027548,0.003165,0.0015612,0.0055001,0.0127278,0.0575797,0.0362649,0.0466048,0.0736488,0.1008013,
227,3e-07,0.0010765,0.0011828,0.0016137,0.0020334,0.003399,0.0015754,0.003643,0.0328883,0.0699847,0.0605987,0.035499,0.0533055,0.0549942,
228,3e-07,0.000397,0.0011,0.000553,0.0025618,0.0021529,0.0007329,0.005606,0.0333767,0.0551621,0.0451344,0.0650579,0.0859289,0.0476887,
229,3e-07,0.0017194,0.0005993,0.0008289,0.0021989,0.0017577,0.0020351,0.0078254,0.0136914,0.0390203,0.0104241,0.0440729,0.0906625,0.0581754,
230,3e-07,0.000607,0.001478,0.0005514,0.0020344,0.0021744,0.0007311,0.003182,0.0150984,0.0442564,0.0256932,0.053688,0.0620342,0.0193493,
231,3e-07,0.0014469,0.0011815,0.0017921,0.0008709,0.0025071,0.0015626,0.0051625,0.0175264,0.0372552,0.0222898,0.0512522,0.0664245,0.0431476,
232,3e-07,0.000399,0.0010958,0.0014891,0.0025643,0.0021535,0.0010185,0.0035976,0.0181446,0.0308462,0.0188376,0.0584853,0.0425729,0.0422467,
233,3e-07,0.0003987,0.0004181,0.0013034,0.002168,0.0021582,0.0020915,0.0047528,0.0098769,0.020519,0.0215422,0.0720827,0.0414619,0.0333785,
234,3e-07,0.0003959,0.0004138,0.000549,0.0016227,0.0018708,0.0020311,0.00617,0.0212421,0.0186718,0.0272412,0.0462687,0.038763,0.0462909,
235,3e-07,0.0006065,0.0004167,0.0011365,0.0022494,0.0031528,0.0020211,0.008744,0.0238778,0.0233906,0.0156535,0.0193639,0.0444103,0.0460225,
236,3e-07,0.0003998,0.0005941,0.0017937,0.0029906,0.0031548,0.0031505,0.0133494,0.0325335,0.0137182,0.0238497,0.0407474,0.0546875,0.0675052,
237,3e-07,0.0006063,0.0005948,0.0013024,0.001783,0.0028192,0.0016326,0.0113893,0.016644,0.0342247,0.0254886,0.0484529,0.0565441,0.0379592,
238,3e-07,0.0006085,0.0004167,0.000547,0.002249,0.0013627,0.0016696,0.0069605,0.0147142,0.0232383,0.0401383,0.0520555,0.015587,0.0384033,
239,2e-07,0.0003934,0.0006039,0.0005485,0.0019148,0.0017592,0.0025175,0.0057189,0.0091625,0.0317541,0.0239221,0.0276044,0.0412621,0.0389134,
240,2e-07,0.0003919,0.0004065,0.0005497,0.0008691,0.0031573,0.0015621,0.0073074,0.0043666,0.0333475,0.0170654,0.0302973,0.0418466,0.0295548,
241,2e-07,0.0003926,0.0009982,0.0013087,0.0025592,0.0025896,0.0024582,0.0054688,0.0097223,0.0230788,0.0343912,0.0387532,0.0678079,0.0639362,
242,2e-07,0.000613,0.0006126,0.0008331,0.0022435,0.0012098,0.0016136,0.0020517,0.018883,0.0264197,0.0116778,0.0579836,0.0480915,0.0884209,
243,2e-07,0.0003896,0.0006174,0.0008308,0.0008666,0.0012079,0.0020394,0.0026935,0.0212984,0.0169404,0.0426286,0.0384654,0.0677814,0.0638604,
244,2e-07,0.0003879,0.0003914,0.0008294,0.0022409,0.0017452,0.0007387,0.0025866,0.0169206,0.0113753,0.0406849,0.0523627,0.0336005,0.0771561,
245,1e-07,0.0010729,0.0006248,0.0011324,0.0021568,0.0026735,0.0015904,0.0043353,0.0081724,0.024612,0.0368824,0.0316283,0.0342155,0.0730803,
246,2e-07,0.0003863,0.0003923,0.001894,0.0008633,0.0018545,0.0020423,0.0015719,0.0123478,0.0345206,0.0523314,0.0564777,0.0168125,0.020523,
247,1e-07,0.0015161,0.001009,0.0008295,0.0022387,0.0028254,0.0020236,0.0020378,0.0260364,0.0324242,0.0745191,0.0563673,0.0149685,0.0176388,
248,1e-07,0.0003841,0.0011941,0.0018055,0.0016399,0.001219,0.0028826,0.0031375,0.0190061,0.0260804,0.0479896,0.046308,0.0359726,0.0472558,
249,1e-07,0.0003824,0.0011957,0.0016167,0.0022365,0.0025331,0.003157,0.0015218,0.0151335,0.0266024,0.0315474,0.0462909,0.0247159,0.0507593,
250,1e-07,0.0006209,0.0012295,0.0008306,0.0017587,0.0017607,0.0028794,0.0015225,0.007611,0.0264581,0.0389616,0.0206154,0.0139709,0.0421136,
251,1e-07,0.0006216,0.0006234,0.0008282,0.0016374,0.0017603,0.0021013,0.001792,0.0115338,0.0393598,0.0322153,0.0965553,0.0408227,0.0562074,
252,1e-07,0.0003796,0.0006263,0.000829,0.0016374,0.0017664,0.0007412,0.0004211,0.0174651,0.014699,0.0358324,0.1059347,0.0769633,0.0485348,
253,1e-07,0.0006231,0.0011288,0.0016163,0.001475,0.0021948,0.0016565,0.0015661,0.0068764,0.0185655,0.0261177,0.0731235,0.080017,0.028274,
254,1e-07,0.0003826,0.0006184,0.0016146,0.0008567,0.001855,0.0021729,0.0020051,0.0108289,0.0343278,0.0356424,0.1071319,0.0906909,0.0335935,
255,1e-07,0.0006235,0.0012195,0.0016142,0.0014929,0.0017652,0.0015561,0.0013911,0.0192535,0.0514589,0.0243051,0.1006775,0.1014113,0.0984786,
256,1e-07,0.0006248,0.0015809,0.000828,0.0016331,0.0017705,0.0016856,0.0026265,0.0196997,0.0354842,0.0286548,0.0724701,0.0731166,0.0847321,
257,1e-07,0.0010302,0.0011806,0.0019062,0.0014721,0.0025998,0.0015863,0.0016393,0.0091558,0.0203606,0.0365646,0.0862001,0.0783915,0.0666842,
258,1e-07,0.0003839,0.0012121,0.0016132,0.0016029,0.0025337,0.0016823,0.0034312,0.0299031,0.0219208,0.0375135,0.0324433,0.0919273,0.0954219,
259,1e-07,0.0003864,0.0011778,0.0020186,0.0016058,0.0017595,0.0016548,0.0024894,0.0254715,0.0662866,0.0442739,0.0720614,0.0844022,0.0529069,
260,1e-07,0.0003873,0.0011806,0.0020186,0.0019197,0.0025243,0.0016851,0.0018005,0.0130642,0.0537817,0.0389616,0.0874022,0.0458706,0.0902616,
261,1e-07,0.0011399,0.0006131,0.0008282,0.0016101,0.0014614,0.0029351,0.002586,0.0066624,0.0324601,0.0276281,0.0235429,0.0508958,0.0321152,
262,1e-07,0.0010721,0.0003998,0.0008277,0.0008638,0.0025177,0.0021744,0.0003988,0.013489,0.0301886,0.0392144,0.0402886,0.03724,0.0441261,
263,2e-07,0.0010373,0.0006048,0.0008275,0.0008629,0.0021739,0.0020238,0.0020784,0.0213504,0.0365986,0.0341136,0.032868,0.0403583,0.0599468,
264,1e-07,0.0003897,0.000606,0.0008299,0.0021601,0.0013679,0.0007336,0.0012202,0.0144313,0.0096849,0.04137,0.0597665,0.0723065,0.0688015,
265,1e-07,0.0011377,0.0014321,0.0008306,0.000865,0.0012201,0.0020231,0.0021431,0.002696,0.0319532,0.0329793,0.035857,0.040249,0.0585988,
266,2e-07,0.0014431,0.0005995,0.0008296,0.0022408,0.0012204,0.0016781,0.0020446,0.0091472,0.0208399,0.0227232,0.0478982,0.0332351,0.0347977,
267,2e-07,0.0006103,0.0004098,0.0012972,0.0016124,0.0012251,0.0007305,0.0014957,0.0072714,0.0109629,0.0108729,0.0542579,0.0444701,0.0400497,
268,2e-07,0.0003926,0.0005997,0.001329,0.0017783,0.00046,0.0007302,0.0013291,0.0063855,0.0167841,0.0187456,0.022994,0.0409243,0.0390123,
269,2e-07,0.0003956,0.0004144,0.0006219,0.0008681,0.0017692,0.0015723,0.0022697,0.0129339,0.0212646,0.0189221,0.0273324,0.0405136,0.0394485,
270,2e-07,0.0006064,0.0005914,0.0011407,0.0017803,0.0026179,0.0007274,0.0075011,0.0075131,0.0202485,0.0325806,0.0092241,0.0082091,0.0306335,
271,2e-07,0.0003949,0.0005927,0.0016163,0.0008669,0.0021766,0.0016035,0.0012259,0.0125891,0.0454584,0.0440991,0.0437398,0.0651666,0.0158117,
272,2e-07,0.0003963,0.0004186,0.000836,0.0027551,0.0017689,0.0021659,0.0031573,0.0073007,0.0165931,0.0303236,0.0833382,0.0369984,0.0197591,
273,2e-07,0.0003992,0.0004236,0.0013022,0.0017826,0.0012167,0.0020286,0.0034195,0.0136266,0.0279101,0.0494253,0.0833277,0.0759827,0.0679599,
274,2e-07,0.000604,0.0010957,0.0013038,0.0008699,0.0013643,0.003112,0.0071247,0.0382975,0.0380841,0.0501608,0.0448893,0.0694102,0.0570442,
275,2e-07,0.0010378,0.0004231,0.0008367,0.0008686,0.001224,0.0027927,0.00396,0.038462,0.089761,0.104886,0.1290985,0.0821485,0.0461509,
276,2e-07,0.0003947,0.001101,0.001138,0.0020302,0.0013707,0.0007253,0.0044412,0.0349874,0.0551678,0.06174,0.0278151,0.0284653,0.0540126,
277,2e-07,0.0003957,0.0025815,0.0008862,0.0015058,0.0013738,0.0015626,0.0072704,0.0275198,0.0553782,0.0284207,0.0513999,0.0773029,0.096337,
278,2e-07,0.0003948,0.0010315,0.0013035,0.0008643,0.0004745,0.0007236,0.0063685,0.0401924,0.0424256,0.0886878,0.0911324,0.119812,0.108012,
279,2e-07,0.0003918,0.0005883,0.0013333,0.002026,0.0007931,0.0016451,0.0042984,0.0130736,0.0273134,0.0303431,0.0423951,0.1155376,0.0843284,
280,2e-07,0.0006145,0.0004139,0.0013315,0.0022361,0.0012395,0.0015727,0.0026811,0.0254806,0.0373565,0.0453111,0.0194314,0.0528767,0.0672289,
281,1e-07,0.0003875,0.0004083,0.0013099,0.0021571,0.0018959,0.0008464,0.0029465,0.0063188,0.0286608,0.011733,0.0582811,0.0741446,0.070271,
282,1e-07,0.0003846,0.0004037,0.0008378,0.0008579,0.0018795,0.0009459,0.0032498,0.0079623,0.0311806,0.0584339,0.0597168,0.0795262,0.0874111,
283,1e-07,0.0003857,0.0004083,0.0012988,0.0008584,0.0018958,0.0016685,0.0041235,0.0361618,0.0610893,0.0651088,0.081808,0.0620797,0.0590092,
284,1e-07,0.0003879,0.0010751,0.0006161,0.0016115,0.0020552,0.0009518,0.0032677,0.0085863,0.0341929,0.0240445,0.0547005,0.0450181,0.0420184,
285,2e-07,0.0006135,0.0004168,0.001302,0.0023467,0.001509,0.0007748,0.0038688,0.0124835,0.0161286,0.0296258,0.0517259,0.0154885,0.0307102,
286,1e-07,0.0011345,0.0004145,0.001301,0.0011143,0.0025418,0.0007271,0.0086797,0.0166862,0.0103774,0.0244615,0.042771,0.0335898,0.0370483,
287,1e-07,0.0015203,0.0004096,0.0005488,0.0011147,0.0004717,0.0016718,0.0053382,0.0161734,0.0136366,0.0109077,0.0073987,0.020982,0.0320317,
288,1e-07,0.0003872,0.0006067,0.0008851,0.0006881,0.0013694,0.0015557,0.0043587,0.0309659,0.013261,0.0315501,0.0245727,0.0246932,0.0327604,
289,1e-07,0.0003865,0.0011049,0.0008844,0.002156,0.0021854,0.0007327,0.0035652,0.0064007,0.0236258,0.0230293,0.0211589,0.026489,0.0279161,
290,1e-07,0.0010246,0.0003976,0.0005498,0.0014939,0.0018753,0.0015,0.0015465,0.0105431,0.020657,0.0246458,0.0177428,0.0171562,0.0196787,
291,1e-07,0.0006238,0.0010056,0.0008388,0.0008593,0.001229,0.0007587,0.0027807,0.003097,0.0102015,0.0187393,0.0364075,0.0491125,0.0453073,
292,1e-07,0.0011371,0.0010048,0.0006171,0.0016122,0.0017754,0.0007561,0.0021455,0.0021518,0.0107599,0.0126799,0.0514734,0.0559674,0.050841,
293,1e-07,0.0006238,0.0010886,0.0013149,0.0014794,0.0017687,0.0015878,0.0015186,0.0072589,0.0218982,0.0110908,0.0231704,0.0384945,0.0600612,
294,0.0,0.0006275,0.0011976,0.0008349,0.0016442,0.0017798,0.0015913,0.0019878,0.0099116,0.0248511,0.0233141,0.0150764,0.0395696,0.0599885,
295,0.0,0.0003777,0.0003842,0.0008368,0.0011171,0.0021938,0.0015568,0.0022098,0.0094763,0.0097749,0.024187,0.01905,0.0530259,0.0145264,
296,0.0,0.0003787,0.0006223,0.0017573,0.0017591,0.0022791,0.0016846,0.0011176,0.0071931,0.0180599,0.0252245,0.0128161,0.0484547,0.0319753,
297,0.0,0.0003767,0.0011937,0.0008335,0.0014756,0.0017765,0.0016549,0.0020902,0.0110054,0.0177976,0.0214675,0.0146267,0.0315469,0.0450073,
298,0.0,0.0010713,0.0006303,0.0013196,0.0016044,0.0012386,0.0016887,0.0018773,0.0075989,0.0142157,0.038175,0.0262504,0.0479408,0.0438305,
299,0.0,0.0015831,0.0011931,0.0008364,0.0014752,0.0012425,0.0009267,0.0023287,0.0140176,0.0059027,0.0267911,0.0246326,0.0475666,0.0368065,
300,1e-07,0.00063,0.0012229,0.0008341,0.0014734,0.0017829,0.0015533,0.0060929,0.0170415,0.0472152,0.0367954,0.0514627,0.0131164,0.0226074,
301,1e-07,0.0003727,0.0012244,0.0008337,0.0011131,0.0012452,0.0016504,0.0045673,0.0154434,0.0514335,0.0393464,0.0453117,0.0242937,0.0384368,
302,1e-07,0.0010178,0.0015931,0.0013216,0.0013904,0.001877,0.0009256,0.0012551,0.0072192,0.042119,0.069549,0.0442321,0.0527798,0.0445739,
303,1e-07,0.000636,0.0012311,0.0011666,0.0009234,0.0018778,0.0021741,0.0016581,0.007115,0.022793,0.0428486,0.0288122,0.0679481,0.0478457,
304,1e-07,0.0010694,0.0006408,0.0011687,0.000926,0.0012462,0.0009307,0.0023746,0.0036777,0.0419622,0.0303329,0.031303,0.0351009,0.0471549,
305,1e-07,0.00064,0.0006447,0.0011703,0.0013922,0.0018016,0.0016549,0.0018606,0.0131512,0.0254873,0.0340355,0.0279834,0.05728,0.0380699,
306,1e-07,0.0006432,0.0012148,0.0011732,0.0009312,0.0013725,0.0009348,0.000629,0.0100713,0.0319992,0.0339228,0.0746285,0.0473089,0.0488237,
307,1e-07,0.0022866,0.0025736,0.0045259,0.0044591,0.0032694,0.0084197,0.016948,0.0238133,0.0160168,0.013649,0.0300264,0.0673136,0.0598631,
308,1e-07,0.001382,0.0014238,0.0030948,0.0017733,0.0065903,0.0066854,0.0166439,0.0769213,0.0354722,0.006267,0.0196382,0.0777741,0.0646228,
309,1e-07,0.0003844,0.0004074,0.0011845,0.0009316,0.0004859,0.0015741,0.0065338,0.0438546,0.0376364,0.0186072,0.0280663,0.0357681,0.0870507,
310,1e-07,0.0003831,0.0004036,0.0013969,0.0009914,0.0017854,0.0014876,0.0060004,0.0181126,0.0178577,0.0202429,0.0264794,0.0495408,0.0529863,
311,1e-07,0.0010192,0.0004,0.0013233,0.0009332,0.0013816,0.0007656,0.0074983,0.0077969,0.0134076,0.0163471,0.0196446,0.0285299,0.0525074,
312,0.0,0.0006295,0.0003946,0.001808,0.0005785,0.0013709,0.0014908,0.0053014,0.0126056,0.0109967,0.0494565,0.0237647,0.0551042,0.0496586,
313,0.0,0.0003751,0.0003891,0.00061,0.001181,0.0011257,0.0007601,0.0042632,0.0203122,0.0115511,0.0177706,0.0093756,0.0398413,0.0635253,
314,1e-07,0.0016,0.0003859,0.0006088,0.0024636,0.0007471,0.0007584,0.0021794,0.0064051,0.0156782,0.0127581,0.0054766,0.0325614,0.0576924,
315,1e-07,0.0003712,0.0009984,0.000609,0.0009278,0.0007445,0.0009945,0.0017606,0.0032736,0.0137403,0.0148262,0.0359186,0.0358954,0.0501555,
316,1e-07,0.0006384,0.000376,0.0006099,0.0018039,0.0020406,0.0016075,0.0004235,0.0023356,0.0155098,0.0387525,0.0330804,0.0371977,0.0288341,
317,1e-07,0.001174,0.001042,0.0011967,0.0017752,0.0014885,0.0007418,0.0034008,0.0100162,0.0223474,0.0323926,0.0348028,0.03327,0.0467036,
318,1e-07,0.0006436,0.0010015,0.0006082,0.0016214,0.0011152,0.0007498,0.0046151,0.0089825,0.0123361,0.0276874,0.027322,0.0463532,0.1094743,
319,1e-07,0.0006435,0.0015189,0.0013587,0.0018474,0.0009395,0.0023062,0.0026659,0.0110433,0.0136796,0.0302038,0.0339252,0.0365227,0.0490744,
320,1e-07,0.0003652,0.0010876,0.0006109,0.0010087,0.0011196,0.0016506,0.0021002,0.0123346,0.0251179,0.0293928,0.0653048,0.0480676,0.0415709,
321,1e-07,0.0014098,0.0012128,0.0013352,0.0009346,0.0012537,0.0015532,0.0037212,0.0097977,0.0222198,0.0492705,0.0673026,0.0622226,0.0660262,
322,1e-07,0.0006472,0.0011164,0.0012002,0.0010127,0.0021249,0.0009229,0.0006199,0.0064007,0.0169373,0.0518822,0.0463019,0.0469239,0.0382282,
323,1e-07,0.0003623,0.0010839,0.0011722,0.0016472,0.0007613,0.0007457,0.0017973,0.0079235,0.0093007,0.0280269,0.0452952,0.0480759,0.0346491,
324,2e-07,0.0003601,0.0012319,0.0011743,0.0013932,0.0009388,0.0009218,0.0012318,0.0104613,0.0042532,0.0310513,0.0254862,0.0438705,0.0433146,
325,2e-07,0.0006474,0.0012278,0.0011744,0.0014679,0.001113,0.000748,0.0014573,0.0052533,0.0112681,0.0144658,0.0282737,0.0499643,0.0300142,
326,2e-07,0.0003587,0.000356,0.0005592,0.0015755,0.0005209,0.0009126,0.0008922,0.0020601,0.0163116,0.0073449,0.0126632,0.0207742,0.0287068,
327,3e-07,0.0003578,0.0006493,0.0011756,0.0016387,0.0019548,0.0017765,0.0008816,0.0073618,0.0206346,0.0369881,0.0243666,0.008637,0.0302016,
328,3e-07,0.0003568,0.0012137,0.0008354,0.0010192,0.0010961,0.0009941,0.0031409,0.0050874,0.0132465,0.0071246,0.0223985,0.0879504,0.0351481,
329,3e-07,0.0006506,0.0006502,0.0005628,0.0007089,0.0007428,0.0017609,0.0047106,0.0386215,0.0471911,0.0300246,0.0452077,0.1146634,0.1213196,
330,3e-07,0.0006483,0.0006481,0.0008315,0.0015721,0.0007417,0.0010015,0.0008599,0.0223706,0.0396392,0.0335336,0.0730532,0.0997041,0.1231953,
331,3e-07,0.0010573,0.0006433,0.0008332,0.0009225,0.0005186,0.0009957,0.0019228,0.0128886,0.020135,0.0303533,0.0482734,0.0335399,0.0678312,
332,1e-07,0.0003609,0.0012022,0.0008344,0.0009247,0.0007477,0.0009135,0.0004609,0.0073662,0.029854,0.0219015,0.0316485,0.0662635,0.0717701,
333,2e-07,0.0014971,0.0011995,0.0013261,0.0014516,0.0007498,0.0009984,0.000646,0.010081,0.0207625,0.0306436,0.0535291,0.0390543,0.0235318,
334,2e-07,0.000363,0.0010799,0.0020392,0.000568,0.001247,0.0009181,0.0004481,0.005346,0.0119921,0.009411,0.0386904,0.0186031,0.0323017,
335,2e-07,0.0003616,0.0012028,0.0008791,0.0009294,0.0007553,0.0007471,0.0017093,0.0048348,0.0156052,0.0155329,0.0247975,0.0249415,0.0720987,
336,2e-07,0.0006463,0.0006414,0.0013331,0.0009313,0.0014848,0.0009198,0.0010174,0.0080837,0.0121673,0.0214531,0.0218776,0.033704,0.0401152,
337,2e-07,0.0003591,0.0010421,0.0008814,0.0022454,0.0012401,0.0009186,0.0010132,0.008493,0.0212855,0.0217399,0.0244347,0.0471159,0.0302354,
338,2e-07,0.0003587,0.0003608,0.0006085,0.0015808,0.0019076,0.0015506,0.0027671,0.0165924,0.0210962,0.030027,0.0506331,0.0424771,0.0370352,
339,3e-07,0.000654,0.0012135,0.0013408,0.0006923,0.0020353,0.0020957,0.0036652,0.0133421,0.0383911,0.0183947,0.0382294,0.0294264,0.0533317,
340,3e-07,0.0003541,0.0010816,0.0008827,0.0009385,0.0007652,0.000912,0.0067442,0.013204,0.0138464,0.0132097,0.0682971,0.0215908,0.0577638,
341,3e-07,0.0003559,0.0015026,0.0013376,0.0019439,0.0009256,0.0016343,0.0039,0.0162197,0.0201141,0.0198213,0.0469899,0.0094098,0.0399694,
342,2e-07,0.0003579,0.0012062,0.0008443,0.0015784,0.0007589,0.0009133,0.0011517,0.0136212,0.0341399,0.0163976,0.0323336,0.0383875,0.0572911,
343,2e-07,0.0003601,0.0012007,0.0006114,0.0006979,0.0012352,0.0009991,0.0025996,0.0091692,0.0155315,0.0178286,0.0173265,0.0372636,0.0478313,
344,1e-07,0.0003614,0.0010776,0.0011988,0.0009278,0.0007634,0.0009153,0.0014135,0.0080423,0.0103096,0.0132793,0.0193953,0.0216776,0.0317545,
345,2e-07,0.000644,0.0003693,0.0020391,0.0016268,0.0011016,0.0009929,0.0017985,0.0052329,0.0087741,0.0181675,0.017576,0.0321107,0.0488729,
346,2e-07,0.0003613,0.000635,0.0011696,0.0011114,0.0009344,0.0009043,0.001623,0.0021695,0.0103864,0.0118276,0.0084279,0.0280498,0.040097,
347,2e-07,0.0003625,0.0012072,0.0005576,0.0005643,0.0010931,0.0009108,0.0009959,0.0035882,0.0130007,0.0121876,0.014481,0.0327094,0.0193045,
348,3e-07,0.0006458,0.0010916,0.0011995,0.0008366,0.0005233,0.0007453,0.0017874,0.0058291,0.0071239,0.0030769,0.0136353,0.0508388,0.0227053,
349,3e-07,0.0003588,0.0015436,0.0019654,0.0016306,0.001861,0.0009965,0.0023892,0.0195212,0.0171944,0.0180262,0.0142122,0.0506615,0.0603239,
350,2e-07,0.0003608,0.0003633,0.0008339,0.0009205,0.000739,0.0016781,0.0022985,0.0205074,0.0141612,0.0195634,0.015599,0.0260243,0.0553089,
351,2e-07,0.0003614,0.0012035,0.0008316,0.0015694,0.0005224,0.0009079,0.0051542,0.0131649,0.0408298,0.0832388,0.0658018,0.0220637,0.0357127,
352,2e-07,0.0003636,0.0006354,0.0005611,0.001628,0.0014775,0.0009962,0.0029638,0.016403,0.0598053,0.1153972,0.0888618,0.0677489,0.0302809,
353,2e-07,0.0010525,0.0015417,0.0011548,0.0005605,0.0019481,0.0022533,0.0084291,0.0249336,0.0514424,0.0888047,0.0394193,0.054994,0.046184,
354,2e-07,0.0006443,0.0010629,0.0005606,0.0017557,0.0011196,0.0008579,0.0049584,0.0155321,0.0399195,0.0361685,0.0150193,0.024778,0.0548067,
355,2e-07,0.0003644,0.0016861,0.0011553,0.001809,0.0012345,0.0017759,0.0088851,0.024026,0.0429764,0.0270383,0.0323264,0.0180802,0.0417009,
356,2e-07,0.0006393,0.0011803,0.00062,0.0007123,0.0010788,0.0017755,0.003413,0.028056,0.0277037,0.0194062,0.0481686,0.0374334,0.0649201,
357,2e-07,0.0003641,0.0006264,0.0006194,0.0007136,0.0020316,0.002662,0.0126265,0.0220192,0.0185463,0.0138832,0.0355631,0.0772203,0.0657997,
358,2e-07,0.0006443,0.0003699,0.0011226,0.0016287,0.0018796,0.002664,0.0063034,0.0309697,0.0343839,0.0308371,0.0641207,0.0429962,0.0833392,
359,2e-07,0.0003594,0.001063,0.0006172,0.0014598,0.0010792,0.0017102,0.0052363,0.0481544,0.0333273,0.0673079,0.0569649,0.0075888,0.089955,
360,3e-07,0.0003582,0.0003641,0.001307,0.0007097,0.0011089,0.0009959,0.0037279,0.0089977,0.0314264,0.0339884,0.0714479,0.0325756,0.0645856,
361,3e-07,0.0006513,0.0003628,0.0008774,0.0016343,0.0020237,0.0022764,0.0043439,0.002002,0.0319373,0.0459714,0.0390588,0.0331191,0.0306103,
362,3e-07,0.0003547,0.0010597,0.0011467,0.0017556,0.0019415,0.0017818,0.0027807,0.0170194,0.0307795,0.0196058,0.0269637,0.0286191,0.0586381,
363,3e-07,0.0006524,0.0003574,0.0015638,0.0014608,0.0011077,0.0017101,0.0051124,0.0214007,0.0336086,0.052289,0.029836,0.0341511,0.0418261,
364,3e-07,0.0006538,0.0003553,0.0006148,0.0007097,0.0018817,0.0027113,0.0032725,0.0189692,0.0231234,0.0200527,0.0387854,0.0374038,0.00569,
365,3e-07,0.0003516,0.000353,0.0011428,0.0007121,0.00121,0.0017815,0.0033201,0.0034985,0.0298745,0.023179,0.0333124,0.0254649,0.00767,
366,3e-07,0.0003506,0.0010516,0.0012992,0.0014625,0.0012115,0.0022706,0.0067779,0.0094707,0.0447091,0.0393315,0.0256703,0.0343891,0.0352191,
367,3e-07,0.0003516,0.0006524,0.0005624,0.0009277,0.0012175,0.0009925,0.0011325,0.0204964,0.037368,0.0506302,0.0320225,0.0289976,0.035048,
368,3e-07,0.0006588,0.0006568,0.0005624,0.0016368,0.0010895,0.0007383,0.0022734,0.0146604,0.0345858,0.0375185,0.0253439,0.0294263,0.0112612,
369,3e-07,0.0003502,0.0012115,0.0008384,0.001581,0.0007511,0.0010031,0.0025538,0.0225263,0.0231623,0.0201747,0.017132,0.0155873,0.0285151,
370,3e-07,0.0006587,0.0003403,0.0008724,0.0016374,0.0012242,0.0018022,0.0064301,0.026538,0.0556355,0.0514086,0.0088531,0.0361927,0.050371,
371,3e-07,0.0003525,0.0012149,0.0006161,0.0015777,0.0010933,0.0009918,0.0024991,0.0154898,0.0157642,0.0758464,0.0283438,0.027991,0.0492517,
372,3e-07,0.0003539,0.001074,0.0013322,0.0013934,0.0007662,0.0007511,0.0010558,0.0131652,0.0131843,0.0581969,0.0295143,0.0354048,0.0464818,
373,2e-07,0.0003545,0.0010903,0.0013328,0.0009312,0.0017068,0.0016586,0.0020972,0.0148286,0.0184841,0.0414605,0.030107,0.0413375,0.0959427,
374,3e-07,0.0006521,0.0012125,0.0008754,0.0016312,0.0018968,0.001004,0.0032101,0.0021155,0.0230912,0.0153975,0.0191442,0.036962,0.0821628,
375,3e-07,0.0003563,0.0003489,0.0005605,0.000933,0.001115,0.0009134,0.0004681,0.0023998,0.0219897,0.0168454,0.0264154,0.0460093,0.0767235,
376,2e-07,0.0006503,0.0006556,0.000841,0.0010162,0.0005162,0.0009265,0.0004624,0.008943,0.0188534,0.025368,0.0300279,0.04213,0.0598875,
377,1e-07,0.0006488,0.0012387,0.0006136,0.0016475,0.0005105,0.000842,0.0015735,0.0114745,0.0608277,0.0512689,0.0425443,0.0422262,0.0561551,
378,2e-07,0.0003567,0.0003457,0.0018246,0.0017587,0.0012568,0.0016102,0.0021427,0.019103,0.0377334,0.0261843,0.0359875,0.0361105,0.0764442,
379,2e-07,0.0006539,0.0019866,0.0011816,0.0010189,0.001115,0.0016474,0.0016376,0.0273278,0.0178019,0.023733,0.0343017,0.0644398,0.0744081,
380,3e-07,0.0003533,0.0010808,0.0008387,0.0009354,0.0007597,0.0009272,0.0039518,0.0090611,0.0363599,0.0238948,0.0331312,0.0574648,0.0468273,
381,3e-07,0.0003525,0.0012196,0.0012068,0.0009368,0.0012369,0.0009944,0.0027582,0.0065343,0.0246062,0.0207973,0.0542203,0.0217403,0.0306498,
382,3e-07,0.0006586,0.0006638,0.001208,0.0009376,0.0011113,0.0007341,0.0021438,0.0176184,0.0215252,0.0301821,0.0606996,0.028422,0.0324056,
383,3e-07,0.0003514,0.0014457,0.0013378,0.0016443,0.0007536,0.0022186,0.0028275,0.0119871,0.0165417,0.0508332,0.0296385,0.0554936,0.0292683,
384,3e-07,0.0003494,0.0010764,0.0008768,0.0009368,0.0009202,0.0015466,0.0020183,0.0071341,0.0179672,0.0533977,0.0222503,0.0120508,0.0530429,
385,3e-07,0.0011953,0.0003475,0.0008783,0.0018524,0.0023246,0.0016284,0.0069335,0.0200643,0.0391803,0.0471839,0.0509622,0.0183456,0.0453719,
386,3e-07,0.0003532,0.001217,0.0008772,0.0015798,0.0009239,0.001803,0.0020576,0.0214901,0.042149,0.0337368,0.0430146,0.0263667,0.0381028,
387,3e-07,0.0003547,0.00158,0.0006119,0.0016346,0.0009228,0.0009954,0.0093849,0.0149721,0.0370325,0.055553,0.0269014,0.0203819,0.0401535,
388,3e-07,0.0003573,0.0015634,0.0011439,0.0010207,0.0024605,0.0017327,0.003574,0.0134333,0.0251118,0.0354149,0.0539315,0.0568602,0.0256423,
389,3e-07,0.0006486,0.0003671,0.0006111,0.0010182,0.0010974,0.0016593,0.0025338,0.006973,0.0230208,0.0394558,0.0159614,0.0236627,0.0310971,
390,2e-07,0.0003611,0.001061,0.0008828,0.0007038,0.0012229,0.0008491,0.0063737,0.0094766,0.0187095,0.0483679,0.0310466,0.0198688,0.0469612,
391,2e-07,0.0003629,0.001061,0.0013122,0.0008373,0.0007475,0.0008465,0.0063626,0.0065826,0.0180825,0.0205892,0.0272495,0.0617693,0.0549643,
392,3e-07,0.0006458,0.0011916,0.002213,0.0015737,0.0009625,0.0022763,0.003246,0.0052091,0.013943,0.0353643,0.0476447,0.0700176,0.0475357,
393,3e-07,0.0003589,0.0016383,0.0011721,0.0010177,0.001773,0.0009978,0.0033344,0.0059214,0.0319739,0.0116256,0.0649913,0.0551011,0.0491264,
394,3e-07,0.0003575,0.0006425,0.0006115,0.001019,0.0020538,0.0009091,0.0089886,0.0192751,0.0379925,0.0174706,0.0380416,0.0407459,0.0668375,
395,3e-07,0.0003553,0.0003551,0.0014993,0.0029441,0.0009265,0.0008496,0.0040665,0.0106789,0.0395329,0.0436949,0.02237,0.0352758,0.042006,
396,3e-07,0.0003531,0.001211,0.0005581,0.0010228,0.0017686,0.0009067,0.0030842,0.0058355,0.0412633,0.0869512,0.0482874,0.0447803,0.0329638,
397,2e-07,0.0003521,0.0014993,0.0006105,0.0018986,0.0012291,0.0016417,0.0065397,0.0103174,0.0301468,0.0489487,0.0613367,0.0465305,0.036599,
398,3e-07,0.0003497,0.0006631,0.0017489,0.0009402,0.0012765,0.0015415,0.0076693,0.0122167,0.0569293,0.0462749,0.0459417,0.0303642,0.0685131,
399,3e-07,0.0003515,0.0012384,0.0013422,0.0009408,0.0009236,0.0016755,0.0055878,0.0075814,0.0390027,0.0545392,0.044574,0.0695373,0.0612422,
400,3e-07,0.0003536,0.0003499,0.0013413,0.0010206,0.0012356,0.0009145,0.0017734,0.0165845,0.038115,0.0183565,0.0453584,0.0710915,0.0364566,
401,2e-07,0.0011841,0.0012183,0.0011785,0.0013951,0.0013675,0.0007413,0.0021194,0.0130295,0.0352547,0.0291001,0.0477009,0.0133353,0.031447,
402,2e-07,0.000356,0.0006582,0.0021146,0.0011247,0.0014755,0.0009982,0.0045406,0.0127818,0.02928,0.0508881,0.0396378,0.0320704,0.0391301,
403,2e-07,0.0006511,0.0003577,0.0022215,0.0009404,0.0012567,0.0015954,0.0030396,0.0164101,0.0302473,0.0586061,0.0409033,0.0946453,0.0864448,
404,2e-07,0.0003594,0.0010877,0.0006074,0.0015813,0.000737,0.0015022,0.0036813,0.0187174,0.0293594,0.0453536,0.0433192,0.0688639,0.0842284,
405,1e-07,0.0003619,0.0003667,0.0006066,0.0022472,0.0007721,0.0007487,0.0039557,0.0161712,0.0345072,0.0191556,0.0530053,0.0485007,0.0568258,
406,1e-07,0.0003621,0.0013961,0.0006053,0.0013846,0.0005246,0.0015528,0.0022685,0.0232182,0.0250612,0.0225837,0.0303693,0.0250978,0.0266739,
407,1e-07,0.0003631,0.0010451,0.0006061,0.0005729,0.0009284,0.000845,0.0069369,0.0258273,0.0459884,0.0197636,0.0284041,0.0225324,0.0252985,
408,2e-07,0.0006462,0.0003753,0.0011423,0.0017344,0.0016786,0.001561,0.0033903,0.0257035,0.0375162,0.0269146,0.0300113,0.0102027,0.034619,
409,2e-07,0.000645,0.0011184,0.0011445,0.0018476,0.0009284,0.0009238,0.0033841,0.0143373,0.0277516,0.0245653,0.0248299,0.0301332,0.0383245,
410,1e-07,0.0003668,0.001671,0.0015609,0.0010094,0.0012369,0.0022183,0.0046893,0.0036293,0.0267608,0.0289376,0.0334256,0.0467798,0.0500995,
411,1e-07,0.0003684,0.0010617,0.0013202,0.000694,0.0011089,0.0017475,0.0013931,0.0060154,0.018286,0.0305736,0.0235316,0.0337076,0.0281358,
412,1e-07,0.0012005,0.0003919,0.0006084,0.0010051,0.0007542,0.000858,0.0027447,0.0143155,0.0172078,0.0311415,0.0366238,0.0291988,0.0272133,
413,1e-07,0.000374,0.0010688,0.0006085,0.0010031,0.0018819,0.00077,0.0018427,0.0091632,0.0138115,0.0382123,0.0659279,0.0258185,0.032183,
414,1e-07,0.0006302,0.0004019,0.0006097,0.0011818,0.0007617,0.0008605,0.0018802,0.0118454,0.0263562,0.0478362,0.0379387,0.0246516,0.0150468,
415,1e-07,0.0010505,0.0004045,0.0006095,0.0009985,0.0011201,0.0016741,0.00136,0.0213342,0.0442023,0.0546113,0.0355554,0.0351146,0.0185271,
416,1e-07,0.0006309,0.0014192,0.0011547,0.001,0.0007553,0.0016708,0.0026051,0.0199213,0.0382235,0.0331934,0.0469187,0.0239825,0.0246225,
417,1e-07,0.0006313,0.0003962,0.0006095,0.0009249,0.0007555,0.0008516,0.0017777,0.0065442,0.0092682,0.0106199,0.0358289,0.0276561,0.0242234,
418,1e-07,0.0014363,0.0014342,0.0006097,0.0013423,0.0011198,0.0008483,0.0020924,0.0065353,0.0189518,0.01595,0.024417,0.0307824,0.0317685,
419,1e-07,0.0006337,0.0003871,0.001373,0.0009267,0.0009461,0.0008443,0.0028151,0.0071965,0.0149428,0.0288661,0.0242113,0.0111888,0.0433187,
420,1e-07,0.0003718,0.0014125,0.0006116,0.0005736,0.0011229,0.0016565,0.0004164,0.0040622,0.0065874,0.0328502,0.036538,0.0152566,0.0357005,
421,1e-07,0.0006373,0.0006301,0.0011648,0.0009269,0.0013739,0.0015515,0.0012306,0.0053755,0.0037145,0.0203384,0.0242738,0.0507751,0.0392924,
422,1e-07,0.0006366,0.0003763,0.0011948,0.0009248,0.001886,0.0007526,0.0031301,0.0061963,0.0097889,0.0236237,0.0499748,0.0392681,0.0182587,
423,1e-07,0.0003672,0.0012002,0.0005555,0.0013921,0.0005055,0.0009278,0.0029968,0.0066968,0.0136624,0.0181462,0.036989,0.0331159,0.0588721,
424,1e-07,0.0003661,0.0012253,0.0008377,0.0009248,0.0007533,0.0009229,0.0045881,0.0109157,0.012701,0.0170829,0.0329416,0.0210198,0.0264181,
425,2e-07,0.0010104,0.0003609,0.0021052,0.0009259,0.001495,0.0007465,0.0018524,0.0196055,0.0195313,0.0536833,0.0305307,0.017487,0.0209136,
426,2e-07,0.0019304,0.0012289,0.0013293,0.0009289,0.0011163,0.0009217,0.0024586,0.0145769,0.0401998,0.0620952,0.0498528,0.0366678,0.0385299,
427,1e-07,0.0006432,0.0011118,0.0005573,0.0015736,0.0007578,0.0009263,0.001687,0.0120116,0.0125152,0.0397853,0.0448481,0.0247972,0.0269083,
428,1e-07,0.0010587,0.0012346,0.0008402,0.0009281,0.0007597,0.0009295,0.0026653,0.010542,0.0121983,0.0554342,0.04951,0.0488645,0.0267767,
429,1e-07,0.0006369,0.001202,0.0024531,0.0017598,0.0020515,0.0015941,0.0024642,0.0109667,0.0194083,0.0495737,0.0613573,0.0477553,0.0307038,
430,0.0,0.0006349,0.0006314,0.0011648,0.0014436,0.0020522,0.0024666,0.003161,0.0143583,0.0168323,0.0312943,0.0347386,0.039714,0.0398179,
431,0.0,0.0003726,0.0003816,0.0006123,0.0017659,0.0007612,0.000755,0.0017085,0.0069486,0.0102998,0.0215238,0.0282749,0.0233095,0.0051232,
432,0.0,0.0006315,0.0003875,0.0011911,0.0021779,0.001385,0.0007587,0.001275,0.0042044,0.0141577,0.011496,0.0136644,0.0211394,0.0145717,
433,1e-07,0.0003761,0.0010118,0.0014001,0.0008532,0.0018855,0.0007622,0.001528,0.0054147,0.0137588,0.0303983,0.0330438,0.034882,0.0526054,
434,1e-07,0.0003763,0.0014177,0.0006117,0.0006912,0.000969,0.001009,0.0013699,0.006737,0.0196189,0.024442,0.0195915,0.0395649,0.0319634,
435,1e-07,0.0003771,0.0003985,0.0006111,0.0011808,0.0011239,0.0008529,0.0015347,0.008687,0.0149111,0.0249982,0.0419746,0.0378345,0.015993,
436,1e-07,0.001083,0.0010696,0.0011569,0.0009212,0.0009446,0.000856,0.0019406,0.0176198,0.0133273,0.0227003,0.023756,0.0448428,0.0157674,
437,1e-07,0.000378,0.0004023,0.0016892,0.0005731,0.0007692,0.0008226,0.0012992,0.0142178,0.0112443,0.0322766,0.0279271,0.0255518,0.029155,
438,1e-07,0.0014163,0.0004054,0.0013275,0.0006969,0.0011211,0.000864,0.0025102,0.0092281,0.0193976,0.0316943,0.0404344,0.026449,0.0244024,
439,2e-07,0.0006291,0.0015664,0.00116,0.001001,0.001245,0.0008271,0.0039606,0.0108815,0.0251437,0.0119599,0.0244579,0.0250115,0.047193,
440,2e-07,0.0006321,0.000397,0.0006125,0.0010031,0.0011195,0.0008612,0.0017562,0.007566,0.021419,0.0168914,0.0460159,0.0246378,0.0467497,
441,1e-07,0.0006303,0.0015028,0.0013213,0.0010022,0.0011067,0.0008582,0.0004088,0.0039142,0.0246702,0.0244424,0.0099255,0.037338,0.015402,
442,1e-07,0.0003758,0.0010257,0.0006134,0.0009378,0.0011251,0.0007654,0.0011736,0.0060138,0.0323724,0.0389198,0.014919,0.0312264,0.036289,
443,1e-07,0.0003779,0.0010684,0.0006144,0.0009389,0.0016179,0.0008222,0.0017552,0.0115613,0.0403067,0.0384337,0.0178665,0.0291329,0.0291318,
444,1e-07,0.0003757,0.001219,0.0017353,0.0009375,0.0005008,0.0009137,0.0026556,0.0060318,0.0265047,0.0160529,0.0186349,0.0061124,0.0504863,
445,1e-07,0.0006302,0.0011862,0.0008389,0.0005725,0.0014882,0.0009174,0.0033363,0.0072124,0.0088321,0.0322904,0.0409294,0.0290148,0.0480347,
446,1e-07,0.0003728,0.0019117,0.0008381,0.0013906,0.0007499,0.0007385,0.0018146,0.0155455,0.015366,0.0453368,0.048412,0.0254311,0.0323867,
447,1e-07,0.0006337,0.000626,0.0005558,0.0005698,0.000747,0.0009176,0.0016706,0.0031463,0.0258437,0.040271,0.0358289,0.0413432,0.0386877,
448,1e-07,0.0003696,0.0006287,0.0011644,0.0016201,0.0007438,0.000915,0.0022471,0.0059725,0.0169934,0.0492294,0.0497514,0.0262521,0.0439483,
449,1e-07,0.0003668,0.0015316,0.0008348,0.0014508,0.0014956,0.000916,0.0022451,0.029753,0.0220277,0.0435811,0.0627918,0.0224019,0.0513901,
450,1e-07,0.0003682,0.000631,0.0005561,0.0005691,0.0007499,0.0007417,0.00066,0.0071031,0.0173236,0.0266282,0.0431097,0.0329009,0.0390311,
451,1e-07,0.0006396,0.0006308,0.0018141,0.0015697,0.0017858,0.0009215,0.0021914,0.0113683,0.0089049,0.0282594,0.0275462,0.0338408,0.0307132,
452,1e-07,0.0003651,0.0011955,0.0013272,0.0009257,0.000753,0.0009208,0.0006462,0.0065228,0.0094616,0.0257582,0.0171693,0.0417707,0.0358916,
453,1e-07,0.0003673,0.0015903,0.0005542,0.0006966,0.0007543,0.0009162,0.0026236,0.0037905,0.0067745,0.0114346,0.0168105,0.0358234,0.0443342,
454,1e-07,0.0010749,0.0011953,0.001354,0.0009267,0.0009417,0.0007547,0.0011603,0.0055734,0.0073312,0.02642,0.0065133,0.028224,0.0544482,
455,1e-07,0.00193,0.0003819,0.0006107,0.0024668,0.0007572,0.0016142,0.0012613,0.0026614,0.0160374,0.0161398,0.0157444,0.0238888,0.0483363,
456,1e-07,0.000639,0.0003819,0.0013974,0.0008478,0.0017839,0.0008465,0.0015081,0.0073151,0.0169552,0.0284473,0.0132021,0.0376114,0.029215,
457,1e-07,0.0006373,0.0003852,0.0006079,0.0013396,0.0011165,0.0021106,0.0021742,0.0174735,0.0113832,0.0289018,0.0215201,0.0475271,0.0308187,
458,1e-07,0.0003698,0.0010023,0.0006066,0.0009269,0.0007403,0.0016571,0.0031995,0.0070949,0.0129,0.0321993,0.0238785,0.0381618,0.0662896,
459,1e-07,0.0003697,0.0014305,0.0013913,0.0009357,0.0026622,0.0015091,0.0058068,0.0092724,0.0218155,0.0121014,0.0275283,0.0505687,0.0743684,
460,1e-07,0.0003694,0.0003839,0.0006041,0.0017716,0.0016733,0.0025628,0.001956,0.0183196,0.0176695,0.0377567,0.0440197,0.0339118,0.0473601,
461,1e-07,0.0003668,0.0009942,0.0022503,0.0011268,0.0024896,0.0008401,0.0055071,0.031343,0.0167779,0.0279929,0.0662785,0.0529481,0.0535311,
462,1e-07,0.0003658,0.000377,0.0015592,0.0010089,0.0021164,0.0016546,0.0030341,0.021638,0.0182419,0.0097413,0.0391494,0.0328079,0.0093389,
463,1e-07,0.0003664,0.0006335,0.0006068,0.001185,0.001111,0.0015075,0.0006242,0.0102947,0.0215811,0.0133891,0.0188028,0.0206572,0.0231918,
464,1e-07,0.0006411,0.0003805,0.0020027,0.0009288,0.000744,0.0016146,0.0023997,0.0126259,0.0225776,0.0274928,0.01516,0.0311958,0.0286051,
465,1e-07,0.0006422,0.0003784,0.0006085,0.0010092,0.0011118,0.0016578,0.0019435,0.0091251,0.0137589,0.0271423,0.0237201,0.0369673,0.0076578,
466,1e-07,0.0006397,0.0003834,0.0006092,0.0008459,0.0007536,0.0007602,0.0011581,0.0084143,0.0165667,0.0145842,0.0234618,0.035067,0.0234334,
467,1e-07,0.0006395,0.0011884,0.0017157,0.0015718,0.0007559,0.000927,0.000423,0.0067081,0.0207945,0.0105975,0.0289441,0.0334151,0.0413532,
468,1e-07,0.0003671,0.0011912,0.0013278,0.0015713,0.0007539,0.0016972,0.0018168,0.0065212,0.0137943,0.0039224,0.0117781,0.0308418,0.0449319,
469,1e-07,0.0006379,0.0012161,0.0013248,0.0009231,0.0009431,0.0009898,0.0012692,0.0037998,0.0093358,0.0099296,0.0117783,0.0197307,0.0359957,
470,2e-07,0.0011823,0.0006249,0.0005544,0.0028117,0.0011025,0.0010017,0.0010201,0.0021088,0.02179,0.0242282,0.0216521,0.0166989,0.0495101,
471,2e-07,0.0006355,0.0011056,0.0008381,0.0010068,0.0007446,0.000738,0.00136,0.0133307,0.0189223,0.0241598,0.0336475,0.0432097,0.0311938,
472,1e-07,0.0006321,0.0006166,0.001159,0.0014683,0.0023628,0.0009262,0.0020386,0.0207311,0.0088856,0.0347136,0.0202324,0.0283197,0.0165194,
473,2e-07,0.0003751,0.0010723,0.0013204,0.0007028,0.0007407,0.0009836,0.001536,0.0167977,0.0349639,0.0267406,0.0109822,0.0560446,0.0442101,
474,3e-07,0.0003777,0.001076,0.0008351,0.0007038,0.0015279,0.0008576,0.0023567,0.0360989,0.0346064,0.0514631,0.0389139,0.0673523,0.086602,
475,2e-07,0.0006249,0.0010762,0.0011526,0.0007014,0.0005003,0.0007318,0.0022257,0.0241188,0.0453295,0.054526,0.0589054,0.0483574,0.0958576,
476,1e-07,0.0003783,0.001174,0.0012929,0.001634,0.001479,0.0009084,0.0017574,0.0327996,0.058006,0.0231469,0.0502443,0.034207,0.0810734,
477,1e-07,0.0003768,0.0012099,0.0014926,0.0013471,0.0005038,0.0010072,0.0011176,0.0222036,0.0172197,0.0301496,0.025109,0.0440761,0.0588242,
478,1e-07,0.0003738,0.0012112,0.0005518,0.0016366,0.0007473,0.0009071,0.0006771,0.0065501,0.0084637,0.0226656,0.0304844,0.0189138,0.0348276,
479,1e-07,0.0006341,0.000616,0.0005518,0.0009192,0.0007471,0.0010049,0.0006725,0.0044807,0.0234219,0.0414773,0.0250204,0.0383508,0.0416113,
480,2e-07,0.0003692,0.0011832,0.0011625,0.0010081,0.0017913,0.000737,0.0018221,0.0134334,0.0073237,0.0348279,0.0311981,0.0516593,0.039948,
481,2e-07,0.0006393,0.0003813,0.000612,0.0007,0.0011142,0.0008577,0.0006535,0.0083428,0.0051516,0.0307117,0.0232397,0.0646554,0.0537378,
482,2e-07,0.0003664,0.0010801,0.0013553,0.0010103,0.0007555,0.0018106,0.0021572,0.004303,0.0197535,0.0306251,0.0236754,0.038496,0.0203136,
483,2e-07,0.0006447,0.0015859,0.000847,0.0011166,0.0007566,0.001759,0.005405,0.0059949,0.0282084,0.0159031,0.0326823,0.0386245,0.0171541,
484,3e-07,0.0003626,0.0006293,0.0011461,0.0010146,0.000967,0.0009158,0.0070518,0.0066763,0.0318829,0.01711,0.0335247,0.0433567,0.0092833,
485,2e-07,0.0006448,0.0014431,0.0011484,0.000935,0.0020392,0.0017793,0.0043607,0.0144896,0.0172557,0.0096604,0.0111492,0.0372532,0.026543,
486,2e-07,0.0003655,0.0014352,0.0008846,0.0009362,0.0011089,0.0017439,0.011626,0.008267,0.0129019,0.0276654,0.0138798,0.011407,0.0178971,
487,2e-07,0.0003681,0.0003848,0.0011532,0.0010104,0.0019716,0.0008616,0.004027,0.0259742,0.0279595,0.0352667,0.0366443,0.0162509,0.0285046,
488,2e-07,0.0003706,0.0003904,0.0011546,0.000921,0.0018922,0.001767,0.0023392,0.0169162,0.0267348,0.0187376,0.0365281,0.0448906,0.0292056,
489,2e-07,0.0003725,0.0003943,0.0006128,0.0007017,0.0012361,0.0022269,0.0034738,0.0186913,0.0368084,0.0275388,0.0258326,0.0406712,0.105078,
490,2e-07,0.0003714,0.0006088,0.0008418,0.0010081,0.0012329,0.0015793,0.0011767,0.017414,0.025177,0.0362493,0.0732786,0.0617207,0.0488445,
491,2e-07,0.0006353,0.0003885,0.0011566,0.0007044,0.0019585,0.0008638,0.0069056,0.0151039,0.0146052,0.0400669,0.0190616,0.0628335,0.068589,
492,2e-07,0.0003678,0.0010697,0.001124,0.0016233,0.0011173,0.0016965,0.0087589,0.0278162,0.0475303,0.0432123,0.0263651,0.013807,0.0563612,
493,2e-07,0.0003662,0.0003777,0.000616,0.0007062,0.0011176,0.001001,0.0020191,0.018444,0.0257973,0.0398182,0.0141287,0.0296071,0.0418706,
494,2e-07,0.0006396,0.0011982,0.0005566,0.0007094,0.0010863,0.0010004,0.0062302,0.0130034,0.0215342,0.0231111,0.040013,0.0231161,0.0482568,
495,2e-07,0.0003685,0.0010695,0.0006188,0.0007095,0.0010857,0.0009877,0.0004437,0.0126604,0.0122498,0.0373293,0.033026,0.021344,0.0300573,
496,2e-07,0.0003706,0.0003857,0.0011608,0.0010087,0.0011242,0.0025859,0.0077152,0.0169206,0.051395,0.0628592,0.0400049,0.0556075,0.0336106,
497,2e-07,0.0011849,0.0003915,0.001163,0.0011847,0.001856,0.0026141,0.0070277,0.0067578,0.0477574,0.0485536,0.0626669,0.0487563,0.0460916,
498,2e-07,0.0003737,0.0011732,0.0013207,0.0007072,0.0009531,0.0017805,0.0033845,0.0264509,0.0789539,0.0496552,0.0545072,0.0341855,0.0477856,
499,2e-07,0.0006289,0.001079,0.0016969,0.0008467,0.0012455,0.0008635,0.0032328,0.0347869,0.0517634,0.0327418,0.037468,0.0338523,0.0454061,
500,3e-07,0.0006285,0.0004002,0.0006158,0.0007025,0.0007408,0.0010073,0.0021562,0.0176919,0.0057099,0.0225444,0.028387,0.049592,0.037938,
501,3e-07,0.0003793,0.001083,0.0006156,0.0009995,0.0012463,0.0008662,0.0053544,0.0310139,0.0279682,0.0432764,0.0525686,0.0739157,0.0974285,
502,3e-07,0.0003821,0.0017531,0.0006153,0.0011802,0.000958,0.0010112,0.011223,0.0276556,0.0359625,0.0304316,0.0328027,0.0217605,0.0587234,
503,2e-07,0.0006227,0.0004114,0.0006138,0.0017453,0.0007787,0.0021315,0.0101398,0.0383968,0.0273357,0.0272434,0.0260857,0.0730473,0.0617524,
504,2e-07,0.0003846,0.000416,0.0011655,0.0009938,0.0011286,0.0027026,0.0058245,0.0438626,0.0242578,0.023098,0.0350419,0.0628524,0.0752264,
505,2e-07,0.0015237,0.0010264,0.000612,0.000993,0.0007711,0.0017247,0.0021568,0.012279,0.0121643,0.0334011,0.0434853,0.0216042,0.0448126,
506,2e-07,0.0006236,0.0010783,0.0013501,0.0009178,0.0012569,0.0008614,0.0015638,0.0103675,0.0134986,0.0095217,0.0342046,0.0310273,0.0468912,
507,1e-07,0.0006215,0.0014261,0.0006097,0.0011778,0.0011264,0.0016422,0.0011086,0.0103405,0.0160185,0.0308371,0.0278656,0.0220676,0.034595,
508,1e-07,0.0003844,0.000417,0.0006082,0.0018108,0.0007563,0.0016407,0.0026963,0.0108997,0.021584,0.0277458,0.0249366,0.0413107,0.0265685,
509,1e-07,0.0006234,0.0004127,0.000609,0.0009349,0.0007573,0.0008562,0.0035105,0.0058811,0.0175672,0.0159255,0.0089563,0.0317506,0.0443824,
510,1e-07,0.0003864,0.0004174,0.0013653,0.0011178,0.0011287,0.00164,0.0029257,0.0163954,0.0254761,0.0196498,0.0052373,0.043443,0.0528517,
511,1e-07,0.0003872,0.0014154,0.0013908,0.0008616,0.0007558,0.0029336,0.0044589,0.016609,0.0213994,0.0267429,0.0304703,0.0454131,0.059655,
512,1e-07,0.0003851,0.0010725,0.0011818,0.0011775,0.0016977,0.0020925,0.0017079,0.0037855,0.0201151,0.0133789,0.0284085,0.0350961,0.0511327,
513,1e-07,0.0003859,0.0010075,0.0006091,0.0009217,0.0018985,0.0029272,0.0047143,0.0118006,0.0079923,0.0161529,0.0166524,0.0098963,0.0448799,
514,1e-07,0.0006178,0.0004211,0.0006088,0.0011756,0.0011315,0.0015535,0.0052634,0.0107143,0.0070824,0.008482,0.0254649,0.0521261,0.0523479,
515,1e-07,0.0003879,0.0004199,0.0022425,0.0008639,0.0018951,0.0026027,0.0014734,0.0121151,0.0103077,0.0277606,0.0228486,0.0519925,0.0492783,
516,1e-07,0.0003865,0.0004153,0.0011819,0.0018359,0.0029128,0.0024992,0.0048126,0.0195027,0.0264049,0.0316151,0.0311064,0.0529708,0.0404648,
517,1e-07,0.0003893,0.0004196,0.0018624,0.0009861,0.0022941,0.0049134,0.0125543,0.011173,0.0283895,0.0181692,0.0392012,0.0392982,0.0260554,
518,1e-07,0.0003907,0.0004235,0.0022424,0.0021624,0.0049495,0.004675,0.014927,0.035413,0.033718,0.036357,0.0366254,0.0732691,0.0378838,
519,1e-07,0.001122,0.0004188,0.0011801,0.002014,0.0037368,0.0047067,0.0222533,0.0354232,0.0297631,0.0535149,0.0666702,0.0659038,0.0753775,
520,1e-07,0.0003886,0.0004166,0.0035533,0.0023795,0.0007479,0.0009806,0.016516,0.0240839,0.02866,0.0330223,0.0738761,0.022774,0.0647934,
521,2e-07,0.0015285,0.002926,0.0044573,0.0022469,0.0009799,0.0063639,0.0275057,0.0231729,0.0394936,0.0749185,0.1115676,0.0727894,0.0994868,
522,2e-07,0.0003944,0.0016048,0.001628,0.0008708,0.0050229,0.0028259,0.0173757,0.0155198,0.0390403,0.0577551,0.0891657,0.0674363,0.0659174,
523,1e-07,0.0003947,0.0004314,0.0011755,0.0009204,0.0030983,0.0072111,0.0251109,0.0515686,0.0551106,0.0526126,0.0718089,0.0937092,0.1161321,
524,2e-07,0.0006094,0.0010997,0.0009001,0.0006777,0.0009772,0.0024427,0.0145437,0.0366448,0.081371,0.0804095,0.0583945,0.0680764,0.0717859,
525,2e-07,0.000611,0.0010774,0.001132,0.0008699,0.0013697,0.0024253,0.0078936,0.0447135,0.047245,0.0831862,0.0334207,0.0314839,0.0504743,
526,2e-07,0.0003967,0.0004374,0.000537,0.0008702,0.0026095,0.0020219,0.0090099,0.0245001,0.0631149,0.1070485,0.0466651,0.0783447,0.0340541,
527,2e-07,0.0003984,0.0011581,0.0006085,0.0011198,0.0013735,0.0015573,0.0028099,0.0170168,0.0421569,0.0649744,0.0951724,0.0665845,0.0265302,
528,2e-07,0.0006082,0.0010084,0.0009049,0.001783,0.0018726,0.0015588,0.0050761,0.0199048,0.0262035,0.047676,0.0746738,0.062695,0.051876,
529,2e-07,0.0006086,0.0004475,0.0006078,0.0011189,0.0017067,0.001527,0.0011893,0.0260788,0.0174097,0.0291113,0.0417539,0.0658648,0.0399598,
530,2e-07,0.0003971,0.0014253,0.0006071,0.0011736,0.001496,0.0007963,0.0079728,0.0244151,0.0308727,0.0263314,0.0161572,0.0634703,0.0713548,
531,2e-07,0.0006137,0.0010192,0.0011728,0.0009152,0.0021391,0.0007945,0.0017286,0.0144662,0.020458,0.0418953,0.0245813,0.0813487,0.0562051,
532,2e-07,0.0006157,0.0004377,0.0015647,0.0011179,0.0007568,0.0016575,0.0013218,0.0132362,0.0148547,0.0141037,0.0282482,0.0878044,0.0534898,
533,2e-07,0.0006192,0.001022,0.0006068,0.000918,0.0007573,0.0016537,0.0025721,0.0121643,0.0160406,0.0088453,0.0514674,0.0762103,0.0742403,
534,3e-07,0.0003901,0.0014358,0.0019764,0.0011158,0.0017909,0.0009509,0.0024169,0.0127685,0.0279609,0.0234081,0.0298606,0.0450172,0.0529213,
535,3e-07,0.0003927,0.001481,0.0006083,0.0009141,0.001124,0.0022136,0.0013412,0.011048,0.0229131,0.0268259,0.0328215,0.0454367,0.0455402,
536,3e-07,0.0011202,0.0010915,0.000609,0.0009879,0.0011258,0.0007912,0.0021431,0.0157289,0.0313945,0.0207209,0.0519305,0.0458949,0.0344413,
537,3e-07,0.0006183,0.0014281,0.0011664,0.0006915,0.0012519,0.0008732,0.0023935,0.0068066,0.0467202,0.024115,0.0475226,0.045044,0.0399512,
538,3e-07,0.0003913,0.0010336,0.0017144,0.0006922,0.000771,0.000876,0.0021927,0.01562,0.0340532,0.013505,0.0304996,0.0415064,0.0421262,
539,3e-07,0.0003923,0.0004359,0.0015672,0.0009871,0.0007745,0.0008725,0.0036628,0.0163281,0.0232312,0.0221633,0.0275001,0.0245264,0.0211778,
540,3e-07,0.0003897,0.0014892,0.0006111,0.0006927,0.0012572,0.0008698,0.0055044,0.0174418,0.0324939,0.0171937,0.0208718,0.0337677,0.0421006,
541,3e-07,0.0012153,0.0004285,0.0006123,0.0006954,0.0009607,0.0008709,0.0052591,0.0165306,0.0490933,0.0334617,0.0500694,0.0672828,0.038932,
542,3e-07,0.0003918,0.0010368,0.0006132,0.002482,0.0011316,0.0015753,0.0012439,0.0200573,0.0283001,0.0564958,0.0566262,0.0870171,0.0743637,
543,3e-07,0.0006142,0.0010931,0.0011748,0.0009093,0.0011123,0.0007195,0.0025404,0.0276412,0.0239251,0.0375422,0.0359857,0.084062,0.0467465,
544,3e-07,0.0006167,0.0010907,0.0011695,0.0006954,0.0011312,0.0022322,0.0038807,0.0202638,0.0196137,0.0348381,0.0591255,0.1099922,0.0537157,
545,2e-07,0.0006189,0.0004234,0.0008939,0.0009908,0.000773,0.0007831,0.0102403,0.0119059,0.0129845,0.0415833,0.046367,0.027472,0.0273425,
546,2e-07,0.0006216,0.0004206,0.0006106,0.0018808,0.0007689,0.0016435,0.0025059,0.0174224,0.0149279,0.0436299,0.0566969,0.0362542,0.0157437,
547,2e-07,0.0006215,0.0010869,0.0006093,0.0006921,0.0007655,0.0016469,0.0020803,0.0314712,0.0042805,0.0564281,0.0704905,0.0458324,0.0715693,
548,2e-07,0.0003856,0.0011564,0.0020021,0.0011165,0.0011197,0.000868,0.0019499,0.0104566,0.0174245,0.0300441,0.0350954,0.0406676,0.088648,
549,2e-07,0.0006245,0.0017346,0.0020002,0.0009941,0.0017846,0.0007855,0.0006866,0.0071674,0.0183905,0.0343024,0.0350685,0.0722868,0.0933575,
550,2e-07,0.0003841,0.0010172,0.0015627,0.0009232,0.0014976,0.0021381,0.0050222,0.0142328,0.0269422,0.0531357,0.0208563,0.0476568,0.0679215,
551,1e-07,0.0006281,0.0014128,0.0006047,0.0011204,0.0011127,0.0016434,0.0026516,0.0111761,0.0369065,0.0367731,0.021333,0.0611254,0.0185449,
552,1e-07,0.0003831,0.0017267,0.0015628,0.0009236,0.0007498,0.0024574,0.0032759,0.0065819,0.0341145,0.0464554,0.039838,0.0383636,0.0565755,
553,1e-07,0.0006243,0.0004217,0.0015626,0.0011779,0.0021278,0.0029395,0.0070523,0.0223176,0.0227032,0.0579257,0.0552244,0.0297251,0.0598002,
554,1e-07,0.0003831,0.0014133,0.0006036,0.0009274,0.0011145,0.0028496,0.0110179,0.0253089,0.017046,0.0390056,0.0428782,0.045854,0.0694853,
555,1e-07,0.0003819,0.0016817,0.0015617,0.001179,0.0018795,0.002127,0.0077837,0.0201728,0.0215424,0.0513039,0.0781268,0.0317031,0.0170694,
556,1e-07,0.0006243,0.0010053,0.000605,0.0009267,0.0017847,0.0016796,0.003873,0.0199428,0.0399898,0.0504161,0.1020518,0.0414492,0.0390885,
557,1e-07,0.0019276,0.0011622,0.0011807,0.0011775,0.0013562,0.0017684,0.0074652,0.0396402,0.0526657,0.0667728,0.0952457,0.0709752,0.0371174,
558,1e-07,0.0011253,0.0011797,0.0006031,0.001807,0.0009417,0.0016714,0.0069698,0.0279347,0.0567912,0.0582001,0.0439032,0.0776076,0.0403028,
559,1e-07,0.0003854,0.0004179,0.0011498,0.0008628,0.001354,0.0007233,0.0031574,0.0330259,0.0374108,0.0479228,0.0186455,0.0403419,0.0379071,
560,1e-07,0.0006222,0.000424,0.0013834,0.0011758,0.0007391,0.0020462,0.0074622,0.0258211,0.0394802,0.0280312,0.055283,0.041037,0.030879,
561,1e-07,0.0006237,0.0004228,0.0034807,0.0011273,0.001477,0.0047312,0.0108405,0.0496342,0.0848554,0.1197652,0.0560878,0.033095,0.0151384,
562,1e-07,0.000387,0.0026023,0.0018627,0.0019469,0.001234,0.0046729,0.0233085,0.0357579,0.0809532,0.0962229,0.0983323,0.0767896,0.0620231,
563,1e-07,0.00039,0.0005952,0.0019981,0.0009855,0.0017915,0.0017491,0.0199948,0.0329863,0.0997021,0.1501474,0.0793807,0.0582707,0.0606136,
564,1e-07,0.0003916,0.00043,0.0016997,0.0011743,0.0011266,0.0034896,0.0083945,0.0589191,0.0997918,0.1283135,0.1015954,0.0670725,0.0694302,
565,1e-07,0.0003921,0.000431,0.0011432,0.0009313,0.0011276,0.001742,0.0098577,0.0161906,0.0430651,0.0728996,0.0676301,0.0308567,0.0823522,
566,1e-07,0.0003915,0.0014248,0.0013553,0.0009856,0.0007436,0.0009637,0.0024937,0.0206853,0.0278847,0.0608039,0.0582967,0.0176691,0.0634729,
567,1e-07,0.00104,0.0010067,0.0006054,0.0009327,0.0007469,0.000786,0.0022875,0.0136101,0.0232704,0.0745322,0.0515228,0.0398499,0.035,
568,1e-07,0.0003915,0.0015303,0.0006059,0.0009204,0.0007509,0.0007893,0.0022692,0.0107386,0.0165938,0.0524447,0.0719734,0.046313,0.0136471,
569,2e-07,0.0003938,0.0004361,0.0006062,0.0009349,0.0007514,0.0007904,0.0052697,0.0145026,0.0152978,0.0549837,0.0592099,0.0307369,0.0262091,
570,1e-07,0.0015299,0.0004309,0.0013873,0.0023259,0.0013789,0.0007867,0.0059166,0.0138981,0.0078531,0.0460456,0.0596692,0.0228523,0.0350338,
571,1e-07,0.0012181,0.0004317,0.0017148,0.0005814,0.0007572,0.000788,0.00339,0.010097,0.0078771,0.0422139,0.068993,0.026293,0.0208014,
572,2e-07,0.0006133,0.0014271,0.0006083,0.0018271,0.0007598,0.0007911,0.0036316,0.0117902,0.0162565,0.0345078,0.0368086,0.0238723,0.0050843,
573,2e-07,0.0011206,0.0004355,0.001566,0.0009827,0.0007598,0.0015216,0.0011511,0.0154162,0.0280228,0.0252358,0.0351339,0.0413319,0.0147888,
574,2e-07,0.0003929,0.0012217,0.0006098,0.0009848,0.0007631,0.0016492,0.0027502,0.0156985,0.0273654,0.0378223,0.0396418,0.024218,0.0465745,
575,2e-07,0.0003944,0.0004355,0.0015667,0.0009131,0.0017184,0.0008626,0.0031313,0.0118468,0.0325709,0.0541777,0.0319044,0.0524048,0.057768,
576,2e-07,0.000397,0.0014267,0.0006111,0.0011732,0.0018118,0.0021488,0.0042098,0.0141907,0.0341197,0.0543531,0.0570865,0.0745719,0.0560155,
577,2e-07,0.0003951,0.0010176,0.0013418,0.0011158,0.00077,0.000719,0.0022064,0.0161561,0.0286214,0.0626049,0.0401762,0.0685263,0.0529708,
578,2e-07,0.0003944,0.0010234,0.002008,0.0011141,0.0007738,0.0021452,0.0035077,0.0230513,0.0461045,0.0583638,0.0591708,0.0556286,0.0843864,
579,2e-07,0.000397,0.0004391,0.0013643,0.0006889,0.0013816,0.0007912,0.0031476,0.0206032,0.029441,0.0776795,0.0983021,0.0573957,0.0917987,
580,2e-07,0.000607,0.0014314,0.00131,0.000688,0.0004811,0.0015495,0.0066115,0.0196271,0.0336083,0.0758324,0.0659854,0.0700971,0.0967557,
581,2e-07,0.0006079,0.0005762,0.0011732,0.0008682,0.001505,0.0026351,0.0085737,0.0226994,0.0770432,0.1047007,0.1079214,0.0734117,0.0981101,
582,2e-07,0.000397,0.0010151,0.0008472,0.000869,0.0020628,0.0016798,0.0014755,0.0395063,0.0935035,0.1224362,0.1193727,0.0786285,0.0674374,
583,2e-07,0.0010988,0.0004372,0.0006139,0.0018181,0.001879,0.0025115,0.0080322,0.0456476,0.1146577,0.1425028,0.1199274,0.104344,0.0866858,
584,2e-07,0.0011889,0.0005803,0.0013099,0.0017826,0.0025321,0.0031443,0.0124784,0.0417725,0.1023445,0.1661423,0.1088975,0.089194,0.0862677,
585,2e-07,0.0010324,0.0004295,0.0011751,0.0023539,0.0022686,0.0044933,0.010342,0.0209417,0.06076,0.0780697,0.0577234,0.0526582,0.1044128,
586,2e-07,0.0003936,0.0004238,0.0008466,0.0015021,0.0004747,0.0007232,0.0089288,0.016999,0.0407656,0.0746611,0.0775651,0.0634353,0.0423829,
587,1e-07,0.0003915,0.0004213,0.0016245,0.0009836,0.0014941,0.0017342,0.0083208,0.0188931,0.0612649,0.0615597,0.0615659,0.0420611,0.0430297,
588,1e-07,0.000389,0.0004157,0.0008931,0.0019136,0.0007601,0.0026186,0.0081952,0.0161261,0.0461789,0.0656944,0.077298,0.0767688,0.0290366,
589,1e-07,0.0003896,0.0010941,0.0014896,0.0021572,0.0017766,0.0007993,0.0067708,0.01356,0.042932,0.0834663,0.0690384,0.0600565,0.0446355,
590,1e-07,0.0006151,0.0010974,0.0008447,0.0014987,0.0016056,0.0010165,0.0033984,0.0228382,0.0358433,0.06815,0.0449393,0.0299952,0.0747543,
591,2e-07,0.0006124,0.0010144,0.0008913,0.0022412,0.0026845,0.0007777,0.003618,0.0207401,0.024668,0.0610649,0.0659356,0.0460449,0.0632238,
592,1e-07,0.0003903,0.0011561,0.0008911,0.0023476,0.0017886,0.0007779,0.0025183,0.0179141,0.0253476,0.0638227,0.047823,0.0354367,0.0524586,
593,1e-07,0.0003889,0.0015823,0.0008926,0.0011157,0.0021997,0.0020447,0.0009352,0.0118389,0.0399522,0.047964,0.0301441,0.0332115,0.0356435,
594,1e-07,0.000386,0.0010754,0.0006118,0.000578,0.0012436,0.002092,0.0025091,0.0154381,0.0234647,0.0128195,0.0364636,0.0220083,0.0640178,
595,1e-07,0.0006232,0.0014073,0.0006109,0.0011166,0.0011285,0.0008544,0.0055018,0.0094647,0.0167448,0.0278357,0.0381407,0.0319297,0.0708999,
596,1e-07,0.0003814,0.0010156,0.0005457,0.000689,0.0004989,0.0007284,0.0022169,0.0092482,0.0239445,0.0166851,0.0425805,0.068523,0.0577756,
597,1e-07,0.0006262,0.000406,0.0006095,0.0005782,0.0020483,0.0015702,0.0028401,0.0080793,0.0077551,0.0143308,0.0231803,0.0633827,0.0426366,
598,1e-07,0.00038,0.0004056,0.0017031,0.0009325,0.0007642,0.0015704,0.0036233,0.0113224,0.0173382,0.0188509,0.0456696,0.0652731,0.0521408,
599,0.0,0.0006281,0.0014776,0.0005428,0.0009313,0.0020406,0.0022006,0.0039915,0.008017,0.0124082,0.0272244,0.0458774,0.0622267,0.0434745,
600,0.0,0.0003784,0.0011859,0.0011867,0.0011802,0.0011198,0.0038671,0.0026523,0.0112721,0.0129497,0.020264,0.0323622,0.0215096,0.0523427,
601,0.0,0.0003791,0.0010036,0.0013925,0.0011221,0.0007469,0.0021976,0.0019561,0.0102123,0.0116214,0.0251968,0.0190106,0.0388251,0.041566,
602,0.0,0.0006268,0.0004071,0.0013643,0.0011229,0.0004983,0.0015722,0.0048335,0.0049469,0.0094707,0.0170845,0.0150514,0.0461604,0.0501241,
603,0.0,0.0003805,0.0013986,0.0006056,0.0005812,0.002802,0.003478,0.0026589,0.0049826,0.0087089,0.0225979,0.0386963,0.0474878,0.0370115,
604,0.0,0.0003785,0.0013935,0.0013261,0.0018766,0.0011228,0.0034917,0.006186,0.0134169,0.0223758,0.0217595,0.0404287,0.0252541,0.0584705,
605,0.0,0.000627,0.001097,0.0011867,0.0011781,0.0007422,0.0036761,0.0036897,0.0166259,0.042162,0.026301,0.0639482,0.0725488,0.0528976,
606,1e-07,0.0003831,0.0004084,0.0017223,0.0039795,0.0035288,0.002552,0.0174627,0.04098,0.0439702,0.0219669,0.0661088,0.0653697,0.0345031,
607,1e-07,0.0006283,0.0013907,0.0017212,0.0045167,0.0060519,0.0061154,0.0239284,0.0478509,0.0400084,0.0233722,0.0714112,0.0874595,0.0855966,
608,1e-07,0.0011561,0.0010547,0.0028108,0.0058244,0.0060054,0.0073816,0.0278499,0.0534385,0.0704196,0.0404029,0.0409094,0.0509114,0.0559564,
609,1e-07,0.0003758,0.0003959,0.0006041,0.0028409,0.0060425,0.0072029,0.0203347,0.0319436,0.0499611,0.0466477,0.0795654,0.0317483,0.0256981,
610,1e-07,0.0003732,0.0003908,0.0011908,0.0016148,0.0046349,0.0099914,0.0172762,0.0120676,0.0328394,0.0176315,0.0509022,0.0620225,0.0630182,
611,1e-07,0.0010399,0.0011085,0.0006041,0.0011282,0.0025582,0.0049135,0.0098015,0.0124592,0.0172504,0.0322704,0.0407182,0.0413259,0.0495382,
612,1e-07,0.0011242,0.0010401,0.0005481,0.001725,0.0020875,0.0031963,0.0095474,0.0031092,0.0250683,0.0389303,0.037089,0.0529135,0.0045241,
