#Time_fs,0,50,100,150,200,250,300,500,750,1000,1250,1500,1750,2000,
1,0.0,0.0003915,0.0002231,0.0009062,0.0007249,0.000472,0.0010226,0.0013487,0.0068693,0.0153431,0.0143351,0.0329291,0.0348044,0.0269086,
2,0.0,0.0003926,0.0002242,0.0009067,0.0010608,0.0010353,0.0008029,0.0005149,0.0067533,0.0294622,0.0177977,0.0433772,0.0459497,0.0352116,
3,0.0,0.0011292,0.0002263,0.0007127,0.0003636,0.0004732,0.0010319,0.0005253,0.0048069,0.0166404,0.0106524,0.0619404,0.0314911,0.0181353,
4,0.0,0.000397,0.0002277,0.0016426,0.0003558,0.001065,0.0009644,0.0014455,0.0038159,0.0197059,0.0222916,0.0386398,0.0300415,0.016598,
5,0.0,0.000607,0.0002298,0.0005519,0.0007256,0.0015578,0.0015031,0.0025982,0.0024658,0.0142258,0.0255174,0.0575932,0.0218736,0.0217836,
6,0.0,0.0003995,0.0002299,0.0010277,0.0003462,0.001191,0.0016445,0.0010904,0.0021933,0.0037458,0.0319311,0.0328964,0.0432921,0.028748,
7,0.0,0.0017066,0.001637,0.001119,0.0012048,0.0004747,0.0007352,0.0018357,0.0042673,0.0029049,0.0192661,0.0251613,0.0502269,0.0259799,
8,0.0,0.0015639,0.0013701,0.00071,0.0021794,0.0012313,0.0014611,0.0019515,0.0076493,0.0086118,0.0256306,0.0407096,0.0312849,0.0144495,
9,0.0,0.0004005,0.0002314,0.0018218,0.0007491,0.0004759,0.0010375,0.0014305,0.0091371,0.0145281,0.0233855,0.0401926,0.0282774,0.0232952,
10,0.0,0.0004022,0.0014949,0.0005656,0.0007526,0.0012414,0.0008455,0.0015738,0.0080525,0.0120004,0.0291867,0.0233432,0.0242148,0.0253906,
11,0.0,0.0004015,0.0002327,0.0016852,0.0017807,0.0015109,0.0021027,0.0055893,0.0158204,0.0166663,0.0432456,0.0769421,0.0218181,0.0208764,
12,0.0,0.0006055,0.0008629,0.0008574,0.0009993,0.0015545,0.0015211,0.0037818,0.0101545,0.0154108,0.034211,0.0589345,0.03358,0.0190558,
13,0.0,0.0010151,0.0008552,0.000707,0.0015905,0.0012284,0.0007564,0.0040487,0.0217289,0.0124101,0.0327383,0.0589634,0.0366334,0.007703,
14,0.0,0.0006073,0.0002349,0.0012331,0.0010928,0.0012256,0.0015101,0.0037823,0.0227246,0.0319531,0.0138242,0.0458214,0.0287588,0.0152399,
15,0.0,0.0004052,0.0008619,0.0005739,0.0021581,0.0010492,0.0016554,0.0031749,0.0138688,0.0290019,0.0096687,0.0211218,0.0284683,0.0283239,
16,0.0,0.0006051,0.0011764,0.0008517,0.000302,0.0004797,0.0007033,0.0044484,0.0197689,0.0036843,0.0098445,0.029366,0.0273126,0.0221954,
17,0.0,0.0011384,0.0012627,0.000574,0.0008835,0.0015425,0.0022994,0.0040929,0.0166485,0.0156405,0.0163251,0.0341629,0.0182109,0.0153982,
18,0.0,0.0004094,0.0002387,0.0014377,0.0013686,0.001886,0.0029178,0.0074869,0.0048441,0.0090502,0.0180832,0.0087778,0.0444528,0.0296936,
19,0.0,0.0004109,0.0008494,0.0014308,0.0013693,0.0033167,0.0036608,0.0066105,0.0162165,0.0116046,0.0209067,0.0306532,0.0380684,0.0399717,
20,0.0,0.0006033,0.0012614,0.0029444,0.0041815,0.005893,0.0096121,0.0107907,0.0299998,0.0232154,0.0227381,0.0407759,0.0545799,0.0516761,
21,0.0,0.0015979,0.0025946,0.0033185,0.0080633,0.0104757,0.0118514,0.0087837,0.0299276,0.0220066,0.0037645,0.0466626,0.0763538,0.0170453,
22,0.0,0.0004186,0.0009675,0.0031882,0.0054227,0.0144908,0.0142991,0.0073929,0.0174041,0.0154967,0.0173,0.0467864,0.032783,0.0502713,
23,0.0,0.0019095,0.0059905,0.0090363,0.0049461,0.0093165,0.0158567,0.0396024,0.0411769,0.0134774,0.0323128,0.0569745,0.0534568,0.0622277,
24,0.0,0.0037858,0.0082356,0.0133134,0.0132187,0.0286098,0.0347312,0.0062987,0.0202827,0.0362822,0.0236671,0.0405552,0.0517579,0.0580919,
25,0.0,0.0021928,0.0075472,0.0104327,0.0071932,0.0123488,0.0124463,0.0116606,0.0161389,0.0298857,0.0162653,0.0214951,0.0455314,0.0126604,
26,0.0,0.0038972,0.0096329,0.0102756,0.0172042,0.0244902,0.019253,0.0202063,0.0375503,0.033232,0.050608,0.044545,0.0634948,0.0223751,
27,0.0,0.0015987,0.0032485,0.0064699,0.0063351,0.0083293,0.0202349,0.0127392,0.0195813,0.0197433,0.0215526,0.0523497,0.0564299,0.0346336,
28,0.0,0.0010461,0.0013663,0.0011213,0.0043346,0.0044776,0.0026048,0.0158335,0.0117352,0.018735,0.0322023,0.021684,0.0516848,0.0397957,
29,0.0,0.0004127,0.0012608,0.0023582,0.001991,0.0018274,0.0043947,0.0163424,0.0131894,0.0095377,0.0143794,0.036513,0.0597405,0.0300571,
30,0.0,0.000412,0.0012601,0.0005851,0.0010041,0.0015191,0.002586,0.0105651,0.0095907,0.0197539,0.0314315,0.0231027,0.0659024,0.0326886,
31,0.0,0.0011495,0.0011798,0.0010757,0.0021009,0.001614,0.0014966,0.0022,0.0073189,0.0110934,0.0158919,0.0312157,0.0584194,0.0426612,
32,0.0,0.0004123,0.001096,0.0007426,0.0010003,0.0005627,0.0009998,0.0009427,0.0128006,0.0129259,0.0400483,0.028612,0.0320978,0.0322509,
33,0.0,0.000413,0.0002413,0.0007118,0.0012996,0.0012266,0.0006922,0.0043523,0.0137024,0.0340765,0.0393329,0.0248132,0.0507834,0.0304643,
34,0.0,0.0010058,0.0002429,0.0011493,0.001783,0.0004742,0.0008864,0.005471,0.0114758,0.029575,0.0269489,0.035162,0.0212856,0.0651683,
35,0.0,0.0005993,0.0002436,0.0011466,0.0022674,0.0005586,0.0008275,0.0033305,0.0063337,0.0275109,0.0171469,0.0735163,0.007286,0.0762323,
36,0.0,0.0004153,0.0012574,0.0005954,0.0013122,0.0022595,0.0047918,0.003185,0.0084571,0.0263682,0.0180784,0.0429631,0.0249465,0.0642842,
37,0.0,0.0005997,0.0002431,0.0020802,0.0022854,0.0022592,0.0036897,0.0072437,0.0118478,0.0286848,0.0234291,0.0198765,0.0211521,0.0558389,
38,0.0,0.0017084,0.0022612,0.0018036,0.0051442,0.0057251,0.0044457,0.0147583,0.0138183,0.0192793,0.0066997,0.0246694,0.0248946,0.0323224,
39,0.0,0.0005979,0.0002437,0.0020333,0.0047086,0.0063197,0.0107511,0.0062305,0.0153311,0.0065742,0.0337463,0.0215938,0.0300219,0.0218109,
40,0.0,0.0010015,0.0024647,0.0030154,0.0041439,0.0033623,0.0044904,0.0077109,0.0110638,0.012378,0.0321986,0.0279226,0.0375416,0.0023005,
41,0.0,0.0019571,0.0023732,0.0036658,0.0043586,0.0048992,0.0051194,0.0152023,0.0199156,0.0312409,0.0202115,0.0279289,0.0317375,0.0319614,
42,0.0,0.0010902,0.0012697,0.0030178,0.0040732,0.0092344,0.0131475,0.0028427,0.0272208,0.0277043,0.0130628,0.0362777,0.0320495,0.0541253,
43,0.0,0.0015077,0.0024964,0.0018239,0.0053835,0.0063416,0.0095916,0.0122287,0.0211269,0.0127783,0.010637,0.0276459,0.0311298,0.0557111,
44,0.0,0.0020231,0.0002472,0.0019377,0.0009209,0.0050432,0.0075313,0.0305643,0.0276918,0.0179121,0.0223325,0.0356371,0.0335624,0.0545629,
45,0.0,0.001444,0.0038021,0.0051906,0.0052669,0.0079202,0.0167862,0.0529445,0.0366578,0.0083226,0.0312986,0.0220623,0.0135579,0.0434661,
46,0.0,0.0027098,0.0053729,0.0048234,0.0117638,0.0201544,0.0299031,0.0565846,0.061398,0.0190765,0.0673851,0.0323995,0.0233653,0.0428711,
47,0.0,0.0012407,0.0032767,0.0044419,0.0072694,0.0140715,0.0180082,0.0165922,0.0540712,0.0271406,0.061363,0.0278408,0.0209471,0.0177391,
48,0.0,0.0010495,0.0036541,0.0054065,0.0051631,0.0074657,0.0169788,0.0336996,0.0461874,0.0279378,0.0334285,0.039448,0.0194924,0.0127985,
49,0.0,0.0026516,0.0066933,0.0074942,0.0068492,0.0108705,0.0160188,0.0404788,0.0257061,0.0403381,0.0085611,0.0233134,0.0436803,0.0887194,
50,0.0,0.000424,0.000248,0.00317,0.0035575,0.0039355,0.0068745,0.0393934,0.0721128,0.0667234,0.076787,0.0395298,0.0432057,0.1084675,
51,0.0,0.0004271,0.0012696,0.0017427,0.0040431,0.0078686,0.0067989,0.0301842,0.0240308,0.0692761,0.0647853,0.0397107,0.034654,0.0725032,
52,0.0,0.0005926,0.0002506,0.0012127,0.0076466,0.0073839,0.0098553,0.0081013,0.0379059,0.0403665,0.0620582,0.0170849,0.0276192,0.0518441,
53,0.0,0.0004287,0.0019036,0.0046433,0.0079647,0.009057,0.0109918,0.0119375,0.0215485,0.0364893,0.0234007,0.0367076,0.0242284,0.0199541,
54,0.0,0.0005936,0.000839,0.002044,0.0072317,0.0043664,0.0049089,0.0108185,0.022624,0.0044017,0.0324153,0.0193723,0.0120181,0.0134706,
55,0.0,0.0020703,0.001094,0.0008064,0.0024509,0.0036506,0.0056938,0.0065842,0.0240192,0.0171868,0.0340566,0.0593872,0.0210301,0.0072466,
56,0.0,0.0004311,0.0011951,0.000623,0.0019666,0.0047264,0.0077518,0.0091755,0.0191023,0.0634791,0.092264,0.0616654,0.0814009,0.0261442,
57,0.0,0.000995,0.0002513,0.0012151,0.0022906,0.0014086,0.0015766,0.0124857,0.0143328,0.0474047,0.0558903,0.0510848,0.0318875,0.0407984,
58,0.0,0.0004276,0.0002511,0.0008123,0.000924,0.0016144,0.0036395,0.0068484,0.0185723,0.0432179,0.0510635,0.0530881,0.040448,0.0674724,
59,0.0,0.000594,0.0010936,0.0006219,0.0016619,0.0021136,0.0070529,0.0171932,0.0203514,0.0542608,0.0427159,0.029252,0.0607526,0.0499847,
60,0.0,0.0004294,0.0002528,0.0011401,0.0014927,0.0039348,0.0086352,0.0305848,0.0176073,0.0475138,0.0416041,0.0361975,0.0315022,0.072579,
61,0.0,0.0015907,0.0021837,0.002108,0.0037402,0.0071093,0.0046386,0.0080212,0.0341532,0.0672384,0.0416916,0.0357712,0.0419394,0.0901214,
62,0.0,0.0014392,0.0014474,0.0012427,0.0011722,0.0049006,0.0020686,0.011203,0.0452336,0.036746,0.0161362,0.0570604,0.0323606,0.0587672,
63,0.0,0.0005995,0.0011886,0.00124,0.0022493,0.0025934,0.0044381,0.0190546,0.0227406,0.0116711,0.0351381,0.0070172,0.037257,0.0554264,
64,0.0,0.0004217,0.0012682,0.0012417,0.0031572,0.0021489,0.0031071,0.0134048,0.0418512,0.055385,0.0544681,0.0777094,0.0384194,0.0160896,
65,0.0,0.0004211,0.0008585,0.0020153,0.0028296,0.0046137,0.0071199,0.0175466,0.0260476,0.0207563,0.0343094,0.0936548,0.0765207,0.0490899,
66,0.0,0.0017787,0.0008591,0.0006613,0.0035287,0.0061815,0.0090023,0.0084255,0.045184,0.037017,0.061184,0.0514552,0.0329945,0.0366688,
67,0.0,0.0012087,0.001848,0.0012417,0.0022358,0.0045457,0.0058421,0.0084345,0.0218617,0.0301346,0.0388453,0.0283116,0.0524964,0.0309493,
68,0.0,0.0006043,0.000964,0.0018442,0.0011507,0.0021624,0.0038472,0.0046692,0.0063197,0.0164613,0.0397619,0.0387866,0.026258,0.0412801,
69,0.0,0.0014931,0.0009643,0.0006858,0.000778,0.0017779,0.0032114,0.0110225,0.0115775,0.0179502,0.0457958,0.0333958,0.0504563,0.0693838,
70,0.0,0.0006076,0.0002379,0.0005704,0.0007764,0.0017762,0.0026305,0.0063859,0.030499,0.0368857,0.0386228,0.039136,0.0572848,0.0792971,
71,0.0,0.0012289,0.0012656,0.0013502,0.0029856,0.0010256,0.0016972,0.0144557,0.0388566,0.0233401,0.0815522,0.039257,0.0923822,0.1097185,
72,0.0,0.0006109,0.0002358,0.0008717,0.0012292,0.001521,0.0016606,0.0020741,0.0269817,0.0337389,0.029808,0.0473226,0.0745727,0.0865877,
73,0.0,0.0012111,0.0002378,0.0007058,0.0007867,0.0005448,0.0025123,0.0037885,0.0226329,0.0378516,0.0488387,0.0346839,0.0363707,0.0327818,
74,0.0,0.0006075,0.0009637,0.001444,0.0002754,0.0005418,0.0015426,0.0102469,0.018252,0.0302977,0.033833,0.0461634,0.0363326,0.0305193,
75,0.0,0.0004125,0.0009623,0.0008434,0.000785,0.000545,0.0007807,0.0093279,0.0109527,0.0331094,0.0612657,0.0360639,0.0456994,0.0443983,
76,0.0,0.0011262,0.0002435,0.0011398,0.0002685,0.0005435,0.0015223,0.0063402,0.0178056,0.0296491,0.0341349,0.0395428,0.0448513,0.0212926,
77,0.0,0.0006008,0.0002451,0.0011424,0.0030317,0.0012198,0.0008736,0.0062826,0.018943,0.0340476,0.0312572,0.0345576,0.0564029,0.031945,
78,0.0,0.0004204,0.0008604,0.0011911,0.0013174,0.0010696,0.0008824,0.0042676,0.0213942,0.0165553,0.0311448,0.0464478,0.0661029,0.0418387,
79,0.0,0.001241,0.0002479,0.0008108,0.0022768,0.001624,0.0025957,0.0057862,0.0228063,0.0131155,0.0202207,0.0564656,0.0332328,0.1021539,
80,0.0,0.0005975,0.0008601,0.0006665,0.0022997,0.0005513,0.0007417,0.0043339,0.0214546,0.0187221,0.0311116,0.102052,0.0443576,0.0361181,
81,0.0,0.000424,0.0002485,0.0018957,0.0002804,0.002124,0.0014842,0.0046469,0.0140436,0.0360175,0.0487051,0.0798097,0.0505825,0.0274429,
82,0.0,0.0014524,0.0009608,0.0006541,0.0015058,0.0012044,0.0028692,0.0088532,0.0124722,0.0373576,0.0169812,0.02252,0.0301148,0.0564667,
83,0.0,0.000424,0.0002479,0.0013121,0.0007471,0.0004669,0.0017347,0.0041106,0.014557,0.0240407,0.0418133,0.0099472,0.0229951,0.0172938,
84,0.0,0.0011837,0.0002479,0.0006487,0.0011399,0.0021644,0.0023889,0.0048207,0.0182783,0.0118541,0.0169636,0.0426186,0.0286318,0.0587768,
85,0.0,0.0005953,0.0002465,0.0006035,0.0009156,0.0018119,0.0031498,0.0074481,0.0172349,0.0177233,0.0191006,0.0260293,0.0367596,0.0275929,
86,0.0,0.0011379,0.0008593,0.0015815,0.0010158,0.0005564,0.0034417,0.0040527,0.0155779,0.0153302,0.0278775,0.0174873,0.0320442,0.0058513,
87,0.0,0.0010871,0.000246,0.0022638,0.0015104,0.0021483,0.0045124,0.0051719,0.0123129,0.0249614,0.0677068,0.0126986,0.04267,0.0113512,
88,0.0,0.0004198,0.0002457,0.0014929,0.0010078,0.0015101,0.0024602,0.0034699,0.009859,0.0368498,0.0470205,0.023534,0.0383441,0.0175915,
89,0.0,0.0012361,0.0002454,0.0008233,0.002813,0.0012101,0.0020748,0.0021849,0.0023698,0.0238221,0.0158613,0.0253509,0.0079066,0.0551354,
90,0.0,0.0004191,0.0002454,0.0008175,0.0010006,0.0011791,0.0026003,0.0017101,0.0039491,0.0209864,0.0281593,0.0264307,0.0299335,0.0523666,
91,0.0,0.0006006,0.0002439,0.0007486,0.0002776,0.0010651,0.0015093,0.0056861,0.0049802,0.0339178,0.0153707,0.0198467,0.0405306,0.0202627,
92,0.0,0.0010933,0.000244,0.0008232,0.000272,0.0018289,0.0008843,0.0045972,0.0095048,0.0209936,0.0558273,0.0664203,0.0219333,0.0609135,
93,0.0,0.0004136,0.0008606,0.0010826,0.0002778,0.0019654,0.0007871,0.0050346,0.0158141,0.0187269,0.0557196,0.0774345,0.0651287,0.0656997,
94,0.0,0.0006025,0.0018882,0.001633,0.0012294,0.001548,0.0028839,0.0037116,0.0097076,0.0151385,0.0629076,0.0379872,0.0432298,0.0482589,
95,0.0,0.0004097,0.0008609,0.000715,0.000993,0.0011937,0.0006958,0.0061804,0.0043125,0.0294713,0.0287716,0.0267042,0.0405869,0.0214529,
96,0.0,0.0006064,0.0008537,0.0005886,0.0015682,0.0010523,0.0006951,0.0069225,0.0112775,0.0222181,0.0618592,0.0367246,0.0227976,0.0221688,
97,0.0,0.0004062,0.0012608,0.0005837,0.0012853,0.0010612,0.0015251,0.0031285,0.014061,0.0207796,0.0237276,0.0409277,0.0208257,0.0274725,
98,0.0,0.0004084,0.0002381,0.0007312,0.0027497,0.0010573,0.0014727,0.0011507,0.0058849,0.0263781,0.0365016,0.0246308,0.0399982,0.0879165,
99,0.0,0.0004074,0.0015075,0.0011448,0.000312,0.0004696,0.0007654,0.0033396,0.0194814,0.0095937,0.0411995,0.0541983,0.0788817,0.0675802,
100,0.0,0.0004094,0.0002381,0.0010756,0.0003151,0.0013911,0.0010462,0.0030883,0.005289,0.012012,0.0453559,0.0133366,0.0427423,0.067998,
101,0.0,0.0004112,0.0002393,0.0016301,0.0012862,0.0005738,0.0008817,0.0022532,0.0014821,0.0565516,0.0766298,0.0306219,0.0317863,0.0722641,
102,0.0,0.0005978,0.0002408,0.001225,0.0003168,0.0012325,0.0008465,0.0032403,0.0203739,0.042318,0.0318463,0.0396779,0.0429494,0.0584212,
103,0.0,0.0010975,0.0012547,0.0012292,0.0010135,0.0010674,0.0008743,0.0038161,0.0168384,0.0106534,0.0262948,0.0588048,0.0398953,0.0631553,
104,0.0,0.0010978,0.0002414,0.0012319,0.0012921,0.0014841,0.0009237,0.0029654,0.0210959,0.0253266,0.0192955,0.0272583,0.0270565,0.0604501,
105,0.0,0.0005958,0.001098,0.0008225,0.0010226,0.000575,0.000702,0.0050836,0.0170303,0.019776,0.027691,0.0199468,0.026321,0.0247088,
106,0.0,0.001094,0.000955,0.0020915,0.0008983,0.0010116,0.0014559,0.0047671,0.0090393,0.0379546,0.0238361,0.031181,0.0381899,0.0612337,
107,0.0,0.0005953,0.0012643,0.0007772,0.0013456,0.0021653,0.0014882,0.00429,0.0180354,0.0491371,0.0273401,0.0406013,0.0393048,0.0460686,
108,0.0,0.0004145,0.000862,0.0013339,0.0015384,0.0011805,0.0006815,0.003872,0.0268916,0.0328741,0.0275643,0.0256566,0.064379,0.0331237,
109,0.0,0.0014851,0.0008618,0.0007843,0.0012022,0.0011849,0.0009303,0.0023338,0.0181638,0.0137922,0.030839,0.0179802,0.0321326,0.0298346,
110,0.0,0.0005988,0.0017105,0.0006778,0.0010261,0.0014896,0.0015694,0.0047187,0.0205883,0.0190118,0.041889,0.029428,0.026595,0.0204176,
111,0.0,0.000601,0.0002355,0.0020823,0.0015438,0.0015318,0.0018642,0.0059261,0.0043396,0.012663,0.0193147,0.0292976,0.0282648,0.0213639,
112,0.0,0.0004076,0.0002356,0.0014376,0.0008861,0.0004673,0.0015229,0.0024271,0.0057135,0.0095918,0.025304,0.0119799,0.0172814,0.0321218,
113,0.0,0.0004057,0.0002345,0.0011229,0.001302,0.0011973,0.0017607,0.0020438,0.01019,0.014934,0.0268702,0.0282605,0.0387962,0.0380156,
114,0.0,0.0004065,0.0008604,0.0006816,0.0013066,0.0015259,0.0009582,0.0024175,0.0081776,0.01325,0.0244261,0.0238918,0.0597266,0.0368237,
115,0.0,0.0011053,0.0002351,0.0005643,0.0019779,0.0016221,0.0015181,0.0093284,0.0129327,0.0252176,0.0088837,0.0243236,0.0501441,0.0536568,
116,0.0,0.0012258,0.0015007,0.0020062,0.0007459,0.0019806,0.0025007,0.0126478,0.0116532,0.0393227,0.0279298,0.0242115,0.0202961,0.0756772,
117,0.0,0.0006065,0.0011708,0.0016135,0.0010069,0.0023476,0.0021136,0.0221956,0.0172543,0.0330455,0.0330139,0.0431742,0.0217255,0.0164359,
118,0.0,0.0004066,0.001271,0.0011103,0.00148,0.0015329,0.0026523,0.0255606,0.0200564,0.0390683,0.0304172,0.046175,0.019253,0.0227415,
119,0.0,0.0004072,0.0029489,0.0056939,0.0050971,0.0042439,0.0058998,0.0186238,0.0231162,0.0497545,0.0330255,0.0506347,0.0157915,0.0130516,
120,0.0,0.00168,0.0011871,0.0017198,0.0027214,0.0025952,0.009063,0.0103033,0.027501,0.024064,0.0336947,0.0497275,0.0295924,0.0441472,
121,0.0,0.0010138,0.0002357,0.0006881,0.0003014,0.0005472,0.0026215,0.001383,0.0166118,0.0279583,0.0123075,0.064755,0.0234937,0.0475081,
122,0.0,0.0013991,0.0002344,0.0007791,0.0010025,0.0010535,0.000716,0.0110362,0.0114884,0.0238771,0.0160167,0.0292677,0.0322723,0.0525133,
123,0.0,0.0006088,0.0002329,0.0005502,0.0010039,0.0012323,0.0020912,0.0152428,0.011225,0.0309273,0.0316269,0.0549869,0.0926335,0.0539554,
124,0.0,0.0004017,0.0002326,0.0008898,0.0007482,0.0017837,0.0015038,0.0037796,0.0309196,0.014453,0.0406964,0.0261799,0.0363749,0.0388933,
125,0.0,0.0004021,0.0002325,0.000555,0.0003267,0.001238,0.0008217,0.004576,0.0071307,0.0079113,0.037393,0.0327676,0.0331824,0.0374535,
126,0.0,0.0004026,0.0002325,0.0005554,0.0007359,0.0010466,0.0014539,0.0034272,0.0099439,0.0106765,0.0188967,0.0214675,0.0358567,0.0485569,
127,0.0,0.0004037,0.0002329,0.0014211,0.0010166,0.0019062,0.000824,0.0027769,0.003366,0.0150445,0.0126755,0.0187085,0.0335516,0.0386099,
128,0.0,0.0006028,0.0002345,0.0007862,0.0007249,0.0016488,0.0020221,0.0029228,0.0122191,0.0166039,0.037656,0.0190073,0.0618287,0.0307527,
129,0.0,0.001154,0.0008547,0.0012828,0.0008925,0.000467,0.0008278,0.0010482,0.0013957,0.0119794,0.0193946,0.0209319,0.1123019,0.0737273,
130,0.0,0.000412,0.0012667,0.0011231,0.0003377,0.0010139,0.000831,0.0020055,0.0107236,0.0222278,0.0080656,0.0156283,0.0601337,0.0312845,
131,0.0,0.0004127,0.0002384,0.0011196,0.001837,0.0010672,0.0008228,0.0041493,0.0171746,0.0203537,0.0193544,0.0256938,0.0285558,0.0219785,
132,0.0,0.0005958,0.0002397,0.0008481,0.0016572,0.0004611,0.0015423,0.0043564,0.0174125,0.013954,0.0315798,0.0316011,0.0338361,0.0263306,
133,0.0,0.0010108,0.0002409,0.0024003,0.0007067,0.001177,0.0028169,0.0053569,0.0191935,0.0310556,0.0477145,0.0439091,0.0321995,0.0421513,
134,0.0,0.0004162,0.0011807,0.0017875,0.0007142,0.0015288,0.0021791,0.0027024,0.0175493,0.01843,0.0297686,0.0304757,0.0391762,0.0538792,
135,0.0,0.000414,0.0002397,0.0006438,0.0010765,0.0021857,0.0031633,0.006806,0.0078276,0.0187286,0.0231991,0.0402947,0.0564552,0.0244629,
136,0.0,0.0004112,0.0012635,0.0005713,0.0021529,0.003093,0.0037165,0.0049594,0.0117908,0.0199614,0.0226503,0.0091734,0.0615249,0.0304623,
137,0.0,0.0006016,0.0002362,0.001361,0.0020567,0.0034099,0.0036671,0.0116395,0.0262917,0.0111869,0.0161503,0.0326904,0.0482159,0.0393358,
138,0.0,0.0010572,0.0014304,0.0041922,0.004748,0.0063383,0.0065404,0.0154084,0.036234,0.0111391,0.0325741,0.0606698,0.0211272,0.064015,
139,0.0,0.000605,0.0037413,0.0056208,0.0087066,0.0059196,0.0029553,0.0218952,0.0260898,0.0142582,0.0294611,0.0480021,0.0384732,0.0466144,
140,0.0,0.0011418,0.0041142,0.0056553,0.0077729,0.0113281,0.0090834,0.0338653,0.0322231,0.0351571,0.0126758,0.0373939,0.0467262,0.0276124,
141,0.0,0.0015604,0.0021665,0.007383,0.0089987,0.0110699,0.0147192,0.0295387,0.0240686,0.0372041,0.027687,0.0422701,0.0120265,0.0234085,
142,0.0,0.0020484,0.0071083,0.0150497,0.0183536,0.0222429,0.0317027,0.0384335,0.0447876,0.0413763,0.0233964,0.0312184,0.0341914,0.0439308,
143,0.0,0.0017,0.0054146,0.0069807,0.0219589,0.0377817,0.0424807,0.0459792,0.0480411,0.0595309,0.0462554,0.0340912,0.0362205,0.0774494,
144,0.0,0.0026404,0.0064589,0.0120022,0.0137166,0.0166936,0.0195806,0.0452775,0.0197481,0.0245525,0.0406616,0.0366295,0.0348161,0.0392544,
145,0.0,0.0027047,0.0091337,0.0131837,0.0187807,0.0164968,0.0138617,0.0187268,0.0156086,0.0162471,0.0340156,0.0235254,0.0305597,0.0344267,
146,0.0,0.0016817,0.0049277,0.0119649,0.0111011,0.0128476,0.0152122,0.0180034,0.0130093,0.0434729,0.0408334,0.0235433,0.0418811,0.042708,
147,0.0,0.0016025,0.0011725,0.0028299,0.0048911,0.0032538,0.0090036,0.0137583,0.0020363,0.0363138,0.0486943,0.0419936,0.0327248,0.0193457,
148,0.0,0.00041,0.0002382,0.0018431,0.0018678,0.0018254,0.0044432,0.014927,0.0094426,0.0222362,0.0370301,0.0292478,0.0167005,0.013502,
149,0.0,0.0011866,0.0008533,0.0008551,0.001469,0.0016448,0.0037695,0.0045846,0.0070379,0.0310672,0.0245572,0.0270782,0.0150671,0.0369649,
150,0.0,0.0006024,0.0008623,0.000692,0.0003255,0.001494,0.0008502,0.0013047,0.0099931,0.0075595,0.0264198,0.031618,0.0144535,0.0399514,
151,0.0,0.0004077,0.000236,0.0005821,0.0003311,0.0012396,0.0008567,0.001627,0.0060464,0.0045198,0.0215227,0.0169761,0.0198507,0.0194281,
152,0.0,0.0011828,0.0008568,0.00146,0.0012081,0.0018059,0.0015137,0.0028328,0.0090576,0.0242647,0.0350521,0.0574686,0.0212127,0.0416563,
153,0.0,0.0004067,0.0002354,0.0011439,0.0020882,0.0004592,0.0022195,0.0030274,0.0107699,0.0586162,0.0715454,0.0518701,0.044647,0.0448667,
154,0.0,0.0006033,0.0002341,0.0007343,0.0007462,0.0027091,0.0010454,0.0033423,0.0094761,0.0430335,0.0495187,0.0313072,0.0512094,0.0519056,
155,0.0,0.0004054,0.000235,0.0014769,0.0012829,0.0012482,0.0008915,0.0031939,0.0123029,0.0203864,0.0596682,0.0435553,0.0449442,0.0742013,
156,0.0,0.0004081,0.0008631,0.0010709,0.0027725,0.0010699,0.002322,0.0028335,0.0089973,0.0194993,0.0646825,0.047538,0.0411438,0.0604481,
157,0.0,0.0004086,0.0014945,0.00084,0.0010068,0.000465,0.000744,0.0009238,0.015471,0.011946,0.0103821,0.0464091,0.039148,0.0288919,
158,0.0,0.0004108,0.001375,0.0005923,0.001212,0.0010648,0.000868,0.0025046,0.0219833,0.0175357,0.0440338,0.0406352,0.0567593,0.0570388,
159,0.0,0.000412,0.0002393,0.0008378,0.0008891,0.0010649,0.0008387,0.0018425,0.0147897,0.020896,0.0274801,0.0333111,0.0465678,0.0505693,
160,0.0,0.0005982,0.0002398,0.0014527,0.0008933,0.0031263,0.0069115,0.0030597,0.0101372,0.0244508,0.0303317,0.0384189,0.0355414,0.0485434,
161,0.0,0.0004131,0.0012597,0.001196,0.0018168,0.0043421,0.0050778,0.004565,0.0114233,0.0160697,0.0385193,0.0183528,0.0434846,0.0567383,
162,0.0,0.0005992,0.001185,0.0013368,0.0096816,0.0178656,0.0171852,0.0054522,0.0235237,0.0169003,0.0253223,0.0375962,0.038254,0.0356765,
163,0.0,0.0011501,0.0049671,0.0088737,0.01519,0.0171625,0.0201878,0.0085495,0.0275894,0.0362229,0.0419561,0.0530114,0.0149855,0.0069143,
164,0.0,0.0023554,0.0071642,0.0110294,0.0087018,0.0098797,0.0151931,0.0166677,0.0199153,0.0232062,0.0341412,0.0847907,0.0444821,0.0330137,
165,0.0,0.0040755,0.0091022,0.0070466,0.0127957,0.0155796,0.0266689,0.0275017,0.0149216,0.0342698,0.0431895,0.0391375,0.0604203,0.0471843,
166,0.0,0.0017107,0.0039789,0.006587,0.0124352,0.0142845,0.0153315,0.0313253,0.0151559,0.0058012,0.0405272,0.0365326,0.0535663,0.0582322,
167,0.0,0.002753,0.0048598,0.0107762,0.0187828,0.0258274,0.0285136,0.0282472,0.018553,0.0706486,0.0873252,0.0835395,0.1125662,0.092699,
168,0.0,0.0015962,0.0064564,0.0082313,0.0125975,0.0138202,0.0175657,0.0230578,0.0812133,0.0781392,0.1148338,0.1286804,0.1058464,0.1173635,
169,0.0,0.0015974,0.003248,0.00546,0.0071764,0.0039513,0.0016583,0.0203274,0.0684197,0.0412082,0.0989655,0.1319736,0.0778505,0.0747683,
170,0.0,0.0014727,0.0013622,0.0038292,0.0058648,0.0069257,0.009649,0.0224905,0.0495626,0.0365833,0.1097916,0.1196199,0.0639916,0.0697424,
171,0.0,0.000411,0.001511,0.0017471,0.0045449,0.0105319,0.0144411,0.015552,0.0348562,0.0351665,0.0555893,0.0654352,0.0652155,0.0658291,
172,0.0,0.0011483,0.0009649,0.0047404,0.0093099,0.0080458,0.0129398,0.0140799,0.0224548,0.0274902,0.0338174,0.0258707,0.0326505,0.0631789,
173,0.0,0.000415,0.000241,0.0017454,0.0053573,0.0061882,0.0112998,0.007483,0.0153139,0.0169327,0.0479011,0.0251058,0.0591964,0.0292642,
174,0.0,0.0004163,0.000242,0.0018493,0.0016483,0.0026227,0.0039186,0.0098229,0.0046843,0.0169169,0.0277961,0.0289357,0.0472581,0.0462576,
175,0.0,0.0004176,0.0013694,0.0007874,0.0021562,0.0021665,0.0032857,0.0078872,0.0157991,0.0214465,0.0289788,0.0298069,0.0248772,0.0326714,
176,0.0,0.0010079,0.0012566,0.0011367,0.0011765,0.0010727,0.0016492,0.0042377,0.0070922,0.027743,0.0299065,0.0270241,0.0494941,0.0587803,
177,0.0,0.0005966,0.0012561,0.0005992,0.0012714,0.0010716,0.0015151,0.004613,0.0101441,0.0276346,0.0197546,0.0451299,0.1060935,0.0585014,
178,0.0,0.0005945,0.0002449,0.0008154,0.0010168,0.001065,0.0020703,0.0025761,0.0123222,0.0242125,0.0137985,0.0297479,0.0570711,0.0838722,
179,0.0,0.0005956,0.0016507,0.0007779,0.0010189,0.0012139,0.0015057,0.0023384,0.0074639,0.0245196,0.0352722,0.051775,0.0574948,0.0852394,
180,0.0,0.0004215,0.0002455,0.0006059,0.0003108,0.0015123,0.0014947,0.0046727,0.0159414,0.0149058,0.0318208,0.0419711,0.0550663,0.0612194,
181,0.0,0.0010898,0.0012568,0.001222,0.0014899,0.0018898,0.0016394,0.0035288,0.0258863,0.0109287,0.0236325,0.0242223,0.0455285,0.0480945,
182,0.0,0.0004187,0.0002431,0.0021679,0.0010283,0.0021553,0.0007119,0.0073461,0.0324229,0.0125249,0.058538,0.0584189,0.0696559,0.0615312,
183,0.0,0.0014141,0.0009609,0.0008357,0.0016312,0.0010648,0.0015358,0.0080867,0.0277586,0.040887,0.0478924,0.0816199,0.0884338,0.0538287,
184,0.0,0.0004224,0.0008595,0.0011276,0.0010355,0.0021791,0.0044246,0.0154878,0.026906,0.0180783,0.0517524,0.0565525,0.0599541,0.0750408,
185,0.0,0.0004213,0.0002451,0.0006258,0.0020043,0.0040275,0.0043075,0.0090889,0.0347025,0.0501872,0.0265804,0.0632226,0.0863186,0.0432288,
186,0.0,0.0004222,0.0002461,0.0011102,0.0018388,0.0055707,0.0066367,0.0151234,0.0407818,0.0496746,0.0158623,0.07187,0.0490215,0.054783,
187,0.0,0.0010877,0.002426,0.0019698,0.0013435,0.0039126,0.0101299,0.0091523,0.0239818,0.0131507,0.0060898,0.0487118,0.0627623,0.0630746,
188,0.0,0.0010015,0.0014266,0.0029108,0.0057966,0.0100063,0.0090111,0.0283931,0.0354997,0.0482931,0.0211951,0.0369776,0.0746637,0.0786954,
189,0.0,0.0010023,0.0025047,0.0060203,0.0088877,0.0125179,0.0056082,0.0244711,0.0384603,0.0147011,0.052347,0.0511105,0.0919163,0.0812764,
190,0.0,0.0011881,0.0025464,0.0065081,0.0072828,0.0046306,0.0098219,0.0509922,0.0194353,0.1014048,0.1484679,0.0888579,0.1028343,0.0759479,
191,0.0,0.0004209,0.0050806,0.021053,0.035525,0.0469255,0.0547372,0.1238982,0.0355989,0.1332733,0.2031078,0.1682122,0.1485542,0.1059827,
192,0.0,0.0004206,0.0042511,0.0065615,0.0153379,0.0111871,0.0120714,0.0541209,0.0434053,0.0498542,0.1135121,0.0675932,0.0387587,0.0205797,
193,0.0,0.0014932,0.0015893,0.003799,0.0099786,0.0194293,0.0261371,0.0230293,0.0991372,0.0738276,0.0585659,0.0546223,0.1088092,0.1024856,
194,0.0,0.0004181,0.001895,0.0025431,0.000707,0.0031821,0.0047485,0.0299246,0.0120759,0.0259339,0.0440635,0.0440812,0.0864503,0.0973529,
195,0.0,0.0005941,0.0002419,0.0016642,0.0023068,0.0031935,0.0036806,0.0138178,0.0451403,0.0230989,0.0282478,0.0196302,0.0353778,0.0579149,
196,0.0,0.0014914,0.00024,0.0013753,0.0013271,0.0024588,0.0028641,0.0119805,0.0416167,0.0273689,0.0143444,0.0452367,0.0274123,0.0147783,
197,0.0,0.001102,0.0008601,0.0013559,0.001368,0.001608,0.0026274,0.007586,0.0248667,0.0159785,0.0196234,0.043408,0.0517873,0.0207769,
198,0.0,0.0015156,0.0016432,0.0008138,0.0003554,0.0017071,0.0022837,0.0019898,0.0112522,0.0154111,0.0160197,0.0430354,0.0211163,0.0039933,
199,0.0,0.0004102,0.0002356,0.001228,0.0003593,0.0011841,0.0022868,0.0023118,0.0073309,0.0155422,0.0279033,0.0353314,0.0168003,0.0147129,
200,0.0,0.0010188,0.0012617,0.0007938,0.001036,0.001071,0.0021176,0.0028805,0.008184,0.0044781,0.0265825,0.0272512,0.0255401,0.0252023,
201,0.0,0.0011653,0.0009559,0.0007898,0.0020055,0.0011813,0.0010474,0.0016679,0.0043931,0.0058387,0.0161366,0.0266932,0.0299815,0.0258136,
202,0.0,0.0004091,0.0002346,0.0007769,0.0003648,0.0004535,0.0009273,0.0012766,0.0066293,0.0099812,0.0247411,0.021575,0.0231663,0.0236456,
203,0.0,0.0004071,0.0012622,0.0006802,0.0007051,0.0004588,0.0008545,0.0014228,0.0055289,0.0057128,0.0183319,0.021926,0.0213035,0.0364662,
204,0.0,0.0011689,0.0002321,0.0014752,0.0013342,0.0013437,0.0014499,0.0010323,0.0034744,0.0081276,0.0096559,0.0135012,0.0448688,0.0267134,
205,0.0,0.0006011,0.0011961,0.0006851,0.0013094,0.0014383,0.001071,0.0010415,0.0022345,0.0054393,0.0095089,0.0228455,0.035143,0.0111797,
206,0.0,0.0011685,0.001169,0.0005678,0.0008808,0.000586,0.0015652,0.0014209,0.0011549,0.0095226,0.0170566,0.0276656,0.0272442,0.0063153,
207,0.0,0.0004021,0.0008631,0.0007765,0.0011016,0.0005822,0.0007199,0.0010574,0.0023774,0.0085283,0.0078895,0.0217971,0.0049242,0.0234219,
208,0.0,0.0004014,0.000229,0.0011698,0.0003767,0.0016994,0.0009441,0.0015105,0.0054438,0.0016185,0.0045977,0.0326229,0.0174546,0.02972,
209,0.0,0.0006047,0.0002288,0.0013503,0.0016708,0.0004566,0.000941,0.0012654,0.0034593,0.0182938,0.0064466,0.0287847,0.0235152,0.0300489,
210,0.0,0.000606,0.0008636,0.0018641,0.0011077,0.0004617,0.0009499,0.0014113,0.0020147,0.016412,0.0137908,0.0184357,0.0236861,0.0491886,
211,0.0,0.0006075,0.0002266,0.0011587,0.0012587,0.0004633,0.0008141,0.0005611,0.0072112,0.0183177,0.0409207,0.0035179,0.0343124,0.0265752,
212,0.0,0.0006069,0.0008642,0.0007666,0.0010478,0.0004591,0.0009637,0.0012972,0.007059,0.0086469,0.0502464,0.0165683,0.0381907,0.0342272,
213,0.0,0.0003966,0.0002257,0.0007575,0.0010502,0.0004603,0.0016431,0.0009051,0.0092069,0.0076637,0.0273771,0.0408325,0.0363545,0.0409722,
214,0.0,0.001436,0.0008646,0.000899,0.0011147,0.0010402,0.0008211,0.0014477,0.0079183,0.0220616,0.0470714,0.0473821,0.0379465,0.0568942,
215,0.0,0.000394,0.0002236,0.001006,0.0010438,0.0004641,0.0009594,0.0026108,0.0091575,0.0201002,0.0492973,0.0680557,0.0434837,0.0444507,
216,0.0,0.0006089,0.0010901,0.0011555,0.0020853,0.0004658,0.0007272,0.0006594,0.0033454,0.0116131,0.0474781,0.0347669,0.0492789,0.0581842,
217,0.0,0.0003965,0.0002248,0.0007778,0.0006959,0.0004608,0.0008078,0.0014493,0.0095974,0.0108321,0.0456574,0.0483629,0.0097733,0.0401605,
218,0.0,0.0006079,0.0002243,0.000789,0.0003953,0.0014425,0.000797,0.0019453,0.0112107,0.0139575,0.0451547,0.0597933,0.0592987,0.0292596,
219,0.0,0.000399,0.0002262,0.0007928,0.0011081,0.0010099,0.0016001,0.0008738,0.007308,0.0206793,0.0330798,0.0413463,0.0470443,0.031985,
220,0.0,0.0006046,0.000864,0.0007833,0.0012421,0.0010077,0.0015242,0.0025725,0.0049925,0.0174042,0.0458749,0.0357681,0.0416912,0.0440059,
221,0.0,0.0013999,0.0002275,0.0007863,0.0004014,0.00045,0.0007283,0.0025187,0.0039556,0.0118183,0.071304,0.0490674,0.0291632,0.035153,
222,0.0,0.0004027,0.0002274,0.0007787,0.0010314,0.0014261,0.0008167,0.0028853,0.0108259,0.0115018,0.0447555,0.0438738,0.053927,0.0576065,
223,0.0,0.0004058,0.0002295,0.0013507,0.0006697,0.0014241,0.0009792,0.0022539,0.0062544,0.0160262,0.0120317,0.040214,0.0654444,0.0536393,
224,0.0,0.0015115,0.0012632,0.0013924,0.0008902,0.0004402,0.0010525,0.0027394,0.01028,0.036419,0.0219146,0.0150449,0.0442077,0.0279752,
225,0.0,0.000411,0.0008641,0.0013405,0.0006717,0.0011853,0.0018337,0.0021942,0.0134851,0.0209293,0.0295391,0.0394224,0.0292293,0.0758979,
226,0.0,0.0005945,0.0002356,0.00137,0.0003905,0.0004369,0.0010569,0.0017902,0.0094467,0.0301646,0.03356,0.0259668,0.0415851,0.0731185,
227,0.0,0.0011409,0.0013779,0.0016938,0.00156,0.0014838,0.000642,0.0034102,0.0178726,0.0427917,0.0313932,0.0199421,0.0404936,0.0632058,
228,0.0,0.0004172,0.0008543,0.0013578,0.0003838,0.0014809,0.0009006,0.0025313,0.0175136,0.031746,0.0527342,0.0275264,0.0068361,0.0281608,
229,0.0,0.000594,0.0002362,0.0008459,0.0003893,0.0005968,0.0009065,0.0049509,0.0181375,0.0422684,0.0167567,0.0189916,0.0571726,0.0484308,
230,0.0,0.0010712,0.0008628,0.0007953,0.0016716,0.0004447,0.0010536,0.0024388,0.0091922,0.0122352,0.0259651,0.0209943,0.0389249,0.0507705,
231,0.0,0.0010736,0.0002377,0.0016012,0.0016709,0.0016915,0.0010547,0.0024919,0.0099681,0.0170321,0.0467989,0.0243443,0.0199732,0.0415002,
232,0.0,0.0004162,0.001374,0.0015098,0.001056,0.0014306,0.0014981,0.0032027,0.0168562,0.0348808,0.0290736,0.0603231,0.0420778,0.0412162,
233,0.0,0.0010201,0.0011906,0.0008593,0.0010539,0.0004492,0.0015881,0.0019127,0.0055498,0.0203971,0.0161622,0.0226782,0.0434658,0.0387474,
234,0.0,0.0004132,0.0002363,0.0013489,0.001193,0.0011808,0.0010512,0.0058172,0.0059187,0.0123312,0.0220337,0.0084359,0.0370639,0.064503,
235,0.0,0.0004155,0.0002381,0.001256,0.0016668,0.0018041,0.0018138,0.0065159,0.0110441,0.0079346,0.019383,0.0172503,0.0523693,0.0791736,
236,0.0,0.0004148,0.0002373,0.0012196,0.0013508,0.0005789,0.0014434,0.0085097,0.015409,0.01691,0.0131871,0.0273661,0.0355186,0.0599674,
237,0.0,0.000597,0.0014376,0.0008709,0.0016665,0.0018108,0.0014776,0.0054811,0.0091825,0.0211602,0.014312,0.0156132,0.0221239,0.0222352,
238,0.0,0.0005965,0.0008607,0.0015006,0.000686,0.0010693,0.0011034,0.0048728,0.0175173,0.0314819,0.0226766,0.0290588,0.022111,0.0747688,
239,0.0,0.0011646,0.0008615,0.0005737,0.0010853,0.0015688,0.0021894,0.0057666,0.0091795,0.0177457,0.0224216,0.027792,0.0116557,0.0708656,
240,0.0,0.0004138,0.0002376,0.0012488,0.0010425,0.0005813,0.0008257,0.0039304,0.0054836,0.0180974,0.0316265,0.0313973,0.03748,0.0235033,
241,0.0,0.0004151,0.0002379,0.0022236,0.0010454,0.0010765,0.0006494,0.0018898,0.0094509,0.0208778,0.0098026,0.0616066,0.04126,0.0552023,
242,0.0,0.0004143,0.0010987,0.0007806,0.0010441,0.0013486,0.0010535,0.0016983,0.0066495,0.0374158,0.0102195,0.0161137,0.0072328,0.0382931,
243,0.0,0.0004162,0.0002387,0.0005985,0.0016593,0.0016024,0.0008542,0.0033286,0.0057143,0.0346101,0.0244398,0.0371634,0.0578726,0.0391245,
244,0.0,0.0004155,0.000238,0.000759,0.0003731,0.0020076,0.000863,0.0043164,0.0100075,0.0458234,0.0184522,0.081425,0.0733996,0.0552637,
245,0.0,0.0005943,0.0002384,0.0008234,0.0003663,0.0004392,0.0023164,0.0024763,0.0140057,0.0216008,0.0254198,0.0698134,0.0902881,0.0573786,
246,0.0,0.0005956,0.0008637,0.0008352,0.0013189,0.0010054,0.0006718,0.0033301,0.0122546,0.03892,0.0514607,0.0723822,0.0643565,0.0535453,
247,0.0,0.0004112,0.0002353,0.0006883,0.0013528,0.0014268,0.0009114,0.0016438,0.0123833,0.0256258,0.0436624,0.074828,0.0584491,0.0590474,
248,0.0,0.0004112,0.0002357,0.0007481,0.0013618,0.0011749,0.0009081,0.0059334,0.0151614,0.0186432,0.0570024,0.0564676,0.0174717,0.0264171,
249,0.0,0.0011107,0.0009484,0.0012293,0.0003657,0.0011879,0.0010511,0.0018663,0.0103448,0.0296263,0.0274609,0.0436561,0.0544488,0.0405838,
250,0.0,0.0005996,0.0008643,0.0017169,0.0016677,0.00143,0.0006893,0.0020671,0.0036473,0.0185346,0.0439233,0.0549776,0.0366043,0.0398458,
251,0.0,0.0010255,0.0002331,0.0013858,0.0011898,0.0010039,0.0010506,0.0032216,0.015177,0.0282298,0.0529844,0.0610526,0.0104122,0.0217782,
252,0.0,0.0004051,0.0002319,0.0008496,0.0008709,0.0021126,0.0015,0.0025221,0.008187,0.0354183,0.0464766,0.0429133,0.0683619,0.0405529,
253,0.0,0.0010752,0.0002305,0.0007154,0.0016721,0.0004502,0.0009303,0.0025467,0.0053499,0.0093945,0.0291297,0.0316164,0.0167207,0.0501138,
254,0.0,0.0004038,0.0008652,0.0011525,0.0011084,0.00106,0.0009254,0.0025406,0.0093982,0.0092457,0.0488425,0.0330237,0.0386771,0.0355599,
255,0.0,0.0006028,0.0013804,0.0008558,0.0003824,0.0010833,0.0017933,0.0066429,0.0184941,0.0121701,0.0808953,0.0700585,0.0587581,0.0461793,
256,0.0,0.0006048,0.0010989,0.0007377,0.0007094,0.0016728,0.0018005,0.0060233,0.0109825,0.0233026,0.0447255,0.0466027,0.0342021,0.0426872,
257,0.0,0.0011279,0.0002272,0.0013442,0.0013771,0.0014305,0.0007008,0.0049111,0.0135407,0.0311344,0.0322614,0.0473099,0.0513794,0.0239753,
258,0.0,0.0006043,0.0008659,0.0016665,0.0003925,0.0004452,0.0010474,0.0110528,0.0186874,0.0291713,0.0436763,0.0275483,0.0657765,0.0310498,
259,0.0,0.0006028,0.0002286,0.0007543,0.0011115,0.0004463,0.0010685,0.0021055,0.0096007,0.0193917,0.027985,0.0309323,0.0455487,0.0181957,
260,0.0,0.0010672,0.0002305,0.0013359,0.0011083,0.0014236,0.000946,0.0010425,0.0047838,0.0301273,0.0264373,0.0254813,0.0462401,0.0327459,
261,0.0,0.0004074,0.0002323,0.0013351,0.0003845,0.0004434,0.0017455,0.0012907,0.0107378,0.0275066,0.01082,0.0277861,0.0393863,0.0442351,
262,0.0,0.0004088,0.0016358,0.001337,0.0003893,0.0004418,0.0021187,0.0006307,0.0134243,0.0238714,0.0058695,0.0145841,0.026484,0.0403344,
263,0.0,0.0010288,0.0002305,0.0007692,0.0006819,0.0014261,0.0015361,0.0014394,0.0032119,0.0245559,0.0234195,0.0212931,0.0286156,0.0295412,
264,0.0,0.0004049,0.0010965,0.0007728,0.0008831,0.0012424,0.0007196,0.0008619,0.0011398,0.0180495,0.0237471,0.0266068,0.0256856,0.027333,
265,0.0,0.0004075,0.0002321,0.0007801,0.0010427,0.0004481,0.0009674,0.0008684,0.0065561,0.0183798,0.02823,0.0223611,0.0241089,0.0319519,
266,0.0,0.0011558,0.0009519,0.0020617,0.0006777,0.001494,0.0006524,0.0006305,0.0095852,0.0166326,0.0151735,0.0239926,0.0271906,0.0094694,
267,0.0,0.0006017,0.0017888,0.0020736,0.0006819,0.0004518,0.0016266,0.0010217,0.0039302,0.0218778,0.0183197,0.0164181,0.0168905,0.0190803,
268,0.0,0.0004056,0.0002307,0.0005607,0.0003852,0.0010084,0.0010892,0.0008593,0.0039942,0.018782,0.0080615,0.0185916,0.0245585,0.0093479,
269,0.0,0.0004075,0.0014354,0.0006623,0.0010968,0.0004516,0.0011005,0.001025,0.0048605,0.0142179,0.0144118,0.0372817,0.0439016,0.0184355,
270,0.0,0.0006014,0.0002299,0.0017279,0.0014677,0.0004534,0.0009347,0.0023316,0.0065994,0.0214297,0.0199921,0.0281419,0.0413278,0.0200015,
271,0.0,0.0006022,0.0012669,0.0005514,0.0010448,0.0004589,0.0010444,0.0018199,0.0153998,0.0157231,0.0435251,0.0355743,0.0275575,0.0406359,
272,0.0,0.0004062,0.0008593,0.0008148,0.0010951,0.000459,0.0011007,0.0023912,0.0167165,0.0155754,0.0583499,0.0589669,0.0564494,0.0688372,
273,0.0,0.0006001,0.0002309,0.0008221,0.0003905,0.0011937,0.0014672,0.0033916,0.0142747,0.0300082,0.0366896,0.0447114,0.066943,0.084752,
274,0.0,0.0004033,0.0008618,0.0008984,0.0013616,0.0004611,0.0009475,0.0047628,0.01849,0.0297577,0.0271155,0.02953,0.0544801,0.0969198,
275,0.0,0.0006041,0.0002287,0.0016017,0.0016608,0.0015392,0.0007411,0.0018498,0.0155019,0.0411239,0.0455644,0.0214214,0.100329,0.1153989,
276,0.0,0.0003996,0.0008617,0.0013822,0.0013502,0.0004681,0.0010102,0.0018751,0.0135963,0.0288249,0.0130963,0.0278802,0.100655,0.1378337,
277,0.0,0.0006067,0.0002259,0.0025265,0.001313,0.0018188,0.0010225,0.003414,0.0172035,0.0526463,0.0388357,0.0575236,0.0995586,0.0751983,
278,0.0,0.0003956,0.0008651,0.001368,0.0008823,0.0024583,0.0019856,0.0041182,0.043454,0.0530876,0.0458201,0.0512573,0.0979716,0.115321,
279,0.0,0.0003953,0.00137,0.0005294,0.0011853,0.0010674,0.0010754,0.0019436,0.0193545,0.0289669,0.0396837,0.0597363,0.0351832,0.0578792,
280,0.0,0.0003957,0.0010861,0.0005323,0.0015624,0.0010667,0.0021645,0.0025131,0.0025231,0.0165161,0.0116529,0.0311136,0.025629,0.0134586,
281,0.0,0.0011745,0.0002261,0.0007957,0.0007029,0.0004705,0.0007959,0.0025656,0.0079376,0.0131468,0.032557,0.0371246,0.0203506,0.0383736,
282,0.0,0.0006087,0.0011652,0.0007895,0.0026545,0.0004727,0.0007078,0.0015999,0.0100773,0.0090515,0.017919,0.0514794,0.0417018,0.0220236,
283,0.0,0.0006102,0.0002257,0.0013822,0.0013283,0.0019957,0.0015717,0.0046114,0.0212736,0.0272748,0.0647436,0.0942054,0.0567149,0.0661575,
284,0.0,0.000608,0.0002272,0.0012428,0.0003681,0.0010643,0.001061,0.0053229,0.0176302,0.015387,0.0212401,0.0265306,0.0599031,0.0301205,
285,0.0,0.0003979,0.001367,0.0014431,0.0015578,0.0010434,0.0014632,0.0030413,0.0088844,0.0199759,0.0304832,0.0588515,0.0887721,0.0848164,
286,0.0,0.0004011,0.0013676,0.0011958,0.0010673,0.0017995,0.0023705,0.0028611,0.0148505,0.0186274,0.0226604,0.0757321,0.1129221,0.0937485,
287,0.0,0.0010249,0.0013693,0.0008896,0.0008886,0.0004676,0.0016767,0.0029776,0.0100081,0.0160515,0.0300494,0.0448129,0.0518823,0.0561498,
288,0.0,0.0004033,0.0002312,0.0011088,0.0010739,0.0012328,0.0023154,0.0034413,0.0083611,0.0144972,0.0234452,0.0279997,0.042251,0.016914,
289,0.0,0.0011344,0.0011934,0.000794,0.0010308,0.0019475,0.0015262,0.0017984,0.0062433,0.0167187,0.0179856,0.0212592,0.0143043,0.0149825,
290,0.0,0.001505,0.0002332,0.0012938,0.0007145,0.0014971,0.0007196,0.0031775,0.0071948,0.0163821,0.0252304,0.0141397,0.0155641,0.0327799,
291,0.0,0.0004045,0.0002323,0.0005656,0.0003554,0.0004644,0.000716,0.0013692,0.0104415,0.0123381,0.0275747,0.0205777,0.0197884,0.0502545,
292,0.0,0.0006016,0.0002338,0.0014902,0.0015484,0.0011833,0.0015282,0.0027729,0.0078993,0.0282022,0.0230751,0.0406576,0.0215562,0.0431954,
293,0.0,0.0010228,0.0010968,0.0007018,0.0014387,0.0004554,0.0010457,0.0050848,0.010432,0.0279573,0.0115153,0.0458489,0.0244333,0.0363684,
294,0.0,0.0004055,0.0013768,0.0011341,0.0007209,0.0010098,0.0010451,0.0020097,0.0167025,0.0183095,0.0469525,0.039025,0.0443453,0.0438553,
295,0.0,0.0006037,0.0008633,0.0007064,0.0010189,0.0010712,0.0010423,0.0008839,0.0106874,0.0209782,0.0344428,0.0321034,0.047551,0.0205946,
296,0.0,0.0014282,0.0002304,0.0013203,0.0008708,0.0015447,0.0017585,0.0009089,0.0107077,0.0220487,0.0307697,0.0261184,0.0380994,0.0522194,
297,0.0,0.0010262,0.001376,0.0012277,0.0003626,0.0014397,0.0008498,0.0005969,0.0133847,0.0275217,0.0423871,0.0191325,0.0318765,0.05915,
298,0.0,0.0010259,0.0016081,0.0007428,0.0010748,0.0004616,0.000947,0.0019745,0.0078233,0.0236323,0.0301533,0.0162335,0.0276349,0.0286636,
299,0.0,0.0003982,0.0002283,0.0013494,0.0011961,0.0010123,0.0008401,0.0026238,0.005878,0.0238412,0.0293527,0.0285242,0.0526033,0.0179,
300,0.0,0.0011272,0.0002275,0.0008798,0.0003671,0.0010108,0.0009366,0.0037811,0.0167325,0.0313297,0.0215599,0.0305935,0.0714428,0.0292614,
301,0.0,0.0003975,0.0002277,0.0008735,0.0007284,0.0009788,0.0007048,0.0042256,0.0213074,0.0305416,0.0331476,0.0749092,0.0882651,0.0318941,
302,0.0,0.0006091,0.0013775,0.0008765,0.0003595,0.001011,0.000956,0.0070431,0.0319458,0.0266585,0.0431984,0.1354688,0.0546653,0.0600908,
303,0.0,0.0006074,0.001434,0.0005718,0.0015047,0.0009842,0.000746,0.0040772,0.0101151,0.0232843,0.0381844,0.115115,0.0699205,0.0625652,
304,0.0,0.0006079,0.00023,0.0007285,0.0003457,0.0005819,0.0007011,0.0017169,0.0056926,0.035309,0.0381481,0.0635019,0.0623592,0.0373473,
305,0.0,0.0004012,0.0008645,0.0007262,0.0003378,0.001013,0.0009525,0.0021238,0.0052017,0.0202161,0.0485504,0.0155113,0.051611,0.0293062,
306,0.0,0.0004012,0.0008646,0.0005816,0.0012977,0.0005793,0.0006964,0.0020247,0.0076219,0.025889,0.0420022,0.0260064,0.0545854,0.0391839,
307,0.0,0.0027969,0.0049562,0.0027233,0.0100764,0.0070919,0.0023855,0.0149558,0.0230348,0.0202666,0.0044787,0.0283933,0.0260617,0.0288416,
308,0.0,0.0010167,0.0029967,0.0047106,0.0030229,0.0101393,0.0046442,0.0096382,0.0077604,0.0228091,0.0219467,0.0374734,0.0300744,0.0452999,
309,0.0,0.0006067,0.002368,0.002102,0.0020992,0.0011963,0.0031338,0.0120935,0.0071514,0.0189749,0.0597158,0.0363645,0.0205963,0.0100536,
310,0.0,0.0004018,0.0002319,0.0011024,0.0017385,0.0018969,0.0007183,0.0046948,0.0140234,0.0136981,0.0351603,0.0140444,0.0317885,0.0153878,
311,0.0,0.0017503,0.000861,0.0013087,0.0003409,0.0012413,0.0029035,0.0090703,0.0247362,0.0188297,0.0322814,0.0453458,0.0389501,0.0333362,
312,0.0,0.0006088,0.002119,0.0006857,0.0015377,0.0014708,0.0016299,0.002967,0.0094889,0.0300067,0.0434795,0.0294897,0.0110472,0.0337645,
313,0.0,0.000398,0.0008596,0.0012445,0.0003327,0.0004873,0.0014879,0.0018035,0.0184808,0.0154178,0.054028,0.0081014,0.0336333,0.035756,
314,0.0,0.0003979,0.0012701,0.0011099,0.001004,0.0010223,0.0007208,0.0034786,0.0111153,0.0269859,0.0334363,0.0171737,0.0534023,0.0538689,
315,0.0,0.001489,0.0014962,0.000553,0.0015941,0.0005576,0.0015706,0.0011752,0.0075249,0.0192553,0.0216043,0.0152681,0.0353865,0.0482145,
316,0.0,0.0003981,0.0011691,0.0017261,0.000326,0.0012459,0.0008354,0.0033082,0.0171688,0.038735,0.0113599,0.010441,0.0391018,0.0453911,
317,0.0,0.0003991,0.0002311,0.0011244,0.0012129,0.0019926,0.0007877,0.0062609,0.0183944,0.0365394,0.0308528,0.0386225,0.0194114,0.0599201,
318,0.0,0.0003968,0.0002298,0.00143,0.0021073,0.0004886,0.0009873,0.004293,0.0135829,0.0374918,0.0417139,0.0589265,0.030679,0.0426495,
319,0.0,0.0006136,0.0002282,0.0024556,0.0011004,0.0017741,0.0007834,0.002135,0.006527,0.022099,0.0282188,0.0249795,0.0478052,0.0179967,
320,0.0,0.0022081,0.0002295,0.0005603,0.0013038,0.0010381,0.0007858,0.0018366,0.0124379,0.0209852,0.0239994,0.0424698,0.0189164,0.0169317,
321,0.0,0.0006115,0.0002297,0.0019637,0.0012137,0.0012292,0.0009729,0.0009015,0.0156806,0.0541625,0.0331778,0.0628604,0.0244858,0.0344296,
322,0.0,0.001043,0.0002277,0.001128,0.000326,0.0010319,0.0008536,0.0006336,0.0167016,0.0342805,0.0355864,0.0453123,0.0241173,0.0566771,
323,0.0,0.000614,0.0002272,0.0012232,0.0015409,0.0012582,0.0015121,0.0021578,0.0187341,0.0418452,0.0248304,0.0367656,0.0399267,0.0662812,
324,0.0,0.0006134,0.0002267,0.001887,0.0007703,0.0013675,0.0007985,0.0021352,0.0121106,0.0203609,0.0276178,0.0238104,0.040209,0.0259547,
325,0.0,0.0003918,0.0002258,0.0008847,0.0021871,0.000978,0.0009009,0.001376,0.0080352,0.0210621,0.0200266,0.0300191,0.0331875,0.0522044,
326,0.0,0.0006166,0.0002238,0.0013909,0.0014211,0.0012721,0.0020316,0.0011348,0.0065192,0.0114616,0.0243147,0.0411385,0.0316862,0.0557214,
327,0.0,0.000388,0.0012066,0.0011417,0.0007683,0.0013197,0.0015268,0.0014411,0.0093588,0.0161586,0.0146875,0.0306722,0.0687767,0.0373618,
328,0.0,0.0006187,0.0012644,0.000693,0.001323,0.0004748,0.000772,0.0025952,0.0164186,0.0087112,0.0145456,0.0421626,0.0673974,0.0510158,
329,0.0,0.0003857,0.0012625,0.0005679,0.001136,0.0010758,0.0006979,0.0016391,0.0250115,0.0463462,0.099484,0.0878522,0.067513,0.0744706,
330,0.0,0.0003868,0.0016979,0.0008043,0.001427,0.0009589,0.0008918,0.0032093,0.0247805,0.0534908,0.0972743,0.0730283,0.0345473,0.0397813,
331,0.0,0.0003867,0.0002214,0.0019472,0.0007598,0.0013154,0.0007019,0.0039422,0.0158911,0.0061116,0.0540807,0.0456671,0.0332411,0.0510343,
332,0.0,0.0003888,0.000223,0.0008941,0.0010675,0.000472,0.0014723,0.0028067,0.008554,0.0269722,0.0407765,0.0334054,0.0264612,0.0434912,
333,0.0,0.0014238,0.0002229,0.0007179,0.0013102,0.0010694,0.0009823,0.0008783,0.0082059,0.0173665,0.0285335,0.0196091,0.032875,0.0315796,
334,0.0,0.0003902,0.0002242,0.0008967,0.0021182,0.0011929,0.0007071,0.0008808,0.009152,0.0231205,0.0311611,0.0210557,0.0373537,0.0302755,
335,0.0,0.0006169,0.0008646,0.0007697,0.0007688,0.001064,0.0015454,0.0021094,0.0156165,0.0285563,0.0324518,0.0161495,0.0369562,0.032238,
336,0.0,0.0010289,0.0008631,0.0009951,0.0013161,0.001262,0.0016004,0.0013678,0.0082597,0.0280179,0.0445382,0.0302504,0.0387324,0.0418299,
337,0.0,0.0003907,0.000863,0.0016654,0.0003294,0.0026066,0.0008572,0.0004334,0.0044883,0.0234086,0.032524,0.0183731,0.0593098,0.0324064,
338,0.0,0.0003899,0.0008623,0.0007631,0.0003245,0.0019119,0.0008512,0.0013611,0.0042895,0.0177653,0.0295431,0.0443566,0.0672651,0.0539398,
339,0.0,0.0006195,0.0002253,0.0009049,0.0012162,0.0018913,0.0007113,0.0029382,0.0119916,0.0146424,0.0328131,0.0275989,0.0600057,0.0613165,
340,0.0,0.0006199,0.0008668,0.0007802,0.0008323,0.0012307,0.0007087,0.0024308,0.0155274,0.0081917,0.0218133,0.06703,0.0428963,0.0512113,
341,0.0,0.0006198,0.0002232,0.0007809,0.0019515,0.0005656,0.0008292,0.0032709,0.0184187,0.0214162,0.0232034,0.0450032,0.0548544,0.0800116,
342,0.0,0.0003876,0.0008679,0.0012217,0.0013253,0.0012333,0.0009494,0.0010184,0.0074199,0.0174665,0.0126143,0.04696,0.0445292,0.076515,
343,0.0,0.0003865,0.0002222,0.0009787,0.0003407,0.0012679,0.000713,0.0018154,0.0079765,0.0162384,0.0309235,0.036508,0.0349288,0.0456254,
344,0.0,0.0003859,0.0014278,0.000774,0.0010779,0.0010203,0.0016259,0.0013794,0.0070846,0.0210954,0.0326426,0.0290081,0.0345186,0.0319551,
345,0.0,0.000384,0.0002197,0.000733,0.0003567,0.00097,0.0015107,0.0006744,0.0032126,0.0176105,0.0338937,0.0289376,0.0098637,0.0235564,
346,0.0,0.0003818,0.0013794,0.0005385,0.0012919,0.0005774,0.0008112,0.0006815,0.0103182,0.0104876,0.0212812,0.0301427,0.0300277,0.0133912,
347,0.0,0.0003822,0.0002181,0.0007212,0.0011343,0.0013149,0.0016055,0.0026423,0.0090497,0.0166334,0.0382409,0.0612513,0.0550473,0.0249509,
348,0.0,0.0006197,0.0002199,0.0012184,0.0013173,0.0012407,0.0007079,0.0021615,0.0087759,0.0176537,0.0432998,0.059879,0.0733114,0.0403456,
349,0.0,0.0006206,0.0002184,0.0009693,0.0013231,0.00048,0.0009112,0.0035468,0.0078821,0.0164536,0.0467966,0.0596445,0.076118,0.0412057,
350,0.0,0.0006215,0.0002174,0.0005472,0.0007624,0.0012891,0.0009146,0.0035591,0.003553,0.0071022,0.0312569,0.0208301,0.0671683,0.0239471,
351,0.0,0.0003826,0.0002179,0.0010657,0.0013146,0.0010751,0.0008607,0.0027769,0.0021239,0.0482833,0.0743733,0.0166133,0.0540856,0.0500375,
352,0.0,0.0003831,0.0002178,0.0007066,0.0011398,0.0009534,0.0015468,0.0093249,0.0204356,0.0412723,0.0818552,0.0552279,0.0544701,0.0447727,
353,0.0,0.0006214,0.000216,0.0017365,0.0007526,0.0014442,0.0028272,0.0046711,0.0262762,0.0634769,0.0693674,0.0745752,0.0635164,0.0446626,
354,0.0,0.0003791,0.0002151,0.0005438,0.0011447,0.0010132,0.0015368,0.0039641,0.0167888,0.0452875,0.0436029,0.0379574,0.0277977,0.0645907,
355,0.0,0.0003799,0.0014757,0.0007999,0.0013129,0.0005906,0.0009702,0.0031754,0.0223843,0.0227487,0.0520013,0.0262457,0.0394016,0.0536575,
356,0.0,0.001081,0.0008661,0.0009481,0.0014944,0.0004802,0.0009395,0.0063519,0.011005,0.0257285,0.0472811,0.0140285,0.0378141,0.033287,
357,0.0,0.0003759,0.0008797,0.0009399,0.0014365,0.0009495,0.0009413,0.0019956,0.0093884,0.0333986,0.0471825,0.0442498,0.0171415,0.0181569,
358,0.0,0.000625,0.0008791,0.0008124,0.0013227,0.0017674,0.000932,0.0023262,0.0169514,0.0310448,0.0363199,0.0326206,0.0642595,0.0515799,
359,0.0,0.000375,0.000879,0.0012228,0.0003792,0.0009504,0.0016523,0.0029352,0.0028895,0.0341216,0.0330419,0.0298333,0.0465557,0.0524748,
360,0.0,0.0010916,0.000877,0.0015885,0.0015124,0.0004892,0.0016496,0.000699,0.0093821,0.0304445,0.0173484,0.0286936,0.0457001,0.0816165,
361,0.0,0.0003755,0.0008779,0.0010499,0.0003692,0.0010023,0.0007293,0.0011863,0.0130871,0.012354,0.0226174,0.0354326,0.0413097,0.0478098,
362,0.0,0.0003749,0.0008665,0.0012174,0.0003752,0.0013041,0.0009321,0.0007007,0.0092371,0.0372048,0.0367118,0.0405854,0.0253397,0.0463621,
363,0.0,0.0013768,0.0002152,0.0006998,0.0003718,0.0004843,0.0015213,0.0019187,0.0024132,0.0233228,0.0269276,0.0510353,0.0226258,0.0226183,
364,0.0,0.000378,0.000216,0.0006986,0.0008081,0.001766,0.0019958,0.0022602,0.0062567,0.014824,0.0374292,0.0626263,0.0467896,0.0332467,
365,0.0,0.0014266,0.000215,0.0006895,0.0011482,0.002078,0.0015248,0.0041597,0.0100263,0.0204747,0.029851,0.0549497,0.0622525,0.063052,
366,0.0,0.0006252,0.000216,0.0006832,0.0007831,0.0005909,0.0015117,0.0049167,0.0096787,0.0430928,0.0141907,0.0380082,0.0584476,0.0480977,
367,0.0,0.0003804,0.0002178,0.0014672,0.0003643,0.0004801,0.0008918,0.0048393,0.0115918,0.0171945,0.0376023,0.0256059,0.0335437,0.0488185,
368,0.0,0.0003811,0.0002186,0.0006818,0.0011412,0.0009575,0.0007025,0.0024269,0.0328998,0.0449241,0.0343097,0.0686197,0.0173594,0.0426103,
369,0.0,0.0003832,0.0002204,0.0006845,0.0010794,0.000582,0.0007023,0.0028922,0.0096201,0.0190795,0.0197945,0.0445285,0.0524491,0.0690029,
370,0.0,0.0006188,0.0002216,0.0016879,0.0012741,0.0011929,0.0008763,0.0025864,0.0232398,0.0234984,0.0232167,0.0332975,0.0345671,0.0688458,
371,0.0,0.0003847,0.0002209,0.0008996,0.0013528,0.0009606,0.0009376,0.0078371,0.0083913,0.0288909,0.0299358,0.0710094,0.0353526,0.0611453,
372,0.0,0.0003855,0.0002218,0.0009001,0.0003512,0.0012395,0.0007653,0.0028122,0.0080856,0.0373287,0.0600109,0.0758716,0.0733971,0.0508121,
373,0.0,0.0003884,0.0008691,0.0016383,0.0003467,0.0005842,0.0006977,0.0024279,0.007804,0.0442147,0.0697635,0.0551022,0.0429881,0.0696329,
374,0.0,0.0003898,0.0014337,0.0008874,0.0007781,0.0016759,0.0008149,0.0054292,0.0081205,0.0152536,0.0257909,0.0661602,0.0702415,0.0680037,
375,0.0,0.000393,0.0002269,0.0006978,0.0010896,0.0009792,0.0006967,0.0077408,0.0181004,0.0291269,0.0561634,0.0597976,0.0570182,0.0446578,
376,0.0,0.0011274,0.0009502,0.0011433,0.0010963,0.0012601,0.0007851,0.0207157,0.030128,0.0365629,0.0257631,0.0241032,0.0248475,0.0583476,
377,0.0,0.0014125,0.0008621,0.0011069,0.0003287,0.0012579,0.0020075,0.0408372,0.0453511,0.0461532,0.0672643,0.0214159,0.0368585,0.0615827,
378,0.0,0.0006085,0.0010999,0.0018934,0.0010982,0.0009854,0.0015219,0.0122885,0.0243946,0.0280985,0.0664954,0.0488991,0.0505062,0.0460626,
379,0.0,0.0003966,0.0002298,0.0010318,0.0014851,0.0012372,0.0015644,0.0093271,0.0125484,0.0172952,0.0249016,0.0290792,0.0910224,0.0388106,
380,0.0,0.0003934,0.0002277,0.0010196,0.0008354,0.0021746,0.0008182,0.0047069,0.0126225,0.0280629,0.0252204,0.0175965,0.0835502,0.0347544,
381,0.0,0.0003913,0.000866,0.0006912,0.0022133,0.0020878,0.0009402,0.0026028,0.0063101,0.0378727,0.0399623,0.0621126,0.0903077,0.064325,
382,0.0,0.0006181,0.0002248,0.0005712,0.0015348,0.001025,0.001517,0.0020676,0.0081774,0.0227761,0.0457466,0.0394212,0.0650385,0.0344693,
383,0.0,0.0006191,0.000866,0.0005631,0.0008217,0.0020818,0.0007016,0.0013279,0.0128492,0.0158519,0.0159513,0.0186997,0.0259017,0.0292837,
384,0.0,0.0003845,0.0008702,0.0014027,0.0003358,0.0012359,0.0007433,0.0006588,0.0080517,0.0210786,0.0240863,0.0278762,0.0223432,0.0205125,
385,0.0,0.0006238,0.0014269,0.0005517,0.00034,0.0014903,0.0008997,0.0013429,0.0082135,0.0336439,0.039593,0.0356489,0.0413113,0.0640243,
386,0.0,0.0006241,0.0002192,0.0016675,0.0015298,0.0014903,0.0009098,0.0020624,0.0186784,0.0689274,0.0802444,0.107689,0.0532799,0.026803,
387,0.0,0.0003801,0.0002179,0.0009542,0.0008175,0.0010078,0.0009223,0.0041441,0.0109734,0.0311181,0.0480741,0.0645655,0.0337319,0.0605097,
388,0.0,0.0003791,0.000217,0.0007253,0.0003536,0.0012355,0.0016454,0.0021783,0.0101793,0.0064904,0.0265366,0.039799,0.058777,0.0233188,
389,0.0,0.0012069,0.0002165,0.0007912,0.0012808,0.0016822,0.0007229,0.0030173,0.0071489,0.0221993,0.0327197,0.0422548,0.0309546,0.0411907,
390,0.0,0.000378,0.0002157,0.0009498,0.0003576,0.0005679,0.0020715,0.0024399,0.0085403,0.0105625,0.0553811,0.0281906,0.0249142,0.0354752,
391,0.0,0.0003799,0.0008647,0.0005264,0.0003603,0.000572,0.0015534,0.0010147,0.0048345,0.0230765,0.0455447,0.0312548,0.025569,0.0203097,
392,0.0,0.0003818,0.0008718,0.0013986,0.0015543,0.0014905,0.0007439,0.0020992,0.006391,0.0275651,0.0400528,0.0300521,0.0097072,0.0223345,
393,0.0,0.0003822,0.0015238,0.0007239,0.0008237,0.0010129,0.0015396,0.0006825,0.0057713,0.0312091,0.0351831,0.0291761,0.0356697,0.032174,
394,0.0,0.0003836,0.0008638,0.0007218,0.0012062,0.0020764,0.0014872,0.0030299,0.0077903,0.0207941,0.0244648,0.0205238,0.0240831,0.0174334,
395,0.0,0.0011478,0.0008702,0.0005497,0.000341,0.0005722,0.0009391,0.0013166,0.0038216,0.020263,0.027547,0.0595263,0.0446759,0.0459178,
396,0.0,0.0003854,0.0008692,0.0005516,0.001544,0.001199,0.0007423,0.0008958,0.0082747,0.015482,0.0277946,0.0518203,0.0247813,0.0321026,
397,0.0,0.0014896,0.000224,0.0011396,0.00033,0.0011979,0.000893,0.000648,0.0099231,0.0227193,0.0379235,0.0366836,0.0182625,0.02425,
398,0.0,0.0006193,0.0010942,0.0008915,0.0003244,0.0012339,0.0007528,0.0055576,0.0060932,0.0210539,0.0265427,0.0401683,0.0487177,0.0322529,
399,0.0,0.0003916,0.0002268,0.0008871,0.0003189,0.0005666,0.0007019,0.0010872,0.0136684,0.0253099,0.0496159,0.0511749,0.0435191,0.0358556,
400,0.0,0.0003916,0.0002269,0.0010932,0.0003165,0.0005623,0.0008997,0.0022915,0.0160799,0.0253299,0.0685468,0.0347322,0.0456623,0.0182437,
401,0.0,0.0003935,0.0011999,0.0007649,0.0008435,0.00123,0.0008673,0.0026925,0.0146458,0.0449436,0.0374254,0.0495232,0.0323085,0.0485702,
402,0.0,0.0003961,0.0010916,0.0005642,0.000981,0.0014784,0.0009017,0.0062802,0.0434579,0.0435114,0.0296718,0.0461,0.0446051,0.0534938,
403,0.0,0.0006134,0.0002303,0.0011302,0.001265,0.0012283,0.0015319,0.0041956,0.0255913,0.0467348,0.0119488,0.0459014,0.0467261,0.0258495,
404,0.0,0.0015334,0.0002284,0.0005535,0.000984,0.0015019,0.0007103,0.0038271,0.0160161,0.0238672,0.0232742,0.0724045,0.0668881,0.0415911,
405,0.0,0.0006155,0.0008621,0.0007504,0.0008547,0.0012254,0.0009995,0.0042572,0.0040056,0.0271746,0.0341514,0.0290971,0.0179142,0.0542558,
406,0.0,0.0006164,0.0015186,0.0011303,0.0008546,0.002167,0.0007186,0.005953,0.0214518,0.0226786,0.0104337,0.0410601,0.0390075,0.0348242,
407,0.0,0.0010256,0.000863,0.0005362,0.0013177,0.0012487,0.0008061,0.005178,0.0209798,0.059997,0.023403,0.0491002,0.0406734,0.0339359,
408,0.0,0.0011355,0.001275,0.0009257,0.0007789,0.0012248,0.0007374,0.0069428,0.0232855,0.0360047,0.056582,0.0116006,0.0365357,0.043254,
409,0.0,0.0003866,0.0008621,0.0009691,0.0013168,0.0012262,0.0015857,0.00139,0.0265547,0.034192,0.040889,0.0181858,0.0252199,0.0428618,
410,0.0,0.0006208,0.0002218,0.00094,0.0008451,0.0024452,0.0025142,0.0068855,0.0158517,0.0103867,0.0344157,0.0333049,0.019276,0.0683995,
411,0.0,0.0003843,0.0012034,0.0007828,0.00131,0.001546,0.0020762,0.0073565,0.0239566,0.0142302,0.0188443,0.0350018,0.0278354,0.0382014,
412,0.0,0.0003852,0.0012746,0.0014739,0.0007567,0.0005036,0.0010214,0.0007164,0.0252574,0.0205362,0.0237712,0.0290119,0.037505,0.0236766,
413,0.0,0.0003838,0.0002196,0.0005078,0.0017345,0.0005526,0.0007778,0.0007273,0.0204847,0.0278328,0.0371766,0.0323906,0.035076,0.0746347,
414,0.0,0.0006203,0.0014268,0.0005089,0.0013968,0.0010534,0.0007513,0.0043237,0.0278565,0.01599,0.0604633,0.029222,0.0391515,0.0754262,
415,0.0,0.0006185,0.0002218,0.0010868,0.000349,0.0010268,0.0007716,0.0114992,0.0088107,0.0120128,0.0415207,0.0335174,0.0300099,0.055794,
416,0.0,0.0021109,0.0002229,0.0017884,0.001392,0.001225,0.0014582,0.0016706,0.0139542,0.0142766,0.0179549,0.020777,0.0404377,0.0665642,
417,0.0,0.0012139,0.0017139,0.0009857,0.0012895,0.0004974,0.0014801,0.0045235,0.0061465,0.0127698,0.0182123,0.0327871,0.0503586,0.0668436,
418,0.0,0.000392,0.0008606,0.0017988,0.0013906,0.0004941,0.0014541,0.0016719,0.0045274,0.0171027,0.0234559,0.0278068,0.02561,0.0190823,
419,0.0,0.0006127,0.0002268,0.0018648,0.0011042,0.0005597,0.0014559,0.0008524,0.0027708,0.0213072,0.0308974,0.034844,0.0136524,0.0430293,
420,0.0,0.0006128,0.0008645,0.0018755,0.0012041,0.0010316,0.0014576,0.0017689,0.0024039,0.0257096,0.022825,0.0297376,0.0246141,0.0533201,
421,0.0,0.0003949,0.0011653,0.0016589,0.0012043,0.001062,0.0015958,0.0008694,0.0031041,0.0242835,0.0148416,0.0293825,0.0276192,0.0386148,
422,0.0,0.000612,0.0008643,0.0011212,0.0007458,0.0005732,0.0007123,0.0016026,0.0044708,0.0367021,0.0301849,0.0414681,0.0341222,0.0461583,
423,0.0,0.0003941,0.0008649,0.001357,0.0007498,0.0004748,0.0010365,0.0013359,0.0073899,0.0331658,0.0574926,0.0360982,0.0348253,0.0331083,
424,0.0,0.0003937,0.0002261,0.0005604,0.0003525,0.0010135,0.0007972,0.0039259,0.0069132,0.0276415,0.0284305,0.0243163,0.0401787,0.0303693,
425,0.0,0.0006119,0.0002259,0.0007655,0.0003512,0.0004705,0.0015854,0.0070225,0.0165184,0.0276152,0.0654953,0.0374781,0.0247241,0.0242219,
426,0.0,0.0006119,0.0009511,0.0008832,0.0013573,0.0010355,0.0007026,0.00242,0.0156505,0.0252961,0.0289476,0.0241328,0.0237928,0.0190847,
427,0.0,0.0011263,0.0010951,0.0007243,0.0014016,0.0004717,0.0007986,0.0012184,0.0137984,0.0262461,0.0188732,0.018978,0.0302567,0.0491959,
428,0.0,0.0003971,0.0002289,0.0008776,0.0013949,0.0004725,0.000854,0.0011743,0.0148463,0.018299,0.0177535,0.0200664,0.0436392,0.0209728,
429,0.0,0.0021067,0.0002294,0.0012276,0.001107,0.0012553,0.0007517,0.0022572,0.0002997,0.0096004,0.0281013,0.0189429,0.0515668,0.0161717,
430,0.0,0.0003988,0.0014912,0.0018626,0.0003412,0.0005723,0.0015539,0.0020321,0.0035447,0.0076522,0.0248862,0.0185383,0.0392921,0.0233661,
431,0.0,0.0010243,0.0012677,0.0018132,0.0021721,0.0015391,0.0007149,0.0017461,0.0028736,0.0079454,0.0178934,0.0408854,0.0298842,0.0386683,
432,0.0,0.0006108,0.0014929,0.0007088,0.0012028,0.0010381,0.0007443,0.0008578,0.0036024,0.0105457,0.0179675,0.0324552,0.0302701,0.0337128,
433,0.0,0.0003951,0.0002271,0.000908,0.0015439,0.0019079,0.0020417,0.0011104,0.0020581,0.0140653,0.0213175,0.0217307,0.0441479,0.0351298,
434,0.0,0.0003924,0.0002251,0.0012462,0.0007386,0.0005618,0.0007495,0.0020078,0.0009332,0.0151623,0.0226581,0.0254818,0.0440332,0.031569,
435,0.0,0.00039,0.0008612,0.0016544,0.0019781,0.0010236,0.0007886,0.0013066,0.0019242,0.0132464,0.0167026,0.0123873,0.0520466,0.0386794,
436,0.0,0.000618,0.001495,0.0010934,0.0011987,0.0009868,0.0007859,0.0013094,0.0030782,0.0106835,0.0233497,0.0137222,0.0342819,0.0556492,
437,0.0,0.0003858,0.0008616,0.0013592,0.0003607,0.0012301,0.0007781,0.0009677,0.0050304,0.0118367,0.0240929,0.0148429,0.048301,0.0516087,
438,0.0,0.0011548,0.0018779,0.0008062,0.001419,0.0005597,0.0007698,0.0021253,0.0107588,0.027556,0.0442899,0.0337224,0.0265892,0.051108,
439,0.0,0.0003823,0.0008623,0.0009567,0.0010077,0.0005646,0.0010004,0.0029535,0.0089682,0.0277368,0.0512931,0.0546835,0.0383578,0.0738602,
440,0.0,0.0003828,0.0008623,0.0009556,0.0003645,0.0010128,0.0007539,0.000458,0.0008273,0.0107117,0.0524257,0.0268327,0.0436745,0.0637417,
441,0.0,0.0006186,0.0008706,0.0010973,0.0011198,0.0009785,0.0007333,0.0013762,0.0067488,0.0078243,0.052847,0.0258968,0.0597521,0.045924,
442,0.0,0.0006167,0.0002218,0.0009789,0.0012865,0.001024,0.0007541,0.0021441,0.004274,0.0090942,0.0254799,0.0241891,0.049135,0.0643375,
443,0.0,0.0003905,0.0010855,0.0007175,0.0003616,0.0010194,0.0015631,0.0004968,0.0050087,0.0135321,0.0303805,0.0140937,0.0389155,0.0828589,
444,0.0,0.0003915,0.0002241,0.0007227,0.0007347,0.0010636,0.0007235,0.0008407,0.0069664,0.0120901,0.0303706,0.0181844,0.0351927,0.0396615,
445,0.0,0.0003932,0.0008658,0.000725,0.0007316,0.0004759,0.0007188,0.0009426,0.0065476,0.0304238,0.0301801,0.031558,0.0342113,0.0306291,
446,0.0,0.0003924,0.0008639,0.0012318,0.002215,0.0004737,0.0007498,0.0009476,0.0081162,0.0198365,0.0345783,0.0266761,0.0535536,0.0295958,
447,0.0,0.000392,0.0014302,0.0007465,0.0021001,0.0004695,0.0007506,0.0025029,0.0208478,0.0234905,0.0387542,0.0469051,0.0748617,0.0251981,
448,0.0,0.0006135,0.0008646,0.0011071,0.0007394,0.0010719,0.0015646,0.0066797,0.0120575,0.0399722,0.0202155,0.0568993,0.0722387,0.0322085,
449,0.0,0.0006138,0.000223,0.0011289,0.0011232,0.0005854,0.0007075,0.0069285,0.0114109,0.0351588,0.0402566,0.0593953,0.0776706,0.0315503,
450,0.0,0.0003906,0.0011626,0.000754,0.0003581,0.000976,0.0018535,0.0043151,0.0107994,0.0389051,0.0306424,0.0500506,0.0335886,0.0378644,
451,0.0,0.0006158,0.0002221,0.0007614,0.0014111,0.0012372,0.0009843,0.0034771,0.0079307,0.0221493,0.0256404,0.0456919,0.0325633,0.0537057,
452,0.0,0.0006163,0.0008644,0.0007606,0.0007587,0.0011952,0.0016527,0.0027977,0.0021113,0.0124815,0.0117653,0.0354475,0.0438541,0.0524692,
453,0.0,0.0006154,0.0002244,0.0009955,0.0014053,0.0010636,0.0007774,0.0009771,0.00311,0.0142538,0.0142199,0.0213971,0.0389434,0.0215672,
454,0.0,0.0006162,0.0002244,0.0007428,0.0012035,0.0005665,0.0007695,0.0021008,0.0024934,0.0101472,0.0080743,0.0179758,0.0048868,0.0219724,
455,0.0,0.0006161,0.0008648,0.0011093,0.000998,0.0005625,0.0024258,0.0014561,0.0035089,0.0116559,0.0078209,0.0307434,0.0126961,0.0225288,
456,0.0,0.0006161,0.0002256,0.0018104,0.0003333,0.0015418,0.0009906,0.0034267,0.0019481,0.0132287,0.0241293,0.0239592,0.0316977,0.007391,
457,0.0,0.0006158,0.0008631,0.0007147,0.0021367,0.001764,0.0007258,0.0017651,0.0015269,0.014864,0.0310004,0.025427,0.042192,0.0366967,
458,0.0,0.0006143,0.0002281,0.0007123,0.0003197,0.0010283,0.0014581,0.0048353,0.0092805,0.0372234,0.0313917,0.0225828,0.0440034,0.0310641,
459,0.0,0.0011365,0.002122,0.0005322,0.0023368,0.002353,0.0014577,0.0073009,0.014214,0.0298289,0.0228722,0.0284614,0.0330792,0.0594908,
460,0.0,0.0006147,0.0009666,0.0014004,0.001681,0.0005416,0.0016461,0.0090656,0.0290833,0.0092101,0.024805,0.0102096,0.0478729,0.0587341,
461,0.0,0.0003971,0.0008598,0.0005431,0.0014629,0.0015316,0.0007199,0.0033043,0.0187826,0.0400803,0.0280035,0.0149968,0.0445104,0.0560736,
462,0.0,0.000394,0.0008608,0.0011418,0.0008595,0.0020725,0.0025189,0.0017245,0.0083999,0.0300365,0.0071626,0.0281365,0.044554,0.0708275,
463,0.0,0.0006158,0.000862,0.0014097,0.0003201,0.0019006,0.0023982,0.0070628,0.0066669,0.023279,0.0495665,0.0168876,0.0217411,0.0454235,
464,0.0,0.0014731,0.0008646,0.0005296,0.0007685,0.0005503,0.0007911,0.0043154,0.0085165,0.0144833,0.0319523,0.0119247,0.0169177,0.0448627,
465,0.0,0.0003893,0.0008621,0.0009835,0.0012088,0.0013592,0.0008185,0.0030962,0.0087065,0.0233874,0.0291394,0.0205781,0.044642,0.0643525,
466,0.0,0.0006195,0.0002227,0.0014173,0.0027204,0.0019762,0.0014584,0.0027837,0.0106827,0.0154396,0.0203926,0.0285643,0.0268609,0.0295213,
467,0.0,0.0003874,0.0002222,0.0011066,0.0015158,0.0013303,0.0014586,0.0024021,0.0044865,0.0072569,0.0201146,0.0154156,0.0265439,0.034701,
468,0.0,0.000387,0.0002218,0.0011121,0.0014094,0.0012647,0.0007858,0.0022987,0.0056921,0.0090215,0.0274088,0.0315312,0.0324296,0.0277301,
469,0.0,0.0010942,0.0002216,0.0007517,0.000752,0.001023,0.0007783,0.0006727,0.0062315,0.0082811,0.03363,0.0203578,0.0369686,0.0203456,
470,0.0,0.0003849,0.0014875,0.0007471,0.0007515,0.0012736,0.0015562,0.0014602,0.0031879,0.0110249,0.0278789,0.0317058,0.0164155,0.0168537,
471,0.0,0.000385,0.0002194,0.0009715,0.0011263,0.0009696,0.0007205,0.002382,0.0082835,0.0138968,0.0092342,0.0392454,0.0228429,0.0300963,
472,0.0,0.0003861,0.0002198,0.0011147,0.0012915,0.0009703,0.0015709,0.0019852,0.0063877,0.0052584,0.014798,0.0241585,0.0239938,0.0166836,
473,0.0,0.0006181,0.0002182,0.0007503,0.00038,0.0010172,0.0023067,0.0008203,0.0148235,0.0178247,0.0362199,0.0253549,0.0280754,0.0213141,
474,0.0,0.0003848,0.0012752,0.0011175,0.0007241,0.0010157,0.0010316,0.0025538,0.0299845,0.0290781,0.0129789,0.0346446,0.0625851,0.0891326,
475,0.0,0.0011665,0.0008714,0.0012417,0.0007213,0.0010169,0.0015669,0.004745,0.015958,0.023725,0.0270429,0.0588036,0.0927762,0.1130853,
476,0.0,0.0003884,0.0011583,0.0013805,0.001395,0.0013235,0.0007411,0.0040836,0.0069973,0.0275528,0.0104461,0.0263842,0.033758,0.0455258,
477,0.0,0.0003875,0.0002207,0.0009274,0.0007297,0.0004826,0.000728,0.0016421,0.0055809,0.0166873,0.0209552,0.0326288,0.0295599,0.0501227,
478,0.0,0.0003871,0.001158,0.0011062,0.0003657,0.0004842,0.0008074,0.0012972,0.00908,0.0184119,0.0265902,0.0150899,0.0140878,0.0378203,
479,0.0,0.000385,0.0008633,0.0011047,0.0012962,0.0005715,0.0007699,0.0011316,0.0041162,0.0078083,0.0280757,0.025171,0.0312969,0.0367321,
480,0.0,0.0003842,0.0002194,0.0009653,0.0010669,0.0012709,0.0014873,0.0030228,0.0130698,0.0079104,0.0168733,0.0266356,0.0076283,0.0288012,
481,0.0,0.0003833,0.0010847,0.0013861,0.0007591,0.0010588,0.0008114,0.0039113,0.0108302,0.0138542,0.0195817,0.0323954,0.022403,0.0241916,
482,0.0,0.0003843,0.0002202,0.0007535,0.0007641,0.0010571,0.0014966,0.0052343,0.0115808,0.008823,0.0115221,0.0155651,0.0314718,0.033597,
483,0.0,0.0006214,0.0002209,0.0007596,0.0003419,0.0005618,0.0008051,0.0018833,0.0091697,0.0096556,0.0233292,0.0335255,0.0229125,0.0210337,
484,0.0,0.001413,0.0002191,0.0005234,0.0011254,0.0012299,0.0007263,0.0026725,0.0081911,0.0171025,0.0254145,0.0531588,0.0712278,0.0903787,
485,0.0,0.0003816,0.0002182,0.000954,0.0003518,0.0004972,0.0009632,0.0020927,0.0100119,0.0132687,0.068918,0.0628557,0.0587038,0.0939487,
486,0.0,0.0003799,0.0008635,0.0011004,0.00125,0.001232,0.000968,0.0019659,0.0104484,0.018309,0.0213614,0.0182932,0.0187041,0.0349764,
487,0.0,0.0003804,0.0008734,0.000762,0.0021076,0.0012321,0.0014912,0.0038718,0.0084252,0.0126166,0.0324316,0.0254863,0.0331582,0.0424878,
488,0.0,0.0003816,0.001082,0.000513,0.0028315,0.0010576,0.0009804,0.0009986,0.0114963,0.019048,0.0241871,0.0392579,0.0254604,0.0545052,
489,0.0,0.0006242,0.000216,0.0007524,0.0011274,0.0005649,0.0007869,0.0017618,0.0268346,0.016819,0.0570813,0.0565623,0.0052955,0.070616,
490,0.0,0.0003777,0.0008634,0.0009347,0.0011325,0.001317,0.0007885,0.0023515,0.0193551,0.0411499,0.0156837,0.0336706,0.0185771,0.0729535,
491,0.0,0.0003791,0.0002152,0.0007662,0.0011315,0.0010626,0.0007997,0.0030198,0.0140721,0.0281984,0.0219967,0.0191086,0.0347009,0.0351761,
492,0.0,0.0006245,0.0008762,0.0007536,0.0010522,0.0011997,0.0016113,0.0013034,0.014344,0.0189991,0.0198345,0.0202168,0.0128326,0.0447621,
493,0.0,0.000623,0.0014252,0.0007429,0.0017816,0.0010188,0.0009511,0.0009948,0.0131787,0.0440531,0.0098868,0.0583401,0.0345299,0.0294128,
494,0.0,0.0006225,0.0002151,0.0013919,0.0007518,0.0005843,0.0007202,0.0015499,0.0115301,0.0250593,0.0166695,0.0306207,0.0340076,0.030637,
495,0.0,0.0006219,0.0008765,0.0007853,0.001041,0.0010163,0.0007663,0.0017886,0.0108082,0.0359765,0.0171759,0.0325908,0.0407663,0.0394032,
496,0.0,0.0016231,0.0016988,0.001232,0.0007423,0.0005862,0.0015622,0.0008164,0.0179481,0.0201003,0.0315109,0.0704852,0.0394741,0.01642,
497,0.0,0.0006227,0.0008774,0.0011067,0.0011384,0.0013094,0.0009987,0.0033476,0.0133266,0.0218044,0.0336074,0.0268595,0.0165853,0.0068474,
498,0.0,0.0006222,0.0011594,0.0009503,0.0011345,0.0013126,0.0007993,0.0029625,0.0089879,0.0203994,0.0283771,0.0254931,0.0175295,0.0312362,
499,0.0,0.0006212,0.0017024,0.0010986,0.0012894,0.0013156,0.000984,0.0038259,0.0052159,0.014535,0.0555163,0.0758731,0.0587189,0.0369794,
500,0.0,0.0006206,0.0002164,0.0009521,0.0017083,0.0009683,0.0010148,0.0069891,0.0071906,0.0448792,0.1237035,0.0586969,0.0453732,0.0441129,
501,0.0,0.0006209,0.0008628,0.0013739,0.0010443,0.0010629,0.0007452,0.0029458,0.015741,0.037223,0.040256,0.0576882,0.0741849,0.0558016,
502,0.0,0.000384,0.0008722,0.0010867,0.0013919,0.0012332,0.0007435,0.0029583,0.0065288,0.0298854,0.0467532,0.0371726,0.0296834,0.0926219,
503,0.0,0.0003845,0.0009641,0.0011492,0.0020962,0.0005635,0.0014435,0.0034173,0.0078842,0.0254863,0.0268828,0.0432083,0.0472757,0.0678575,
504,0.0,0.0006195,0.000861,0.0005024,0.0013882,0.0013542,0.0007415,0.0054596,0.0080364,0.0287461,0.0315353,0.0178536,0.0315009,0.0729159,
505,0.0,0.0003871,0.0008674,0.0009546,0.0011943,0.0009891,0.002009,0.0033744,0.0057498,0.0145996,0.0363226,0.0300077,0.0444584,0.0512979,
506,0.0,0.0003874,0.0002215,0.0006965,0.0003554,0.0005519,0.0007433,0.0012868,0.002578,0.0350401,0.0238627,0.0568859,0.0123228,0.0298504,
507,0.0,0.0014755,0.0008666,0.000686,0.0007283,0.0010498,0.0007636,0.0009766,0.0072317,0.0182131,0.0137919,0.0606117,0.0413835,0.0215945,
508,0.0,0.0003892,0.0017131,0.001421,0.0003452,0.0005069,0.0007601,0.000795,0.0048123,0.0069665,0.0311118,0.0231028,0.0386399,0.0591285,
509,0.0,0.0003912,0.0008594,0.0009829,0.0012914,0.000548,0.0020099,0.0018756,0.0043123,0.0084737,0.0360321,0.0304438,0.0325763,0.0495201,
510,0.0,0.0006143,0.0017176,0.0006751,0.0010186,0.0005001,0.0014439,0.0007134,0.0044279,0.0144269,0.0363233,0.0415703,0.0440821,0.0411615,
511,0.0,0.0012149,0.0002254,0.0014104,0.0010967,0.0016543,0.0019994,0.0017813,0.004302,0.0114547,0.0162901,0.046056,0.0573954,0.03239,
512,0.0,0.000394,0.0002267,0.0013527,0.0010933,0.0018909,0.0015855,0.0031394,0.0100177,0.0155354,0.0140681,0.0340055,0.0429784,0.0484641,
513,0.0,0.0003956,0.0002275,0.0006659,0.0003424,0.000547,0.0015774,0.00351,0.0107151,0.011965,0.0245232,0.0438724,0.0573704,0.040956,
514,0.0,0.0006116,0.0010769,0.001824,0.0013606,0.0017641,0.0007515,0.0013732,0.0083309,0.0089713,0.019634,0.0324244,0.0622345,0.0486643,
515,0.0,0.0003973,0.0008586,0.0012372,0.0010205,0.0015239,0.000719,0.0011014,0.0085732,0.0122438,0.0326405,0.0323098,0.0651419,0.031364,
516,0.0,0.0011203,0.0002301,0.0012364,0.001667,0.0019646,0.0015766,0.0029451,0.0233065,0.0163685,0.0451937,0.0445637,0.0696664,0.0275069,
517,0.0,0.0003999,0.0002304,0.0013581,0.0016644,0.0026503,0.003563,0.0048593,0.0143851,0.0203316,0.0206956,0.038262,0.0338392,0.0496555,
518,0.0,0.0004007,0.0018487,0.0006377,0.0015356,0.0026511,0.0035744,0.0023482,0.0151131,0.0135338,0.0126932,0.0156449,0.0279143,0.0392615,
519,0.0,0.0015336,0.0002325,0.0018411,0.0026582,0.0031569,0.0049529,0.0075631,0.0269622,0.0456786,0.0639207,0.0501901,0.0151409,0.0463082,
520,0.0,0.000606,0.0013581,0.0012296,0.0047395,0.005706,0.0054012,0.0157503,0.0219387,0.0771449,0.0920757,0.0512136,0.0324724,0.0554799,
521,0.0,0.000405,0.0015778,0.002653,0.0035727,0.003463,0.006247,0.0075357,0.0236558,0.0501259,0.0778796,0.0793541,0.0268119,0.0342358,
522,0.0,0.0006063,0.0008569,0.0006309,0.0016365,0.0032469,0.0035743,0.0029309,0.0187267,0.0443998,0.0414745,0.0324543,0.0297004,0.0387876,
523,0.0,0.0004016,0.0002311,0.0006251,0.000903,0.0025974,0.0041072,0.0039168,0.0179488,0.0406092,0.029109,0.0467182,0.0467799,0.0134421,
524,0.0,0.0011189,0.0002302,0.0013384,0.0018836,0.0022631,0.0027287,0.0040753,0.0090536,0.0360705,0.0582065,0.0175757,0.0273567,0.0249759,
525,0.0,0.0006099,0.000228,0.0006345,0.0007036,0.0015317,0.0027636,0.0116583,0.0133446,0.0260245,0.049798,0.0403556,0.0451036,0.0441348,
526,0.0,0.0003972,0.0002283,0.0012857,0.0003496,0.0005395,0.0027042,0.0161849,0.0171321,0.035122,0.025421,0.0314447,0.0688415,0.0763506,
527,0.0,0.000395,0.0002269,0.0006303,0.0012478,0.0012181,0.0030564,0.005117,0.0254462,0.0075471,0.0335122,0.0285588,0.064811,0.0627399,
528,0.0,0.0003949,0.0015093,0.0006239,0.0014987,0.0012281,0.0019891,0.0040653,0.0142046,0.0173405,0.0243702,0.0403222,0.0463342,0.0914537,
529,0.0,0.0006151,0.0015059,0.0009822,0.0018871,0.00188,0.0013888,0.0014037,0.0132166,0.0237542,0.034677,0.0595502,0.046043,0.0895634,
530,0.0,0.0003903,0.0015088,0.0004955,0.0010871,0.0026727,0.0007046,0.0066593,0.0084714,0.0172127,0.0468953,0.0389242,0.0424897,0.0509735,
531,0.0,0.0014737,0.0015074,0.0004923,0.0003513,0.0012396,0.0014322,0.0057896,0.0105256,0.0401354,0.0549788,0.0264109,0.042717,0.063456,
532,0.0,0.0006208,0.0011675,0.0013019,0.0010183,0.0024279,0.0013966,0.0033334,0.0189363,0.0315633,0.0697711,0.0696234,0.0600932,0.0396243,
533,0.0,0.0003844,0.0002201,0.0010591,0.0011019,0.0022698,0.0014355,0.0034327,0.0142341,0.0241979,0.0453755,0.0727998,0.0810389,0.0770187,
534,0.0,0.0006232,0.0017252,0.0016024,0.0013594,0.0017599,0.0007404,0.0035451,0.0242729,0.0378571,0.0714986,0.0295158,0.0495619,0.0565216,
535,0.0,0.0003844,0.0002194,0.0004848,0.0012665,0.0019593,0.0014081,0.0018108,0.015248,0.0206664,0.0279177,0.0170139,0.0079072,0.0305629,
536,0.0,0.000385,0.0014988,0.000489,0.0013598,0.001249,0.0007149,0.0023541,0.0119929,0.0310107,0.0123949,0.0244314,0.0142796,0.0194121,
537,0.0,0.0003823,0.0002181,0.0004848,0.0012854,0.0015235,0.0014223,0.0045155,0.0014495,0.021673,0.0046537,0.029328,0.0333342,0.0148328,
538,0.0,0.0015487,0.0018845,0.0009993,0.0003692,0.0012557,0.0007484,0.0086898,0.0099551,0.0403194,0.0099906,0.0237433,0.0297479,0.0232104,
539,0.0,0.0006207,0.0011648,0.0004869,0.000713,0.0015286,0.0010589,0.005697,0.0061454,0.026925,0.0246427,0.0160113,0.0088596,0.0162463,
540,0.0,0.000621,0.0011645,0.0014382,0.0003683,0.0010502,0.0019968,0.0069235,0.0164291,0.024063,0.0274561,0.0243417,0.0659075,0.02779,
541,0.0,0.0003817,0.0016254,0.0022766,0.0015617,0.0017763,0.0007273,0.00479,0.0121091,0.0189141,0.029135,0.0215494,0.0656127,0.0531582,
542,0.0,0.0003827,0.0011638,0.0014395,0.0018611,0.0010124,0.0007674,0.0038239,0.0192317,0.0266509,0.022222,0.0343046,0.0313001,0.0520972,
543,0.0,0.0003854,0.000869,0.0014212,0.0003763,0.0010163,0.0007203,0.0026331,0.011174,0.0184354,0.0538639,0.0459301,0.0317285,0.0517793,
544,0.0,0.0006194,0.0002181,0.0010732,0.0003742,0.0015389,0.0010265,0.0013736,0.0079867,0.0164641,0.0424724,0.0463407,0.0207319,0.0290546,
545,0.0,0.0003851,0.0002193,0.0010732,0.0003657,0.0012561,0.0014394,0.00283,0.0091967,0.0089555,0.0227417,0.0572538,0.0560777,0.0347559,
546,0.0,0.0003838,0.0008688,0.0013374,0.0011955,0.0017518,0.0014355,0.0023128,0.0062847,0.0380993,0.0298611,0.0513376,0.0484972,0.0471461,
547,0.0,0.0003828,0.0011567,0.0004899,0.000359,0.0010478,0.0007456,0.0024885,0.0103531,0.0320701,0.0360101,0.0369996,0.0571496,0.0698167,
548,0.0,0.0003845,0.0008588,0.0006881,0.0012244,0.0015378,0.000744,0.0017676,0.0080204,0.0237619,0.0299097,0.0266242,0.019413,0.038986,
549,0.0,0.0003835,0.0002194,0.0013509,0.0007411,0.000536,0.0007327,0.0024085,0.0159529,0.0266939,0.0424428,0.0346101,0.06669,0.0499371,
550,0.0,0.000385,0.0012815,0.0004894,0.0010058,0.0010072,0.0014193,0.0092446,0.0156475,0.04007,0.0528804,0.0490979,0.0530762,0.0358503,
551,0.0,0.0011407,0.0008583,0.0009768,0.0014458,0.0012451,0.0007399,0.0076267,0.0199359,0.016649,0.0595623,0.0358414,0.0283151,0.0611321,
552,0.0,0.0003868,0.0016317,0.002306,0.0003391,0.0016583,0.0020083,0.0051446,0.0196379,0.0129268,0.0189277,0.040368,0.0388335,0.0467972,
553,0.0,0.0014062,0.0002233,0.0013288,0.0003359,0.0015172,0.0014324,0.0023894,0.0175938,0.0126112,0.0201474,0.0206516,0.0378734,0.0362217,
554,0.0,0.00062,0.0015058,0.0004994,0.0011009,0.00053,0.0007394,0.0058072,0.020145,0.0351113,0.019448,0.0592392,0.0746723,0.0695386,
555,0.0,0.0006186,0.0002253,0.0014161,0.0012855,0.0005156,0.0014457,0.0033241,0.011429,0.0421588,0.049334,0.0591518,0.0688301,0.0236594,
556,0.0,0.0010357,0.0008578,0.0010736,0.0007406,0.0005134,0.0014413,0.0030426,0.0129988,0.0185316,0.0705925,0.0775548,0.0620182,0.0395959,
557,0.0,0.0003934,0.0012823,0.0005075,0.0027408,0.0022628,0.0024601,0.0085537,0.0246123,0.0277,0.0359684,0.0877061,0.0210283,0.044541,
558,0.0,0.0003958,0.000229,0.0005148,0.0007456,0.0025123,0.0027517,0.012722,0.0282559,0.0455859,0.087555,0.0617096,0.0619254,0.0386515,
559,0.0,0.0003966,0.0002292,0.0014043,0.001014,0.0018799,0.0023585,0.0108127,0.0233689,0.0444634,0.0533931,0.0580061,0.032639,0.0382103,
560,0.0,0.0003962,0.0008583,0.0019595,0.0012701,0.0017616,0.0023501,0.0065379,0.0262296,0.0176847,0.029544,0.0741387,0.0301298,0.0345384,
561,0.0,0.000398,0.0002304,0.0017852,0.0017302,0.0015152,0.002755,0.0072002,0.0234875,0.0375378,0.0426635,0.0839741,0.0502159,0.0770281,
562,0.0,0.0004002,0.0016412,0.002497,0.001358,0.0025865,0.0036279,0.0069089,0.0205222,0.0727683,0.0251231,0.0797562,0.0562134,0.0762135,
563,0.0,0.0004001,0.0008567,0.0010763,0.0007302,0.0034538,0.0051455,0.0147287,0.0265378,0.0475554,0.0436144,0.0641781,0.0599159,0.0517129,
564,0.0,0.0006116,0.0012799,0.0013301,0.000323,0.0013689,0.0018841,0.0132605,0.0131678,0.0343986,0.05039,0.0498449,0.020736,0.0845609,
565,0.0,0.0011102,0.0002294,0.0005138,0.0010828,0.0015119,0.0015619,0.0039324,0.0044486,0.0284433,0.057839,0.0525936,0.0090476,0.0817158,
566,0.0,0.0010237,0.0012827,0.0013182,0.0012084,0.0005281,0.0017838,0.0038683,0.0152945,0.0160349,0.0427299,0.0524102,0.0245775,0.0592784,
567,0.0,0.0006164,0.0002259,0.0014421,0.0003358,0.0005153,0.0007274,0.0019238,0.0101417,0.0237651,0.0270407,0.0424458,0.0521887,0.0307737,
568,0.0,0.0003906,0.0002244,0.0006525,0.0007255,0.0017474,0.0007299,0.0021311,0.0253742,0.0188992,0.0391483,0.0373808,0.0493554,0.0144101,
569,0.0,0.0003928,0.000857,0.0009695,0.0008896,0.0019675,0.001405,0.0030272,0.0315551,0.0300237,0.0203726,0.0462093,0.0160676,0.0132078,
570,0.0,0.0003931,0.0008577,0.0009604,0.0008876,0.001223,0.0007285,0.0026957,0.0179539,0.0110405,0.027927,0.0217702,0.0349915,0.0399018,
571,0.0,0.0006165,0.0002238,0.0010649,0.0027706,0.0005378,0.0014131,0.0026382,0.0171219,0.008562,0.019129,0.0240104,0.0263071,0.0383615,
572,0.0,0.0006158,0.0018902,0.0004999,0.0007137,0.0010448,0.0007164,0.0024478,0.0030859,0.0324929,0.0343271,0.024668,0.0345859,0.0354059,
573,0.0,0.0010266,0.0002255,0.0016052,0.0010823,0.0021829,0.0014336,0.0011246,0.0120678,0.0232977,0.0274082,0.0221648,0.0462497,0.0353768,
574,0.0,0.0011163,0.0016334,0.000983,0.0003562,0.0005443,0.0014448,0.0021624,0.0059407,0.0095644,0.0197084,0.0406614,0.0356616,0.0294214,
575,0.0,0.000616,0.0002226,0.0006603,0.0010728,0.0010218,0.0007678,0.0009608,0.0159697,0.0093931,0.0641957,0.0525883,0.040178,0.0521432,
576,0.0,0.0006142,0.0022718,0.000503,0.0003641,0.0005453,0.0020024,0.0037379,0.0188587,0.0297202,0.0494475,0.0360554,0.0752093,0.0430446,
577,0.0,0.0003922,0.0002243,0.0006543,0.0014888,0.0010291,0.0014343,0.0019758,0.0166582,0.0241496,0.0123661,0.0353014,0.0727359,0.0629433,
578,0.0,0.0006153,0.001427,0.0014275,0.0003695,0.0005512,0.0020054,0.0014891,0.0102076,0.0159346,0.0473888,0.0259744,0.0721951,0.0803737,
579,0.0,0.0003889,0.0002215,0.0014367,0.0014829,0.0015376,0.0007203,0.0007555,0.0110725,0.0444167,0.0597697,0.0588111,0.0974355,0.0843661,
580,0.0,0.0003915,0.0002231,0.0005051,0.0008869,0.0005519,0.0007999,0.000745,0.0135309,0.0433135,0.0274232,0.0336882,0.0526426,0.0426814,
581,0.0,0.0003926,0.0002239,0.0019614,0.00131,0.0012473,0.0014199,0.0016923,0.011796,0.0375557,0.0174426,0.0763014,0.0216453,0.0316048,
582,0.0,0.0006102,0.0008632,0.0009417,0.0011932,0.0010353,0.0023509,0.0079176,0.0180041,0.03422,0.037249,0.0401751,0.042355,0.0351168,
583,0.0,0.0010287,0.0012767,0.0014634,0.0003753,0.0020496,0.0007459,0.0142496,0.0327941,0.0455332,0.0624229,0.0418064,0.0151604,0.0426651,
584,0.0,0.000398,0.0008598,0.0005272,0.0013517,0.0004827,0.002949,0.0238163,0.0301745,0.0436172,0.0599482,0.0571165,0.0318578,0.0247492,
585,0.0,0.0014971,0.0010803,0.0005294,0.0010374,0.0004845,0.0015671,0.0078823,0.0044232,0.0395723,0.0444822,0.0270795,0.044056,0.0453898,
586,0.0,0.000401,0.0002299,0.000534,0.0007009,0.001226,0.0014782,0.0065677,0.0068365,0.0264501,0.0734222,0.0458508,0.0619174,0.0616757,
587,0.0,0.0003998,0.002267,0.0014105,0.0007082,0.0025378,0.0023669,0.0036141,0.0086363,0.0106255,0.0484967,0.0264657,0.0359613,0.0413036,
588,0.0,0.0004013,0.0002309,0.0010905,0.0007135,0.0010553,0.0024147,0.0027984,0.0118631,0.039281,0.0454943,0.0511576,0.0558109,0.0320404,
589,0.0,0.0006054,0.0002312,0.0006517,0.0013189,0.0032671,0.0038122,0.0068435,0.021781,0.0216893,0.0436144,0.0627587,0.0607478,0.0291266,
590,0.0,0.0003997,0.0008605,0.0014402,0.0010936,0.0028726,0.0029868,0.0068084,0.0134614,0.0177392,0.0439531,0.0424822,0.0677782,0.0196989,
591,0.0,0.0014964,0.0017121,0.001237,0.0013628,0.0019048,0.0016694,0.0045142,0.0123943,0.0246168,0.0565726,0.0431953,0.0415537,0.0415728,
592,0.0,0.0003956,0.0008624,0.0012415,0.0020856,0.0012283,0.0014518,0.0041889,0.0153618,0.0264769,0.0463344,0.0158539,0.0580746,0.0497278,
593,0.0,0.0003945,0.0002256,0.000521,0.0010735,0.0004907,0.0007615,0.0046927,0.0128208,0.0339081,0.0364078,0.0166177,0.0505012,0.0116456,
594,0.0,0.000612,0.0016329,0.0013979,0.0003551,0.0004913,0.0010112,0.0031466,0.0076832,0.0312157,0.0435288,0.0212057,0.0271622,0.0246283,
595,0.0,0.0006142,0.0015238,0.0008205,0.0003524,0.0010277,0.0016263,0.0017495,0.0021269,0.0180661,0.0431829,0.0324139,0.0233131,0.0147495,
596,0.0,0.0006137,0.0002253,0.0013753,0.0012767,0.0017674,0.0007792,0.0010007,0.0022277,0.0169775,0.0384647,0.0082543,0.0285925,0.0206808,
597,0.0,0.0003937,0.0002263,0.0009294,0.0012784,0.0012241,0.0010005,0.0024441,0.0058929,0.0134942,0.0156672,0.0109788,0.0270707,0.0063477,
598,0.0,0.0003924,0.0002257,0.0016659,0.0007414,0.0015325,0.0014497,0.0020533,0.0085861,0.0186953,0.001691,0.0273903,0.0422385,0.0321562,
599,0.0,0.0003939,0.0002271,0.0016016,0.0008762,0.0005058,0.001012,0.0052687,0.0102548,0.0131113,0.0384372,0.0095428,0.0386356,0.0142205,
600,0.0,0.0006144,0.0002279,0.0006815,0.0007481,0.0012359,0.0023797,0.0026881,0.0120714,0.0192102,0.0327869,0.0257918,0.0445956,0.0134758,
601,0.0,0.0003961,0.0012742,0.0006819,0.0014557,0.0012378,0.0007472,0.0037529,0.012211,0.007471,0.0125105,0.0266124,0.044595,0.0117414,
602,0.0,0.0006116,0.0002295,0.0008246,0.0019749,0.0012338,0.0007364,0.0032017,0.0209642,0.0126392,0.0382859,0.030855,0.0422912,0.0255051,
603,0.0,0.0003985,0.0002305,0.0010116,0.0013695,0.0010474,0.0007418,0.0056422,0.0360539,0.0201823,0.0437454,0.0384247,0.0253974,0.0186129,
604,0.0,0.0010198,0.0009683,0.0013832,0.0028586,0.0017745,0.0036572,0.0134187,0.0199244,0.026127,0.025985,0.0197425,0.0143722,0.0340703,
605,0.0,0.0020579,0.0015015,0.0024727,0.0012129,0.0036604,0.0037181,0.0224918,0.0276288,0.0439041,0.0430317,0.0091535,0.0310705,0.0674224,
606,0.0,0.000402,0.0011735,0.0016033,0.0015321,0.0095649,0.0150559,0.0131032,0.040874,0.0491742,0.0626835,0.0213219,0.0256953,0.0690487,
607,0.0,0.0013977,0.0020726,0.0023603,0.0023257,0.0053629,0.0140587,0.0169757,0.0379478,0.035261,0.0245432,0.0396366,0.0424973,0.0519526,
608,0.0,0.0017548,0.0008565,0.0025105,0.0023273,0.0060665,0.0128186,0.0147695,0.0302718,0.0217365,0.0176511,0.0470863,0.0542827,0.0596917,
609,0.0,0.0006114,0.001273,0.001633,0.0011203,0.0027496,0.0058634,0.0091473,0.0333233,0.0318061,0.0644164,0.0422123,0.0598596,0.0712365,
610,0.0,0.0014688,0.0002328,0.0019414,0.0011255,0.0017638,0.0028282,0.0090468,0.0086066,0.0208575,0.0378224,0.0516153,0.0687127,0.0684537,
611,0.0,0.0006111,0.0012702,0.0005456,0.0007665,0.0010366,0.0014823,0.0041764,0.0153,0.0091848,0.0538074,0.0583881,0.0290145,0.0213948,
612,0.0,0.0010152,0.0008593,0.0011119,0.0020019,0.0022481,0.0016352,0.0118713,0.0409207,0.0239371,0.0350424,0.0443698,0.0370056,0.0267005,
