#Time_fs,0,50,100,150,200,250,300,500,750,1000,1250,1500,1750,2000,
1,1e-07,0.0002677,0.0008191,0.0011027,0.0011187,0.0012843,0.0007573,0.0058409,0.02612,0.0295774,0.0325856,0.0741887,0.059636,0.0498068,
2,1e-07,0.0002693,0.0008225,0.0015266,0.0003633,0.0008987,0.0010558,0.0048801,0.0013094,0.0150587,0.0366755,0.0829307,0.0726562,0.0641237,
3,1e-07,0.0002687,0.0005879,0.0007688,0.0003648,0.0012878,0.0007524,0.0014909,0.0074364,0.0193894,0.0133625,0.0598202,0.0458484,0.0597167,
4,1e-07,0.0002685,0.0005849,0.0007685,0.0008026,0.0009089,0.0015812,0.003089,0.0127849,0.0340172,0.0255688,0.0292234,0.0426053,0.0211958,
5,0.0,0.0008013,0.000746,0.0013459,0.0014889,0.0004387,0.0007249,0.0022794,0.0101947,0.0259988,0.0295463,0.0479348,0.0376201,0.0399398,
6,0.0,0.0015828,0.0006914,0.0007689,0.0014477,0.0012897,0.0010618,0.0011969,0.0085987,0.0143653,0.0180132,0.0301365,0.0356884,0.028233,
7,0.0,0.0008016,0.0005775,0.0012454,0.0003691,0.0012384,0.0010617,0.0004903,0.0034317,0.019047,0.008126,0.0111357,0.0190591,0.0248162,
8,0.0,0.0002608,0.0007495,0.0018361,0.000774,0.0015854,0.0007767,0.0010504,0.005504,0.0031054,0.0059232,0.0339278,0.0171486,0.0375325,
9,0.0,0.0009487,0.0007478,0.001312,0.001282,0.0009295,0.000782,0.0017213,0.0090664,0.024181,0.0169639,0.0248996,0.0366378,0.0249983,
10,0.0,0.0002585,0.0007519,0.0010947,0.0013008,0.0006438,0.0010928,0.0050194,0.0154336,0.0262804,0.015875,0.0232015,0.031915,0.0375022,
11,0.0,0.0002562,0.0007509,0.0007685,0.0013005,0.0010834,0.0010633,0.0069817,0.0124654,0.0395985,0.0478896,0.0176802,0.0205159,0.0456951,
12,1e-07,0.0002546,0.000575,0.0008735,0.0012315,0.0010775,0.0019267,0.0081587,0.0169962,0.0220364,0.0425983,0.0467267,0.0238571,0.029393,
13,1e-07,0.0009535,0.0005717,0.0011675,0.0007742,0.000967,0.0007376,0.0028466,0.0100562,0.0286818,0.0257603,0.0295499,0.0060664,0.0402556,
14,1e-07,0.0002563,0.0012923,0.0011663,0.0012328,0.0013648,0.0017399,0.0076979,0.0067211,0.0317004,0.0183415,0.0256067,0.0465205,0.0473784,
15,1e-07,0.0012185,0.0006836,0.0031332,0.0011051,0.0019043,0.0032387,0.0036017,0.0119924,0.0500704,0.0234493,0.0208492,0.0458348,0.1634961,
16,1e-07,0.0009545,0.0011731,0.0010901,0.0018822,0.0014754,0.0035438,0.0076942,0.0064871,0.0193588,0.0214834,0.0176992,0.0353306,0.0402449,
17,1e-07,0.0013729,0.0007646,0.0010888,0.0019965,0.001994,0.0038513,0.0088523,0.0108982,0.012798,0.0172049,0.0138961,0.0188736,0.0463228,
18,1e-07,0.0002555,0.0018712,0.0014705,0.0014159,0.0029019,0.0051794,0.0118443,0.0091501,0.0169274,0.0077374,0.0053458,0.0276578,0.0460638,
19,2e-07,0.0012213,0.0013342,0.0007692,0.0021129,0.0061884,0.0073362,0.0228699,0.0262558,0.0325596,0.0250123,0.023477,0.0176706,0.0325669,
20,2e-07,0.0009061,0.0008618,0.0035847,0.0119479,0.0163832,0.0130148,0.0146465,0.0206996,0.0354107,0.0371113,0.0206038,0.0256115,0.0313123,
21,2e-07,0.0014008,0.0051037,0.0086252,0.0173651,0.019903,0.0168809,0.0281345,0.0179964,0.0298239,0.0151595,0.0392014,0.0274804,0.0194399,
22,2e-07,0.0017908,0.000551,0.0023398,0.0097465,0.0107706,0.0157407,0.0154445,0.034764,0.0311764,0.0475196,0.0256262,0.0410493,0.0404356,
23,2e-07,0.0047717,0.007749,0.0146013,0.0163312,0.0242007,0.0320294,0.0251508,0.0438625,0.0502817,0.0638556,0.0751005,0.0678621,0.0635308,
24,2e-07,0.002978,0.0059476,0.0084361,0.0126777,0.0070903,0.0055803,0.0190171,0.0313297,0.0627578,0.039201,0.0759818,0.0477156,0.044491,
25,2e-07,0.0035524,0.0095583,0.0200889,0.0240234,0.022934,0.0259791,0.0277412,0.0130608,0.0320607,0.0077377,0.0634543,0.0631463,0.0415351,
26,2e-07,0.0063302,0.0148725,0.0197388,0.0260149,0.0221498,0.0260129,0.0245197,0.0330221,0.0358111,0.0263438,0.0339115,0.0647245,0.0354204,
27,2e-07,0.0020865,0.006756,0.0083555,0.0072169,0.0093368,0.0178769,0.025908,0.0200909,0.0309679,0.0230035,0.0682479,0.0267678,0.0403755,
28,2e-07,0.0002589,0.003328,0.0036307,0.0033704,0.0050686,0.0092373,0.0115954,0.0196443,0.0209178,0.0165991,0.0361059,0.0076889,0.0399834,
29,2e-07,0.0009595,0.0005608,0.0022411,0.0033759,0.0040791,0.0058739,0.0242538,0.0210084,0.0253471,0.0392141,0.0666078,0.0160365,0.040858,
30,2e-07,0.0002551,0.0005628,0.0024521,0.0034385,0.0054508,0.0035926,0.0089739,0.0148063,0.018487,0.0346179,0.0224419,0.0254098,0.0192131,
31,1e-07,0.0009102,0.0011219,0.0008686,0.0019945,0.0016112,0.0010639,0.0062085,0.0032889,0.0189303,0.0245847,0.0207104,0.0262431,0.0154772,
32,1e-07,0.0009585,0.0011206,0.0014108,0.0007713,0.0010528,0.0015414,0.0040787,0.014191,0.017066,0.026229,0.046539,0.0347613,0.0708424,
33,1e-07,0.0010973,0.0006759,0.0013369,0.0007703,0.0010545,0.0006733,0.0038482,0.0053097,0.015012,0.0188883,0.0395178,0.0191501,0.0432012,
34,2e-07,0.0017658,0.0005613,0.0013182,0.002711,0.0020891,0.0010721,0.0034956,0.0109843,0.0151871,0.0276274,0.0424396,0.0075096,0.0386826,
35,2e-07,0.0002501,0.0011755,0.001161,0.0024144,0.0023316,0.0011098,0.0037854,0.0123448,0.0388395,0.0215144,0.0520425,0.0158583,0.032518,
36,2e-07,0.0017649,0.0011708,0.0014679,0.0012909,0.0010488,0.0020386,0.0056762,0.0079625,0.0126037,0.0228108,0.0185475,0.0330806,0.041483,
37,2e-07,0.0002547,0.0011647,0.0016041,0.0016528,0.0004594,0.0006784,0.0073234,0.0078175,0.0260912,0.0279175,0.0155153,0.0304108,0.0387325,
38,2e-07,0.0009052,0.0008635,0.0015299,0.0003793,0.0004615,0.0018243,0.0054902,0.0073772,0.032586,0.034568,0.0123256,0.0292656,0.0184081,
39,2e-07,0.0009029,0.001314,0.0016031,0.0034943,0.0049395,0.0047579,0.0055127,0.0223287,0.0139633,0.0325522,0.0269766,0.0361688,0.0234965,
40,2e-07,0.0002587,0.0011275,0.0028048,0.0033626,0.0053991,0.0059133,0.0170609,0.0181413,0.0195229,0.0064537,0.0152273,0.0288376,0.0304991,
41,2e-07,0.0002604,0.0039092,0.0056495,0.0084074,0.0119748,0.0161199,0.030869,0.0120249,0.0235973,0.0279376,0.0128789,0.0229498,0.0337106,
42,2e-07,0.0002591,0.0006645,0.0031696,0.0017447,0.0110409,0.0128409,0.0216311,0.0406573,0.0300665,0.0674376,0.0398103,0.0308704,0.0292229,
43,2e-07,0.0002582,0.0021994,0.0033634,0.0028436,0.0036885,0.0039921,0.0258476,0.0350598,0.0501426,0.0694221,0.0670068,0.0639361,0.0280774,
44,2e-07,0.0007943,0.0021716,0.0035683,0.005827,0.003889,0.0031858,0.0153884,0.0083486,0.042972,0.0420959,0.0359847,0.0709091,0.0525084,
45,2e-07,0.0051424,0.0052909,0.0076233,0.0038162,0.0045191,0.0097948,0.0406029,0.052281,0.0597202,0.0545109,0.0745647,0.109215,0.0577283,
46,2e-07,0.0038661,0.0080174,0.0133467,0.0221131,0.0303143,0.0275442,0.0156675,0.0356911,0.0865987,0.1211653,0.12898,0.0993036,0.1263258,
47,5e-07,0.0011658,0.0084788,0.00709,0.005812,0.0111267,0.010344,0.0281125,0.0584463,0.0532766,0.1099798,0.1143327,0.0967823,0.1038074,
48,5e-07,0.0002643,0.002101,0.0052854,0.0032613,0.0041508,0.0043649,0.0328796,0.0553108,0.0381611,0.0650741,0.0982794,0.0878186,0.0654496,
49,5e-07,0.0014954,0.0028693,0.0078506,0.0142383,0.0143239,0.0143614,0.0361583,0.0437197,0.0550684,0.0540857,0.0915031,0.0845833,0.061838,
50,5e-07,0.0009744,0.0017788,0.0047974,0.0113675,0.0119016,0.0137316,0.0150371,0.0273395,0.0336939,0.055798,0.040645,0.0599704,0.0624424,
51,5e-07,0.0002661,0.0005387,0.0023552,0.0048585,0.0064404,0.0102155,0.0203668,0.0169945,0.0237909,0.048461,0.0430371,0.0506034,0.075106,
52,5e-07,0.0009767,0.0008826,0.0017821,0.0026622,0.0063579,0.0107507,0.0154744,0.0311766,0.0307826,0.044965,0.0589652,0.0332662,0.0779619,
53,5e-07,0.0002612,0.0013887,0.0015199,0.00278,0.0037508,0.0041303,0.0184534,0.0402396,0.0244231,0.0262392,0.0526911,0.0317861,0.0514314,
54,5e-07,0.000977,0.0013916,0.0011478,0.0016656,0.003168,0.0036874,0.0078386,0.012489,0.0221673,0.0332288,0.062902,0.0563633,0.0370773,
55,5e-07,0.0002573,0.0014334,0.0012796,0.0025187,0.0010088,0.0011075,0.0162286,0.036945,0.0148718,0.0260499,0.0544748,0.0612916,0.028867,
56,5e-07,0.0009789,0.0016949,0.0008521,0.0030644,0.0018665,0.000666,0.0089668,0.0300795,0.0498682,0.0158359,0.0503358,0.0376401,0.0426757,
57,5e-07,0.00123,0.0017005,0.001146,0.0028027,0.0012721,0.0017159,0.0012226,0.0253983,0.0464682,0.0358553,0.0380015,0.0291183,0.0235992,
58,5e-07,0.0007949,0.001469,0.0019671,0.0027105,0.0020692,0.0023402,0.005853,0.0200508,0.0323512,0.0497613,0.0404247,0.0413944,0.0343574,
59,5e-07,0.0002534,0.0017324,0.0008727,0.0033744,0.0023625,0.0024337,0.0112035,0.0251103,0.0525631,0.054744,0.0674989,0.0350167,0.0290097,
60,5e-07,0.0002544,0.0013903,0.0024352,0.0016621,0.0012791,0.002453,0.0116451,0.0269126,0.0212254,0.0529303,0.0553909,0.0279526,0.0800065,
61,5e-07,0.0002538,0.0023973,0.0017443,0.0007697,0.0025852,0.0039858,0.0098116,0.0255266,0.0317618,0.0447133,0.0714875,0.0365383,0.0837127,
62,5e-07,0.0002514,0.0011064,0.0010754,0.0007851,0.0006119,0.000723,0.0143416,0.0423902,0.0249274,0.045343,0.0728059,0.0541427,0.0422627,
63,2e-07,0.0010916,0.002564,0.0018202,0.0025061,0.0035936,0.0015454,0.0084862,0.0369645,0.0271258,0.0444545,0.0360501,0.0591439,0.0523135,
64,2e-07,0.0009643,0.0024105,0.001327,0.0017924,0.0018918,0.0051571,0.0107432,0.0190846,0.0321589,0.0373797,0.0238622,0.0872594,0.0466631,
65,2e-07,0.0011838,0.0017051,0.0023398,0.0025104,0.002708,0.0040412,0.0150451,0.0276334,0.0242254,0.037056,0.0320586,0.0637674,0.0694177,
66,2e-07,0.0002529,0.0012291,0.0010819,0.0007737,0.00195,0.0017538,0.0118814,0.008306,0.032189,0.0472089,0.0283846,0.0239031,0.0637828,
67,2e-07,0.000253,0.0011742,0.0018943,0.0021429,0.0064747,0.0116897,0.020872,0.0225334,0.0176277,0.0187945,0.0409724,0.0444022,0.0593014,
68,2e-07,0.0009094,0.0008608,0.0007693,0.0014628,0.0018122,0.0041158,0.0209035,0.0210252,0.0095949,0.0280356,0.0358631,0.0247717,0.028848,
69,1e-07,0.0013404,0.0011193,0.0014195,0.001295,0.0029585,0.0031254,0.0157983,0.0186154,0.028456,0.0205755,0.0349447,0.0507821,0.0431857,
70,1e-07,0.0011042,0.000765,0.0007699,0.0010385,0.0012911,0.007035,0.0139106,0.0225039,0.0319064,0.0281715,0.0521455,0.0442576,0.046632,
71,1e-07,0.0002545,0.0012352,0.0015233,0.0012929,0.0023401,0.0037618,0.041344,0.0788953,0.0426515,0.0543182,0.04629,0.0215455,0.0666291,
72,1e-07,0.0012904,0.001772,0.0008786,0.001292,0.0017986,0.0027259,0.0144453,0.0548866,0.0235589,0.0667948,0.081577,0.0776783,0.0881826,
73,1e-07,0.000251,0.0005693,0.001092,0.0014624,0.001061,0.001675,0.0061701,0.0485004,0.0295277,0.0326758,0.0246303,0.0162864,0.0795985,
74,1e-07,0.0002509,0.0005641,0.0010889,0.0011016,0.0010526,0.0040084,0.0039717,0.0287681,0.0370681,0.0332194,0.0406529,0.0391659,0.0301617,
75,2e-07,0.0008024,0.0005629,0.0012611,0.0014606,0.0004469,0.0018034,0.0160145,0.0211058,0.0256264,0.0344932,0.0490128,0.0558757,0.0205318,
76,2e-07,0.0008007,0.0006708,0.0004132,0.0012924,0.0018233,0.0023613,0.0104301,0.0193829,0.0287032,0.0396196,0.0610753,0.0515381,0.0187099,
77,2e-07,0.0011888,0.0014636,0.0023435,0.0013033,0.0038463,0.0031677,0.0053687,0.0184966,0.0367389,0.0199003,0.0747329,0.0672032,0.0590723,
78,2e-07,0.0016167,0.0017032,0.0015288,0.0010968,0.0029077,0.0027181,0.0065719,0.0043827,0.0403583,0.0210331,0.0843494,0.075143,0.0674419,
79,2e-07,0.0002486,0.0005507,0.0015242,0.0012943,0.0010568,0.00485,0.0153505,0.0098768,0.0178325,0.0340185,0.0466124,0.0625797,0.0467516,
80,2e-07,0.0013273,0.0006624,0.001531,0.001098,0.0012747,0.0008066,0.015493,0.0322888,0.0330694,0.058253,0.0171669,0.0320253,0.0255223,
81,2e-07,0.0002523,0.0014039,0.0004141,0.0017971,0.0009677,0.0018257,0.0059262,0.0259437,0.0508766,0.0419858,0.0562484,0.0353414,0.0320413,
82,2e-07,0.0002548,0.0014032,0.0008566,0.00177,0.0009496,0.0031507,0.0071589,0.0182524,0.022773,0.0340239,0.0469732,0.0495369,0.0183641,
83,2e-07,0.0007946,0.0017128,0.001157,0.0011006,0.0012618,0.0007276,0.0035952,0.0123726,0.0050171,0.0587999,0.0570813,0.0545539,0.0670558,
84,2e-07,0.0002583,0.0017163,0.0013221,0.0020702,0.001031,0.0017986,0.0026616,0.0148769,0.0139837,0.031705,0.0310053,0.0340789,0.0417702,
85,2e-07,0.0009708,0.000873,0.0020781,0.0020706,0.0009528,0.0017698,0.0028185,0.0071582,0.0058011,0.0172075,0.0237698,0.0196035,0.0335707,
86,2e-07,0.0007957,0.0005506,0.0008587,0.0014483,0.0010405,0.0019171,0.0031973,0.0089322,0.0146867,0.0266552,0.0431489,0.0398915,0.0406857,
87,2e-07,0.0002553,0.0011599,0.0021703,0.0012891,0.0013339,0.000725,0.0035793,0.0141319,0.0222548,0.0216703,0.0378042,0.0153378,0.0225165,
88,2e-07,0.0015897,0.0011185,0.0013214,0.0025152,0.000953,0.0019243,0.002176,0.0106869,0.0250435,0.0305542,0.0388847,0.0255935,0.0292364,
89,2e-07,0.00133,0.0006664,0.000412,0.0027117,0.0013429,0.0018234,0.0043409,0.0102341,0.0114672,0.0249623,0.0461794,0.0209001,0.0379455,
90,2e-07,0.0012278,0.0006675,0.0008647,0.0016623,0.002089,0.0018012,0.0020073,0.0211239,0.0140482,0.0311256,0.0399031,0.037231,0.0600453,
91,2e-07,0.0016187,0.001238,0.0015266,0.0013033,0.0020944,0.0019326,0.0042227,0.0241934,0.0302897,0.0212651,0.0322552,0.0313294,0.0748815,
92,2e-07,0.0002461,0.0014698,0.000869,0.0013021,0.0023493,0.0036245,0.0030685,0.0183867,0.0627553,0.0417974,0.0426657,0.0574163,0.077923,
93,2e-07,0.000246,0.0005638,0.0015276,0.0010334,0.0009566,0.0010757,0.0050333,0.0222073,0.0091865,0.0500288,0.0292299,0.0370865,0.0666224,
94,1e-07,0.0008027,0.0005662,0.0008713,0.0007742,0.0006288,0.0007495,0.0034908,0.010564,0.0201909,0.0361637,0.0782135,0.0218292,0.0467337,
95,1e-07,0.0002488,0.0005688,0.0007686,0.0003797,0.0009602,0.0019339,0.0010729,0.016855,0.0195665,0.0451554,0.0465392,0.0254231,0.0147644,
96,1e-07,0.000248,0.0007591,0.0008692,0.0003788,0.0004355,0.0018337,0.0054711,0.0076162,0.0276854,0.083707,0.0750757,0.0266304,0.0286002,
97,1e-07,0.0012201,0.0011219,0.001341,0.0003775,0.0014711,0.0007295,0.0092123,0.0117317,0.0228052,0.0570087,0.0742185,0.0210037,0.0144441,
98,1e-07,0.0002498,0.0005703,0.001092,0.0020719,0.0009646,0.001072,0.0061979,0.0093347,0.0215395,0.0635569,0.0491028,0.0457021,0.0457497,
99,1e-07,0.0002507,0.0006829,0.0011712,0.0017855,0.0018215,0.0019306,0.002402,0.0314761,0.0148144,0.0490139,0.0383594,0.0298218,0.0419693,
100,1e-07,0.0002504,0.0012335,0.0014634,0.0012855,0.0006396,0.0007245,0.0015174,0.0211806,0.0292088,0.0385401,0.0156734,0.0346581,0.0530369,
101,1e-07,0.0008006,0.0005673,0.0007688,0.0012846,0.001066,0.0010913,0.0018168,0.0077482,0.0218312,0.0246948,0.0278328,0.0318268,0.0396397,
102,1e-07,0.0002533,0.0005638,0.0018274,0.0007645,0.0018437,0.0010871,0.0033355,0.0100761,0.0183221,0.0185261,0.022961,0.0369306,0.0600129,
103,2e-07,0.0007983,0.000773,0.0010842,0.0011043,0.0018195,0.0010869,0.0028149,0.0125361,0.0060876,0.0325458,0.0517123,0.0469299,0.0749643,
104,2e-07,0.0007971,0.0013242,0.0010833,0.0016493,0.0021171,0.0010799,0.004199,0.018943,0.0431175,0.0291343,0.0143229,0.0513276,0.0434492,
105,2e-07,0.0002597,0.0006712,0.000402,0.0014714,0.0004673,0.0010585,0.0057988,0.0326945,0.0384525,0.0419359,0.0265656,0.0671305,0.0659607,
106,2e-07,0.0002618,0.0013205,0.0007693,0.0024573,0.0012259,0.0019183,0.0049036,0.031535,0.0321943,0.0310207,0.0393997,0.025868,0.0535858,
107,2e-07,0.0002639,0.0006726,0.0004002,0.0012753,0.0020444,0.0017816,0.0076305,0.0227877,0.0308034,0.0411062,0.0421136,0.0363738,0.0349698,
108,2e-07,0.0002666,0.000859,0.0004011,0.0013039,0.0012455,0.0007617,0.0085159,0.0274261,0.0274632,0.043401,0.0378333,0.0395242,0.0411898,
109,1e-07,0.0002673,0.0018473,0.0012568,0.0014817,0.0004657,0.0007593,0.0023153,0.0276245,0.0146995,0.064415,0.0522882,0.0818965,0.0698327,
110,1e-07,0.0002648,0.0006779,0.0015196,0.0008076,0.0009686,0.0014239,0.001382,0.0110561,0.0138869,0.017341,0.0187424,0.0462901,0.0508291,
111,1e-07,0.0002645,0.0006805,0.0013432,0.0016502,0.0012553,0.0016146,0.0032582,0.0087751,0.0207046,0.0048181,0.0317653,0.0451729,0.0213096,
112,1e-07,0.0002629,0.0007613,0.001342,0.0017836,0.0010717,0.0020163,0.0019982,0.0121378,0.0136741,0.0088074,0.0420631,0.0445859,0.0277505,
113,1e-07,0.0012238,0.001151,0.0007687,0.0007993,0.0010738,0.0007519,0.0045027,0.0096369,0.0159191,0.0147053,0.0057862,0.0241114,0.0311774,
114,1e-07,0.0002627,0.0012568,0.0004017,0.0012813,0.0014109,0.0027493,0.0049825,0.0089194,0.0162457,0.0080306,0.0256491,0.040886,0.0274371,
115,1e-07,0.0009009,0.0005709,0.0008712,0.0007754,0.001409,0.0007881,0.0063316,0.0118738,0.0226926,0.0109257,0.0243814,0.040033,0.0309219,
116,1e-07,0.0009538,0.0007612,0.0012537,0.0014534,0.0029133,0.0028629,0.0226418,0.0282384,0.0430147,0.0267157,0.0328003,0.0542976,0.0384507,
117,1e-07,0.0014921,0.0012663,0.0008713,0.0038548,0.0041902,0.0072505,0.0149082,0.0323304,0.0402442,0.0310474,0.0304615,0.0386901,0.0355911,
118,1e-07,0.0011068,0.001782,0.0064549,0.0064575,0.0066111,0.010982,0.022886,0.0318123,0.0073505,0.0785849,0.0310188,0.0373878,0.022461,
119,1e-07,0.0015735,0.0024842,0.0036982,0.0086413,0.0064322,0.0074931,0.0362994,0.0247937,0.0384308,0.0499136,0.0546119,0.0576772,0.0403862,
120,1e-07,0.0002582,0.0013286,0.0032806,0.0043367,0.0073962,0.0086588,0.0162193,0.0129666,0.0595922,0.0751914,0.0404412,0.0340358,0.0277305,
121,1e-07,0.0002589,0.0012247,0.0010837,0.0021143,0.0023855,0.0048932,0.0129184,0.0223434,0.0497561,0.053747,0.0461811,0.0216114,0.0189069,
122,1e-07,0.0002603,0.001163,0.0004054,0.0007891,0.002324,0.0024189,0.0154158,0.0116264,0.0253408,0.0395448,0.0289496,0.0247624,0.0363592,
123,1e-07,0.001215,0.0012585,0.001163,0.0017841,0.0041676,0.0038217,0.0143189,0.0063269,0.0210846,0.0314051,0.0603974,0.0418998,0.0602047,
124,0.0,0.0002639,0.0006861,0.0008746,0.00111,0.0012781,0.0018017,0.0113965,0.0275933,0.0528053,0.0201467,0.039207,0.0236585,0.0567638,
125,0.0,0.0002636,0.0011548,0.0008717,0.0012818,0.0012745,0.0020344,0.0025801,0.0161116,0.0335008,0.0039387,0.0463019,0.0125926,0.0212273,
126,1e-07,0.0012811,0.0008412,0.0013151,0.0018079,0.0012036,0.0013982,0.0032675,0.0133154,0.016289,0.0221273,0.0079196,0.0439556,0.0533171,
127,1e-07,0.0007998,0.0006846,0.0012445,0.0014468,0.0009714,0.0010664,0.0022819,0.0082165,0.0124922,0.0195727,0.0174379,0.0321961,0.0391549,
128,1e-07,0.0015334,0.00116,0.000879,0.0012769,0.0004519,0.0020235,0.0020959,0.0157814,0.0304688,0.0204183,0.016746,0.02909,0.0275891,
129,1e-07,0.000267,0.0011367,0.001168,0.0010201,0.0012542,0.0016295,0.0022818,0.0115439,0.0327219,0.0829103,0.0171402,0.0537215,0.0414065,
130,1e-07,0.0017595,0.0007694,0.0012425,0.0007647,0.0012522,0.0007669,0.0038632,0.012497,0.0178435,0.0581194,0.0397474,0.0536935,0.0396241,
131,2e-07,0.001164,0.0005611,0.0012601,0.0010207,0.0013027,0.0028576,0.0024234,0.0128173,0.0268262,0.0182358,0.0460693,0.0284562,0.01142,
132,2e-07,0.0012311,0.000558,0.0017629,0.0014356,0.0022213,0.0010369,0.0044921,0.0183643,0.0285911,0.026286,0.0170135,0.0305282,0.0427639,
133,2e-07,0.0002708,0.0005554,0.0014535,0.0017234,0.0014665,0.0007217,0.003111,0.0198499,0.0198049,0.0202403,0.0218085,0.0233397,0.0436627,
134,2e-07,0.000969,0.0005556,0.0004068,0.0007627,0.0022346,0.00255,0.0045775,0.0139058,0.0333253,0.0264949,0.0561359,0.0214988,0.0319394,
135,2e-07,0.0012882,0.0014735,0.0013325,0.0024111,0.0034097,0.0060521,0.0120457,0.0100172,0.0304195,0.0606698,0.03627,0.0425248,0.0323701,
136,1e-07,0.0002685,0.0014756,0.0008794,0.0025045,0.004256,0.0055755,0.0089635,0.0114815,0.0267385,0.0320104,0.0090828,0.0568877,0.0496996,
137,1e-07,0.0009604,0.0011644,0.0017695,0.0033339,0.0052301,0.0066895,0.008954,0.0107363,0.0395522,0.0192036,0.0184471,0.0574905,0.0333842,
138,1e-07,0.0014811,0.0033137,0.00667,0.0075015,0.0089754,0.0151199,0.0138058,0.030315,0.0535971,0.0572026,0.0331368,0.0299013,0.080374,
139,1e-07,0.0002691,0.0011593,0.0029136,0.0057891,0.0058217,0.0063161,0.0117592,0.0338872,0.042094,0.0549584,0.0596012,0.062126,0.0534759,
140,1e-07,0.0013388,0.0024648,0.0028547,0.0086211,0.0118033,0.0108826,0.0069332,0.0329399,0.0260875,0.0860447,0.0964161,0.0874828,0.0441707,
141,1e-07,0.0021157,0.004259,0.007268,0.0127833,0.0161116,0.0223916,0.0335662,0.0591608,0.0353428,0.055038,0.0761936,0.0783134,0.0543083,
142,2e-07,0.0044146,0.0122086,0.0151257,0.0185873,0.0205108,0.0326153,0.035541,0.0704836,0.0231881,0.0539558,0.07362,0.0650415,0.0816951,
143,2e-07,0.0015324,0.0073234,0.0151311,0.0284495,0.0364354,0.0451655,0.0349792,0.1072637,0.0303694,0.0830783,0.0611138,0.0640487,0.0528368,
144,1e-07,0.0022725,0.0042956,0.011422,0.0240664,0.0303287,0.0322976,0.0242081,0.0371702,0.0400209,0.0607736,0.0594996,0.0694938,0.0622517,
145,2e-07,0.0020874,0.0047716,0.0064722,0.0068483,0.0099063,0.0191568,0.0190073,0.0308765,0.049649,0.0403869,0.0503641,0.0530064,0.0550106,
146,2e-07,0.001335,0.0047202,0.0051508,0.0066019,0.0023825,0.0063003,0.0175757,0.0313016,0.0295133,0.0165388,0.059815,0.0503396,0.0315942,
147,1e-07,0.0002614,0.0008549,0.0014753,0.0040927,0.001975,0.003143,0.0122086,0.0198258,0.0261256,0.0065283,0.0367386,0.0307262,0.030979,
148,1e-07,0.0002605,0.0011546,0.002328,0.0035053,0.0025048,0.0031335,0.004451,0.0203059,0.0199081,0.0166268,0.0210627,0.0345317,0.0293423,
149,1e-07,0.0009588,0.0012115,0.0013162,0.0016117,0.0025719,0.0024146,0.0047053,0.0062465,0.0044848,0.0079875,0.026846,0.0308306,0.0385352,
150,1e-07,0.0007995,0.0005676,0.0013403,0.0007687,0.0004503,0.001635,0.0048143,0.0027561,0.0070892,0.010295,0.0319192,0.0352284,0.0430242,
151,1e-07,0.0008001,0.0008465,0.00109,0.0012251,0.0004486,0.001031,0.0037882,0.0103462,0.0210334,0.0180223,0.0190309,0.0297471,0.0380675,
152,1e-07,0.000257,0.0012449,0.0015293,0.0007693,0.0012659,0.0007355,0.0023163,0.0192151,0.040782,0.0394297,0.022654,0.0333691,0.0424944,
153,1e-07,0.0002556,0.0019459,0.001236,0.0012796,0.0009223,0.0014129,0.0027092,0.0344491,0.0567972,0.0400306,0.0348357,0.0418992,0.0401409,
154,0.0,0.0002544,0.0012934,0.0015291,0.0007997,0.0009209,0.0014152,0.0026879,0.0188401,0.0355072,0.0281544,0.0518529,0.0426937,0.0463244,
155,0.0,0.0002526,0.0007512,0.0016059,0.0012825,0.0010825,0.0007566,0.0053489,0.0424859,0.040053,0.0401656,0.02472,0.0437398,0.055294,
156,1e-07,0.0009554,0.0005726,0.0016048,0.0011064,0.0004442,0.0010294,0.0021558,0.0397897,0.0425137,0.0333258,0.0218679,0.0472265,0.0730698,
157,1e-07,0.0008009,0.0006816,0.0011711,0.0011063,0.0010717,0.0014281,0.0056076,0.0163813,0.0314573,0.019214,0.0184437,0.0288785,0.0385949,
158,1e-07,0.0007996,0.0007636,0.0010882,0.0012815,0.0006406,0.0021718,0.0088494,0.0092226,0.0114755,0.0147596,0.0084947,0.0562014,0.0476816,
159,1e-07,0.0002571,0.0005643,0.0012442,0.0007679,0.0013414,0.0019193,0.0036154,0.0087787,0.006445,0.0200163,0.0113492,0.0291892,0.0407755,
160,1e-07,0.0009618,0.000675,0.0013157,0.0007663,0.0022291,0.0017366,0.0036988,0.0104105,0.0175952,0.0069804,0.0200846,0.0304891,0.0285367,
161,2e-07,0.0011747,0.0012081,0.0007692,0.0017333,0.0021973,0.0040039,0.0138161,0.0033172,0.0087659,0.0143888,0.0199462,0.0252421,0.0131081,
162,2e-07,0.0009011,0.0005591,0.0012505,0.0003765,0.0097728,0.0147554,0.0154184,0.0138665,0.0171813,0.0064328,0.0364224,0.0210864,0.042984,
163,2e-07,0.0013774,0.0017787,0.005416,0.0073078,0.0169996,0.0188476,0.0193884,0.0194679,0.0225668,0.0474251,0.037822,0.0205138,0.0473257,
164,2e-07,0.0002639,0.0024868,0.006276,0.0095268,0.0091729,0.0135002,0.0142258,0.0300644,0.0376698,0.0436999,0.051066,0.0341047,0.048636,
165,2e-07,0.0007958,0.0052972,0.0109536,0.0158279,0.0179471,0.0157439,0.032974,0.0190428,0.017135,0.0210339,0.0496007,0.0437895,0.0372889,
166,2e-07,0.0041603,0.0029364,0.0029731,0.0064422,0.014979,0.010466,0.0126049,0.0392786,0.0336121,0.0338571,0.059416,0.0473384,0.0308907,
167,2e-07,0.0013889,0.0025162,0.0109577,0.007401,0.0102986,0.0218653,0.0230722,0.0250492,0.0454485,0.0442218,0.0441758,0.0630936,0.0624527,
168,2e-07,0.0017484,0.004673,0.005008,0.0092774,0.0128134,0.0116638,0.0136115,0.0196902,0.0704,0.0728142,0.0813804,0.0359984,0.0385944,
169,2e-07,0.0011039,0.002473,0.003134,0.003919,0.0042489,0.0079287,0.0273714,0.055477,0.0891727,0.0470185,0.0724915,0.0514407,0.0577846,
170,2e-07,0.0026112,0.0021773,0.0062122,0.0065888,0.0081501,0.0083356,0.0404896,0.0733348,0.073301,0.0525339,0.0706042,0.0804398,0.0931759,
171,2e-07,0.000964,0.0020955,0.0058682,0.0092404,0.0134835,0.0160242,0.0254948,0.0277746,0.0189698,0.0461452,0.0537466,0.0490479,0.0554221,
172,2e-07,0.0009645,0.0016972,0.0042909,0.0120651,0.0155689,0.0237775,0.0325215,0.015907,0.0275443,0.0598441,0.0508814,0.038162,0.0340622,
173,2e-07,0.0014969,0.0011526,0.0042806,0.0063768,0.0074519,0.0107019,0.0144185,0.0165921,0.0309101,0.034952,0.035205,0.0407206,0.0364721,
174,2e-07,0.000264,0.0017818,0.0022266,0.0032629,0.0050372,0.0098275,0.0084814,0.016471,0.0230654,0.0171276,0.064701,0.039079,0.0235854,
175,2e-07,0.0002616,0.0013235,0.0004087,0.0016011,0.0004689,0.0026614,0.0052135,0.0144012,0.0352381,0.018063,0.0252876,0.0248845,0.0198077,
176,2e-07,0.0014992,0.0006693,0.0010803,0.0007641,0.0016434,0.0020294,0.0032416,0.0158292,0.04426,0.0407265,0.0378556,0.0135369,0.0326964,
177,2e-07,0.0007969,0.0013105,0.0010817,0.0007655,0.000958,0.0030674,0.0032943,0.0105899,0.0265556,0.0312782,0.0477685,0.0437031,0.0431027,
178,2e-07,0.0002565,0.0005526,0.0015199,0.0014446,0.0009461,0.0007498,0.0020799,0.0086838,0.0405018,0.0405814,0.0414993,0.0535603,0.0264346,
179,2e-07,0.0007952,0.000785,0.001159,0.0011031,0.0022105,0.0010464,0.0033408,0.0226991,0.0319408,0.0548942,0.0282313,0.0502292,0.0400401,
180,2e-07,0.0011732,0.0018679,0.0008552,0.0003792,0.0010269,0.001767,0.004565,0.0158058,0.0360212,0.05074,0.0699878,0.0370173,0.0409443,
181,2e-07,0.0007938,0.0015743,0.0008553,0.0003778,0.0018352,0.001635,0.0034543,0.0155332,0.0384021,0.047034,0.0687282,0.0283584,0.0326236,
182,2e-07,0.0007944,0.0011487,0.0015346,0.0020282,0.0014318,0.0021563,0.012234,0.0171316,0.0186205,0.0146309,0.0479688,0.034693,0.0194961,
183,2e-07,0.0007927,0.0005504,0.0015174,0.001788,0.003265,0.0019031,0.0174616,0.0270848,0.0245218,0.0561254,0.0478071,0.0445478,0.0873122,
184,2e-07,0.0009757,0.0015766,0.0015169,0.0011068,0.0038195,0.0044958,0.0061918,0.01963,0.0471107,0.0676104,0.0632818,0.0616749,0.0548995,
185,2e-07,0.000267,0.0015761,0.0011558,0.0008039,0.001938,0.0040194,0.0028012,0.0333251,0.058279,0.039076,0.0375117,0.0725716,0.0531651,
186,2e-07,0.0002654,0.0012803,0.0022283,0.003294,0.0028339,0.0047055,0.0154907,0.036829,0.0491816,0.0647958,0.0555508,0.0727366,0.0577535,
187,2e-07,0.0002646,0.0007908,0.0012707,0.0065962,0.0076696,0.0078727,0.0224047,0.0384353,0.0363698,0.0504651,0.0526049,0.0502081,0.0608032,
188,2e-07,0.0023765,0.005299,0.0057619,0.0071144,0.0060926,0.0065586,0.0227463,0.0499182,0.0688777,0.0769382,0.0640221,0.0572547,0.0494927,
189,2e-07,0.002258,0.0045078,0.0028393,0.0085569,0.0119081,0.0248808,0.0475453,0.0554545,0.0547794,0.1070993,0.1043689,0.0557528,0.0245569,
190,5e-07,0.0014909,0.0011512,0.0046009,0.0106402,0.0110304,0.0099486,0.0388715,0.0277842,0.0559195,0.085498,0.0519197,0.035369,0.036696,
191,5e-07,0.0019564,0.0064546,0.0098816,0.014925,0.0184896,0.0095138,0.0668638,0.0778183,0.105778,0.0849765,0.0638445,0.0321487,0.1014252,
192,2e-07,0.0026852,0.0076062,0.0100238,0.0152868,0.015164,0.0176967,0.048079,0.075606,0.1137682,0.0616242,0.0538356,0.0430127,0.0780524,
193,2e-07,0.0018716,0.0043896,0.0060724,0.0107628,0.0105357,0.0156461,0.0275616,0.0741586,0.0902624,0.080356,0.1014568,0.0694828,0.0352266,
194,2e-07,0.0011657,0.0018794,0.004859,0.0057288,0.0057675,0.0072277,0.0141431,0.0292988,0.0448467,0.1005155,0.064734,0.0458812,0.0403652,
195,2e-07,0.0019841,0.0015736,0.00283,0.0044205,0.0053063,0.0143328,0.0215239,0.0218918,0.06683,0.0802774,0.062751,0.0376907,0.0430873,
196,2e-07,0.0009719,0.0012415,0.0013191,0.0024037,0.0042066,0.005876,0.0159788,0.0729726,0.0938207,0.0646369,0.0428438,0.0430258,0.0360139,
197,2e-07,0.0017596,0.000861,0.0004057,0.0016097,0.0018245,0.0025835,0.014481,0.0237021,0.0660802,0.069654,0.0290048,0.0242447,0.0496331,
198,2e-07,0.0002744,0.0018015,0.0008567,0.0016095,0.001229,0.0025846,0.0076056,0.0428315,0.0436953,0.0520226,0.040579,0.0274448,0.0306255,
199,1e-07,0.0007945,0.0013404,0.0015182,0.0013292,0.0014207,0.0020279,0.003349,0.0328927,0.0498644,0.0404742,0.0534242,0.0220504,0.0209079,
200,1e-07,0.0011626,0.0011842,0.0008593,0.0012702,0.0009712,0.0027432,0.0024535,0.0176721,0.0204205,0.0451967,0.0457171,0.0513288,0.0319939,
201,1e-07,0.0012832,0.000568,0.0010837,0.0003686,0.0009742,0.0007644,0.0012003,0.0091539,0.0162895,0.0218635,0.0537775,0.0460985,0.0265002,
202,1e-07,0.0002694,0.0007606,0.0014498,0.0007613,0.0008964,0.000757,0.0036772,0.0048266,0.0126336,0.0298283,0.0392127,0.0283417,0.0234702,
203,1e-07,0.0011656,0.0006836,0.0014144,0.0003682,0.0012461,0.000758,0.0013936,0.0078766,0.0276541,0.0236516,0.0576379,0.0103794,0.0514247,
204,1e-07,0.000272,0.0018688,0.0008639,0.0003671,0.0004577,0.0016013,0.0005153,0.0086341,0.0239043,0.03768,0.0354664,0.0246676,0.0178558,
205,0.0,0.0012176,0.0007535,0.0012303,0.0007636,0.0012415,0.0007291,0.0015175,0.0030005,0.0036983,0.0228813,0.0362612,0.0197067,0.0111218,
206,0.0,0.0002686,0.0006886,0.0008881,0.0010125,0.0014063,0.0016097,0.0023385,0.0039434,0.0167937,0.0177158,0.0411339,0.0100232,0.0261591,
207,0.0,0.0002705,0.0007481,0.0007692,0.001055,0.0004498,0.000751,0.0034347,0.0035911,0.0155149,0.0181302,0.0548632,0.0222482,0.0314383,
208,0.0,0.0002723,0.0014815,0.0017534,0.0012668,0.000889,0.0016111,0.0005089,0.00255,0.017067,0.0195985,0.0156883,0.0455626,0.0267794,
209,0.0,0.0002699,0.0005819,0.0012281,0.0003653,0.000887,0.0014177,0.0011918,0.0050528,0.0184208,0.0165248,0.039366,0.0317286,0.0443445,
210,1e-07,0.0002692,0.0011788,0.000769,0.001756,0.0012915,0.0010522,0.0011889,0.0081634,0.0265081,0.0263056,0.0256714,0.0726983,0.0259744,
211,1e-07,0.0008006,0.0006971,0.0017594,0.0023167,0.0011921,0.001055,0.0022009,0.0084784,0.0285898,0.0182516,0.0116384,0.0528121,0.0400289,
212,1e-07,0.0002715,0.0012171,0.0010975,0.0003632,0.0006688,0.0007515,0.0015922,0.008358,0.0312765,0.033486,0.0288305,0.0567028,0.0184764,
213,1e-07,0.0008017,0.0012219,0.0013588,0.0012144,0.0008857,0.0007459,0.001184,0.0095802,0.0235348,0.0367167,0.0119757,0.0568589,0.0171058,
214,1e-07,0.0002704,0.0011841,0.0014036,0.0007734,0.0006689,0.0016008,0.0014966,0.0107613,0.0259665,0.0275619,0.0298984,0.0474302,0.0174123,
215,1e-07,0.0002724,0.0008223,0.0007684,0.0008121,0.0006728,0.0007502,0.0027699,0.0171317,0.0155822,0.0419358,0.0509026,0.0351974,0.0627197,
216,1e-07,0.0008013,0.0007015,0.0007689,0.0003612,0.0004387,0.0010546,0.0022727,0.0177295,0.0111517,0.0239123,0.0568566,0.0402562,0.061468,
217,1e-07,0.0008005,0.0016524,0.0008723,0.0003612,0.0004429,0.001614,0.0026713,0.0167825,0.0285223,0.0488732,0.0076283,0.0872137,0.0859968,
218,1e-07,0.0008,0.0007355,0.0008713,0.00077,0.001189,0.0014326,0.0033342,0.0102813,0.0153443,0.0443445,0.0142222,0.0807737,0.0533365,
219,1e-07,0.0002782,0.0005861,0.0003863,0.0019685,0.0013986,0.000767,0.001074,0.0087778,0.0188272,0.0420918,0.0357579,0.0203782,0.0257134,
220,1e-07,0.001159,0.0007428,0.0011128,0.0017578,0.0004537,0.0007632,0.0019877,0.0114127,0.0120684,0.0366512,0.0589043,0.0723419,0.0378624,
221,0.0,0.0002785,0.0005834,0.000385,0.0015682,0.0017042,0.0014366,0.002989,0.0077313,0.010638,0.0274092,0.0303643,0.0411514,0.0454518,
222,1e-07,0.00158,0.0005849,0.00122,0.0012573,0.0009923,0.0007651,0.0025651,0.0089771,0.0322581,0.0382583,0.0437364,0.0351353,0.0513351,
223,0.0,0.0015771,0.0005809,0.0007694,0.0012989,0.0021679,0.0010519,0.0018279,0.0160993,0.0426158,0.0419486,0.0238757,0.0334306,0.0516956,
224,0.0,0.0009633,0.001346,0.0003845,0.0016024,0.0008651,0.0010502,0.0029891,0.0175182,0.0217682,0.0435159,0.0220329,0.0664114,0.0310972,
225,1e-07,0.0011559,0.0014784,0.0003867,0.0017745,0.0012237,0.0007241,0.0028817,0.0182751,0.0272837,0.0587795,0.0296485,0.0374522,0.0254175,
226,1e-07,0.0009689,0.0013491,0.0013884,0.0014203,0.0004789,0.0016238,0.0027614,0.0140856,0.0214232,0.0592675,0.0222306,0.0286634,0.0213695,
227,1e-07,0.0012227,0.0011867,0.0012545,0.0017775,0.0008771,0.0017613,0.0053107,0.0135981,0.0404729,0.0658675,0.0531634,0.0550986,0.0731087,
228,1e-07,0.0016292,0.0007702,0.0013092,0.0010126,0.0009764,0.0015895,0.0073189,0.0329894,0.081609,0.0753755,0.0833806,0.0923464,0.1055196,
229,1e-07,0.0002776,0.0011022,0.0013088,0.0015717,0.0012286,0.0022775,0.0057543,0.0321061,0.0813178,0.0479367,0.074295,0.0968847,0.0662374,
230,1e-07,0.0002767,0.0006808,0.0014416,0.0012069,0.0008789,0.0010292,0.0048132,0.0237911,0.0384701,0.0215032,0.0616013,0.0723672,0.0938808,
231,1e-07,0.0002761,0.0006769,0.0012266,0.0016775,0.0009746,0.0025753,0.0050249,0.0161847,0.0268143,0.0675398,0.0671898,0.0675519,0.0709201,
232,2e-07,0.0012839,0.0008595,0.0013114,0.0012061,0.0019668,0.0017529,0.0117395,0.0166341,0.0213744,0.0444711,0.0711731,0.0642874,0.0452929,
233,1e-07,0.0002795,0.0008571,0.0011131,0.0012074,0.0008833,0.0029564,0.0124026,0.0197173,0.0232156,0.0383488,0.0747889,0.0440569,0.0468625,
234,1e-07,0.0002771,0.0011692,0.0015379,0.0010547,0.0008887,0.0021669,0.0091876,0.0195838,0.0414101,0.0683102,0.0454717,0.0465269,0.0578303,
235,2e-07,0.0012222,0.0006748,0.001314,0.0012645,0.0004818,0.0014411,0.0040191,0.011159,0.0030775,0.0493982,0.0364377,0.0435507,0.0637634,
236,2e-07,0.0008807,0.0011002,0.0012337,0.0007577,0.0021995,0.0007866,0.005123,0.0200588,0.0247833,0.0612054,0.0363045,0.0327576,0.0456839,
237,1e-07,0.0002796,0.0005656,0.000891,0.0013003,0.0004751,0.0007423,0.0064656,0.0123118,0.0203567,0.0177868,0.0203423,0.037444,0.0506632,
238,1e-07,0.0002775,0.0007722,0.0012364,0.0010137,0.0006477,0.0010707,0.0197584,0.0268278,0.0068369,0.0136216,0.0165784,0.0539086,0.0739141,
239,1e-07,0.0002754,0.0006776,0.0003986,0.0008167,0.0012261,0.0027521,0.0133917,0.0111427,0.012287,0.0332425,0.0274551,0.0605173,0.0752168,
240,2e-07,0.00163,0.0007715,0.00077,0.0007577,0.0006482,0.0007701,0.0099627,0.00642,0.0150259,0.0232776,0.0618617,0.0619852,0.0770554,
241,2e-07,0.0013864,0.0008585,0.0008531,0.0007554,0.0009719,0.000768,0.0061555,0.0115805,0.0108976,0.0216646,0.090958,0.068369,0.0793518,
242,1e-07,0.001232,0.0007686,0.0013103,0.0016757,0.00123,0.0016006,0.0011776,0.0075689,0.026918,0.0401791,0.0182094,0.0678871,0.0593811,
243,1e-07,0.0008922,0.0005622,0.0008991,0.0008211,0.0006527,0.0010514,0.0014025,0.0234495,0.0166582,0.0274551,0.0474564,0.0630594,0.0484046,
244,1e-07,0.0012303,0.0018726,0.0014394,0.0014244,0.0008845,0.0007548,0.0055083,0.0062359,0.0080794,0.0433169,0.0673802,0.0679649,0.0617899,
245,1e-07,0.0016256,0.0006774,0.0010835,0.001267,0.0012315,0.0007474,0.0048101,0.0190057,0.0199019,0.0215989,0.0494939,0.0816879,0.0571347,
246,1e-07,0.0002676,0.0011711,0.0012267,0.0010176,0.000471,0.000742,0.0039299,0.0223533,0.0175814,0.0337675,0.0622751,0.0593082,0.0620803,
247,1e-07,0.0011656,0.0013326,0.0013925,0.0007571,0.0008857,0.000738,0.0039273,0.0124128,0.0229574,0.0303689,0.0367054,0.0428228,0.0589077,
248,1e-07,0.0008963,0.0005697,0.0012493,0.0011135,0.0008872,0.0017537,0.0010549,0.0154392,0.0399101,0.0199351,0.0237559,0.0491847,0.0478627,
249,1e-07,0.0002646,0.0008454,0.0013072,0.00037,0.0008923,0.0007448,0.0015926,0.0158065,0.0238864,0.0304946,0.0325781,0.0345428,0.0504968,
250,0.0,0.0011048,0.0005748,0.0013066,0.0014314,0.0004584,0.0010449,0.0011855,0.0067932,0.0129987,0.0192014,0.038811,0.033032,0.0675873,
251,0.0,0.0002655,0.0006882,0.0008644,0.00143,0.0008829,0.0007386,0.0025496,0.0044448,0.0437867,0.0455446,0.0282678,0.0333428,0.0654873,
252,0.0,0.0015908,0.0005796,0.0013926,0.0011153,0.0014042,0.0021255,0.0035731,0.0064593,0.0452533,0.0461371,0.0457361,0.0327925,0.0411399,
253,0.0,0.0002664,0.0007451,0.0008918,0.0010117,0.0008855,0.0010464,0.0017575,0.006548,0.0217098,0.0826756,0.0361411,0.0247631,0.0400744,
254,0.0,0.0008946,0.0008336,0.0008671,0.0007623,0.0004529,0.0014182,0.001183,0.004165,0.0410462,0.0766395,0.0647232,0.0172992,0.0335997,
255,1e-07,0.0012164,0.0012609,0.0007688,0.0012121,0.0004493,0.001591,0.0011862,0.0182576,0.0742406,0.0369761,0.034918,0.0430475,0.0551487,
256,1e-07,0.0002657,0.0008285,0.0014056,0.0003656,0.0016273,0.000741,0.001057,0.0081873,0.0462183,0.0405104,0.0466409,0.0490387,0.0342773,
257,1e-07,0.0012265,0.0006985,0.0008713,0.0014142,0.0004452,0.0007409,0.0026663,0.0075722,0.0477077,0.0551613,0.0443942,0.0385597,0.0285269,
258,1e-07,0.0002691,0.0012174,0.0016947,0.0010061,0.0008707,0.0016119,0.0036562,0.0233657,0.0266639,0.0721017,0.1200096,0.0534973,0.0427752,
259,1e-07,0.0011657,0.0008324,0.0007688,0.001209,0.0008724,0.0010516,0.0005075,0.0125959,0.0143784,0.0393354,0.0376231,0.0179009,0.0333843,
260,0.0,0.0008911,0.0008369,0.0016984,0.001008,0.0014138,0.0017698,0.0011765,0.0041701,0.0059312,0.0342949,0.0299816,0.0184666,0.0309752,
261,0.0,0.0002702,0.0005764,0.0003845,0.001301,0.0012876,0.0007334,0.0020676,0.0013909,0.0133516,0.0175834,0.0278429,0.0300744,0.0326756,
262,1e-07,0.0015801,0.0008435,0.0003855,0.0011178,0.001302,0.0010482,0.0017739,0.0068567,0.0061492,0.0274246,0.0182895,0.0564623,0.0390214,
263,0.0,0.0007962,0.0013381,0.001221,0.0010062,0.0004635,0.0010534,0.0018431,0.0085045,0.0079586,0.0120565,0.008915,0.0455686,0.0453051,
264,0.0,0.0002733,0.0006905,0.0008636,0.0012631,0.0008776,0.0007574,0.0011741,0.003671,0.0122534,0.0170011,0.0150219,0.043201,0.0439007,
265,1e-07,0.0007954,0.0006868,0.0013076,0.0010563,0.0004656,0.0007343,0.0011914,0.0081044,0.0123596,0.0305677,0.0207273,0.042043,0.0390015,
266,0.0,0.0011572,0.0007538,0.0003878,0.0012608,0.0004668,0.0007655,0.0018552,0.0195934,0.0199589,0.0337406,0.030629,0.03982,0.0260792,
267,0.0,0.0008848,0.0007496,0.0008926,0.0003637,0.0004605,0.000766,0.0022744,0.0135692,0.0270159,0.0208049,0.0488171,0.043799,0.024647,
268,0.0,0.0015795,0.0007541,0.0017525,0.00149,0.0012991,0.0017733,0.0023415,0.0209248,0.0216474,0.0286498,0.038705,0.0361737,0.0289385,
269,1e-07,0.0007947,0.0006865,0.0013499,0.0012467,0.0016558,0.0016183,0.0046105,0.0235327,0.016967,0.0263555,0.0427088,0.048966,0.0164877,
270,0.0,0.00028,0.0007528,0.0007696,0.0012448,0.0006647,0.0014179,0.0039358,0.0137603,0.0422703,0.0139019,0.0420573,0.0640873,0.0300016,
271,0.0,0.0002794,0.0011974,0.0003919,0.0012627,0.0008826,0.0007535,0.001528,0.0145756,0.0396297,0.0345365,0.0510322,0.0471858,0.031196,
272,1e-07,0.0002804,0.001255,0.0013114,0.0014299,0.0009787,0.0007387,0.0010659,0.0240019,0.0458487,0.0536394,0.0501282,0.040719,0.0254848,
273,1e-07,0.0002827,0.0013008,0.0003936,0.0003631,0.001231,0.0010133,0.0030919,0.0291469,0.0286469,0.0518285,0.0430839,0.0367814,0.0242499,
274,0.0,0.0015758,0.0007523,0.00089,0.0012942,0.0008771,0.0020323,0.0055113,0.0287207,0.0485585,0.0552105,0.0719935,0.0451988,0.0414136,
275,0.0,0.000282,0.0006914,0.0015197,0.0010023,0.001547,0.0020324,0.0085373,0.0472733,0.0459986,0.0788945,0.0924246,0.0567428,0.0440803,
276,0.0,0.0002815,0.001876,0.0003923,0.0003613,0.0011998,0.0007493,0.0029135,0.0214627,0.0715866,0.0394537,0.0601804,0.0449612,0.0302226,
277,1e-07,0.0002842,0.0006966,0.0014583,0.0019989,0.0010095,0.0027591,0.0044091,0.0207711,0.0617645,0.0340996,0.0510728,0.0474554,0.0228434,
278,1e-07,0.0012335,0.0005875,0.0003927,0.0003598,0.0004444,0.0007859,0.0086954,0.0317707,0.0270121,0.0529387,0.0349941,0.0234148,0.0456437,
279,1e-07,0.0002816,0.0007379,0.000872,0.0012875,0.0004423,0.0020301,0.0034108,0.024955,0.0578763,0.0430802,0.0504425,0.0481613,0.0315224,
280,1e-07,0.001744,0.0006983,0.0011018,0.0018201,0.0009848,0.0023415,0.0057187,0.0426527,0.019659,0.0117468,0.0406144,0.0322574,0.0444998,
281,1e-07,0.0008006,0.0011916,0.0013511,0.0008109,0.0012649,0.0014315,0.0036016,0.026001,0.0090762,0.0380784,0.035473,0.0182205,0.0492948,
282,1e-07,0.000801,0.0008292,0.0008736,0.001119,0.0012596,0.0007621,0.0039905,0.0250884,0.0306139,0.0667287,0.0629327,0.0250523,0.0463206,
283,1e-07,0.0002748,0.0007371,0.0012406,0.0013314,0.0008971,0.0014287,0.0076326,0.0336663,0.0417515,0.0476296,0.0367608,0.0870138,0.1186652,
284,1e-07,0.0002759,0.0008322,0.00124,0.0008072,0.0013973,0.0007562,0.0046574,0.024827,0.0296763,0.0325853,0.0258197,0.0160825,0.0621163,
285,0.0,0.0007994,0.0008351,0.0013119,0.0003624,0.0017871,0.0022919,0.0058539,0.0249507,0.0476546,0.0373623,0.0538465,0.0056954,0.0298811,
286,0.0,0.0015834,0.0006901,0.0010897,0.000364,0.001203,0.0025837,0.0061181,0.0111857,0.0173624,0.0382439,0.0270335,0.0323867,0.0328791,
287,0.0,0.0002756,0.0006884,0.0013118,0.001775,0.0014341,0.0025806,0.0055191,0.0307743,0.0455266,0.0412479,0.0236539,0.0084169,0.0346593,
288,1e-07,0.0014924,0.0011267,0.001937,0.0012952,0.0018368,0.0007691,0.0035052,0.0216281,0.0533822,0.0453602,0.0388689,0.0333418,0.0080331,
289,1e-07,0.0002713,0.001234,0.0018263,0.0008096,0.0016143,0.0007297,0.0056522,0.0328599,0.0455217,0.0304588,0.0318729,0.0386777,0.0218203,
290,1e-07,0.0002692,0.001169,0.0008827,0.0017831,0.0010787,0.0014244,0.0016151,0.0246743,0.0245959,0.037843,0.0344031,0.0658114,0.0192675,
291,0.0,0.0009562,0.0011687,0.0008837,0.0014401,0.0009073,0.0007594,0.0033316,0.0120484,0.0312255,0.0358773,0.033641,0.0425501,0.0288612,
292,1e-07,0.0002661,0.0008437,0.0008657,0.0003698,0.0004541,0.001777,0.0016017,0.0089135,0.0246679,0.0119524,0.0263236,0.0400623,0.0420446,
293,0.0,0.0002649,0.0008406,0.0013981,0.0017805,0.0014068,0.0010469,0.0023927,0.0068469,0.029671,0.0049911,0.0261397,0.0291003,0.0397529,
294,0.0,0.0002625,0.0012458,0.0011064,0.0007657,0.0013394,0.0007583,0.0021389,0.0109361,0.0177542,0.021166,0.0422306,0.0183905,0.04243,
295,0.0,0.0002638,0.0006883,0.0014015,0.0007685,0.0009085,0.0010658,0.0011783,0.0185436,0.0103939,0.0250895,0.0276337,0.0158546,0.0114572,
296,0.0,0.0009522,0.0007458,0.0003887,0.0016508,0.0009023,0.0016105,0.0021284,0.0107673,0.0184667,0.0283256,0.0081958,0.0095904,0.0160967,
297,0.0,0.0008015,0.0005816,0.000769,0.0007688,0.0012915,0.0020095,0.0010661,0.0059101,0.0254623,0.0327915,0.0355019,0.0172409,0.0280839,
298,0.0,0.0002622,0.0005829,0.0012398,0.0008036,0.0009072,0.0010504,0.0018324,0.0027693,0.0182082,0.0422651,0.0457931,0.0558298,0.0473269,
299,1e-07,0.0008034,0.0006964,0.0007683,0.0008041,0.0009035,0.0007414,0.0024313,0.0049039,0.021201,0.0252247,0.0260013,0.0342452,0.0497751,
300,1e-07,0.0008028,0.0007368,0.0003842,0.0007717,0.0008967,0.0007454,0.000493,0.009501,0.0149467,0.0377912,0.038594,0.0133312,0.0409969,
301,1e-07,0.0011142,0.0012158,0.0015287,0.0011147,0.0009848,0.0010398,0.001997,0.0132168,0.0170605,0.0323907,0.0342101,0.0245139,0.0550783,
302,1e-07,0.0012197,0.0005902,0.0007683,0.0008026,0.0012864,0.0014221,0.0010664,0.0070569,0.0045001,0.0328582,0.0503764,0.0476612,0.0507954,
303,1e-07,0.0012843,0.0006958,0.0003853,0.0007722,0.0013589,0.0007276,0.0015355,0.0162701,0.0097375,0.0276242,0.0171034,0.0273597,0.050543,
304,1e-07,0.0002575,0.0005846,0.0008798,0.0003702,0.0009148,0.0007712,0.0010319,0.0098576,0.0146899,0.022855,0.0186165,0.0110333,0.0393365,
305,0.0,0.0009492,0.0005815,0.000879,0.0003718,0.0009213,0.0013873,0.001068,0.0094101,0.0069356,0.019832,0.0210412,0.0170477,0.0231707,
306,0.0,0.0002533,0.0011752,0.0010992,0.0012828,0.0011919,0.0016416,0.0018171,0.0202147,0.0165944,0.0307236,0.0291289,0.0474869,0.0170064,
307,1e-07,0.0027954,0.0036161,0.0072661,0.0097705,0.0090862,0.0240028,0.0214115,0.0289458,0.0554734,0.0656936,0.0864947,0.0182963,0.0379701,
308,1e-07,0.0017512,0.0039997,0.0045639,0.0062862,0.0149904,0.0229863,0.0370381,0.0370703,0.0605432,0.0702789,0.0979821,0.1032201,0.0347005,
309,1e-07,0.0014798,0.0012278,0.001773,0.0014494,0.0070041,0.0107751,0.0244082,0.008112,0.0175468,0.0651807,0.0371974,0.0531234,0.0239235,
310,1e-07,0.0002705,0.0014792,0.0015268,0.0025887,0.0026904,0.0045068,0.0183285,0.0097245,0.0275649,0.0389898,0.043378,0.0218823,0.028515,
311,0.0,0.0002699,0.0019535,0.0014723,0.0020659,0.0029929,0.0032112,0.0083585,0.0147484,0.0320909,0.047946,0.0715888,0.021371,0.0646699,
312,0.0,0.0014927,0.0005781,0.001167,0.0003688,0.0012745,0.0016469,0.0024012,0.0074453,0.0138024,0.0250581,0.0622081,0.0082845,0.0477157,
313,0.0,0.0008036,0.0015543,0.0010903,0.0020821,0.0018429,0.0007835,0.0031134,0.0043918,0.0311765,0.0231165,0.0319517,0.0197238,0.0534576,
314,0.0,0.0008045,0.0012116,0.0007684,0.0003696,0.0009373,0.0016492,0.0014937,0.0173705,0.0308461,0.0283242,0.029541,0.0163961,0.0434731,
315,0.0,0.0002606,0.0005788,0.0010884,0.0012375,0.0009399,0.0010535,0.0031276,0.0080602,0.0228447,0.0195663,0.0377495,0.0252309,0.0297034,
316,0.0,0.0011148,0.0011679,0.0013435,0.00111,0.0009368,0.0024892,0.0018823,0.0070038,0.0135175,0.021153,0.0150226,0.0504412,0.0515855,
317,0.0,0.0002568,0.0012629,0.0008791,0.0012862,0.0009728,0.001815,0.0046161,0.007967,0.0144399,0.0215688,0.0139525,0.0510865,0.0698275,
318,1e-07,0.0009416,0.0007423,0.0015321,0.0010227,0.0004206,0.0028811,0.0060226,0.0116987,0.0098046,0.0247594,0.0354481,0.0591593,0.0295118,
319,1e-07,0.0008073,0.0005875,0.0013474,0.0003704,0.0013807,0.0010981,0.001231,0.0156584,0.0121884,0.0348679,0.0111309,0.045585,0.0299391,
320,1e-07,0.0002562,0.0005859,0.0012372,0.001231,0.0016461,0.0016383,0.0013955,0.0141478,0.0081491,0.0329375,0.0145284,0.0483753,0.0605972,
321,1e-07,0.0002539,0.000587,0.0007691,0.0003722,0.0016446,0.0018195,0.0046328,0.0162595,0.0261421,0.0194242,0.0253746,0.0546396,0.0576549,
322,1e-07,0.0009378,0.0012608,0.0013097,0.00131,0.0016391,0.0011,0.001553,0.010872,0.0113708,0.0293036,0.0280526,0.0252837,0.0570803,
323,1e-07,0.0012157,0.0007325,0.0014756,0.0003696,0.0015076,0.0007861,0.0021891,0.0058901,0.0083518,0.0146235,0.0317024,0.0444321,0.0670345,
324,1e-07,0.0008092,0.0019141,0.0012294,0.0012303,0.0006585,0.0016473,0.0015206,0.0064159,0.0190526,0.039389,0.029553,0.0449814,0.0487334,
325,1e-07,0.0002547,0.0012525,0.001359,0.0018041,0.0009861,0.0007168,0.0014077,0.0070953,0.0088917,0.0324878,0.0316589,0.0333553,0.0534562,
326,2e-07,0.0002549,0.0012499,0.0007679,0.0007839,0.0014242,0.000697,0.0031195,0.0066814,0.0185398,0.0315228,0.044486,0.0452322,0.0592487,
327,2e-07,0.0002551,0.0007133,0.0007679,0.0012278,0.0013348,0.0013857,0.0032539,0.0076776,0.013382,0.0197044,0.0596753,0.0522078,0.0572248,
328,2e-07,0.0011942,0.0018952,0.0014031,0.0003657,0.0011337,0.0025078,0.0026279,0.0148904,0.010572,0.0565308,0.0761551,0.0795598,0.0495413,
329,2e-07,0.0002544,0.000717,0.001743,0.0021213,0.0006747,0.0019554,0.0020437,0.0155259,0.0939652,0.086267,0.0718119,0.0823963,0.0793368,
330,2e-07,0.0008121,0.0012711,0.0007688,0.0012247,0.000899,0.0013897,0.0010846,0.0102893,0.0337431,0.0231324,0.0459793,0.0586041,0.0731303,
331,2e-07,0.000811,0.0007122,0.000768,0.0012773,0.0004035,0.0015568,0.0013887,0.0200748,0.0190001,0.0221229,0.0445211,0.0284989,0.0435929,
332,2e-07,0.00081,0.0008109,0.0007678,0.0007808,0.000906,0.001579,0.0010775,0.0079416,0.0231729,0.0120824,0.053412,0.0565498,0.0443891,
333,2e-07,0.0002583,0.0007093,0.0008882,0.0007825,0.0011219,0.0007735,0.0013821,0.0025825,0.0180695,0.0448278,0.0472738,0.0664421,0.046388,
334,2e-07,0.0008089,0.0005983,0.000768,0.0003671,0.0013305,0.0007248,0.0019753,0.0036608,0.0197165,0.020404,0.0415322,0.0614467,0.0698709,
335,2e-07,0.0011886,0.0012487,0.0003849,0.0012827,0.0013764,0.0007247,0.0005545,0.0033519,0.0141781,0.0302953,0.0321675,0.0486742,0.0957639,
336,1e-07,0.0016339,0.0005975,0.0008891,0.0007864,0.0013917,0.0010254,0.0010198,0.0027774,0.0116639,0.0231527,0.0233414,0.0279236,0.0252371,
337,1e-07,0.0002543,0.0007053,0.0008661,0.000787,0.0011669,0.00143,0.000468,0.0048097,0.0122299,0.0140959,0.0258498,0.0193156,0.0436814,
338,1e-07,0.0002544,0.0013151,0.0008631,0.0007835,0.0017811,0.0018159,0.0011907,0.0032293,0.0113892,0.0066178,0.0282404,0.0205762,0.022419,
339,1e-07,0.0002523,0.0005977,0.000769,0.0003712,0.001402,0.0006671,0.0037775,0.0057599,0.0220214,0.0151343,0.0199786,0.0287557,0.0239193,
340,2e-07,0.0014957,0.0012003,0.0011806,0.0007815,0.0019428,0.0010839,0.0027831,0.0133315,0.0145067,0.0327775,0.0435116,0.0325554,0.0283128,
341,2e-07,0.0002534,0.0012539,0.0011816,0.0010499,0.0003964,0.00108,0.0017093,0.0157691,0.0143188,0.0175654,0.0313709,0.0429665,0.0507172,
342,2e-07,0.0002548,0.0006028,0.0007679,0.0012834,0.0012044,0.0014114,0.0016036,0.0121281,0.0234594,0.0067961,0.0157275,0.0634333,0.0370748,
343,2e-07,0.0002574,0.0006039,0.000768,0.0012304,0.0011219,0.0007541,0.0010688,0.0062832,0.0240859,0.0349151,0.0255078,0.0653058,0.0228905,
344,2e-07,0.0012069,0.0014886,0.0003835,0.0014592,0.0010643,0.0007841,0.0019515,0.0090892,0.0227862,0.026796,0.0402441,0.054037,0.0572876,
345,2e-07,0.0009276,0.0007154,0.00136,0.0012298,0.0011542,0.0006981,0.0013793,0.0042437,0.0055129,0.0150718,0.033374,0.0209056,0.035035,
346,2e-07,0.0008132,0.0008018,0.0008969,0.0019009,0.0006747,0.0007569,0.000476,0.0030491,0.0077932,0.0154063,0.0273335,0.0117813,0.0461883,
347,2e-07,0.0002611,0.0011806,0.0003778,0.0007891,0.0016281,0.0015722,0.0004783,0.0028935,0.0082305,0.0303069,0.0221657,0.0197323,0.0563692,
348,2e-07,0.0008127,0.0007174,0.0010984,0.0007869,0.0010596,0.0024235,0.002413,0.0072207,0.0137458,0.0253629,0.0205899,0.0197418,0.0459496,
349,2e-07,0.0008135,0.0012678,0.0012335,0.0010083,0.0009979,0.0007744,0.0010283,0.0063219,0.0197457,0.0544412,0.0480114,0.0274152,0.0390756,
350,2e-07,0.0002598,0.0006157,0.0012148,0.0014148,0.0003954,0.0015569,0.0017307,0.0097774,0.0215766,0.0227728,0.0659388,0.0770343,0.0649689,
351,2e-07,0.0002602,0.000799,0.0014504,0.0012312,0.0003982,0.0017331,0.0027689,0.0178196,0.0340223,0.0498675,0.053062,0.0578779,0.0202413,
352,2e-07,0.0009279,0.0007222,0.0015222,0.0012727,0.0008882,0.0015689,0.0025983,0.0166575,0.0193902,0.0470364,0.0557761,0.0712612,0.0517479,
353,5e-07,0.0008129,0.0007939,0.0011056,0.0010004,0.0011411,0.000715,0.0027238,0.0267872,0.0383846,0.0893278,0.0581641,0.0591441,0.0394286,
354,5e-07,0.0011877,0.0018271,0.0011225,0.0012283,0.0017241,0.0007156,0.0010512,0.014983,0.0329253,0.0403709,0.0459633,0.0561855,0.0159149,
355,5e-07,0.0014529,0.0007233,0.0017397,0.0003604,0.0006832,0.0010376,0.0019909,0.0180656,0.0110892,0.0403962,0.0465921,0.0725942,0.080165,
356,5e-07,0.0008125,0.0006192,0.000372,0.000799,0.0011507,0.0019785,0.0022732,0.02119,0.0405458,0.0472077,0.0484703,0.0651011,0.0898095,
357,5e-07,0.0002657,0.0007293,0.0008997,0.0009986,0.0006889,0.0007171,0.0045488,0.0106964,0.0166693,0.0228776,0.0780334,0.0335651,0.070221,
358,5e-07,0.0009189,0.000625,0.0003738,0.0012243,0.0012689,0.0021033,0.0038348,0.0133927,0.0397644,0.0426469,0.025306,0.0201076,0.0312554,
359,5e-07,0.0009181,0.0007307,0.0008667,0.0007917,0.0019829,0.0010437,0.0033997,0.019268,0.01438,0.0308591,0.0113298,0.0396997,0.0307332,
360,5e-07,0.0008152,0.0007274,0.000867,0.0017668,0.0016277,0.0007759,0.0025868,0.003141,0.0164696,0.0366259,0.0436778,0.0511749,0.0378768,
361,5e-07,0.0016423,0.0012498,0.0011927,0.0010041,0.00167,0.0006962,0.0030956,0.0157203,0.0230962,0.0338433,0.065812,0.0432383,0.030295,
362,5e-07,0.0002608,0.0012528,0.0003726,0.0021776,0.0016735,0.0010316,0.0040673,0.0127503,0.0129496,0.0382578,0.0737621,0.0350618,0.0395877,
363,5e-07,0.0002593,0.0007904,0.0013831,0.0012282,0.0006855,0.0022267,0.0042765,0.0134537,0.0179038,0.0459432,0.0629844,0.0239538,0.0043115,
364,5e-07,0.0008162,0.0012541,0.0007679,0.00123,0.0016677,0.0006957,0.0036932,0.0141934,0.0153707,0.0665357,0.0651495,0.0403706,0.009819,
365,5e-07,0.0008178,0.0012599,0.0007679,0.000796,0.0016716,0.0013774,0.0035723,0.0271388,0.0222511,0.0468247,0.0186359,0.0154362,0.0411862,
366,5e-07,0.0008177,0.0006258,0.0011973,0.0021738,0.0013358,0.0017492,0.0073667,0.0274246,0.0132268,0.0115316,0.0262154,0.0347006,0.0617202,
367,5e-07,0.000254,0.0007946,0.0010973,0.0007911,0.000681,0.0016123,0.0078763,0.0225998,0.0488269,0.0120567,0.0376753,0.0290789,0.0329614,
368,5e-07,0.0002519,0.0007015,0.001384,0.0014896,0.0016646,0.0016126,0.0043899,0.0109364,0.0398153,0.0476615,0.0217646,0.0207814,0.0333358,
369,2e-07,0.0008158,0.0007079,0.0007679,0.0007854,0.0006734,0.0006865,0.0034412,0.0116997,0.0137341,0.0259455,0.0198251,0.0212746,0.0254109,
370,2e-07,0.0012086,0.00072,0.0011211,0.0003679,0.0022857,0.0007837,0.0026463,0.0106979,0.0135035,0.0390259,0.0336605,0.021332,0.0166512,
371,2e-07,0.0002516,0.0007204,0.0012997,0.0003664,0.0011463,0.0006961,0.0035239,0.0099193,0.0145264,0.0463895,0.0433087,0.0535264,0.0467334,
372,2e-07,0.0002524,0.0007121,0.0021022,0.0007867,0.0011315,0.001422,0.0046353,0.0073144,0.0156444,0.019908,0.0331698,0.0563324,0.0634688,
373,2e-07,0.0002515,0.0012624,0.0011896,0.0010509,0.0006682,0.0010864,0.0025773,0.0066038,0.0277011,0.0325214,0.0504682,0.0654877,0.0306672,
374,2e-07,0.0012819,0.0011928,0.000768,0.000783,0.0016485,0.0017159,0.0010291,0.0061762,0.0163082,0.0228163,0.0451505,0.0718327,0.0370475,
375,1e-07,0.0012846,0.0007272,0.0014739,0.0007802,0.0016444,0.0007688,0.0011795,0.0120796,0.0083332,0.0128878,0.0190203,0.0525864,0.0325413,
376,1e-07,0.0009385,0.0008225,0.0014737,0.0014571,0.0006571,0.0010273,0.0018968,0.0112542,0.0569009,0.0337378,0.0409121,0.0527272,0.0163925,
377,1e-07,0.0011928,0.0007361,0.0008757,0.0007928,0.0012233,0.0007138,0.0042138,0.0225288,0.0293533,0.0644029,0.0628086,0.0686163,0.064063,
378,1e-07,0.0012129,0.0006986,0.0007682,0.0010451,0.0010533,0.0019126,0.0018995,0.0205561,0.0341657,0.0780682,0.0433596,0.066179,0.0575559,
379,1e-07,0.0002477,0.0007013,0.0003838,0.0007782,0.0011752,0.0007049,0.0033822,0.013406,0.0318295,0.0703161,0.01307,0.0588641,0.0290992,
380,1e-07,0.0009366,0.0012634,0.0003816,0.0012317,0.0010609,0.0007027,0.0010139,0.0112552,0.0322605,0.0562715,0.0270776,0.04026,0.0273143,
381,2e-07,0.0009175,0.000708,0.0007688,0.0007829,0.000985,0.0013811,0.001936,0.0137848,0.0113575,0.0385844,0.0549453,0.039882,0.025577,
382,2e-07,0.0013629,0.0006052,0.0012207,0.0007853,0.0012746,0.0010378,0.0021634,0.0070976,0.0286933,0.0143354,0.0512926,0.030689,0.0152712,
383,2e-07,0.000814,0.000715,0.0007679,0.0007877,0.0012728,0.0015612,0.002198,0.0048223,0.0191935,0.0265316,0.026715,0.0239697,0.018075,
384,2e-07,0.0002491,0.0007173,0.001092,0.0007824,0.0012705,0.0007,0.0019714,0.0046292,0.0135681,0.0372993,0.0718285,0.0641949,0.0089577,
385,2e-07,0.0008164,0.0012582,0.0019062,0.0003672,0.0016392,0.0007726,0.0027629,0.005263,0.0230974,0.0293587,0.0695662,0.0652123,0.0161758,
386,2e-07,0.0008156,0.001259,0.0010916,0.0007834,0.0011993,0.0015573,0.0019994,0.0095687,0.025254,0.0423565,0.0735889,0.0624187,0.0282189,
387,2e-07,0.001638,0.0012473,0.0015156,0.0012342,0.0010802,0.0007636,0.0014554,0.0078647,0.0153368,0.0358028,0.0163302,0.0378368,0.0273759,
388,2e-07,0.000259,0.0007224,0.0007679,0.0012322,0.0006745,0.0006848,0.0049099,0.0122351,0.0179129,0.018301,0.0248384,0.0488074,0.0197077,
389,2e-07,0.0002606,0.0012088,0.0011851,0.0013225,0.0014146,0.0006829,0.0058942,0.0154987,0.0289482,0.0269179,0.0096174,0.0157364,0.0154572,
390,2e-07,0.000814,0.0007038,0.001413,0.0014958,0.0009962,0.0010667,0.0048013,0.0155938,0.0284883,0.0372572,0.0298542,0.0483627,0.0263107,
391,2e-07,0.0002635,0.0017932,0.0010901,0.0014144,0.0009958,0.0015676,0.0021737,0.0135582,0.01817,0.03379,0.0547113,0.0449447,0.0186228,
392,2e-07,0.0002611,0.0007172,0.0010907,0.0014577,0.0016216,0.0007287,0.0021741,0.0126154,0.0198553,0.0307132,0.0469903,0.0364504,0.0253637,
393,2e-07,0.0014933,0.0006115,0.0007679,0.0010553,0.0011325,0.0007575,0.0013728,0.0078644,0.0449192,0.0383486,0.048373,0.0398672,0.0425593,
394,2e-07,0.0015854,0.0012518,0.0011847,0.0010536,0.0012719,0.0010773,0.0014029,0.0117315,0.0288024,0.0140805,0.0398983,0.0475544,0.0590202,
395,2e-07,0.0011277,0.000714,0.0008644,0.0010521,0.0014083,0.0006815,0.0017129,0.0073973,0.0150556,0.0289963,0.0269192,0.0390529,0.0555936,
396,2e-07,0.0009155,0.0008079,0.0013589,0.000369,0.0006652,0.0015944,0.0004601,0.0109595,0.0204444,0.0287381,0.0226173,0.0305212,0.0288982,
397,2e-07,0.0002495,0.0006053,0.001092,0.0010477,0.0012739,0.0007701,0.0010765,0.0152402,0.0078363,0.0190242,0.0242132,0.0355565,0.0305841,
398,2e-07,0.0012082,0.0008132,0.0008655,0.0012376,0.0011179,0.0016713,0.0020264,0.0147943,0.0225889,0.031162,0.0427885,0.0389242,0.0479723,
399,1e-07,0.0012119,0.0005996,0.000768,0.0007817,0.0011659,0.001432,0.0026283,0.026461,0.0115889,0.043046,0.0304745,0.0472557,0.0640882,
400,1e-07,0.0008118,0.0012592,0.0010881,0.0010251,0.0013996,0.0010858,0.0028855,0.0117783,0.0290782,0.0293482,0.0309828,0.031524,0.0391289,
401,1e-07,0.0012118,0.0015484,0.0011079,0.0003726,0.001279,0.0014322,0.0015634,0.0057475,0.033074,0.0178852,0.0490378,0.0399211,0.0463106,
402,1e-07,0.0002493,0.0011251,0.0013476,0.0007829,0.0004135,0.0008041,0.0083203,0.00971,0.0328079,0.0356027,0.0606893,0.024169,0.0944225,
403,1e-07,0.0009394,0.0005873,0.00148,0.001796,0.0004167,0.0019549,0.0055411,0.0233108,0.0233675,0.0179687,0.0302995,0.0542976,0.0377326,
404,1e-07,0.0002532,0.0011332,0.0013119,0.000787,0.0009475,0.0011107,0.0078813,0.0094067,0.0431721,0.050906,0.054267,0.0538926,0.0469496,
405,1e-07,0.0009384,0.0005884,0.0008865,0.001744,0.0006484,0.0010687,0.0037854,0.0263392,0.0229854,0.0354377,0.024124,0.0449304,0.0505743,
406,1e-07,0.001211,0.0006987,0.0011701,0.0003714,0.0004104,0.001661,0.007386,0.0094089,0.0246434,0.0289319,0.005388,0.0178229,0.0414854,
407,1e-07,0.0002584,0.0007313,0.0012348,0.0017945,0.0011966,0.0015623,0.005101,0.0244316,0.0241927,0.0255914,0.0368081,0.0334921,0.037062,
408,1e-07,0.0002603,0.0011816,0.0008579,0.0017567,0.0019902,0.0014347,0.0082663,0.0177613,0.0363074,0.0452876,0.0397397,0.0329351,0.0545143,
409,2e-07,0.0002618,0.0006002,0.0011749,0.0007832,0.0013073,0.0006755,0.0030825,0.0110072,0.0272799,0.0395181,0.0575441,0.0837276,0.0691369,
410,2e-07,0.0002645,0.0012821,0.0008924,0.0007838,0.0015867,0.0019613,0.0034165,0.0153937,0.0180354,0.0382206,0.0809786,0.0679337,0.0368716,
411,2e-07,0.0002669,0.0012357,0.0008584,0.0007856,0.000934,0.0015572,0.0034171,0.0053936,0.0064596,0.0253703,0.0316303,0.0462666,0.0271406,
412,2e-07,0.0008087,0.000708,0.0008599,0.0012267,0.0012083,0.0010467,0.0043556,0.0110102,0.0151958,0.0332028,0.0359479,0.0429889,0.0326189,
413,2e-07,0.0009311,0.000709,0.0013125,0.0012803,0.0016421,0.0007165,0.0041153,0.0076223,0.025995,0.0404832,0.0358572,0.045151,0.0391517,
414,2e-07,0.0002735,0.0005983,0.0011734,0.0017674,0.0009859,0.0010756,0.0021869,0.015126,0.0153798,0.0447802,0.0442834,0.0579707,0.0414858,
415,1e-07,0.0009366,0.0005944,0.0011701,0.0007922,0.0009249,0.0010782,0.0019951,0.0082625,0.0160693,0.0589194,0.056152,0.0103346,0.0485934,
416,1e-07,0.0011722,0.0011542,0.0015204,0.0010089,0.0016396,0.000787,0.0024349,0.0065589,0.0207014,0.0412538,0.0530401,0.0257718,0.0264552,
417,1e-07,0.0008059,0.0006988,0.0003987,0.0007871,0.0009794,0.0013942,0.0010506,0.0051137,0.0060861,0.0299034,0.0691095,0.0189011,0.0187007,
418,1e-07,0.0014116,0.000826,0.0015221,0.0010538,0.0006546,0.0014162,0.0005416,0.0047109,0.0104483,0.0247975,0.0161203,0.0314347,0.009786,
419,1e-07,0.0008979,0.0007381,0.0008812,0.0012807,0.0013901,0.0016294,0.0028144,0.0103952,0.0036501,0.0120872,0.0198578,0.0337184,0.0101731,
420,1e-07,0.0002644,0.0008247,0.0013483,0.0012799,0.0011812,0.0007481,0.0018704,0.0062024,0.0024742,0.0221383,0.0108103,0.0288533,0.0294607,
421,1e-07,0.0002619,0.0007358,0.0011015,0.0014151,0.0004234,0.0014277,0.0012216,0.0021271,0.0105501,0.0220682,0.0198475,0.0228031,0.0444383,
422,1e-07,0.0002621,0.0018427,0.0007682,0.0016642,0.0012322,0.0010559,0.0010679,0.0013562,0.0105733,0.0260208,0.0343356,0.0433069,0.0368326,
423,1e-07,0.0013534,0.0007334,0.0007682,0.0003679,0.0012754,0.0007332,0.0010368,0.0012941,0.0148593,0.0148169,0.0329791,0.0323458,0.0112338,
424,1e-07,0.0009417,0.0007306,0.0007682,0.0018091,0.0009106,0.001599,0.0004804,0.0018319,0.0118323,0.0210267,0.0305502,0.0254291,0.0428672,
425,1e-07,0.0002572,0.0007042,0.000768,0.0012783,0.0011733,0.0016349,0.0010352,0.002088,0.0277401,0.0120265,0.0621636,0.0478724,0.0253462,
426,1e-07,0.0009083,0.0005945,0.0003847,0.0012276,0.0009839,0.0019147,0.0017256,0.0097121,0.0101285,0.0354484,0.0448116,0.0514285,0.0670128,
427,1e-07,0.0002561,0.0007349,0.0008814,0.000369,0.0011802,0.0016247,0.0016249,0.0055909,0.0210823,0.0204894,0.0425612,0.0200448,0.0254519,
428,1e-07,0.0009446,0.0008288,0.0008799,0.0003696,0.0012749,0.0010518,0.0010605,0.0080472,0.0260046,0.018657,0.0364939,0.0307722,0.0272856,
429,1e-07,0.0002598,0.0012216,0.0008771,0.0024029,0.0011891,0.0016166,0.0020072,0.0081895,0.0209357,0.0154584,0.0165648,0.0267863,0.0389905,
430,0.0,0.0008033,0.0006928,0.001527,0.0003694,0.0011911,0.0007423,0.0013971,0.0031742,0.0167773,0.0215276,0.0199392,0.025013,0.0259915,
431,0.0,0.0002632,0.0013014,0.0007683,0.0012258,0.0012318,0.0007778,0.0015125,0.001642,0.0112855,0.0107989,0.0135354,0.0099325,0.0200203,
432,1e-07,0.0002659,0.0006943,0.0015254,0.0012782,0.0004293,0.0010802,0.0024178,0.0022562,0.0151436,0.0108256,0.0075414,0.0080104,0.0274247,
433,1e-07,0.0012105,0.0011522,0.0011716,0.0010135,0.0004273,0.0010688,0.0036213,0.009224,0.0105099,0.0102699,0.0173157,0.0353153,0.0312192,
434,1e-07,0.0014909,0.0007355,0.0008804,0.0012251,0.0011825,0.0016399,0.0015338,0.0092474,0.0195012,0.0164882,0.0261374,0.0176181,0.0479126,
435,1e-07,0.0012235,0.000591,0.0017613,0.0003639,0.0011047,0.0010722,0.0017806,0.0112309,0.0098162,0.0197634,0.0470169,0.0411662,0.057305,
436,1e-07,0.0008072,0.0012122,0.0007682,0.0003625,0.0004138,0.0015716,0.0020715,0.0104291,0.0205509,0.011184,0.0483476,0.0400308,0.0543018,
437,2e-07,0.0008059,0.0013072,0.0019193,0.0018074,0.0016445,0.0010303,0.0010678,0.0102232,0.0125931,0.0062946,0.0424926,0.0369573,0.0463332,
438,2e-07,0.0009336,0.0018019,0.0011751,0.0007953,0.0006663,0.0007713,0.0021863,0.014777,0.0122493,0.0267977,0.0284963,0.0575446,0.0304374,
439,2e-07,0.0013638,0.0018059,0.0011776,0.000796,0.0009093,0.0007654,0.0036869,0.0108088,0.0160329,0.0129799,0.0407688,0.0691236,0.0587631,
440,2e-07,0.000273,0.0011818,0.0003902,0.0003602,0.0016369,0.0007599,0.0023486,0.0061775,0.0184157,0.031589,0.0485455,0.0382506,0.0351197,
441,2e-07,0.0012039,0.0007098,0.0008882,0.0016623,0.0010517,0.0007579,0.0012021,0.0052831,0.0102571,0.0271968,0.024314,0.0334463,0.0238373,
442,1e-07,0.0016645,0.0011517,0.0012329,0.0007851,0.0009114,0.0010654,0.0010279,0.0087882,0.0221922,0.0365851,0.0124966,0.0294316,0.0545407,
443,1e-07,0.000271,0.0007289,0.0011778,0.001274,0.0009073,0.0010338,0.0029512,0.0079743,0.0116651,0.0287747,0.0330173,0.0325228,0.0372076,
444,1e-07,0.0009413,0.0005922,0.001761,0.0012863,0.0009847,0.0010599,0.003096,0.00782,0.035246,0.0191518,0.0286735,0.0402849,0.0247777,
445,1e-07,0.0012105,0.0011717,0.0008765,0.0018121,0.0016595,0.001414,0.00206,0.0090996,0.0144291,0.0294135,0.0336885,0.04122,0.0568536,
446,1e-07,0.0012729,0.001298,0.0008758,0.0003647,0.0016115,0.001035,0.0010463,0.0076245,0.0190166,0.0233824,0.032199,0.0436051,0.0643071,
447,1e-07,0.0008993,0.0007046,0.0014016,0.0003646,0.0009001,0.0007204,0.0011778,0.0065308,0.015112,0.0536201,0.0280357,0.0318622,0.0502048,
448,2e-07,0.0008068,0.0007075,0.0012312,0.000802,0.0004187,0.001044,0.0021414,0.0087043,0.0135323,0.0361686,0.0512545,0.0324168,0.0277783,
449,2e-07,0.0008074,0.0011681,0.000768,0.001276,0.0010426,0.0020208,0.0029713,0.0055503,0.0053697,0.0207037,0.0418398,0.0434867,0.0325872,
450,1e-07,0.0008077,0.0007055,0.0007681,0.0003659,0.0009875,0.0007696,0.0010358,0.0045362,0.005472,0.020016,0.0373967,0.0333409,0.0514445,
451,2e-07,0.0002621,0.0011636,0.000768,0.0012775,0.0006681,0.0017595,0.0010627,0.008197,0.0079892,0.0229387,0.0203221,0.0419997,0.0317632,
452,2e-07,0.0011847,0.0008134,0.0012403,0.0003654,0.0004084,0.0010638,0.0010298,0.0055687,0.0109295,0.0320318,0.0259781,0.0314874,0.0515697,
453,1e-07,0.0009363,0.0007047,0.0011803,0.0003664,0.0012241,0.0010297,0.0010258,0.0015739,0.0107291,0.0161998,0.0069697,0.0525865,0.031511,
454,1e-07,0.0002622,0.0007283,0.0007681,0.0016609,0.0004124,0.0007392,0.0013725,0.0042037,0.0057252,0.0093232,0.0123485,0.013004,0.0180721,
455,1e-07,0.0002638,0.0018448,0.0003926,0.0014635,0.000415,0.001064,0.0015353,0.0022491,0.024907,0.0088998,0.0490599,0.0433798,0.0158071,
456,1e-07,0.0009376,0.0011557,0.001402,0.0007892,0.0016174,0.0007897,0.002281,0.0049253,0.0370673,0.0079917,0.0276125,0.0240932,0.0379406,
457,1e-07,0.0009397,0.0012469,0.0011699,0.0003678,0.0009773,0.0010986,0.0031719,0.0086155,0.0298359,0.0111503,0.0154328,0.0235955,0.0203379,
458,1e-07,0.0002626,0.0005852,0.0007684,0.000786,0.0010927,0.0007242,0.0015202,0.0077771,0.0372401,0.0366966,0.0182567,0.0190092,0.0116188,
459,1e-07,0.0002627,0.0012896,0.0011657,0.001311,0.0013861,0.0016088,0.0059389,0.0322369,0.0584846,0.0242483,0.0180331,0.0199841,0.0096078,
460,0.0,0.0008065,0.0015546,0.0016224,0.0011089,0.0019854,0.0018216,0.008232,0.0352124,0.0614005,0.0257224,0.0090729,0.0356332,0.0099152,
461,0.0,0.0002583,0.0018018,0.0007686,0.002191,0.000642,0.0011153,0.0069103,0.0205037,0.0283865,0.0492915,0.0253735,0.0427134,0.0194984,
462,1e-07,0.0008082,0.0014848,0.0004011,0.002386,0.0009739,0.0007304,0.0041241,0.0126618,0.0330433,0.0729672,0.0311927,0.0387916,0.0483706,
463,1e-07,0.0009372,0.0012559,0.0008873,0.0017969,0.0010973,0.0016177,0.0026144,0.0092081,0.0102958,0.0215791,0.0150442,0.0275096,0.0289619,
464,1e-07,0.0012176,0.0005927,0.0008606,0.0007848,0.0010709,0.0007505,0.0030864,0.010335,0.0187364,0.0169437,0.0328798,0.0418129,0.0268998,
465,1e-07,0.0002622,0.0021091,0.0013464,0.0016589,0.0009815,0.0023225,0.0032679,0.0097978,0.0114451,0.0333011,0.0342713,0.0305454,0.0460423,
466,1e-07,0.0002648,0.0007055,0.0012329,0.0013149,0.0013155,0.0016491,0.0028902,0.0109833,0.0059452,0.0259782,0.0309806,0.0317613,0.0324259,
467,2e-07,0.0008083,0.0012321,0.0017668,0.0003648,0.0015099,0.000785,0.0010405,0.0040143,0.0137006,0.0141449,0.0464213,0.0147262,0.0274805,
468,2e-07,0.0002636,0.0007083,0.0008898,0.0018027,0.0004068,0.0016354,0.0010388,0.0017427,0.0056613,0.0118445,0.0331094,0.0249664,0.0119966,
469,2e-07,0.0011267,0.0006014,0.0008888,0.0007943,0.0013328,0.0015795,0.0010422,0.0040728,0.0098879,0.0187511,0.0483468,0.0295389,0.0352785,
470,2e-07,0.0009005,0.0006054,0.0008911,0.0013229,0.0009098,0.0015663,0.0017416,0.0092288,0.013005,0.011606,0.0301689,0.0312467,0.0373117,
471,2e-07,0.0002667,0.0008082,0.0015216,0.0003616,0.0012311,0.0010344,0.0040116,0.0042084,0.0159612,0.0219469,0.034543,0.0465829,0.0364545,
472,2e-07,0.0008085,0.0012171,0.001237,0.0011196,0.0004118,0.0007436,0.0021906,0.0128515,0.0184979,0.0472157,0.0408402,0.0276781,0.0245009,
473,2e-07,0.0002711,0.0012138,0.0007684,0.0003599,0.0018016,0.0007601,0.0018598,0.0104587,0.0279049,0.0561761,0.0240073,0.0511193,0.0548926,
474,2e-07,0.0002725,0.0007154,0.0003799,0.0008038,0.0004117,0.0010406,0.0035827,0.0060995,0.0427868,0.0590836,0.0499431,0.0825024,0.0588509,
475,2e-07,0.0002742,0.0007133,0.0010998,0.0008037,0.0013739,0.0010572,0.0091247,0.0087845,0.0542068,0.0581081,0.0374604,0.0932693,0.0774454,
476,2e-07,0.0002722,0.0006011,0.0008757,0.0003601,0.0008932,0.0007322,0.006895,0.0193814,0.0675799,0.0631237,0.0368927,0.1212547,0.0952285,
477,2e-07,0.0009364,0.0007219,0.0007686,0.0007839,0.001377,0.0015828,0.0027182,0.0111967,0.0113889,0.0590132,0.0279914,0.0384146,0.0265815,
478,2e-07,0.0002692,0.0007092,0.0013553,0.0007984,0.0009901,0.000714,0.001067,0.0065993,0.0087517,0.0257386,0.0147909,0.0249783,0.0420421,
479,2e-07,0.0002687,0.0007175,0.0008897,0.001807,0.001227,0.0015702,0.001399,0.004377,0.0216863,0.0242516,0.0158585,0.0402862,0.0418569,
480,2e-07,0.001511,0.0007159,0.0007679,0.0007929,0.0013322,0.0016321,0.001045,0.0031528,0.0168274,0.0269721,0.0062814,0.0458384,0.0478855,
481,2e-07,0.0011313,0.0007135,0.0014482,0.0007901,0.0012136,0.0014074,0.0019589,0.0025382,0.0039993,0.0101641,0.0046157,0.0324409,0.0395857,
482,2e-07,0.0019872,0.0007177,0.0012494,0.0012306,0.0003993,0.0007441,0.0010687,0.012918,0.0071943,0.0085152,0.0353531,0.0374388,0.0128776,
483,2e-07,0.0002622,0.0012373,0.000862,0.0010115,0.0015061,0.0007912,0.0024153,0.0072351,0.0138149,0.0163032,0.0527268,0.0224056,0.0360287,
484,2e-07,0.0009258,0.000713,0.0010848,0.0017692,0.0009898,0.0007422,0.0020053,0.0245209,0.0092967,0.0151875,0.0489523,0.0317111,0.0359216,
485,2e-07,0.0002634,0.0007165,0.0013558,0.0021726,0.0011504,0.0006883,0.0026145,0.0351056,0.0104629,0.0253158,0.0213689,0.0454287,0.0517468,
486,2e-07,0.0012166,0.0012348,0.0007689,0.0012249,0.0009931,0.0007864,0.0021753,0.0106261,0.0278782,0.0163092,0.0208093,0.0251506,0.0178004,
487,2e-07,0.0002678,0.0018008,0.0010885,0.0012766,0.0011323,0.0007449,0.0019852,0.0047148,0.0155308,0.0261703,0.0017805,0.0193306,0.0530798,
488,2e-07,0.0002698,0.0012229,0.0008934,0.0017667,0.0013289,0.0010489,0.0030998,0.0021907,0.0245266,0.0292954,0.0292382,0.0614001,0.0387283,
489,2e-07,0.0002725,0.0012369,0.0008631,0.0007925,0.0009126,0.000726,0.0010675,0.0227749,0.0329528,0.0366603,0.0793308,0.0599128,0.0967411,
490,2e-07,0.0002729,0.0006147,0.0011162,0.0007932,0.0012195,0.0017405,0.0014891,0.0064701,0.0421468,0.0191849,0.0784873,0.0998372,0.0675809,
491,2e-07,0.000271,0.0007202,0.0007679,0.001905,0.0011487,0.0015648,0.0027116,0.0040554,0.0271967,0.0310871,0.0598346,0.0481716,0.0563223,
492,2e-07,0.0002686,0.0012188,0.0007678,0.0003599,0.0014066,0.0007084,0.0014037,0.0096983,0.0208316,0.0453624,0.0654986,0.0335125,0.0403929,
493,2e-07,0.0008117,0.0012304,0.0013626,0.0007945,0.0016232,0.0013918,0.003277,0.007204,0.0228678,0.0287463,0.068989,0.0358585,0.0337837,
494,2e-07,0.0002669,0.0016324,0.0003767,0.0007967,0.0016328,0.0015687,0.006017,0.0253138,0.0341267,0.0395297,0.0510417,0.041687,0.0361853,
495,2e-07,0.0002676,0.001273,0.0008934,0.0021587,0.0016389,0.0017427,0.0017821,0.021456,0.0315318,0.0227261,0.0281692,0.0401807,0.0341234,
496,5e-07,0.00027,0.0007245,0.0003749,0.0017755,0.0012738,0.0015834,0.0037628,0.0080562,0.018131,0.0175604,0.0294792,0.0386862,0.0540147,
497,2e-07,0.0002724,0.0006162,0.0008934,0.0014659,0.0008865,0.0019887,0.0023259,0.0162634,0.0251979,0.0727804,0.0796814,0.0765859,0.0507672,
498,2e-07,0.0002731,0.0006142,0.0008703,0.0012267,0.0012349,0.0007605,0.0010448,0.0109684,0.0171301,0.0538932,0.0307274,0.0453527,0.0242149,
499,2e-07,0.0002756,0.00072,0.0010961,0.002725,0.0020311,0.0007293,0.0014977,0.0097565,0.0227312,0.0157172,0.0203504,0.0740529,0.0499389,
500,2e-07,0.0008093,0.0013042,0.0013572,0.0012209,0.0004051,0.0014001,0.0013939,0.0177049,0.0304691,0.0109575,0.012626,0.0683478,0.0443977,
501,2e-07,0.0009302,0.0012068,0.0012269,0.0017743,0.0004049,0.0007656,0.0123784,0.0064486,0.0048015,0.0176478,0.0420573,0.0315821,0.0632684,
502,2e-07,0.0021204,0.0012013,0.0010915,0.0014644,0.0012351,0.0014293,0.0049737,0.0087013,0.0299146,0.0164797,0.0489986,0.0630559,0.0591323,
503,2e-07,0.0018479,0.0012009,0.0013998,0.0012722,0.0016488,0.000772,0.002306,0.0182429,0.0206919,0.0341952,0.0354796,0.055659,0.0482312,
504,2e-07,0.0002795,0.0011972,0.0010892,0.0017743,0.0004167,0.0021712,0.004242,0.01199,0.0396343,0.0369598,0.0550036,0.0100389,0.0257073,
505,1e-07,0.0002789,0.0011348,0.0008674,0.0017739,0.0012349,0.0007813,0.0029076,0.0101217,0.0281996,0.0323266,0.0515779,0.0193524,0.0329558,
506,1e-07,0.0002778,0.0011993,0.000865,0.0017713,0.0012282,0.0007073,0.0015017,0.0076639,0.0232145,0.0353855,0.0473654,0.0269846,0.0266337,
507,1e-07,0.0008044,0.0005903,0.0010843,0.0012799,0.0009209,0.0007879,0.002915,0.0064435,0.0273599,0.027196,0.0349084,0.0359948,0.0141457,
508,1e-07,0.0002781,0.0008266,0.0008619,0.001497,0.000654,0.0014344,0.0026914,0.0101488,0.028009,0.031094,0.0203606,0.0439056,0.0116575,
509,1e-07,0.0002761,0.0005869,0.0013166,0.0007943,0.0009269,0.0016538,0.0013737,0.0133642,0.0182942,0.0525466,0.0136645,0.0242294,0.0192614,
510,1e-07,0.0008843,0.0011936,0.0008659,0.0007969,0.0004296,0.0016553,0.0017413,0.0022855,0.0153569,0.0461492,0.0304883,0.0156585,0.0214194,
511,0.0,0.000279,0.0011928,0.0010825,0.0011178,0.0004291,0.0010906,0.0022968,0.0025358,0.0233314,0.0346456,0.012182,0.0542418,0.0194934,
512,0.0,0.0008029,0.00132,0.0012485,0.0012264,0.0013165,0.0019437,0.0051282,0.0048038,0.0200624,0.0337458,0.0238899,0.0664767,0.0412246,
513,0.0,0.0008007,0.0012851,0.0017759,0.0012777,0.0013606,0.0010218,0.0062056,0.0143009,0.0109151,0.0263161,0.0453419,0.0396243,0.0700663,
514,0.0,0.000279,0.0011282,0.0008658,0.000783,0.0012715,0.0017545,0.007364,0.0157989,0.0099191,0.017404,0.0422702,0.0265624,0.0585909,
515,0.0,0.0008002,0.0008401,0.0014128,0.000365,0.0025359,0.001825,0.0031733,0.0115574,0.0242724,0.0265895,0.0300121,0.0629891,0.0389235,
516,1e-07,0.0014895,0.0011729,0.0034403,0.0003666,0.0016488,0.0010202,0.0051362,0.0222593,0.0170219,0.0234535,0.0255967,0.0342201,0.0508678,
517,1e-07,0.0008833,0.0011869,0.0021051,0.0017318,0.0021375,0.0023436,0.0168502,0.0242588,0.0240502,0.0096724,0.031489,0.0399388,0.0326895,
518,1e-07,0.0002795,0.0019487,0.0016128,0.0017328,0.0004456,0.0047905,0.0226133,0.0082369,0.0203338,0.0247049,0.0220343,0.0556379,0.0298706,
519,1e-07,0.0007993,0.000848,0.0024192,0.0021957,0.0054462,0.0116649,0.0199164,0.0141383,0.0407536,0.0392626,0.0515979,0.0660245,0.047949,
520,1e-07,0.0020799,0.0031014,0.0034417,0.0052399,0.0122419,0.0178643,0.0243738,0.0216836,0.067733,0.0466994,0.0095603,0.0327137,0.0250276,
521,1e-07,0.0008818,0.0027882,0.0076237,0.0200444,0.0365124,0.03214,0.0047381,0.0095333,0.0442076,0.0575127,0.0367687,0.0291719,0.0487719,
522,1e-07,0.0007964,0.0012849,0.0014741,0.0091184,0.0102227,0.0051618,0.01053,0.0061884,0.024356,0.0707934,0.0348393,0.0564135,0.0259144,
523,1e-07,0.000283,0.0012249,0.0013235,0.001276,0.0024641,0.0072625,0.0159863,0.015368,0.0338755,0.0434325,0.0336137,0.070078,0.0695176,
524,1e-07,0.0002849,0.0007629,0.0015261,0.0017745,0.001413,0.0007156,0.017761,0.0059973,0.0219587,0.0195384,0.0445468,0.0501481,0.0822139,
525,1e-07,0.0002851,0.0008448,0.000769,0.001327,0.0020828,0.002887,0.0134572,0.0068999,0.0178603,0.0554503,0.0521208,0.0592585,0.0569738,
526,1e-07,0.0009524,0.0008437,0.0008654,0.0014964,0.0020864,0.0024232,0.0073647,0.0068483,0.0353916,0.0273369,0.0505864,0.0762987,0.0643105,
527,0.0,0.0002882,0.000752,0.0011562,0.001282,0.0004409,0.0010763,0.0028918,0.0107199,0.0372378,0.0422519,0.0461017,0.031094,0.0391085,
528,0.0,0.0009489,0.0005789,0.0015235,0.0014644,0.0020106,0.0016691,0.0082094,0.0227196,0.034392,0.0300033,0.0449587,0.0266841,0.0362187,
529,0.0,0.0009471,0.000583,0.0008759,0.0018093,0.0016479,0.0023252,0.0052505,0.0026563,0.0181644,0.0754806,0.0418134,0.0411337,0.0750392,
530,1e-07,0.0008011,0.0011126,0.0011574,0.00332,0.0015086,0.001597,0.0028281,0.0202092,0.0131108,0.0618843,0.0530228,0.0603543,0.0906209,
531,1e-07,0.0012515,0.0018024,0.0017092,0.0018075,0.0018057,0.0020679,0.0031982,0.0069355,0.037487,0.0376181,0.0597102,0.1063984,0.0737965,
532,1e-07,0.0002887,0.0005929,0.0004086,0.0013279,0.0016449,0.0008136,0.001722,0.0159335,0.025821,0.0350962,0.0656067,0.0803954,0.076343,
533,1e-07,0.0009355,0.0013266,0.0008567,0.001805,0.001382,0.0020523,0.0020075,0.0125453,0.0046154,0.029002,0.0725572,0.0426376,0.056526,
534,1e-07,0.0016522,0.0005985,0.0008577,0.0024017,0.0004137,0.0013962,0.0014611,0.0122467,0.0355043,0.0778237,0.102771,0.1047648,0.0447713,
535,1e-07,0.0008037,0.000705,0.0019344,0.0014605,0.0004197,0.0027585,0.0012299,0.0105,0.0512902,0.0691046,0.0949252,0.1060683,0.0745892,
536,1e-07,0.0002871,0.0012012,0.001712,0.0021549,0.0004203,0.0016407,0.0055094,0.0210351,0.0323545,0.0564892,0.0885862,0.0649486,0.0664114,
537,1e-07,0.0002871,0.0007079,0.0014557,0.0017728,0.0016463,0.0008011,0.0079191,0.0167538,0.0318996,0.0312226,0.0640362,0.0309347,0.07966,
538,1e-07,0.0002891,0.0011819,0.0014032,0.0021572,0.0004183,0.0007205,0.0005321,0.0075549,0.0472902,0.0318759,0.0354529,0.0462561,0.0970645,
539,1e-07,0.0002874,0.0011812,0.0015226,0.0023772,0.0018095,0.0014039,0.0041112,0.0112126,0.038644,0.0439385,0.0374165,0.0553881,0.0915707,
540,1e-07,0.0015935,0.0005968,0.0011698,0.0018105,0.0012349,0.0007178,0.0052669,0.0177178,0.0109686,0.0357914,0.0252271,0.0254255,0.085212,
541,2e-07,0.0002868,0.0007096,0.0010871,0.0008009,0.0004178,0.0007234,0.0031848,0.0154357,0.02108,0.0545953,0.0386918,0.0570281,0.101907,
542,1e-07,0.0002878,0.0011934,0.0013134,0.0003563,0.0004236,0.0006896,0.0029873,0.0142025,0.0336972,0.0336352,0.0270428,0.0661198,0.116299,
543,1e-07,0.0009411,0.0008229,0.000869,0.0013339,0.0018138,0.0007269,0.0061034,0.0106211,0.0150955,0.010835,0.0380318,0.0503694,0.0784854,
544,1e-07,0.0008799,0.0008191,0.0008681,0.0017369,0.0022731,0.001427,0.0027277,0.0188367,0.0195669,0.0144709,0.0207758,0.0207673,0.0326026,
545,1e-07,0.0008048,0.0011914,0.0011709,0.0007993,0.0012827,0.0007697,0.0021713,0.0112212,0.0276496,0.0112985,0.0277723,0.0338126,0.04291,
546,1e-07,0.0002814,0.0005976,0.0008846,0.0018077,0.0004161,0.0016536,0.0039633,0.0136796,0.0244852,0.0327274,0.0479749,0.0514835,0.0576247,
547,1e-07,0.0002834,0.0007265,0.0019861,0.0007951,0.0020083,0.0013947,0.0095061,0.0208387,0.0372593,0.0415395,0.0953959,0.1109125,0.0804618,
548,1e-07,0.0008062,0.0005955,0.0011661,0.0023995,0.0017964,0.0010836,0.0023771,0.0097378,0.0096767,0.0532613,0.0514358,0.038681,0.0380789,
549,1e-07,0.0009331,0.0007068,0.0011653,0.0007901,0.0017903,0.002053,0.0062285,0.022504,0.0296592,0.0262968,0.0541035,0.0180497,0.0121892,
550,1e-07,0.0012003,0.0005969,0.0013192,0.0023941,0.0019971,0.0007982,0.0039272,0.0090008,0.0257037,0.0319381,0.0440219,0.0320843,0.0616405,
551,1e-07,0.0008845,0.0007259,0.000853,0.0011206,0.000982,0.0020537,0.0038028,0.0048428,0.0305881,0.0784362,0.06212,0.0684806,0.0829337,
552,1e-07,0.0002791,0.0012033,0.0011637,0.0013203,0.0009804,0.0016667,0.0039671,0.0204537,0.0266748,0.0586071,0.0565472,0.0743963,0.0566053,
553,1e-07,0.0009367,0.0012206,0.0011608,0.0003617,0.0009781,0.0006854,0.0040589,0.0072206,0.0363127,0.0647858,0.044595,0.0558582,0.032035,
554,1e-07,0.0002778,0.0014684,0.0008531,0.0022026,0.0013852,0.000796,0.0064997,0.0125345,0.0447011,0.0628244,0.0760501,0.0612743,0.025202,
555,1e-07,0.0008867,0.0005882,0.0010755,0.001317,0.0004157,0.000797,0.0064507,0.0070304,0.0478656,0.043581,0.0340583,0.0432725,0.028897,
556,1e-07,0.0011712,0.0012268,0.0010968,0.0007887,0.0017969,0.0016697,0.0054924,0.0115512,0.0383629,0.0471896,0.0422806,0.0604207,0.0636768,
557,1e-07,0.0002787,0.0012351,0.0013277,0.0023718,0.0013925,0.0016769,0.0070741,0.0401846,0.0153468,0.0522924,0.0966606,0.0654581,0.0627581,
558,0.0,0.000276,0.0006921,0.0014569,0.001761,0.0019956,0.0027686,0.0095129,0.0157369,0.0544109,0.0509449,0.1047909,0.0550618,0.0878441,
559,0.0,0.0012085,0.0007477,0.0008786,0.0013158,0.0014929,0.0033047,0.0087088,0.0240738,0.0306665,0.0482013,0.0766843,0.0419987,0.0655082,
560,0.0,0.001124,0.0011943,0.0008569,0.0011156,0.0018507,0.0027416,0.0084454,0.0284206,0.0504695,0.0356148,0.0699695,0.0390584,0.0456909,
561,0.0,0.0016418,0.0006883,0.0011536,0.0003654,0.0016461,0.0027723,0.0224592,0.0204661,0.038173,0.0429128,0.0630322,0.0230315,0.0996234,
562,1e-07,0.0016739,0.0005741,0.0022084,0.0040503,0.0054621,0.0038541,0.0157824,0.0394495,0.0329253,0.0381021,0.0448781,0.0547424,0.0675019,
563,1e-07,0.0011592,0.0005734,0.0012581,0.003454,0.004918,0.0044317,0.016873,0.0531418,0.0259521,0.0224003,0.0169368,0.0465114,0.0493541,
564,1e-07,0.000281,0.0012861,0.0016,0.0015915,0.0036049,0.0059013,0.015001,0.0609219,0.0352938,0.0821242,0.0370546,0.0737664,0.0482155,
565,0.0,0.0012087,0.0012245,0.001268,0.0003642,0.0006412,0.0030856,0.0072564,0.0337965,0.0169192,0.0395391,0.0745165,0.0703605,0.0254098,
566,0.0,0.0009448,0.0011256,0.0004147,0.0007911,0.0016509,0.0027525,0.0036245,0.0144218,0.0308334,0.0488881,0.0718823,0.052569,0.030449,
567,0.0,0.0012582,0.0008324,0.0008799,0.0019019,0.0015009,0.0016778,0.0033625,0.0080661,0.0181139,0.0422649,0.0716308,0.0493143,0.0430474,
568,1e-07,0.0002853,0.0007411,0.0015211,0.0018051,0.0004253,0.0020558,0.0023909,0.0030537,0.0069196,0.0252656,0.0499391,0.0491193,0.0334869,
569,0.0,0.0009454,0.0012138,0.0012648,0.0014625,0.0020082,0.001435,0.0029112,0.0082671,0.0166415,0.0298317,0.050708,0.044448,0.0119016,
570,0.0,0.0012071,0.001456,0.000769,0.0012766,0.0015065,0.0014341,0.0063323,0.0049784,0.011728,0.0467375,0.0445331,0.0356537,0.0401965,
571,1e-07,0.0011797,0.0007414,0.001462,0.0013262,0.0016471,0.0010978,0.005871,0.0059221,0.0133569,0.0149467,0.0571551,0.0407687,0.0353235,
572,0.0,0.0002873,0.0006954,0.001531,0.0021568,0.0018121,0.0015979,0.0029315,0.0105647,0.0083798,0.0206847,0.0388075,0.0222467,0.0222149,
573,0.0,0.0002858,0.0011165,0.0011602,0.00181,0.0022581,0.0020611,0.0015531,0.013585,0.0126217,0.0235693,0.0380981,0.0306121,0.0366364,
574,0.0,0.0008004,0.0005843,0.0010925,0.0018107,0.0022507,0.0016668,0.0039246,0.0105838,0.0218282,0.035782,0.0371229,0.045388,0.0419792,
575,1e-07,0.0002871,0.0005864,0.0011638,0.0014673,0.0015194,0.0016521,0.0036677,0.0073946,0.0187852,0.0412452,0.0143352,0.0357583,0.0245297,
576,0.0,0.0009488,0.0014825,0.0015291,0.001414,0.0017875,0.0016706,0.0023068,0.013733,0.0255363,0.0297139,0.0120011,0.0396538,0.0329975,
577,0.0,0.0009501,0.0006925,0.0007687,0.0012327,0.0014008,0.0006817,0.0037143,0.019037,0.0202497,0.014822,0.0412736,0.0442687,0.0475985,
578,1e-07,0.0002856,0.0005848,0.0013371,0.0012179,0.0004365,0.002356,0.0029208,0.0200339,0.017756,0.013283,0.0494696,0.0598741,0.0470498,
579,0.0,0.0012062,0.0005855,0.0012521,0.0014719,0.0018236,0.0008065,0.0060874,0.0150301,0.0343185,0.0171756,0.0431055,0.0528005,0.0394691,
580,0.0,0.0007987,0.0012021,0.0008729,0.0024139,0.0009782,0.0016412,0.0041357,0.0212448,0.0255003,0.0178036,0.0022253,0.0357304,0.0528652,
581,0.0,0.0002857,0.0011091,0.0004033,0.0012349,0.0022555,0.0007611,0.0067826,0.0134838,0.0264641,0.096258,0.0494434,0.0770808,0.0319484,
582,1e-07,0.0002844,0.0006877,0.0015243,0.0007756,0.0020257,0.0008019,0.0044796,0.0178367,0.0124729,0.0907273,0.0397494,0.0350845,0.0348381,
583,1e-07,0.0002861,0.0006865,0.0004052,0.0018199,0.0040538,0.0013889,0.0047548,0.030152,0.0038907,0.0680165,0.0678218,0.0508958,0.095599,
584,1e-07,0.0002839,0.0005713,0.0008793,0.0023662,0.0021577,0.0042297,0.0148017,0.0101851,0.0204702,0.0340542,0.0621494,0.0960389,0.1365111,
585,1e-07,0.001113,0.0012947,0.0017712,0.0021695,0.0044162,0.0030906,0.009679,0.0097994,0.0171979,0.0590414,0.0875144,0.0445771,0.0615563,
586,1e-07,0.0002804,0.0011768,0.0008652,0.0013087,0.0020236,0.0057336,0.0109355,0.0194409,0.0222544,0.0348677,0.0480185,0.0493233,0.0610884,
587,1e-07,0.0013937,0.0011824,0.0014689,0.0016538,0.0018725,0.0015622,0.0043916,0.0103263,0.0424515,0.0328024,0.029712,0.0762895,0.0832574,
588,1e-07,0.0011586,0.0019719,0.0014135,0.0011144,0.0012426,0.0052658,0.0132931,0.0069919,0.0309816,0.0309567,0.046482,0.0622044,0.0711122,
589,1e-07,0.0008854,0.0012822,0.0019021,0.0014145,0.0043459,0.0155613,0.0177598,0.0293687,0.0602973,0.0409855,0.119982,0.1173772,0.0890016,
590,1e-07,0.0002769,0.0014784,0.0025582,0.0017257,0.0041394,0.0030551,0.0157139,0.0112292,0.0447755,0.0332985,0.0540014,0.0809872,0.0628215,
591,1e-07,0.000279,0.000574,0.0022164,0.0013284,0.0006495,0.0041563,0.0137812,0.0333701,0.0289978,0.0124232,0.0529305,0.0283263,0.0279093,
592,0.0,0.0009522,0.0006903,0.0007688,0.0018156,0.0020229,0.0023426,0.0082306,0.0323963,0.037384,0.028421,0.0532693,0.0439465,0.0889378,
593,0.0,0.0016404,0.0011879,0.0004012,0.0008021,0.0020189,0.0020411,0.0069218,0.0129019,0.0300203,0.0264011,0.0403536,0.0329193,0.0308355,
594,1e-07,0.0002762,0.0005844,0.0008708,0.0013256,0.0020926,0.0010723,0.004277,0.0140212,0.0245444,0.0379804,0.0575004,0.0720054,0.0620143,
595,1e-07,0.0002757,0.0012231,0.0011686,0.0013243,0.0013916,0.0007782,0.0033275,0.0168661,0.0325011,0.0278389,0.0344623,0.0361889,0.0625541,
596,1e-07,0.0002728,0.0006963,0.0007689,0.0012246,0.0004269,0.0007725,0.0011902,0.009435,0.0332921,0.0344353,0.0165855,0.0348883,0.0546024,
597,0.0,0.0002726,0.0011714,0.0015235,0.0007943,0.0004284,0.0007835,0.005795,0.0093018,0.0287344,0.0323644,0.0223792,0.0100929,0.0412042,
598,1e-07,0.0015975,0.001206,0.0007686,0.0003648,0.0009753,0.0015843,0.0080698,0.0111725,0.0278144,0.0310717,0.0124704,0.0340218,0.0299479,
599,1e-07,0.000274,0.0005845,0.0004064,0.0003648,0.0006481,0.0020177,0.0063152,0.0187891,0.0253614,0.0353388,0.0351012,0.0221541,0.0510926,
600,1e-07,0.0002714,0.0015528,0.001163,0.0013147,0.0012114,0.0014345,0.0046235,0.0112137,0.0418661,0.0244538,0.0281114,0.0469654,0.0405353,
601,0.0,0.0008039,0.0015536,0.002051,0.0014877,0.0010863,0.0020202,0.0048135,0.0201881,0.019298,0.0442547,0.0418781,0.0319479,0.033821,
602,0.0,0.0013875,0.0012586,0.0013315,0.0013154,0.0022351,0.0024073,0.0064797,0.0190445,0.0334783,0.0324874,0.0476049,0.0623702,0.0651539,
603,0.0,0.0009445,0.0006896,0.0010777,0.0003675,0.0024811,0.0017068,0.0053185,0.0107774,0.0372692,0.0397042,0.0279514,0.0489137,0.0640809,
604,0.0,0.0012109,0.0011529,0.0004091,0.0017617,0.0022304,0.0015921,0.0059537,0.0084216,0.0278372,0.0178313,0.0149914,0.0604278,0.0403307,
605,1e-07,0.0002693,0.000841,0.0013205,0.0020824,0.00306,0.0016564,0.0089936,0.0182061,0.0156353,0.0459705,0.0346649,0.0627967,0.0779145,
606,1e-07,0.0009489,0.0005727,0.0017827,0.0034324,0.00106,0.0036144,0.0090031,0.0208235,0.0640386,0.058948,0.0902675,0.0974544,0.112266,
607,1e-07,0.0002685,0.0013066,0.0019845,0.002049,0.0045169,0.0024183,0.0214488,0.0356677,0.0610029,0.0404023,0.0757495,0.0828993,0.1029411,
608,1e-07,0.0002665,0.0006828,0.0024291,0.0031643,0.0037031,0.0027419,0.0200673,0.0572562,0.0799215,0.0248033,0.0836801,0.1188649,0.1235074,
609,0.0,0.0002649,0.0012478,0.0008617,0.0010217,0.0045363,0.007188,0.0039409,0.014392,0.0832399,0.1040909,0.0376844,0.0363322,0.0719642,
610,1e-07,0.0019798,0.0006852,0.0017712,0.0003722,0.0051405,0.0091922,0.0173875,0.008824,0.0666457,0.0564453,0.0298758,0.0466282,0.0390089,
611,0.0,0.0008038,0.0011685,0.001259,0.0011082,0.0030284,0.0034831,0.0131654,0.017218,0.0724804,0.0747607,0.0408561,0.0496145,0.0766477,
612,0.0,0.0009458,0.0005771,0.0011641,0.003376,0.0030664,0.0023394,0.0102392,0.0362813,0.0296408,0.0486126,0.0542505,0.0601242,0.0768397,
