#Time_fs,0,50,100,150,200,250,300,500,750,1000,1250,1500,1750,2000,
1,0.0,0.0009461,0.0012293,0.0008336,0.0019513,0.0005785,0.0014426,0.0053019,0.0091521,0.023723,0.0347766,0.040867,0.0685868,0.085802,
2,0.0,6.92e-05,0.0009769,0.0008973,0.0010725,0.0016854,0.0002559,0.0037536,0.0191803,0.0381444,0.0268804,0.0692564,0.0797345,0.0551746,
3,0.0,0.0014231,0.0005594,0.0008418,0.0011748,0.0006541,0.001438,0.001424,0.0204854,0.015234,0.0181478,0.0438133,0.0486106,0.0399394,
4,0.0,0.0009537,0.0013896,0.0015438,0.0016057,0.0008071,0.0012099,0.0023845,0.005632,0.0107102,0.0249061,0.0195083,0.0306621,0.0295383,
5,0.0,0.0009568,0.0015533,0.0020793,0.0004059,0.0008085,0.0014248,0.0041167,0.0122207,0.037461,0.0413526,0.0215329,0.0430631,0.0343378,
6,0.0,5.67e-05,0.0010637,0.0008973,0.0004054,0.0015995,0.0020578,0.0040783,0.0056651,0.0132839,0.0132796,0.0144011,0.0289572,0.0311318,
7,0.0,5.27e-05,0.0011024,0.0008882,0.0010705,0.0014955,0.001171,0.0019047,0.0009987,0.0052194,0.0332089,0.0293967,0.0173127,0.0108857,
8,0.0,5.11e-05,0.0011048,0.0010778,0.0014787,0.0022682,0.001223,0.0023967,0.0043072,0.0129481,0.0430568,0.0240271,0.0175909,0.0294171,
9,0.0,4.87e-05,0.0011048,0.0008857,0.0014085,0.0008123,0.001226,0.0021478,0.0075118,0.038523,0.0769809,0.0399826,0.0138346,0.0089256,
10,0.0,0.0010351,0.001061,0.0008718,0.0010654,0.0019777,0.000895,0.001729,0.0035066,0.0140843,0.0706325,0.0231501,0.0102375,0.0109855,
11,0.0,4.27e-05,0.0016409,0.000715,0.0004095,0.0008143,0.0011847,0.0038987,0.0065937,0.0094972,0.0264169,0.0251488,0.013877,0.0480344,
12,0.0,4.31e-05,0.0004719,0.0015373,0.0010059,0.0014475,0.0014471,0.0013657,0.0151476,0.0090927,0.0378496,0.0187574,0.0091653,0.0390124,
13,0.0,4.18e-05,0.0013639,0.0009173,0.0010059,0.0005774,0.0016647,0.003113,0.0121681,0.0563176,0.0306924,0.0340844,0.0313782,0.0326354,
14,0.0,3.96e-05,0.0010597,0.000914,0.001406,0.0006512,0.0002507,0.0029027,0.0151842,0.0328972,0.0154986,0.0294045,0.052815,0.0541093,
15,0.0,3.74e-05,0.0005685,0.0006663,0.0019629,0.0014967,0.0016373,0.0018917,0.0184436,0.0385405,0.0334941,0.0478208,0.0818803,0.0549808,
16,0.0,3.69e-05,0.0017398,0.0010569,0.0011465,0.0014445,0.0014458,0.0057643,0.0108524,0.0455963,0.0381555,0.0286441,0.061067,0.0531904,
17,0.0,3.57e-05,0.0005666,0.0010783,0.0010673,0.0012554,0.0020595,0.0062431,0.0161604,0.0308027,0.0560955,0.0673289,0.0643554,0.0455098,
18,0.0,3.32e-05,0.0009773,0.000876,0.0014063,0.0021517,0.0050365,0.0073233,0.0226704,0.0369235,0.0376327,0.0537671,0.0731798,0.0487548,
19,0.0,0.0009777,0.0017394,0.0008936,0.0027651,0.0033728,0.0060666,0.0057689,0.0216747,0.0500978,0.0408488,0.0732381,0.0715655,0.0393864,
20,0.0,0.0014152,0.0005653,0.0030882,0.005748,0.0047588,0.0076371,0.0102252,0.0312699,0.0499548,0.0200235,0.0389817,0.0692675,0.0507636,
21,0.0,0.0014348,0.0019422,0.0028018,0.0031777,0.0071906,0.0112195,0.0322399,0.0282255,0.0573707,0.0516583,0.0946444,0.0949551,0.094749,
22,0.0,0.001403,0.0019393,0.0028143,0.0033566,0.0073077,0.0111495,0.028054,0.06073,0.0809212,0.090167,0.1138599,0.0684071,0.0872784,
23,0.0,0.0017549,0.003309,0.0072104,0.008078,0.0061317,0.0171592,0.0144225,0.0201125,0.0660278,0.1048062,0.1230128,0.1022997,0.140275,
24,0.0,0.0059417,0.0137902,0.0092048,0.0191796,0.025527,0.0265093,0.0473399,0.0286283,0.079536,0.1007775,0.1220587,0.1238631,0.1285479,
25,0.0,0.0031574,0.006486,0.0162046,0.0258763,0.0152667,0.0226618,0.0461769,0.026957,0.046235,0.0636088,0.0881122,0.0576489,0.058773,
26,0.0,0.0030125,0.0119145,0.0177279,0.0217893,0.0269669,0.0346661,0.0557508,0.0395704,0.0377229,0.0721049,0.1239975,0.0692929,0.0689352,
27,0.0,0.0013892,0.0026602,0.0066377,0.0112432,0.02044,0.0228676,0.0456654,0.0536306,0.0190095,0.0571132,0.0685545,0.1073168,0.0618568,
28,0.0,0.0009863,0.0019184,0.0021845,0.0039447,0.0072759,0.0084802,0.0230571,0.0229925,0.0181804,0.0430779,0.0312196,0.0425409,0.0451997,
29,0.0,0.0010189,0.0010616,0.0009015,0.003013,0.0039412,0.0040304,0.0187644,0.0087586,0.011032,0.0726827,0.054834,0.0650403,0.066161,
30,0.0,3.65e-05,0.0011502,0.0015702,0.0011465,0.0016057,0.0035859,0.003576,0.0075666,0.0164059,0.0190524,0.0554851,0.0497607,0.0549161,
31,0.0,3.58e-05,0.0009786,0.0009067,0.0004225,0.0013884,0.0012322,0.0030998,0.0068238,0.0156164,0.0140583,0.0343266,0.0369419,0.0724204,
32,0.0,0.0013855,0.0015477,0.0010631,0.0014622,0.0014999,0.0008939,0.0012465,0.0050638,0.0208779,0.0294963,0.0456825,0.034638,0.0801684,
33,0.0,3.86e-05,0.0005689,0.0008927,0.0005949,0.0014143,0.0008932,0.0041276,0.0095852,0.0348499,0.0401401,0.0662937,0.0305393,0.0767034,
34,0.0,3.7e-05,0.0011446,0.0010977,0.0010042,0.0008218,0.0022045,0.0081932,0.0145906,0.037087,0.0254584,0.0720224,0.0435085,0.0668691,
35,0.0,3.69e-05,0.001219,0.0010686,0.001458,0.0016097,0.000252,0.005938,0.0059987,0.0292626,0.0341665,0.0236521,0.0580993,0.059223,
36,0.0,3.53e-05,0.0011483,0.0008745,0.0010851,0.0014971,0.0014862,0.0064702,0.0101025,0.0141013,0.0429416,0.0191254,0.0282385,0.0386963,
37,0.0,0.0009674,0.0010658,0.0010627,0.0018285,0.0013892,0.0040371,0.0037406,0.013617,0.0174863,0.0227772,0.0857316,0.0420058,0.0648145,
38,0.0,3.49e-05,0.0013971,0.0030108,0.0021647,0.0027135,0.006526,0.0044712,0.028689,0.0241385,0.0391766,0.0767153,0.0507168,0.0551805,
39,0.0,3.52e-05,0.0019438,0.0010596,0.0026717,0.0069264,0.0075235,0.0087545,0.0226374,0.0074893,0.0350356,0.0721847,0.0638265,0.0521113,
40,0.0,3.35e-05,0.0016951,0.0017934,0.0020445,0.0012586,0.0030799,0.0197695,0.0253914,0.0109802,0.0400588,0.0470649,0.0659537,0.0452171,
41,0.0,0.0010241,0.0022043,0.0043326,0.0043349,0.007199,0.0106714,0.0304869,0.0215589,0.0332037,0.0390676,0.0605721,0.0547589,0.0356043,
42,0.0,0.0024448,0.0013628,0.004397,0.0071783,0.0106541,0.0173057,0.0412829,0.0314134,0.0473649,0.0399804,0.0623353,0.10064,0.0539676,
43,0.0,0.0010195,0.001552,0.0017985,0.0056359,0.0067173,0.0180315,0.0356436,0.0425619,0.0468333,0.0365635,0.060528,0.0434377,0.0555215,
44,0.0,0.0010249,0.0020806,0.0054178,0.0105792,0.0180399,0.0169466,0.0206022,0.0270647,0.0555672,0.0219252,0.0332941,0.0387864,0.0555049,
45,0.0,3.17e-05,0.0048031,0.0036904,0.0113479,0.0160554,0.0205564,0.0150143,0.0295804,0.053649,0.0530146,0.0284695,0.0380944,0.0750154,
46,0.0,0.0014145,0.0037615,0.0035571,0.0034002,0.0135403,0.0167449,0.0410404,0.0413257,0.0611662,0.0498723,0.0316898,0.076965,0.1234797,
47,0.0,0.0014138,0.00343,0.0037696,0.0011698,0.0027214,0.0163745,0.0331393,0.0282975,0.0288146,0.0501237,0.0398101,0.0750351,0.0916994,
48,0.0,3.15e-05,0.0004867,0.0043908,0.0065487,0.010315,0.0100774,0.016486,0.0203439,0.0512726,0.0560229,0.0438795,0.0498711,0.08796,
49,0.0,0.0009821,0.0033305,0.0048696,0.0110583,0.0140483,0.0173358,0.0119261,0.0256175,0.0811719,0.0576258,0.0470899,0.058112,0.0859973,
50,0.0,0.0010153,0.0033813,0.0036494,0.0075384,0.008662,0.0152135,0.0158286,0.009964,0.0696355,0.055155,0.0455728,0.0248632,0.0668331,
51,0.0,0.0010224,0.0019355,0.0008734,0.0030505,0.006289,0.0081829,0.0131541,0.0304314,0.0819436,0.0851172,0.0610742,0.0476081,0.0809278,
52,0.0,0.0014048,0.0010153,0.0020128,0.0023815,0.0019434,0.002073,0.0071244,0.0419265,0.0709047,0.0610561,0.0943001,0.060332,0.1198605,
53,0.0,0.001708,0.0010166,0.0010685,0.0015776,0.002076,0.000898,0.0144176,0.0384445,0.0278607,0.0289802,0.0648466,0.0246158,0.0272764,
54,0.0,3.22e-05,0.0022047,0.0010688,0.0010809,0.0018678,0.0046754,0.0096132,0.0138352,0.0115629,0.0592954,0.0570662,0.0524631,0.0581103,
55,0.0,3.29e-05,0.0009792,0.0010921,0.0016963,0.0029638,0.0018285,0.0031127,0.0210087,0.0371885,0.0487903,0.0959436,0.1068182,0.0781003,
56,0.0,3.16e-05,0.0010703,0.0016504,0.0011399,0.0017988,0.0023151,0.0130961,0.0096841,0.0338818,0.0604352,0.0601706,0.0626109,0.0623845,
57,0.0,0.0010218,0.0009781,0.0010716,0.0014094,0.0033195,0.0014275,0.006531,0.0141063,0.033516,0.0509482,0.1028307,0.0564578,0.0600435,
58,0.0,3.17e-05,0.0014307,0.0016502,0.0011394,0.0020776,0.0016732,0.0077485,0.0243984,0.0314569,0.0592313,0.104211,0.086903,0.0918699,
59,0.0,3.27e-05,0.0012236,0.0010938,0.0018508,0.0019411,0.003425,0.0049222,0.0225034,0.0444404,0.0791796,0.0948651,0.0830399,0.1032273,
60,0.0,0.0014245,0.0010232,0.0015562,0.0010699,0.001968,0.0022441,0.0080269,0.0283356,0.053913,0.0666479,0.0737634,0.076772,0.0827932,
61,0.0,0.0010198,0.0014322,0.002164,0.00044,0.001799,0.0011491,0.0234953,0.0274817,0.0349872,0.0514444,0.0680158,0.0728712,0.0771342,
62,0.0,3.27e-05,0.0004739,0.0006865,0.0004397,0.0013042,0.0023139,0.0176842,0.0175307,0.0535201,0.0666303,0.0416946,0.0444941,0.0203302,
63,0.0,3.23e-05,0.0009784,0.0009369,0.0021866,0.0053236,0.004669,0.0132119,0.0134437,0.0291892,0.057488,0.0546603,0.0541223,0.074965,
64,0.0,3.16e-05,0.0009778,0.0018868,0.0043273,0.008427,0.0102911,0.0245077,0.0124843,0.0113152,0.0713299,0.06204,0.0846578,0.0985754,
65,0.0,3.1e-05,0.0004742,0.0025763,0.0018563,0.0041155,0.0020741,0.0179574,0.0199803,0.0206572,0.0614017,0.0409085,0.0954452,0.0971728,
66,0.0,3.05e-05,0.0015546,0.0006914,0.0012311,0.0019417,0.0029433,0.0127683,0.0224668,0.0154193,0.0606582,0.065077,0.0811495,0.0814451,
67,0.0,0.0010186,0.0020621,0.0008852,0.0014055,0.0012994,0.0051709,0.0238345,0.0232403,0.0214107,0.0455758,0.0805481,0.1455058,0.0929315,
68,0.0,3.08e-05,0.0004738,0.0015967,0.001574,0.0008229,0.001664,0.0217761,0.0192354,0.028008,0.0500889,0.0504898,0.0842934,0.0234671,
69,0.0,3.08e-05,0.0011967,0.0024177,0.0011774,0.0025224,0.0021405,0.0179167,0.0188828,0.0474815,0.0445482,0.0378695,0.0199701,0.0544554,
70,0.0,0.0009932,0.0004726,0.0015828,0.0019686,0.0020432,0.0032336,0.0065467,0.0262499,0.0320421,0.0629366,0.0349143,0.0743387,0.0648973,
71,0.0,0.0009909,0.0010538,0.0006819,0.0015915,0.0026411,0.0032197,0.0413975,0.0691051,0.0512715,0.0766977,0.0580056,0.0775245,0.0800549,
72,0.0,0.0014431,0.0005713,0.000874,0.0023332,0.0027123,0.0021351,0.0314628,0.0782333,0.0810864,0.0852209,0.0598129,0.0385179,0.0537797,
73,0.0,3.03e-05,0.0021331,0.0009233,0.0016845,0.0030176,0.0022021,0.0145077,0.0672961,0.0717258,0.063093,0.0489575,0.0475152,0.0492777,
74,0.0,3.03e-05,0.0010555,0.0009123,0.0016861,0.0029636,0.0028722,0.0078555,0.0323824,0.0542961,0.0472254,0.031949,0.0326747,0.0560041,
75,0.0,0.0014148,0.0010561,0.000891,0.0029438,0.0026442,0.0009039,0.0089036,0.0438332,0.0764484,0.0645423,0.0475823,0.0205139,0.0748167,
76,0.0,3.15e-05,0.0004698,0.0008889,0.0010042,0.0012639,0.0011538,0.0035512,0.0410852,0.0352597,0.0325748,0.034139,0.0407601,0.0501893,
77,0.0,3.24e-05,0.0005687,0.000891,0.0014237,0.0005739,0.0011727,0.0035577,0.0183226,0.0222458,0.0348139,0.0325989,0.0513061,0.0558283,
78,0.0,3.44e-05,0.0014031,0.0008683,0.0014513,0.0005767,0.0011734,0.004097,0.0077239,0.0204668,0.0352065,0.0176248,0.0856153,0.0997386,
79,0.0,3.5e-05,0.001029,0.0008689,0.0010658,0.0014976,0.0021381,0.0066355,0.023748,0.0259576,0.0298955,0.0381694,0.0547708,0.0405178,
80,0.0,3.44e-05,0.0009794,0.0008702,0.0019576,0.0012667,0.0018392,0.0016993,0.0310783,0.0147305,0.0335103,0.0816575,0.0638684,0.0444765,
81,0.0,3.57e-05,0.0013687,0.0009063,0.002188,0.0006489,0.0002418,0.0054406,0.0240701,0.0125377,0.020616,0.0730318,0.0768102,0.0742823,
82,0.0,0.0010329,0.0019439,0.0009031,0.0005818,0.0014402,0.00122,0.0070789,0.0264601,0.0124742,0.0320027,0.0376374,0.0629521,0.041644,
83,0.0,3.84e-05,0.00098,0.0006523,0.0004341,0.0013939,0.0014435,0.0021343,0.0215301,0.0061575,0.0823645,0.0464315,0.09108,0.0512096,
84,0.0,3.93e-05,0.0005586,0.0008748,0.0010752,0.0026241,0.0052148,0.0167994,0.0352468,0.0316847,0.0364161,0.0316532,0.025849,0.0391949,
85,0.0,0.0013971,0.0009793,0.00176,0.0020697,0.0029661,0.0044274,0.0065906,0.0175262,0.0342914,0.0351673,0.0383111,0.0345771,0.0252568,
86,0.0,3.65e-05,0.0005606,0.0006606,0.0015458,0.0019525,0.002353,0.0145039,0.0189471,0.0372003,0.0423373,0.0439438,0.0607025,0.0253004,
87,0.0,0.0010299,0.001023,0.0009002,0.0011735,0.0005732,0.0016744,0.0064905,0.0099107,0.0222172,0.02598,0.0506663,0.0822959,0.0848732,
88,0.0,3.55e-05,0.0017445,0.0008728,0.00043,0.0018719,0.0012284,0.0066213,0.0187372,0.0229643,0.0105063,0.0196938,0.0840226,0.0887085,
89,0.0,3.44e-05,0.0019471,0.0010701,0.0010673,0.0005754,0.0014454,0.0033773,0.0299961,0.0281732,0.0320573,0.0119605,0.0163394,0.050105,
90,0.0,3.54e-05,0.0014321,0.0008713,0.0011365,0.0008235,0.0012206,0.0083123,0.0234296,0.0116802,0.0287156,0.0348797,0.0277096,0.0666442,
91,0.0,3.4e-05,0.000979,0.0009071,0.000427,0.0010319,0.0008985,0.0046649,0.0195011,0.0285221,0.0285266,0.0536279,0.0304829,0.0694693,
92,0.0,3.44e-05,0.0005713,0.0010744,0.0004277,0.0005778,0.0016913,0.0041856,0.0335185,0.0161494,0.0477972,0.0405807,0.020935,0.0669709,
93,0.0,3.46e-05,0.0013637,0.0015943,0.001456,0.0008736,0.0012357,0.0029047,0.0125089,0.0244258,0.0452364,0.0195798,0.0440343,0.0506747,
94,0.0,3.62e-05,0.0004665,0.0015733,0.001004,0.0012643,0.0011646,0.0055802,0.0176457,0.0480971,0.0219178,0.0168397,0.0934044,0.0810041,
95,0.0,3.59e-05,0.0011075,0.0017789,0.0010054,0.0018286,0.0008543,0.002856,0.0132253,0.017641,0.0295488,0.0513351,0.0760764,0.0755776,
96,0.0,0.0009667,0.0014336,0.0018683,0.0004155,0.0037316,0.0014296,0.0056934,0.0111455,0.0251063,0.0559095,0.0380974,0.0231138,0.030091,
97,0.0,3.81e-05,0.0005703,0.0009213,0.0006004,0.0012262,0.0033024,0.002678,0.0174364,0.0340666,0.0345699,0.0303677,0.054424,0.0525458,
98,0.0,0.0009886,0.0015459,0.0010604,0.001059,0.0014172,0.0002613,0.0034624,0.020077,0.0207477,0.021763,0.0690698,0.08028,0.0822926,
99,0.0,4.34e-05,0.0009791,0.0009231,0.0014658,0.0018283,0.0008906,0.0013978,0.0102763,0.0225797,0.048635,0.0780975,0.0828828,0.0755752,
100,0.0,4.67e-05,0.0015563,0.0010994,0.0004149,0.0013842,0.001445,0.0029956,0.0108453,0.0169113,0.0284024,0.0621957,0.0628343,0.0723675,
101,0.0,4.66e-05,0.0004725,0.0008801,0.0004162,0.0008172,0.0008673,0.0073293,0.0113979,0.0284774,0.040711,0.0679056,0.0484381,0.0510973,
102,0.0,0.0009545,0.0015511,0.0008754,0.0010059,0.001292,0.0014454,0.001238,0.009983,0.0275088,0.0321972,0.0189416,0.0230352,0.0610082,
103,0.0,0.0009559,0.0004765,0.0010982,0.0005937,0.0010437,0.0008856,0.0034504,0.0144824,0.0287656,0.0263677,0.014321,0.0274403,0.0558768,
104,0.0,0.0009841,0.0009802,0.0014372,0.0018338,0.001291,0.0020521,0.0060383,0.0126788,0.0348421,0.0381426,0.0375992,0.0480226,0.0456861,
105,0.0,5.05e-05,0.0004809,0.000882,0.001175,0.0010845,0.0020547,0.0068937,0.0166047,0.0318756,0.0268622,0.0414685,0.066402,0.0451096,
106,0.0,0.0010456,0.0014288,0.0009316,0.0005934,0.001193,0.0012287,0.0045418,0.0137729,0.0229165,0.0734883,0.0507017,0.0562968,0.0896607,
107,0.0,0.0017185,0.0022042,0.0009125,0.0014268,0.0015847,0.0018508,0.0031104,0.0123216,0.0317401,0.0312483,0.0461009,0.0313172,0.0873401,
108,0.0,0.0013873,0.0013709,0.0008865,0.0010926,0.0029401,0.0043005,0.0084758,0.0178224,0.0257306,0.0532715,0.0647494,0.0600921,0.0917808,
109,0.0,0.001388,0.0004867,0.0008884,0.0010955,0.0041636,0.0046244,0.0151119,0.0137571,0.0148865,0.0340578,0.0353079,0.0737961,0.0715375,
110,0.0,0.0009682,0.0004842,0.0010437,0.0010744,0.002075,0.0023326,0.0041179,0.0151148,0.019467,0.0171992,0.0484462,0.0574229,0.0812513,
111,0.0,5.56e-05,0.0016352,0.0010423,0.0005986,0.0006516,0.0021955,0.004723,0.0073372,0.0239607,0.0229887,0.0459415,0.0258361,0.0528484,
112,0.0,5.19e-05,0.0013666,0.0006639,0.0020904,0.0005765,0.0011635,0.00288,0.0149026,0.0258004,0.027194,0.0290311,0.0347101,0.0283416,
113,0.0,4.96e-05,0.0013643,0.001043,0.0005995,0.0012495,0.0018785,0.001737,0.0103047,0.0230431,0.0279036,0.0452567,0.0315777,0.0071816,
114,0.0,0.0009671,0.0012615,0.0018437,0.001008,0.0017311,0.0021979,0.0021125,0.0077372,0.0188306,0.017222,0.0342029,0.0122518,0.0164977,
115,0.0,0.0009757,0.0005629,0.0006739,0.0010932,0.0010915,0.0014452,0.0035887,0.0103068,0.0293362,0.0212082,0.0507512,0.0402105,0.0108659,
116,0.0,4.16e-05,0.0010619,0.0006789,0.001092,0.0019416,0.0046681,0.0124707,0.0173204,0.0333682,0.0189552,0.0252859,0.0256242,0.0365217,
117,0.0,3.84e-05,0.001059,0.0006795,0.0012299,0.0008162,0.0041264,0.0175631,0.020729,0.0373049,0.0070942,0.0304418,0.0284146,0.0318308,
118,0.0,0.001446,0.0013571,0.0008792,0.0005933,0.0027142,0.0031372,0.0149874,0.0318307,0.035476,0.0228687,0.0331521,0.0137301,0.0213754,
119,0.0,3.44e-05,0.0013566,0.0056254,0.0107666,0.0076495,0.0057684,0.0137459,0.0277683,0.0549543,0.0443301,0.0213107,0.0046394,0.0366113,
120,0.0,3.41e-05,0.000476,0.003869,0.0069312,0.0047971,0.0064726,0.0086929,0.0138362,0.0394348,0.0404925,0.0412966,0.0229035,0.0411806,
121,0.0,3.58e-05,0.0019362,0.001847,0.0011527,0.0010397,0.0022169,0.0090488,0.0304886,0.0357686,0.0213984,0.0340149,0.0468007,0.019023,
122,0.0,3.86e-05,0.0015537,0.0010482,0.0004144,0.0014445,0.0014097,0.00463,0.0259119,0.0087244,0.0284963,0.0380449,0.0220954,0.044105,
123,0.0,4.13e-05,0.0015473,0.0009054,0.0010914,0.0006537,0.000862,0.0022086,0.0123805,0.0348883,0.0475953,0.0418908,0.0183793,0.028721,
124,0.0,4.44e-05,0.0004806,0.0010409,0.002013,0.0005689,0.0008655,0.002396,0.0122108,0.0386857,0.0493834,0.0313132,0.0697975,0.044144,
125,0.0,4.67e-05,0.0005627,0.0010677,0.0004123,0.0012377,0.0012339,0.0011181,0.0016447,0.014983,0.0257875,0.0322566,0.0345878,0.0217322,
126,0.0,4.99e-05,0.0017463,0.0015574,0.0010995,0.0008122,0.003001,0.0025895,0.004503,0.0126591,0.0274788,0.0166798,0.0075436,0.0346602,
127,0.0,5.25e-05,0.0009777,0.0006732,0.0011606,0.0011973,0.0002459,0.0046723,0.0043018,0.0262893,0.0350335,0.0239386,0.0235185,0.0294948,
128,0.0,5.29e-05,0.000558,0.0008629,0.0004141,0.0008118,0.0008912,0.002175,0.0059516,0.0300878,0.0344807,0.0218091,0.0503544,0.0517252,
129,0.0,0.0009655,0.0013665,0.0006677,0.0011696,0.0012477,0.0024691,0.0051596,0.0053192,0.0198892,0.0321145,0.0231284,0.0394089,0.0668683,
130,0.0,0.0013624,0.001015,0.0014494,0.0010096,0.0032555,0.0021959,0.0107552,0.0055516,0.0246842,0.0462568,0.0302431,0.0512247,0.024934,
131,0.0,5.46e-05,0.0011804,0.0008626,0.0010871,0.0005717,0.0029999,0.0118264,0.0245989,0.0375304,0.0217097,0.0207725,0.0511955,0.0161163,
132,0.0,0.0013586,0.0004901,0.0015484,0.0011557,0.0030049,0.0076367,0.0185618,0.021063,0.0281019,0.0292292,0.0214409,0.0239301,0.054805,
133,0.0,5.3e-05,0.0013921,0.0009248,0.0018735,0.0019482,0.0049701,0.0167797,0.0162515,0.0328239,0.0262047,0.054623,0.0495317,0.0735864,
134,0.0,0.0009709,0.0022063,0.0015399,0.0018309,0.0008149,0.0021671,0.0095886,0.0161827,0.0160984,0.033428,0.0761277,0.0638766,0.0358652,
135,0.0,4.87e-05,0.0009789,0.0006713,0.001917,0.000875,0.0011438,0.0061394,0.0186144,0.0158149,0.0225635,0.0588604,0.0443095,0.0192792,
136,0.0,0.0009665,0.0014319,0.0007181,0.0004208,0.0038202,0.005041,0.0103622,0.02117,0.0225534,0.0105764,0.0220457,0.0396743,0.0255523,
137,0.0,0.0014298,0.0010127,0.0008861,0.0029768,0.0037279,0.0057549,0.010012,0.0093559,0.0187168,0.0119014,0.0400832,0.0389357,0.0309155,
138,0.0,0.0009708,0.0015551,0.0039014,0.0050408,0.0082969,0.0105921,0.0063985,0.0166104,0.0397971,0.0477224,0.0521868,0.0645387,0.0532195,
139,0.0,0.0013825,0.0004863,0.0028398,0.0046981,0.0041646,0.0035647,0.0128192,0.021858,0.0184972,0.031676,0.0326723,0.0414688,0.0277715,
140,0.0,0.0017512,0.002,0.0014703,0.0038783,0.006024,0.0093515,0.0214236,0.0252637,0.0266301,0.0275576,0.0383484,0.0423871,0.032466,
141,0.0,0.0022496,0.0042825,0.0097746,0.0121335,0.0153018,0.0150821,0.0106776,0.0104261,0.0176263,0.030004,0.0446271,0.0567089,0.0518245,
142,0.0,0.0014205,0.0050477,0.0079261,0.0165118,0.0242948,0.0314643,0.0275064,0.0224036,0.0307268,0.0218475,0.0514532,0.0638124,0.0956741,
143,0.0,0.0037321,0.0119794,0.037168,0.0671213,0.0851508,0.082642,0.0915849,0.0770147,0.0399307,0.0160646,0.039724,0.0409392,0.0192462,
144,0.0,0.0014454,0.0045179,0.0066539,0.0100416,0.0119263,0.0064336,0.0360994,0.0260528,0.0346168,0.0280052,0.0832641,0.0274997,0.009337,
145,0.0,0.0024452,0.0069026,0.0055541,0.0062369,0.0203491,0.0256143,0.0333731,0.0313594,0.0332957,0.0395207,0.0733619,0.0478799,0.01925,
146,0.0,0.001017,0.0035323,0.0015585,0.0031191,0.0045063,0.0151993,0.0074245,0.0445787,0.0240434,0.0553945,0.0523888,0.0409175,0.0641795,
147,0.0,3.93e-05,0.0010204,0.0021322,0.0027105,0.0030424,0.0038799,0.0069153,0.0272396,0.0254944,0.0462332,0.0177589,0.0277359,0.0664701,
148,0.0,4.16e-05,0.000978,0.0015832,0.0020334,0.0046363,0.0041494,0.0111233,0.0250411,0.0240001,0.0183388,0.028038,0.0253335,0.0231537,
149,0.0,0.0010244,0.0010667,0.0014521,0.0011549,0.001089,0.0029716,0.0167314,0.0212906,0.0240203,0.0163056,0.0547606,0.0412438,0.020412,
150,0.0,0.0009774,0.0009791,0.0006611,0.0022529,0.0016902,0.001427,0.0021463,0.0168738,0.0106041,0.0231819,0.0266845,0.0168477,0.0351996,
151,0.0,5.1e-05,0.0015501,0.0008643,0.0004122,0.0005796,0.0011595,0.0054774,0.0189615,0.0249712,0.0179223,0.0243212,0.0227184,0.0429659,
152,0.0,5.13e-05,0.0016076,0.0007193,0.0006023,0.0018954,0.0023383,0.0049219,0.0174541,0.0191357,0.0572278,0.017695,0.0256964,0.0648023,
153,0.0,5.43e-05,0.001552,0.0010501,0.0018976,0.0023802,0.0014409,0.0021042,0.0182638,0.0333378,0.0431272,0.0245941,0.0252485,0.0267179,
154,0.0,5.49e-05,0.0009796,0.0008585,0.0004081,0.0012563,0.0008841,0.0025913,0.0136283,0.0385966,0.0209047,0.0254991,0.0274626,0.0185042,
155,0.0,0.0010487,0.0005663,0.0017805,0.0013998,0.0013791,0.001869,0.0028932,0.014892,0.0198949,0.0365778,0.0501025,0.0630526,0.0508561,
156,0.0,0.0009955,0.0010664,0.0009341,0.0010963,0.0018062,0.0014501,0.0026358,0.0092819,0.0100693,0.0485359,0.0442404,0.045102,0.053279,
157,0.0,4.8e-05,0.0019176,0.0006525,0.0014976,0.000649,0.0011617,0.0058429,0.0077218,0.0092478,0.0237357,0.0337948,0.0503714,0.0384028,
158,0.0,0.0013967,0.0012582,0.0006521,0.0004162,0.0008641,0.0011715,0.0088242,0.0196009,0.0275518,0.0315715,0.0435112,0.0404491,0.0458717,
159,0.0,4.6e-05,0.0017467,0.000656,0.0004187,0.0012281,0.0012186,0.0033253,0.0201215,0.0370747,0.0258805,0.0658331,0.0372161,0.046113,
160,0.0,0.0009802,0.0010216,0.0014439,0.0036119,0.0065931,0.0072281,0.0154367,0.0283154,0.0352615,0.0116899,0.0786116,0.0235499,0.0381792,
161,0.0,0.0013724,0.0010199,0.0024865,0.0044364,0.0063406,0.0085782,0.0155648,0.0126597,0.0380125,0.0124647,0.022249,0.0398604,0.0547972,
162,0.0,4.1e-05,0.0018681,0.0061316,0.0096064,0.0093634,0.0138723,0.0183765,0.0239707,0.0299746,0.0259963,0.0228206,0.0243999,0.0122233,
163,0.0,0.0010211,0.0042442,0.0106991,0.0161,0.0187325,0.0146207,0.0327303,0.0279621,0.0317843,0.0337141,0.0245668,0.0196487,0.0223621,
164,0.0,0.0030199,0.0086455,0.0183883,0.0204502,0.0192412,0.0152747,0.0440139,0.0353485,0.0257515,0.0414428,0.0466043,0.0536123,0.0651254,
165,0.0,0.0024879,0.0054444,0.009003,0.010315,0.0166898,0.0223516,0.0421123,0.0404122,0.0386744,0.0547724,0.0722005,0.039592,0.0810555,
166,0.0,0.0014463,0.0109509,0.0124781,0.0168615,0.0184878,0.019413,0.0337168,0.0202035,0.0412973,0.0199054,0.0538508,0.0546854,0.0886083,
167,0.0,0.0024245,0.0070519,0.0162278,0.0214163,0.019198,0.0344201,0.0406826,0.0305405,0.0439042,0.0517283,0.0441138,0.0546791,0.0796626,
168,0.0,0.0050635,0.0096295,0.0149925,0.0226199,0.0288849,0.0343528,0.0233106,0.0391419,0.0450617,0.0871206,0.1180905,0.0921161,0.0661878,
169,0.0,0.0017137,0.008733,0.0141564,0.0210507,0.021346,0.0244355,0.0370631,0.0782475,0.065477,0.0855561,0.1059089,0.0962363,0.055452,
170,0.0,0.0009629,0.0032614,0.0109154,0.0147605,0.0157159,0.0123713,0.0236579,0.0630313,0.0604263,0.0647528,0.0512489,0.0239458,0.0584312,
171,0.0,0.0009665,0.0019465,0.0015643,0.0084806,0.0145858,0.0129223,0.0190247,0.0261371,0.0396313,0.0089928,0.0436179,0.0307413,0.0441313,
172,0.0,0.0010181,0.0005561,0.0009073,0.0042848,0.0078787,0.0059088,0.0169388,0.0176769,0.0443596,0.0192987,0.0472166,0.0288418,0.0164964,
173,0.0,0.0014037,0.0009778,0.0016496,0.0020496,0.0052277,0.0078862,0.0180984,0.0224453,0.0339441,0.0232974,0.0345878,0.0361045,0.0470585,
174,0.0,4.14e-05,0.0011043,0.0023927,0.0012289,0.0057895,0.0076444,0.0262313,0.0462866,0.0238119,0.0359574,0.0358431,0.0360428,0.0478635,
175,0.0,4.21e-05,0.0013964,0.00209,0.0010769,0.0032911,0.0039601,0.0141587,0.0321856,0.0191606,0.0359938,0.045598,0.0357872,0.0325812,
176,0.0,4.41e-05,0.0014298,0.0009196,0.0011604,0.0034873,0.0039606,0.0107553,0.0386417,0.0214766,0.0207497,0.054058,0.0336842,0.0329976,
177,0.0,4.26e-05,0.0010229,0.0010931,0.0004256,0.0012946,0.0014475,0.0054158,0.0245923,0.0489692,0.0353602,0.025005,0.0376011,0.023451,
178,0.0,0.0009918,0.0014283,0.0008848,0.0004273,0.0010791,0.0011705,0.0042332,0.0253361,0.0253189,0.0268983,0.0441444,0.0257432,0.0122543,
179,0.0,4.07e-05,0.0009798,0.000704,0.001463,0.000576,0.0045869,0.008275,0.031632,0.0316867,0.0144394,0.0411157,0.0167179,0.0132626,
180,0.0,4.27e-05,0.0005574,0.0015366,0.0014651,0.00082,0.0012186,0.0090374,0.0238858,0.0216894,0.0292122,0.0058222,0.0291631,0.020788,
181,0.0,4.3e-05,0.0014293,0.0010863,0.0018261,0.0020657,0.0020598,0.0127937,0.0153228,0.0243516,0.0342988,0.019971,0.0500261,0.0474305,
182,0.0,4.64e-05,0.0004856,0.0008809,0.0011607,0.0019395,0.0008681,0.0134842,0.0336242,0.0287272,0.0277526,0.0216503,0.0524983,0.0522855,
183,0.0,0.0013693,0.0013701,0.0022416,0.0011639,0.0023963,0.00205,0.0136255,0.0400255,0.0428786,0.0702016,0.0391784,0.0167575,0.083946,
184,0.0,4.51e-05,0.0010126,0.0008797,0.0014702,0.0008768,0.0030075,0.0147745,0.0117988,0.0679671,0.0870268,0.0841652,0.1190626,0.0926391,
185,0.0,0.0009671,0.0015411,0.0015455,0.001913,0.0019674,0.003584,0.0166303,0.0346442,0.0444394,0.0561213,0.0844068,0.0757,0.0734983,
186,0.0,0.0017691,0.0009796,0.0008905,0.0027953,0.0039709,0.0093533,0.0199776,0.0651998,0.0072297,0.0404216,0.1076318,0.0616402,0.0520172,
187,0.0,0.0022644,0.0009786,0.0009013,0.0035446,0.0105757,0.0123623,0.0258716,0.0506458,0.0247146,0.0196896,0.0618009,0.0367019,0.0460475,
188,0.0,3.55e-05,0.0020308,0.0027283,0.0073769,0.0109321,0.0108526,0.023129,0.0411327,0.0330475,0.0435812,0.0263591,0.0541391,0.0602964,
189,0.0,0.0010199,0.0016393,0.0132164,0.0177048,0.0183559,0.0218178,0.0405874,0.0322331,0.0239164,0.0568649,0.0866972,0.1139158,0.0733938,
190,0.0,0.0013836,0.0038086,0.0108121,0.0158074,0.017882,0.0203696,0.0456636,0.0157226,0.026302,0.0493483,0.0862927,0.0991157,0.0606649,
191,0.0,0.002453,0.0032412,0.0108142,0.0131265,0.0176042,0.0193747,0.05782,0.1269412,0.1595923,0.1132684,0.1513533,0.1719985,0.170654,
192,0.0,4.21e-05,0.0044015,0.0075189,0.00744,0.0077987,0.0075626,0.0197579,0.0424804,0.0660342,0.0490211,0.0905802,0.0944302,0.042382,
193,0.0,0.0013713,0.0027365,0.0038732,0.0072909,0.0092255,0.0083173,0.0332718,0.0424393,0.0337371,0.0765598,0.1015963,0.094082,0.0761641,
194,0.0,0.000968,0.0010743,0.0023118,0.0044188,0.0050331,0.0073241,0.0201852,0.0352724,0.027965,0.056944,0.1045197,0.0898428,0.0301223,
195,0.0,0.0009653,0.0025552,0.0027847,0.0031405,0.0041542,0.0070482,0.0216554,0.0336728,0.0421495,0.0421608,0.0609667,0.0582069,0.0779516,
196,0.0,5.63e-05,0.0019154,0.0008644,0.0018303,0.0005667,0.0014192,0.0180731,0.0406482,0.0567201,0.040437,0.0605671,0.0787863,0.1084074,
197,0.0,5.78e-05,0.0013894,0.0008881,0.0019166,0.0018248,0.0053445,0.0116081,0.0183824,0.0212434,0.0291296,0.0442886,0.1035759,0.0923686,
198,0.0,0.0014383,0.0011525,0.0016146,0.0018797,0.001371,0.0034352,0.0158544,0.0095754,0.0341163,0.0259026,0.0169408,0.0588586,0.0430386,
199,0.0,6.43e-05,0.0013679,0.001569,0.0010971,0.0012827,0.0024127,0.005075,0.0189013,0.0358757,0.0279608,0.0206551,0.0435608,0.0456825,
200,0.0,0.000957,0.0010757,0.0014464,0.0010102,0.0013695,0.0024431,0.0063596,0.0024307,0.0284122,0.045347,0.0375464,0.0634926,0.0243679,
201,0.0,0.0009976,0.0010109,0.0009457,0.0004126,0.0008086,0.0002495,0.0029104,0.004419,0.0162528,0.0355454,0.0574649,0.0581911,0.0500345,
202,0.0,6.87e-05,0.0018143,0.0007335,0.0010776,0.0008621,0.0014788,0.0027226,0.0104662,0.0254164,0.0250416,0.0391098,0.0419905,0.0409849,
203,0.0,6.58e-05,0.0013686,0.0015325,0.0004105,0.0012363,0.001481,0.0011487,0.0063085,0.0247215,0.0197345,0.0465809,0.0343815,0.042902,
204,0.0,6.86e-05,0.0010735,0.0006696,0.0004091,0.0017239,0.0011589,0.0026614,0.0023942,0.0073944,0.0262173,0.0506876,0.0419486,0.0485486,
205,0.0,7.21e-05,0.0010128,0.0006655,0.0004069,0.0006529,0.0014492,0.0017314,0.0015085,0.0119761,0.0295699,0.0147455,0.0842804,0.0495052,
206,0.0,0.0010515,0.0010732,0.0008944,0.0004062,0.0005791,0.0011636,0.0011477,0.0015023,0.0154922,0.0325297,0.0455813,0.0900847,0.0746166,
207,0.0,0.0010476,0.0009782,0.0008398,0.0010102,0.001419,0.0014359,0.0021415,0.0029948,0.0072217,0.0235213,0.0556868,0.0588713,0.0586353,
208,0.0,0.0010497,0.0015592,0.0015172,0.0010779,0.0013957,0.0011574,0.0029008,0.0016036,0.0113029,0.0099465,0.0626748,0.0170055,0.0472496,
209,0.0,7.43e-05,0.0012599,0.0015267,0.0014955,0.0006529,0.0011628,0.0023992,0.005141,0.017109,0.0300452,0.0235939,0.0273002,0.0284842,
210,0.0,0.0009537,0.0011524,0.0006701,0.0010105,0.0011047,0.0011757,0.0023946,0.0085209,0.0194725,0.0529023,0.0077585,0.042773,0.0181078,
211,0.0,7.45e-05,0.0015424,0.001022,0.0006097,0.0017421,0.0008821,0.0013778,0.0093258,0.021617,0.0457131,0.0088678,0.0382936,0.035476,
212,0.0,7.86e-05,0.0015582,0.0006721,0.0003975,0.0014554,0.001449,0.0031268,0.0144554,0.0242677,0.0410065,0.0226489,0.0297425,0.0265202,
213,0.0,7.59e-05,0.0004851,0.0014451,0.0010796,0.000653,0.0002625,0.0027552,0.0156312,0.0197165,0.0616431,0.0653653,0.0894309,0.0656199,
214,0.0,7.47e-05,0.0012615,0.0010203,0.000396,0.001708,0.0008745,0.0010931,0.0055714,0.0246851,0.0660368,0.0870454,0.0725512,0.0794529,
215,0.0,7.84e-05,0.0004876,0.0008815,0.0006145,0.0006548,0.0021868,0.0113086,0.016721,0.0828048,0.0484597,0.0620574,0.101407,0.1037343,
216,0.0,0.0010486,0.0005545,0.0007469,0.0010784,0.0008607,0.000253,0.0026227,0.011449,0.0433647,0.0314093,0.0303439,0.0614439,0.050345,
217,0.0,0.0010524,0.0012357,0.0014847,0.0010724,0.0015894,0.0014483,0.0080353,0.0115995,0.0142758,0.0226928,0.0696928,0.0871098,0.0507955,
218,0.0,8.57e-05,0.0015377,0.0016937,0.0014182,0.000656,0.0012118,0.0030046,0.0121079,0.0301227,0.0158677,0.0727354,0.0908437,0.0539626,
219,0.0,8.32e-05,0.0004939,0.0009556,0.0010709,0.000802,0.0016628,0.0025039,0.0104065,0.0340496,0.0047815,0.0699685,0.0927516,0.0674038,
220,0.0,8.56e-05,0.0011791,0.000883,0.0003994,0.0012039,0.001204,0.0019313,0.0061781,0.0204698,0.0197911,0.0449247,0.070306,0.056675,
221,0.0,8.82e-05,0.000549,0.0015325,0.0004004,0.001596,0.0020356,0.0026041,0.0175531,0.0284243,0.0260031,0.0181567,0.0401262,0.0370883,
222,0.0,9.05e-05,0.0014275,0.0009704,0.0004004,0.00124,0.0011709,0.0063435,0.0287165,0.0310455,0.026905,0.0333953,0.0563421,0.0460139,
223,0.0,9.19e-05,0.0005466,0.0008849,0.0010837,0.0013876,0.0008512,0.0040912,0.0176301,0.0160346,0.0292118,0.0443852,0.0673186,0.0300278,
224,0.0,0.0009364,0.001629,0.0007519,0.0010741,0.0013882,0.0012177,0.0057897,0.0218537,0.0438723,0.0392909,0.0236904,0.0731709,0.0288944,
225,0.0,8.77e-05,0.0014443,0.0009691,0.0011433,0.0012013,0.0011896,0.0038544,0.0146805,0.0382799,0.0476145,0.0771529,0.0473826,0.0069658,
226,0.0,8.49e-05,0.0005467,0.0015187,0.0011659,0.0005827,0.000849,0.0059455,0.0156633,0.0435588,0.036458,0.0875179,0.0380039,0.0240786,
227,0.0,8.01e-05,0.0005472,0.0015199,0.0012278,0.0006516,0.0011912,0.0051723,0.0162953,0.0395456,0.0803176,0.0913527,0.0626643,0.0524447,
228,0.0,0.0010007,0.0009811,0.0010309,0.0004145,0.000807,0.0018375,0.0057857,0.0184067,0.0417656,0.0636855,0.0715244,0.0684503,0.0347887,
229,0.0,8.3e-05,0.0009806,0.0007438,0.0011611,0.0017212,0.0011932,0.0021613,0.0228977,0.02018,0.0315778,0.044795,0.0478164,0.0412043,
230,0.0,0.0010572,0.0005467,0.0019907,0.0005987,0.0022078,0.0011979,0.0041936,0.0191371,0.0228324,0.0413827,0.053431,0.0352473,0.0507179,
231,0.0,7.68e-05,0.0009804,0.00103,0.0010785,0.0015991,0.0008765,0.0024333,0.0274536,0.0308721,0.0276648,0.0356057,0.0114036,0.0517035,
232,0.0,7.99e-05,0.0014435,0.0009545,0.0005959,0.0012406,0.0009191,0.0067393,0.032461,0.0523599,0.0238898,0.0429875,0.0286789,0.0716661,
233,0.0,7.74e-05,0.0004985,0.0017001,0.0004143,0.0005726,0.0034768,0.0103099,0.0259373,0.0477454,0.0368443,0.0392745,0.0359181,0.0461121,
234,0.0,0.0009519,0.0017503,0.0008392,0.0004161,0.0015984,0.002458,0.0042628,0.0401514,0.0289694,0.0610173,0.0679011,0.0464067,0.021073,
235,0.0,7.11e-05,0.0011521,0.0009431,0.0020955,0.0019406,0.0008589,0.0123514,0.0296204,0.0337035,0.088296,0.083508,0.0646035,0.1269319,
236,0.0,0.0009955,0.0009788,0.0007367,0.0005936,0.0013646,0.0030639,0.017284,0.011717,0.022891,0.0434791,0.038997,0.0878496,0.1364798,
237,0.0,0.0009451,0.0014295,0.0007358,0.0010919,0.0022516,0.0018739,0.0110998,0.0305147,0.025732,0.0707556,0.0331481,0.047296,0.0494034,
238,0.0,6.73e-05,0.0009787,0.0007323,0.001489,0.0024452,0.0012479,0.0065557,0.0460471,0.0309576,0.0622277,0.023671,0.057403,0.0445005,
239,0.0,6.81e-05,0.001078,0.0017263,0.0011601,0.0008683,0.0021692,0.0041548,0.0120409,0.0312239,0.0515285,0.0224065,0.049061,0.0423837,
240,0.0,0.0009521,0.0010794,0.000892,0.0014212,0.0027199,0.005284,0.00349,0.0141889,0.0083331,0.029343,0.0293197,0.0323868,0.0565526,
241,0.0,7.11e-05,0.0004937,0.0014392,0.0010965,0.0011977,0.002042,0.0051191,0.0163554,0.0288532,0.0452708,0.0667224,0.074825,0.0931332,
242,0.0,7.31e-05,0.0004922,0.0010354,0.001084,0.0008081,0.0016684,0.009046,0.0208243,0.025177,0.047206,0.0844045,0.0760362,0.0874304,
243,0.0,7.38e-05,0.0017636,0.0008934,0.0010869,0.0005827,0.0008734,0.0097757,0.0273368,0.0401515,0.0457574,0.1104061,0.1221638,0.1457249,
244,0.0,7.71e-05,0.0004892,0.0009054,0.0005995,0.0017442,0.0014178,0.003063,0.0370243,0.0687335,0.0878689,0.1367152,0.16414,0.1654026,
245,0.0,7.36e-05,0.0016267,0.0007331,0.0005998,0.0008094,0.0014226,0.0143932,0.037522,0.0546176,0.0561728,0.0842002,0.0872758,0.0792421,
246,0.0,7.2e-05,0.0004881,0.001563,0.001088,0.0010577,0.0016331,0.0106261,0.0113195,0.0206353,0.0475695,0.0639895,0.0649438,0.0749617,
247,0.0,0.0010613,0.0014264,0.0008323,0.0011021,0.0011979,0.001686,0.0058499,0.0151236,0.0233621,0.0460859,0.1058184,0.0856155,0.0754352,
248,0.0,7.55e-05,0.0009812,0.0006457,0.0010895,0.0015064,0.0016837,0.0076613,0.0141438,0.0253787,0.0497929,0.056791,0.0665298,0.0582441,
249,0.0,0.0014579,0.0009808,0.0006491,0.0004075,0.0005856,0.0008899,0.0057802,0.020842,0.0082198,0.022856,0.049663,0.067634,0.0437292,
250,0.0,7.41e-05,0.0016313,0.0015605,0.0004052,0.0016775,0.0008765,0.0029078,0.0121813,0.0286786,0.025307,0.058216,0.0724558,0.0402082,
251,0.0,0.0017268,0.0011442,0.0009644,0.0014984,0.0014283,0.0014607,0.0026654,0.0109879,0.0459205,0.0818549,0.0556536,0.0362846,0.0715941,
252,0.0,0.0017264,0.0012576,0.0009624,0.0006098,0.0010994,0.0008758,0.0017127,0.016314,0.018691,0.0614459,0.0571073,0.0343744,0.0353403,
253,0.0,0.001729,0.0012585,0.0015215,0.0010089,0.0010637,0.0002687,0.0027007,0.0102734,0.0200531,0.0218229,0.0558634,0.0439331,0.0307593,
254,0.0,7.97e-05,0.0016094,0.0006555,0.0014158,0.0008043,0.0008561,0.007855,0.0149956,0.0312417,0.022188,0.0533568,0.0476035,0.0071385,
255,0.0,8.05e-05,0.0014283,0.000652,0.0003974,0.0008039,0.0008819,0.0106879,0.0242324,0.0789621,0.0482961,0.0231976,0.0416456,0.0374442,
256,0.0,7.86e-05,0.0019138,0.0006568,0.0012311,0.0012332,0.0008777,0.0057017,0.0183642,0.0247179,0.0535358,0.037754,0.0090418,0.0365714,
257,0.0,8.09e-05,0.0011489,0.0015165,0.0010812,0.0008023,0.0011706,0.0039592,0.022105,0.0459285,0.0392143,0.0185495,0.0398905,0.0263154,
258,0.0,0.0010004,0.0009797,0.000971,0.0010098,0.0006517,0.0014232,0.0081901,0.0390382,0.0797604,0.0300917,0.0557718,0.0643774,0.0809208,
259,0.0,0.0009425,0.0012588,0.0008899,0.0006121,0.0008022,0.0011953,0.0064386,0.0086349,0.0534045,0.0368296,0.0410548,0.0822288,0.0683585,
260,0.0,0.0009445,0.0004883,0.0008931,0.0016076,0.0011056,0.0008935,0.0030797,0.0128346,0.0249178,0.0456127,0.0907335,0.0816775,0.0273639,
261,0.0,8.14e-05,0.0013732,0.0014326,0.0016044,0.0012343,0.0011931,0.0017944,0.0103733,0.024568,0.0499319,0.0611083,0.0430238,0.0085284,
262,0.0,8.36e-05,0.0010803,0.0014324,0.0004046,0.0012002,0.0011913,0.0014441,0.0151688,0.0247672,0.0178412,0.0326475,0.0394571,0.0412054,
263,0.0,8.55e-05,0.0005502,0.0006609,0.0011698,0.0012018,0.0008536,0.0027544,0.0185887,0.0272177,0.0331203,0.0696909,0.0362906,0.0280738,
264,0.0,8.09e-05,0.0019102,0.0006635,0.0014926,0.0012014,0.0008775,0.0029104,0.0100772,0.0202312,0.0290754,0.0686768,0.0298359,0.0141566,
265,0.0,8e-05,0.0010788,0.000743,0.0016013,0.0010633,0.0009016,0.003353,0.0037581,0.0205866,0.0296842,0.0315145,0.0183398,0.0363562,
266,0.0,8.4e-05,0.0012591,0.001076,0.0004055,0.0012397,0.000256,0.0031017,0.007034,0.0025519,0.0221328,0.0450231,0.0418355,0.0296098,
267,0.0,0.0014966,0.00126,0.0015261,0.0004037,0.0012027,0.0011477,0.002549,0.0111802,0.005253,0.0033047,0.0322627,0.0289153,0.0219664,
268,0.0,0.0009412,0.0009787,0.0008884,0.0004068,0.0013604,0.0012052,0.0050115,0.0124278,0.0026989,0.0180232,0.0181208,0.0269044,0.0499431,
269,0.0,0.0009393,0.0011525,0.0009555,0.0010867,0.0015967,0.0020302,0.0083767,0.0171977,0.0194474,0.0283871,0.0159304,0.0145595,0.0488128,
270,0.0,0.0010002,0.0005472,0.0007476,0.001226,0.001749,0.0018677,0.0052546,0.0162091,0.021383,0.0504777,0.0198472,0.0180846,0.0287632,
271,0.0,0.0014455,0.0015346,0.0009515,0.0011763,0.0017214,0.002046,0.0077166,0.0189382,0.0276056,0.0171896,0.0276114,0.0085748,0.0628002,
272,0.0,7.83e-05,0.0005476,0.0009481,0.0018904,0.0008051,0.0042718,0.0097651,0.0110012,0.017993,0.0306831,0.040113,0.0356598,0.0423939,
273,0.0,8.22e-05,0.0005457,0.0014538,0.0011048,0.0022048,0.0076836,0.0095437,0.0073487,0.0327549,0.0285968,0.0388909,0.0288315,0.0515959,
274,0.0,8.38e-05,0.0005462,0.0008785,0.0004072,0.0012048,0.0031133,0.0148043,0.0079868,0.0261698,0.0368919,0.0593122,0.0465308,0.0575639,
275,0.0,7.97e-05,0.0010982,0.0006868,0.0011566,0.0008034,0.0045214,0.0144111,0.0214274,0.0021166,0.0462303,0.0610256,0.0548855,0.0720316,
276,0.0,0.0009349,0.0004968,0.0015014,0.0012255,0.0016922,0.0008683,0.0040606,0.0151192,0.019695,0.0404701,0.0674504,0.0823351,0.0585305,
277,0.0,7.96e-05,0.0010031,0.0007446,0.000406,0.0015911,0.0020717,0.0046937,0.0232788,0.0402963,0.0702738,0.1198255,0.1240086,0.0540302,
278,0.0,7.78e-05,0.0005508,0.0017154,0.0011398,0.0012053,0.0012287,0.0079251,0.0211611,0.0284368,0.0521628,0.0927228,0.1112669,0.0396369,
279,0.0,7.95e-05,0.0015371,0.0008761,0.0010885,0.0012505,0.0008908,0.00827,0.0179862,0.0260938,0.0422318,0.0483907,0.092101,0.0462635,
280,0.0,7.61e-05,0.0009762,0.0007433,0.0004018,0.0010626,0.0021972,0.0042586,0.0083547,0.0145901,0.0081011,0.0387272,0.0502795,0.0773729,
281,0.0,7.49e-05,0.0016413,0.0007425,0.0004017,0.0012456,0.0002447,0.0020647,0.0084415,0.0188586,0.0282885,0.0221035,0.0430981,0.0721258,
282,0.0,7.13e-05,0.0010118,0.0008977,0.0006088,0.0011087,0.0008904,0.0006753,0.0151373,0.0131164,0.0178707,0.0365892,0.0246142,0.0815425,
283,0.0,7.11e-05,0.0011599,0.001618,0.0010128,0.0015935,0.0008757,0.0046462,0.0194119,0.0202671,0.0504734,0.0976898,0.0673071,0.0879805,
284,0.0,7.02e-05,0.0005544,0.0016166,0.0019581,0.000568,0.0023199,0.0043532,0.0126041,0.0150125,0.0093551,0.0381643,0.0857947,0.0888933,
285,0.0,7.27e-05,0.0012635,0.0010506,0.0010134,0.0010596,0.0011608,0.0047119,0.0113023,0.0206684,0.0288099,0.0488791,0.0899962,0.0733825,
286,0.0,7.02e-05,0.00193,0.0008849,0.0006021,0.0012349,0.001162,0.006906,0.0108366,0.0148191,0.0300873,0.0489074,0.0795617,0.0461778,
287,0.0,6.9e-05,0.0010713,0.000736,0.0004087,0.0015914,0.0021433,0.0031372,0.012616,0.0195948,0.0433044,0.0651396,0.0698835,0.0701032,
288,0.0,6.48e-05,0.002193,0.0014558,0.00041,0.0012001,0.001152,0.0036449,0.0088003,0.0463736,0.0619013,0.0683001,0.0629401,0.0920667,
289,0.0,6.33e-05,0.0004892,0.0007305,0.000412,0.001243,0.0022001,0.0045905,0.0146118,0.042612,0.0378704,0.0327276,0.0276618,0.0891788,
290,0.0,6.01e-05,0.0010705,0.0014511,0.0011688,0.0008677,0.0014244,0.0037693,0.0073879,0.0179521,0.0321651,0.0351843,0.038367,0.0291959,
291,0.0,6.2e-05,0.001183,0.0010345,0.0012292,0.0005764,0.0014807,0.0027564,0.0071297,0.0169174,0.0146165,0.0645751,0.0505242,0.0521379,
292,0.0,6.37e-05,0.0016108,0.00073,0.0004088,0.0005797,0.0008829,0.0035245,0.0116439,0.0199521,0.0202021,0.0246083,0.0576285,0.0503357,
293,0.0,0.0009594,0.0009799,0.0006579,0.0014139,0.0008083,0.0008627,0.0019215,0.0094044,0.0152617,0.0211012,0.0374586,0.0636082,0.0322736,
294,0.0,6.37e-05,0.0019145,0.0010387,0.0006054,0.000809,0.0008634,0.0027086,0.0087733,0.0150952,0.0154404,0.0355111,0.0620436,0.051438,
295,0.0,6.14e-05,0.0004814,0.0008907,0.0004063,0.0014206,0.0012182,0.0054491,0.0021,0.0128444,0.026469,0.0299535,0.0477066,0.0303701,
296,0.0,6.54e-05,0.0011843,0.0017263,0.0004033,0.0014527,0.0016729,0.0046561,0.0069629,0.0186854,0.0310108,0.0187724,0.0356367,0.0318881,
297,0.0,0.0010515,0.0009788,0.0007333,0.0011078,0.0013669,0.0016646,0.0020755,0.0080712,0.0108601,0.0283741,0.0253081,0.0355729,0.0720074,
298,0.0,6.16e-05,0.0011062,0.0008918,0.0011072,0.0008085,0.0011636,0.0020006,0.0168806,0.018758,0.0251599,0.0138524,0.0173093,0.0658022,
299,0.0,6.37e-05,0.0009778,0.0010754,0.0014863,0.0006522,0.0014702,0.0017021,0.0114594,0.019848,0.015801,0.0217591,0.0327501,0.0656669,
300,0.0,0.0009545,0.0009782,0.0007367,0.0010667,0.0005819,0.0002659,0.0046835,0.0170434,0.0146385,0.0301145,0.0393377,0.0721501,0.0482055,
301,0.0,0.0010519,0.0011062,0.0006597,0.0010081,0.0006509,0.0008666,0.0040891,0.0063496,0.0181704,0.0641116,0.0461015,0.0845777,0.0640122,
302,0.0,0.001383,0.001224,0.0008427,0.0003974,0.0010611,0.0016646,0.0030843,0.0088396,0.0313687,0.0856037,0.0897752,0.0393802,0.0604148,
303,0.0,0.0013928,0.0004761,0.0006575,0.0014313,0.0005844,0.0011943,0.0016539,0.0120368,0.0197714,0.0473676,0.0500182,0.0856661,0.0794215,
304,0.0,0.0013585,0.001064,0.0015384,0.0011877,0.0016988,0.0012048,0.0012224,0.0066155,0.0246169,0.0247154,0.0419082,0.0596044,0.0341896,
305,0.0,5.41e-05,0.0011083,0.0017436,0.0011039,0.0023594,0.0002698,0.0007055,0.0079161,0.0205772,0.0279071,0.0545504,0.0710694,0.0363076,
306,0.0,0.001047,0.0010631,0.0008613,0.0004055,0.0012262,0.0012025,0.0021489,0.0119175,0.014664,0.0068619,0.0363734,0.0359992,0.0427415,
307,0.0,0.0050653,0.0060585,0.0074192,0.0167294,0.0209762,0.0071582,0.043872,0.0352504,0.0695601,0.032271,0.0449548,0.0536773,0.0734672,
308,0.0,0.0013729,0.005094,0.0070187,0.009018,0.0098556,0.0154919,0.0332953,0.0308173,0.0515741,0.0238843,0.0048233,0.036675,0.0083984,
309,0.0,0.0010419,0.0019146,0.0017539,0.0033956,0.0049784,0.0058728,0.0132096,0.0140464,0.0279882,0.0262001,0.0135733,0.0155391,0.0237638,
310,0.0,5.35e-05,0.0019158,0.0010322,0.0019572,0.001244,0.001157,0.0093935,0.010583,0.0264743,0.0269516,0.014257,0.010387,0.0250194,
311,0.0,5.46e-05,0.0009763,0.0018262,0.0020998,0.0012399,0.0011615,0.0031232,0.0131098,0.0126423,0.0568818,0.0093729,0.0094028,0.0164648,
312,0.0,0.0009621,0.0010606,0.0017417,0.0014182,0.0012431,0.001887,0.0061939,0.0089651,0.0111694,0.0569898,0.0572422,0.0419283,0.0208781,
313,0.0,0.001368,0.001768,0.0006836,0.0016011,0.0020521,0.0020622,0.0028223,0.0039455,0.0033601,0.0444993,0.0505895,0.0135381,0.0307524,
314,0.0,0.0010281,0.0017406,0.0006831,0.0011024,0.0010968,0.0008861,0.0028879,0.0029789,0.0060525,0.0466981,0.0366931,0.0361358,0.0216606,
315,0.0,4.44e-05,0.0009766,0.0006781,0.001479,0.0005721,0.0012369,0.0004809,0.0099963,0.013236,0.0296603,0.0484821,0.0412394,0.0087802,
316,0.0,0.0009696,0.0009768,0.0006749,0.0019279,0.0015877,0.0012344,0.0014038,0.0071673,0.0154183,0.0208959,0.0292303,0.0192301,0.0199654,
317,0.0,0.0014416,0.0011036,0.0008742,0.0011014,0.001863,0.0016902,0.0007023,0.0028371,0.0295676,0.0411051,0.0180485,0.0491148,0.0367792,
318,0.0,4.1e-05,0.0009768,0.0006756,0.0015004,0.0008693,0.0002553,0.0029367,0.0109594,0.0154081,0.0400063,0.0424118,0.0624932,0.0429528,
319,0.0,0.0014481,0.0016449,0.0010414,0.0014788,0.000652,0.0008865,0.0018842,0.0085391,0.0136729,0.0439127,0.0238195,0.0536215,0.0480807,
320,0.0,0.0009654,0.0016111,0.0010763,0.0010063,0.0005784,0.0011911,0.0012682,0.0080204,0.0118084,0.0364556,0.0264021,0.0433454,0.0206229,
321,0.0,4.42e-05,0.0009774,0.0007175,0.0006099,0.0006505,0.0011951,0.001093,0.024612,0.0133068,0.0301012,0.0232852,0.0505328,0.0402251,
322,0.0,4.49e-05,0.0011993,0.0015553,0.0004003,0.0014187,0.0011551,0.0007008,0.0098292,0.0171274,0.0456968,0.0448662,0.0489619,0.0369037,
323,0.0,0.0009628,0.0004698,0.0008611,0.0006136,0.0010954,0.001168,0.0022052,0.0129236,0.0111436,0.0458792,0.0494875,0.0444901,0.0213663,
324,0.0,0.001041,0.000572,0.0008579,0.0013906,0.0016989,0.0008389,0.0012117,0.0124445,0.0216263,0.0541725,0.0300047,0.0308507,0.0492804,
325,0.0,5.44e-05,0.0005718,0.0014669,0.0011387,0.0010594,0.0018251,0.0027264,0.010488,0.0091953,0.0434369,0.0268177,0.0405246,0.0381602,
326,0.0,0.0010348,0.0015614,0.0006648,0.0011363,0.0008066,0.0011748,0.0038279,0.0058427,0.0150511,0.0474924,0.0456356,0.0255817,0.0270608,
327,0.0,5.9e-05,0.0015619,0.0024277,0.0016049,0.0005874,0.0016354,0.004661,0.0078392,0.0267112,0.0481267,0.0438805,0.040477,0.0255035,
328,0.0,6.1e-05,0.0004662,0.0016229,0.002021,0.0006507,0.001179,0.006275,0.0073385,0.0261617,0.0535321,0.0352761,0.0351182,0.0430459,
329,0.0,6.46e-05,0.0011494,0.0006607,0.0020197,0.0015801,0.0016413,0.0030272,0.022881,0.0301963,0.0516019,0.0596167,0.0633575,0.0912462,
330,0.0,6.71e-05,0.0021147,0.0015131,0.001741,0.0014333,0.001665,0.0042716,0.0183594,0.0266706,0.0323496,0.0157469,0.0652383,0.0600198,
331,0.0,6.53e-05,0.0012182,0.0015127,0.0026858,0.0005878,0.0002868,0.0033846,0.0087312,0.0164386,0.0167516,0.0372598,0.0193507,0.0280491,
332,0.0,6.18e-05,0.0016089,0.0006631,0.0011345,0.0010647,0.0022975,0.0013792,0.0100112,0.0268418,0.0448841,0.0393678,0.0178367,0.0288458,
333,0.0,5.98e-05,0.0011968,0.0009437,0.0012341,0.0011014,0.0014103,0.0020386,0.0066235,0.0145299,0.0478236,0.0294014,0.0271775,0.0425459,
334,0.0,5.59e-05,0.0005702,0.0015028,0.0010071,0.0006512,0.0011621,0.0013801,0.0016627,0.02486,0.0177372,0.032239,0.0199571,0.0198848,
335,0.0,5.25e-05,0.0011021,0.0010347,0.0003936,0.0006515,0.0011973,0.0020777,0.0082658,0.0332871,0.0208141,0.0329374,0.0592853,0.0312506,
336,0.0,4.9e-05,0.0004698,0.000861,0.0017535,0.0014503,0.0016182,0.0012749,0.0084633,0.0166989,0.0185225,0.0193834,0.0246656,0.0260925,
337,0.0,4.57e-05,0.0004675,0.000903,0.0019351,0.0008105,0.0011555,0.001373,0.0073286,0.0275297,0.013011,0.029116,0.065034,0.0396963,
338,0.0,4.26e-05,0.0016132,0.0008712,0.0022164,0.0012842,0.0016456,0.0020409,0.0090459,0.0204028,0.0236221,0.0436944,0.0577377,0.0483803,
339,0.0,3.99e-05,0.0005766,0.0009061,0.0016704,0.0008123,0.0011522,0.0034221,0.0113665,0.0183398,0.0300431,0.0333642,0.0264947,0.0431277,
340,0.0,4.13e-05,0.0012635,0.0008704,0.0014367,0.0012845,0.0012148,0.0020428,0.019195,0.0282462,0.0244242,0.0542499,0.0438205,0.034968,
341,0.0,4.45e-05,0.0011561,0.000922,0.0014353,0.0005791,0.001448,0.0018369,0.0114117,0.0117497,0.0299112,0.0350063,0.0253001,0.0262448,
342,0.0,0.0013831,0.0004665,0.0007235,0.0017229,0.0006515,0.0016189,0.0022053,0.0082875,0.0124168,0.0205202,0.0165398,0.0171776,0.039013,
343,0.0,0.0014176,0.00103,0.0009273,0.0011361,0.0014205,0.0014054,0.0020515,0.0081489,0.0137499,0.0205714,0.0152593,0.0198068,0.0257152,
344,0.0,5.49e-05,0.0011011,0.0008514,0.0017186,0.0005796,0.0002725,0.0009565,0.0057818,0.0237659,0.0360953,0.0347415,0.026079,0.0362885,
345,0.0,0.000989,0.0012009,0.0015122,0.0015214,0.000579,0.0016209,0.0013839,0.0023884,0.0165572,0.0377615,0.0188308,0.027456,0.0168685,
346,0.0,6.05e-05,0.0004703,0.0007368,0.0017132,0.00058,0.0002762,0.0020926,0.0113382,0.0228772,0.0415315,0.0297243,0.0117266,0.0444688,
347,0.0,6.43e-05,0.0016149,0.0015184,0.0020163,0.0005818,0.0011714,0.0017774,0.013213,0.0380445,0.0052531,0.0289054,0.022897,0.0349599,
348,0.0,0.0014523,0.0012,0.0008952,0.0024835,0.0005838,0.0016301,0.0016514,0.0069447,0.027345,0.0400393,0.0094067,0.0169859,0.0595654,
349,0.0,0.0014417,0.0005735,0.0006723,0.0011292,0.0008023,0.0011672,0.0022138,0.014375,0.0202557,0.019937,0.0138657,0.0414001,0.0395679,
350,0.0,6.8e-05,0.0010523,0.0016337,0.0011276,0.000652,0.0021418,0.0038511,0.033486,0.0313658,0.0082327,0.0262961,0.0550821,0.0615938,
351,0.0,0.0014151,0.0012202,0.0019625,0.0015999,0.0006517,0.0011715,0.0015525,0.0094927,0.0322318,0.0291248,0.0518754,0.0304829,0.0509019,
352,0.0,7.35e-05,0.0011032,0.0009575,0.0011282,0.0011095,0.0016374,0.0017692,0.0179641,0.0161366,0.0543836,0.0541952,0.0857822,0.1323425,
353,0.0,7.73e-05,0.0011541,0.0021178,0.0015153,0.0005873,0.0011792,0.0018872,0.0204041,0.0039411,0.0456227,0.0614268,0.0775718,0.0612797,
354,0.0,7.5e-05,0.0004724,0.0016116,0.0032378,0.001074,0.0008363,0.0018486,0.0262819,0.0208498,0.0304305,0.0387701,0.0917211,0.0641033,
355,0.0,7.34e-05,0.0005689,0.0007473,0.00201,0.0015859,0.0021473,0.0017281,0.0201484,0.0493771,0.0214058,0.0242842,0.066354,0.044314,
356,0.0,7.74e-05,0.0012253,0.001645,0.002007,0.0012424,0.0014088,0.0013074,0.0071953,0.0289701,0.0525806,0.0389592,0.0336469,0.0482888,
357,0.0,0.0009379,0.0004743,0.0009548,0.0011226,0.0006547,0.0022912,0.0020984,0.0086555,0.0230129,0.0478695,0.0266241,0.0219566,0.0533282,
358,0.0,7.25e-05,0.0024475,0.0019759,0.0020941,0.0008526,0.0022895,0.0009583,0.0116563,0.0486766,0.0373165,0.0168799,0.0178717,0.0727349,
359,0.0,0.0014515,0.000573,0.0008277,0.0015131,0.0006548,0.0016432,0.002982,0.0130819,0.0658577,0.0631018,0.0853281,0.078003,0.1083751,
360,0.0,6.63e-05,0.0015614,0.0014589,0.0010832,0.0006537,0.0025509,0.0045394,0.0122441,0.023458,0.0138316,0.0809621,0.0522296,0.0747436,
361,0.0,6.6e-05,0.0004685,0.0015262,0.0010828,0.0006542,0.0008191,0.0025459,0.0386171,0.0429735,0.0360953,0.0378613,0.0508676,0.0343229,
362,0.0,6.75e-05,0.0005762,0.0021259,0.0023098,0.0015856,0.0025538,0.0045583,0.0321749,0.0334006,0.055789,0.0366111,0.0483641,0.0298604,
363,0.0,6.58e-05,0.0009753,0.0010203,0.0010868,0.001925,0.0032607,0.0031486,0.0257743,0.033745,0.0648163,0.0826313,0.0566307,0.0470051,
364,0.0,6.14e-05,0.0005768,0.0006797,0.0017105,0.0015849,0.0016255,0.0050418,0.0069899,0.0130306,0.040054,0.0265126,0.0655313,0.0512937,
365,0.0,6.1e-05,0.0004647,0.0007395,0.0023311,0.0006531,0.0008116,0.0067101,0.0147692,0.0517639,0.0227991,0.046539,0.0861555,0.062429,
366,0.0,6.04e-05,0.000462,0.0007391,0.0020134,0.0005865,0.0008106,0.005578,0.0083774,0.0246705,0.0284362,0.0591069,0.078797,0.0788881,
367,0.0,0.0014168,0.0012144,0.0015125,0.0017131,0.0017092,0.0021543,0.0026087,0.0281826,0.0338712,0.0442568,0.0427389,0.0849835,0.0798157,
368,0.0,5.55e-05,0.0005797,0.0008969,0.0023217,0.0005881,0.0008987,0.0023839,0.022115,0.0338528,0.0468475,0.0669326,0.0740744,0.0605618,
369,0.0,0.0009692,0.0019282,0.0008993,0.0015298,0.001681,0.0013997,0.0023623,0.0159056,0.0306125,0.0602891,0.0544804,0.0538022,0.0521295,
370,0.0,5.47e-05,0.0012116,0.0014748,0.0006296,0.0010986,0.0002971,0.0029088,0.0088413,0.0210522,0.0633008,0.046775,0.0890893,0.0803953,
371,0.0,0.0009662,0.0011513,0.0015902,0.0021597,0.0008045,0.0018065,0.0020679,0.0123896,0.0361857,0.0537411,0.0512227,0.0511309,0.0455847,
372,0.0,5.58e-05,0.0012145,0.0009424,0.0017435,0.0005874,0.0024436,0.0030956,0.017185,0.026415,0.0512281,0.026114,0.0466717,0.0584941,
373,0.0,5.44e-05,0.0011997,0.0016134,0.0011356,0.0005886,0.0022921,0.0040773,0.0071319,0.0440308,0.0661636,0.0355791,0.0440748,0.0550414,
374,0.0,5.17e-05,0.0011982,0.0024912,0.0024911,0.0014268,0.001213,0.0033429,0.0084904,0.0181681,0.0440303,0.0304776,0.0271148,0.0239336,
375,0.0,5.17e-05,0.0011971,0.0014906,0.0017531,0.0006494,0.0016339,0.0040396,0.0143012,0.0116491,0.0379628,0.0504443,0.0317309,0.0696018,
376,0.0,0.0010099,0.0016062,0.0018446,0.0003982,0.0005859,0.0014167,0.0029137,0.0164592,0.0044867,0.0610433,0.0471822,0.0566403,0.0584341,
377,0.0,0.001008,0.0009788,0.000653,0.0019615,0.0023603,0.0021509,0.0037055,0.0155649,0.0123052,0.0775834,0.0401834,0.0555824,0.0392962,
378,0.0,0.0017734,0.0012129,0.0015733,0.0011055,0.0008544,0.0008396,0.0045288,0.0176683,0.0242358,0.0820905,0.1140432,0.1056852,0.1259632,
379,0.0,4.92e-05,0.0011455,0.0017118,0.0014396,0.0010889,0.0011789,0.0026627,0.0160679,0.0508208,0.034724,0.0840511,0.0762836,0.0757946,
380,0.0,5.06e-05,0.0011969,0.0016032,0.0017533,0.0005894,0.0016469,0.0035741,0.013005,0.0473513,0.0401632,0.0776697,0.0364573,0.0192009,
381,0.0,4.76e-05,0.0012611,0.0014866,0.0024934,0.0014252,0.0002857,0.003117,0.0197515,0.0428324,0.0511007,0.0619422,0.0122004,0.0472337,
382,0.0,0.001424,0.0015676,0.0007215,0.0017269,0.0012264,0.0014048,0.0032815,0.0280391,0.0343755,0.0548883,0.0158872,0.0094221,0.0471671,
383,0.0,0.000975,0.0015673,0.0009052,0.0017471,0.0012514,0.0014019,0.0057459,0.0215673,0.0334877,0.0475939,0.0374629,0.0093278,0.050662,
384,0.0,0.0009888,0.0005803,0.0008596,0.0011354,0.0014257,0.0002884,0.0043379,0.016327,0.0367394,0.0358791,0.057138,0.0532292,0.0909037,
385,0.0,4.75e-05,0.0015682,0.0007257,0.0020241,0.0006513,0.0013962,0.0042057,0.0218982,0.0262022,0.0558523,0.0653872,0.0704445,0.0609706,
386,0.0,5.08e-05,0.0005783,0.0014787,0.0011324,0.0005823,0.0013974,0.0061777,0.0193154,0.0138821,0.0148611,0.0484417,0.0429873,0.0518583,
387,0.0,0.0009614,0.0005776,0.0008912,0.001091,0.0006524,0.0013955,0.0053712,0.0129814,0.0145899,0.0140325,0.02213,0.0249206,0.0562378,
388,0.0,0.0010319,0.0012077,0.000733,0.0017406,0.0006535,0.0013972,0.0040607,0.0127651,0.0173419,0.0228618,0.0387936,0.0577424,0.0501779,
389,0.0,0.0010286,0.0010966,0.0009263,0.0020162,0.0018205,0.0002703,0.0017208,0.0117032,0.0164607,0.0231943,0.0359127,0.0425885,0.0558072,
390,0.0,0.0010196,0.0012071,0.0016137,0.0017406,0.001707,0.000267,0.0021164,0.0243689,0.0170951,0.0251005,0.0231626,0.0208304,0.0573594,
391,0.0,6.07e-05,0.0005721,0.0015452,0.0017122,0.0010644,0.0011616,0.0011009,0.0077901,0.0106554,0.0120702,0.0149658,0.0446733,0.0484184,
392,0.0,5.67e-05,0.0015608,0.0014862,0.0010862,0.0006541,0.0014035,0.0011043,0.0052218,0.0029644,0.0055291,0.0350634,0.0459347,0.049869,
393,0.0,5.52e-05,0.0011581,0.0009314,0.0012342,0.0006525,0.0011569,0.0046986,0.0141895,0.0165222,0.0349701,0.0316787,0.0242807,0.0342866,
394,0.0,0.0014131,0.0005758,0.0007285,0.0017185,0.0005791,0.0002753,0.0008151,0.0183333,0.0191274,0.0387939,0.045276,0.0235204,0.0217262,
395,0.0,0.0014278,0.0005768,0.0007267,0.0011987,0.0014226,0.0011591,0.0034144,0.0109321,0.0209811,0.0271769,0.0249529,0.0416043,0.0334599,
396,0.0,4.54e-05,0.0015666,0.0007228,0.0006225,0.0013995,0.0013977,0.0042288,0.0083022,0.0389015,0.023159,0.0177242,0.0543461,0.0574996,
397,0.0,4.45e-05,0.0005783,0.0009055,0.0020301,0.0014239,0.0011612,0.0047901,0.0102368,0.0090096,0.0120845,0.027612,0.0238326,0.0480526,
398,0.0,4.25e-05,0.0015692,0.0007179,0.0017515,0.0005853,0.0011705,0.0037711,0.0152004,0.0163335,0.0223721,0.0517985,0.0253521,0.0760156,
399,0.0,0.0010171,0.0012616,0.0009121,0.0003953,0.0005849,0.0021363,0.0024109,0.0150502,0.011176,0.0231585,0.0693531,0.051246,0.0716126,
400,0.0,4.05e-05,0.0016082,0.0008727,0.0006162,0.00145,0.0014015,0.0030686,0.0110735,0.0367919,0.0156491,0.0363766,0.0570365,0.0550113,
401,0.0,4.07e-05,0.0004649,0.0007145,0.0010049,0.0014195,0.0014482,0.0023735,0.0065291,0.0174616,0.0081274,0.0562444,0.0787893,0.0325657,
402,0.0,0.0010321,0.0010345,0.000666,0.0010053,0.0005805,0.0009006,0.0007881,0.010896,0.0139983,0.0576866,0.0701425,0.0870766,0.0469336,
403,0.0,3.9e-05,0.001032,0.0008779,0.0006089,0.001448,0.0011531,0.0028339,0.0094642,0.0256533,0.0504319,0.0627261,0.0434565,0.0931497,
404,0.0,3.9e-05,0.0017302,0.0006754,0.001057,0.001233,0.0002624,0.002903,0.0150108,0.0300638,0.0428795,0.06484,0.0590408,0.0698697,
405,0.0,0.0014113,0.0011009,0.0007129,0.0006079,0.0005735,0.0002569,0.0071531,0.0120392,0.0332657,0.030762,0.0965206,0.050848,0.0592352,
406,0.0,0.0010227,0.0012039,0.0017696,0.0010077,0.0005706,0.0008962,0.0038575,0.0121649,0.0225415,0.0146333,0.0980216,0.0255556,0.0650503,
407,0.0,0.0009735,0.0014403,0.0010392,0.0006099,0.0006536,0.0008372,0.0013932,0.0139642,0.0218044,0.0170578,0.0630872,0.0392469,0.0523482,
408,0.0,4.4e-05,0.0005727,0.0006935,0.0015024,0.0005683,0.0014809,0.0049694,0.0158746,0.0256943,0.0469374,0.0204337,0.0489551,0.0433779,
409,0.0,4.74e-05,0.0016866,0.0008707,0.0018595,0.0012819,0.0011403,0.0010949,0.0066974,0.0167212,0.0294019,0.0244867,0.0411584,0.0308173,
410,0.0,5.06e-05,0.0005709,0.0018223,0.0015015,0.0018246,0.0011918,0.0026781,0.0109032,0.0195314,0.045496,0.0593356,0.0093647,0.0252249,
411,0.0,0.0009777,0.0015423,0.0018177,0.0020266,0.0014026,0.0009103,0.0028016,0.0201487,0.0255054,0.0148269,0.0727054,0.0632357,0.0224513,
412,0.0,5.68e-05,0.0016253,0.0010225,0.0011135,0.000657,0.0011364,0.0017711,0.0122267,0.008525,0.0222288,0.0405126,0.0576173,0.0219795,
413,0.0,6.1e-05,0.001654,0.0007067,0.0018963,0.0006577,0.0011345,0.0022189,0.0100412,0.0090416,0.0126592,0.0280562,0.0472823,0.0306603,
414,0.0,6.39e-05,0.0004847,0.0007073,0.0006134,0.000805,0.0015953,0.0020967,0.0080218,0.0114741,0.0314818,0.0424541,0.03439,0.0310808,
415,0.0,6.26e-05,0.0015482,0.0010182,0.0022574,0.0014025,0.0008928,0.0052398,0.0186468,0.0382088,0.036862,0.0564958,0.0090967,0.0532703,
416,0.0,5.84e-05,0.001053,0.0008834,0.0018565,0.0006576,0.0018302,0.0013349,0.0086418,0.0209584,0.0142624,0.0412074,0.0423761,0.0375476,
417,0.0,5.61e-05,0.0016924,0.0006987,0.0014227,0.0012805,0.0011737,0.0035977,0.0066791,0.0120624,0.0146627,0.0140458,0.027691,0.0289047,
418,0.0,5.35e-05,0.0009745,0.0018236,0.0011664,0.0008723,0.0008894,0.0016792,0.0086751,0.0073936,0.0020841,0.0271357,0.0228046,0.002654,
419,0.0,0.0009728,0.0009757,0.0006868,0.0018535,0.0020741,0.0014531,0.0013481,0.0060789,0.0073979,0.0120497,0.0217317,0.007563,0.044751,
420,0.0,0.0009858,0.0015468,0.0008578,0.0022593,0.0005726,0.0002531,0.0016821,0.0059211,0.0117228,0.0312034,0.0376222,0.0065075,0.0261925,
421,0.0,5.29e-05,0.0015473,0.0014574,0.0014112,0.0005759,0.0018684,0.0024163,0.0061258,0.0136561,0.0186585,0.0204859,0.0342431,0.0319329,
422,0.0,5.63e-05,0.0009769,0.0007288,0.0014107,0.0013669,0.0011985,0.0020622,0.004418,0.0278504,0.0133806,0.0118317,0.0416017,0.0394087,
423,0.0,5.58e-05,0.0012612,0.0009365,0.0003972,0.0013679,0.0011603,0.0011103,0.0037157,0.031063,0.0101116,0.0338062,0.0449625,0.0275499,
424,0.0,5.88e-05,0.0012209,0.0018303,0.0003961,0.0008569,0.0008897,0.0012186,0.006386,0.0249331,0.0133329,0.0410387,0.055934,0.0316563,
425,0.0,0.0009676,0.001544,0.0015679,0.000395,0.0008562,0.001634,0.0047924,0.0115575,0.0263046,0.0088736,0.0662869,0.0339928,0.0159948,
426,0.0,0.00097,0.0005699,0.0010797,0.0006149,0.0006504,0.0011627,0.0014005,0.0117111,0.0146096,0.0321882,0.0696762,0.0140007,0.0273697,
427,0.0,0.0009935,0.0011495,0.0006603,0.0004001,0.0010564,0.0014615,0.0017596,0.0098095,0.0200576,0.0142256,0.0574081,0.0239218,0.0292849,
428,0.0,0.0013632,0.0011049,0.0006642,0.0014318,0.0006513,0.0008914,0.0011087,0.0107684,0.0288591,0.0164472,0.0126651,0.0485497,0.03512,
429,0.0,0.001692,0.0012605,0.0006642,0.0006098,0.000651,0.0014569,0.0025463,0.0129022,0.0088747,0.0201783,0.011269,0.0227165,0.0301846,
430,0.0,5.38e-05,0.0004773,0.0009014,0.0014104,0.0013697,0.0011796,0.0021485,0.0087009,0.0220425,0.0455913,0.0365949,0.0239936,0.0529402,
431,0.0,5.26e-05,0.0011543,0.0008597,0.0006072,0.0006527,0.0008799,0.0015444,0.0037827,0.0118003,0.0139393,0.0286292,0.0404286,0.0613357,
432,0.0,5.49e-05,0.0015504,0.0010323,0.0010093,0.0008085,0.0014458,0.0016788,0.0042005,0.0123679,0.0126621,0.0269627,0.0269084,0.0362673,
433,0.0,0.0009715,0.0004816,0.0015734,0.0004039,0.0012426,0.001457,0.0018966,0.0085956,0.0189611,0.0129785,0.0338005,0.0400236,0.0357232,
434,0.0,5.86e-05,0.0012643,0.001729,0.000609,0.000871,0.0012392,0.0025985,0.0120147,0.0056588,0.0165331,0.0228437,0.0475511,0.0225892,
435,0.0,0.0014111,0.0015491,0.0008933,0.0010112,0.0008066,0.000888,0.0036147,0.0032506,0.0088092,0.022948,0.0203747,0.0295004,0.0396587,
436,0.0,0.0010267,0.0015483,0.0008945,0.0010758,0.0008053,0.0002427,0.0016343,0.0035904,0.0148218,0.0128709,0.0114638,0.0307803,0.061301,
437,0.0,6.71e-05,0.001165,0.0008778,0.001012,0.0014115,0.0008601,0.0020412,0.0036217,0.015773,0.0107175,0.0183403,0.0614641,0.0502935,
438,0.0,6.97e-05,0.0004866,0.0021225,0.0003935,0.0018333,0.0014045,0.0023579,0.0090323,0.0200567,0.0166392,0.030323,0.0822949,0.0484522,
439,0.0,0.001028,0.000485,0.0007426,0.0003907,0.000658,0.0002433,0.002046,0.0058343,0.0242974,0.0139711,0.0108278,0.0387031,0.0550445,
440,0.0,6.78e-05,0.0016516,0.0008463,0.0011188,0.0006574,0.0011423,0.0014108,0.0087124,0.0157997,0.0220234,0.0097126,0.057743,0.0175571,
441,0.0,6.82e-05,0.0010551,0.0008435,0.0016148,0.0006566,0.0011458,0.0017482,0.0066839,0.0159465,0.0165529,0.0067551,0.0498504,0.0389235,
442,0.0,0.0013543,0.0010958,0.0006932,0.0010733,0.0019126,0.0002497,0.0020755,0.0117411,0.0218781,0.0111421,0.0101588,0.0452774,0.0566652,
443,0.0,6.63e-05,0.0010591,0.0010202,0.0011136,0.0006558,0.0011732,0.0036132,0.0093876,0.0165133,0.0240028,0.0441693,0.0235052,0.0517982,
444,0.0,6.38e-05,0.0016446,0.0010235,0.0011125,0.0006545,0.0016479,0.0030567,0.0310967,0.0230331,0.0451352,0.0551866,0.0326669,0.0569023,
445,0.0,6.46e-05,0.0012625,0.00089,0.000397,0.0012009,0.0011773,0.0020753,0.0140716,0.0350001,0.0173595,0.0499262,0.0654307,0.0562764,
446,0.0,0.0019577,0.0004796,0.0010266,0.0003955,0.0005785,0.0008596,0.0006841,0.0222769,0.0454572,0.050166,0.0484738,0.0457425,0.048262,
447,0.0,6.77e-05,0.0005639,0.000836,0.0011155,0.0013927,0.000269,0.0034743,0.0160697,0.0507047,0.0255844,0.0428777,0.0476762,0.0770675,
448,0.0,6.82e-05,0.0012617,0.0025319,0.0021576,0.0013597,0.0016344,0.005602,0.0154007,0.0311582,0.0144219,0.0315407,0.0610475,0.0810251,
449,0.0,0.0009542,0.0005673,0.0015127,0.0017478,0.0005838,0.0014315,0.0023018,0.0185294,0.0370276,0.0182366,0.0709834,0.0619004,0.1230932,
450,0.0,0.0014155,0.001058,0.0008944,0.0010079,0.0008585,0.0002699,0.0033456,0.0064104,0.0134115,0.0195273,0.0146053,0.0598384,0.0630932,
451,0.0,0.0009559,0.0015446,0.0016209,0.002335,0.0011043,0.0011697,0.0020792,0.0056496,0.0106212,0.0138868,0.0182661,0.0761929,0.0798948,
452,0.0,5.7e-05,0.0004729,0.0015681,0.0014306,0.000653,0.001651,0.0014042,0.0061444,0.0104348,0.0145617,0.0275142,0.0304446,0.0462865,
453,0.0,5.57e-05,0.001576,0.0008949,0.0010082,0.0005777,0.0002638,0.0012154,0.0088931,0.0085146,0.0307274,0.0192729,0.0354286,0.013627,
454,0.0,0.000986,0.0010991,0.0010313,0.0003961,0.0014175,0.0008995,0.0004731,0.0093881,0.0117457,0.0267991,0.0265673,0.0336738,0.0485013,
455,0.0,5.3e-05,0.0004763,0.0007262,0.0013942,0.0011015,0.0011854,0.0017278,0.0040349,0.0179047,0.0148476,0.0389264,0.0290305,0.0356744,
456,0.0,4.93e-05,0.0004772,0.0010326,0.0014139,0.0008706,0.0002499,0.0011067,0.0062024,0.0128043,0.0088528,0.0392486,0.0476658,0.0285411,
457,0.0,4.77e-05,0.0010527,0.0015789,0.0014863,0.0013698,0.0009058,0.0028805,0.0110296,0.0155142,0.0252537,0.0355974,0.0533928,0.0317294,
458,0.0,4.39e-05,0.0004773,0.0008984,0.0004071,0.0013729,0.0023376,0.0089491,0.0043067,0.0296088,0.0310593,0.022036,0.0529936,0.019173,
459,0.0,0.0010179,0.0004776,0.000883,0.0018916,0.0008135,0.0017056,0.0057229,0.0130161,0.0428238,0.0400628,0.0466723,0.0350601,0.031829,
460,0.0,3.94e-05,0.0010517,0.0010422,0.0014278,0.001245,0.00331,0.000801,0.0229581,0.0194773,0.0284641,0.0421994,0.046957,0.0362926,
461,0.0,3.77e-05,0.000474,0.0008811,0.0018458,0.0017641,0.0008962,0.0040788,0.0174823,0.0389532,0.0329202,0.0459498,0.0939139,0.0835169,
462,0.0,0.0009817,0.0015415,0.0006907,0.0010079,0.0006541,0.0018827,0.0017121,0.0078633,0.0391017,0.0214193,0.0364431,0.0886923,0.1015382,
463,0.0,0.0014152,0.0005702,0.0006877,0.0010076,0.0012403,0.0011883,0.0015447,0.0113569,0.0148,0.0208504,0.0238127,0.0427211,0.0199772,
464,0.0,4.58e-05,0.0004745,0.0008734,0.0014851,0.001592,0.0011494,0.002364,0.012349,0.0243376,0.0167622,0.0496524,0.0494868,0.0243369,
465,0.0,0.0010372,0.0011606,0.002183,0.0003991,0.0014052,0.0016038,0.0014264,0.0107349,0.010185,0.0221417,0.0249021,0.0252506,0.062094,
466,0.0,0.0014303,0.0009747,0.0010506,0.001673,0.0014128,0.0011532,0.0012891,0.0020174,0.0083677,0.0310366,0.0310282,0.0409848,0.0574899,
467,0.0,5.51e-05,0.0012018,0.0009224,0.0013907,0.0008681,0.0002546,0.0021311,0.0032682,0.0125315,0.0127445,0.0227594,0.0434769,0.0510302,
468,0.0,5.64e-05,0.0004757,0.0008903,0.0015053,0.0016732,0.0016437,0.0018487,0.0052969,0.0094159,0.0098295,0.0298972,0.0330109,0.0398829,
469,0.0,6.02e-05,0.0004764,0.0008943,0.0011839,0.0015887,0.0008978,0.0012926,0.0044114,0.0110149,0.0348897,0.0341809,0.0273192,0.0197053,
470,0.0,6.35e-05,0.0012251,0.0009378,0.0021564,0.0005767,0.000265,0.0004745,0.0042263,0.0196125,0.0150302,0.0115913,0.0245173,0.0150946,
471,0.0,6.78e-05,0.0005661,0.0015446,0.0015916,0.0005771,0.0011571,0.0013656,0.0065961,0.0115033,0.0287899,0.0100092,0.0278986,0.0434147,
472,0.0,7.04e-05,0.0012283,0.0006836,0.0023783,0.001274,0.0014291,0.000675,0.0148936,0.0264453,0.028201,0.0421918,0.0290444,0.018361,
473,0.0,7.47e-05,0.0011596,0.0015026,0.0017439,0.0008603,0.0014287,0.0020347,0.007728,0.0169517,0.0401945,0.0530323,0.0563933,0.0281537,
474,0.0,7.86e-05,0.0004839,0.0015046,0.0015093,0.0006556,0.0014286,0.0033758,0.0209873,0.0239175,0.0520386,0.0640755,0.0513809,0.006443,
475,0.0,7.75e-05,0.0015522,0.0010532,0.0015022,0.0019117,0.0002561,0.007129,0.0210355,0.0137431,0.0451401,0.0551612,0.0465466,0.0194099,
476,0.0,7.33e-05,0.0015517,0.0010168,0.0006174,0.0008608,0.0011567,0.0079793,0.0131715,0.0138532,0.0082888,0.0575635,0.0479052,0.0520909,
477,0.0,0.0017393,0.0012639,0.0017333,0.0006167,0.001591,0.0002543,0.0018688,0.0022689,0.0285617,0.0329343,0.0076431,0.0618801,0.0437765,
478,0.0,6.72e-05,0.0005639,0.0015408,0.0011173,0.0008034,0.0011825,0.0008135,0.003155,0.0184665,0.0283962,0.0304759,0.0216126,0.0381026,
479,0.0,0.0013658,0.000975,0.0008818,0.0010687,0.001418,0.0002567,0.001366,0.0050286,0.022144,0.0175589,0.0327586,0.0239651,0.0677942,
480,0.0,6.26e-05,0.0015444,0.0014661,0.0019709,0.0008648,0.0002586,0.0015608,0.0015606,0.00771,0.0152046,0.0215577,0.0249657,0.08161,
481,0.0,5.97e-05,0.0012653,0.0006921,0.0003893,0.0011084,0.0002579,0.0020347,0.0022987,0.0144988,0.0074603,0.0207117,0.0321091,0.0449643,
482,0.0,5.59e-05,0.0010239,0.0018163,0.0003923,0.0010585,0.0002566,0.0013866,0.0065148,0.0283643,0.0188305,0.0409658,0.0399463,0.0536732,
483,0.0,5.26e-05,0.0011614,0.0006899,0.0006179,0.0008072,0.0002597,0.0027137,0.0068452,0.0433464,0.0362356,0.0338705,0.041411,0.0549874,
484,0.0,5.39e-05,0.0005729,0.0017293,0.0006205,0.0006548,0.0012017,0.0012922,0.0056594,0.0508033,0.031979,0.041176,0.0594848,0.0759837,
485,0.0,5.75e-05,0.0012655,0.0007331,0.0015181,0.0006549,0.0014022,0.0027589,0.0106413,0.0478981,0.0463586,0.0279417,0.064904,0.0683524,
486,0.0,0.001052,0.000571,0.0009249,0.0015915,0.0018488,0.0013927,0.0009623,0.0029564,0.0193109,0.0180474,0.0158453,0.0530913,0.0558949,
487,0.0,6.35e-05,0.0011639,0.000697,0.0012312,0.0010632,0.001156,0.000672,0.0028365,0.0171688,0.0104514,0.017818,0.0584267,0.0481122,
488,0.0,6.41e-05,0.0012664,0.001806,0.0014196,0.0005689,0.0011437,0.001307,0.0044097,0.0091818,0.0144601,0.0207,0.01941,0.0413681,
489,0.0,6.85e-05,0.0010506,0.0007042,0.001176,0.0014144,0.001143,0.0026993,0.0210703,0.0351975,0.0218586,0.0161625,0.0104767,0.0041171,
490,0.0,7.22e-05,0.001553,0.0009319,0.0010118,0.0012066,0.0013996,0.0022263,0.0087415,0.0125703,0.0314179,0.0157141,0.0676458,0.0228,
491,0.0,0.0010185,0.00048,0.0021232,0.0020091,0.0012721,0.0016115,0.0018716,0.0091653,0.0139545,0.0413153,0.0290796,0.0210732,0.0734981,
492,0.0,6.93e-05,0.0005686,0.0014914,0.0010765,0.0006562,0.0002641,0.0017755,0.0042572,0.0265268,0.0088289,0.0525338,0.0322951,0.0380919,
493,0.0,6.82e-05,0.0004754,0.0015002,0.0015137,0.0008584,0.0016204,0.0017714,0.0067942,0.026289,0.0289953,0.0490761,0.0173846,0.0390984,
494,0.0,7.28e-05,0.0004769,0.0020009,0.0020086,0.0015886,0.0002703,0.0017717,0.0101553,0.0156113,0.0187802,0.0520284,0.0179627,0.0255934,
495,0.0,7.54e-05,0.0004779,0.0006857,0.0015109,0.0005789,0.0011603,0.0029722,0.0129816,0.0226975,0.005966,0.0533651,0.0554739,0.0314573,
496,0.0,7.87e-05,0.0016485,0.0006913,0.0020943,0.0006558,0.0002674,0.003128,0.0195829,0.0389699,0.0042512,0.0424119,0.0870551,0.0356132,
497,0.0,0.00147,0.0004817,0.0015382,0.0029401,0.0012066,0.0016234,0.0060371,0.02109,0.0298473,0.042562,0.04965,0.0688066,0.1006144,
498,0.0,8.15e-05,0.0011631,0.001515,0.0021524,0.0005732,0.0011536,0.0071527,0.0336741,0.0132188,0.0299519,0.0654888,0.0516957,0.0945172,
499,0.0,0.0009899,0.0011979,0.0016443,0.0015038,0.0005715,0.0002545,0.0041086,0.0319681,0.0638663,0.0292147,0.0236928,0.042309,0.0627026,
500,0.0,0.0013547,0.000562,0.0028905,0.001582,0.0008651,0.0016265,0.0033442,0.0195836,0.0376546,0.0173516,0.0518508,0.1005453,0.0538514,
501,0.0,7.83e-05,0.0010128,0.0018392,0.0010133,0.0005659,0.0014259,0.0089682,0.0100653,0.0379297,0.0328436,0.0229947,0.0588765,0.0838514,
502,0.0,7.91e-05,0.0012375,0.0007477,0.0011216,0.0006594,0.0012147,0.0015815,0.0116695,0.0749136,0.0632905,0.0234633,0.061829,0.0734718,
503,0.0,7.49e-05,0.0010911,0.0016764,0.0011675,0.001933,0.0024189,0.0036278,0.0096268,0.0362326,0.0508569,0.0909014,0.0368174,0.0560796,
504,0.0,0.0013523,0.0013765,0.0010306,0.0003954,0.0013966,0.0014471,0.0014293,0.0081675,0.0342729,0.0061723,0.0656394,0.0358906,0.0371932,
505,0.0,7.14e-05,0.0009735,0.0007388,0.0003989,0.0006593,0.0018784,0.001764,0.008886,0.0340889,0.0262454,0.0544842,0.0430451,0.0098063,
506,0.0,6.79e-05,0.0012382,0.0008755,0.0006091,0.0015988,0.0011318,0.0031534,0.0082148,0.0208238,0.0154617,0.0173091,0.0368223,0.0060463,
507,0.0,0.0013606,0.0011701,0.0007353,0.00116,0.0018349,0.0014212,0.0016883,0.0074487,0.0195699,0.0293663,0.0316721,0.0382604,0.0289619,
508,0.0,6.43e-05,0.0010888,0.0010286,0.0006055,0.0008818,0.0002222,0.0025278,0.0031488,0.020799,0.0074309,0.0397146,0.0222482,0.0572634,
509,0.0,6.2e-05,0.0009738,0.0008632,0.0004051,0.0006588,0.001882,0.000486,0.0061078,0.0162908,0.0146095,0.0219704,0.0342916,0.0422079,
510,0.0,0.0009439,0.0005579,0.0009115,0.0006038,0.000659,0.0014415,0.0017604,0.0057368,0.0130697,0.0171647,0.0118018,0.0294771,0.0406683,
511,0.0,0.0009748,0.0005581,0.0008794,0.0010133,0.0006596,0.0011524,0.0013163,0.0041613,0.0167712,0.0205839,0.0145075,0.0292702,0.0170291,
512,0.0,5.91e-05,0.0014392,0.0007261,0.0004093,0.0014093,0.0011269,0.0019,0.0085367,0.014321,0.0286374,0.0214473,0.0326938,0.0286803,
513,0.0,6e-05,0.0005577,0.0007279,0.0014182,0.0014032,0.0015926,0.0030854,0.0117501,0.0178742,0.0198326,0.0400304,0.0082788,0.047497,
514,0.0,0.00174,0.0013771,0.0007276,0.0004116,0.0008091,0.0009077,0.0014253,0.0051686,0.0155832,0.0303702,0.0421604,0.0168963,0.0497498,
515,0.0,5.81e-05,0.0005573,0.0019945,0.0020161,0.0022932,0.0014381,0.0111368,0.0171069,0.0178537,0.016222,0.0179681,0.0284215,0.0315617,
516,0.0,0.0014205,0.0016275,0.0008888,0.0029311,0.0029266,0.0018799,0.0044909,0.0223492,0.0166144,0.0359163,0.0444022,0.0263159,0.0348731,
517,0.0,0.0017857,0.0004935,0.0007248,0.0025918,0.003809,0.0044948,0.0079613,0.023905,0.012549,0.0445563,0.0089013,0.0416569,0.0408448,
518,0.0,0.0014391,0.0010069,0.0026482,0.0028022,0.0033233,0.0070139,0.0165349,0.012569,0.014567,0.0514973,0.0174831,0.0326012,0.0341331,
519,0.0,5.24e-05,0.0010618,0.0056162,0.0029058,0.0056345,0.0083915,0.0148034,0.0252608,0.0271273,0.0472334,0.0379762,0.026641,0.0303442,
520,0.0,0.0009778,0.0009758,0.0044817,0.0052503,0.0035767,0.0052173,0.0084418,0.0253214,0.0499243,0.0248141,0.0052054,0.0530125,0.0320484,
521,0.0,5.62e-05,0.0019127,0.0031095,0.0057888,0.0075042,0.0154108,0.0066718,0.0605014,0.0843112,0.0163277,0.0412534,0.0245234,0.0452061,
522,0.0,6e-05,0.0009751,0.0021218,0.0029295,0.005122,0.0051176,0.0064035,0.0239708,0.0430626,0.0230418,0.0622471,0.0365734,0.0413645,
523,0.0,0.0009461,0.0019105,0.0027651,0.0031815,0.0032355,0.0014216,0.010551,0.0418184,0.0459515,0.0360969,0.0654581,0.0469856,0.0590857,
524,0.0,6.58e-05,0.001437,0.0009055,0.0010149,0.0013642,0.0014414,0.0039264,0.0270244,0.0181003,0.0402837,0.0436225,0.0579235,0.0749578,
525,0.0,6.8e-05,0.001002,0.0026262,0.000596,0.0026092,0.0036558,0.003413,0.0061655,0.0350685,0.0321264,0.0378547,0.0634022,0.0928233,
526,0.0,6.69e-05,0.0004994,0.0007291,0.0010151,0.0014436,0.0031934,0.0072216,0.0102322,0.0184917,0.0199233,0.031553,0.0366992,0.0562821,
527,0.0,7.07e-05,0.0009728,0.0008941,0.0022236,0.0006625,0.001116,0.0083365,0.0214325,0.0083208,0.0320104,0.0198269,0.0719969,0.068118,
528,0.0,7.14e-05,0.0005019,0.0008923,0.0011838,0.0006634,0.0014238,0.0102361,0.0220731,0.009837,0.0374366,0.0223113,0.027952,0.0364132,
529,0.0,7.52e-05,0.0009716,0.001672,0.0011859,0.0012207,0.0014389,0.0065724,0.0171953,0.015343,0.0468633,0.0483149,0.040793,0.0459985,
530,0.0,7.63e-05,0.0013647,0.0007376,0.0014089,0.0008932,0.0011235,0.0077185,0.0068204,0.0178915,0.0747232,0.1145303,0.1015674,0.0618905,
531,0.0,7.65e-05,0.0010019,0.0008962,0.0014779,0.0008906,0.0014429,0.0058226,0.0099894,0.0124082,0.0341461,0.0965857,0.0843772,0.1138371,
532,0.0,7.69e-05,0.0004971,0.0008949,0.0010587,0.0008909,0.0014483,0.0047014,0.0306296,0.0274437,0.0192754,0.0795454,0.0280337,0.073194,
533,0.0,7.55e-05,0.0004957,0.0010084,0.0020265,0.0008883,0.0002082,0.00551,0.0204203,0.0248449,0.0257853,0.0905499,0.0765944,0.0748482,
534,0.0,8.01e-05,0.0004957,0.0009004,0.0004006,0.0013528,0.0011543,0.0049131,0.0189735,0.0269102,0.0354185,0.0712062,0.0829095,0.0900447,
535,0.0,8.15e-05,0.0010021,0.0009021,0.0014427,0.0008884,0.0002054,0.002471,0.014095,0.0476304,0.0407887,0.0408794,0.0962984,0.0852559,
536,0.0,0.0014605,0.0005571,0.0010111,0.0014121,0.0016057,0.0011501,0.0045717,0.008155,0.0291185,0.057186,0.060482,0.1065933,0.0853364,
537,0.0,7.91e-05,0.0004959,0.0010106,0.0010157,0.0012738,0.0002136,0.0055882,0.0062418,0.0311838,0.0528792,0.0911805,0.1044011,0.0928691,
538,0.0,8.37e-05,0.0012707,0.0008529,0.0015141,0.0008847,0.0014572,0.0048387,0.0091201,0.0320853,0.0313334,0.0630211,0.0881313,0.0821559,
539,0.0,0.0010156,0.0009722,0.0008616,0.0006104,0.0012724,0.0011217,0.0024285,0.0071105,0.0285585,0.037681,0.0605056,0.0712618,0.0827504,
540,0.0,7.86e-05,0.0009724,0.0008505,0.0006104,0.002073,0.0014206,0.0041323,0.006816,0.028357,0.0641928,0.0497908,0.0466898,0.0726759,
541,0.0,8.16e-05,0.000558,0.0007462,0.0014129,0.0018412,0.0018202,0.00727,0.0053468,0.0126082,0.0461874,0.0549424,0.0501635,0.0701966,
542,0.0,0.0014604,0.000556,0.0007264,0.0006136,0.0016034,0.0015885,0.0084512,0.027603,0.0291516,0.0569791,0.0528716,0.0642722,0.0990049,
543,0.0,8.19e-05,0.0004967,0.0007461,0.0018616,0.0008778,0.0012294,0.0041296,0.0092683,0.0127944,0.0468758,0.0491764,0.0247937,0.045671,
544,0.0,7.93e-05,0.0004933,0.0007449,0.0003955,0.0008761,0.0008901,0.0030707,0.0156941,0.0555343,0.0529562,0.0715257,0.0366729,0.033762,
545,0.0,7.52e-05,0.0012683,0.0009183,0.0011152,0.0006607,0.0018205,0.0035699,0.0037784,0.0279259,0.0510458,0.0658584,0.0544731,0.0210944,
546,0.0,7.27e-05,0.0010874,0.0007396,0.0010141,0.0018369,0.0002248,0.0040609,0.0041547,0.010892,0.0231777,0.0590669,0.0513964,0.0262407,
547,0.0,0.0009738,0.0014423,0.0009095,0.0003982,0.0008814,0.0011617,0.0027167,0.0108629,0.0066448,0.0400874,0.0686902,0.0465761,0.0166267,
548,0.0,7.1e-05,0.0011743,0.0016645,0.0010142,0.0008841,0.000217,0.0046053,0.0131264,0.0162327,0.0351384,0.0494315,0.0549689,0.0382909,
549,0.0,0.0010079,0.0004902,0.001802,0.0004008,0.0014062,0.0014215,0.0010842,0.0242856,0.0287437,0.0356105,0.0643028,0.0534682,0.0600531,
550,0.0,0.0009412,0.00124,0.0008925,0.001415,0.000662,0.0018234,0.0034601,0.0189302,0.0209852,0.0508779,0.0555574,0.0717147,0.0770665,
551,0.0,0.0010061,0.0009713,0.0007259,0.0006068,0.0006609,0.0011175,0.0037628,0.0161378,0.0270606,0.0387278,0.0564709,0.0664176,0.0888947,
552,0.0,0.0009456,0.0009724,0.0008925,0.0004042,0.0006608,0.0002182,0.0060045,0.0065496,0.0095487,0.0502179,0.0606562,0.0691527,0.1117116,
553,0.0,6.4e-05,0.0013717,0.001512,0.0006033,0.0017096,0.0029485,0.0113974,0.0258913,0.0031288,0.068921,0.0616433,0.0835185,0.1151163,
554,0.0,0.0009672,0.0019311,0.0016704,0.0004074,0.0017094,0.0023978,0.0063063,0.0190292,0.0235613,0.0411719,0.0410926,0.0762481,0.057055,
555,0.0,0.0009521,0.0013463,0.0008896,0.0020208,0.0013987,0.0018244,0.0035391,0.0154731,0.0278735,0.0412211,0.0469765,0.0533213,0.0730557,
556,0.0,0.0014274,0.0012683,0.0008935,0.0010127,0.0012823,0.0021524,0.0060044,0.0303827,0.0185398,0.0158202,0.0286701,0.0350334,0.0439532,
557,0.0,5.7e-05,0.0013455,0.0007206,0.0014179,0.0019445,0.0023241,0.0094654,0.0060115,0.0276465,0.0271392,0.0075124,0.0253172,0.0334773,
558,0.0,0.0010076,0.0013479,0.0015861,0.0014821,0.0013964,0.002465,0.0091805,0.0372013,0.0064916,0.0448311,0.0183474,0.0233664,0.0630018,
559,0.0,5.47e-05,0.0012003,0.0017459,0.0010999,0.0014155,0.0029035,0.0064742,0.0268226,0.0135041,0.0151028,0.0246255,0.052696,0.0265436,
560,0.0,0.0013887,0.001171,0.0008887,0.0011,0.0021747,0.0023228,0.0081128,0.0248536,0.0073561,0.0242012,0.0467287,0.038019,0.0311581,
561,0.0,0.0013827,0.0012684,0.0008889,0.0010975,0.0028717,0.0030705,0.0159434,0.0193759,0.0312367,0.0360485,0.0241708,0.0364543,0.0504448,
562,0.0,5.21e-05,0.0004909,0.0017496,0.0020957,0.0038098,0.0014049,0.0253553,0.0456175,0.0297238,0.0330727,0.0084567,0.0320889,0.045921,
563,0.0,0.0009696,0.0010076,0.001587,0.0025887,0.0039428,0.008362,0.0088529,0.0289383,0.036738,0.0284346,0.042949,0.0649491,0.0492106,
564,0.0,5.81e-05,0.0012,0.001747,0.0048067,0.0053287,0.0050148,0.0129056,0.0248008,0.0421692,0.0547625,0.0350736,0.0313538,0.0479025,
565,0.0,0.0009495,0.0009728,0.0017488,0.0011761,0.003106,0.0050086,0.0116475,0.0139921,0.0330075,0.0577412,0.0300143,0.033274,0.008252,
566,0.0,0.0010042,0.0004951,0.0016683,0.001097,0.0008922,0.0024096,0.0073603,0.036842,0.0249471,0.0439562,0.0368477,0.0404268,0.0578406,
567,0.0,0.001007,0.0005588,0.0008929,0.0010142,0.0008092,0.0015882,0.0088332,0.0082965,0.032737,0.0200147,0.0267331,0.0305746,0.047291,
568,0.0,6.95e-05,0.0004964,0.0010144,0.0004098,0.0017741,0.0002039,0.006633,0.0112269,0.0352651,0.0104629,0.0305537,0.0444254,0.041941,
569,0.0,0.0010069,0.0014414,0.0008748,0.0011036,0.0014124,0.0022823,0.0054531,0.0069916,0.0196641,0.0365614,0.0392885,0.0433463,0.0425922,
570,0.0,6.62e-05,0.0009727,0.0010219,0.0014361,0.0013629,0.000207,0.005,0.007043,0.0125598,0.0267438,0.0166552,0.0564023,0.0363469,
571,0.0,7e-05,0.000972,0.0009006,0.0004085,0.0012241,0.0002081,0.0024535,0.0092925,0.0125597,0.0187328,0.0180879,0.0756768,0.0524438,
572,0.0,7.28e-05,0.0015379,0.0008956,0.0004102,0.000807,0.0016581,0.0013977,0.0062977,0.0162602,0.0294489,0.0258659,0.06708,0.0704871,
573,0.0,0.0009381,0.0004976,0.0008945,0.0015921,0.0014089,0.0002054,0.0024827,0.0056971,0.0127596,0.0261368,0.0166843,0.0471149,0.0776009,
574,0.0,7.16e-05,0.0004976,0.0009082,0.0004087,0.0006616,0.0011439,0.0029379,0.0121304,0.0119211,0.0447206,0.0227133,0.0540598,0.0796783,
575,0.0,0.0009742,0.0005545,0.0008982,0.0011098,0.0013555,0.0024055,0.0056734,0.0115551,0.0241503,0.0532222,0.0261472,0.0275933,0.0408954,
576,0.0,7.81e-05,0.0004997,0.0010186,0.0006033,0.0014036,0.0021333,0.0055725,0.0175671,0.0374398,0.0476697,0.0351958,0.0358805,0.0340178,
577,0.0,7.51e-05,0.0010022,0.0015273,0.0010622,0.0020447,0.0009064,0.0019103,0.0026946,0.0365672,0.0381528,0.0260474,0.0373504,0.0414244,
578,0.0,0.0014461,0.0013726,0.001024,0.0004041,0.0020235,0.0009069,0.0014386,0.0050139,0.0242015,0.0389893,0.0247852,0.0435568,0.0440289,
579,0.0,0.0009789,0.0012681,0.0009199,0.001152,0.0012617,0.0002158,0.0020508,0.0160176,0.0233699,0.044979,0.0444402,0.0706071,0.0314489,
580,0.0,8.04e-05,0.0005515,0.0009221,0.0011866,0.0006614,0.001439,0.0026075,0.0194909,0.017109,0.0810646,0.0580099,0.0504118,0.0508616,
581,0.0,0.000931,0.0011683,0.0009224,0.0012242,0.0014009,0.0025671,0.0044607,0.0120342,0.0251282,0.0908691,0.0710728,0.0257734,0.0596094,
582,0.0,0.0009331,0.0014365,0.0008745,0.0010641,0.0012777,0.0014423,0.0153259,0.0088858,0.0251758,0.0247375,0.0298192,0.1018387,0.0579804,
583,0.0,0.0010235,0.0005492,0.0007414,0.0004094,0.0008799,0.001418,0.0096399,0.0290304,0.0216593,0.0503872,0.039609,0.0717405,0.0562996,
584,0.0,7.56e-05,0.0011658,0.00074,0.0004112,0.0006595,0.0012388,0.0111282,0.0409344,0.0208733,0.0483389,0.0430175,0.1002791,0.0750546,
585,0.0,7.11e-05,0.0005002,0.0009206,0.0004132,0.0008801,0.0021767,0.0128466,0.0156548,0.0314136,0.0506394,0.0348933,0.0517203,0.073998,
586,0.0,6.75e-05,0.0009756,0.0009201,0.0005979,0.0008075,0.0018707,0.0075763,0.0207726,0.0260316,0.0380143,0.0512964,0.0397998,0.0415842,
587,0.0,6.4e-05,0.0010055,0.0010422,0.0004134,0.0014467,0.0002196,0.0044022,0.0239576,0.0333582,0.0325978,0.0392443,0.0101614,0.0360695,
588,0.0,6.01e-05,0.0005541,0.0007275,0.0005968,0.0012015,0.0023571,0.0071011,0.016359,0.0489588,0.0288629,0.0367094,0.0302201,0.0274702,
589,0.0,0.001424,0.0005529,0.0009211,0.0012257,0.0015934,0.0020678,0.0059746,0.0163891,0.035433,0.0648202,0.0438484,0.0526651,0.0725471,
590,0.0,6.58e-05,0.0009759,0.0018476,0.0014954,0.0019344,0.0020681,0.0078107,0.0181361,0.0352893,0.0369242,0.068538,0.0451028,0.0421279,
591,0.0,7.03e-05,0.0010052,0.0010437,0.000409,0.0020536,0.0014413,0.0034325,0.0176974,0.0489351,0.0397565,0.0459857,0.0830274,0.0698787,
592,0.0,0.0009382,0.0005538,0.0016808,0.0010689,0.0016984,0.0011473,0.0013168,0.0132997,0.0396468,0.0699898,0.0758049,0.0716374,0.0602639,
593,0.0,0.0009816,0.0016284,0.0018074,0.0011075,0.0008772,0.0011504,0.0042821,0.0076824,0.026073,0.0443274,0.0511337,0.0738298,0.0670499,
594,0.0,0.0013598,0.000975,0.0010413,0.0011621,0.0008066,0.0009021,0.0031176,0.002518,0.0129325,0.036332,0.0491446,0.025058,0.0458152,
595,0.0,6.42e-05,0.0009743,0.0009179,0.0014889,0.0006581,0.0012462,0.0012255,0.0052898,0.0131771,0.0121666,0.023609,0.0342065,0.0401129,
596,0.0,6.1e-05,0.0009743,0.0022216,0.0004036,0.0005636,0.001244,0.0024739,0.0041786,0.006209,0.0278974,0.017563,0.0397715,0.0238471,
597,0.0,5.75e-05,0.0004871,0.0014788,0.0019705,0.0008086,0.0014101,0.002579,0.0090598,0.0174434,0.0102338,0.0168801,0.0237378,0.0289333,
598,0.0,5.68e-05,0.0015749,0.0018187,0.0011061,0.0005598,0.0014583,0.0025163,0.0106296,0.0298229,0.0214059,0.0289765,0.0412458,0.0457584,
599,0.0,0.0009537,0.0009732,0.0008889,0.0010763,0.0012515,0.0008954,0.0045614,0.0162162,0.0223221,0.0268604,0.0290288,0.0545661,0.0302836,
600,0.0,5.17e-05,0.0021366,0.000704,0.0010795,0.0027487,0.0014511,0.0036511,0.0271406,0.0162475,0.0338063,0.0382215,0.0541571,0.0493995,
601,0.0,0.0024414,0.0009746,0.0010462,0.0010107,0.0006566,0.0014483,0.0024218,0.0224049,0.0113379,0.0288545,0.0128432,0.0278324,0.0496565,
602,0.0,5.23e-05,0.0013533,0.0016614,0.0010112,0.0006572,0.0014218,0.0100829,0.0075005,0.0123761,0.0227093,0.012584,0.035698,0.0293589,
603,0.0,0.0010392,0.0005618,0.0010444,0.0010838,0.0008827,0.0024623,0.0133737,0.0102897,0.0091943,0.0097265,0.0405464,0.0293806,0.0711039,
604,0.0,0.0009824,0.001549,0.0008802,0.0010098,0.0032456,0.0029884,0.008273,0.0169921,0.0108309,0.0298788,0.0286243,0.0336588,0.0480624,
605,0.0,4.76e-05,0.0005605,0.0015825,0.0026901,0.0017668,0.0028461,0.0024847,0.0208898,0.010375,0.0315401,0.017867,0.0383299,0.0442654,
606,0.0,0.0014237,0.0015451,0.0017456,0.0020942,0.0045889,0.0054318,0.0117955,0.0235511,0.0153411,0.0351319,0.0328961,0.0217788,0.0583364,
607,0.0,4.51e-05,0.001576,0.0016621,0.0063855,0.0056929,0.0097847,0.034505,0.0169343,0.0303209,0.0153287,0.0664748,0.0389282,0.0700008,
608,0.0,4.33e-05,0.0013535,0.0017642,0.0053294,0.0040437,0.0064732,0.0482544,0.0371967,0.0475578,0.0703298,0.1099048,0.0417357,0.0714275,
609,0.0,4.19e-05,0.0015754,0.0007118,0.0022082,0.0019444,0.0011286,0.0189237,0.0179532,0.0462033,0.0722171,0.08436,0.0958853,0.1541585,
610,0.0,0.0010252,0.0005662,0.002537,0.0032883,0.0031654,0.0039621,0.0286737,0.0414757,0.0235105,0.0649514,0.1108786,0.074659,0.1189319,
611,0.0,3.77e-05,0.0011601,0.0008801,0.0010966,0.0010919,0.0021251,0.0144395,0.026194,0.0537525,0.0415229,0.034112,0.0518905,0.0317687,
612,0.0,3.54e-05,0.001819,0.0017519,0.0021971,0.0016862,0.0012222,0.0039036,0.0316256,0.0398505,0.0468705,0.0393354,0.0833651,0.0719586,
