#Time_fs,0,50,100,150,200,250,300,500,750,1000,1250,1500,1750,2000,
1,1e-07,0.0013951,0.0006926,0.0009116,0.0010887,0.0010086,0.0012714,0.0025359,0.0091464,0.0159476,0.030993,0.0276847,0.0378003,0.0647426,
2,1e-07,0.0001317,0.0008831,0.0009273,0.0009166,0.0007678,0.0003158,0.0010953,0.0109404,0.0171963,0.0354648,0.0688724,0.0472826,0.040294,
3,1e-07,0.0009746,0.0006926,0.000912,0.0009141,0.001054,0.0013714,0.000701,0.0070657,0.0151113,0.0462285,0.0366444,0.0460419,0.0627063,
4,1e-07,0.0013159,0.0010237,0.0009051,0.0010729,0.0009567,0.0007682,0.0035173,0.0128055,0.0120838,0.0265971,0.0115848,0.0292918,0.0332436,
5,1e-07,0.0011119,0.000883,0.0006679,0.0006714,0.0016675,0.0009337,0.0036486,0.0206099,0.0211492,0.0157336,0.0198067,0.0164136,0.0144319,
6,1e-07,0.001035,0.0004608,0.00094,0.0010817,0.0010071,0.0009327,0.0016145,0.0181641,0.0192097,0.0179929,0.0112931,0.0242326,0.0436599,
7,1e-07,0.0010319,0.001023,0.0014116,0.0010791,0.001047,0.0009315,0.0018136,0.0067337,0.0141883,0.0106041,0.014106,0.036881,0.0559802,
8,1e-07,0.000987,0.0006907,0.0013953,0.0007012,0.0009646,0.0012556,0.002442,0.0061485,0.0121747,0.0102498,0.014455,0.0471811,0.0346986,
9,1e-07,0.0009901,0.0008841,0.0014048,0.0010785,0.0010132,0.0011418,0.0019861,0.0072637,0.0187574,0.0139467,0.0429403,0.0307432,0.0449242,
10,0.0,0.0001265,0.0008842,0.0008745,0.0017898,0.0010095,0.0008997,0.0019397,0.0091086,0.014402,0.0146847,0.0380126,0.0399728,0.0222262,
11,0.0,0.0010211,0.0011964,0.0006418,0.0010769,0.0010498,0.0009012,0.0035152,0.0317683,0.0070422,0.0144876,0.034166,0.0241811,0.0151735,
12,0.0,0.000127,0.0004622,0.0006612,0.000883,0.0010126,0.0012548,0.0047546,0.020072,0.0129511,0.025162,0.0315661,0.0588129,0.0479739,
13,0.0,0.0001254,0.0006894,0.0006608,0.0017077,0.0010012,0.0017528,0.0032137,0.0056932,0.00468,0.0257983,0.0505508,0.1088268,0.0684859,
14,0.0,0.0013263,0.0008837,0.0006574,0.0008829,0.0010032,0.0009258,0.0035057,0.0184182,0.0077874,0.017747,0.0740744,0.0828061,0.052847,
15,0.0,0.0010532,0.0006881,0.0008672,0.0021105,0.0010031,0.0015348,0.0040348,0.0245428,0.0267308,0.03395,0.0881532,0.0984894,0.0935116,
16,0.0,0.0001248,0.0004624,0.00161,0.0008837,0.0010046,0.0011569,0.0039366,0.0096151,0.0361089,0.0237244,0.0570062,0.0909238,0.0837084,
17,1e-07,0.0011165,0.0004621,0.0008778,0.0017082,0.0014773,0.0014314,0.0070971,0.0042673,0.0148268,0.0214826,0.0456781,0.0200533,0.0164655,
18,1e-07,0.0001231,0.0014592,0.0016079,0.0006775,0.0014786,0.0012501,0.0108122,0.0138517,0.0149378,0.0260827,0.0133849,0.0383409,0.0272582,
19,1e-07,0.0009966,0.0006889,0.0021401,0.0015398,0.0020737,0.0034688,0.0122202,0.0191927,0.0234739,0.0228813,0.0297407,0.0568383,0.024968,
20,1e-07,0.0009969,0.0017818,0.0018535,0.0032505,0.0024146,0.0017457,0.0139609,0.0239449,0.030937,0.0195281,0.0246882,0.0256732,0.0298193,
21,1e-07,0.0009799,0.0021683,0.0051061,0.0033755,0.0021332,0.003466,0.0097708,0.0229762,0.037174,0.0383059,0.0356281,0.0216975,0.0266627,
22,1e-07,0.0001197,0.0013983,0.0019443,0.0052335,0.0107014,0.0142782,0.020342,0.0409075,0.0698917,0.0810593,0.0427424,0.0180688,0.0175408,
23,2e-07,0.0009854,0.0028822,0.0098532,0.0138192,0.0224077,0.0221123,0.0401787,0.0660212,0.0782676,0.0415447,0.0676278,0.0544616,0.0090398,
24,2e-07,0.0014443,0.0033668,0.0093805,0.0152386,0.0193623,0.0276023,0.0407534,0.0692165,0.0527628,0.0391267,0.0270835,0.0317467,0.0144731,
25,1e-07,0.0024736,0.0060511,0.0033308,0.0046504,0.0066859,0.0159148,0.0181487,0.0318549,0.0451408,0.0605335,0.0230719,0.0300358,0.0460243,
26,1e-07,0.0050698,0.0100303,0.0129389,0.0191322,0.023881,0.0240256,0.0404767,0.0350542,0.0491128,0.0405504,0.0285241,0.0376051,0.0082998,
27,1e-07,0.0010229,0.0034435,0.0054717,0.0124691,0.0222346,0.0324917,0.0414276,0.0396263,0.0415726,0.0189153,0.0243255,0.0400597,0.0229662,
28,1e-07,0.0001212,0.0021954,0.0035492,0.0050421,0.0097763,0.0100354,0.0225874,0.0247801,0.029119,0.0161086,0.0302136,0.0251815,0.0060112,
29,1e-07,0.0001217,0.0013804,0.0020286,0.0027443,0.0036444,0.0033183,0.0120471,0.0485256,0.0743979,0.0329947,0.0700635,0.1163404,0.0291179,
30,0.0,0.0001228,0.0004625,0.0008658,0.0023541,0.0010321,0.0025542,0.0080453,0.0105791,0.0157582,0.0383578,0.0440498,0.0547666,0.0390567,
31,0.0,0.0011177,0.0004628,0.0008802,0.0010661,0.0009998,0.0014389,0.0054549,0.0070316,0.0163985,0.0227785,0.0428531,0.0317019,0.038715,
32,0.0,0.0015045,0.0006889,0.0013864,0.0015574,0.0017188,0.0018763,0.0036424,0.0037851,0.0300246,0.0269799,0.0267898,0.0530835,0.0189949,
33,1e-07,0.0010056,0.0021955,0.001606,0.0017848,0.0018455,0.0012526,0.0045461,0.0038995,0.0350333,0.04438,0.0163548,0.0401448,0.0301928,
34,0.0,0.00112,0.0004636,0.0006296,0.0023321,0.0009705,0.0014332,0.0052354,0.0144777,0.0104504,0.049707,0.0097673,0.0594838,0.0404599,
35,0.0,0.0001234,0.0006886,0.0013677,0.0016831,0.0009664,0.0009241,0.0042591,0.0050352,0.0267435,0.038051,0.0399976,0.0456051,0.0155624,
36,0.0,0.0010148,0.0009306,0.0013722,0.0007174,0.000812,0.0013583,0.0046302,0.0118475,0.0228266,0.0248835,0.0331845,0.0344417,0.0135685,
37,0.0,0.0001216,0.0009302,0.001495,0.0017493,0.0031433,0.006236,0.0060328,0.0180748,0.0121554,0.0465709,0.0149151,0.0360979,0.0365874,
38,0.0,0.0001206,0.0017307,0.0006597,0.00279,0.004795,0.0043334,0.0129395,0.0252761,0.0127168,0.0144333,0.0286018,0.0328186,0.0409494,
39,0.0,0.0011156,0.0010213,0.0030223,0.0040525,0.0039636,0.0061051,0.0188114,0.0317829,0.0219522,0.0464172,0.0398836,0.0191099,0.0454046,
40,0.0,0.0016927,0.0023118,0.0014344,0.003665,0.0050483,0.0021392,0.0050296,0.0255241,0.0058494,0.0545953,0.0178726,0.0379397,0.0478637,
41,1e-07,0.0014233,0.0006903,0.0015689,0.0048223,0.0066632,0.0072597,0.0152601,0.0337775,0.0447782,0.0511582,0.0320569,0.0208371,0.0193287,
42,1e-07,0.001116,0.0013976,0.0019434,0.0036028,0.004509,0.0090491,0.0091712,0.031717,0.0405111,0.059409,0.0125669,0.0188637,0.0229803,
43,1e-07,0.0009938,0.0014595,0.001122,0.0056986,0.0034376,0.0066412,0.0086691,0.0383496,0.0383035,0.0623096,0.0242571,0.0228463,0.0354989,
44,1e-07,0.0014854,0.0030913,0.0062068,0.0083101,0.0124795,0.0154685,0.01144,0.0677124,0.0619775,0.0453052,0.0354237,0.0387763,0.0216475,
45,1e-07,0.003176,0.0118806,0.0140649,0.0089126,0.0137029,0.0184507,0.0143518,0.0546705,0.0617894,0.0212482,0.0340918,0.062976,0.0239912,
46,1e-07,0.0033414,0.0103258,0.0180523,0.0189671,0.02184,0.0153158,0.0349728,0.0281341,0.027897,0.0698519,0.063787,0.0594482,0.0080478,
47,2e-07,0.0009829,0.0037717,0.0111183,0.0163023,0.0078013,0.0031978,0.0488855,0.0187503,0.027524,0.0538533,0.0600164,0.0183527,0.0529951,
48,1e-07,0.0014444,0.0043943,0.0047413,0.0030288,0.0042189,0.0051606,0.0292658,0.017439,0.0187721,0.0369397,0.0371281,0.0123502,0.0646025,
49,1e-07,0.0013542,0.0027575,0.0038361,0.0042181,0.0026358,0.0019731,0.0063055,0.0270402,0.0348216,0.0410889,0.058374,0.020814,0.0587624,
50,1e-07,0.0020185,0.0016123,0.0019307,0.0021055,0.0022091,0.0042491,0.0148985,0.0332497,0.0584922,0.0478204,0.0635479,0.0512081,0.1004217,
51,1e-07,0.0016908,0.0006909,0.0009494,0.0025961,0.002045,0.0037817,0.0268895,0.0290257,0.0158611,0.0529314,0.0386812,0.0787399,0.0873924,
52,1e-07,0.0008878,0.000691,0.0019346,0.0036366,0.0048501,0.0074195,0.0280085,0.0564179,0.065873,0.0849251,0.0992731,0.1318008,0.1968932,
53,1e-07,0.0001165,0.0006906,0.0021251,0.0024252,0.0028751,0.005403,0.0202624,0.0155577,0.0145579,0.025812,0.0533599,0.0987478,0.061967,
54,1e-07,0.0010232,0.0004629,0.0021261,0.0014691,0.0016143,0.0024006,0.0113329,0.0462226,0.0258355,0.0118056,0.0686437,0.0268039,0.0366796,
55,0.0,0.0014405,0.0006901,0.0016004,0.0021827,0.0035699,0.0030889,0.0096996,0.0464769,0.0445434,0.048562,0.0435447,0.0594186,0.0507873,
56,0.0,0.0010201,0.0006888,0.0016048,0.0008717,0.0017482,0.0018745,0.010603,0.0281892,0.0471994,0.0619498,0.0341986,0.0751388,0.0613539,
57,1e-07,0.0013449,0.0004632,0.0009791,0.0009125,0.0017522,0.0025996,0.0111355,0.0377923,0.0674172,0.0210454,0.0206507,0.0583762,0.0486971,
58,1e-07,0.0013422,0.0004633,0.000857,0.0008937,0.0009896,0.0011815,0.0039908,0.0304937,0.0405537,0.0247837,0.0183727,0.0591717,0.0513622,
59,1e-07,0.001681,0.0004637,0.0009857,0.0008656,0.0016464,0.0014283,0.0047351,0.0445712,0.0376782,0.0611994,0.0545807,0.058921,0.1032126,
60,1e-07,0.0013402,0.0006879,0.0016238,0.0008931,0.0008206,0.0033204,0.0028778,0.0464507,0.0647002,0.0491191,0.0704913,0.0416616,0.0689437,
61,1e-07,0.0016814,0.0012501,0.0016154,0.0016433,0.002089,0.0049695,0.0068391,0.056487,0.0235286,0.0534635,0.061826,0.0638568,0.073786,
62,1e-07,0.0016797,0.0004636,0.0009725,0.0007237,0.0016439,0.0025118,0.0180475,0.0380391,0.0173559,0.0495654,0.0282566,0.0641699,0.0300089,
63,1e-07,0.0013308,0.0006878,0.0014494,0.0008843,0.0009933,0.0003095,0.008402,0.0161261,0.0318679,0.0554508,0.0343982,0.0380325,0.0219185,
64,1e-07,0.0001214,0.0010604,0.0016484,0.0007233,0.0016607,0.0016944,0.0115959,0.0210478,0.0271664,0.0589309,0.0491978,0.0814754,0.0759522,
65,1e-07,0.0008823,0.000688,0.0014452,0.0015465,0.0015001,0.0016244,0.0082461,0.0148515,0.0361719,0.0643329,0.0590935,0.0358531,0.0251594,
66,1e-07,0.0001209,0.0008845,0.0008604,0.0015606,0.0041925,0.0025125,0.0041332,0.0224545,0.0266829,0.0435831,0.0149963,0.045416,0.0265977,
67,1e-07,0.0014817,0.0006872,0.0013749,0.0034146,0.0056357,0.0040469,0.0073226,0.0333004,0.0546239,0.0320235,0.0181452,0.0207823,0.0282808,
68,1e-07,0.0010131,0.0010211,0.0016538,0.0015549,0.0030256,0.0022526,0.007806,0.0230262,0.0644333,0.0262977,0.0412032,0.0358618,0.0269032,
69,1e-07,0.0010133,0.0006881,0.0015556,0.0014629,0.0010019,0.0027149,0.0099113,0.0185105,0.0512023,0.0387578,0.0744927,0.0425277,0.0390925,
70,1e-07,0.0001245,0.0009305,0.0013809,0.0008501,0.0017578,0.0011472,0.0071175,0.011385,0.0372864,0.033614,0.0476026,0.0597659,0.0213591,
71,1e-07,0.0013944,0.0006874,0.00065,0.0008804,0.0007014,0.0009215,0.0099979,0.0217712,0.0394407,0.0265916,0.0789818,0.0415405,0.0722403,
72,1e-07,0.0013299,0.000462,0.0019735,0.0014582,0.0010088,0.0009199,0.0032957,0.0151302,0.0523269,0.0305998,0.0407632,0.0244498,0.0667508,
73,1e-07,0.0016415,0.0006874,0.0013779,0.0016826,0.0018304,0.0015286,0.0110613,0.0165725,0.0702338,0.0304311,0.0430668,0.0295151,0.0481783,
74,1e-07,0.0001244,0.0006875,0.0006483,0.0017165,0.0018729,0.002918,0.015248,0.0110824,0.0362227,0.0237688,0.0658826,0.0618804,0.0509297,
75,1e-07,0.0001243,0.0020409,0.0015498,0.0015042,0.0018468,0.0026509,0.0052676,0.0294958,0.0404923,0.0316698,0.0801054,0.0587706,0.0144486,
76,1e-07,0.0010085,0.0004632,0.0006517,0.0016834,0.0017711,0.0026493,0.0034771,0.0289537,0.0275298,0.0674648,0.0389687,0.0297708,0.0234791,
77,1e-07,0.0013108,0.0006878,0.0008688,0.0008825,0.0009955,0.0022364,0.0047914,0.014335,0.0187409,0.0606913,0.0255155,0.064904,0.0312474,
78,1e-07,0.0011211,0.0006875,0.0013718,0.0007281,0.0009927,0.0009206,0.0045514,0.0030773,0.0262898,0.0441171,0.0421091,0.0674763,0.0355056,
79,0.0,0.0014848,0.0004639,0.000658,0.0009274,0.0018184,0.0011472,0.0046058,0.0128589,0.0289811,0.0604564,0.0389158,0.0546802,0.0129426,
80,0.0,0.0010318,0.0006885,0.0009639,0.0006882,0.0008101,0.0012479,0.001983,0.0133211,0.0358874,0.0408283,0.0360759,0.0250535,0.0308808,
81,0.0,0.0014404,0.0006886,0.0009589,0.0007221,0.0007685,0.0020648,0.0013674,0.0160164,0.0153358,0.045746,0.0457917,0.0385385,0.0437313,
82,0.0,0.0014439,0.0006893,0.000953,0.0006907,0.0015159,0.0003108,0.0095556,0.0103202,0.033495,0.0283971,0.0206855,0.0479691,0.0680713,
83,1e-07,0.0010334,0.0004635,0.0009482,0.0006902,0.0014818,0.0015127,0.0086119,0.0115939,0.01632,0.0413662,0.0248627,0.0418177,0.0534783,
84,1e-07,0.0013546,0.0004632,0.0009438,0.002031,0.0007904,0.0017002,0.0023936,0.0094223,0.0180963,0.0504575,0.0399288,0.0410217,0.0362749,
85,0.0,0.0008863,0.0006903,0.0011157,0.0008735,0.002958,0.0038783,0.0056224,0.017968,0.026789,0.0476312,0.0378114,0.038676,0.0417807,
86,0.0,0.0008854,0.0004628,0.0023143,0.0008969,0.0017497,0.0025129,0.0049669,0.0203559,0.0148589,0.039057,0.0535261,0.0463315,0.0554845,
87,0.0,0.0013549,0.0006888,0.0009528,0.0014624,0.0014989,0.0015125,0.0045552,0.0091843,0.0314604,0.0236886,0.0557565,0.015768,0.0517222,
88,0.0,0.000121,0.0006888,0.0006615,0.0009236,0.0009924,0.0012494,0.0023677,0.0039015,0.0269372,0.0430888,0.0338889,0.028713,0.0418123,
89,0.0,0.0011179,0.0004634,0.0013676,0.0007208,0.0009589,0.0008964,0.0053284,0.0075927,0.0106439,0.0342355,0.0406821,0.0175517,0.026982,
90,0.0,0.0001229,0.0006883,0.000877,0.0017825,0.0016445,0.0012494,0.0030944,0.0121436,0.0362194,0.0248952,0.023364,0.0236304,0.0156806,
91,0.0,0.0001239,0.0009315,0.0014906,0.0007244,0.0016265,0.0014337,0.00475,0.0160862,0.0548679,0.0165566,0.022038,0.0397683,0.0552443,
92,0.0,0.0001255,0.0006864,0.0008701,0.0009388,0.0023023,0.0018845,0.0084154,0.0217107,0.0655298,0.0270033,0.0536775,0.0180138,0.0427988,
93,0.0,0.0001263,0.0006873,0.0008706,0.0017869,0.0018677,0.0012621,0.010151,0.0335741,0.0329832,0.0301,0.0436875,0.0351297,0.0601331,
94,0.0,0.0009667,0.0004635,0.000657,0.0009073,0.0018497,0.0021879,0.0105953,0.0241299,0.0202759,0.0340607,0.0505836,0.0272274,0.0627383,
95,0.0,0.0001267,0.0013014,0.0013717,0.001684,0.0010372,0.0017515,0.001835,0.0061579,0.0216969,0.0178192,0.0574547,0.0539312,0.0610614,
96,0.0,0.0001284,0.0009312,0.0015422,0.0009441,0.001855,0.0021884,0.0045758,0.001535,0.0480599,0.0938717,0.0627596,0.0550303,0.0383146,
97,0.0,0.0001278,0.0009307,0.0008791,0.0008471,0.0016181,0.0012538,0.0041091,0.0194337,0.0395788,0.0763018,0.0750652,0.0508571,0.039729,
98,1e-07,0.0001271,0.0004631,0.0015063,0.0018435,0.0016168,0.0011446,0.0032571,0.0160717,0.02264,0.0516466,0.0784653,0.0613499,0.0315191,
99,1e-07,0.0010149,0.000463,0.0006636,0.0010427,0.0007529,0.0015225,0.003241,0.0070895,0.0295429,0.0561378,0.0385833,0.0599902,0.0498005,
100,1e-07,0.0001271,0.0009305,0.000623,0.0022574,0.0009958,0.0009012,0.000706,0.0064178,0.0131433,0.0231246,0.0347847,0.0383735,0.0410597,
101,1e-07,0.0009972,0.0004631,0.0018795,0.0010646,0.0010253,0.0009291,0.0017794,0.0074064,0.0333929,0.0063671,0.0347323,0.0512545,0.0369251,
102,1e-07,0.0009951,0.0013002,0.0014231,0.0009248,0.0009925,0.002003,0.0017357,0.0117985,0.0355281,0.0231895,0.036384,0.0436672,0.0240418,
103,1e-07,0.0009677,0.001195,0.0008994,0.0016817,0.0008025,0.000313,0.0016403,0.0100049,0.015171,0.0390342,0.0228238,0.04347,0.0309544,
104,1e-07,0.0013505,0.0012845,0.0016029,0.0006858,0.0007709,0.0028221,0.0036979,0.0094031,0.0139039,0.0317486,0.0222541,0.0785143,0.0231333,
105,1e-07,0.0013536,0.0004626,0.000964,0.0006864,0.0009909,0.0022859,0.0025894,0.0121628,0.0233946,0.0413633,0.0418336,0.0443753,0.0201053,
106,1e-07,0.0013675,0.0006919,0.0009221,0.0014607,0.0009917,0.0024952,0.0026566,0.0072478,0.025348,0.0501544,0.0368257,0.0233294,0.0352108,
107,1e-07,0.0001212,0.0006925,0.0015697,0.001469,0.0009911,0.0021718,0.0040007,0.0126956,0.0315001,0.0416204,0.0527188,0.0578372,0.0352861,
108,1e-07,0.0013638,0.0006929,0.001722,0.0006971,0.0009502,0.0019975,0.0041386,0.0199391,0.0347058,0.0566194,0.0468677,0.03049,0.0390104,
109,1e-07,0.0015168,0.0006929,0.000676,0.0010615,0.0022923,0.0029242,0.0053007,0.0239751,0.0363334,0.060577,0.0195941,0.0126065,0.0353451,
110,1e-07,0.0013054,0.0020183,0.0014202,0.0009134,0.0009863,0.0008934,0.0036566,0.00729,0.0250712,0.0333797,0.0197341,0.0178772,0.0204781,
111,1e-07,0.0015147,0.0004615,0.0009074,0.0009175,0.0007755,0.0018794,0.0016201,0.0052609,0.0105497,0.0144814,0.0545437,0.0117188,0.0224493,
112,1e-07,0.0001238,0.0020441,0.0006691,0.0008897,0.0010331,0.0015186,0.0031773,0.0087516,0.0134573,0.0143148,0.0401282,0.0091921,0.0551943,
113,1e-07,0.0011137,0.0010616,0.0006659,0.0015457,0.0007668,0.0020013,0.0039286,0.0079375,0.0111014,0.0121201,0.0315816,0.0197016,0.0327047,
114,0.0,0.0013204,0.0004613,0.0008929,0.0008882,0.0010013,0.0018726,0.0054467,0.0082333,0.0185124,0.0116754,0.023677,0.0268254,0.0340804,
115,0.0,0.0001237,0.0004613,0.0008872,0.002296,0.0017609,0.0012639,0.0044802,0.0078804,0.0090505,0.0106543,0.0164033,0.0291871,0.0595273,
116,1e-07,0.0001226,0.0013809,0.0014019,0.0018596,0.0016336,0.0012513,0.0043794,0.0177775,0.0201851,0.0268662,0.0243008,0.0424464,0.0749641,
117,1e-07,0.001026,0.0022235,0.0019003,0.0017545,0.0045965,0.005532,0.0095709,0.0324472,0.0301588,0.0379344,0.0148912,0.027321,0.0761533,
118,1e-07,0.0001216,0.0009289,0.0023208,0.002708,0.0055934,0.0043431,0.0083851,0.0319663,0.0315702,0.0447572,0.0657384,0.0748628,0.0575923,
119,1e-07,0.0009711,0.0035895,0.0038657,0.0047688,0.0077304,0.0060316,0.0120605,0.059667,0.0701401,0.0827484,0.1010017,0.0580758,0.0275621,
120,1e-07,0.0015244,0.0023853,0.0018937,0.0056182,0.0098268,0.0111401,0.0104033,0.0190279,0.0596649,0.1030089,0.0847153,0.0353966,0.0652213,
121,1e-07,0.0001235,0.0004614,0.0017605,0.0024246,0.0017877,0.0035827,0.0166389,0.0039681,0.0496,0.0696696,0.0567307,0.0237412,0.0221419,
122,1e-07,0.001116,0.000929,0.0013966,0.0009129,0.0010518,0.0013567,0.0095916,0.0166143,0.0180578,0.0593807,0.020277,0.0211096,0.0409555,
123,1e-07,0.0001237,0.0004607,0.0006543,0.0010809,0.0017919,0.0036788,0.0063191,0.0233601,0.0228498,0.0560331,0.0311393,0.0260272,0.0504605,
124,1e-07,0.0001245,0.0006906,0.0008832,0.0016043,0.0017003,0.000312,0.002171,0.0088614,0.0125962,0.0152073,0.0269143,0.0341999,0.1202652,
125,0.0,0.0009586,0.0009282,0.0006485,0.000697,0.0010015,0.0003129,0.0007664,0.0077675,0.0175065,0.0126385,0.0290729,0.0085644,0.0113206,
126,0.0,0.000982,0.0004608,0.000882,0.0008709,0.0007738,0.0011413,0.0013469,0.0051083,0.0203322,0.0170108,0.0157947,0.0224853,0.0246997,
127,0.0,0.0011126,0.0004609,0.0009426,0.000674,0.0008261,0.0003135,0.0018158,0.0125013,0.016191,0.013443,0.0140758,0.010361,0.0293095,
128,0.0,0.000978,0.000461,0.0006676,0.0009198,0.0018158,0.00117,0.0025837,0.0105096,0.0086608,0.0032142,0.0088976,0.0179208,0.0212484,
129,1e-07,0.0013654,0.0004611,0.0015871,0.0008924,0.0007816,0.0009338,0.0028212,0.0082106,0.022241,0.0195037,0.0352631,0.0779786,0.028526,
130,1e-07,0.0001215,0.0004613,0.0014163,0.0008824,0.0015181,0.0015399,0.0029544,0.0125974,0.015795,0.0426872,0.0434437,0.0298802,0.0475009,
131,1e-07,0.0011102,0.0004611,0.0006725,0.0010713,0.0009955,0.001918,0.0007403,0.016357,0.0108847,0.037539,0.0530808,0.016858,0.0480862,
132,1e-07,0.0001204,0.0008812,0.000914,0.0027896,0.0008261,0.0012522,0.0063473,0.0245346,0.0209253,0.0185167,0.0310191,0.0087377,0.0484718,
133,1e-07,0.0014672,0.0018728,0.001926,0.0014641,0.0021272,0.0020631,0.0076873,0.0284851,0.0146841,0.0274134,0.0403276,0.0123859,0.0231532,
134,1e-07,0.0001196,0.0008815,0.00193,0.0006842,0.0014926,0.0016374,0.0043242,0.02399,0.0399127,0.0341733,0.0445914,0.032226,0.0099137,
135,0.0,0.0001198,0.0006923,0.0014419,0.0009092,0.0015731,0.0031127,0.0104072,0.017376,0.0518196,0.0577986,0.0676838,0.0685908,0.0304218,
136,0.0,0.0013155,0.0016569,0.0008809,0.0009136,0.001551,0.0020356,0.0105953,0.0309121,0.0406298,0.0538179,0.0627396,0.0544674,0.0456067,
137,0.0,0.0008915,0.0009272,0.0015713,0.0018762,0.0014841,0.0046138,0.0072157,0.0475715,0.0558733,0.0461525,0.0600733,0.0628495,0.062142,
138,0.0,0.001515,0.0022528,0.003682,0.0066568,0.0083421,0.013285,0.0076862,0.0484816,0.0395728,0.0630543,0.0606251,0.0864418,0.0883281,
139,1e-07,0.0009665,0.0012504,0.0028176,0.0059014,0.0087563,0.0079649,0.0159851,0.0131585,0.0378077,0.0430987,0.0687142,0.05439,0.0547125,
140,1e-07,0.0011128,0.0028842,0.0049464,0.0079661,0.013698,0.0172562,0.026612,0.0387811,0.0908625,0.0852333,0.0399182,0.0210462,0.0575248,
141,1e-07,0.0014772,0.0031396,0.0070107,0.0034989,0.0120032,0.0204511,0.0157966,0.0328592,0.0363584,0.0730873,0.0566902,0.0386816,0.0925894,
142,1e-07,0.0025297,0.0043262,0.0054022,0.0046998,0.0104473,0.0218952,0.0606994,0.0502319,0.1568951,0.1413582,0.1558069,0.2448063,0.2098871,
143,1e-07,0.0042981,0.0092179,0.0106984,0.0186888,0.0333764,0.0370743,0.0581535,0.046916,0.068594,0.102583,0.1319599,0.1945709,0.1925847,
144,1e-07,0.0009854,0.0012816,0.0056682,0.0055519,0.0102426,0.0136412,0.0129986,0.0213893,0.0297443,0.0714413,0.0557359,0.0214977,0.085263,
145,1e-07,0.002261,0.005757,0.0119604,0.0139168,0.0170188,0.0220391,0.028461,0.0303476,0.0371017,0.052653,0.0344384,0.039297,0.0742925,
146,1e-07,0.0021145,0.001613,0.0024102,0.0059076,0.0064193,0.0059796,0.0149132,0.0212594,0.023372,0.0409726,0.0185173,0.0252926,0.0372824,
147,0.0,0.0001215,0.0006897,0.0009558,0.0027809,0.0030576,0.0063464,0.0017884,0.0153764,0.0249024,0.0338285,0.0178859,0.0303017,0.0324697,
148,0.0,0.0009674,0.0008836,0.001113,0.0006785,0.0022839,0.001873,0.0054858,0.0071267,0.0300742,0.0253073,0.0190478,0.0468969,0.0386014,
149,0.0,0.0015115,0.0010612,0.0015142,0.001071,0.0009554,0.0020671,0.0039454,0.0049129,0.0095458,0.0487722,0.0289672,0.058942,0.0203616,
150,1e-07,0.0001239,0.0006907,0.0014436,0.0008873,0.0009974,0.0011414,0.00162,0.006129,0.0083406,0.028733,0.0202255,0.035356,0.0188747,
151,1e-07,0.000125,0.0009288,0.0013886,0.0008872,0.0007702,0.0008975,0.0018096,0.0070348,0.0122252,0.0265017,0.0259535,0.0328307,0.0259857,
152,1e-07,0.0015099,0.0006905,0.0006692,0.0010706,0.0007719,0.0012559,0.0019917,0.0082449,0.0151522,0.0273725,0.0343687,0.0230603,0.0117737,
153,1e-07,0.0001269,0.0006906,0.0015255,0.0018505,0.0009758,0.0003146,0.0013585,0.0086282,0.0080849,0.0253538,0.0121594,0.0296092,0.0221384,
154,2e-07,0.0001288,0.0004626,0.0014439,0.0008846,0.0009977,0.0003149,0.0013524,0.009697,0.0338298,0.0494397,0.0082182,0.0252941,0.0217911,
155,1e-07,0.0001286,0.0004627,0.000669,0.0010464,0.0014465,0.0003144,0.003556,0.0098275,0.0275988,0.0374703,0.0196973,0.0477947,0.0415737,
156,1e-07,0.0009565,0.0010202,0.0015259,0.0007147,0.0018562,0.0009004,0.0022981,0.0083198,0.0206078,0.0376425,0.0231322,0.0198144,0.0400082,
157,1e-07,0.0015084,0.0006899,0.0008673,0.0022594,0.0007602,0.0007708,0.003676,0.007868,0.0082217,0.044911,0.0373985,0.0374178,0.0507898,
158,1e-07,0.0009908,0.0004625,0.0013815,0.0008872,0.0015881,0.0015202,0.0053631,0.0149933,0.0236565,0.031692,0.04707,0.0521842,0.0386334,
159,1e-07,0.0010251,0.0006904,0.0008689,0.0010665,0.000995,0.00093,0.0026489,0.0109311,0.0252398,0.043765,0.0145978,0.0385465,0.0105341,
160,1e-07,0.0001222,0.0004623,0.0009007,0.0029072,0.0053528,0.005108,0.0046698,0.0066982,0.0290603,0.0446421,0.0271197,0.0035646,0.0114501,
161,1e-07,0.0011143,0.0006909,0.0011101,0.0029073,0.0055442,0.0074312,0.0084522,0.0074939,0.0299102,0.0439972,0.0296517,0.0297013,0.0286902,
162,0.0,0.0009716,0.0008831,0.0028002,0.0046887,0.0060769,0.0070114,0.0235841,0.0110683,0.0228916,0.0274673,0.0095537,0.0148483,0.0391065,
163,0.0,0.0010401,0.0079025,0.0142827,0.0179111,0.024764,0.0244533,0.0126595,0.0244297,0.0217272,0.0261427,0.0340589,0.043561,0.0512213,
164,1e-07,0.0041125,0.0085677,0.0147618,0.0189302,0.0178379,0.0181627,0.0401755,0.0164275,0.0340073,0.0162186,0.0525886,0.0766132,0.0855161,
165,1e-07,0.00225,0.0058774,0.0052777,0.0091955,0.0124961,0.0216398,0.0315524,0.0412995,0.0621195,0.050802,0.0644932,0.0750939,0.0600887,
166,1e-07,0.0013755,0.0048012,0.0044967,0.0044037,0.0182717,0.0301612,0.0389627,0.0221637,0.0423042,0.0185984,0.0414074,0.0752606,0.0506411,
167,1e-07,0.0016337,0.0048051,0.0028189,0.0057519,0.0044639,0.0077579,0.0197352,0.044994,0.0233191,0.0407112,0.0392292,0.0720723,0.0339721,
168,1e-07,0.0017615,0.005512,0.0139084,0.0214607,0.0314163,0.0348895,0.0588531,0.0610902,0.071348,0.0645973,0.1055454,0.1165632,0.064769,
169,1e-07,0.0001188,0.0055004,0.0116298,0.0250654,0.0346689,0.0466449,0.0399793,0.0322335,0.0839909,0.0383468,0.0841778,0.0846684,0.0755331,
170,1e-07,0.001315,0.0013536,0.0058926,0.0186833,0.0266935,0.0365926,0.0649818,0.0746183,0.0870208,0.0738944,0.0694654,0.0717716,0.0642347,
171,1e-07,0.0008924,0.0006918,0.0019871,0.0065088,0.0085925,0.0119543,0.0306491,0.0328057,0.0781953,0.0555437,0.0574375,0.0531471,0.0262802,
172,0.0,0.0011109,0.0024244,0.0046203,0.0076881,0.0073321,0.0092748,0.0166529,0.0150717,0.0368049,0.0409596,0.0562842,0.0467258,0.0448027,
173,0.0,0.000119,0.0004614,0.0024261,0.0017788,0.0022452,0.0040104,0.0166473,0.0328248,0.0478797,0.0455162,0.0620487,0.0432328,0.0436149,
174,0.0,0.0014148,0.0012832,0.0026448,0.0028591,0.0044449,0.0039938,0.0174075,0.053879,0.0313636,0.0487564,0.0706068,0.0294193,0.0144462,
175,0.0,0.0017023,0.0010203,0.0022455,0.0022609,0.0014743,0.0031124,0.0097368,0.0184924,0.0439304,0.0376204,0.0382493,0.03387,0.025629,
176,1e-07,0.0013522,0.0004625,0.0009642,0.0008978,0.0024218,0.0026384,0.0082995,0.0191388,0.0287831,0.0338368,0.0419932,0.0215482,0.0243209,
177,1e-07,0.000121,0.0006902,0.0009679,0.0017483,0.0007682,0.0003121,0.004929,0.0080906,0.0385529,0.0240835,0.0534618,0.0100965,0.0135302,
178,1e-07,0.0010231,0.0006903,0.0006224,0.0015695,0.000741,0.0011418,0.0103462,0.0330054,0.0642265,0.0259968,0.0606718,0.0102397,0.0522077,
179,1e-07,0.0001194,0.0018983,0.001445,0.001748,0.0007867,0.0028626,0.0057402,0.0310849,0.0815366,0.0430433,0.0557237,0.0630652,0.0337814,
180,1e-07,0.0008878,0.0018413,0.0006706,0.000689,0.0018162,0.0054894,0.0047045,0.0172366,0.035591,0.0291988,0.0528238,0.0701007,0.0499419,
181,1e-07,0.001356,0.0010614,0.0011105,0.0033535,0.0063601,0.012107,0.008151,0.0298518,0.0284565,0.0476221,0.0563622,0.0538924,0.044156,
182,1e-07,0.0010339,0.0004621,0.0009575,0.0009081,0.0017645,0.0028609,0.0074687,0.0175303,0.0222765,0.0454891,0.0737594,0.0344133,0.014799,
183,1e-07,0.0008906,0.0009278,0.0006718,0.0008943,0.0016659,0.0013824,0.0117172,0.0243262,0.0507849,0.0598664,0.1032468,0.0516598,0.0637313,
184,1e-07,0.0010378,0.0006924,0.0014432,0.0009006,0.0023268,0.0029899,0.0207875,0.0261251,0.0286203,0.0606113,0.0498196,0.0483127,0.0516869,
185,0.0,0.0021491,0.0004619,0.0006687,0.0017736,0.0034402,0.0050063,0.0212842,0.0157669,0.0485841,0.0480986,0.0398644,0.0545095,0.0324524,
186,0.0,0.0013576,0.0004622,0.0011328,0.0017567,0.0046292,0.0029471,0.0172642,0.0156315,0.0704117,0.0176439,0.0311722,0.0779124,0.0352623,
187,0.0,0.0010302,0.0019989,0.0021199,0.0015716,0.0027581,0.0051575,0.0141965,0.0474543,0.0438314,0.0704073,0.0460057,0.0688897,0.0300296,
188,1e-07,0.0013562,0.0008829,0.0039076,0.0043662,0.0096632,0.0148857,0.0121187,0.0572789,0.050269,0.0887732,0.0699338,0.0563076,0.0468941,
189,1e-07,0.0020304,0.0047123,0.0094226,0.0190523,0.0350463,0.0432495,0.0407498,0.0580727,0.0454928,0.0975201,0.0476305,0.0394742,0.0533091,
190,1e-07,0.0011116,0.005341,0.008389,0.0141709,0.0264532,0.0310924,0.0241957,0.0463978,0.0693775,0.0794219,0.1236723,0.0424548,0.0486161,
191,1e-07,0.001703,0.0023978,0.0024647,0.0065949,0.0089882,0.0100478,0.0350969,0.0721195,0.061448,0.0609671,0.0994852,0.0943525,0.0956509,
192,1e-07,0.0020255,0.001251,0.003039,0.0142727,0.0228539,0.0238944,0.0271446,0.0361304,0.0613467,0.0453547,0.0505219,0.0641057,0.1237373,
193,0.0,0.0010422,0.0018072,0.0049306,0.0099785,0.0113338,0.0218932,0.0363326,0.0685611,0.0417399,0.0292591,0.0749094,0.1429698,0.1368662,
194,0.0,0.0017111,0.0022175,0.002847,0.0024797,0.0025058,0.0051732,0.0105036,0.0509793,0.0874412,0.0678133,0.1059923,0.1035179,0.1692838,
195,0.0,0.0001184,0.0013006,0.001714,0.0006909,0.0017621,0.0057959,0.0093036,0.0414988,0.0540328,0.0489398,0.0894088,0.071978,0.1086763,
196,0.0,0.0017171,0.0013008,0.0018177,0.0008966,0.0025557,0.0019713,0.0136457,0.0191132,0.0265506,0.0225211,0.0752099,0.0808019,0.0221534,
197,1e-07,0.0001205,0.0019653,0.0014249,0.0016775,0.0026097,0.0019954,0.0081098,0.018279,0.0314845,0.0336859,0.0396197,0.0509662,0.0226009,
198,1e-07,0.0013098,0.0006941,0.0015777,0.0010733,0.0015104,0.0013485,0.0101465,0.0251332,0.0183324,0.0102761,0.0205721,0.0419768,0.0494731,
199,1e-07,0.0001228,0.0006941,0.0006368,0.0016778,0.0017617,0.0014388,0.0134345,0.0204273,0.0202551,0.0314131,0.0176132,0.0314628,0.0452802,
200,1e-07,0.000123,0.0004609,0.0006779,0.0010732,0.0021589,0.0021693,0.0025822,0.0184173,0.0098015,0.0434902,0.021652,0.0414406,0.023505,
201,1e-07,0.0015211,0.0011925,0.0006305,0.0017784,0.001025,0.0015163,0.0039197,0.0057707,0.0100002,0.0263782,0.0517412,0.0227025,0.0323612,
202,2e-07,0.0009681,0.0004611,0.0009009,0.0008965,0.0017688,0.0011721,0.0024369,0.0089395,0.0375053,0.0435901,0.0624336,0.0312999,0.0313902,
203,1e-07,0.0009702,0.0008818,0.0015796,0.0009117,0.0009872,0.0007696,0.0019834,0.0022044,0.0419151,0.0547305,0.0590649,0.0520866,0.0173066,
204,1e-07,0.0009553,0.0016007,0.0006348,0.0009113,0.0016441,0.0003153,0.0018049,0.0070945,0.0269556,0.0566588,0.0254421,0.0329604,0.0568331,
205,2e-07,0.0001267,0.0004607,0.0014161,0.0006866,0.0026158,0.0008927,0.001596,0.0032007,0.0215832,0.0398984,0.0379893,0.0286267,0.0609005,
206,2e-07,0.0001271,0.0004609,0.0015781,0.0009046,0.0009585,0.0014205,0.0007358,0.0033728,0.0209236,0.0543155,0.065614,0.017474,0.0211028,
207,1e-07,0.0001276,0.0004605,0.000677,0.0010721,0.0015867,0.0016183,0.0022904,0.0051396,0.0082655,0.0127394,0.0606109,0.0273599,0.0555371,
208,1e-07,0.0010481,0.0016009,0.0014152,0.0006841,0.0016386,0.0003161,0.0019649,0.0045737,0.0067617,0.020183,0.0299866,0.0256201,0.0538138,
209,2e-07,0.001046,0.0010617,0.0006808,0.0010797,0.0016556,0.0003164,0.0016061,0.001623,0.0127437,0.0150854,0.0137526,0.0333349,0.0379805,
210,1e-07,0.0001298,0.0004606,0.0011214,0.0006728,0.000818,0.0007654,0.0007309,0.0043873,0.0140296,0.020255,0.0151707,0.0369256,0.0281913,
211,1e-07,0.0011101,0.0010235,0.0014346,0.0010762,0.0007065,0.0007652,0.0025534,0.0043654,0.0159156,0.0227699,0.0413754,0.0368432,0.0351559,
212,2e-07,0.0009421,0.0006941,0.0006353,0.0006718,0.0007636,0.0003173,0.0029269,0.0052803,0.0117476,0.0115318,0.0219378,0.0435454,0.0640579,
213,2e-07,0.0011116,0.0004606,0.000634,0.0006714,0.0007703,0.0016839,0.0019527,0.005337,0.0181961,0.0145189,0.010782,0.0688767,0.0729391,
214,1e-07,0.0001328,0.0008822,0.0006767,0.0009139,0.0008196,0.0011357,0.0019498,0.0068039,0.0118078,0.0422456,0.014442,0.0591837,0.06405,
215,2e-07,0.0009689,0.0004599,0.0008952,0.0009255,0.0017589,0.0013413,0.0022587,0.008154,0.0189824,0.028986,0.0471262,0.030447,0.0995601,
216,2e-07,0.0001336,0.0004597,0.0015666,0.0008847,0.0007018,0.0007637,0.002421,0.0098393,0.0170734,0.0243958,0.0533534,0.0545344,0.0317367,
217,2e-07,0.0010533,0.0004598,0.0008877,0.0009111,0.0007669,0.0007635,0.0076543,0.0111135,0.0159211,0.012743,0.0494556,0.0472276,0.0288148,
218,2e-07,0.0001333,0.0006952,0.0006426,0.0008927,0.0007652,0.0016819,0.0041331,0.0160689,0.0240469,0.0296693,0.0315125,0.0260713,0.0183297,
219,1e-07,0.0001312,0.0013014,0.0006825,0.0009094,0.0008295,0.0011328,0.0046187,0.0142854,0.027193,0.0302986,0.0269352,0.0764614,0.0387031,
220,2e-07,0.0013398,0.0006954,0.0014376,0.001084,0.0020904,0.0012714,0.0029407,0.0118141,0.0221005,0.0285713,0.0269744,0.0217514,0.0429668,
221,2e-07,0.0001312,0.0013008,0.0014505,0.0017815,0.0007652,0.0007644,0.0026878,0.0091534,0.0132369,0.0472503,0.0278461,0.0774674,0.0176585,
222,2e-07,0.0009006,0.0004597,0.0008732,0.0018792,0.0021997,0.0015755,0.0025807,0.0118614,0.0372167,0.0647782,0.028196,0.0360027,0.0199723,
223,2e-07,0.0009532,0.0008796,0.0006939,0.0009026,0.0020754,0.0016803,0.0006921,0.0092842,0.0356994,0.0488264,0.0518278,0.0606588,0.0616746,
224,2e-07,0.0010595,0.0009248,0.0009254,0.0006787,0.0007286,0.00113,0.0035472,0.00958,0.0388277,0.0432141,0.0956086,0.0520415,0.0476334,
225,2e-07,0.0010604,0.0008791,0.0021313,0.0006822,0.0007852,0.0014123,0.0041697,0.0103943,0.039894,0.0398227,0.0713694,0.0663935,0.0208751,
226,2e-07,0.0010572,0.0004609,0.0018051,0.0006834,0.0007667,0.0022739,0.0028189,0.0104234,0.037598,0.0592571,0.0744857,0.0838391,0.0937232,
227,2e-07,0.0016752,0.0008793,0.0008823,0.0006852,0.0015183,0.0011305,0.0037436,0.0176827,0.0249237,0.0450198,0.0411692,0.0606488,0.0777983,
228,2e-07,0.0017325,0.0004609,0.0021348,0.000686,0.0015118,0.0028942,0.0044943,0.0085638,0.0281494,0.0353929,0.0311505,0.053587,0.0767064,
229,2e-07,0.0014896,0.0010622,0.0008949,0.0006836,0.0008227,0.0015759,0.000763,0.0145582,0.0185537,0.0141615,0.0560082,0.0462107,0.0529804,
230,2e-07,0.001057,0.0006957,0.0018027,0.0008969,0.0016519,0.0015776,0.0050351,0.0184844,0.0122541,0.0200016,0.0569037,0.0508569,0.0843782,
231,2e-07,0.0017301,0.0004607,0.0018063,0.0014619,0.0007636,0.0011313,0.0057305,0.0046892,0.0252534,0.0135985,0.0370727,0.0553772,0.0877498,
232,2e-07,0.0013845,0.002062,0.0019111,0.0006849,0.0016519,0.0009443,0.0027125,0.016186,0.0287813,0.0340024,0.0697132,0.053898,0.0630503,
233,1e-07,0.0013846,0.0004602,0.0009246,0.0006823,0.0017755,0.0011318,0.004732,0.0126654,0.0417175,0.0152181,0.0608843,0.069253,0.0444334,
234,1e-07,0.001056,0.0004603,0.000891,0.0006821,0.0016552,0.0015462,0.007628,0.0135945,0.0394238,0.0182128,0.0382224,0.0498626,0.1028,
235,1e-07,0.001381,0.0004603,0.0008931,0.0014598,0.0008334,0.0023421,0.0070806,0.029323,0.0409972,0.0569344,0.0761687,0.0728189,0.0938224,
236,1e-07,0.001429,0.0004598,0.0018001,0.0006816,0.0007227,0.0020627,0.0066076,0.0256506,0.0580536,0.0867348,0.0939424,0.10624,0.0731213,
237,1e-07,0.0014254,0.0013561,0.0008959,0.0008987,0.0022992,0.0024001,0.0079177,0.0240819,0.0263396,0.0419213,0.0555407,0.0633402,0.0499982,
238,1e-07,0.0013792,0.0004601,0.000922,0.0006805,0.0008012,0.0012529,0.0199373,0.0065442,0.0130779,0.0208899,0.0158027,0.0420758,0.067204,
239,1e-07,0.000123,0.0004603,0.0006801,0.000683,0.0017768,0.0007721,0.0052307,0.0117812,0.0196473,0.0315332,0.0103444,0.0524223,0.0333802,
240,1e-07,0.002462,0.0004608,0.0015765,0.0010688,0.0017286,0.0012541,0.0047734,0.0123134,0.025717,0.0321771,0.0144755,0.0547873,0.0287911,
241,2e-07,0.0001227,0.0012999,0.0009372,0.0015746,0.0007943,0.0014148,0.006288,0.0324663,0.0178052,0.0274674,0.0329012,0.0483756,0.0592887,
242,2e-07,0.0010502,0.0013556,0.0009399,0.0009003,0.0008154,0.0028982,0.0049022,0.0177189,0.0125255,0.0228639,0.022782,0.0457367,0.0661869,
243,2e-07,0.0014801,0.0016026,0.0006901,0.000687,0.0007444,0.0014149,0.0058434,0.0406636,0.0269594,0.0154883,0.0470966,0.0747548,0.1072905,
244,2e-07,0.0014818,0.0004617,0.0008889,0.0017686,0.0016391,0.0021671,0.0073124,0.02584,0.0561796,0.0505759,0.0346309,0.0969889,0.1247731,
245,2e-07,0.0013698,0.0010623,0.0018252,0.0008913,0.0009875,0.0008912,0.0090073,0.0334355,0.0594943,0.0533757,0.0590481,0.1158545,0.1360846,
246,2e-07,0.0014778,0.0006943,0.0008973,0.0008906,0.0020738,0.0018756,0.0087096,0.0175939,0.0587216,0.0560678,0.0498671,0.0828762,0.1093603,
247,2e-07,0.0010453,0.0004616,0.000945,0.0010692,0.0007375,0.002279,0.0115062,0.0122556,0.0283457,0.0464896,0.0493384,0.0333505,0.086246,
248,2e-07,0.0017239,0.0004621,0.0008967,0.0008964,0.0015033,0.0036248,0.0094487,0.0159981,0.0164318,0.0368453,0.0517555,0.0545867,0.0815519,
249,2e-07,0.0001257,0.000462,0.0006848,0.0008946,0.0009923,0.0022874,0.0045549,0.0153505,0.0188682,0.0280286,0.0258778,0.017235,0.0231622,
250,2e-07,0.000127,0.0006943,0.001517,0.0017795,0.001761,0.0011471,0.0060027,0.0150001,0.0334995,0.0305731,0.0360388,0.0225247,0.0410091,
251,2e-07,0.0001279,0.0010211,0.0006154,0.0010699,0.0016384,0.0003171,0.007693,0.028328,0.0337174,0.0829017,0.0589126,0.0521573,0.0560998,
252,2e-07,0.0011119,0.0004619,0.0009295,0.0010599,0.0007599,0.0003173,0.0024161,0.0364045,0.0551672,0.1296858,0.0717512,0.047737,0.0519666,
253,2e-07,0.0009465,0.0004613,0.000684,0.0017579,0.0016227,0.000764,0.0028098,0.0189644,0.0442673,0.0421209,0.0693234,0.0329124,0.069521,
254,2e-07,0.0011105,0.0004612,0.0008859,0.0006785,0.0017622,0.0008957,0.0024279,0.010677,0.0101983,0.0415504,0.0718824,0.0400947,0.0351629,
255,2e-07,0.0001308,0.0008801,0.0019125,0.0017586,0.0017582,0.0011462,0.0015919,0.0132483,0.0309497,0.015435,0.0398405,0.0484751,0.0137948,
256,2e-07,0.0012914,0.0010617,0.0006857,0.0015516,0.0016385,0.0011471,0.0025447,0.0201813,0.0433964,0.0441067,0.0449838,0.0625493,0.0663078,
257,2e-07,0.0001323,0.0009265,0.0009321,0.0016785,0.0020689,0.0016837,0.0017991,0.0072972,0.0383265,0.0488543,0.0384857,0.0519598,0.0253251,
258,2e-07,0.0009404,0.000461,0.0006214,0.001078,0.00162,0.001338,0.0056434,0.0081816,0.0307335,0.0641527,0.0415962,0.0616456,0.0542265,
259,2e-07,0.001344,0.0004609,0.0014085,0.001078,0.0008086,0.0003177,0.0025561,0.0017567,0.01935,0.0228466,0.0250659,0.0634977,0.0783086,
260,2e-07,0.0009466,0.0006949,0.0015709,0.0009077,0.0010243,0.0011315,0.0028035,0.0062045,0.0192885,0.0288397,0.0215698,0.0538898,0.0651005,
261,2e-07,0.0013486,0.000461,0.0006204,0.0010733,0.0010215,0.002285,0.0021486,0.0111471,0.0142992,0.018012,0.0150211,0.0169328,0.0667887,
262,2e-07,0.0014898,0.0010621,0.0021351,0.0008993,0.0009588,0.0011444,0.0026986,0.017131,0.0126506,0.0171081,0.0565613,0.0329383,0.0187014,
263,2e-07,0.0015235,0.0010624,0.0015391,0.0010743,0.0010256,0.0003175,0.0039949,0.0117225,0.0186373,0.0099473,0.0300943,0.038417,0.0529177,
264,2e-07,0.0010519,0.0016084,0.001442,0.0009029,0.0008169,0.000317,0.0016046,0.0040255,0.0143388,0.0340074,0.0256383,0.0332572,0.0540427,
265,2e-07,0.0011082,0.0010228,0.0015211,0.0018693,0.001852,0.0003167,0.0031649,0.0067083,0.011943,0.0253751,0.0407473,0.0416696,0.0372884,
266,2e-07,0.0009519,0.0004601,0.0008819,0.0010776,0.0007242,0.0014146,0.0025756,0.0116101,0.022145,0.0331231,0.0398705,0.0303762,0.0297672,
267,2e-07,0.0001291,0.00046,0.0015271,0.0014493,0.0016658,0.0003169,0.0019777,0.0062863,0.0177092,0.0434673,0.0105447,0.0338442,0.0546677,
268,2e-07,0.0001275,0.00046,0.0006347,0.0008986,0.0017795,0.0013423,0.0019655,0.0063606,0.0333766,0.0264492,0.0198327,0.0356677,0.0706704,
269,2e-07,0.0011063,0.00046,0.001414,0.0018758,0.0016711,0.0008891,0.0013804,0.0110043,0.0258051,0.0250694,0.0283815,0.0298122,0.0588124,
270,2e-07,0.000952,0.0011916,0.0015608,0.0006757,0.0007879,0.0003165,0.0022673,0.0049762,0.017736,0.0231562,0.0597783,0.0446415,0.0332305,
271,1e-07,0.0010579,0.0008812,0.0014375,0.0006741,0.0007864,0.0003161,0.0030079,0.0053972,0.0213873,0.0731998,0.0825362,0.0450369,0.0481124,
272,1e-07,0.0010584,0.0006955,0.0009176,0.0010837,0.0016803,0.0011873,0.003512,0.0176422,0.0130562,0.0743449,0.077594,0.059762,0.0658649,
273,1e-07,0.0011056,0.0004592,0.0014491,0.0009006,0.000711,0.0013798,0.0019659,0.0232981,0.0273052,0.0455396,0.0504769,0.0561042,0.0409334,
274,1e-07,0.0009505,0.0006966,0.0009314,0.00109,0.0010427,0.0013427,0.0057453,0.0186663,0.0252216,0.0519017,0.0493937,0.0371594,0.0443596,
275,1e-07,0.0001289,0.0004589,0.0006794,0.0006714,0.0008425,0.0011333,0.0026811,0.0152777,0.0211361,0.0489935,0.0725331,0.0735902,0.112545,
276,1e-07,0.0001302,0.0004589,0.0011056,0.0006702,0.0007843,0.0015181,0.001352,0.0114371,0.0398367,0.0318614,0.0455564,0.0428743,0.1244035,
277,1e-07,0.0001316,0.0015116,0.0006551,0.0009128,0.0007604,0.0003161,0.0045436,0.0114677,0.0511259,0.0337642,0.0334487,0.100958,0.1291204,
278,0.0,0.0009547,0.0006951,0.0006589,0.0006667,0.0006861,0.0007682,0.0036314,0.0324896,0.067545,0.0219342,0.0358737,0.0860458,0.1113934,
279,1e-07,0.0001314,0.0006947,0.0006556,0.0006701,0.0010096,0.0008934,0.0050165,0.010735,0.0138949,0.0392145,0.0703303,0.0599111,0.0426919,
280,1e-07,0.0009616,0.0008828,0.0006735,0.000674,0.0007625,0.0009384,0.0035282,0.0116337,0.0177215,0.0246207,0.054597,0.0928503,0.0548302,
281,1e-07,0.0001301,0.0004594,0.0011096,0.0009203,0.0007643,0.0003157,0.0015715,0.0085871,0.0092086,0.0340886,0.0569845,0.0459347,0.0657072,
282,1e-07,0.0001301,0.0008828,0.000913,0.0008818,0.0009528,0.0008959,0.0017782,0.0098257,0.0205915,0.0193998,0.0582222,0.0834615,0.0730378,
283,0.0,0.0001297,0.0008836,0.0006698,0.0009158,0.0010599,0.0011693,0.0026757,0.0259251,0.0255524,0.0302472,0.0548777,0.1101086,0.1209622,
284,0.0,0.0001284,0.0009255,0.0009054,0.001878,0.0009439,0.0011832,0.0025459,0.0113893,0.0310274,0.0135984,0.0534854,0.0924555,0.1070718,
285,0.0,0.0013084,0.000459,0.001438,0.0017746,0.000991,0.0011484,0.0031475,0.0078818,0.0305417,0.0442721,0.0501746,0.0957482,0.1080478,
286,1e-07,0.000962,0.0010617,0.0014357,0.0008957,0.001049,0.0013465,0.0026877,0.0118518,0.0165569,0.0271725,0.0557507,0.0742671,0.0809342,
287,1e-07,0.0010502,0.002064,0.0009164,0.0006802,0.001677,0.0003148,0.0021425,0.0080957,0.0215604,0.0238548,0.0547599,0.0719105,0.0407454,
288,1e-07,0.0013547,0.0004601,0.0020204,0.0006846,0.0016736,0.0008925,0.0035608,0.0237017,0.0416961,0.0511831,0.0690528,0.0691994,0.0720111,
289,1e-07,0.0009689,0.0010228,0.0009144,0.0006767,0.0017105,0.0016808,0.0058977,0.021714,0.0446529,0.0505611,0.0461311,0.0406543,0.0263357,
290,1e-07,0.0008928,0.0004607,0.0014222,0.0006904,0.0009894,0.0008935,0.0044509,0.0125849,0.0257603,0.0063231,0.0267978,0.0387893,0.0252922,
291,1e-07,0.0001255,0.0004609,0.0014228,0.0009174,0.0007736,0.0008945,0.0022748,0.0039561,0.0177861,0.0417578,0.0235402,0.0341366,0.0287939,
292,1e-07,0.0001254,0.0010616,0.0006768,0.0009033,0.0009966,0.0011493,0.0007012,0.0153638,0.0346628,0.0242523,0.0449231,0.0505065,0.1049129,
293,2e-07,0.0010393,0.0006929,0.0006263,0.0010738,0.0007676,0.0008957,0.0010979,0.0201055,0.0409165,0.0268982,0.0512473,0.0533379,0.1108998,
294,2e-07,0.001036,0.0011935,0.0009161,0.0015608,0.0020574,0.0016831,0.0011125,0.0084737,0.03256,0.033761,0.0296777,0.0285477,0.0286321,
295,1e-07,0.000127,0.0016006,0.0008804,0.0010623,0.0014743,0.0009355,0.000754,0.004161,0.0032104,0.0281117,0.0380405,0.0380446,0.0237244,
296,1e-07,0.0001283,0.0006926,0.000676,0.0010773,0.0007627,0.0003157,0.0007489,0.0101806,0.0080547,0.0181202,0.0329242,0.0312683,0.0459265,
297,2e-07,0.0001291,0.0006923,0.0009169,0.0008889,0.0010363,0.0003161,0.0010994,0.0101287,0.0068715,0.0238829,0.0492351,0.079546,0.0669311,
298,1e-07,0.0008908,0.0006918,0.0014178,0.0010605,0.0010116,0.0013463,0.0007194,0.0082444,0.0097946,0.0202525,0.0323087,0.0562783,0.0450008,
299,1e-07,0.0010352,0.000692,0.0009102,0.0006958,0.002072,0.0007658,0.0011001,0.0039319,0.0115589,0.0171613,0.0521175,0.0646045,0.027713,
300,2e-07,0.000943,0.0009277,0.0008827,0.001065,0.0016468,0.0007641,0.0018021,0.0037086,0.0180266,0.0302275,0.0232509,0.094808,0.0599021,
301,2e-07,0.0016176,0.0016568,0.0006288,0.000886,0.0016148,0.0007633,0.0030129,0.0090546,0.0163272,0.0255158,0.0484198,0.0878711,0.0637057,
302,2e-07,0.0001327,0.0006911,0.0006298,0.0015492,0.001003,0.0009025,0.0031566,0.0300205,0.0631255,0.025705,0.0615124,0.0915763,0.0705195,
303,2e-07,0.0009889,0.0008828,0.0009069,0.0010566,0.0007746,0.0003157,0.0010955,0.0138367,0.0459097,0.030541,0.0406049,0.0398331,0.0516697,
304,1e-07,0.0008876,0.0011957,0.0014079,0.0017897,0.0007476,0.0015911,0.0018304,0.0140604,0.0268115,0.0363151,0.0355844,0.0373736,0.0548757,
305,1e-07,0.0008869,0.0008833,0.0006321,0.001075,0.0010196,0.0009311,0.0053773,0.0037747,0.0144099,0.0218355,0.0208289,0.0298768,0.054407,
306,1e-07,0.0009964,0.0011967,0.0006342,0.001548,0.0010242,0.001143,0.0077234,0.0075275,0.0116668,0.0316962,0.0441268,0.0171596,0.0419237,
307,1e-07,0.0025091,0.0029989,0.0030477,0.001761,0.0022699,0.0079294,0.0145032,0.0647535,0.0303262,0.0304002,0.0146797,0.0381877,0.0350096,
308,1e-07,0.0008927,0.0033551,0.0015564,0.0037845,0.0058284,0.002419,0.020124,0.0360546,0.0436179,0.0278307,0.0422885,0.0784473,0.0270471,
309,1e-07,0.0015235,0.0010613,0.0014404,0.0026004,0.0026269,0.0044753,0.0123241,0.0245235,0.0368889,0.020465,0.0323798,0.0492355,0.0416034,
310,1e-07,0.0011118,0.0004601,0.0020911,0.0022659,0.0008414,0.0036016,0.0041769,0.0156546,0.0161181,0.0213932,0.0477224,0.0156361,0.0146054,
311,1e-07,0.000125,0.0022814,0.0006607,0.0018699,0.0010577,0.0011532,0.002951,0.0140004,0.0126577,0.0153248,0.0439511,0.0170964,0.0452317,
312,1e-07,0.0011132,0.0009278,0.0009342,0.0016784,0.0009997,0.0014386,0.0039351,0.0072416,0.0107522,0.0314118,0.0484566,0.022558,0.0086418,
313,1e-07,0.0010321,0.0004604,0.0008838,0.0010852,0.0010064,0.0007724,0.002444,0.0062707,0.0129128,0.0202712,0.0647013,0.0194508,0.0338348,
314,1e-07,0.0016253,0.0004606,0.0009421,0.0009385,0.0006909,0.001964,0.0027799,0.0100533,0.0033777,0.0311832,0.0395335,0.0330192,0.0436469,
315,0.0,0.0010262,0.0006901,0.0008825,0.0009382,0.0018844,0.0008998,0.0050408,0.0141357,0.0075631,0.0310286,0.010068,0.0366734,0.0510713,
316,0.0,0.00151,0.0006901,0.0006493,0.0008818,0.0007686,0.0011642,0.0019209,0.0135435,0.015217,0.029137,0.0267978,0.0397576,0.0331383,
317,0.0,0.0001284,0.0006887,0.0013971,0.0010572,0.0007542,0.0017548,0.0091196,0.0284593,0.0322396,0.0306452,0.0441465,0.0373589,0.030372,
318,0.0,0.0001296,0.0006892,0.0006515,0.0008802,0.0015847,0.0009254,0.006549,0.0155222,0.0215915,0.0248241,0.0347061,0.0160816,0.0216894,
319,0.0,0.0010221,0.0006887,0.0006562,0.0009203,0.0007707,0.0003137,0.005483,0.005685,0.0153136,0.0184205,0.042866,0.0355963,0.0431042,
320,0.0,0.0010212,0.0004616,0.0019811,0.0006693,0.0007722,0.0011437,0.0035313,0.0175271,0.0242711,0.0168842,0.0191562,0.0365898,0.0156708,
321,0.0,0.0010174,0.0006886,0.0006568,0.0017958,0.0008133,0.0014387,0.0105277,0.0246902,0.0211013,0.0281881,0.0321442,0.0851669,0.0845854,
322,0.0,0.0001329,0.0004615,0.0006489,0.0010583,0.0006944,0.0014387,0.0016397,0.0107675,0.0221376,0.0227193,0.0447955,0.0512058,0.0955327,
323,0.0,0.0001334,0.0009297,0.0009425,0.0006667,0.0010352,0.0003145,0.0024204,0.0040415,0.0228797,0.0293148,0.0457705,0.0252538,0.0719809,
324,1e-07,0.0013651,0.0006889,0.0006599,0.0009216,0.0007761,0.000315,0.0006791,0.0052432,0.0232253,0.0208952,0.0210628,0.0303504,0.0658681,
325,1e-07,0.0001366,0.0004617,0.000875,0.0008779,0.0006993,0.0012717,0.0011353,0.015406,0.0236621,0.0154957,0.0252352,0.0273184,0.0513559,
326,1e-07,0.0013288,0.0011975,0.0006431,0.0008428,0.000726,0.0014626,0.0011407,0.0118456,0.0222529,0.0183948,0.0650236,0.0376225,0.0325972,
327,1e-07,0.0013288,0.0004616,0.0009345,0.0008424,0.0010135,0.0009097,0.0017642,0.0079764,0.0174499,0.0310392,0.0875469,0.0428031,0.0152949,
328,1e-07,0.000143,0.0006891,0.0011093,0.0021331,0.0021015,0.0011552,0.0011066,0.0091584,0.0159236,0.0305674,0.073282,0.0433475,0.0416509,
329,2e-07,0.0011197,0.0011973,0.0006367,0.0022569,0.0007142,0.0003178,0.001902,0.0230501,0.0156092,0.0230497,0.0819773,0.0732825,0.0303949,
330,2e-07,0.0009965,0.0008835,0.0006384,0.0017284,0.0021031,0.0003177,0.002542,0.0187644,0.0179465,0.0542013,0.0563691,0.0701875,0.0445148,
331,2e-07,0.000994,0.0004614,0.0009462,0.0008792,0.0016363,0.0016145,0.0013441,0.0182058,0.0245627,0.0614823,0.0470777,0.0790806,0.0650707,
332,1e-07,0.0001387,0.0008842,0.0006667,0.0016209,0.0020187,0.0011418,0.0020913,0.0186318,0.0240644,0.034,0.0158014,0.0453344,0.0306918,
333,1e-07,0.0009937,0.0004612,0.0008959,0.0008792,0.0009861,0.0009315,0.0011357,0.0051989,0.0073427,0.0079759,0.0150717,0.0314367,0.0155649,
334,1e-07,0.000994,0.0004612,0.0008919,0.0010872,0.0006956,0.0003155,0.0017828,0.0050092,0.0104834,0.0151993,0.0338015,0.0352307,0.0343157,
335,0.0,0.0013269,0.0006892,0.0011108,0.0009246,0.0007748,0.0007643,0.0011422,0.0060637,0.0105604,0.0261246,0.0402853,0.0326836,0.0734741,
336,0.0,0.0009972,0.0010228,0.0015977,0.0008456,0.001014,0.0011606,0.0007542,0.0063406,0.0121108,0.0298013,0.0250427,0.0682222,0.0367203,
337,0.0,0.0001355,0.0006887,0.0006546,0.0007078,0.0010144,0.0011604,0.0011382,0.0035532,0.0086518,0.0251479,0.0468047,0.0336909,0.0342562,
338,1e-07,0.000135,0.0004613,0.0006513,0.00084,0.0010443,0.001257,0.0010886,0.005514,0.0090096,0.0344097,0.0759525,0.0632131,0.0181728,
339,1e-07,0.000136,0.0004615,0.000873,0.0009622,0.0010475,0.0007681,0.0011485,0.0128647,0.0228465,0.0211727,0.0617004,0.0438837,0.0280608,
340,0.0,0.0008839,0.001022,0.0006546,0.0008727,0.0010543,0.0007658,0.0017417,0.0174139,0.0517177,0.0712971,0.0826435,0.045386,0.0704575,
341,0.0,0.0013318,0.0004612,0.0006559,0.000708,0.000986,0.0009246,0.0010893,0.0096121,0.0324816,0.0426078,0.0588505,0.0418301,0.0438791,
342,0.0,0.0008856,0.0004612,0.0006545,0.0008396,0.0010505,0.0011454,0.0017548,0.0044413,0.0259633,0.0448281,0.0347339,0.0159514,0.0169765,
343,0.0,0.0009978,0.0004608,0.0008794,0.0006604,0.0006812,0.0014394,0.0010942,0.0069133,0.0160407,0.0328893,0.0468914,0.0415462,0.0320222,
344,0.0,0.001327,0.0011979,0.0009386,0.0008773,0.0016751,0.0011433,0.0018442,0.0016106,0.0200454,0.0103936,0.0284558,0.0488172,0.043382,
345,0.0,0.0001389,0.0006901,0.0008882,0.0009291,0.0008207,0.0015939,0.0011422,0.0043698,0.0170819,0.0035708,0.0418076,0.0425652,0.0178935,
346,1e-07,0.0001412,0.0004605,0.0011088,0.0006572,0.0006774,0.0011594,0.0029723,0.007866,0.019378,0.0083377,0.022562,0.0299861,0.0337402,
347,1e-07,0.0013252,0.0004604,0.0011109,0.0008479,0.0006816,0.0011723,0.0011472,0.0044,0.0188811,0.0316595,0.0496768,0.0317364,0.0215659,
348,1e-07,0.0009951,0.0010612,0.0006482,0.0008769,0.0007786,0.0003168,0.0015744,0.0038051,0.0166148,0.0165484,0.0586641,0.0133355,0.0315479,
349,1e-07,0.0001436,0.0004609,0.0015836,0.0008421,0.001019,0.0003173,0.0007496,0.0022994,0.0121318,0.0259072,0.0707997,0.0686789,0.0298318,
350,1e-07,0.0013262,0.0010226,0.000885,0.0010712,0.0014128,0.0011716,0.0017788,0.0056434,0.0211544,0.0464678,0.0787618,0.0754678,0.0304935,
351,2e-07,0.0013258,0.0006903,0.0009027,0.0008471,0.0006898,0.0003182,0.0026653,0.0088916,0.0561507,0.0576151,0.0915761,0.0854926,0.0619102,
352,2e-07,0.0009891,0.0013024,0.0011164,0.0014337,0.0010171,0.0012772,0.0026711,0.0147028,0.0345555,0.054618,0.0654169,0.0552974,0.0509774,
353,2e-07,0.0013245,0.0006908,0.0011153,0.0006572,0.0008072,0.001172,0.003574,0.003045,0.0406309,0.0256134,0.0325372,0.0229085,0.0414632,
354,1e-07,0.0016046,0.0010239,0.0006492,0.0006558,0.0015385,0.0014642,0.002825,0.009883,0.0362131,0.0299527,0.0182541,0.0234868,0.0511058,
355,1e-07,0.0001453,0.0004599,0.0009024,0.0006558,0.0006794,0.0014653,0.0018058,0.0139772,0.0278838,0.0077729,0.0256197,0.0296551,0.0568332,
356,1e-07,0.0001469,0.0004596,0.0015554,0.0008784,0.0007207,0.0011398,0.0020136,0.0069153,0.0420282,0.0404629,0.0351002,0.0250258,0.0368613,
357,1e-07,0.0009903,0.0004598,0.0015761,0.001505,0.0007169,0.001617,0.0036452,0.0104246,0.017217,0.031814,0.0290232,0.0292322,0.0624654,
358,1e-07,0.0009135,0.0004594,0.0009225,0.0006891,0.0007794,0.001358,0.0039302,0.0147414,0.0279965,0.0584911,0.0461881,0.0456538,0.0652302,
359,1e-07,0.0008905,0.0004597,0.0011014,0.0022223,0.0006639,0.0011428,0.0063549,0.0286168,0.0269158,0.0466818,0.0357951,0.0641437,0.0706099,
360,1e-07,0.0009951,0.0004601,0.0016947,0.0010771,0.0006699,0.0003171,0.0062317,0.0113709,0.0249436,0.0454385,0.026327,0.0760654,0.0657763,
361,0.0,0.0013284,0.0004601,0.0006621,0.0014253,0.0017094,0.0007591,0.0066638,0.0222787,0.0282577,0.0388099,0.0548081,0.0802245,0.0623999,
362,1e-07,0.0009991,0.0004601,0.0009332,0.0009401,0.0007103,0.001356,0.0039892,0.0167648,0.0097635,0.042802,0.031323,0.0413505,0.0665148,
363,1e-07,0.0013288,0.0008861,0.0011094,0.000937,0.0007822,0.0012648,0.0046766,0.0175413,0.034275,0.0591008,0.0329811,0.0460908,0.0456837,
364,1e-07,0.0001466,0.0016126,0.0009401,0.0006554,0.0006764,0.0003172,0.0024326,0.0129422,0.0372315,0.0307528,0.0595743,0.0495483,0.0358473,
365,1e-07,0.0013319,0.0004608,0.000656,0.0006538,0.0014508,0.0013462,0.0015317,0.0128523,0.054729,0.0557427,0.0968759,0.0619226,0.026797,
366,1e-07,0.0010032,0.0004609,0.0008812,0.0006554,0.0007853,0.0012761,0.001807,0.0171454,0.0589705,0.0614864,0.0919029,0.056678,0.0195473,
367,1e-07,0.0010024,0.0004611,0.0006484,0.0008344,0.0006849,0.0003177,0.0024544,0.0062121,0.0222748,0.0465345,0.0288104,0.0294062,0.0510595,
368,1e-07,0.0001468,0.0010613,0.0009426,0.0008312,0.0006837,0.0013561,0.0020006,0.0069308,0.0445868,0.043085,0.017568,0.0332695,0.0326077,
369,1e-07,0.0010079,0.0004617,0.0015518,0.0008301,0.000688,0.0014581,0.0019956,0.007978,0.0274606,0.0372718,0.0192754,0.0458236,0.0138262,
370,1e-07,0.0008853,0.0017821,0.00066,0.0008288,0.0015365,0.0011556,0.0020273,0.0162159,0.0208389,0.0481686,0.0496852,0.038595,0.0097612,
371,1e-07,0.0001456,0.0010213,0.0006413,0.0006616,0.0007849,0.0014397,0.0027093,0.0039238,0.0320564,0.0388706,0.0520136,0.0626587,0.0300872,
372,1e-07,0.0001433,0.0008853,0.0013919,0.0008355,0.0007151,0.0003168,0.0017918,0.0099566,0.024889,0.0452058,0.0710256,0.0346179,0.0319829,
373,1e-07,0.0001411,0.000462,0.0006382,0.0010557,0.0007822,0.0009293,0.0052498,0.0124008,0.0209981,0.0711478,0.0578609,0.0133808,0.0306588,
374,1e-07,0.0001393,0.0006884,0.0008864,0.0022556,0.0007803,0.0009282,0.0038379,0.0207756,0.0265829,0.0488329,0.0242314,0.0334135,0.0575146,
375,1e-07,0.0012812,0.0004622,0.0006615,0.0010819,0.0014653,0.0012602,0.0010858,0.0229853,0.0133635,0.0438167,0.0396219,0.0422407,0.0632415,
376,1e-07,0.0010037,0.0004623,0.0006606,0.0009199,0.0009901,0.0015284,0.0011342,0.019055,0.0235952,0.0252952,0.0360264,0.0631369,0.0717891,
377,1e-07,0.0001344,0.0004626,0.0006327,0.0006714,0.0007121,0.0003149,0.000692,0.0414816,0.024507,0.0347658,0.0409589,0.0528516,0.1245682,
378,1e-07,0.000135,0.0006884,0.0016094,0.0009159,0.0020199,0.0007642,0.0042774,0.0153623,0.0269772,0.023122,0.0219084,0.04113,0.0745101,
379,1e-07,0.0015032,0.0004629,0.0009502,0.0008372,0.0007943,0.0007651,0.0007729,0.0144474,0.0284475,0.0121344,0.0245161,0.0258246,0.036201,
380,1e-07,0.0013352,0.0004626,0.0015384,0.0017172,0.0014613,0.0011571,0.0019285,0.0177762,0.020034,0.0154057,0.0242982,0.0354989,0.0329815,
381,1e-07,0.0001392,0.0013015,0.0009644,0.0006672,0.0009979,0.0003154,0.0019758,0.0044596,0.0183139,0.0319303,0.032793,0.0195905,0.0486972,
382,1e-07,0.0015025,0.0006873,0.000642,0.0009647,0.0010015,0.0003157,0.0027918,0.0180466,0.016122,0.0412603,0.046735,0.0304697,0.0603381,
383,1e-07,0.0001423,0.0006879,0.000952,0.0008722,0.001693,0.0012717,0.002632,0.0049828,0.027911,0.0566379,0.0631348,0.0374717,0.0399472,
384,1e-07,0.0010116,0.0004618,0.0006532,0.0015048,0.0014426,0.0009249,0.003605,0.01717,0.0407394,0.0316733,0.0195994,0.0626127,0.0469985,
385,0.0,0.0001441,0.0006879,0.0008749,0.0016822,0.000999,0.0011564,0.0020267,0.0222157,0.0210987,0.0155305,0.0402983,0.06005,0.0552832,
386,0.0,0.000926,0.0009299,0.0006533,0.0010652,0.0010682,0.0007614,0.0051915,0.0175556,0.035576,0.0171335,0.0512743,0.0965288,0.0475045,
387,0.0,0.0009252,0.0004605,0.0008821,0.0009699,0.0009918,0.00135,0.0049392,0.0153383,0.0208249,0.0403522,0.1008297,0.0982914,0.0398831,
388,0.0,0.0016127,0.0008859,0.0006632,0.0009362,0.0010248,0.0014589,0.0063662,0.0229258,0.020259,0.029244,0.0939442,0.0440645,0.0281332,
389,1e-07,0.000141,0.0004598,0.0006681,0.0009367,0.0007753,0.0011592,0.0040381,0.0104565,0.0208072,0.026086,0.0362894,0.0227527,0.0411544,
390,1e-07,0.0009922,0.0010253,0.0008915,0.0008765,0.0015309,0.0003154,0.0011516,0.0133447,0.0169143,0.0414588,0.0151819,0.0344504,0.0437354,
391,0.0,0.0009266,0.0004598,0.0019117,0.0014266,0.000669,0.0019045,0.0007496,0.0059622,0.0235552,0.0495444,0.0094719,0.0334665,0.0338265,
392,0.0,0.0001396,0.0004601,0.0015913,0.0009325,0.0010535,0.0003157,0.0011465,0.0037988,0.030312,0.0609769,0.0230634,0.0549254,0.0254781,
393,0.0,0.0008876,0.0004605,0.0006556,0.0017276,0.0009864,0.001758,0.0024447,0.0113173,0.0214776,0.0364044,0.0340848,0.077915,0.041712,
394,0.0,0.0010004,0.0013037,0.0008811,0.0006583,0.0006765,0.0022628,0.0060821,0.0086152,0.0206646,0.0414091,0.0341411,0.052538,0.0430223,
395,0.0,0.0008855,0.000688,0.0009491,0.0010929,0.0014153,0.0011577,0.0031559,0.0065175,0.0167854,0.0369448,0.0423019,0.0217105,0.0601372,
396,0.0,0.0010072,0.0006879,0.000873,0.0009683,0.0016862,0.002078,0.0036006,0.0021391,0.0183234,0.0183877,0.044254,0.0234225,0.023204,
397,0.0,0.0001403,0.0009307,0.0016069,0.0014191,0.0016899,0.0003149,0.0040489,0.0085267,0.0285121,0.0395145,0.060208,0.0398738,0.0333015,
398,0.0,0.000141,0.0006867,0.0018925,0.000968,0.000692,0.0007647,0.0066708,0.0152787,0.0303298,0.0660579,0.0382478,0.0274869,0.0412613,
399,0.0,0.0001387,0.0008861,0.0006525,0.0010846,0.0007798,0.0011572,0.003785,0.0173134,0.0463563,0.0244599,0.0266808,0.0372542,0.0208278,
400,0.0,0.0001371,0.0013026,0.0008691,0.0007152,0.0007775,0.0009231,0.003172,0.0183351,0.0369439,0.0404282,0.0629511,0.0474459,0.0155103,
401,0.0,0.0001351,0.0004619,0.0008717,0.0008368,0.0017066,0.0011598,0.001786,0.0144901,0.0075099,0.0250425,0.0372386,0.0351395,0.0446141,
402,0.0,0.0008828,0.0004623,0.0009647,0.0017987,0.0009834,0.0007683,0.0051914,0.021709,0.0304849,0.0401711,0.0362358,0.046802,0.0595447,
403,0.0,0.0001323,0.000462,0.0006495,0.0017399,0.001882,0.0017548,0.0028554,0.0195651,0.045915,0.0282763,0.0391566,0.0312391,0.0583304,
404,1e-07,0.0010039,0.0008862,0.0008691,0.0006652,0.0007414,0.0012657,0.002748,0.0048371,0.0480702,0.0279058,0.0443225,0.0301596,0.0461222,
405,1e-07,0.000131,0.0004613,0.0008749,0.0009534,0.0017253,0.0011469,0.0038635,0.0106768,0.0137768,0.027527,0.0510776,0.0321569,0.0791967,
406,1e-07,0.0001307,0.000461,0.0008649,0.0007037,0.0009662,0.0011729,0.0036022,0.0095228,0.0241996,0.0311788,0.031403,0.0093583,0.0397886,
407,1e-07,0.0016253,0.0006878,0.0006478,0.0007012,0.0006762,0.0013567,0.0040343,0.0231618,0.0281416,0.0413699,0.0515254,0.0465912,0.0434475,
408,1e-07,0.0013265,0.0006889,0.0011017,0.0008479,0.0020481,0.0015235,0.0024327,0.0272172,0.0381878,0.0412638,0.0495932,0.0398636,0.0494564,
409,1e-07,0.0008881,0.00046,0.000951,0.0014313,0.0007691,0.0007699,0.0018103,0.0147318,0.0364091,0.054012,0.0427785,0.0480209,0.0536882,
410,1e-07,0.0008892,0.0004595,0.0008715,0.0009309,0.0016728,0.0007695,0.0018211,0.020576,0.028182,0.0487654,0.0608595,0.0407665,0.0624884,
411,1e-07,0.000986,0.0019429,0.000875,0.0006559,0.0010334,0.0011744,0.0019809,0.0158566,0.0178827,0.0386725,0.0438909,0.0272437,0.0410243,
412,1e-07,0.0008913,0.0004591,0.000878,0.0006564,0.0007651,0.0007701,0.0007419,0.0117728,0.0094673,0.0294473,0.0284785,0.0226047,0.0412073,
413,1e-07,0.0021691,0.0004587,0.0010903,0.0006558,0.0006605,0.00077,0.0007378,0.0040305,0.0033922,0.039558,0.0477838,0.0466362,0.0367035,
414,1e-07,0.000975,0.0006918,0.0010912,0.0015244,0.0015612,0.0011419,0.0007104,0.0082028,0.0208837,0.0342987,0.058315,0.0437006,0.0627398,
415,1e-07,0.0009737,0.000692,0.0008853,0.0009404,0.0015589,0.0009299,0.0007323,0.0063214,0.0112491,0.0602904,0.0495065,0.0500978,0.0555822,
416,1e-07,0.0001294,0.0010251,0.0006539,0.0009413,0.0009459,0.0011659,0.0019884,0.0101791,0.0089328,0.0581496,0.0282351,0.0211907,0.0517334,
417,1e-07,0.000891,0.0006905,0.0006666,0.000662,0.0009483,0.0013727,0.0010965,0.0137556,0.0048016,0.0273796,0.0259632,0.018678,0.0415573,
418,1e-07,0.000129,0.0011971,0.0015857,0.0006889,0.0009537,0.0009287,0.001128,0.0046513,0.0159588,0.0126131,0.0277228,0.0342683,0.0302553,
419,0.0,0.0001288,0.0010608,0.0008856,0.0010718,0.0016735,0.001165,0.0010932,0.004551,0.0108085,0.0184905,0.0274185,0.0264144,0.0202241,
420,0.0,0.0010314,0.0004604,0.0008904,0.0006651,0.0009623,0.0011646,0.00155,0.004554,0.0093295,0.0207295,0.0441296,0.0285533,0.0222151,
421,0.0,0.0013229,0.0004608,0.0006483,0.0006975,0.000967,0.0003145,0.000687,0.0050325,0.0090588,0.0189251,0.019091,0.0311021,0.0780882,
422,1e-07,0.0001314,0.0013023,0.000664,0.0006679,0.0007711,0.0007662,0.0019713,0.0064374,0.0065729,0.0307426,0.039605,0.0360711,0.0427567,
423,1e-07,0.0015106,0.0009286,0.000665,0.0009418,0.0007012,0.0013485,0.001761,0.0079498,0.0046968,0.0203373,0.0234718,0.0180543,0.0196285,
424,1e-07,0.001026,0.0008837,0.0009493,0.0018461,0.0007058,0.0011534,0.0017628,0.0169166,0.035284,0.0297113,0.0309201,0.0416875,0.0356045,
425,1e-07,0.0010228,0.0006899,0.0006364,0.001058,0.0010585,0.000316,0.0025088,0.0111309,0.0294632,0.0464494,0.0519811,0.0372699,0.0473407,
426,1e-07,0.0001345,0.0006895,0.0008746,0.0007059,0.000776,0.0003154,0.0024349,0.0176846,0.0207266,0.0498127,0.0443694,0.031766,0.0772998,
427,1e-07,0.0008866,0.0010611,0.0008944,0.0010797,0.0010547,0.0016168,0.001541,0.0135919,0.0167176,0.0227197,0.0203962,0.035406,0.0471916,
428,1e-07,0.0001311,0.0009289,0.0009344,0.0014512,0.0007061,0.0011415,0.0021058,0.0102077,0.0066195,0.0132292,0.0189742,0.0357671,0.0481789,
429,1e-07,0.0001303,0.0004615,0.0006669,0.0008836,0.0007721,0.0003149,0.001767,0.0094122,0.0194935,0.0129673,0.0310497,0.0781301,0.0579423,
430,1e-07,0.0009867,0.0010225,0.0015421,0.0010626,0.0007566,0.0011413,0.0024037,0.0081049,0.0156136,0.0267689,0.0335172,0.0669231,0.0902454,
431,0.0,0.0012952,0.0004609,0.0006627,0.0017065,0.0008232,0.0011656,0.0024034,0.0033068,0.0153547,0.0269462,0.0226752,0.0377708,0.0481422,
432,0.0,0.0010339,0.0004604,0.0006628,0.0006684,0.0008286,0.0013721,0.0035282,0.0067235,0.0140584,0.003639,0.0199519,0.0284935,0.0225891,
433,0.0,0.0008905,0.0004601,0.0006555,0.0009347,0.0016723,0.0003138,0.0032423,0.0050575,0.0184619,0.0100729,0.0341897,0.015347,0.0388615,
434,0.0,0.0010379,0.0010243,0.0006603,0.0010778,0.0007645,0.0011667,0.0019688,0.0018484,0.0116741,0.0281468,0.0191778,0.0186659,0.0291906,
435,1e-07,0.0008931,0.0010252,0.0008947,0.0006821,0.0009493,0.0011411,0.0011251,0.0052417,0.0087756,0.0448627,0.0231864,0.0235896,0.0572684,
436,1e-07,0.0014867,0.0004591,0.0010974,0.0010846,0.0010189,0.0007689,0.0006951,0.004997,0.0086854,0.0291548,0.0207262,0.0383768,0.0703321,
437,1e-07,0.0015191,0.001992,0.0014257,0.0009396,0.0016633,0.0007684,0.0010991,0.0066842,0.0150416,0.0331317,0.0323276,0.0257583,0.0788026,
438,1e-07,0.001609,0.0004583,0.0008911,0.0010929,0.0008537,0.0011663,0.0011291,0.0075481,0.0169811,0.011561,0.0284331,0.0404429,0.07228,
439,1e-07,0.0001349,0.0006927,0.0008943,0.0006748,0.0010249,0.0011399,0.001115,0.003281,0.0148143,0.0215777,0.0254918,0.032381,0.079605,
440,1e-07,0.0009758,0.0016089,0.0008914,0.0006563,0.0010278,0.001369,0.0011265,0.0045367,0.0185858,0.0428686,0.0334776,0.0334579,0.0720811,
441,0.0,0.0009756,0.000459,0.0006644,0.0018784,0.0007663,0.0003153,0.0006975,0.0050017,0.0124748,0.0377771,0.0327371,0.025005,0.0600469,
442,0.0,0.0009405,0.0004593,0.0006622,0.0010823,0.0010204,0.0011527,0.0017966,0.0049622,0.0069266,0.0268589,0.0252834,0.0376033,0.0594364,
443,0.0,0.0001317,0.0010248,0.000895,0.0010934,0.0007658,0.000315,0.0011246,0.0030357,0.0101057,0.0333949,0.0413315,0.0521976,0.0725368,
444,0.0,0.0010393,0.0004599,0.0014229,0.001543,0.0006892,0.0007667,0.0015834,0.0056864,0.0069232,0.0358329,0.0451758,0.0678951,0.0340756,
445,1e-07,0.0009784,0.0008834,0.0021077,0.0006891,0.0008245,0.0014389,0.0015624,0.0022246,0.0174357,0.0226878,0.0574633,0.019746,0.0366421,
446,1e-07,0.0009809,0.0006916,0.0009348,0.0009366,0.0007706,0.0007646,0.0011275,0.0030447,0.0114778,0.0172456,0.0401684,0.0407459,0.0637893,
447,1e-07,0.0001342,0.0004606,0.0009364,0.0008648,0.0010594,0.0011382,0.0006968,0.0052667,0.0133443,0.0182292,0.0424039,0.0526358,0.0463054,
448,1e-07,0.000136,0.0004609,0.0006715,0.001087,0.0009802,0.0007613,0.001124,0.0060329,0.0159202,0.0539056,0.0472521,0.0603015,0.0289599,
449,1e-07,0.0013228,0.000461,0.0006692,0.0010859,0.0010369,0.0013649,0.0015897,0.0077507,0.011578,0.0338733,0.0702428,0.0419518,0.028403,
450,1e-07,0.0001348,0.0010612,0.0011045,0.0014803,0.0008145,0.0007641,0.0017835,0.0036768,0.0106854,0.0200934,0.0691843,0.0309678,0.0324919,
451,1e-07,0.0009348,0.0006906,0.0006644,0.0010698,0.0009788,0.0007628,0.0019851,0.0028608,0.0198973,0.0171514,0.0190661,0.0041939,0.0298985,
452,1e-07,0.0009906,0.0011964,0.0014421,0.0010911,0.0007384,0.0003157,0.0010959,0.0023026,0.0055711,0.0097554,0.0418866,0.0105626,0.0377976,
453,1e-07,0.0013232,0.0004607,0.0009403,0.0016799,0.0007447,0.0009041,0.0006876,0.0055666,0.0065862,0.0151858,0.0348597,0.0183319,0.0143454,
454,0.0,0.0001329,0.0006904,0.0008835,0.0009233,0.0010308,0.0003142,0.0010875,0.0065316,0.0126045,0.0247097,0.0330039,0.0278833,0.032115,
455,0.0,0.000987,0.0004602,0.0016966,0.0008584,0.0016786,0.0011426,0.0011329,0.0074273,0.0173861,0.0189616,0.0622668,0.0188729,0.0443419,
456,1e-07,0.0008892,0.0004602,0.0006546,0.0009462,0.000682,0.0009023,0.0010817,0.0069491,0.0252169,0.021718,0.0234042,0.0086585,0.0243874,
457,1e-07,0.0010285,0.0004601,0.0008775,0.0006633,0.001868,0.0011646,0.0006838,0.0126787,0.0252906,0.0210405,0.0204495,0.0271492,0.0260632,
458,1e-07,0.0011151,0.0004603,0.000663,0.0006646,0.0010167,0.001145,0.0016321,0.0203826,0.0171175,0.023212,0.0208273,0.0283158,0.0137292,
459,1e-07,0.0001268,0.0006894,0.0008689,0.0010896,0.0009514,0.0014385,0.0039888,0.0254248,0.0131219,0.0322247,0.0368602,0.0473934,0.0373937,
460,1e-07,0.0001261,0.0006882,0.0013939,0.0015249,0.0018614,0.0011646,0.005208,0.0291255,0.0317406,0.0257449,0.0385131,0.016409,0.039774,
461,1e-07,0.0010192,0.0006885,0.0008771,0.0014441,0.0009572,0.0009023,0.004097,0.0185521,0.0087001,0.0269254,0.0448652,0.0262142,0.0445024,
462,1e-07,0.0009956,0.0006888,0.0009569,0.0008785,0.0009589,0.0003118,0.005703,0.0184881,0.0161208,0.0306554,0.0374658,0.0178394,0.0200248,
463,1e-07,0.0001295,0.0004605,0.0013988,0.0008518,0.0010243,0.0009246,0.0026668,0.0088017,0.0188907,0.0253284,0.0413989,0.018695,0.0208737,
464,1e-07,0.000991,0.0004601,0.0006667,0.0009262,0.0006746,0.0011453,0.0031519,0.0181441,0.016738,0.0126245,0.0096361,0.0498715,0.0206503,
465,1e-07,0.0009917,0.0004602,0.0014041,0.0009265,0.0010311,0.0007699,0.0006945,0.0142565,0.0148071,0.0379833,0.0533614,0.0196448,0.0091131,
466,1e-07,0.0001325,0.0004599,0.0014086,0.0010955,0.0016696,0.0014634,0.0021516,0.0070744,0.0131478,0.0325898,0.0294668,0.0419332,0.0360011,
467,1e-07,0.0001334,0.0004598,0.0006625,0.0008806,0.0015767,0.0012676,0.001769,0.0023386,0.01101,0.0170919,0.0196332,0.0385973,0.0314238,
468,0.0,0.001323,0.0004601,0.000658,0.0006609,0.0010355,0.0009294,0.0010948,0.0042111,0.0085262,0.0215286,0.0095342,0.0416752,0.0352905,
469,0.0,0.000135,0.0006907,0.0009282,0.0010936,0.0008267,0.0003153,0.0011037,0.0040681,0.0061576,0.0175493,0.0110794,0.0302208,0.0310211,
470,1e-07,0.000891,0.00046,0.0014182,0.0009492,0.0007723,0.0011632,0.0011034,0.0039991,0.0133779,0.020448,0.0230573,0.0239337,0.0278727,
471,1e-07,0.0011141,0.0008843,0.0009273,0.0009254,0.0006827,0.0017588,0.0011061,0.0080732,0.0041902,0.017869,0.029914,0.0076556,0.0289623,
472,1e-07,0.0011131,0.000692,0.0015515,0.0009238,0.0007706,0.0003164,0.0015635,0.0056939,0.0197294,0.0206752,0.0340583,0.0174219,0.0272854,
473,1e-07,0.0010425,0.0006924,0.001104,0.0006596,0.0007697,0.0007629,0.0021078,0.0033539,0.0147513,0.0242044,0.0627235,0.032141,0.0398671,
474,1e-07,0.0001376,0.0010251,0.0006708,0.0006602,0.0010755,0.000317,0.0030296,0.0124037,0.0223055,0.05134,0.1304408,0.0499289,0.0289121,
475,1e-07,0.0013396,0.0011946,0.0010945,0.0006614,0.0010219,0.0012716,0.0036269,0.0223971,0.0215167,0.0426937,0.0930057,0.0479665,0.0228955,
476,1e-07,0.0008948,0.0004595,0.0015717,0.0010822,0.0007684,0.0007642,0.0026768,0.0168137,0.0373636,0.027927,0.0611874,0.1019275,0.0120927,
477,1e-07,0.001345,0.000884,0.0009129,0.0008713,0.0010229,0.0003158,0.0013298,0.0059893,0.0278594,0.0427248,0.0384254,0.0350323,0.0160515,
478,0.0,0.000893,0.0010244,0.0006564,0.0010807,0.0007689,0.0011396,0.0006973,0.0027538,0.0094569,0.0278133,0.0282147,0.0326021,0.0225157,
479,0.0,0.0001355,0.0008848,0.0011017,0.0009455,0.0007692,0.0020317,0.0018044,0.0039763,0.0115753,0.0275142,0.0423328,0.0325814,0.038546,
480,0.0,0.0001364,0.0006903,0.0006594,0.0015477,0.0007702,0.0003155,0.0018304,0.0053112,0.0204053,0.0210314,0.0344545,0.040931,0.0222995,
481,0.0,0.0001365,0.0010613,0.0009273,0.0010994,0.0007704,0.0009296,0.0011358,0.0062973,0.0254464,0.0166449,0.0442649,0.0345062,0.0200216,
482,1e-07,0.0009883,0.0006902,0.0009382,0.000853,0.0007701,0.000928,0.0016261,0.0070329,0.0171824,0.0235107,0.031055,0.0305848,0.0344195,
483,1e-07,0.0013252,0.0004601,0.0008863,0.0006953,0.0009715,0.0009269,0.0007504,0.0087197,0.0256063,0.0316985,0.0585417,0.0442462,0.0390299,
484,1e-07,0.0013249,0.0006895,0.0009305,0.0009608,0.0009716,0.0009075,0.0022634,0.0141365,0.018997,0.0188463,0.0168429,0.0458206,0.0667405,
485,1e-07,0.0013245,0.00069,0.0011006,0.0015908,0.0006671,0.0009281,0.0015758,0.0120915,0.0186283,0.0337581,0.0262662,0.0281882,0.0675929,
486,1e-07,0.0013227,0.0004593,0.0008941,0.0009346,0.0007707,0.0014627,0.0019489,0.014879,0.0052464,0.0243029,0.0198099,0.0368218,0.0335867,
487,1e-07,0.001321,0.0004592,0.0006562,0.0008563,0.0014481,0.0003155,0.0018138,0.0157315,0.0230956,0.0228285,0.0360603,0.0504727,0.0284298,
488,1e-07,0.0001362,0.0006912,0.0009194,0.0020475,0.001037,0.0013669,0.0019659,0.0030405,0.0167481,0.021854,0.0432542,0.0286366,0.0288651,
489,1e-07,0.0013179,0.0004586,0.0006714,0.0008833,0.0007501,0.0007657,0.0011343,0.0086889,0.023553,0.0490773,0.0416772,0.0582858,0.0188887,
490,0.0,0.0001392,0.0004585,0.0009114,0.0019224,0.0010409,0.0016235,0.0007035,0.0178206,0.0102055,0.0261355,0.0556922,0.0529278,0.0674173,
491,0.0,0.0013182,0.0006914,0.0008992,0.0009321,0.0006659,0.0003162,0.0015602,0.0113607,0.0146137,0.0290676,0.0371917,0.0628168,0.0653404,
492,0.0,0.0009825,0.0004592,0.0006611,0.0017711,0.0007724,0.0003166,0.0018001,0.0066637,0.021655,0.056977,0.0691547,0.0583701,0.029103,
493,1e-07,0.0008918,0.0008855,0.0009236,0.0008796,0.0006741,0.0012726,0.0019137,0.0040096,0.0166989,0.0450672,0.0565717,0.051598,0.033892,
494,1e-07,0.0009845,0.0008852,0.0008936,0.0006876,0.0007314,0.0007604,0.0019138,0.0202393,0.0277045,0.0275634,0.048766,0.059302,0.0240908,
495,1e-07,0.0001418,0.0010241,0.0010987,0.0010986,0.0008208,0.0011517,0.0041021,0.0068992,0.029855,0.0322385,0.0381525,0.098776,0.0313039,
496,1e-07,0.0009792,0.000692,0.0008977,0.0010851,0.0014264,0.0011754,0.0035876,0.0165918,0.0320099,0.0664711,0.057073,0.0753744,0.0634804,
497,1e-07,0.0009752,0.0011953,0.0009143,0.0011023,0.0006752,0.0007595,0.0041196,0.0227763,0.0515957,0.0809482,0.0762696,0.1404097,0.0734909,
498,1e-07,0.000975,0.0006925,0.0009015,0.0010896,0.0006711,0.000904,0.0038454,0.017832,0.0310648,0.0439914,0.0758977,0.0936333,0.0461321,
499,1e-07,0.0009721,0.0008846,0.0009034,0.0010916,0.0007685,0.0011651,0.0024478,0.0036223,0.0354926,0.0588518,0.0370375,0.0624339,0.0515667,
500,0.0,0.0009713,0.0006925,0.0006645,0.0009291,0.0014469,0.0011654,0.0029596,0.0066695,0.0115887,0.036395,0.047557,0.03385,0.0852854,
501,0.0,0.0008962,0.0004581,0.0006635,0.0015967,0.0010911,0.0011783,0.0024592,0.0134806,0.0103238,0.0372652,0.0478589,0.0221828,0.0671225,
502,0.0,0.0001356,0.0010619,0.0010946,0.0009284,0.0006636,0.0003157,0.0017981,0.0089997,0.0218473,0.0601338,0.0206945,0.0387121,0.0940938,
503,1e-07,0.0013114,0.0004581,0.0008995,0.0015869,0.0006671,0.0009343,0.0026994,0.0106486,0.0159625,0.0424007,0.0490153,0.0791922,0.080895,
504,1e-07,0.0013104,0.0006925,0.0008973,0.000926,0.0007605,0.0015423,0.0027021,0.0036568,0.0187372,0.0590638,0.0294363,0.0263797,0.0464586,
505,1e-07,0.00105,0.0010267,0.0009073,0.000671,0.000937,0.0007707,0.0025628,0.0063527,0.0203397,0.0425355,0.0147129,0.0106106,0.046391,
506,1e-07,0.0001292,0.0008854,0.00109,0.0009246,0.0007779,0.0011684,0.0015793,0.0058963,0.0234201,0.0171907,0.0302963,0.0113303,0.0512057,
507,1e-07,0.0008954,0.000458,0.000905,0.0015351,0.0015064,0.001169,0.0017768,0.0010559,0.0149047,0.0122525,0.0195629,0.0135374,0.0517232,
508,2e-07,0.0008941,0.0006916,0.000654,0.0006592,0.0016818,0.0011416,0.0011206,0.0040688,0.0041695,0.0332616,0.0126263,0.0171262,0.0498557,
509,1e-07,0.0001267,0.0006923,0.0006731,0.0010972,0.0007588,0.0011688,0.0011041,0.0022212,0.0041885,0.0079527,0.0262713,0.0394191,0.0302827,
510,1e-07,0.0011087,0.0010609,0.0008903,0.0009281,0.0007581,0.000931,0.0010986,0.0086516,0.00578,0.0203615,0.0241925,0.0364054,0.0340833,
511,2e-07,0.0001253,0.0006928,0.0009021,0.000921,0.001675,0.0013788,0.0007253,0.0074387,0.0107171,0.0373727,0.0106485,0.0322645,0.0249105,
512,2e-07,0.0001247,0.0004587,0.0008985,0.0009304,0.0009925,0.0007757,0.0016062,0.0107522,0.0170708,0.0375499,0.0072974,0.0297623,0.0326025,
513,1e-07,0.0009689,0.0004589,0.000897,0.0016954,0.0009892,0.0009303,0.0013632,0.0185918,0.0285169,0.033845,0.0034229,0.0415859,0.0205653,
514,1e-07,0.0011093,0.000693,0.000889,0.0006749,0.001512,0.0009303,0.0037876,0.0113424,0.040672,0.0358627,0.0194414,0.0360203,0.0201807,
515,2e-07,0.0009684,0.0004586,0.0008832,0.0015873,0.0009233,0.0011706,0.002669,0.016979,0.0361184,0.0368259,0.0173819,0.0151889,0.0179952,
516,1e-07,0.0011103,0.0017296,0.0006555,0.0009245,0.0016419,0.0032538,0.0019445,0.0294734,0.0194806,0.0427423,0.028858,0.0103815,0.0027518,
517,1e-07,0.0009668,0.0006919,0.0016664,0.0009134,0.0006855,0.0011835,0.0184108,0.0255311,0.0142561,0.0375352,0.0359076,0.0415642,0.0145974,
518,2e-07,0.0001213,0.0006928,0.0011043,0.0019304,0.0015364,0.0039245,0.0200241,0.0183115,0.0237508,0.021943,0.0242084,0.0152551,0.0443572,
519,2e-07,0.0013132,0.0006923,0.0019103,0.002843,0.0043528,0.0027593,0.0158105,0.0352801,0.0323469,0.0331817,0.0212616,0.0368628,0.0629265,
520,1e-07,0.0001204,0.0018365,0.0021196,0.0026194,0.0064746,0.0084008,0.008311,0.0512932,0.0181578,0.0474517,0.0126895,0.0551386,0.0642851,
521,2e-07,0.0020445,0.000926,0.0052736,0.0091015,0.0100217,0.019412,0.0217141,0.036412,0.0212815,0.0299053,0.0457527,0.0703433,0.0364455,
522,1e-07,0.0011083,0.0004589,0.0008924,0.0006759,0.0053695,0.0032373,0.007721,0.0309051,0.0253516,0.0088944,0.052223,0.019096,0.0534252,
523,2e-07,0.0013085,0.0015978,0.0008895,0.0010902,0.0023659,0.0048402,0.0128856,0.0227356,0.0235427,0.0381039,0.0341647,0.031857,0.0668305,
524,2e-07,0.0001218,0.0006932,0.0006597,0.0009129,0.0022595,0.0036334,0.0167301,0.0279282,0.0225507,0.0576749,0.052393,0.0781784,0.0468624,
525,2e-07,0.001425,0.0004579,0.0009053,0.0010939,0.0023292,0.0003117,0.0139219,0.0230884,0.0254094,0.1008155,0.0750234,0.0855711,0.0513235,
526,2e-07,0.001055,0.0004578,0.0008894,0.0006661,0.0006725,0.0011741,0.0076345,0.0254023,0.0379883,0.0921418,0.0554021,0.0510576,0.0572989,
527,2e-07,0.0010493,0.0008852,0.0009185,0.0008979,0.0008822,0.0012598,0.0066899,0.0199492,0.0304002,0.0584984,0.069443,0.0349244,0.0574749,
528,2e-07,0.0008985,0.0006932,0.0010981,0.0006602,0.0007504,0.0027267,0.0044798,0.0381866,0.013423,0.0492482,0.0486779,0.0559965,0.0558788,
529,2e-07,0.0013783,0.0013799,0.0010736,0.0019078,0.001591,0.0031134,0.0044493,0.0291187,0.0380136,0.0531737,0.0588278,0.0926396,0.0763448,
530,2e-07,0.0001253,0.0011962,0.0017703,0.0016894,0.0018246,0.0043393,0.0094417,0.0269606,0.0389635,0.0606673,0.0457097,0.0726762,0.0887436,
531,2e-07,0.0009552,0.0006935,0.0008914,0.0016917,0.0009844,0.002222,0.0073072,0.0191344,0.0188418,0.0506318,0.0185434,0.0689363,0.0726634,
532,2e-07,0.001307,0.0012502,0.0010709,0.001439,0.0007532,0.0009295,0.0052137,0.0065282,0.0219775,0.0296974,0.0238086,0.0555827,0.0356277,
533,2e-07,0.0009599,0.0006932,0.0010995,0.0016982,0.0016678,0.0007756,0.0027995,0.0096482,0.0209517,0.0593632,0.0439633,0.0145467,0.0600687,
534,2e-07,0.0009566,0.0006927,0.0009194,0.0018017,0.0009988,0.0003121,0.003147,0.0142789,0.022768,0.0461794,0.0574693,0.0246124,0.0535228,
535,2e-07,0.0009542,0.000694,0.0008871,0.0009307,0.0006449,0.0007755,0.0015736,0.0230248,0.0285184,0.051692,0.0654434,0.0340528,0.0365258,
536,2e-07,0.0009568,0.0008865,0.0010964,0.001794,0.001623,0.0011397,0.00212,0.0056974,0.0109771,0.0177357,0.0466514,0.0286766,0.033324,
537,2e-07,0.0008985,0.0013551,0.0008883,0.0009343,0.0016256,0.0007739,0.0029105,0.008049,0.0187115,0.0136402,0.0417897,0.0279988,0.0610285,
538,2e-07,0.0013047,0.0006943,0.0008921,0.0006546,0.0014847,0.0009332,0.0007322,0.0103159,0.0380899,0.0236926,0.0445048,0.055623,0.0487875,
539,2e-07,0.0001312,0.0008854,0.0014565,0.0006554,0.000879,0.0015881,0.0007121,0.0287639,0.0288694,0.0440862,0.0226737,0.0431706,0.0683517,
540,1e-07,0.001307,0.0006933,0.0010793,0.0011078,0.0007876,0.0007724,0.0021129,0.0227413,0.0036484,0.0506654,0.0748653,0.0588233,0.0112082,
541,1e-07,0.0013072,0.0013803,0.001665,0.0006598,0.001776,0.0016329,0.001939,0.0250998,0.0183312,0.0420398,0.0482052,0.0810059,0.0334038,
542,1e-07,0.0009538,0.0004569,0.0006631,0.0006582,0.0007567,0.0003143,0.0019604,0.0266072,0.0102883,0.0226251,0.0810937,0.0439121,0.0496066,
543,1e-07,0.0015262,0.0004573,0.0014418,0.0011052,0.0006638,0.0014387,0.0013528,0.0179492,0.0308494,0.0458759,0.0223153,0.0375718,0.031841,
544,1e-07,0.0009436,0.0004574,0.0006626,0.0008876,0.0010037,0.0011379,0.0015865,0.0174204,0.0171941,0.0453748,0.0287021,0.0394547,0.0296071,
545,1e-07,0.0010534,0.0004576,0.0008951,0.0006661,0.0006617,0.0007711,0.0015717,0.0138955,0.0116502,0.0419938,0.0453139,0.0463373,0.017446,
546,1e-07,0.0009636,0.0006932,0.0006568,0.000656,0.0015489,0.0011401,0.0007034,0.0086159,0.0281953,0.0330005,0.0549523,0.0358307,0.0154259,
547,2e-07,0.0013429,0.0004571,0.0008869,0.0009298,0.0010959,0.0014386,0.0007214,0.0051702,0.0217659,0.05256,0.0390189,0.0360702,0.008757,
548,2e-07,0.0009641,0.0006929,0.0008827,0.001586,0.0018534,0.0011687,0.0007243,0.0014391,0.0267077,0.0204431,0.0217056,0.0059375,0.012128,
549,2e-07,0.0001288,0.0004573,0.0008772,0.0017034,0.000757,0.0011426,0.002133,0.0155786,0.047823,0.0282602,0.0331687,0.0306331,0.0304694,
550,2e-07,0.0013124,0.0006919,0.001075,0.0009415,0.000756,0.0020312,0.0035147,0.0187063,0.0325968,0.0325242,0.0173054,0.045805,0.0583814,
551,2e-07,0.0009715,0.0008877,0.0009056,0.0009438,0.0007579,0.0014388,0.0042059,0.0136562,0.0253158,0.0164446,0.0205667,0.0503792,0.0949695,
552,2e-07,0.0009704,0.0004579,0.0006874,0.0008877,0.001497,0.0011681,0.0032284,0.02252,0.0159258,0.0405116,0.0358094,0.0402694,0.0969758,
553,2e-07,0.0009693,0.0012498,0.0008728,0.0014204,0.0015407,0.0009268,0.0066672,0.0300502,0.027477,0.0626036,0.0492146,0.0287973,0.0599777,
554,2e-07,0.0001255,0.0004579,0.0014146,0.0015982,0.0015426,0.0012501,0.0059456,0.0097696,0.0280876,0.0445052,0.0072701,0.0355871,0.0301824,
555,2e-07,0.0009745,0.0006912,0.0008996,0.0009268,0.0007576,0.0012614,0.0067359,0.0022925,0.0215714,0.0375213,0.0127902,0.0276834,0.0336014,
556,2e-07,0.0001246,0.0018419,0.0008746,0.0006595,0.0009259,0.0017636,0.0075023,0.0153943,0.0173584,0.0232766,0.024075,0.0395512,0.0560953,
557,2e-07,0.0010421,0.0004581,0.0008693,0.0014257,0.0018446,0.0019684,0.0086248,0.0196179,0.0088238,0.0344035,0.0327524,0.0710625,0.0557624,
558,2e-07,0.001315,0.0004586,0.0021597,0.0009233,0.0007564,0.0009244,0.0154156,0.0100291,0.0121384,0.052016,0.0265091,0.0554565,0.0448194,
559,2e-07,0.0001226,0.0006907,0.0015292,0.0006783,0.0007561,0.0011694,0.015319,0.0116842,0.0164471,0.0382103,0.0388071,0.0235695,0.0302532,
560,2e-07,0.0001224,0.0004582,0.0008728,0.0006616,0.0016272,0.0008924,0.0068249,0.0090341,0.0095131,0.0143464,0.0320411,0.0405541,0.0230663,
561,2e-07,0.0008931,0.0009263,0.0008677,0.0015921,0.0022738,0.0035058,0.0091719,0.0049062,0.0152454,0.028455,0.0492666,0.0374469,0.0284652,
562,2e-07,0.000121,0.0006913,0.001773,0.0015913,0.0029503,0.0040766,0.0154563,0.0147969,0.0103321,0.032233,0.0722291,0.0281777,0.0284727,
563,2e-07,0.001109,0.0009262,0.0016502,0.0010865,0.0017951,0.0034222,0.0163816,0.0134658,0.0248509,0.0294243,0.0245235,0.0443475,0.0185771,
564,2e-07,0.0008946,0.0006914,0.0009015,0.0006632,0.0014959,0.002899,0.010954,0.0271304,0.0480056,0.0317945,0.0403196,0.03628,0.041211,
565,2e-07,0.0015212,0.0009254,0.0009032,0.0010928,0.00164,0.0020336,0.00539,0.0096141,0.0477648,0.0372626,0.0465949,0.0280968,0.0426151,
566,2e-07,0.000123,0.0004576,0.0008752,0.0014481,0.0009822,0.0012481,0.00228,0.0134522,0.0279408,0.0456335,0.071523,0.0388906,0.0257215,
567,2e-07,0.0009646,0.0004577,0.0009055,0.0010963,0.0017052,0.0014384,0.0040075,0.0185853,0.0239083,0.0515427,0.0146468,0.0207806,0.0571112,
568,2e-07,0.001108,0.0004572,0.0015447,0.0009255,0.0006554,0.0011421,0.0025743,0.0055278,0.0211765,0.0546719,0.0189504,0.0227473,0.0456411,
569,2e-07,0.0009593,0.0004573,0.0009095,0.0015807,0.0016576,0.0027449,0.0022737,0.0128734,0.0171368,0.02073,0.005719,0.0350235,0.0366373,
570,2e-07,0.0001243,0.0004576,0.0008841,0.0009216,0.000916,0.0011715,0.0022768,0.0065702,0.0272574,0.0254424,0.0299734,0.0529507,0.0665984,
571,2e-07,0.0013083,0.0010271,0.0008855,0.0011032,0.000987,0.0011713,0.0027866,0.0118125,0.0296389,0.0366343,0.016508,0.046498,0.0483001,
572,2e-07,0.0009565,0.0004572,0.0014328,0.0009242,0.000753,0.0009314,0.0019767,0.0151989,0.0445321,0.0422053,0.0200474,0.0312772,0.0149076,
573,2e-07,0.0001249,0.0004575,0.0006815,0.0006623,0.0016235,0.0015114,0.0025781,0.0064442,0.0179967,0.0245102,0.0276763,0.0294436,0.0668522,
574,2e-07,0.0009586,0.0009248,0.0015507,0.0009207,0.0009194,0.0012511,0.0019751,0.0132146,0.0278568,0.0173656,0.0337548,0.0106896,0.0604474,
575,2e-07,0.0011068,0.0004572,0.0008946,0.0009234,0.0009162,0.0014386,0.002275,0.0115448,0.026884,0.0135199,0.0133189,0.0070356,0.0147432,
576,2e-07,0.0001264,0.0004573,0.0010944,0.0006601,0.0016228,0.0011736,0.0042198,0.0158252,0.0174867,0.0245263,0.0503572,0.0442942,0.0491456,
577,1e-07,0.0001264,0.0013822,0.0006622,0.0010981,0.0009185,0.0007752,0.0026677,0.0080901,0.0399023,0.0592151,0.0536792,0.0302361,0.0564586,
578,1e-07,0.001059,0.0010269,0.0009015,0.0014399,0.0016515,0.00217,0.0048351,0.0023578,0.0247014,0.016349,0.0469719,0.0224723,0.0497865,
579,1e-07,0.0001287,0.0013037,0.0009049,0.000919,0.0009818,0.0019112,0.0073604,0.0184149,0.0413176,0.0338881,0.0407443,0.0284506,0.0469494,
580,1e-07,0.0011052,0.0006953,0.0009052,0.0006585,0.0009754,0.0019117,0.0097074,0.0393003,0.0322411,0.0505846,0.0382445,0.0543389,0.0629533,
581,1e-07,0.0009525,0.0008839,0.0009055,0.0008999,0.0017141,0.000936,0.0103369,0.0437105,0.0646388,0.1147601,0.1442582,0.1001043,0.0245887,
582,1e-07,0.0011062,0.0006949,0.0009063,0.0010936,0.0006842,0.0011366,0.0098875,0.0197757,0.0288216,0.0614258,0.106001,0.0777542,0.0556906,
583,1e-07,0.0001255,0.0006956,0.0009108,0.0006648,0.0010096,0.0020397,0.013508,0.0273052,0.0461403,0.0838736,0.0746842,0.0172147,0.0288329,
584,1e-07,0.0001247,0.0004585,0.0009042,0.0016785,0.0017039,0.0011353,0.0078808,0.0311595,0.0423412,0.0834498,0.0677496,0.0213304,0.0348207,
585,1e-07,0.0014259,0.0013552,0.0015589,0.0009084,0.0018092,0.0039595,0.0123882,0.0242067,0.019202,0.0522075,0.0661226,0.0438913,0.0309322,
586,1e-07,0.0009597,0.0004589,0.0009,0.0006739,0.0008559,0.0027109,0.0030529,0.0114521,0.015695,0.0344297,0.04282,0.0328953,0.0304163,
587,1e-07,0.0011073,0.0004588,0.0006625,0.0009155,0.0021232,0.0022006,0.0146871,0.0071106,0.031987,0.0159889,0.0252528,0.0289418,0.04143,
588,1e-07,0.0001224,0.0004592,0.0009197,0.001791,0.0017458,0.0011391,0.0031446,0.024941,0.0224034,0.022484,0.0621757,0.0467979,0.0625712,
589,1e-07,0.0010491,0.0004594,0.0015502,0.000896,0.0015507,0.0041835,0.0154688,0.0231736,0.0354474,0.0338251,0.0893727,0.0303257,0.062602,
590,0.0,0.00131,0.0008833,0.000667,0.0016866,0.0009788,0.001948,0.0133518,0.0214974,0.0221004,0.0518448,0.0189439,0.0550067,0.0636252,
591,0.0,0.0008976,0.001608,0.0020171,0.0006733,0.0007582,0.0011729,0.003144,0.013295,0.0427092,0.0264702,0.0389885,0.0501697,0.1012395,
592,1e-07,0.0001261,0.0004587,0.0006668,0.0017743,0.0009318,0.0011373,0.0031488,0.0099803,0.022168,0.0320027,0.0231174,0.0412469,0.0535063,
593,1e-07,0.0001262,0.0006938,0.0009012,0.0006737,0.0010642,0.0011383,0.0017916,0.0103858,0.0127937,0.0155911,0.0439949,0.09221,0.0746273,
594,1e-07,0.001617,0.0004588,0.000897,0.0010927,0.0008519,0.0011392,0.0016114,0.0104668,0.0116974,0.017274,0.0489559,0.0562541,0.0579291,
595,1e-07,0.0001275,0.0016084,0.0009219,0.0010948,0.0009998,0.00114,0.0022839,0.0023499,0.0040004,0.0291999,0.0247821,0.0281975,0.0157393,
596,1e-07,0.0008938,0.0006924,0.0009218,0.0017936,0.0018522,0.0011405,0.0015805,0.0049208,0.015579,0.023771,0.017011,0.0171365,0.0189866,
597,1e-07,0.000126,0.0009268,0.0014187,0.0008748,0.0010001,0.0013531,0.0019607,0.0056983,0.0216542,0.0372206,0.0326577,0.0246047,0.0564543,
598,1e-07,0.0009536,0.0004589,0.0014249,0.0006806,0.0016888,0.00163,0.0022911,0.0139721,0.0137805,0.0303701,0.0319449,0.0222025,0.038143,
599,2e-07,0.0009746,0.0008858,0.0011068,0.0009219,0.0015539,0.0017498,0.0036665,0.0171048,0.0146608,0.0658796,0.031441,0.0378973,0.026134,
600,2e-07,0.001036,0.0004593,0.0008754,0.0014667,0.0010023,0.001144,0.0034667,0.0184508,0.0399636,0.0446136,0.0409663,0.0626805,0.0361594,
601,1e-07,0.000125,0.0004595,0.0020783,0.0006863,0.0009396,0.0008964,0.0049101,0.0043124,0.0367177,0.0393617,0.0386995,0.0470205,0.0325143,
602,1e-07,0.0001235,0.0004593,0.0006688,0.000918,0.0007592,0.0020319,0.0086683,0.0108233,0.0381062,0.0424412,0.0259518,0.0453719,0.0348409,
603,2e-07,0.0010357,0.0004594,0.0017703,0.0006654,0.0015562,0.0019539,0.0092365,0.016513,0.0608407,0.0656513,0.0624345,0.0343935,0.0262829,
604,1e-07,0.0001235,0.0006899,0.0008755,0.0009348,0.0016557,0.0020793,0.0047175,0.0136839,0.0632078,0.0409763,0.0624078,0.0282968,0.0514001,
605,1e-07,0.0001227,0.0016112,0.0016729,0.0020266,0.002267,0.0031427,0.0056662,0.0201712,0.0562057,0.0228753,0.0479471,0.0370384,0.0491829,
606,2e-07,0.0008909,0.0009273,0.0014079,0.0006878,0.001708,0.0025312,0.0109206,0.0131814,0.0275267,0.037723,0.0477017,0.0640206,0.0284279,
607,2e-07,0.0001215,0.0019678,0.0018855,0.000691,0.0016498,0.0021849,0.0188571,0.0454628,0.0300221,0.0700834,0.082084,0.0564515,0.0517875,
608,1e-07,0.0008891,0.0009281,0.0006611,0.0046237,0.0039782,0.0069919,0.0263141,0.0587672,0.0453058,0.0449542,0.0637176,0.0303481,0.0647068,
609,1e-07,0.0001229,0.0006891,0.001444,0.0008647,0.0007613,0.0020053,0.0143059,0.0239825,0.0142777,0.0310313,0.056149,0.0313565,0.0934961,
610,1e-07,0.0001237,0.0018406,0.0014007,0.0006995,0.0026058,0.0022495,0.0056689,0.0092725,0.0143903,0.029644,0.0491026,0.0436315,0.0315691,
611,1e-07,0.0001252,0.0010606,0.0015099,0.0017116,0.0028068,0.0030827,0.0066022,0.0270268,0.0313938,0.0201888,0.0653563,0.0394525,0.0375495,
612,1e-07,0.0013268,0.0004613,0.0013909,0.0008811,0.0010612,0.00241,0.0169703,0.0127649,0.0410162,0.050614,0.0483743,0.0484839,0.0539832,
