#Time_fs,0,50,100,150,200,250,300,500,750,1000,1250,1500,1750,2000,
1,1e-07,0.0014651,0.0002092,0.0007477,0.0007955,0.0010352,0.000774,0.0013727,0.0130866,0.0257934,0.0241311,0.0439573,0.0665267,0.0438012,
2,1e-07,0.0008745,0.0002088,0.0007489,0.0010329,0.0012446,0.0007377,0.0009002,0.018214,0.0312136,0.0271457,0.043125,0.0751028,0.0596113,
3,1e-07,0.0001436,0.0002085,0.0011041,0.001417,0.0005876,0.0011377,0.0013884,0.0050012,0.006377,0.0324883,0.0479542,0.0337106,0.0532925,
4,0.0,0.0001421,0.0002088,0.0011036,0.0010568,0.0005896,0.0018174,0.0008963,0.003314,0.0186108,0.0201827,0.033307,0.040049,0.048122,
5,0.0,0.0001391,0.0002086,0.0010052,0.0007424,0.0012292,0.0013542,0.0016652,0.004567,0.0100718,0.0258883,0.0279038,0.0346593,0.0357209,
6,0.0,0.0001413,0.0013458,0.0015823,0.0010321,0.0019991,0.0007683,0.001415,0.0072983,0.0178515,0.0329055,0.0542747,0.0530348,0.068538,
7,0.0,0.0001408,0.00021,0.0002592,0.0010304,0.0005313,0.0009135,0.0017694,0.0059254,0.0111189,0.0172691,0.0508649,0.0426899,0.0684978,
8,1e-07,0.0001431,0.0009529,0.0007615,0.0007657,0.0009415,0.0007241,0.0017707,0.0046118,0.0079377,0.0217827,0.050115,0.0493016,0.0553657,
9,0.0,0.000146,0.0002119,0.0020558,0.0010459,0.0012613,0.0009891,0.0014709,0.0075721,0.0113338,0.0326131,0.0470297,0.0686664,0.0326741,
10,0.0,0.0008905,0.0002122,0.0002606,0.001449,0.0017364,0.0009055,0.0014758,0.0109798,0.0113179,0.0301341,0.0465645,0.015105,0.0346107,
11,0.0,0.0008885,0.0009598,0.0010629,0.0007984,0.0013366,0.0011327,0.0021013,0.010555,0.0272262,0.050814,0.0474253,0.0220629,0.0490001,
12,0.0,0.0008918,0.0012386,0.0002615,0.0015618,0.0015562,0.0007163,0.00107,0.0082081,0.0270376,0.0390396,0.0844714,0.0670366,0.0501616,
13,1e-07,0.0001435,0.0002129,0.0002578,0.0009838,0.0006011,0.0014915,0.0014737,0.0119996,0.0173681,0.0461799,0.0299631,0.0326571,0.0259584,
14,1e-07,0.0001451,0.0009615,0.0002593,0.0015803,0.0013601,0.0021075,0.0022072,0.0121526,0.0185685,0.0325727,0.0557222,0.0527808,0.0263584,
15,1e-07,0.0009838,0.0002143,0.0011827,0.0018435,0.0008922,0.0014247,0.0034191,0.0172794,0.0337042,0.0382417,0.0868192,0.126503,0.0467888,
16,1e-07,0.0001436,0.0012367,0.0002559,0.0009961,0.0013654,0.0011299,0.003727,0.0149139,0.0352866,0.0119448,0.0469107,0.0499018,0.0393105,
17,1e-07,0.0001412,0.0009613,0.0002539,0.0009864,0.0024284,0.0029943,0.0075703,0.0188531,0.0389447,0.0161595,0.0428306,0.0356137,0.0236644,
18,1e-07,0.0001408,0.0012406,0.001569,0.0009917,0.0032277,0.0062648,0.0081407,0.0095311,0.0282767,0.0365255,0.0425423,0.023903,0.0177883,
19,1e-07,0.0001382,0.0014262,0.0012783,0.0017268,0.0059765,0.0066238,0.0145332,0.0139248,0.0404482,0.0277911,0.0382875,0.0510438,0.0262724,
20,1e-07,0.0001356,0.0022943,0.0015468,0.0072945,0.0117407,0.0108562,0.0218987,0.0089602,0.0219218,0.0232698,0.0347125,0.050324,0.0175399,
21,3e-07,0.0001333,0.0013531,0.00292,0.0057169,0.0045799,0.0055846,0.0144629,0.002341,0.0146423,0.0200935,0.033625,0.0251275,0.0302257,
22,3e-07,0.0017573,0.0009724,0.0002395,0.0037833,0.0092367,0.0111137,0.0160654,0.0258513,0.0095981,0.0297857,0.0343905,0.0143684,0.0595166,
23,3e-07,0.0013309,0.004767,0.0126466,0.0156483,0.0191564,0.02022,0.0509514,0.0337501,0.0236374,0.0334875,0.0486947,0.0274383,0.0650247,
24,3e-07,0.0044608,0.0126437,0.022981,0.0252758,0.0405532,0.0494803,0.0598826,0.0482452,0.0430583,0.0287247,0.034778,0.0476056,0.086717,
25,3e-07,0.0017622,0.008303,0.0199299,0.0282893,0.0312701,0.0303699,0.0494613,0.0451465,0.0453328,0.0217046,0.0330062,0.0433702,0.0723697,
26,2e-07,0.0030445,0.0064083,0.0164604,0.017813,0.0208349,0.0330688,0.0498633,0.0526508,0.0330452,0.0443879,0.0452811,0.0651857,0.0485141,
27,2e-07,0.0013259,0.005013,0.008474,0.0122565,0.0169598,0.019742,0.0382897,0.0333882,0.0219887,0.0189324,0.0277766,0.041186,0.0603143,
28,1e-07,0.000922,0.0009667,0.0037438,0.0084161,0.0142229,0.0089899,0.0118596,0.0304889,0.0324195,0.0136017,0.0149791,0.0433611,0.0210504,
29,1e-07,0.0001358,0.0002124,0.000942,0.0037591,0.0088436,0.0078046,0.00637,0.0190201,0.0245625,0.0356644,0.0346649,0.0460975,0.0152918,
30,1e-07,0.0001379,0.0002127,0.00025,0.00239,0.0028927,0.0055053,0.0082103,0.0092839,0.0052804,0.013993,0.0269979,0.045028,0.0459246,
31,1e-07,0.0001409,0.0002138,0.0007731,0.0007819,0.0016101,0.0016516,0.0074537,0.002969,0.0122348,0.0123074,0.0064284,0.0273605,0.0486122,
32,1e-07,0.0001417,0.0002138,0.0009312,0.0007999,0.0014965,0.001428,0.0032425,0.0051495,0.0102923,0.0172032,0.0518852,0.0788167,0.0440984,
33,1e-07,0.0001447,0.0009554,0.0010535,0.0017074,0.0013541,0.0009957,0.0040627,0.0100419,0.0198359,0.0284941,0.0470964,0.0630816,0.0371175,
34,1e-07,0.0001434,0.0002152,0.0009264,0.0015811,0.0016491,0.0014919,0.0030494,0.0186101,0.0201782,0.0259781,0.0485682,0.0312944,0.0301863,
35,1e-07,0.0001396,0.0002141,0.002152,0.0015816,0.0006114,0.0014347,0.0036828,0.0100965,0.0112696,0.005306,0.0433212,0.017255,0.0351787,
36,1e-07,0.0001379,0.0002133,0.0002478,0.0007403,0.0005497,0.0021636,0.006164,0.0091426,0.0170667,0.0255713,0.0409027,0.016713,0.0111053,
37,1e-07,0.0001345,0.0002122,0.001046,0.0007932,0.0012642,0.0011285,0.0101595,0.0201169,0.0088666,0.0245967,0.0366011,0.0606486,0.026052,
38,2e-07,0.000132,0.0009674,0.0011101,0.0014433,0.0036881,0.0060355,0.007179,0.0193375,0.0188412,0.0130024,0.0321227,0.0457644,0.0210231,
39,2e-07,0.000128,0.0002106,0.0010155,0.0010025,0.0043568,0.0039437,0.0196331,0.0221724,0.030101,0.0333321,0.0322556,0.0454662,0.032806,
40,2e-07,0.0014554,0.0002105,0.0010173,0.0030828,0.0036935,0.0076933,0.0075783,0.0229172,0.0108127,0.0096457,0.0333587,0.0449262,0.0379273,
41,2e-07,0.000975,0.0024421,0.0035414,0.0084777,0.0054992,0.0098649,0.0187161,0.0430542,0.0155652,0.0255587,0.0340718,0.0231991,0.037645,
42,2e-07,0.0001275,0.0010716,0.002611,0.0065357,0.0046448,0.0099635,0.0342908,0.0364603,0.023572,0.0360744,0.0287969,0.0278121,0.0206185,
43,3e-07,0.0001259,0.0002114,0.0012629,0.0031356,0.0053636,0.0089323,0.0307908,0.0181053,0.0102998,0.0099399,0.0261956,0.0346294,0.0179922,
44,3e-07,0.0010893,0.0012442,0.002344,0.0044898,0.0079517,0.0124744,0.0088987,0.0371173,0.0438029,0.0507393,0.0441279,0.0280184,0.0319824,
45,3e-07,0.0017608,0.0022904,0.0051129,0.0108169,0.0158255,0.0170516,0.0231762,0.0587037,0.106458,0.0424746,0.0504471,0.0613267,0.0531271,
46,3e-07,0.0021876,0.0057793,0.0108418,0.018202,0.0310463,0.0341173,0.0442865,0.0649269,0.111981,0.0505608,0.0108067,0.0632368,0.0733663,
47,3e-07,0.0009195,0.0031093,0.0074696,0.0134744,0.0174633,0.025205,0.0275755,0.032247,0.0692897,0.0449754,0.0308371,0.0642821,0.0637194,
48,3e-07,0.0014992,0.0002097,0.0041749,0.00334,0.0043609,0.0110021,0.0261597,0.0327336,0.0436522,0.071689,0.051571,0.0218961,0.0138209,
49,3e-07,0.001455,0.0014245,0.0012663,0.0019876,0.0089691,0.0126259,0.0161679,0.0218197,0.0369426,0.0600733,0.0586123,0.0386845,0.0303586,
50,3e-07,0.0001145,0.0012521,0.0021536,0.0034573,0.0019013,0.004451,0.0098958,0.0245379,0.0534353,0.0502645,0.0750816,0.0435176,0.0463341,
51,2e-07,0.0014945,0.001588,0.0010941,0.0027768,0.0035371,0.0059103,0.009464,0.0322364,0.0165202,0.0310725,0.0673117,0.0520492,0.0269171,
52,2e-07,0.0014948,0.0002081,0.0010227,0.0017151,0.0052138,0.006004,0.0192254,0.0168198,0.0341575,0.0247726,0.0137414,0.0735025,0.068517,
53,2e-07,0.0001158,0.0002088,0.0013778,0.0010061,0.0021413,0.0050831,0.0113046,0.0151724,0.0128909,0.028867,0.0349915,0.0595506,0.0348103,
54,2e-07,0.0009235,0.0002097,0.001579,0.0026459,0.0031539,0.0047514,0.006176,0.0181189,0.0327018,0.0221741,0.0468705,0.0223519,0.0760404,
55,2e-07,0.0001207,0.0002101,0.0015192,0.0030279,0.002834,0.0022784,0.0065162,0.0104915,0.0278814,0.0093718,0.0632217,0.0516964,0.098132,
56,2e-07,0.000119,0.0009737,0.0031199,0.0050015,0.0034688,0.0046311,0.0095584,0.0168595,0.0284301,0.0266221,0.053899,0.086135,0.0964976,
57,2e-07,0.0001213,0.000805,0.000229,0.0035699,0.0053884,0.004207,0.0104192,0.0218716,0.0284832,0.041905,0.0484304,0.0761301,0.083499,
58,2e-07,0.0016563,0.0014284,0.0002316,0.0007291,0.0035878,0.0029194,0.0047272,0.0108565,0.0345029,0.033551,0.0301603,0.0293839,0.0256781,
59,2e-07,0.0001241,0.0002116,0.0013664,0.0007291,0.0018888,0.0017631,0.0053125,0.0162704,0.0351323,0.0664678,0.0409972,0.0581363,0.0283404,
60,3e-07,0.0001247,0.00107,0.0002297,0.0015612,0.0031601,0.0040945,0.0034444,0.018264,0.0230903,0.116199,0.1109566,0.1205838,0.0476312,
61,3e-07,0.0009234,0.0012381,0.0012021,0.0015619,0.0043535,0.0020284,0.0050224,0.0143714,0.0107792,0.0319779,0.0822523,0.0384495,0.0331833,
62,3e-07,0.0001318,0.001323,0.0018127,0.0007886,0.0014939,0.003445,0.0061784,0.0254464,0.0423293,0.0411385,0.0593751,0.0163195,0.0395751,
63,2e-07,0.0009177,0.0009601,0.0010166,0.0007907,0.0018854,0.0010152,0.0105729,0.022037,0.0543313,0.0166583,0.0369161,0.0314338,0.0381906,
64,3e-07,0.0009786,0.000215,0.0015504,0.0021145,0.002455,0.0019292,0.0068239,0.0156829,0.0129608,0.0361062,0.0614101,0.0567675,0.074723,
65,3e-07,0.0001323,0.0012354,0.0009399,0.0015663,0.0016016,0.0026148,0.0090033,0.0112337,0.0231412,0.0331922,0.0596389,0.0530746,0.0728843,
66,3e-07,0.0001344,0.0009623,0.0012285,0.0009849,0.0013695,0.0008641,0.0089612,0.0219791,0.0158923,0.0516955,0.0265095,0.0569691,0.0264714,
67,3e-07,0.000137,0.0009732,0.001483,0.0025621,0.0050761,0.0102133,0.01077,0.0262063,0.0216714,0.0395134,0.0529312,0.0567505,0.0226701,
68,2e-07,0.0009795,0.0013317,0.0007745,0.0015941,0.0038941,0.0087901,0.0023887,0.0154573,0.0122155,0.0109238,0.0257302,0.0149785,0.0325789,
69,2e-07,0.0001421,0.0009714,0.0010097,0.0016966,0.0023177,0.0046725,0.0061687,0.0276085,0.0102396,0.0218637,0.0281179,0.0396739,0.0407695,
70,1e-07,0.0001451,0.0002153,0.0012416,0.0009831,0.0026873,0.0022638,0.001052,0.0258712,0.0220917,0.0385437,0.0290552,0.0232133,0.0271335,
71,1e-07,0.0001467,0.0002158,0.0015157,0.0018675,0.0005996,0.0024323,0.0187933,0.0431635,0.0261238,0.0639513,0.0917858,0.1115278,0.1539704,
72,1e-07,0.0009833,0.0002167,0.0015802,0.0010302,0.0013452,0.0034915,0.0055713,0.0245361,0.0192322,0.0499406,0.0522896,0.0372505,0.0659804,
73,2e-07,0.000898,0.000217,0.0007677,0.0007934,0.0015552,0.0010927,0.0126177,0.037403,0.028253,0.0360398,0.0379814,0.0316833,0.0293655,
74,2e-07,0.0001449,0.0013445,0.0002535,0.0016492,0.0010463,0.0025924,0.0129865,0.0199035,0.0277418,0.0343422,0.013684,0.0332887,0.0330329,
75,1e-07,0.0001439,0.0012314,0.0002517,0.001565,0.0023087,0.0022579,0.0073456,0.0147024,0.0223753,0.0098687,0.0100997,0.0307338,0.0167425,
76,1e-07,0.0001424,0.0008063,0.0007768,0.0009798,0.0010086,0.0016647,0.008017,0.0133185,0.0200771,0.0151442,0.0123813,0.0257472,0.0124305,
77,2e-07,0.0001392,0.001085,0.0010462,0.0007924,0.0010028,0.0025539,0.008024,0.0205278,0.0415976,0.0228991,0.010929,0.0246479,0.035037,
78,2e-07,0.0001396,0.001329,0.0011888,0.0010229,0.0015908,0.0021484,0.0044171,0.020158,0.0391513,0.0203963,0.0511555,0.0395624,0.0462088,
79,2e-07,0.001645,0.0015126,0.001225,0.0009815,0.0013546,0.0010829,0.0055183,0.0291905,0.0326844,0.0202798,0.0552486,0.0537379,0.076602,
80,2e-07,0.0001327,0.0013301,0.0015196,0.001702,0.0017052,0.0028921,0.0049142,0.0194209,0.0431315,0.0225103,0.0334393,0.0772275,0.0193312,
81,2e-07,0.0001304,0.0010772,0.0015175,0.0016009,0.0013455,0.0011266,0.0039626,0.0229974,0.0348574,0.0070734,0.0461183,0.0414944,0.0371163,
82,2e-07,0.0001278,0.0002113,0.0002371,0.0017089,0.0014612,0.0007676,0.0050468,0.0413617,0.0663731,0.0343111,0.0238079,0.0397937,0.0117752,
83,2e-07,0.0001266,0.0012462,0.0002365,0.0015722,0.0006163,0.0017421,0.0163961,0.040002,0.0488961,0.0288505,0.020285,0.0305636,0.0278724,
84,2e-07,0.0001232,0.0008103,0.0013775,0.0010095,0.0015706,0.0007649,0.0180005,0.0223084,0.0269216,0.0467177,0.0363161,0.0325633,0.0404379,
85,2e-07,0.0009171,0.0002094,0.0002354,0.0007223,0.0025586,0.0025879,0.0108361,0.0149846,0.0296318,0.0338217,0.038807,0.0383468,0.041955,
86,2e-07,0.0014235,0.0008091,0.0002386,0.0015695,0.0013003,0.0042338,0.0200804,0.0207364,0.0351556,0.01485,0.0214694,0.0536457,0.0406331,
87,2e-07,0.0001295,0.0009668,0.0009374,0.0009987,0.0013365,0.0007659,0.0077457,0.0215058,0.0282546,0.0162337,0.0213229,0.0198016,0.0451036,
88,2e-07,0.0012855,0.0009644,0.0002421,0.0009967,0.0005495,0.0017402,0.0096524,0.0200815,0.0268861,0.020549,0.0266079,0.022117,0.0342592,
89,2e-07,0.0010958,0.0008084,0.0002438,0.0009909,0.0005513,0.0016864,0.0023142,0.0085181,0.0121075,0.0204524,0.0305443,0.0279598,0.0081211,
90,2e-07,0.000139,0.0010803,0.0002463,0.0007859,0.0005563,0.0016579,0.0036019,0.008535,0.0283538,0.0238328,0.0214819,0.0216704,0.0332995,
91,1e-07,0.000142,0.0002154,0.0015228,0.0007984,0.0010373,0.0010822,0.0024201,0.0187702,0.0562782,0.0376692,0.0186242,0.0451226,0.0309645,
92,1e-07,0.001717,0.0009524,0.0015623,0.0014629,0.0006125,0.0010781,0.0052017,0.0200353,0.0166031,0.0283443,0.0350513,0.0517736,0.0789159,
93,1e-07,0.0013251,0.0023492,0.0015244,0.0007438,0.0013599,0.0024031,0.0080965,0.0037719,0.0270651,0.0268659,0.0453956,0.0598559,0.0777948,
94,1e-07,0.0001474,0.0002163,0.0012376,0.0010164,0.0005589,0.001972,0.0092781,0.010504,0.0602261,0.0552925,0.0735525,0.0763448,0.0279639,
95,1e-07,0.0001476,0.0002157,0.0010565,0.0007278,0.0016007,0.0009967,0.0044848,0.0085512,0.0361392,0.044987,0.0602227,0.0337449,0.0305466,
96,1e-07,0.0008989,0.0009594,0.0012837,0.0010136,0.0006055,0.0012889,0.0039956,0.0177179,0.060783,0.0773695,0.0559841,0.0338069,0.0425113,
97,1e-07,0.0001504,0.0010847,0.0011276,0.0009732,0.0015559,0.0024318,0.0013308,0.0116478,0.0288202,0.0339594,0.0354936,0.0374346,0.0351037,
98,1e-07,0.0008985,0.0002147,0.0002583,0.0007231,0.000605,0.001696,0.0024009,0.0135981,0.0221856,0.0420174,0.0708703,0.0923586,0.020885,
99,1e-07,0.0001467,0.0013339,0.0010589,0.000804,0.0015972,0.0009884,0.0028894,0.0055242,0.0289932,0.0122709,0.0888217,0.0395521,0.0116628,
100,1e-07,0.000146,0.0009579,0.0007711,0.0007166,0.0013478,0.0009856,0.0022442,0.0043874,0.0214236,0.0157312,0.0412329,0.0300165,0.0166686,
101,2e-07,0.000142,0.000814,0.0002555,0.0010066,0.0008924,0.0009879,0.0020718,0.0211235,0.0228505,0.0277003,0.0452251,0.0556428,0.0180306,
102,2e-07,0.0001383,0.0009637,0.0007753,0.0007152,0.0006085,0.0018807,0.005494,0.0147032,0.0129828,0.0302864,0.036871,0.0323065,0.0104481,
103,2e-07,0.0001345,0.0012464,0.0002483,0.0010478,0.0016528,0.0014526,0.0056515,0.0118393,0.0447103,0.0431803,0.0559555,0.0480333,0.033254,
104,2e-07,0.0001318,0.0002101,0.000247,0.0015882,0.0006086,0.000553,0.001467,0.0104485,0.0420197,0.0420848,0.0311134,0.019033,0.0313723,
105,2e-07,0.0001282,0.0009495,0.0002439,0.0010203,0.0005368,0.0005506,0.0047811,0.0137236,0.0327058,0.0407202,0.0124634,0.0239913,0.0437624,
106,2e-07,0.0001277,0.0008137,0.0013864,0.0007933,0.0005329,0.0005455,0.0016886,0.013997,0.0426347,0.0232113,0.0317627,0.0171642,0.0342486,
107,2e-07,0.0001252,0.0002076,0.0010438,0.0016183,0.0012576,0.0016383,0.0070904,0.0212038,0.0414577,0.0237034,0.0340461,0.0116637,0.0429577,
108,2e-07,0.0009061,0.0002068,0.0002421,0.002132,0.0005253,0.0014318,0.0052103,0.0198139,0.0420092,0.0281898,0.0378373,0.0330754,0.0824623,
109,2e-07,0.000126,0.0002069,0.0007722,0.0014356,0.0009941,0.0005342,0.0037844,0.023603,0.0191396,0.0264236,0.0368579,0.0379078,0.0426144,
110,2e-07,0.000129,0.000978,0.0007714,0.0007492,0.0006023,0.0005369,0.0010333,0.012905,0.0120006,0.0367088,0.0129262,0.0449875,0.0374228,
111,1e-07,0.0001321,0.0002083,0.0007686,0.0010245,0.0006,0.0016558,0.0023491,0.0097309,0.0126385,0.0144012,0.0433899,0.0180138,0.0397396,
112,1e-07,0.0001342,0.0009734,0.0009468,0.0007464,0.0006,0.0011036,0.0014726,0.0092792,0.0125094,0.0275973,0.0375389,0.0284532,0.0354702,
113,1e-07,0.0013192,0.0002099,0.0013954,0.0015617,0.0005989,0.000769,0.0059017,0.0034087,0.0159868,0.0163158,0.0069289,0.0445087,0.0319363,
114,1e-07,0.000136,0.00021,0.001107,0.0016065,0.0019145,0.0025485,0.0057148,0.0254538,0.0285173,0.0227482,0.0262994,0.0188169,0.0249771,
115,1e-07,0.0001382,0.000211,0.0012777,0.0014324,0.001868,0.0014422,0.0064309,0.0232623,0.0056832,0.0274455,0.041888,0.0265406,0.0191892,
116,1e-07,0.0001367,0.0002108,0.000253,0.0016099,0.0012512,0.0026747,0.0131142,0.0231291,0.0103221,0.0460163,0.0337684,0.0399214,0.0246068,
117,1e-07,0.0001377,0.0002117,0.0010543,0.0009995,0.0018306,0.0032775,0.0087599,0.0378522,0.0179154,0.0474044,0.041844,0.0365805,0.0424949,
118,1e-07,0.0001374,0.0002121,0.0021705,0.0046617,0.0080212,0.0085534,0.0144828,0.0431188,0.0498496,0.0175453,0.0429549,0.0085241,0.0327347,
119,2e-07,0.0001385,0.0010702,0.0012419,0.0053786,0.0107278,0.0081261,0.0234274,0.0261921,0.0536588,0.027023,0.0310142,0.036743,0.0185129,
120,1e-07,0.00014,0.000213,0.0011931,0.0033576,0.0033086,0.003194,0.0069538,0.0232378,0.0455778,0.0319165,0.0386224,0.0270796,0.03194,
121,1e-07,0.0009822,0.0023492,0.0013965,0.0022156,0.0023068,0.0032548,0.0081648,0.0281945,0.0331636,0.034604,0.032125,0.0165565,0.030636,
122,1e-07,0.001319,0.0002125,0.0013986,0.0009926,0.0019161,0.0016557,0.0071676,0.0238124,0.0348077,0.0345103,0.0204494,0.0118207,0.025841,
123,1e-07,0.0001414,0.0002119,0.000761,0.0010401,0.0017491,0.0020511,0.0042203,0.0258513,0.021789,0.0281768,0.0182558,0.0414453,0.0451413,
124,1e-07,0.0001406,0.0010766,0.0002575,0.0007869,0.0009464,0.0020536,0.0030836,0.0112707,0.0183687,0.0311199,0.0243642,0.0234883,0.0367218,
125,0.0,0.000931,0.0009686,0.0012777,0.0007892,0.0005947,0.0014981,0.0032688,0.015344,0.0054681,0.0271812,0.0276529,0.0352773,0.0100132,
126,0.0,0.0001378,0.0002097,0.000256,0.0007688,0.0009517,0.0007303,0.004239,0.0038258,0.0200393,0.026714,0.0228088,0.0070411,0.0164682,
127,0.0,0.0001363,0.0002091,0.0002548,0.0014372,0.0013417,0.0007656,0.0045653,0.005734,0.0178342,0.0144556,0.021648,0.0514766,0.007777,
128,1e-07,0.0001324,0.0008116,0.0015741,0.0015617,0.000598,0.0018815,0.0031884,0.0060791,0.0130932,0.0350936,0.0405791,0.0401302,0.0170912,
129,1e-07,0.0001294,0.001321,0.0010494,0.001442,0.0010003,0.00073,0.0023333,0.0104179,0.0460291,0.0251502,0.0197517,0.045435,0.0469429,
130,1e-07,0.000903,0.0002073,0.0011012,0.0014163,0.0018647,0.0016596,0.0038401,0.0087581,0.034729,0.0290769,0.0229768,0.0505197,0.055967,
131,1e-07,0.0009742,0.0010846,0.0002417,0.0017451,0.001567,0.0012583,0.0118424,0.0382124,0.0137405,0.0431368,0.0412941,0.0219548,0.0705731,
132,1e-07,0.0009074,0.000206,0.0002386,0.0010334,0.0010317,0.0029855,0.0093169,0.0439223,0.020837,0.037374,0.0578161,0.0368627,0.0447327,
133,2e-07,0.0009729,0.000954,0.0007782,0.0010629,0.0019334,0.001884,0.015747,0.0265384,0.0188,0.0164137,0.0242348,0.0446065,0.0220424,
134,2e-07,0.0001206,0.0002067,0.0002383,0.0010268,0.0030038,0.002119,0.0105785,0.0177389,0.0291131,0.0149668,0.0391955,0.0371069,0.0575415,
135,1e-07,0.0001219,0.0016444,0.0022294,0.0018778,0.0041018,0.0062253,0.0147229,0.0242615,0.0314923,0.0161527,0.0299205,0.0145552,0.0295679,
136,1e-07,0.0009758,0.0009799,0.0009552,0.0010073,0.0035698,0.0064449,0.0095013,0.0244016,0.0225851,0.0090823,0.0325981,0.038587,0.04069,
137,1e-07,0.0014468,0.0022368,0.0025073,0.0029871,0.0049421,0.0057648,0.0071328,0.025853,0.0310945,0.0231778,0.0448232,0.0594111,0.0390725,
138,1e-07,0.0001296,0.0009781,0.0016365,0.0047667,0.0075003,0.0098112,0.0060631,0.0258796,0.0556358,0.0279969,0.057169,0.0596577,0.0599284,
139,1e-07,0.0001313,0.0015893,0.0033991,0.0080829,0.0079625,0.0099123,0.010408,0.026952,0.0462586,0.0342147,0.0298726,0.0373021,0.0232163,
140,1e-07,0.0011079,0.0031816,0.0050317,0.0080357,0.007036,0.011907,0.0178279,0.0201097,0.0423518,0.0164099,0.0279844,0.0150343,0.0536439,
141,2e-07,0.0011082,0.005101,0.01271,0.0177488,0.0209216,0.0177146,0.0244946,0.0219025,0.0405641,0.0386801,0.0273456,0.0409123,0.0652909,
142,2e-07,0.0034218,0.006182,0.0135399,0.0119106,0.0114647,0.0108483,0.0313752,0.0260066,0.0348246,0.0331188,0.0572428,0.0297119,0.0453735,
143,2e-07,0.009032,0.0346594,0.0486199,0.0478789,0.0478258,0.0609919,0.0254593,0.0606209,0.0902266,0.0827182,0.0722566,0.0671453,0.0520706,
144,1e-07,0.0013677,0.0032935,0.0071272,0.0080847,0.0170589,0.0207066,0.0348884,0.0522566,0.0272546,0.0430654,0.0404142,0.045292,0.0384535,
145,1e-07,0.0021648,0.0044628,0.0113998,0.0210595,0.0378074,0.0524383,0.0424197,0.0181018,0.0383436,0.0234631,0.0254707,0.0363313,0.0368985,
146,1e-07,0.000132,0.003201,0.0021275,0.0051769,0.0100363,0.0202692,0.0257865,0.0325825,0.0275023,0.020919,0.0177819,0.0277818,0.0269863,
147,1e-07,0.0009259,0.0022916,0.0021253,0.0028334,0.0036522,0.0088803,0.0227229,0.0149431,0.0299766,0.0288843,0.0228097,0.0184016,0.0102169,
148,1e-07,0.0001344,0.0014237,0.0015445,0.0027822,0.0031808,0.0028696,0.0190752,0.0161417,0.0174198,0.0367584,0.0284041,0.022079,0.0213795,
149,1e-07,0.0001343,0.0009571,0.0011094,0.002001,0.0037257,0.0019289,0.0094403,0.0139479,0.0183282,0.0217003,0.0488624,0.0212574,0.0171203,
150,1e-07,0.0009794,0.0010863,0.0010526,0.0007467,0.0009041,0.0011325,0.0035141,0.0030137,0.0151407,0.025295,0.0287863,0.0252889,0.008865,
151,1e-07,0.0001379,0.0012475,0.0002545,0.0007133,0.0012435,0.0005444,0.0038224,0.0058206,0.0207691,0.046855,0.0523008,0.0234622,0.0285022,
152,1e-07,0.0001415,0.0009658,0.0011841,0.0007621,0.0016558,0.0015454,0.0001306,0.0119462,0.0275959,0.0247749,0.0419623,0.0276133,0.0146872,
153,1e-07,0.000142,0.000816,0.0007679,0.0015823,0.0010461,0.0009823,0.0021315,0.0115376,0.0299351,0.020689,0.0296236,0.0310434,0.0366971,
154,1e-07,0.0001458,0.0009622,0.0002624,0.0009776,0.0017245,0.0010849,0.0015034,0.0227336,0.0322338,0.0298666,0.0250628,0.0236818,0.0623385,
155,1e-07,0.0001475,0.0002134,0.0011769,0.0014631,0.0016539,0.0005457,0.0014642,0.0160715,0.0205701,0.0284141,0.0288277,0.0574184,0.0434185,
156,1e-07,0.0001441,0.0002128,0.0009312,0.0010154,0.0016109,0.0009837,0.0013731,0.0105565,0.0289636,0.0206365,0.0422554,0.0166732,0.037156,
157,1e-07,0.0009813,0.0013371,0.0002564,0.0017156,0.0016542,0.0005505,0.0042882,0.0148883,0.0311645,0.0233461,0.0393095,0.0065132,0.0404555,
158,2e-07,0.0001377,0.0002112,0.0011865,0.0015607,0.0012358,0.0011322,0.004516,0.0055258,0.0105781,0.0258007,0.0254951,0.0120133,0.025641,
159,1e-07,0.0013812,0.0002109,0.0002504,0.0010106,0.0009006,0.0009,0.001286,0.0047732,0.0255998,0.0305554,0.0374052,0.0496258,0.0315423,
160,1e-07,0.0001321,0.0002099,0.001012,0.0014695,0.0009043,0.0005525,0.0010079,0.0014754,0.0238069,0.0268639,0.0301595,0.0215163,0.0229562,
161,1e-07,0.0001306,0.0002096,0.0011965,0.0014408,0.0005362,0.0015409,0.006984,0.0145994,0.0311313,0.0085041,0.0145587,0.0231791,0.0365723,
162,1e-07,0.0001303,0.0008095,0.0020266,0.0037672,0.0088024,0.0119283,0.0243717,0.0119366,0.0099729,0.0075182,0.0197831,0.033237,0.0235073,
163,1e-07,0.0001289,0.0025508,0.0071289,0.0107146,0.0112942,0.0170328,0.0301766,0.0363756,0.0204993,0.0372258,0.0240058,0.039029,0.0235628,
164,2e-07,0.0010388,0.0058754,0.0123423,0.0104707,0.0035095,0.0088341,0.021433,0.0182448,0.0143891,0.031941,0.0257687,0.0385468,0.0478233,
165,2e-07,0.000975,0.0070341,0.0133712,0.0184659,0.0105367,0.0086612,0.026329,0.041804,0.0285307,0.0345603,0.0220084,0.0337576,0.0386993,
166,1e-07,0.0041073,0.0082419,0.0076588,0.0090808,0.0072492,0.0110007,0.0210908,0.0352299,0.0307084,0.0174715,0.0236446,0.0447885,0.0352106,
167,1e-07,0.0014622,0.0043236,0.0061167,0.0076625,0.0103091,0.0081602,0.0285426,0.0489264,0.0253098,0.0243856,0.0124132,0.0335499,0.0367291,
168,1e-07,0.0017378,0.0020887,0.008187,0.0131195,0.0211428,0.0277551,0.0476479,0.0260352,0.029738,0.0914169,0.0223526,0.0927087,0.1083009,
169,1e-07,0.001101,0.0009868,0.0039515,0.007905,0.0116303,0.0076137,0.0284786,0.0174521,0.0572951,0.0787886,0.029378,0.0586305,0.1172388,
170,1e-07,0.001351,0.0020366,0.00443,0.0059318,0.0107333,0.0186369,0.0234912,0.0471861,0.051042,0.0740643,0.0699584,0.0796495,0.0784895,
171,1e-07,0.0001233,0.0008076,0.0044256,0.006527,0.0092217,0.0111006,0.0267908,0.0307488,0.0374521,0.0239649,0.0623949,0.0558555,0.0371203,
172,1e-07,0.0001241,0.0012529,0.0028939,0.0045263,0.0125792,0.0074743,0.0212672,0.0163995,0.0231551,0.0096193,0.016089,0.045017,0.0284085,
173,0.0,0.0001227,0.0012535,0.0050266,0.0059175,0.0052375,0.0120371,0.0138567,0.0107331,0.0291883,0.0170813,0.0317914,0.0259835,0.0281135,
174,2e-07,0.0009314,0.0009766,0.0002399,0.0014514,0.0045713,0.0076266,0.0109284,0.0109323,0.0371462,0.0306063,0.0360629,0.0348135,0.0520746,
175,2e-07,0.0009113,0.0012502,0.0012576,0.0007391,0.0020868,0.000558,0.00013,0.0108619,0.0163763,0.0306621,0.0274129,0.015416,0.0134374,
176,2e-07,0.0001278,0.0008115,0.0010148,0.001562,0.0009058,0.0018484,0.0038483,0.0061377,0.0421191,0.033984,0.0099664,0.0277224,0.0267535,
177,2e-07,0.0012878,0.0002103,0.0010442,0.0009905,0.0014884,0.0007713,0.002957,0.0059312,0.0283779,0.0416681,0.0235313,0.0159829,0.0663122,
178,2e-07,0.0001278,0.000953,0.0007828,0.0010473,0.000613,0.0016745,0.0058138,0.0105563,0.0291657,0.0231036,0.0622089,0.0333116,0.0426776,
179,2e-07,0.0001261,0.0002097,0.0002388,0.0014576,0.0013292,0.0005654,0.0064937,0.0139575,0.0297888,0.0447921,0.0302041,0.0250578,0.0271606,
180,2e-07,0.0001232,0.0002087,0.0012228,0.0019898,0.0016967,0.0035605,0.008319,0.0087914,0.0346374,0.0410386,0.0245999,0.0189253,0.0340559,
181,2e-07,0.0001216,0.0002081,0.0012783,0.0010171,0.0015554,0.0026599,0.0091759,0.0076908,0.0256989,0.0229967,0.0417228,0.012395,0.0332266,
182,2e-07,0.0014326,0.0002077,0.0007807,0.0007151,0.0013144,0.0007253,0.0120348,0.0099681,0.0204331,0.0249982,0.0385218,0.0289509,0.0600327,
183,2e-07,0.0014902,0.0009825,0.0015738,0.0014167,0.0017739,0.0052714,0.0435714,0.0350663,0.0283691,0.0856284,0.0126951,0.0194029,0.0553628,
184,2e-07,0.0001153,0.0002065,0.0012768,0.0017488,0.007629,0.0102477,0.0172579,0.0398836,0.028171,0.0554232,0.0199861,0.0336003,0.0709497,
185,2e-07,0.0009164,0.0009824,0.0022454,0.0047019,0.0105949,0.0163418,0.0237476,0.0291915,0.0347426,0.0185841,0.0394067,0.0458903,0.0534918,
186,2e-07,0.0001174,0.0009617,0.0023128,0.0052135,0.0089908,0.0063826,0.0080466,0.0235425,0.031069,0.0227941,0.0203134,0.0347163,0.0553922,
187,2e-07,0.00171,0.0023157,0.0034966,0.0037712,0.0036509,0.0042485,0.0193983,0.0121565,0.0108906,0.0225731,0.0394855,0.0533548,0.0530251,
188,2e-07,0.0016213,0.0020362,0.0062918,0.0101031,0.0100762,0.0096639,0.0199341,0.049725,0.0162122,0.022661,0.0455522,0.0805949,0.0881944,
189,2e-07,0.0033438,0.0050601,0.0115215,0.0203916,0.0210713,0.0222512,0.0607588,0.0583679,0.0591585,0.0497748,0.052356,0.1102559,0.1343309,
190,2e-07,0.0029046,0.0072116,0.0155577,0.0234582,0.0287768,0.0376681,0.0680959,0.1017307,0.0762156,0.0728113,0.0473858,0.1127913,0.13368,
191,2e-07,0.0033383,0.0127852,0.0381612,0.0589296,0.0750429,0.0952135,0.0805105,0.0561525,0.1012279,0.089972,0.0600076,0.1006158,0.1835912,
192,2e-07,0.0009163,0.0023897,0.0148991,0.0178119,0.026415,0.0334304,0.077457,0.0651497,0.0548679,0.0739134,0.0750414,0.0582233,0.0700434,
193,2e-07,0.0013089,0.0036842,0.0061841,0.0110394,0.0069453,0.0126759,0.0419584,0.0383464,0.0297582,0.0264963,0.0512545,0.0576048,0.0954661,
194,2e-07,0.0014578,0.001537,0.002139,0.0033122,0.0062437,0.0092277,0.0291864,0.0519984,0.0357473,0.0111028,0.0230929,0.0318959,0.0413434,
195,2e-07,0.0001135,0.0013611,0.0022705,0.0041942,0.0067733,0.0223031,0.020788,0.0333978,0.0513874,0.0603901,0.0149021,0.0342335,0.0460831,
196,2e-07,0.000114,0.0009556,0.0010873,0.0033022,0.0055722,0.005136,0.0156863,0.034031,0.0214502,0.0709782,0.0113662,0.0494905,0.0185771,
197,1e-07,0.0009056,0.0009898,0.0010898,0.0017506,0.0050173,0.0034975,0.013939,0.0418053,0.0093768,0.0446315,0.0123781,0.0589072,0.0259709,
198,1e-07,0.0001184,0.0009517,0.0030229,0.0035099,0.0029601,0.0035536,0.0133892,0.0256524,0.0124062,0.0132822,0.0475553,0.0635758,0.0569719,
199,1e-07,0.0001217,0.0012636,0.0018323,0.0014033,0.0005145,0.0016502,0.005049,0.0209826,0.0134703,0.0260715,0.0138339,0.021676,0.0685254,
200,2e-07,0.0008999,0.0002058,0.001576,0.0014476,0.0005177,0.0016498,0.0035164,0.0116653,0.0215829,0.0313286,0.0404699,0.0164218,0.0454006,
201,1e-07,0.0001245,0.0015338,0.0010474,0.0010426,0.0009276,0.0005218,0.0029697,0.0076204,0.0060625,0.0144506,0.0402416,0.0357842,0.0166007,
202,1e-07,0.0001269,0.0002062,0.0010493,0.001624,0.0009231,0.0009855,0.0029388,0.0077617,0.017316,0.0175892,0.0382471,0.0388558,0.0247697,
203,1e-07,0.0001294,0.0002066,0.0007664,0.001431,0.0009679,0.0005238,0.0022412,0.0078746,0.0118194,0.0157126,0.0234829,0.0068661,0.029032,
204,1e-07,0.0001289,0.000206,0.0015761,0.0015802,0.0005961,0.0007664,0.0014196,0.0085715,0.00224,0.0118057,0.0204863,0.0265697,0.0339597,
205,1e-07,0.0001301,0.0002062,0.0011011,0.0010432,0.0005958,0.0005158,0.0009166,0.0072791,0.0157344,0.0090662,0.0273995,0.0432003,0.0320122,
206,1e-07,0.0001332,0.0002069,0.0011045,0.001625,0.0020056,0.0017103,0.0021601,0.0036,0.0162982,0.0084155,0.0137575,0.0408902,0.0462429,
207,1e-07,0.0016511,0.0002067,0.0015753,0.0014079,0.0005183,0.0005179,0.0013604,0.0033312,0.0142127,0.0254902,0.0118284,0.0076929,0.0486219,
208,1e-07,0.0009488,0.0002062,0.0002567,0.0007024,0.0005155,0.0007386,0.0013506,0.0030375,0.0097957,0.0244342,0.0179891,0.01219,0.0397959,
209,1e-07,0.0001361,0.0008167,0.0016686,0.001999,0.0005925,0.0005121,0.0016869,0.0048914,0.020348,0.023363,0.0157092,0.0178498,0.0344466,
210,1e-07,0.0001385,0.0002074,0.0007574,0.0015822,0.0012706,0.0018128,0.0016911,0.0094835,0.0190549,0.0225108,0.0360374,0.0237335,0.0267789,
211,1e-07,0.0001383,0.0002067,0.0007548,0.0010362,0.0010183,0.0019795,0.00237,0.0097267,0.0080263,0.0283905,0.0375697,0.0275216,0.0134246,
212,1e-07,0.0001399,0.0002069,0.0012274,0.000755,0.0016664,0.0014014,0.0021587,0.0101577,0.0283799,0.0301488,0.0341043,0.0328595,0.0185214,
213,1e-07,0.0001428,0.0002077,0.0009574,0.0016466,0.0009219,0.0013582,0.0027543,0.0168547,0.0369519,0.0233837,0.0602628,0.0473454,0.0527992,
214,1e-07,0.0001435,0.0002077,0.0007511,0.0007515,0.0012984,0.0013574,0.0021433,0.0164999,0.0365149,0.0253906,0.0536626,0.0537582,0.0536414,
215,1e-07,0.0001423,0.0009482,0.0002654,0.0007493,0.000969,0.0012431,0.0035289,0.0108103,0.0662412,0.051587,0.0303682,0.0771901,0.0963922,
216,2e-07,0.0001417,0.0002063,0.0012231,0.0007894,0.0009312,0.0012396,0.0021854,0.0073254,0.05806,0.0731467,0.0462044,0.0421054,0.0550496,
217,1e-07,0.000139,0.0002059,0.0002629,0.000741,0.0009315,0.0020552,0.0016672,0.0109857,0.0547735,0.0437887,0.019495,0.0474909,0.0594628,
218,1e-07,0.0001377,0.0002053,0.0010039,0.0007399,0.0014478,0.0004969,0.0009303,0.0048662,0.0097625,0.0110524,0.0415457,0.0820676,0.0564138,
219,1e-07,0.0001339,0.0002049,0.0007547,0.0010158,0.0005069,0.0004999,0.0016866,0.0113327,0.0234805,0.0178022,0.0221353,0.0231926,0.0535854,
220,1e-07,0.000882,0.0008172,0.0002576,0.0007897,0.0005079,0.0007452,0.0022104,0.0107861,0.0317958,0.0653412,0.0299523,0.0322344,0.0578236,
221,1e-07,0.0001303,0.0013516,0.0012472,0.0014392,0.0005912,0.0009493,0.0040635,0.0107246,0.0112189,0.045704,0.0099014,0.0317121,0.0491832,
222,2e-07,0.0001307,0.0012723,0.0002558,0.0007907,0.0005905,0.0013717,0.0023899,0.0032773,0.0311178,0.0563449,0.0501303,0.0408841,0.0701877,
223,2e-07,0.0001274,0.0009352,0.0014057,0.0010879,0.0010469,0.001373,0.0014301,0.0013496,0.0092471,0.052378,0.0078312,0.0200675,0.04609,
224,2e-07,0.0001253,0.0008205,0.0002499,0.0016366,0.0012346,0.0016273,0.0016722,0.0191506,0.0356177,0.0232869,0.0491043,0.0319305,0.0452268,
225,2e-07,0.0008946,0.000935,0.0002467,0.0007911,0.0009881,0.0009459,0.0013567,0.0121946,0.0328433,0.0170711,0.0337278,0.0275897,0.0654054,
226,2e-07,0.0001204,0.0002046,0.0012495,0.0006922,0.0020152,0.0018991,0.0037296,0.0082133,0.0108438,0.0710628,0.0335181,0.05442,0.0538307,
227,3e-07,0.0001193,0.0012717,0.0007731,0.0014106,0.0016639,0.0011395,0.0054388,0.0181159,0.0179408,0.0629814,0.0511366,0.0405432,0.0524389,
228,3e-07,0.0001159,0.0013519,0.0012079,0.0006938,0.0016647,0.0018977,0.0035684,0.0291751,0.0501557,0.0258949,0.051342,0.0843513,0.0570478,
229,3e-07,0.000117,0.0002037,0.0012518,0.0007548,0.0021905,0.0013704,0.0042025,0.01618,0.0253254,0.0148831,0.0417854,0.0850104,0.0625451,
230,3e-07,0.0001191,0.0002042,0.0013751,0.0010439,0.0016657,0.0015164,0.0019855,0.0069448,0.0414821,0.0213919,0.040207,0.0447792,0.083655,
231,2e-07,0.0001156,0.0002039,0.0002385,0.000751,0.0018587,0.0024529,0.0050869,0.0206359,0.0483542,0.0361176,0.0236241,0.0272722,0.0679221,
232,2e-07,0.0001145,0.0002034,0.0007739,0.0007483,0.0009411,0.0014038,0.0067632,0.0213172,0.0370361,0.039596,0.0769881,0.0505794,0.0692582,
233,2e-07,0.0001171,0.0002036,0.0002407,0.0006999,0.0005999,0.0013627,0.00863,0.0206352,0.0154831,0.0358035,0.0291445,0.0098824,0.0524701,
234,2e-07,0.0001174,0.0002041,0.0010898,0.0017463,0.0016656,0.0024522,0.0094431,0.0242498,0.0360565,0.0457954,0.0081409,0.0186836,0.0320091,
235,2e-07,0.0013593,0.001232,0.0002364,0.0010511,0.0018728,0.0021435,0.023161,0.0360569,0.0485987,0.0304166,0.0366386,0.0323855,0.0757048,
236,2e-07,0.0001146,0.0002033,0.0013093,0.0010275,0.0009803,0.0018025,0.0103631,0.0263547,0.0538794,0.0189189,0.0474797,0.0361287,0.0894201,
237,1e-07,0.0009588,0.0012336,0.0017692,0.0017293,0.0018735,0.0009244,0.0144726,0.0276534,0.0256866,0.0321242,0.0436066,0.0303802,0.051485,
238,1e-07,0.0009028,0.0013605,0.0019511,0.0010459,0.0014685,0.0017258,0.0291912,0.01736,0.0416125,0.0565313,0.0294091,0.0765178,0.0530061,
239,2e-07,0.0009525,0.0002045,0.0015452,0.0007439,0.0014696,0.001737,0.0094857,0.0330885,0.0264617,0.0486623,0.0318781,0.0471397,0.0599685,
240,2e-07,0.0001188,0.0008151,0.0012756,0.0010735,0.0018612,0.0029539,0.0076068,0.0183099,0.0285288,0.0271759,0.0301716,0.0357464,0.0562912,
241,2e-07,0.0009041,0.0002047,0.0010958,0.0007506,0.0017219,0.0005215,0.0046436,0.0235706,0.0457384,0.0472579,0.0275001,0.0605434,0.1232917,
242,3e-07,0.0001206,0.0002053,0.000774,0.0007544,0.0012504,0.0019048,0.0039222,0.0110799,0.0364636,0.0471612,0.037342,0.0911934,0.1176049,
243,3e-07,0.0009737,0.0009372,0.0002421,0.0014204,0.0005208,0.0017417,0.0040479,0.0108035,0.0424391,0.0551752,0.050428,0.0683025,0.1161411,
244,3e-07,0.0001225,0.0008203,0.0002441,0.0017173,0.0018506,0.0007805,0.00326,0.0167833,0.0502514,0.0672681,0.0558338,0.1018329,0.1494776,
245,3e-07,0.0001248,0.0002069,0.0007756,0.0006982,0.0009889,0.0019047,0.0022156,0.022335,0.0198413,0.0537832,0.0446887,0.0658597,0.0941894,
246,3e-07,0.0001257,0.0002065,0.0007725,0.0007962,0.0009677,0.0009813,0.003014,0.0180055,0.0121735,0.0198835,0.0419843,0.070117,0.0608108,
247,2e-07,0.0001268,0.0002066,0.0002487,0.0007977,0.0009943,0.0009778,0.0037132,0.0136013,0.0225157,0.0503097,0.0615486,0.1131847,0.0956342,
248,2e-07,0.0001288,0.0002074,0.0002503,0.0006966,0.0017313,0.0011388,0.0018079,0.0051236,0.0425532,0.0643771,0.060383,0.0573706,0.0597821,
249,2e-07,0.0001308,0.000819,0.0002517,0.0015682,0.0014543,0.001918,0.0022139,0.0113205,0.0437215,0.0695371,0.0469293,0.0169098,0.0436463,
250,2e-07,0.0001322,0.0012276,0.0012412,0.0007402,0.000524,0.000977,0.0016985,0.0076391,0.0162534,0.0381858,0.0610353,0.0573301,0.0476394,
251,2e-07,0.0009794,0.0011011,0.0002561,0.0006968,0.0010051,0.0009388,0.0017031,0.0125317,0.0288382,0.0261557,0.0908281,0.0709464,0.0400675,
252,2e-07,0.0001378,0.0009366,0.0002595,0.0007651,0.0013126,0.0017426,0.0036443,0.0126749,0.0289376,0.0179675,0.1147449,0.0845055,0.0593658,
253,2e-07,0.0001376,0.000208,0.0015142,0.0010258,0.0014733,0.0015306,0.0013573,0.0103139,0.0260576,0.0061322,0.0967376,0.0707898,0.0392717,
254,2e-07,0.000887,0.0002076,0.0007622,0.0007371,0.0014805,0.0012544,0.0024252,0.0054045,0.0119604,0.0347632,0.0411991,0.0500512,0.019564,
255,2e-07,0.0001391,0.0002084,0.0015311,0.0010217,0.0017205,0.0005098,8.66e-05,0.011348,0.0200071,0.0349099,0.0519379,0.0563327,0.0267553,
256,2e-07,0.0008829,0.0002087,0.001229,0.0010696,0.0009154,0.0009448,0.0054532,0.0113418,0.0281868,0.0343581,0.0493318,0.0703174,0.0123526,
257,2e-07,0.000881,0.0002079,0.0007564,0.0008007,0.0009612,0.0012519,0.003242,0.0105006,0.024507,0.0633107,0.0509419,0.0423793,0.0227215,
258,2e-07,0.00014,0.0016074,0.0011119,0.0008026,0.0019008,0.0017373,0.0029563,0.0090199,0.0412847,0.0446527,0.0266045,0.0334163,0.0373241,
259,2e-07,0.0009478,0.0002068,0.0002599,0.0007641,0.0005926,0.0017361,0.0016996,0.0026178,0.0268876,0.0083639,0.0272998,0.0388,0.0436433,
260,2e-07,0.0009782,0.0002065,0.0007631,0.0010293,0.0005178,0.0005048,0.0009851,0.0064386,0.0239953,0.0120317,0.0363904,0.033615,0.0689055,
261,2e-07,0.0001305,0.0002064,0.0009509,0.001653,0.0005181,0.0009758,0.0010004,0.0111267,0.0163954,0.0178566,0.0261804,0.0238488,0.0371005,
262,2e-07,0.0009499,0.0002057,0.0011976,0.0006939,0.0012765,0.0009763,0.0031765,0.0048403,0.0259586,0.0257576,0.0210102,0.016726,0.0387581,
263,2e-07,0.0001298,0.0012268,0.0007631,0.0014137,0.0012342,0.0025912,0.003986,0.0102145,0.0177094,0.036975,0.0188273,0.0504306,0.0494363,
264,2e-07,0.0001304,0.0009874,0.0007623,0.0007359,0.0005137,0.0017353,0.0021949,0.0065443,0.0092739,0.0164848,0.0439009,0.0490704,0.0722972,
265,2e-07,0.0008928,0.0002052,0.0013999,0.0007915,0.0009795,0.0005088,0.0029899,0.002943,0.0145322,0.0275158,0.0458266,0.0317028,0.0544612,
266,2e-07,0.0009558,0.0013139,0.0010513,0.0007556,0.0005959,0.0007701,0.0023832,0.0028216,0.0116185,0.0199321,0.0178441,0.0359521,0.0791963,
267,1e-07,0.0001291,0.0002048,0.0015533,0.000753,0.000593,0.0011408,0.0029408,0.0032777,0.0080831,0.022909,0.0217992,0.0383748,0.042088,
268,1e-07,0.000955,0.0002048,0.00025,0.0007877,0.001306,0.0012433,0.0024084,0.0059052,0.0302783,0.0280917,0.0330218,0.0527681,0.0522712,
269,1e-07,0.0001234,0.0015684,0.0010486,0.0010455,0.0009887,0.0015119,0.0029441,0.0056436,0.0206343,0.0302419,0.0274128,0.0553311,0.0444627,
270,1e-07,0.0001255,0.0002039,0.0023363,0.0007491,0.0009407,0.0007622,0.0027834,0.0117112,0.0172225,0.0308487,0.0158773,0.0272926,0.0649655,
271,1e-07,0.0001268,0.0002043,0.0002504,0.0007832,0.0012282,0.0013616,0.0050327,0.0100458,0.039444,0.0305849,0.0358092,0.0123271,0.0523184,
272,1e-07,0.0011104,0.000204,0.002034,0.0007813,0.001468,0.0009346,0.0036829,0.0127406,0.0479368,0.0522926,0.0382845,0.0327006,0.0761357,
273,1e-07,0.0001219,0.0002035,0.0002459,0.0007385,0.0016977,0.0018804,0.0022904,0.0160797,0.0505394,0.0474645,0.0369469,0.0315566,0.0677532,
274,1e-07,0.000889,0.0002035,0.0002485,0.0007787,0.0004996,0.0017907,0.0037325,0.0191367,0.0547012,0.0517248,0.0321627,0.00988,0.0333833,
275,1e-07,0.0001258,0.0009503,0.0009751,0.001051,0.0012656,0.0020359,0.0121764,0.0264114,0.0406521,0.0688863,0.0497526,0.0221181,0.035781,
276,1e-07,0.0001295,0.0002044,0.0002532,0.0007461,0.0009905,0.0007543,0.0135629,0.016592,0.0139049,0.0394545,0.0300449,0.0290712,0.0411554,
277,0.0,0.0001294,0.0012677,0.0007551,0.0007762,0.0005881,0.0017864,0.0054113,0.0176974,0.0363389,0.0328587,0.0497541,0.0472471,0.061971,
278,0.0,0.0001326,0.0002047,0.0002563,0.0007763,0.0005866,0.0029043,0.0081461,0.0240089,0.0652628,0.0523098,0.086378,0.0622557,0.0969027,
279,1e-07,0.0001346,0.0002048,0.0002588,0.0007393,0.0018399,0.0017879,0.0059086,0.0077666,0.0430176,0.0380514,0.0560442,0.0262726,0.0871942,
280,1e-07,0.000136,0.0008119,0.0002597,0.0007816,0.0005862,0.0005073,0.0019818,0.0231932,0.0536622,0.0438203,0.0543632,0.0441914,0.078154,
281,1e-07,0.0001361,0.0002059,0.0010601,0.0007488,0.0005877,0.0007612,0.001694,0.0110779,0.0166566,0.046257,0.0361968,0.0231883,0.0730792,
282,1e-07,0.0008798,0.0010864,0.0002613,0.000707,0.0012799,0.0009877,0.0013752,0.0145005,0.0277003,0.0390338,0.0428823,0.0293649,0.0656145,
283,1e-07,0.0001395,0.0002067,0.0002623,0.0014085,0.0005859,0.0009909,0.0017595,0.017913,0.0224627,0.0707299,0.0221332,0.0513955,0.0922178,
284,0.0,0.0013103,0.001259,0.0007545,0.0007553,0.0005109,0.0015102,0.0022459,0.0126532,0.0150891,0.0183874,0.0096258,0.0525203,0.0926796,
285,0.0,0.0008833,0.0009564,0.0009738,0.0007794,0.0009361,0.0012383,0.005125,0.0088666,0.0178977,0.0219071,0.0288747,0.046546,0.0623693,
286,0.0,0.0008873,0.0002053,0.0013026,0.001635,0.0009821,0.0013579,0.0035049,0.0234067,0.0124643,0.0298579,0.0408762,0.0290064,0.0572775,
287,1e-07,0.000129,0.0002055,0.0007611,0.0007504,0.0009317,0.0007586,0.0044258,0.0201306,0.0261005,0.0116965,0.0187336,0.0400043,0.0205896,
288,1e-07,0.0001296,0.0002061,0.001095,0.0017665,0.0012337,0.001365,0.0045599,0.0256984,0.0203678,0.004566,0.0339776,0.0115584,0.0346796,
289,1e-07,0.0001282,0.0002063,0.0015765,0.0015774,0.0005969,0.0018962,0.0042137,0.0120289,0.0058208,0.0093119,0.0403571,0.0496475,0.030666,
290,1e-07,0.0013509,0.0012569,0.0014,0.0007879,0.0005215,0.0005292,0.0014776,0.0118288,0.0150782,0.0084989,0.0349648,0.0392661,0.0482392,
291,1e-07,0.0001336,0.0002076,0.0002541,0.0007911,0.0005956,0.000769,0.0023303,0.0107296,0.0228393,0.0105714,0.0122357,0.0383765,0.0359057,
292,1e-07,0.0001327,0.0002077,0.0002531,0.0014368,0.0005978,0.0009857,0.0028426,0.0098441,0.0245794,0.0101757,0.01375,0.0387004,0.026932,
293,1e-07,0.0001345,0.0012569,0.0002551,0.0007475,0.0012405,0.0017129,0.0033038,0.0043179,0.0156201,0.0138895,0.0231782,0.0454856,0.0237963,
294,1e-07,0.0001368,0.001409,0.0011884,0.0016469,0.0012415,0.0019167,0.001326,0.0078553,0.0143399,0.0314171,0.0261834,0.0250732,0.0251607,
295,1e-07,0.0001379,0.001616,0.0002578,0.0007529,0.0005956,0.0018263,0.0023929,0.0030125,0.0097922,0.0229904,0.0180103,0.0219979,0.0091778,
296,1e-07,0.0001388,0.0017043,0.0015719,0.0016439,0.0012927,0.0007312,0.0022079,0.0101472,0.0158825,0.0145211,0.008708,0.0353399,0.0495663,
297,1e-07,0.0010375,0.0008167,0.0002622,0.0007048,0.0012329,0.0007288,0.0028999,0.0130082,0.0313276,0.033523,0.0065806,0.0202376,0.0730144,
298,1e-07,0.0008845,0.0002098,0.0010634,0.0010581,0.0010224,0.0012609,0.0024341,0.014881,0.0296338,0.0427417,0.0353818,0.0230396,0.0690219,
299,1e-07,0.0001442,0.0002094,0.000265,0.001059,0.0009131,0.001713,0.0013561,0.0168411,0.0205441,0.0312221,0.0500683,0.0571395,0.0495926,
300,1e-07,0.0001451,0.0002093,0.0002663,0.0007501,0.0012688,0.0005162,0.0010181,0.0093314,0.0086968,0.0263859,0.0451695,0.0595126,0.0689347,
301,1e-07,0.0001468,0.0002101,0.0015251,0.0008027,0.0014332,0.0005176,0.0009937,0.0078078,0.0322019,0.0140823,0.0176052,0.0512584,0.0673046,
302,1e-07,0.000148,0.0002108,0.0013995,0.0017041,0.0009419,0.0005236,0.0008926,0.0118274,0.0628573,0.0558105,0.0435704,0.0881557,0.0753919,
303,1e-07,0.0008852,0.0002112,0.0007596,0.0009839,0.0016586,0.0010941,0.0038265,0.0067821,0.0270712,0.038928,0.0338901,0.0333531,0.0596208,
304,1e-07,0.0001478,0.0002121,0.0007614,0.0007559,0.0005962,0.0018094,0.009103,0.0147405,0.0261421,0.0337701,0.0731764,0.0840103,0.107064,
305,1e-07,0.0009198,0.0002128,0.0002666,0.000977,0.0005971,0.0014364,0.0057965,0.0092544,0.0204871,0.0524697,0.0612527,0.0228299,0.0604963,
306,1e-07,0.0001517,0.0002139,0.0002683,0.001047,0.0010293,0.0007138,0.0023512,0.0199065,0.0184142,0.039914,0.0743897,0.0640212,0.0476972,
307,2e-07,0.0013496,0.0010717,0.0025953,0.0089748,0.0120827,0.0112232,0.0261742,0.0225399,0.0337489,0.0151669,0.0567347,0.0457968,0.0231219,
308,1e-07,0.0009758,0.0010739,0.0028706,0.0046697,0.0046918,0.005405,0.0117013,0.019242,0.0520799,0.0114708,0.0412468,0.0357532,0.0402701,
309,1e-07,0.0001318,0.0002082,0.001496,0.0025261,0.0017137,0.0025645,0.0076986,0.0056123,0.0168467,0.0111502,0.0461049,0.0274665,0.0520806,
310,0.0,0.0001344,0.0002085,0.0010546,0.0007817,0.0021821,0.0030969,0.0054605,0.0109112,0.0186223,0.0122353,0.0383331,0.0093551,0.0441284,
311,0.0,0.0001381,0.0002088,0.0002577,0.0007689,0.0005918,0.0017577,0.0018896,0.0185325,0.0168603,0.0260029,0.0397677,0.0102547,0.032384,
312,0.0,0.0001396,0.0002098,0.0007576,0.0010491,0.0005918,0.0019889,0.0023533,0.0102553,0.0206449,0.0165987,0.0493892,0.0097716,0.0383697,
313,0.0,0.0001433,0.0002108,0.0002616,0.0007877,0.0018546,0.0007616,0.0023204,0.0128406,0.0273553,0.0201358,0.0311384,0.044424,0.0281208,
314,1e-07,0.0001453,0.0009641,0.0012281,0.0014413,0.0012292,0.0011328,0.0031021,0.0070718,0.0119618,0.0205888,0.0379211,0.0367083,0.0603042,
315,0.0,0.0001456,0.0009646,0.001581,0.0007229,0.0010572,0.0017475,0.0023348,0.0033102,0.0095637,0.0287805,0.0445005,0.0306708,0.0167959,
316,0.0,0.0001486,0.0009599,0.00157,0.001042,0.0019725,0.0011018,0.0014834,0.0122988,0.020226,0.0349151,0.0226825,0.0480025,0.0193032,
317,0.0,0.000985,0.0002138,0.0007577,0.0009986,0.0005944,0.0009031,0.002481,0.0107476,0.0315596,0.0174068,0.0722831,0.0696349,0.0592361,
318,0.0,0.000153,0.0012352,0.0002681,0.0007805,0.0017504,0.0012247,0.0012756,0.0082768,0.0401308,0.0209237,0.0504895,0.0493404,0.0466407,
319,1e-07,0.0001543,0.0017045,0.0009462,0.0007228,0.0015508,0.0009083,0.0021379,0.0046463,0.0135303,0.0262947,0.0158226,0.0438716,0.0683668,
320,0.0,0.0001539,0.0002142,0.0002699,0.001442,0.0005443,0.0012275,0.0022989,0.0070883,0.0232485,0.0305957,0.0362449,0.0382442,0.082633,
321,1e-07,0.0001567,0.0002155,0.0009394,0.0016008,0.0005483,0.00109,0.0014098,0.0106724,0.0277016,0.0736195,0.0855233,0.0699708,0.0860313,
322,1e-07,0.0001595,0.0002158,0.000751,0.0009762,0.0005475,0.0007809,0.0034473,0.0023243,0.014324,0.0210684,0.0392787,0.0256332,0.0564643,
323,1e-07,0.0001589,0.0016309,0.0002759,0.0007526,0.0009226,0.0007199,0.0014882,0.0051299,0.0242736,0.0184777,0.0448124,0.0349876,0.0459478,
324,1e-07,0.0001621,0.001342,0.0015112,0.0007175,0.0012648,0.0014783,0.0021407,0.0052335,0.0181034,0.0250407,0.0136443,0.0359127,0.0355841,
325,1e-07,0.0001639,0.0002158,0.0007479,0.0007675,0.0010529,0.0018731,0.0022661,0.00263,0.0146778,0.0092342,0.0242725,0.0394545,0.0327029,
326,1e-07,0.0009915,0.0013272,0.0015534,0.0007153,0.001234,0.0013989,0.0010578,0.0006089,0.010464,0.0103164,0.0428856,0.0575212,0.026396,
327,3e-07,0.0001697,0.0002166,0.0007429,0.0007137,0.000915,0.000525,0.0010539,0.0079713,0.0183465,0.0044026,0.0354248,0.0600197,0.0335715,
328,3e-07,0.0008603,0.0002172,0.0009917,0.0010054,0.0009134,0.0018692,0.0017164,0.0085281,0.0093273,0.0509952,0.0421725,0.08449,0.0254632,
329,3e-07,0.0001737,0.0002172,0.0002938,0.0007616,0.0012922,0.0013631,0.0025585,0.0350476,0.0372694,0.1083471,0.0578135,0.0906398,0.0294045,
330,3e-07,0.0009931,0.000216,0.0002919,0.001438,0.001064,0.0017976,0.0052912,0.0214737,0.0325995,0.0977328,0.0879214,0.1168564,0.0895297,
331,3e-07,0.000169,0.0012304,0.0012836,0.000766,0.0015438,0.001469,0.0024572,0.008381,0.0235307,0.0441085,0.0201907,0.0500328,0.0335854,
332,1e-07,0.0001661,0.0016006,0.0002859,0.0007637,0.0017918,0.0005214,0.0014232,0.0113299,0.0278566,0.0130972,0.0252608,0.048924,0.0160591,
333,2e-07,0.0001637,0.0002145,0.0015664,0.0015601,0.0008984,0.0012647,0.0022284,0.0063026,0.0054574,0.0046913,0.0193676,0.0364455,0.0128862,
334,1e-07,0.0008696,0.0008137,0.0012134,0.0007149,0.0013348,0.0012657,0.0018135,0.0064671,0.0048077,0.0168488,0.0492612,0.019286,0.0339773,
335,1e-07,0.0001629,0.0013336,0.0011698,0.0008045,0.0010539,0.0013579,0.0013653,0.0086783,0.0076198,0.0317205,0.0216479,0.0184021,0.0238247,
336,1e-07,0.0001622,0.0002154,0.0002795,0.0010178,0.0009223,0.0018133,0.0001566,0.0058542,0.0052496,0.0187495,0.0250962,0.0272662,0.0230664,
337,1e-07,0.0001642,0.0002167,0.0002806,0.000994,0.0012847,0.0005411,0.0010684,0.0048767,0.0126685,0.0193975,0.0236206,0.0326957,0.038901,
338,1e-07,0.0009897,0.0002172,0.0013433,0.0010176,0.0012844,0.0018191,0.000857,0.0051752,0.0218524,0.0142854,0.050868,0.0733096,0.0553573,
339,1e-07,0.0009907,0.0009471,0.0007471,0.0007872,0.0005885,0.0016506,0.001515,0.0090441,0.0349498,0.0280983,0.0628474,0.0888624,0.0394967,
340,1e-07,0.0001703,0.0002192,0.0015523,0.0023036,0.0010617,0.0009105,0.0018291,0.0049897,0.024578,0.0272108,0.0467116,0.0680764,0.0589606,
341,1e-07,0.001142,0.0002182,0.0015867,0.0007258,0.0005863,0.0013572,0.0013596,0.0100769,0.0162763,0.0398738,0.0297448,0.046659,0.0547102,
342,1e-07,0.0001681,0.0002172,0.0011279,0.0009713,0.0008918,0.0017536,0.0016609,0.0035947,0.0123037,0.0370016,0.0370021,0.0257096,0.0260966,
343,1e-07,0.0001668,0.0002161,0.0002849,0.000803,0.0012952,0.0013572,0.0008649,0.0049427,0.0115464,0.0321694,0.0277883,0.0439239,0.0196581,
344,2e-07,0.0013783,0.0014328,0.0012706,0.0007184,0.0009233,0.0013945,0.0008701,0.0031458,0.0098799,0.0231081,0.0445687,0.0436111,0.0319671,
345,2e-07,0.0001665,0.0014304,0.0007388,0.0010436,0.000539,0.0009313,0.0013056,0.0033028,0.0107682,0.0172441,0.0365014,0.0202041,0.0169508,
346,2e-07,0.0001704,0.0002155,0.0016516,0.0007701,0.0009237,0.0009342,0.0021084,0.0070997,0.0100341,0.006226,0.0432861,0.0415698,0.0191233,
347,2e-07,0.0008571,0.0009529,0.0002905,0.0007655,0.0019962,0.0014143,0.0014483,0.0107759,0.0175239,0.0063484,0.0181276,0.0603609,0.0219547,
348,2e-07,0.00017,0.0008147,0.0012747,0.0007139,0.0005429,0.0014841,0.0023986,0.0046276,0.015157,0.0241093,0.0220157,0.0457599,0.0146446,
349,2e-07,0.0001742,0.0013446,0.0002943,0.0015595,0.0012187,0.0014723,0.0018727,0.0057892,0.0136605,0.0328844,0.024021,0.0199609,0.0053978,
350,3e-07,0.0001738,0.0002154,0.0007342,0.0017169,0.0010711,0.0007269,0.0021157,0.0059031,0.0080582,0.0171846,0.0210477,0.0524312,0.0498305,
351,3e-07,0.0001721,0.0002148,0.0011295,0.0015858,0.0010688,0.0009487,0.0009551,0.0089684,0.0068911,0.0446196,0.0276982,0.0064554,0.0822843,
352,3e-07,0.0001693,0.0016253,0.0015685,0.0017679,0.0009052,0.0013616,0.0031954,0.0145525,0.0056661,0.0509245,0.024335,0.0415031,0.0756161,
353,3e-07,0.0001726,0.0002139,0.0009904,0.0007057,0.0009055,0.0009555,0.0034827,0.0045783,0.0055181,0.0378365,0.0179767,0.0234686,0.0732451,
354,3e-07,0.0008503,0.0002147,0.0002972,0.001697,0.0010741,0.0005044,0.003032,0.0161562,0.019341,0.0371254,0.0401287,0.0353829,0.0496191,
355,2e-07,0.0001719,0.0002139,0.0014682,0.00165,0.0009308,0.0017269,0.0021281,0.0114956,0.0102748,0.0499597,0.0334486,0.0393656,0.0674241,
356,3e-07,0.0001717,0.0002131,0.0007295,0.0007558,0.0005747,0.0015252,0.002137,0.0136514,0.0090848,0.0320995,0.0269288,0.0482496,0.0478244,
357,3e-07,0.0015441,0.0002138,0.001123,0.0007572,0.0021691,0.0004982,0.0035401,0.0207059,0.0445257,0.0464381,0.040954,0.0685288,0.0850988,
358,2e-07,0.0001776,0.0002137,0.0015398,0.0008041,0.0011,0.000738,0.0021357,0.0174786,0.040848,0.0497296,0.0432382,0.093905,0.1303534,
359,2e-07,0.00018,0.000215,0.0007234,0.0007588,0.0018034,0.000501,0.0050385,0.0157301,0.0510797,0.0483155,0.0532308,0.0714023,0.0682319,
360,2e-07,0.0001766,0.0002149,0.0012815,0.0010155,0.0020098,0.0005059,0.0008834,0.0120932,0.0420949,0.0145499,0.0348144,0.0440384,0.0589711,
361,2e-07,0.0001779,0.0002155,0.001189,0.0017025,0.0005733,0.0009732,0.0013735,0.0070902,0.0108832,0.0231015,0.0438654,0.0488356,0.0511113,
362,2e-07,0.0001814,0.0002166,0.0003029,0.0010123,0.0009207,0.0018681,0.0031682,0.0124864,0.0369722,0.0150409,0.0366291,0.0416293,0.0630218,
363,2e-07,0.0001799,0.0002164,0.0007279,0.0008097,0.001538,0.0014715,0.0044872,0.0210774,0.0467807,0.0323573,0.0193255,0.0395279,0.0478882,
364,2e-07,0.0001778,0.0010889,0.0002984,0.0009721,0.0016394,0.001474,0.0032778,0.0192437,0.0295916,0.0210758,0.0311641,0.027196,0.0506274,
365,2e-07,0.0008476,0.0002178,0.0013107,0.0009693,0.0011001,0.001775,0.0045629,0.0131741,0.0221946,0.0140306,0.0217908,0.0125026,0.0829743,
366,2e-07,0.0008482,0.0002184,0.0007271,0.0009656,0.0018,0.0026549,0.004059,0.0127268,0.0232449,0.0360174,0.0235089,0.0480475,0.0601623,
367,2e-07,0.000852,0.0002187,0.0015648,0.0015596,0.0017258,0.0012455,0.0053728,0.0100428,0.0285075,0.0352973,0.012887,0.0465204,0.034462,
368,2e-07,0.0001819,0.0013424,0.0009406,0.0010027,0.0005806,0.0010865,0.0037075,0.0121364,0.0336848,0.064354,0.0739073,0.0925145,0.0481765,
369,2e-07,0.0001803,0.00022,0.0012787,0.0008158,0.001649,0.0018705,0.0037008,0.0093733,0.0301671,0.033241,0.0657132,0.0583755,0.0408102,
370,3e-07,0.0001816,0.0015352,0.0009339,0.0007171,0.0005593,0.0018693,0.0065151,0.0263157,0.0179312,0.0335471,0.0489215,0.0603362,0.0480221,
371,3e-07,0.0008579,0.0015338,0.0002978,0.0007148,0.00109,0.0018035,0.0085191,0.0187821,0.0207574,0.0360331,0.0219972,0.0471342,0.0415986,
372,3e-07,0.0008607,0.0002186,0.0015542,0.0010026,0.0005843,0.0007173,0.0032252,0.0141389,0.0330757,0.0274591,0.0317052,0.0358462,0.0424726,
373,3e-07,0.0001724,0.0002183,0.0009345,0.0007688,0.0013523,0.0018083,0.0028587,0.01379,0.0282864,0.017105,0.0066203,0.0455479,0.0276816,
374,1e-07,0.0001697,0.0012304,0.0002866,0.000717,0.0014038,0.001393,0.0022939,0.0075495,0.0248758,0.0413782,0.0214956,0.0273099,0.0276909,
375,2e-07,0.0001665,0.0002173,0.0002831,0.0010009,0.000911,0.0016526,0.0012773,0.0119592,0.0149968,0.0380233,0.0711601,0.0399209,0.0368376,
376,1e-07,0.0001632,0.0015414,0.0002794,0.0007709,0.0009122,0.0014748,0.0037029,0.0126279,0.0283762,0.0361175,0.052664,0.0347583,0.0530356,
377,1e-07,0.0015255,0.0013444,0.0009306,0.0007159,0.001044,0.0014729,0.0073662,0.0152884,0.0254952,0.0459061,0.0586551,0.0315068,0.0602853,
378,1e-07,0.0001628,0.0002174,0.0013917,0.0009623,0.001066,0.0013962,0.0060596,0.0205768,0.0247814,0.0326425,0.0290396,0.0209427,0.0397728,
379,2e-07,0.0001662,0.0002183,0.0009268,0.0007713,0.0012526,0.0013969,0.0073907,0.0115509,0.0153464,0.0314461,0.040639,0.0398065,0.0185929,
380,2e-07,0.0001694,0.0002187,0.0015426,0.0007172,0.0013725,0.00054,0.0046066,0.0116664,0.0244056,0.0699097,0.0331571,0.0236567,0.0265882,
381,1e-07,0.0001709,0.0012275,0.0013997,0.0009935,0.0005583,0.0012795,0.0010793,0.0097368,0.0372488,0.0640605,0.0327542,0.0385759,0.0172575,
382,1e-07,0.0001747,0.0002203,0.0002904,0.0009905,0.0013737,0.0010766,0.0012753,0.0145877,0.0284502,0.0436267,0.0182874,0.0753391,0.035589,
383,2e-07,0.0001761,0.0002201,0.0013313,0.0007614,0.001358,0.0016147,0.0012699,0.009517,0.0311316,0.0536631,0.043137,0.1078139,0.0275366,
384,2e-07,0.0001794,0.0013224,0.0002954,0.0010287,0.0012722,0.0005393,0.0018476,0.0063273,0.0328242,0.0534693,0.0313088,0.0580036,0.0657278,
385,2e-07,0.0001792,0.0002207,0.0010932,0.0007236,0.0014008,0.000535,0.0021316,0.0060779,0.0248034,0.0192116,0.0576046,0.0757829,0.0525095,
386,2e-07,0.0013886,0.0009442,0.0002958,0.0016978,0.001092,0.0005307,0.0023524,0.0078785,0.0385918,0.0439698,0.0203322,0.0231107,0.0514462,
387,2e-07,0.0001774,0.0002187,0.000296,0.0007234,0.0019685,0.0007232,0.002586,0.0117705,0.0443462,0.0709413,0.0245675,0.0482493,0.0487881,
388,2e-07,0.0001754,0.0009494,0.0010929,0.0015615,0.0009176,0.0018731,0.0013858,0.0166011,0.0321098,0.0242549,0.0177846,0.0238799,0.0522911,
389,2e-07,0.0001738,0.0008095,0.001345,0.0007245,0.0005773,0.0022707,0.0008666,0.0138886,0.0135711,0.0238086,0.0092297,0.0210836,0.035919,
390,2e-07,0.0008535,0.0009535,0.0012788,0.0009827,0.0013123,0.0012547,0.0013376,0.0100891,0.0354753,0.0177717,0.0172108,0.0200788,0.0518173,
391,2e-07,0.0001701,0.0012346,0.0009581,0.0007206,0.0016163,0.0007319,0.0014972,0.004512,0.0272929,0.0331494,0.0316897,0.0327048,0.0295733,
392,2e-07,0.00086,0.0002157,0.0002886,0.0010201,0.0017961,0.0021119,0.0022461,0.0051279,0.0195742,0.0427469,0.027403,0.015741,0.0224894,
393,2e-07,0.0001716,0.0013364,0.0007365,0.0017275,0.0009196,0.001481,0.0021437,0.0062332,0.0109252,0.0156928,0.0480846,0.0256596,0.0221609,
394,2e-07,0.0008616,0.0002176,0.0011273,0.0010144,0.0005819,0.0013578,0.0014425,0.0028069,0.0151136,0.0363127,0.0151682,0.0540021,0.040422,
395,2e-07,0.000862,0.0009461,0.0007397,0.000968,0.0012911,0.0014783,0.0013359,0.0037316,0.0156587,0.0491908,0.0327922,0.0768923,0.0284381,
396,2e-07,0.000864,0.0002195,0.0002908,0.0016994,0.000585,0.0014773,0.0024728,0.0061211,0.0255776,0.0521988,0.0567819,0.0276344,0.0373337,
397,1e-07,0.0013399,0.0009427,0.0002889,0.0016966,0.0010668,0.0014016,0.0013596,0.0138725,0.0410723,0.0429736,0.0412768,0.0460309,0.0277355,
398,1e-07,0.0001757,0.0002211,0.000744,0.0016972,0.0013957,0.0007105,0.0020611,0.0197665,0.0217997,0.0429964,0.0752654,0.0525451,0.0316343,
399,1e-07,0.0001726,0.0002208,0.0009323,0.0009826,0.0010787,0.001686,0.0034425,0.0192684,0.026893,0.029569,0.0688081,0.0756125,0.1344875,
400,1e-07,0.000169,0.0013471,0.0009351,0.0009645,0.001788,0.002843,0.0020827,0.0167568,0.0183761,0.0393576,0.0423329,0.0478666,0.0452345,
401,1e-07,0.0001655,0.0002185,0.0007512,0.001011,0.0024479,0.0028439,0.001817,0.0216449,0.0240797,0.0506347,0.0560196,0.052374,0.0818233,
402,1e-07,0.0008798,0.0013349,0.0015636,0.000968,0.0010484,0.0014155,0.0060016,0.0237592,0.0170958,0.0558962,0.0351288,0.0337378,0.0592454,
403,1e-07,0.0001599,0.0002173,0.0002739,0.000727,0.0005946,0.0018255,0.005335,0.0166187,0.0034807,0.0426576,0.067367,0.0505091,0.0619758,
404,1e-07,0.0008786,0.0002172,0.0007516,0.000988,0.0005912,0.000551,0.0027673,0.0135965,0.0129558,0.045161,0.0759693,0.0464771,0.0542773,
405,1e-07,0.0001581,0.0002165,0.0015498,0.0009877,0.001248,0.0008996,0.0015087,0.0099267,0.0093998,0.0417319,0.116027,0.0883154,0.076124,
406,1e-07,0.0001581,0.0002167,0.0015843,0.001026,0.0010702,0.0005532,0.0020675,0.0162968,0.0218096,0.0174363,0.036386,0.0497057,0.0701808,
407,1e-07,0.0008752,0.0016367,0.0013151,0.0009827,0.0005873,0.0014948,0.0031939,0.0169383,0.0372775,0.0303221,0.0161544,0.0595668,0.0619534,
408,2e-07,0.0001602,0.0002159,0.0007447,0.0007879,0.0005408,0.001497,0.003228,0.0161535,0.0553655,0.0364286,0.0418084,0.0579702,0.061492,
409,2e-07,0.0001617,0.0002155,0.0002792,0.0009866,0.0005388,0.0007297,0.0035961,0.023026,0.02504,0.0500408,0.0526833,0.051591,0.0400949,
410,2e-07,0.0001599,0.0015075,0.0002782,0.0009947,0.0005812,0.0022634,0.0040118,0.008183,0.0255972,0.0226895,0.0435104,0.06738,0.0456489,
411,2e-07,0.0001594,0.0002136,0.0011051,0.0010398,0.0012268,0.0011201,0.0097198,0.0077314,0.0240817,0.0354425,0.0410649,0.0649992,0.0507635,
412,2e-07,0.0001562,0.0009648,0.0007405,0.0009995,0.0005799,0.0016922,0.0068414,0.0221204,0.0389501,0.0216053,0.0655042,0.0501101,0.0508024,
413,2e-07,0.0001554,0.0002115,0.0002763,0.0007826,0.0005782,0.001691,0.0056014,0.0242904,0.0073011,0.0448551,0.0395527,0.044048,0.055219,
414,2e-07,0.0001529,0.0002104,0.0002743,0.0007299,0.0014459,0.0007458,0.0043509,0.0139926,0.0243649,0.0307525,0.0464074,0.0414625,0.0524477,
415,2e-07,0.000149,0.0009687,0.0007426,0.0007796,0.000924,0.0009183,0.0023115,0.007274,0.018941,0.0140764,0.0515526,0.0391744,0.0499331,
416,2e-07,0.0008722,0.0002107,0.0010709,0.0007244,0.0005817,0.0009146,0.0023136,0.0104805,0.0231352,0.0439135,0.0248167,0.0442341,0.0132216,
417,1e-07,0.0001479,0.0002107,0.0010988,0.0007316,0.0009181,0.0009997,0.002072,0.0044331,0.0319357,0.0326888,0.0236837,0.0383462,0.0347031,
418,1e-07,0.0001493,0.0002113,0.0012767,0.0010065,0.0005854,0.0009128,0.0029608,0.0030218,0.0106054,0.0163065,0.0121684,0.0356043,0.0364708,
419,1e-07,0.0001483,0.0002113,0.0009583,0.000774,0.0009456,0.0007639,0.0014789,0.0030113,0.0149319,0.022148,0.0240788,0.0485571,0.0159691,
420,1e-07,0.0001501,0.0002116,0.000751,0.0015728,0.0005875,0.0009911,0.0015372,0.0041255,0.0138691,0.0161568,0.0314593,0.0774611,0.0245153,
421,1e-07,0.0001507,0.0002121,0.0015257,0.0010461,0.0005896,0.000727,0.001711,0.0033924,0.0202745,0.0131304,0.0294643,0.0428247,0.0488417,
422,1e-07,0.0001515,0.0002118,0.0012798,0.0015607,0.0009053,0.0005306,0.0009757,0.0042451,0.0175292,0.0206192,0.0299379,0.0376056,0.0585079,
423,1e-07,0.0001544,0.0002128,0.0015191,0.0010113,0.0005386,0.0012649,0.0022183,0.0034538,0.0141994,0.017078,0.0765387,0.0201663,0.0392154,
424,2e-07,0.0001558,0.0009484,0.0011737,0.0010164,0.000931,0.0009285,0.0021116,0.0049343,0.0113218,0.036981,0.0447567,0.0203326,0.0782256,
425,2e-07,0.000159,0.0013403,0.001262,0.0007624,0.0016074,0.0005286,0.0028233,0.0024334,0.039171,0.0277414,0.0360137,0.0318606,0.108596,
426,1e-07,0.0001595,0.0002147,0.0007511,0.001007,0.001045,0.0014774,0.0030958,0.0054767,0.0397397,0.0257605,0.0234916,0.0149249,0.0531576,
427,1e-07,0.0001558,0.000214,0.0007537,0.0014594,0.0010384,0.0007865,0.0025541,0.003935,0.0166768,0.0576981,0.0325821,0.0113606,0.056056,
428,1e-07,0.0001526,0.0008134,0.0014,0.0008021,0.0017479,0.0009822,0.0015261,0.0116637,0.0182823,0.027498,0.0745707,0.0124717,0.0292899,
429,1e-07,0.000149,0.000964,0.0002673,0.0010496,0.0012316,0.0011361,0.001361,0.009683,0.0091599,0.0265344,0.0163551,0.0242832,0.0315724,
430,1e-07,0.0001466,0.0002112,0.000265,0.0010141,0.0017184,0.0020561,0.0014631,0.0098653,0.0247264,0.0331762,0.0561141,0.0624842,0.0276008,
431,0.0,0.0001458,0.000211,0.0012515,0.0007174,0.0015548,0.0011066,0.0013571,0.0072449,0.0154974,0.036671,0.037137,0.0354141,0.0278087,
432,0.0,0.0001444,0.0009589,0.0012275,0.0007906,0.0009491,0.0005318,0.0001255,0.0019985,0.017146,0.0280466,0.0258634,0.0203601,0.0425006,
433,0.0,0.000982,0.0002101,0.0012541,0.0007378,0.0013102,0.0005324,0.0018408,0.0017386,0.0066085,0.0228023,0.0392165,0.0357476,0.0254987,
434,1e-07,0.0008761,0.0002099,0.000749,0.0010386,0.001033,0.0009951,0.0015341,0.0052573,0.0264299,0.0210898,0.028856,0.0110092,0.0173919,
435,1e-07,0.0008733,0.0002099,0.001,0.001425,0.0005215,0.0009195,0.0015407,0.0090203,0.0391805,0.0201002,0.0309363,0.0254059,0.0193259,
436,1e-07,0.0001515,0.0012456,0.0002728,0.001014,0.0005218,0.0009226,0.0025119,0.0034007,0.0180464,0.0225608,0.0300739,0.0352733,0.0482406,
437,1e-07,0.0001514,0.0008076,0.0007409,0.0010073,0.0005793,0.0009954,0.0015419,0.0054991,0.0151214,0.0124601,0.0116378,0.0130339,0.0368101,
438,1e-07,0.0001534,0.0002094,0.0010938,0.0007813,0.0014828,0.0020349,0.0014889,0.005022,0.0180025,0.0362288,0.016276,0.0240715,0.0652995,
439,2e-07,0.0001559,0.0002096,0.0002785,0.0010415,0.0015858,0.0007471,0.002308,0.0117627,0.0206543,0.0374951,0.0473405,0.032713,0.0605908,
440,2e-07,0.000157,0.0002106,0.00158,0.0007698,0.0016093,0.001799,0.0013984,0.0104845,0.0306584,0.0207051,0.056356,0.0255261,0.0374708,
441,1e-07,0.0001548,0.0002101,0.0007394,0.0007662,0.0005789,0.0013959,0.0012886,0.0048711,0.0216425,0.0040751,0.0142982,0.063009,0.0191691,
442,1e-07,0.0008691,0.0002102,0.0012762,0.0016294,0.0009188,0.0007626,0.0017138,0.0030285,0.0149381,0.0313137,0.0215246,0.0502787,0.0282636,
443,1e-07,0.0001486,0.0002093,0.0002702,0.0007151,0.0005205,0.0012546,0.0015286,0.0019625,0.0232335,0.0483158,0.0213933,0.0405553,0.021183,
444,1e-07,0.0001486,0.0009567,0.001105,0.0010543,0.0005244,0.0012514,0.0013324,0.0065791,0.0054555,0.0262694,0.0463135,0.0433168,0.033228,
445,1e-07,0.000148,0.0002097,0.0002688,0.001422,0.0009147,0.0012534,0.0010202,0.0018397,0.0037724,0.0183251,0.0579487,0.0321806,0.0281043,
446,1e-07,0.0008743,0.0002105,0.0012786,0.000759,0.0005864,0.0020591,0.001044,0.0107068,0.0086864,0.039355,0.0400627,0.0416142,0.0396722,
447,2e-07,0.0001518,0.0002106,0.0007492,0.0008,0.0005303,0.0012569,0.0008934,0.0078914,0.037149,0.0302084,0.041516,0.057377,0.0493714,
448,2e-07,0.0009867,0.0008158,0.0002767,0.0009856,0.0005321,0.0013899,0.0013264,0.0044926,0.0242042,0.0431181,0.0396912,0.0774446,0.0454687,
449,2e-07,0.0001575,0.0002124,0.0013464,0.0010525,0.0010453,0.0007262,0.0013165,0.0157872,0.0271618,0.0454817,0.043383,0.0606174,0.0219596,
450,1e-07,0.0009302,0.0002123,0.0007475,0.0008018,0.0005861,0.0011015,0.0018405,0.0174938,0.0355865,0.0426209,0.0249796,0.0343634,0.0343952,
451,1e-07,0.0008671,0.0016269,0.0015135,0.0010488,0.0012127,0.0011026,0.0015356,0.0093798,0.009879,0.0275563,0.0306246,0.0150522,0.0511507,
452,1e-07,0.0001611,0.0002137,0.0002802,0.0010452,0.0005381,0.0017139,0.0027165,0.002901,0.015703,0.0228037,0.0336191,0.0260898,0.0734444,
453,1e-07,0.0001572,0.000213,0.0011172,0.0017511,0.0012956,0.0009241,0.0010575,0.0043883,0.0123802,0.0156352,0.0382823,0.0356236,0.0274461,
454,1e-07,0.0008727,0.0002131,0.0002753,0.0007194,0.0013457,0.0011353,0.0008756,0.0060149,0.0125996,0.0192144,0.0385265,0.0450209,0.0302273,
455,1e-07,0.0001538,0.0002125,0.0014107,0.0017123,0.0012163,0.0007673,0.0020965,0.0052008,0.0188363,0.0361673,0.0462274,0.0492257,0.0261705,
456,1e-07,0.000153,0.0002129,0.0002712,0.0007911,0.0005861,0.0007304,0.0015533,0.0088299,0.0200746,0.0388551,0.03276,0.034017,0.0250713,
457,1e-07,0.0001508,0.0002129,0.0002685,0.0007883,0.0005872,0.0017622,0.0024679,0.0151622,0.0286792,0.0305519,0.0351327,0.0408314,0.0206113,
458,1e-07,0.0016329,0.0012366,0.0009569,0.000729,0.0005361,0.0017461,0.0032488,0.0095654,0.0065342,0.0383763,0.0400318,0.0488743,0.0259715,
459,1e-07,0.0008812,0.0002139,0.0014091,0.0010374,0.0005342,0.0014267,0.0055715,0.0133179,0.0162894,0.0429104,0.0640126,0.0520046,0.0543986,
460,1e-07,0.0001487,0.0002144,0.0018654,0.0010333,0.0005379,0.0007281,0.005377,0.0197545,0.0450209,0.0524977,0.0554436,0.0468402,0.0642303,
461,1e-07,0.0017729,0.0002153,0.0012546,0.001032,0.001229,0.000891,0.0102773,0.0293781,0.031421,0.0417292,0.0682316,0.0344221,0.0657171,
462,1e-07,0.0001543,0.0002154,0.001258,0.0010309,0.0009289,0.0014244,0.0044576,0.0293587,0.0287567,0.0236153,0.0709291,0.0508289,0.0525176,
463,1e-07,0.0001547,0.0002146,0.0010004,0.0009923,0.0019701,0.0016607,0.0023284,0.0112204,0.0288256,0.0194506,0.0548025,0.0416136,0.013636,
464,1e-07,0.0001556,0.0002143,0.0011827,0.001032,0.0005367,0.0021176,0.0057087,0.0173547,0.0288955,0.02679,0.0642014,0.0416125,0.0390226,
465,1e-07,0.0001573,0.0002141,0.0002754,0.0009974,0.0005855,0.0020191,0.0061098,0.0066788,0.0199906,0.0288265,0.0521673,0.0422,0.0345251,
466,1e-07,0.0001572,0.0009609,0.0014152,0.0007796,0.0009384,0.0005335,0.0017245,0.0126703,0.015454,0.0578847,0.0097414,0.0453087,0.0627694,
467,1e-07,0.0001578,0.0002129,0.0002772,0.0009907,0.0009388,0.0007339,0.0022477,0.0042224,0.0055769,0.03233,0.0172731,0.0453955,0.0309871,
468,1e-07,0.0001598,0.0002133,0.0002794,0.0010058,0.0005825,0.0013781,0.0009816,0.0037397,0.004285,0.0355555,0.0254192,0.0620626,0.0244319,
469,1e-07,0.0001588,0.0002125,0.0002791,0.0010475,0.0009081,0.0011369,0.0017154,0.0025436,0.0091395,0.0396418,0.0267221,0.0410953,0.0196722,
470,2e-07,0.000864,0.0002126,0.0009566,0.0009868,0.0005324,0.0009807,0.0017156,0.0053382,0.0189854,0.0341518,0.0218389,0.0319072,0.0161569,
471,2e-07,0.0001601,0.0002115,0.0002816,0.0009902,0.0009121,0.000735,0.0010645,0.0064111,0.0150136,0.0321935,0.0262809,0.0200632,0.0271379,
472,1e-07,0.0009407,0.0002104,0.0002788,0.0009931,0.0013326,0.0014067,0.0001191,0.0022015,0.0215222,0.0220256,0.0345607,0.0544841,0.0234066,
473,2e-07,0.0001564,0.0002097,0.0002792,0.0007484,0.0005221,0.0005064,0.0010083,0.0067292,0.0207579,0.0182952,0.0293365,0.0283753,0.0277241,
474,2e-07,0.0009479,0.0002089,0.0002782,0.0015602,0.0009577,0.00098,0.0014895,0.0249208,0.0498218,0.0513401,0.0440459,0.0124711,0.0171609,
475,1e-07,0.0001514,0.0002084,0.0015779,0.0007903,0.0009614,0.0015135,0.0020122,0.0335641,0.0485408,0.0638827,0.0400139,0.0571616,0.055553,
476,1e-07,0.000151,0.0002089,0.0011049,0.0014163,0.0012092,0.0014749,0.0024542,0.0101129,0.0717896,0.0300908,0.0083767,0.0591275,0.0577357,
477,1e-07,0.000152,0.000956,0.0002741,0.0007909,0.001073,0.0014064,0.0029529,0.0028145,0.0331121,0.0209358,0.0200217,0.0545575,0.0131475,
478,1e-07,0.000155,0.0002104,0.0002764,0.0007928,0.0012079,0.0005158,0.0013342,0.0045977,0.0094915,0.0333901,0.020621,0.03722,0.0216788,
479,1e-07,0.0009396,0.0002113,0.0007392,0.001719,0.0005796,0.0009319,0.0001315,0.0019812,0.0185613,0.0266852,0.0188676,0.0285418,0.0296532,
480,2e-07,0.0001613,0.0002124,0.000282,0.0007444,0.000941,0.0014709,0.0020985,0.0021101,0.0175796,0.0335886,0.015284,0.0617248,0.0264483,
481,2e-07,0.0001628,0.0009631,0.0007368,0.0007733,0.0009091,0.0007681,0.002204,0.0065968,0.0101173,0.0180736,0.0164883,0.0293238,0.0350035,
482,1e-07,0.0001622,0.0002139,0.000739,0.0007396,0.0012044,0.0014205,0.0052631,0.0111701,0.0224298,0.0121449,0.0321092,0.0286363,0.0360918,
483,1e-07,0.0001638,0.0002149,0.0007399,0.0010257,0.0005375,0.0013552,0.0024598,0.0068289,0.0275115,0.025693,0.0322154,0.0500434,0.0208824,
484,2e-07,0.000167,0.0009552,0.0002859,0.0010369,0.000538,0.0013551,0.0010963,0.0098277,0.0270553,0.0316583,0.0391382,0.0303356,0.0203688,
485,2e-07,0.0001677,0.000215,0.0009591,0.0009998,0.0009303,0.0018689,0.0029984,0.0049277,0.0372681,0.0178541,0.030441,0.0478835,0.0358767,
486,2e-07,0.0001669,0.0002142,0.0015726,0.0010294,0.0009351,0.0013721,0.0030002,0.0061557,0.0218102,0.0538789,0.0278698,0.033187,0.0331188,
487,2e-07,0.0001653,0.0002131,0.0007338,0.0007741,0.0005765,0.0007386,0.0032084,0.0088267,0.0280841,0.0460886,0.0573782,0.0227539,0.0431945,
488,2e-07,0.0001619,0.0009638,0.0009939,0.0007382,0.0011975,0.0013673,0.0010913,0.0095305,0.0329886,0.0645951,0.0496799,0.0506123,0.0722798,
489,2e-07,0.0001622,0.0002114,0.0007329,0.0007881,0.0014889,0.0011388,0.0024766,0.0230547,0.0751288,0.0898084,0.0294395,0.0529023,0.1019521,
490,2e-07,0.0001649,0.0002114,0.0002873,0.0007689,0.0009208,0.0007628,0.0024457,0.0121927,0.0350375,0.0640611,0.0337472,0.0354584,0.0593659,
491,2e-07,0.0001651,0.0002117,0.0011082,0.0007664,0.0013237,0.0012444,0.0001383,0.0049929,0.0187583,0.0471303,0.0223135,0.0488787,0.0647245,
492,2e-07,0.0001683,0.0002126,0.0007302,0.0007665,0.0017999,0.0007392,0.0013318,0.0120044,0.030684,0.0349721,0.0415355,0.0390781,0.0279679,
493,2e-07,0.000168,0.0002131,0.000733,0.0007989,0.0013159,0.0009778,0.0017049,0.0103733,0.0283984,0.0168948,0.0503389,0.0511962,0.028461,
494,2e-07,0.0001705,0.000213,0.0007306,0.0007628,0.0009111,0.0005058,0.0013312,0.0093034,0.0230266,0.0344041,0.0256625,0.0427486,0.0210693,
495,2e-07,0.0001678,0.0002122,0.0007318,0.001054,0.0009405,0.0013598,0.0036345,0.0144798,0.0266535,0.0304747,0.0355064,0.0521428,0.0436627,
496,2e-07,0.0001678,0.0002113,0.00073,0.0007989,0.0014072,0.001485,0.0023517,0.0192795,0.0270109,0.0247344,0.0474769,0.0712145,0.0568088,
497,2e-07,0.0001638,0.0002103,0.0011108,0.0007535,0.0014325,0.0007764,0.0065154,0.0214746,0.0080719,0.0169209,0.0260763,0.053791,0.0953547,
498,2e-07,0.000163,0.0009538,0.0012753,0.0007577,0.0011929,0.0005003,0.0029836,0.0117566,0.0075579,0.0254426,0.0190447,0.0499738,0.0723184,
499,2e-07,0.0008576,0.0009717,0.0015908,0.0007911,0.0005753,0.0007679,0.0016305,0.0079571,0.0210581,0.0277623,0.0256676,0.0422994,0.0636148,
500,2e-07,0.0001577,0.0002093,0.0002812,0.0017424,0.0005174,0.0007635,0.0024667,0.0135304,0.0405654,0.0553944,0.0728269,0.1568877,0.1061234,
501,2e-07,0.0008589,0.0002087,0.0002806,0.0007143,0.000514,0.0021329,0.0034146,0.0194198,0.0645309,0.0793954,0.038996,0.1090909,0.0541135,
502,2e-07,0.0001536,0.0002081,0.0012873,0.000735,0.000969,0.0013559,0.0036198,0.0031637,0.0355922,0.0133393,0.0317563,0.039449,0.0474294,
503,1e-07,0.0001504,0.000208,0.0002735,0.0010588,0.0009688,0.0013552,0.0045335,0.0055005,0.0168937,0.0426402,0.0332764,0.0539193,0.0549494,
504,1e-07,0.0001481,0.0002078,0.0007401,0.0007774,0.000578,0.0015016,0.0032506,0.0155793,0.0112554,0.0415525,0.0195839,0.0182928,0.0761607,
505,1e-07,0.0001445,0.0008064,0.0002674,0.0010526,0.0009341,0.0013493,0.0013573,0.0128855,0.0115801,0.0265846,0.0273911,0.0274753,0.0784895,
506,2e-07,0.0001452,0.0002086,0.0002676,0.0007722,0.0005803,0.0013512,0.0001296,0.0065047,0.0112402,0.0254259,0.0307009,0.0237389,0.0893353,
507,1e-07,0.0001431,0.0002083,0.000744,0.0007724,0.0012052,0.0007401,0.0020836,0.0082602,0.0099292,0.013373,0.0266413,0.0469278,0.0816354,
508,1e-07,0.0008738,0.0012491,0.0007453,0.0007727,0.0018628,0.0013443,0.0014974,0.008527,0.0097217,0.0164165,0.032377,0.0575198,0.0167401,
509,1e-07,0.0009804,0.0002088,0.0002631,0.0018804,0.0005833,0.000527,0.0023035,0.0038374,0.0166773,0.0263658,0.0133942,0.0415169,0.0191902,
510,1e-07,0.0001388,0.0002079,0.0012251,0.0010553,0.0014697,0.0012397,0.0022747,0.0017461,0.0273355,0.017784,0.0150045,0.0446898,0.0317766,
511,1e-07,0.0001376,0.0002081,0.0002596,0.0007761,0.0012453,0.0010121,0.0022909,0.0026613,0.0134164,0.0126243,0.0178223,0.023379,0.0228633,
512,1e-07,0.0014841,0.0002087,0.0002587,0.0007718,0.0009723,0.0007479,0.0010767,0.008921,0.0093547,0.0248198,0.0146023,0.0314845,0.0346648,
513,1e-07,0.0001357,0.000208,0.0002567,0.0015639,0.0012523,0.0009092,0.001533,0.0075558,0.0184518,0.0105178,0.0396927,0.0247852,0.0510836,
514,1e-07,0.0001329,0.0002075,0.0002543,0.0007697,0.0005094,0.0012522,0.0032796,0.0049804,0.0201623,0.0172546,0.0352883,0.0178683,0.0204843,
515,1e-07,0.0001326,0.0002081,0.0010552,0.0007696,0.0012215,0.0007362,0.002001,0.0016248,0.0225663,0.0239181,0.0369173,0.0233554,0.02551,
516,1e-07,0.000132,0.0002081,0.0002521,0.0010554,0.0014785,0.0017556,0.0046374,0.0148734,0.0323053,0.0176618,0.0327036,0.0381754,0.0545999,
517,1e-07,0.0009532,0.0002072,0.0002503,0.0007207,0.0014536,0.0014421,0.0052015,0.0317168,0.0269811,0.0084237,0.0259511,0.0292172,0.0380761,
518,1e-07,0.0014795,0.0009735,0.0002482,0.0007166,0.0014868,0.00142,0.0046988,0.0124632,0.0108655,0.0168079,0.0339084,0.0178404,0.0369607,
519,1e-07,0.0001273,0.0002079,0.0010815,0.0020378,0.0016665,0.0027974,0.0105255,0.0423053,0.0284814,0.0206609,0.0464687,0.0348129,0.0719612,
520,1e-07,0.001515,0.0008048,0.0022905,0.0016093,0.0020083,0.0046427,0.0045628,0.0220634,0.0152703,0.0346957,0.0262931,0.0564518,0.0865626,
521,2e-07,0.0001232,0.0010517,0.0013864,0.0019938,0.0016674,0.0025966,0.0116112,0.0268957,0.0191613,0.043303,0.0177956,0.0289901,0.0421028,
522,1e-07,0.0008929,0.0013702,0.0010782,0.001433,0.0028367,0.0027929,0.0134148,0.0297136,0.0199858,0.0360794,0.0126129,0.0645447,0.03484,
523,1e-07,0.0013646,0.0012444,0.0002463,0.0010316,0.0023206,0.0007315,0.0081049,0.0381501,0.0270263,0.0274763,0.0519151,0.0658486,0.1091124,
524,1e-07,0.0009742,0.0010469,0.0010123,0.0007162,0.0013066,0.0017305,0.0094405,0.0231428,0.0250892,0.0404066,0.0556651,0.0657752,0.1076471,
525,1e-07,0.0001271,0.0009931,0.0002494,0.0007212,0.0009454,0.001136,0.0023243,0.0152866,0.0359207,0.0464959,0.0409564,0.0507596,0.0752905,
526,1e-07,0.0001268,0.00148,0.0012853,0.0007616,0.0014675,0.0017953,0.0058423,0.0180858,0.0369644,0.0505793,0.0330461,0.0288598,0.0654181,
527,1e-07,0.0008853,0.000206,0.0012806,0.0007588,0.0009495,0.0017274,0.0069348,0.0184898,0.0455375,0.015644,0.044111,0.0312057,0.0729388,
528,2e-07,0.0001265,0.0008006,0.0015858,0.0015697,0.0009523,0.001853,0.0053454,0.0237266,0.0294105,0.0176056,0.0306941,0.0389707,0.0364426,
529,2e-07,0.0001298,0.001262,0.0010013,0.0007054,0.0018328,0.001434,0.0044742,0.0254065,0.0300539,0.0159351,0.0500961,0.0426207,0.0165827,
530,2e-07,0.0008776,0.0012589,0.0012227,0.0010251,0.0028247,0.0018506,0.0066637,0.0281262,0.0167863,0.0340325,0.0107836,0.0443873,0.0230231,
531,2e-07,0.0012981,0.0002073,0.0010601,0.0016005,0.001448,0.0018525,0.0041824,0.0159281,0.0286606,0.0352104,0.0389584,0.0547132,0.0641695,
532,2e-07,0.0001399,0.0002082,0.0016301,0.000705,0.0004983,0.0005233,0.0028273,0.02159,0.0097917,0.0452414,0.0363127,0.0828961,0.118995,
533,3e-07,0.000143,0.0002088,0.0014424,0.0010693,0.0011957,0.0007246,0.0031033,0.0046244,0.0324078,0.0242643,0.0325922,0.0412612,0.075377,
534,3e-07,0.0001456,0.0002085,0.0016346,0.0015665,0.0021601,0.0007239,0.0065653,0.0069507,0.0404445,0.0314703,0.0586868,0.0862495,0.0561505,
535,3e-07,0.000143,0.0002075,0.0012702,0.0019772,0.0023103,0.0012227,0.0022933,0.0077319,0.0411688,0.0604682,0.0126717,0.0543292,0.0476862,
536,3e-07,0.0008697,0.0012552,0.0020491,0.0010687,0.0009457,0.0013287,0.0023655,0.0112272,0.0340869,0.0528864,0.0500756,0.0303033,0.0152655,
537,3e-07,0.0008654,0.0002078,0.0014909,0.0007253,0.0009453,0.0014878,0.0023426,0.0096628,0.0314341,0.0267579,0.0681915,0.0743231,0.0607541,
538,2e-07,0.0001451,0.000207,0.0016347,0.0010343,0.0016787,0.0009275,0.0043599,0.0080809,0.0526456,0.0783512,0.0304821,0.0715761,0.0620816,
539,2e-07,0.0008681,0.0009893,0.001072,0.0007651,0.0014414,0.0014483,0.0024715,0.0066776,0.0280382,0.0292757,0.0345722,0.0630501,0.0219805,
540,2e-07,0.000144,0.0010553,0.0014332,0.0010605,0.0009852,0.0014501,0.0025505,0.0148236,0.016647,0.0092182,0.0436233,0.0720501,0.0855451,
541,2e-07,0.0013691,0.0009704,0.000271,0.001061,0.0005754,0.000761,0.0024786,0.0087586,0.0171422,0.0124676,0.0366377,0.0363073,0.1079726,
542,2e-07,0.0012911,0.0002062,0.000994,0.0010291,0.00099,0.0007373,0.0016127,0.0047181,0.0096477,0.0455089,0.0335045,0.0323708,0.0585773,
543,1e-07,0.0012913,0.0002062,0.001078,0.0007709,0.0005014,0.0011519,0.0017498,0.0186343,0.0271687,0.0446063,0.0312115,0.0419415,0.0676664,
544,1e-07,0.0001457,0.0002069,0.0010821,0.0007172,0.0005775,0.0019768,0.0009142,0.021315,0.0238288,0.042141,0.0529247,0.0599362,0.0672549,
545,2e-07,0.0001448,0.0013136,0.0007417,0.0010565,0.0009383,0.0014532,0.0019069,0.0045223,0.0256341,0.0334524,0.0384017,0.0597448,0.0579468,
546,2e-07,0.0001472,0.0002082,0.0020294,0.0007724,0.0009362,0.0020211,0.0020216,0.0044688,0.0152143,0.0385208,0.0414529,0.0611822,0.078717,
547,2e-07,0.000866,0.0002084,0.001079,0.0007689,0.000576,0.0005157,0.0018592,0.0063721,0.0255056,0.0288753,0.042301,0.068001,0.0849415,
548,3e-07,0.0008685,0.0002089,0.0002687,0.0007675,0.0012288,0.0013349,0.0018606,0.0066957,0.0293529,0.0419488,0.0370818,0.0969722,0.055457,
549,3e-07,0.0001477,0.0009793,0.001078,0.0010242,0.0014566,0.0005235,0.0020189,0.0203947,0.0329865,0.019383,0.0403611,0.0459203,0.0404463,
550,3e-07,0.0001468,0.0002105,0.0020526,0.0010635,0.0016738,0.0013476,0.0017372,0.0094816,0.0277591,0.0299412,0.0324423,0.0515838,0.0544699,
551,3e-07,0.0001483,0.0002112,0.0010814,0.0007686,0.0009312,0.0007534,0.0021926,0.0094134,0.0234809,0.0335167,0.0258173,0.0455476,0.0376656,
552,3e-07,0.000146,0.0002102,0.000742,0.0007692,0.0005796,0.0009086,0.0023424,0.0181575,0.0194292,0.0541217,0.0334103,0.06268,0.0994021,
553,2e-07,0.0001428,0.00021,0.0002645,0.0010228,0.0015536,0.0010181,0.0009078,0.0243325,0.0329818,0.0298987,0.0420476,0.0801145,0.1045227,
554,2e-07,0.000144,0.000211,0.0010807,0.0007672,0.0013172,0.0011473,0.0062436,0.0164595,0.0260125,0.0470064,0.0616884,0.0602588,0.0451587,
555,2e-07,0.000875,0.0002109,0.0010657,0.0007142,0.0012931,0.0012477,0.0029228,0.0148033,0.0426839,0.0460824,0.0429507,0.0499831,0.0341255,
556,2e-07,0.0001404,0.0009791,0.0007481,0.0010067,0.0005831,0.001348,0.0050671,0.0150925,0.0401918,0.0171591,0.01927,0.0411335,0.0293334,
557,2e-07,0.0001391,0.0002105,0.0002597,0.0015974,0.0018828,0.0027528,0.0099701,0.0104765,0.0263018,0.0107989,0.0159217,0.0489802,0.0650428,
558,2e-07,0.0001379,0.0002107,0.0002577,0.0021549,0.0021778,0.0028871,0.006149,0.0132494,0.030251,0.019385,0.0170461,0.0516627,0.071955,
559,2e-07,0.0001355,0.0002097,0.0010817,0.0007134,0.0014713,0.0025631,0.003748,0.0177548,0.0238905,0.0127276,0.0421481,0.0220576,0.0365525,
560,2e-07,0.0001341,0.0002094,0.0002549,0.0015667,0.001474,0.0040487,0.0101606,0.0211182,0.0410129,0.031176,0.0126634,0.0345613,0.0436655,
561,2e-07,0.0011183,0.0002101,0.0012332,0.0028477,0.0017409,0.0053984,0.0137862,0.0185569,0.0573373,0.071347,0.0307556,0.0421248,0.0726145,
562,2e-07,0.0014827,0.0002097,0.0012947,0.0029533,0.0070759,0.0072289,0.0067714,0.0136658,0.042964,0.0565099,0.052606,0.0472966,0.0378457,
563,2e-07,0.0001294,0.0010618,0.0002497,0.0019019,0.0035716,0.004558,0.0099504,0.0283624,0.0322508,0.0477018,0.0553095,0.0713044,0.0433953,
564,2e-07,0.0001291,0.0002091,0.0012456,0.0010297,0.0034071,0.002556,0.0122273,0.0217282,0.0342728,0.0747426,0.055474,0.0876975,0.0400323,
565,2e-07,0.0001302,0.0002084,0.0010721,0.0015557,0.0009381,0.0020003,0.0042542,0.013603,0.0431031,0.0533666,0.0494094,0.0827254,0.0336795,
566,2e-07,0.0001334,0.0002088,0.0014253,0.0010511,0.0005843,0.0013281,0.0043516,0.0019418,0.0406271,0.0315743,0.0669227,0.0624841,0.0818706,
567,2e-07,0.0009584,0.0009853,0.001882,0.0007094,0.0014449,0.0019545,0.0021626,0.0067826,0.0307036,0.029687,0.044816,0.0265185,0.0343054,
568,2e-07,0.0008769,0.0002082,0.0002595,0.0010542,0.0012058,0.0005285,0.0046364,0.0125183,0.0192876,0.0348944,0.037908,0.0543932,0.0413887,
569,2e-07,0.0001329,0.0002077,0.0010684,0.0007808,0.0017066,0.0012589,0.0104649,0.0044993,0.0305598,0.0431901,0.0335285,0.0455066,0.0551057,
570,2e-07,0.0001334,0.000988,0.000256,0.001891,0.0009872,0.0017654,0.0033596,0.0140987,0.0201742,0.0523107,0.0336998,0.0191129,0.0316138,
571,2e-07,0.0001365,0.0012011,0.0002595,0.0007636,0.0012417,0.0009124,0.0023008,0.0171568,0.0170888,0.034023,0.0206738,0.0230093,0.0186631,
572,2e-07,0.0001342,0.0002068,0.0018562,0.0007758,0.0012061,0.0017565,0.0061081,0.0165471,0.0276274,0.0250137,0.0082823,0.0419879,0.0212598,
573,1e-07,0.0001315,0.0002063,0.0015861,0.0010273,0.0009467,0.0016683,0.0009126,0.0064718,0.0333938,0.0103437,0.0131008,0.0490676,0.0527844,
574,1e-07,0.0001344,0.0002064,0.0010729,0.0007161,0.0009912,0.0020852,0.0010782,0.0066013,0.0097654,0.017447,0.0268709,0.0451022,0.0532258,
575,1e-07,0.0001355,0.0002062,0.0002596,0.0007147,0.0014804,0.0017787,0.004583,0.0074284,0.0056786,0.0298487,0.0483219,0.0538624,0.0528169,
576,1e-07,0.0001322,0.0002055,0.0012532,0.0019706,0.0005828,0.0016711,0.0031166,0.0109542,0.0081623,0.0463891,0.0515233,0.0549845,0.0780258,
577,1e-07,0.0001315,0.0008048,0.001071,0.0016074,0.0012107,0.0007319,0.0030671,0.0169535,0.0123369,0.0481209,0.0686153,0.07586,0.0670426,
578,1e-07,0.0001348,0.0002055,0.000748,0.0007211,0.0009938,0.0016788,0.0036267,0.0109978,0.0084292,0.0391595,0.068503,0.0841064,0.0882749,
579,1e-07,0.0001341,0.0002049,0.0002586,0.0007652,0.0014534,0.0009285,0.007442,0.0150508,0.0145609,0.0774689,0.1055066,0.0980077,0.1044592,
580,1e-07,0.0001313,0.0002046,0.0002557,0.0016288,0.001466,0.002293,0.0078553,0.0377721,0.0280343,0.0619538,0.0937869,0.1075803,0.1015445,
581,1e-07,0.0008806,0.0009645,0.001287,0.0016145,0.0016806,0.0030752,0.0108554,0.0558798,0.0174674,0.0818961,0.1207037,0.0995308,0.0884187,
582,1e-07,0.0001294,0.0002049,0.0012346,0.0016156,0.0018794,0.0005147,0.0100162,0.0112545,0.0371428,0.0819176,0.0802526,0.0666872,0.0427762,
583,0.0,0.0008859,0.0002043,0.0002507,0.0007276,0.0026422,0.004845,0.0127612,0.012399,0.0655612,0.0430521,0.0495377,0.0791066,0.0450107,
584,0.0,0.0008897,0.000204,0.0007602,0.0007549,0.0026524,0.0036667,0.0137201,0.0333774,0.0641629,0.0308098,0.0248132,0.0637385,0.0134917,
585,0.0,0.0013135,0.0002046,0.001587,0.00103,0.0024132,0.0032987,0.0054309,0.0365111,0.0439742,0.0212004,0.0144705,0.0229154,0.0386972,
586,0.0,0.0010551,0.0011969,0.0002491,0.0010658,0.0014911,0.0023999,0.0101832,0.0257531,0.0199988,0.0303626,0.0255813,0.0443923,0.0188183,
587,1e-07,0.0001282,0.0010529,0.0015854,0.001062,0.0009841,0.0007418,0.0093665,0.0161536,0.0373394,0.0255235,0.0127168,0.0431167,0.0306798,
588,1e-07,0.0011137,0.0008071,0.0002501,0.0007747,0.0012642,0.001682,0.0067007,0.0077421,0.0234501,0.0190091,0.0375736,0.0112775,0.0356368,
589,1e-07,0.0008912,0.0016139,0.0002492,0.0007306,0.000511,0.0009145,0.0073128,0.0115746,0.0370715,0.018101,0.0380409,0.0287461,0.101658,
590,0.0,0.0001306,0.000206,0.0002525,0.0010525,0.0013178,0.0007464,0.0049663,0.0193359,0.0258966,0.0363337,0.0447818,0.0313291,0.0490044,
591,0.0,0.0001306,0.0002055,0.0010075,0.0007309,0.000506,0.0007506,0.0055252,0.0132464,0.033507,0.0497626,0.0390811,0.019395,0.015248,
592,0.0,0.0008813,0.0013623,0.0002571,0.0007309,0.0010587,0.0015072,0.003833,0.0085392,0.0390188,0.0510174,0.0552428,0.0435976,0.0162729,
593,1e-07,0.0001357,0.0002066,0.0002583,0.0007647,0.0005856,0.0007501,0.0014674,0.0036739,0.0286549,0.0418768,0.017857,0.0306548,0.0503943,
594,1e-07,0.0008799,0.0002074,0.0002597,0.0007182,0.0005858,0.0005234,0.0021898,0.0044065,0.0184573,0.0423775,0.0575448,0.0392079,0.084421,
595,1e-07,0.0001414,0.0002082,0.000263,0.0010559,0.0009692,0.0007486,0.0010692,0.0028948,0.0171289,0.0504864,0.0335726,0.0486934,0.0882044,
596,1e-07,0.0001423,0.0002088,0.0012243,0.0007806,0.0012168,0.0005265,0.0025459,0.003598,0.0198296,0.0389219,0.0421074,0.0680279,0.0466641,
597,1e-07,0.0001414,0.0008059,0.0019537,0.0010512,0.0015719,0.0011295,0.0001291,0.0032109,0.0179975,0.0088066,0.0441648,0.0797815,0.0386656,
598,1e-07,0.000143,0.0002099,0.0002632,0.0010098,0.0009615,0.0014203,0.0014921,0.0019529,0.0119819,0.031621,0.0537446,0.033809,0.0348651,
599,1e-07,0.0001411,0.0002101,0.0010615,0.0007817,0.0009238,0.0007441,0.0051668,0.0101113,0.0247825,0.0295321,0.0586678,0.0610127,0.0166069,
600,1e-07,0.0001426,0.000211,0.0015019,0.0010441,0.0009574,0.0017506,0.00413,0.0069013,0.025652,0.0409154,0.0538687,0.057842,0.0386002,
601,1e-07,0.0001412,0.0009726,0.0012748,0.0007797,0.001958,0.0007392,0.0041242,0.0064679,0.0212406,0.0403488,0.0312188,0.0049688,0.0319,
602,1e-07,0.0001376,0.0002096,0.0014132,0.0007759,0.0014679,0.000745,0.0045055,0.0119258,0.0112947,0.0169914,0.0282483,0.0257716,0.0307791,
603,1e-07,0.0001375,0.0002104,0.0015814,0.0010044,0.0015707,0.0013511,0.0065179,0.011853,0.0141688,0.0154951,0.0652086,0.0432358,0.0252806,
604,1e-07,0.0010771,0.0010698,0.0012488,0.0015629,0.0024319,0.0016611,0.0032606,0.0187301,0.0228488,0.0156124,0.0487733,0.0402243,0.012534,
605,1e-07,0.0001356,0.0002098,0.0015552,0.0027242,0.0026296,0.0050938,0.0033946,0.0107952,0.031645,0.0189943,0.0667141,0.0619302,0.017014,
606,1e-07,0.000133,0.0002096,0.0023745,0.0047049,0.0052099,0.0027894,0.0141634,0.0133599,0.0365032,0.0688524,0.0962485,0.0644156,0.0315866,
607,1e-07,0.0001338,0.0002104,0.0012374,0.0031217,0.0028258,0.00135,0.0287612,0.0244696,0.0487608,0.0710616,0.1384808,0.0653335,0.054369,
608,1e-07,0.0001364,0.0002111,0.001276,0.0026953,0.0033686,0.0018896,0.0444502,0.07024,0.0359102,0.0476976,0.0376105,0.0519935,0.0975191,
609,1e-07,0.00014,0.0013203,0.000256,0.0007874,0.0026402,0.0042072,0.0115542,0.0268252,0.0278062,0.0572354,0.0085517,0.0503529,0.0893746,
610,1e-07,0.0001416,0.0008041,0.0013644,0.0014375,0.0053726,0.0040628,0.0149692,0.0417995,0.0554021,0.063372,0.0702586,0.0183815,0.0994415,
611,1e-07,0.0001452,0.0002139,0.0002597,0.0010341,0.001875,0.0019118,0.0150798,0.0162973,0.044216,0.0544034,0.0405826,0.0182578,0.0426287,
612,1e-07,0.0001478,0.000215,0.0019147,0.0018477,0.0026429,0.0024027,0.0045787,0.0089633,0.0330228,0.0697056,0.0600907,0.0625281,0.0543747,
