#Time_fs,0,50,100,150,200,250,300,500,750,1000,1250,1500,1750,2000,
1,0.0,0.000723,0.0006664,0.0011963,0.0014807,0.0015807,0.0009237,0.0011319,0.0193898,0.0450102,0.0497211,0.0105096,0.0448374,0.0351516,
2,0.0,0.0004272,0.0013107,0.0011038,0.0016254,0.0015823,0.0009253,0.0023631,0.0088542,0.0457456,0.0374741,0.0164492,0.0294864,0.051912,
3,0.0,0.0015227,0.0009033,0.0007087,0.0013678,0.0015809,0.0012563,0.0008938,0.0066945,0.03654,0.0179516,0.0388547,0.0349199,0.03688,
4,0.0,0.0004249,0.0013258,0.0009521,0.0005274,0.0010053,0.0004427,0.0031442,0.0113987,0.040304,0.0400096,0.0462513,0.045688,0.0314425,
5,0.0,0.0009973,0.0006575,0.000949,0.0015282,0.0009713,0.0006307,0.0005081,0.0114775,0.0383549,0.0203399,0.0373922,0.0500889,0.0321092,
6,0.0,0.0009971,0.0006609,0.0013504,0.000848,0.0007514,0.0009979,0.0021814,0.0133049,0.023187,0.0160326,0.0297493,0.0178161,0.0291095,
7,0.0,0.0010101,0.0008088,0.0017986,0.0018658,0.000948,0.0006356,0.0039494,0.0094474,0.0207845,0.0110227,0.0396074,0.0483153,0.0185862,
8,0.0,0.0010115,0.0006631,0.0013853,0.0005226,0.0008039,0.000636,0.0019793,0.0048612,0.0156483,0.0191103,0.0216967,0.043895,0.0287335,
9,0.0,0.0007376,0.000668,0.0004642,0.0007968,0.0010087,0.0013761,0.0018345,0.004504,0.0097771,0.0476733,0.0276075,0.0317962,0.0254336,
10,0.0,0.0004205,0.0012485,0.0013161,0.0007991,0.0007449,0.0009902,0.002205,0.0133925,0.0052476,0.024547,0.0312188,0.029191,0.0246472,
11,0.0,0.0007405,0.0006712,0.0008358,0.0012153,0.0016663,0.0009901,0.0040466,0.0199606,0.0144485,0.0262981,0.0213044,0.0313004,0.0534425,
12,0.0,0.0007419,0.0020265,0.0010007,0.0018469,0.0017576,0.0011014,0.0039131,0.0163805,0.0268736,0.0282182,0.0255375,0.0273269,0.0681465,
13,0.0,0.0020344,0.0006655,0.0008389,0.001607,0.0017565,0.0011003,0.0027138,0.0120588,0.0244661,0.0145701,0.0138955,0.0204707,0.0509679,
14,0.0,0.000802,0.0006692,0.0004703,0.0010465,0.0008301,0.0019404,0.0027987,0.0095271,0.0198211,0.0192123,0.0060991,0.0376954,0.0356893,
15,0.0,0.0007457,0.0005127,0.001737,0.0010457,0.0021065,0.002146,0.0016825,0.0132255,0.0298098,0.0143606,0.0903002,0.0630552,0.0668277,
16,0.0,0.0009945,0.0013221,0.0008368,0.0013783,0.0010263,0.001383,0.0041143,0.0156512,0.0191101,0.0246023,0.0186163,0.0486363,0.0326452,
17,0.0,0.0015003,0.0008066,0.0004734,0.001861,0.0022593,0.0044132,0.0040975,0.0155784,0.0121705,0.0188113,0.0238582,0.0142641,0.0385048,
18,0.0,0.0009969,0.0005183,0.0020225,0.0019743,0.0025734,0.002473,0.007961,0.0110908,0.0251581,0.0383177,0.0141601,0.0440631,0.035736,
19,0.0,0.000794,0.000663,0.0012661,0.0027555,0.0033074,0.0036793,0.0050346,0.0077539,0.0068078,0.0338191,0.0112238,0.0164223,0.0255963,
20,0.0,0.0010142,0.0016117,0.0017325,0.0008472,0.0056774,0.0076949,0.0180522,0.0166535,0.0172841,0.0321381,0.0308392,0.0347379,0.0293241,
21,0.0,0.0004151,0.0011543,0.0015437,0.0041137,0.0069988,0.0106694,0.0145497,0.0162666,0.0318907,0.0337088,0.0315979,0.0696194,0.0433737,
22,0.0,0.0018189,0.001606,0.0017792,0.0046502,0.0113018,0.0167094,0.0108084,0.016162,0.0216714,0.0273723,0.0164809,0.038779,0.0235514,
23,0.0,0.0020638,0.0029453,0.0039543,0.0141259,0.0290968,0.0357778,0.0600889,0.0401834,0.0731866,0.0720342,0.0793329,0.0883046,0.0686594,
24,0.0,0.0011621,0.0034431,0.0069167,0.0148432,0.0183706,0.023637,0.043556,0.0893528,0.1280311,0.1166614,0.0650801,0.0590517,0.0780408,
25,0.0,0.0021602,0.0056654,0.0046501,0.0049602,0.0050259,0.0106682,0.03226,0.0171227,0.0539394,0.0579384,0.0384776,0.0670083,0.0849604,
26,0.0,0.0033967,0.0061588,0.0150664,0.0168004,0.0122605,0.0062102,0.0239467,0.0380509,0.0343184,0.0364579,0.0192556,0.0274055,0.0494552,
27,0.0,0.0007534,0.0008113,0.01247,0.0134051,0.0207614,0.0270873,0.016712,0.0193705,0.0159804,0.0266645,0.0217662,0.0162294,0.0278517,
28,0.0,0.001013,0.0011548,0.0059414,0.0063781,0.0037777,0.0098957,0.0178547,0.0178248,0.0397108,0.0303361,0.0210591,0.0430125,0.0122709,
29,0.0,0.0007978,0.0013835,0.0010731,0.0030782,0.0067111,0.0060881,0.0192668,0.005777,0.0308564,0.0427196,0.0235442,0.0607149,0.0426101,
30,0.0,0.0013226,0.0005174,0.0011535,0.0016059,0.0017765,0.0033882,0.0102869,0.0137537,0.0328239,0.0255635,0.0243895,0.0092381,0.017478,
31,0.0,0.0004134,0.0006624,0.0009213,0.0007983,0.0022626,0.0021464,0.0025928,0.0080123,0.022741,0.030041,0.0224415,0.018649,0.0213161,
32,0.0,0.000803,0.0005104,0.0008424,0.0010125,0.0007473,0.0020386,0.0025296,0.0088793,0.0086022,0.0460436,0.0260969,0.0264616,0.0320101,
33,0.0,0.0004106,0.0009175,0.0004892,0.0017304,0.0018477,0.001293,0.0052837,0.0203549,0.0162212,0.0438353,0.0418879,0.0335321,0.0763441,
34,0.0,0.0007542,0.0011513,0.0004903,0.0008198,0.0007451,0.0012924,0.001129,0.0159355,0.0177013,0.0569024,0.0753071,0.0202528,0.0628778,
35,0.0,0.0010203,0.0012275,0.0008421,0.0008448,0.0016605,0.0012937,0.0008909,0.0087283,0.0198808,0.0266552,0.0214551,0.0428313,0.0653964,
36,0.0,0.0009924,0.0011629,0.0011471,0.0010331,0.0007469,0.0018438,0.0048583,0.0013396,0.0197753,0.0242943,0.0141724,0.0320399,0.0222842,
37,0.0,0.0007996,0.0006539,0.0015576,0.0017425,0.002357,0.0030659,0.0097174,0.0067863,0.0176723,0.028435,0.0250591,0.0558199,0.0250355,
38,0.0,0.0007543,0.0018507,0.0012733,0.0024018,0.0027342,0.0034786,0.008885,0.0109281,0.0159624,0.0034147,0.013075,0.0403715,0.0410316,
39,0.0,0.0004117,0.0014607,0.0013924,0.0037499,0.0096026,0.0111717,0.0176816,0.0140879,0.0310737,0.0132433,0.0308254,0.0303826,0.0485314,
40,0.0,0.0014929,0.0020437,0.0015571,0.0018678,0.0036536,0.0068996,0.0268012,0.0189719,0.0342977,0.0248527,0.0252448,0.0326613,0.0243479,
41,0.0,0.0011624,0.0010852,0.0015539,0.0045543,0.0053548,0.0102527,0.0346709,0.0210593,0.0314988,0.0362308,0.0276622,0.0229362,0.0268413,
42,0.0,0.0013605,0.0014613,0.001267,0.0030984,0.003383,0.0099769,0.021055,0.0215932,0.0435287,0.0270641,0.0175903,0.0169937,0.0655538,
43,0.0,0.0004111,0.0013737,0.0018228,0.0039456,0.0049186,0.0096424,0.0192752,0.0082375,0.0248236,0.0380266,0.0212825,0.0197232,0.0653036,
44,0.0,0.0017291,0.0017069,0.0025927,0.0048553,0.0033984,0.0104422,0.0195566,0.0363284,0.03988,0.0402894,0.0257045,0.0539412,0.071909,
45,0.0,0.0023845,0.0030109,0.0068028,0.0072247,0.0027654,0.0132231,0.0178839,0.0189973,0.0427662,0.1089705,0.0675062,0.0886392,0.0901822,
46,0.0,0.0024692,0.009146,0.008828,0.0184937,0.0115224,0.0191907,0.0127164,0.0404182,0.0663927,0.119979,0.171828,0.1267837,0.1364896,
47,0.0,0.0018562,0.0030697,0.0053661,0.0085063,0.0126468,0.0163059,0.0415893,0.0579818,0.079768,0.1166614,0.1757809,0.1494364,0.2003352,
48,0.0,0.000411,0.002137,0.0047848,0.0039084,0.0016748,0.002428,0.0196629,0.0162885,0.0525429,0.0894678,0.0924108,0.0708091,0.0843716,
49,0.0,0.0004119,0.0025086,0.0029315,0.0051251,0.0023132,0.0053767,0.0074743,0.0104161,0.0401525,0.0764258,0.0538717,0.0465762,0.070435,
50,0.0,0.001489,0.0012526,0.0038699,0.0053692,0.0062529,0.006116,0.0136821,0.0347641,0.0372957,0.0624006,0.0667783,0.0406447,0.05802,
51,0.0,0.0007631,0.0016091,0.0013947,0.0015271,0.0037489,0.0027183,0.0144422,0.0219341,0.0442735,0.0329213,0.057395,0.0567827,0.0751719,
52,0.0,0.0007922,0.0006344,0.00185,0.0015514,0.0028838,0.0034918,0.0081449,0.0327889,0.0580516,0.0385025,0.0338843,0.0561741,0.0340813,
53,0.0,0.0007928,0.0016987,0.0004852,0.002278,0.0021703,0.00524,0.0108724,0.0184865,0.0397675,0.0263845,0.0313705,0.0607429,0.0670068,
54,0.0,0.0007632,0.0019139,0.0009951,0.0015497,0.0035675,0.0048159,0.0158883,0.0253697,0.0336557,0.0279719,0.0534392,0.050566,0.0637282,
55,0.0,0.0004045,0.0008324,0.0013286,0.0014079,0.00161,0.0023337,0.0129236,0.0187203,0.0139117,0.0152967,0.0325125,0.0675632,0.0277224,
56,0.0,0.0009895,0.000832,0.0009932,0.0018598,0.0021661,0.0028693,0.0241143,0.0162315,0.0218356,0.0434383,0.0956077,0.0579166,0.0345987,
57,0.0,0.0004074,0.0005306,0.000841,0.0015313,0.0009379,0.0047956,0.0039229,0.0119014,0.0430182,0.053562,0.04397,0.0763722,0.0551672,
58,0.0,0.0004067,0.0006431,0.000721,0.0009961,0.0026542,0.0053167,0.0041266,0.0093191,0.0279136,0.052951,0.0440722,0.0557081,0.0429858,
59,0.0,0.0017362,0.001315,0.0012556,0.0018769,0.0029455,0.0028236,0.0097774,0.0218112,0.0494039,0.0580989,0.0697464,0.0551231,0.0262763,
60,0.0,0.000407,0.0009032,0.0010591,0.0008488,0.0025745,0.0012964,0.0148478,0.0240046,0.0396494,0.0329942,0.034344,0.0388554,0.0438207,
61,0.0,0.0017171,0.0005248,0.0020433,0.0028767,0.0038786,0.0071279,0.0110582,0.0233407,0.0393391,0.0160132,0.0177761,0.0584174,0.0233344,
62,0.0,0.0004076,0.0009075,0.0018477,0.0018368,0.0024994,0.0034967,0.0079867,0.0402086,0.0389682,0.0382734,0.0250638,0.0345717,0.0316722,
63,0.0,0.0010202,0.0008152,0.000731,0.0008463,0.0015364,0.0023204,0.0096437,0.0421932,0.0473521,0.0327626,0.0596751,0.0221213,0.049463,
64,0.0,0.0004105,0.0014298,0.00083,0.0019436,0.0015452,0.0010927,0.0028101,0.046607,0.0543093,0.0424082,0.0593874,0.031619,0.0330401,
65,0.0,0.0007638,0.0009039,0.0008303,0.0010026,0.0010266,0.0018649,0.0087121,0.0074743,0.0244604,0.018049,0.0438154,0.0289542,0.0333074,
66,0.0,0.0007609,0.0005215,0.0009975,0.0005331,0.0028987,0.004681,0.0156992,0.0229685,0.0244272,0.0376626,0.0112874,0.0257782,0.022258,
67,0.0,0.0004143,0.0009052,0.000483,0.001657,0.0035299,0.001989,0.0074231,0.0072247,0.0229605,0.0404372,0.0528617,0.02294,0.0435897,
68,0.0,0.0007567,0.0014355,0.0013868,0.0015357,0.003321,0.0036212,0.0061131,0.0031464,0.0084263,0.0331282,0.0426612,0.0344621,0.0460241,
69,0.0,0.0007925,0.0006688,0.0013822,0.0014896,0.0017984,0.0058932,0.0059165,0.0218942,0.0178368,0.0387254,0.0616363,0.0505413,0.1041646,
70,0.0,0.0018467,0.0011651,0.0007376,0.0005222,0.0017833,0.0013162,0.0053508,0.0290642,0.0248255,0.0354734,0.0599043,0.042658,0.0824462,
71,0.0,0.0004209,0.0013139,0.0007416,0.0013752,0.0016848,0.0028487,0.0086034,0.0290324,0.0981745,0.0456166,0.0559909,0.0411988,0.022047,
72,0.0,0.0010066,0.0007923,0.0009159,0.0008083,0.0010214,0.0041113,0.016272,0.0202127,0.0776171,0.0717767,0.0892081,0.0385533,0.0530674,
73,0.0,0.0004194,0.0009075,0.0012688,0.0013767,0.0023546,0.0015899,0.0177409,0.0170526,0.056826,0.070843,0.0758784,0.113417,0.0569076,
74,0.0,0.0004174,0.0013161,0.0019317,0.0019581,0.0059019,0.0040788,0.0117759,0.0051565,0.0250082,0.0556166,0.0628922,0.0980996,0.0969379,
75,0.0,0.0004151,0.0005147,0.0009122,0.0022766,0.0070865,0.005129,0.0085816,0.0158957,0.0216005,0.0631568,0.0673256,0.0449752,0.0794405,
76,0.0,0.0007924,0.0008048,0.0009101,0.0015212,0.0022474,0.0020937,0.0116688,0.0177387,0.033302,0.0661839,0.0841562,0.0433375,0.05053,
77,0.0,0.0004109,0.0006623,0.0013363,0.001389,0.0018366,0.0030031,0.0078877,0.0110298,0.0287037,0.0578812,0.0581642,0.0352623,0.0770321,
78,0.0,0.001347,0.0013175,0.0004954,0.0016285,0.0009482,0.0010837,0.004621,0.0061044,0.0489284,0.0720541,0.0714808,0.0532948,0.0679689,
79,0.0,0.0007627,0.0008181,0.000725,0.0005305,0.0010088,0.0006561,0.0048983,0.0160672,0.0275446,0.0342316,0.0129734,0.0280754,0.0545374,
80,0.0,0.0007952,0.0012257,0.0004933,0.0014977,0.0010079,0.0010834,0.0032536,0.0025025,0.0076971,0.0406362,0.0113817,0.0217982,0.0315158,
81,0.0,0.0004055,0.0011604,0.0007159,0.0014979,0.0010325,0.0018507,0.0039366,0.0052531,0.015836,0.0419135,0.0328605,0.0184336,0.0660669,
82,0.0,0.000798,0.0006435,0.0011517,0.0018648,0.0007526,0.0020421,0.0030279,0.0108311,0.0111344,0.0345261,0.0183957,0.0235196,0.0800323,
83,0.0,0.0009875,0.0005197,0.0012645,0.0018369,0.003329,0.002895,0.0066955,0.0150894,0.0415434,0.0382176,0.0193058,0.0328712,0.0494589,
84,0.0,0.0013646,0.0013332,0.0012685,0.0028761,0.0022063,0.0049877,0.0053717,0.0126494,0.0432259,0.0244945,0.0274493,0.0251117,0.0431643,
85,0.0,0.0004081,0.0016656,0.0019388,0.0010413,0.0007185,0.0073058,0.0053424,0.0167467,0.0368176,0.0202495,0.005722,0.0272561,0.030982,
86,0.0,0.0007563,0.000645,0.001157,0.0010436,0.0008354,0.0043191,0.00754,0.0074677,0.0171505,0.0262856,0.0069886,0.0130806,0.024408,
87,0.0,0.0009897,0.0009087,0.0009952,0.0014821,0.0018491,0.0021663,0.0048077,0.0156541,0.0097315,0.0130944,0.0076562,0.0402026,0.0369007,
88,0.0,0.0009893,0.0006513,0.0011484,0.0014811,0.0010063,0.0024792,0.0024534,0.0282015,0.0141651,0.0211032,0.0341694,0.0464012,0.0150737,
89,0.0,0.0009904,0.0011606,0.0009946,0.0010061,0.0010086,0.0006523,0.0046148,0.0027911,0.0278736,0.0152082,0.0385016,0.0386748,0.0829562,
90,0.0,0.0004084,0.0005121,0.0008409,0.0010527,0.0010084,0.00139,0.0029698,0.0124667,0.032201,0.0339456,0.0540507,0.0363852,0.0825202,
91,0.0,0.0009924,0.0014295,0.0013984,0.0019654,0.0018029,0.0020482,0.0074741,0.0166483,0.0426011,0.0108837,0.0508386,0.0308307,0.0359316,
92,0.0,0.0004101,0.00188,0.0004945,0.0019766,0.0016509,0.0020496,0.0062653,0.0187993,0.0405047,0.0157049,0.0216236,0.0266151,0.0400228,
93,0.0,0.0004113,0.0014366,0.0013969,0.0018733,0.0016508,0.0019657,0.0097135,0.0094137,0.0211326,0.032493,0.0766429,0.0483387,0.0874559,
94,0.0,0.0007526,0.0005057,0.0004897,0.0010174,0.0016106,0.0026753,0.0077914,0.0175307,0.017693,0.0446184,0.0706092,0.0587225,0.070424,
95,0.0,0.0004139,0.0016734,0.0009168,0.0024275,0.002105,0.003313,0.0062809,0.0147064,0.0295066,0.0488325,0.0469622,0.0890017,0.0746517,
96,0.0,0.0004151,0.0021852,0.0013306,0.0008415,0.0020587,0.0018459,0.0019627,0.0220032,0.0537688,0.0934919,0.1387315,0.1682107,0.1718752,
97,0.0,0.0004161,0.0005073,0.0009207,0.0013679,0.0016555,0.0019397,0.0062369,0.0218759,0.0277676,0.0392674,0.0336481,0.0639021,0.0897625,
98,0.0,0.0013209,0.0017457,0.0010665,0.0008428,0.0015352,0.0009848,0.007029,0.0198283,0.0479829,0.0132905,0.0285582,0.0675211,0.0769137,
99,0.0,0.0008073,0.0005066,0.0010669,0.0012157,0.001553,0.0013781,0.0130932,0.0101611,0.0564366,0.041136,0.03726,0.0405673,0.0549335,
100,0.0,0.0008097,0.0013358,0.0009273,0.0010163,0.0015554,0.0020916,0.007407,0.010714,0.0126239,0.0135502,0.0305478,0.0417549,0.0682138,
101,0.0,0.0004117,0.0006591,0.0019548,0.0008004,0.001557,0.0010528,0.0065821,0.0065697,0.0228688,0.034805,0.0524796,0.0185832,0.0475952,
102,0.0,0.00041,0.0006539,0.0010617,0.0008111,0.0016715,0.0013774,0.0095709,0.0087462,0.0304638,0.0474868,0.0259929,0.0365195,0.066031,
103,0.0,0.0010225,0.0017302,0.0004829,0.0008464,0.0007564,0.0013785,0.0051001,0.0036739,0.0247664,0.0210057,0.016513,0.0432368,0.0322365,
104,0.0,0.0007463,0.0005165,0.0019581,0.0010037,0.0016586,0.002248,0.0061634,0.0138834,0.0113237,0.0113394,0.0239574,0.0172763,0.0164405,
105,0.0,0.0004089,0.0013245,0.0009962,0.0008486,0.0009386,0.0019602,0.0022215,0.0141581,0.0243149,0.0225208,0.0339258,0.0378951,0.0177205,
106,0.0,0.0004104,0.0006415,0.0006962,0.0015374,0.0009414,0.001957,0.0016936,0.0094689,0.0319292,0.0595631,0.054362,0.0740637,0.0309269,
107,0.0,0.0004105,0.0017036,0.0011878,0.0008504,0.0009439,0.0010509,0.0054282,0.0073122,0.0362935,0.0383512,0.0625825,0.0800842,0.0850014,
108,0.0,0.0008126,0.0011701,0.0011906,0.0010317,0.0016735,0.0019567,0.0098889,0.0187332,0.0410089,0.0620508,0.0312031,0.0714428,0.0675803,
109,0.0,0.0004145,0.0011712,0.0004653,0.0011945,0.0009494,0.0006182,0.0027514,0.0185812,0.0255759,0.0103527,0.0248609,0.0509787,0.0391487,
110,0.0,0.0012962,0.0009078,0.001296,0.000795,0.0009458,0.0023307,0.0019845,0.0176264,0.0309624,0.0211136,0.0083841,0.0453232,0.0746102,
111,0.0,0.0013168,0.0006484,0.0012407,0.0013822,0.0009738,0.0010456,0.0022129,0.0079203,0.0318877,0.0360528,0.018558,0.0408147,0.0797924,
112,0.0,0.001341,0.0011555,0.0004662,0.0008097,0.0007968,0.0013018,0.0061406,0.0078675,0.0112421,0.0236233,0.0205479,0.0431764,0.0629549,
113,0.0,0.0004182,0.0009062,0.0011758,0.0007952,0.0016796,0.0019803,0.007162,0.0047,0.0086215,0.0104974,0.0144998,0.0464177,0.0309218,
114,0.0,0.0008055,0.0008127,0.0010036,0.0013571,0.0010238,0.002991,0.0070592,0.0038964,0.0076388,0.0192778,0.0415339,0.0444898,0.0284783,
115,0.0,0.0004194,0.0006605,0.0008386,0.0007977,0.000946,0.0018542,0.0051987,0.0069744,0.0166268,0.0388824,0.0404388,0.0363894,0.020773,
116,0.0,0.0004202,0.0006606,0.0013152,0.000796,0.0016951,0.0006473,0.0069164,0.0377061,0.0233486,0.0355394,0.0263694,0.0500259,0.0358895,
117,0.0,0.0004198,0.000525,0.0021994,0.002487,0.0027375,0.0024797,0.0083773,0.0417551,0.0327521,0.0483443,0.0215409,0.0212395,0.0256875,
118,0.0,0.0012066,0.0034188,0.0047521,0.0072031,0.0087152,0.0098522,0.0109981,0.0296457,0.0287406,0.0513579,0.0140098,0.0576982,0.0256834,
119,0.0,0.0026141,0.0044494,0.0032094,0.0074058,0.0107526,0.0077623,0.0277089,0.0633491,0.0319816,0.0462338,0.0307058,0.0689202,0.0550005,
120,0.0,0.0011633,0.0053901,0.0040527,0.0019555,0.0112615,0.0105708,0.0101046,0.0571327,0.0557316,0.0264187,0.0447601,0.0477527,0.0510648,
121,0.0,0.0007478,0.0009021,0.0024084,0.0028728,0.0023498,0.0065479,0.0081308,0.0463403,0.0435626,0.0218761,0.0083367,0.0168668,0.0508983,
122,0.0,0.000422,0.0013087,0.0015372,0.0021346,0.0031204,0.0049317,0.0083889,0.025828,0.0424798,0.0199115,0.0157903,0.0221742,0.0325156,
123,0.0,0.000799,0.0011774,0.0010936,0.0007946,0.0010124,0.0022801,0.0110373,0.020266,0.0169884,0.0331847,0.0273629,0.0199247,0.0088626,
124,0.0,0.0007403,0.0014516,0.0004588,0.0005254,0.0015123,0.0011032,0.0071225,0.007817,0.0247126,0.0456184,0.0370034,0.0185974,0.026312,
125,0.0,0.000422,0.000806,0.0007229,0.0012075,0.0015622,0.001051,0.004643,0.0083446,0.009684,0.0238998,0.0231035,0.0396365,0.0529335,
126,0.0,0.0004218,0.0005253,0.0008406,0.0008491,0.001679,0.0013775,0.0034646,0.0069869,0.0209771,0.0108349,0.0338255,0.0289909,0.0635818,
127,0.0,0.0008087,0.000525,0.000459,0.0008493,0.0010051,0.0019466,0.0030538,0.0026954,0.0130892,0.0187781,0.0285455,0.0413075,0.0614668,
128,0.0,0.0018619,0.0013302,0.0013506,0.0018638,0.0007953,0.0014497,0.0033164,0.0115921,0.0290501,0.0121523,0.0303363,0.060328,0.089936,
129,0.0,0.0016158,0.0006457,0.0013056,0.0005363,0.0009497,0.0010503,0.0056779,0.032634,0.0046517,0.0297352,0.0192129,0.0485154,0.1021052,
130,0.0,0.0007432,0.0012589,0.0011856,0.0015376,0.0007239,0.001268,0.0080619,0.038503,0.0093709,0.0529191,0.0358995,0.043492,0.0793589,
131,0.0,0.0008099,0.0013071,0.0012998,0.0010286,0.001828,0.0037001,0.0098438,0.025233,0.0325702,0.0332545,0.0360151,0.0460778,0.0718591,
132,0.0,0.001211,0.0006316,0.0012986,0.0007929,0.0044006,0.0042558,0.0117509,0.0299556,0.0722242,0.0409927,0.0469885,0.0632293,0.0618436,
133,0.0,0.0007456,0.0013048,0.0015236,0.0008541,0.0009983,0.0027872,0.0116226,0.0247075,0.048684,0.0330055,0.0301269,0.0738944,0.0280015,
134,0.0,0.0004118,0.0012264,0.0016604,0.0022774,0.0014973,0.0021547,0.0115734,0.017682,0.0226728,0.0262052,0.0152827,0.0417529,0.0226055,
135,0.0,0.0009923,0.0013396,0.0022,0.0042434,0.0068658,0.0096103,0.008382,0.0154664,0.0277984,0.013435,0.0166115,0.0207858,0.0582557,
136,0.0,0.0010147,0.0006428,0.0008489,0.003692,0.0067225,0.0075691,0.0117234,0.0242795,0.0293726,0.0457478,0.0432496,0.0435891,0.0803852,
137,0.0,0.001341,0.0011821,0.0010065,0.0018223,0.0017276,0.0036895,0.0126985,0.0188155,0.0303989,0.0374134,0.0436417,0.0486668,0.049668,
138,0.0,0.0010104,0.0005324,0.0046761,0.0111091,0.0085722,0.0009838,0.0038657,0.0327675,0.0278725,0.0406785,0.0654664,0.0575728,0.0434072,
139,0.0,0.0004215,0.0020156,0.0014239,0.0028432,0.0039585,0.0029059,0.0123911,0.0225585,0.0317247,0.0419324,0.0525808,0.0490658,0.0630084,
140,0.0,0.0007986,0.0033909,0.0071671,0.0119901,0.0151446,0.0136004,0.0232072,0.0343211,0.0601361,0.0564943,0.0582643,0.0897236,0.0596918,
141,0.0,0.0010076,0.0051679,0.0088001,0.008708,0.0074195,0.0161951,0.0223679,0.0241714,0.0752828,0.0253451,0.0745742,0.091958,0.0805106,
142,0.0,0.0018491,0.0105262,0.0163032,0.0205394,0.0141442,0.0088974,0.0379234,0.0280448,0.039697,0.0525792,0.0387347,0.0113063,0.0189432,
143,0.0,0.0023232,0.0139341,0.0279324,0.0528581,0.0393671,0.0136959,0.0637296,0.0350107,0.0566694,0.0564506,0.0766027,0.056723,0.0590852,
144,0.0,0.0017589,0.0060421,0.0088174,0.0112482,0.010906,0.0057553,0.0284729,0.0252954,0.0656744,0.0415597,0.0507582,0.0404851,0.0286644,
145,0.0,0.0013077,0.0055833,0.0102702,0.0107828,0.0124149,0.0057089,0.032081,0.0522438,0.0437947,0.0423517,0.068608,0.0250681,0.0190645,
146,0.0,0.00075,0.0019885,0.003906,0.0116721,0.0080396,0.0066447,0.0332934,0.0365401,0.0379563,0.0288643,0.0344439,0.0335104,0.0138155,
147,0.0,0.000417,0.0005249,0.0007211,0.0029981,0.0049229,0.0044701,0.0103041,0.0254239,0.0427654,0.0328587,0.0496632,0.0364481,0.0247366,
148,0.0,0.0004158,0.0006547,0.0010011,0.0008013,0.0039935,0.0056807,0.0025121,0.0122707,0.01581,0.0399649,0.0069253,0.0263121,0.0314127,
149,0.0,0.000744,0.0009065,0.0007123,0.0008063,0.0018175,0.0033243,0.0095957,0.0065005,0.0192256,0.0211033,0.0173563,0.0335822,0.0318655,
150,0.0,0.0010162,0.0005178,0.0010002,0.0008017,0.0008018,0.0015217,0.0048538,0.0054173,0.0072685,0.01473,0.0255355,0.0111354,0.0431929,
151,0.0,0.0004154,0.0009113,0.0019698,0.0018387,0.0017279,0.0010466,0.00367,0.0064966,0.0116132,0.0275539,0.0065157,0.0298568,0.0624429,
152,0.0,0.0007395,0.0006597,0.0010745,0.0018779,0.0009383,0.0022318,0.0028093,0.0170654,0.0096686,0.046803,0.0331056,0.0272467,0.0550855,
153,0.0,0.0004137,0.0011517,0.0007021,0.000522,0.0007158,0.0009426,0.0034281,0.0199926,0.0130434,0.0514089,0.0476813,0.0601123,0.0750593,
154,0.0,0.0008159,0.0005072,0.0009368,0.0008443,0.0007556,0.0009383,0.0019387,0.0089776,0.0242561,0.0547916,0.0655461,0.0856511,0.0557663,
155,0.0,0.0007387,0.0011748,0.0011687,0.0015258,0.0015406,0.0013728,0.0032044,0.0095912,0.0087345,0.0524906,0.053236,0.0784257,0.0367062,
156,0.0,0.0004135,0.0006606,0.0011674,0.0008077,0.0007536,0.0023608,0.002509,0.0083943,0.0400244,0.0363737,0.0163391,0.053459,0.0558412,
157,0.0,0.000414,0.0005111,0.0009981,0.0012103,0.0008054,0.0013765,0.0005698,0.0038854,0.0300004,0.0214928,0.0104537,0.053212,0.0492485,
158,0.0,0.0007434,0.000654,0.0017609,0.0010418,0.0016579,0.0004352,0.0034518,0.0051675,0.0108939,0.0211608,0.0187838,0.0608909,0.0479099,
159,0.0,0.0004127,0.0012271,0.0004773,0.0010419,0.0007542,0.001938,0.0055741,0.0042389,0.0085272,0.0162217,0.0569499,0.0559221,0.0229925,
160,0.0,0.0004123,0.0006483,0.0009363,0.0032112,0.0030109,0.00272,0.0073373,0.0075567,0.0087668,0.0236979,0.060072,0.0458507,0.0310718,
161,0.0,0.001018,0.0005226,0.0010738,0.0032653,0.0052669,0.0068668,0.0111279,0.0220328,0.0090974,0.0198496,0.0555599,0.0494329,0.0097279,
162,0.0,0.0010174,0.0011526,0.0026048,0.0043841,0.0109174,0.0154451,0.0118715,0.0201886,0.020681,0.0190956,0.0426052,0.0363786,0.0185636,
163,0.0,0.0017175,0.004475,0.0066149,0.0100449,0.0135987,0.0144898,0.0277181,0.0214511,0.0406556,0.0342924,0.0274067,0.0255405,0.0763219,
164,0.0,0.0042556,0.0054813,0.0060249,0.0155733,0.0248766,0.0175188,0.0254491,0.0416125,0.0380944,0.0613505,0.0613357,0.0426423,0.0547776,
165,0.0,0.0065915,0.0201223,0.0367135,0.0398735,0.0274497,0.0265679,0.0175315,0.0342586,0.0347757,0.0680173,0.0349179,0.0366397,0.0588268,
166,0.0,0.0099485,0.0189432,0.0189667,0.0191164,0.0140693,0.0118452,0.0189166,0.0407716,0.0357287,0.062831,0.0344722,0.0315961,0.0455319,
167,0.0,0.0040222,0.0085959,0.0109432,0.0111146,0.0096797,0.0059365,0.0211842,0.0381471,0.0349055,0.0442576,0.0315407,0.0370457,0.0296712,
168,0.0,0.0013364,0.0034646,0.0063013,0.0063667,0.0074663,0.0099726,0.0238627,0.0422576,0.0608045,0.0294362,0.0268234,0.0378093,0.0465139,
169,0.0,0.0015036,0.0023003,0.0013059,0.0048043,0.0080125,0.0046192,0.0224617,0.0502388,0.0493523,0.0674007,0.0432056,0.0306827,0.0392082,
170,0.0,0.0015913,0.001851,0.0026703,0.0047017,0.0045302,0.0056954,0.0198105,0.0251167,0.0723361,0.1002149,0.0544478,0.0420956,0.0339261,
171,0.0,0.001165,0.0021069,0.0035158,0.006496,0.0094344,0.0121783,0.0169559,0.0282358,0.0455641,0.0419597,0.0125268,0.0115414,0.0018537,
172,0.0,0.0008018,0.0010829,0.0043445,0.0058459,0.0080478,0.0100295,0.0166634,0.0188403,0.043039,0.0366557,0.0351675,0.0364664,0.0120771,
173,0.0,0.0008021,0.001857,0.0063525,0.0063391,0.0072868,0.0101321,0.0042832,0.0130147,0.031559,0.0429252,0.0265036,0.0540852,0.0248496,
174,0.0,0.0004126,0.0018574,0.001438,0.0067143,0.023101,0.0212181,0.002752,0.0185429,0.0459697,0.0355793,0.073715,0.0720552,0.0299856,
175,0.0,0.0010202,0.0008274,0.0017944,0.0010381,0.0022815,0.0032477,0.0142778,0.0183417,0.0133727,0.0285888,0.0358879,0.0302756,0.0230257,
176,0.0,0.0013318,0.0017081,0.0004785,0.0005372,0.0007569,0.0016366,0.0089426,0.010597,0.0171729,0.01979,0.0117343,0.0276772,0.0472732,
177,0.0,0.0012084,0.0011622,0.001954,0.0010427,0.001003,0.0028408,0.0034151,0.0098471,0.0244563,0.0293607,0.0296864,0.0383087,0.0224151,
178,0.0,0.0007526,0.0006436,0.0011643,0.0024157,0.000967,0.0013014,0.0042061,0.0153347,0.012244,0.0333483,0.0518245,0.0277782,0.0461108,
179,0.0,0.0008029,0.0009091,0.0004842,0.0018752,0.0022743,0.002623,0.0080238,0.0126825,0.0158097,0.0380727,0.0471255,0.0479794,0.0314943,
180,0.0,0.0004073,0.0017535,0.0015399,0.0005421,0.0009999,0.0021626,0.006412,0.0190778,0.0200857,0.0181971,0.0402505,0.0132137,0.0432484,
181,0.0,0.0007521,0.0006365,0.0018615,0.0019632,0.0017812,0.004819,0.0104311,0.0177695,0.0160643,0.0117986,0.0410989,0.0402231,0.0472404,
182,0.0,0.0004096,0.0009049,0.0020393,0.0011894,0.0030967,0.0051654,0.0137892,0.0191966,0.0155131,0.0195468,0.0310624,0.037757,0.0407483,
183,0.0,0.0008061,0.0012659,0.0013501,0.0013693,0.0021587,0.0025485,0.0143837,0.0175627,0.0400225,0.0364177,0.0580738,0.0357386,0.0127669,
184,0.0,0.0004078,0.0006278,0.00107,0.001907,0.0028496,0.0028741,0.0081808,0.04957,0.014405,0.0404591,0.042182,0.0516972,0.0759331,
185,0.0,0.0008024,0.0017634,0.0016157,0.0015187,0.0022831,0.0047727,0.0087813,0.0192282,0.0093885,0.034947,0.0373939,0.0362745,0.0185306,
186,0.0,0.0010218,0.0015865,0.0032235,0.0018663,0.0021257,0.0079023,0.0075812,0.019211,0.0414736,0.0533699,0.0332075,0.0308898,0.0213455,
187,0.0,0.0009918,0.0006372,0.0043543,0.0051179,0.0094483,0.0107404,0.0281461,0.0211268,0.0333134,0.0192628,0.0330936,0.0390585,0.0319943,
188,0.0,0.006024,0.0133888,0.0148282,0.0185096,0.0152135,0.010202,0.0250555,0.0583929,0.0426038,0.0264014,0.0414745,0.0529762,0.0397687,
189,0.0,0.001718,0.0054209,0.0118508,0.012292,0.0150059,0.0150889,0.0237799,0.0236287,0.0410598,0.0198226,0.032938,0.0267567,0.0373928,
190,0.0,0.0025424,0.0075072,0.0167021,0.0223118,0.0259179,0.0280684,0.0292747,0.0188726,0.0261807,0.0545651,0.0514355,0.0360151,0.0423721,
191,0.0,0.0015883,0.0039423,0.0091077,0.0126902,0.0156684,0.0248819,0.0550855,0.0924371,0.0686024,0.0596849,0.0579633,0.0768256,0.0645526,
192,0.0,0.0012055,0.0021531,0.004255,0.004949,0.0165409,0.0337668,0.0317604,0.0257635,0.0326627,0.060042,0.0308584,0.0484163,0.0570526,
193,0.0,0.001447,0.0040481,0.0066233,0.0056428,0.0056722,0.0054058,0.0182687,0.0139325,0.0636297,0.0630156,0.0413908,0.0572329,0.02846,
194,0.0,0.0013347,0.0013851,0.0024775,0.0021455,0.0047456,0.0079848,0.0178927,0.0334871,0.0428592,0.0769908,0.0467485,0.0617384,0.0256255,
195,0.0,0.0004127,0.001838,0.0010836,0.0025228,0.0044062,0.008169,0.0262679,0.0255622,0.0279968,0.0553518,0.027081,0.0561963,0.0463317,
196,0.0,0.0008078,0.0011878,0.0019943,0.0024345,0.0038786,0.0062039,0.0058637,0.0182968,0.023619,0.0619232,0.0723457,0.0634707,0.0365377,
197,0.0,0.0004144,0.0008353,0.0010872,0.0034163,0.0047157,0.0032831,0.012207,0.0155304,0.0265313,0.036821,0.0322914,0.0292644,0.0574653,
198,0.0,0.000414,0.000899,0.0006911,0.0015411,0.0020202,0.003127,0.0065164,0.0215504,0.03751,0.0302679,0.0425272,0.0340382,0.058336,
199,0.0,0.0015137,0.000535,0.0013314,0.0018839,0.0009563,0.0019077,0.0029809,0.0211096,0.0390528,0.0288487,0.0441147,0.022918,0.0254403,
200,0.0,0.0004145,0.0008332,0.0006901,0.000543,0.0009528,0.0006117,0.001854,0.0072875,0.0267489,0.0249928,0.0279981,0.0420533,0.0449059,
201,0.0,0.0008184,0.00053,0.0012065,0.0010253,0.0014895,0.0015123,0.0018669,0.019785,0.0198507,0.0146356,0.0305483,0.0376217,0.0121285,
202,0.0,0.0008202,0.000637,0.0004636,0.001028,0.0015815,0.0019443,0.002221,0.0079676,0.0227208,0.0391675,0.0417044,0.0406893,0.0216686,
203,0.0,0.0013579,0.0005264,0.0004604,0.0008514,0.000952,0.0019368,0.002299,0.0070591,0.0264491,0.0384673,0.0175498,0.0255301,0.0106359,
204,0.0,0.0007325,0.00064,0.0012234,0.0008524,0.0009975,0.0009511,0.0018706,0.0053779,0.0143964,0.0291438,0.0220821,0.0228542,0.0272334,
205,0.0,0.0013469,0.0005268,0.0013947,0.0014752,0.0014905,0.0004592,0.0006043,0.0071863,0.017663,0.0044276,0.0193972,0.0345061,0.0448783,
206,0.0,0.0004183,0.0014609,0.0008614,0.0005335,0.0010271,0.001593,0.0028908,0.0041511,0.0157968,0.0163686,0.0215357,0.0396271,0.0443791,
207,0.0,0.0004205,0.0006466,0.0004536,0.0013773,0.0007272,0.0006139,0.0043182,0.0060477,0.0105419,0.0165899,0.0212478,0.0295142,0.0104869,
208,0.0,0.0007272,0.0006449,0.0008612,0.0017793,0.0009572,0.0010266,0.0026668,0.0042127,0.0111984,0.0180866,0.0208301,0.0345652,0.0214017,
209,0.0,0.0004205,0.0005234,0.0008622,0.0012025,0.0007255,0.0009432,0.0028608,0.0047526,0.009094,0.011005,0.0353048,0.0534857,0.0342018,
210,0.0,0.0007265,0.0012555,0.0004526,0.0008503,0.0015622,0.0014391,0.0013457,0.0108388,0.0151638,0.0148133,0.0429937,0.0458244,0.0384687,
211,0.0,0.0011695,0.000903,0.000697,0.0015243,0.0015765,0.0010232,0.0022118,0.0116057,0.0157622,0.0290172,0.0359168,0.0373323,0.0601788,
212,0.0,0.0010111,0.0011529,0.0006933,0.0008512,0.0007284,0.0009384,0.0018844,0.01293,0.0286796,0.0315419,0.0528093,0.028395,0.0644383,
213,0.0,0.0008235,0.0015829,0.0015462,0.0019961,0.0007272,0.0014336,0.0031877,0.002933,0.0366517,0.0273585,0.0412423,0.0367443,0.068993,
214,0.0,0.0008214,0.0008115,0.0010111,0.0008501,0.0009577,0.0010192,0.002758,0.0032395,0.0401444,0.0393919,0.0357564,0.0272329,0.0690626,
215,0.0,0.0004273,0.0006562,0.0012115,0.0010221,0.0009604,0.0012469,0.0052131,0.0018737,0.0222328,0.0394152,0.0164698,0.0597555,0.0669106,
216,0.0,0.0008229,0.0008157,0.0012869,0.0008523,0.0016029,0.000461,0.0028417,0.0042637,0.013212,0.0385056,0.0211816,0.0615329,0.0714004,
217,0.0,0.0008249,0.0014239,0.0004424,0.0008529,0.0015986,0.0014372,0.002407,0.006597,0.0166131,0.0294273,0.0158035,0.0392706,0.0466858,
218,0.0,0.0011534,0.0005331,0.0004398,0.0013587,0.0009901,0.001438,0.0033214,0.0114521,0.0194276,0.0268824,0.0177678,0.0352517,0.0237121,
219,0.0,0.0004237,0.0016668,0.0013312,0.0010168,0.0015725,0.0014934,0.0008897,0.0116247,0.010626,0.0266912,0.0554319,0.0340962,0.0500618,
220,0.0,0.0015298,0.001229,0.0015465,0.0016789,0.0015722,0.0011861,0.0018931,0.0066463,0.0077132,0.031388,0.04959,0.0519193,0.0500733,
221,0.0,0.0009917,0.001339,0.0006789,0.0008281,0.0027708,0.0016661,0.0024891,0.0101544,0.0130323,0.0696087,0.0646637,0.0405166,0.0577986,
222,0.0,0.0010153,0.0009028,0.0011014,0.0017803,0.000728,0.0026762,0.004765,0.0154563,0.0177732,0.0184278,0.0619382,0.0401384,0.072102,
223,0.0,0.0007216,0.0006283,0.0010983,0.00156,0.000777,0.000958,0.0077943,0.0250282,0.0145744,0.0442185,0.0537954,0.0568264,0.1068767,
224,0.0,0.0007237,0.0005307,0.0015449,0.0011909,0.0020943,0.0009598,0.0022213,0.0134199,0.0212814,0.0441936,0.0313378,0.0757963,0.0923463,
225,0.0,0.0009872,0.001217,0.0009749,0.0008199,0.0015958,0.0025812,0.0044301,0.0140308,0.0250717,0.025343,0.0773616,0.0579445,0.0718724,
226,0.0,0.0010243,0.0005299,0.0016345,0.0008549,0.0014575,0.0023517,0.0070209,0.0183885,0.0224616,0.0499889,0.0854543,0.0539917,0.074839,
227,0.0,0.0004118,0.0009076,0.0013142,0.0010231,0.0020886,0.0014636,0.0084907,0.0290237,0.0337519,0.0301386,0.060783,0.0659413,0.0483874,
228,0.0,0.0007325,0.0005322,0.0006664,0.0008556,0.0007196,0.001647,0.0057202,0.0020597,0.0293401,0.0415245,0.0746052,0.0744187,0.0859649,
229,0.0,0.0009862,0.0012163,0.0013718,0.0008161,0.0015612,0.0032024,0.0038149,0.022464,0.0283674,0.0323595,0.0712609,0.0665346,0.0586331,
230,0.0,0.0010216,0.000903,0.0009695,0.0010199,0.0015684,0.0009667,0.003045,0.0214366,0.0320322,0.0338127,0.0460055,0.0810774,0.0643806,
231,0.0,0.0004114,0.0005346,0.0006722,0.0017779,0.000776,0.0016756,0.0023705,0.0143344,0.0182502,0.031299,0.0296624,0.0463304,0.0387022,
232,0.0,0.0007346,0.0009016,0.0004612,0.0017781,0.0009591,0.0015147,0.00224,0.0208234,0.0479989,0.0351681,0.0657099,0.0565807,0.0417553,
233,0.0,0.0008208,0.0006196,0.0010893,0.0008574,0.0026227,0.0022398,0.0027294,0.0138445,0.0277636,0.0369708,0.0554825,0.072326,0.0473929,
234,0.0,0.0010206,0.0008432,0.0006791,0.0007819,0.0009583,0.0028955,0.003545,0.0128319,0.023957,0.033453,0.0535501,0.0366303,0.0482925,
235,0.0,0.0010218,0.0008458,0.0010844,0.0013978,0.0014604,0.0009953,0.0063622,0.0099839,0.040462,0.0427021,0.0692123,0.0388837,0.06692,
236,0.0,0.0008172,0.0006185,0.0013187,0.0016694,0.0015682,0.0016713,0.0071206,0.0206531,0.030862,0.0919474,0.0916524,0.042565,0.1083289,
237,0.0,0.0009905,0.0006235,0.000455,0.0009831,0.0014618,0.0016424,0.0075821,0.0208695,0.0212738,0.071167,0.0452133,0.0353645,0.0428609,
238,0.0,0.0009907,0.0005404,0.0010881,0.0011822,0.0007737,0.0055793,0.0048298,0.017642,0.0159655,0.0470989,0.0428397,0.060365,0.042349,
239,0.0,0.0016934,0.0013056,0.0010873,0.0015396,0.0007257,0.0019956,0.0042661,0.0189361,0.015406,0.0297061,0.0541549,0.0699918,0.0222124,
240,0.0,0.0007376,0.0009032,0.0012943,0.0026952,0.0016849,0.0015885,0.0057884,0.0179667,0.0318792,0.0501059,0.0470575,0.046261,0.0388925,
241,0.0,0.0007364,0.001343,0.0015422,0.0015403,0.001588,0.0004614,0.0055331,0.0093639,0.0228148,0.0500135,0.0256392,0.0472507,0.0597821,
242,0.0,0.0007346,0.0013598,0.001308,0.0008535,0.0030355,0.0010703,0.0066309,0.016454,0.0220707,0.0551191,0.0422848,0.0540109,0.0502859,
243,0.0,0.0007351,0.0009108,0.0008784,0.0009927,0.0017771,0.0024625,0.0117185,0.0366245,0.0244066,0.0535176,0.0426203,0.0625151,0.0434944,
244,0.0,0.0004096,0.0012802,0.0013042,0.0010292,0.0018108,0.0005908,0.0083453,0.0228692,0.0502888,0.053944,0.079065,0.0922515,0.0543144,
245,0.0,0.0004088,0.0005196,0.001296,0.0009971,0.0020798,0.0018947,0.0064394,0.0145793,0.0694994,0.0863248,0.0788167,0.0939475,0.0616511,
246,0.0,0.00134,0.0006324,0.0004713,0.0010309,0.0009454,0.0023425,0.0068036,0.0172755,0.0553018,0.0683832,0.0661338,0.1044403,0.0609914,
247,0.0,0.0008249,0.000635,0.0006769,0.0016394,0.0028741,0.0019038,0.003661,0.0164467,0.0477129,0.0185853,0.0758035,0.0994424,0.0651845,
248,0.0,0.000827,0.0005174,0.0014101,0.0005344,0.0009439,0.0019951,0.0013311,0.0195189,0.0131964,0.0139834,0.0794495,0.0878554,0.0943142,
249,0.0,0.0004125,0.0006401,0.0006808,0.0007931,0.001461,0.0010299,0.0023846,0.0184505,0.0101036,0.0278775,0.0674197,0.0896868,0.0880651,
250,0.0,0.0007305,0.0006419,0.0010802,0.0015301,0.0015628,0.0019885,0.0027146,0.0090204,0.0207499,0.0367611,0.0745689,0.0740327,0.0923096,
251,0.0,0.0010214,0.0006428,0.0015172,0.0007903,0.0007799,0.001308,0.0064229,0.0112594,0.0176143,0.0903582,0.120883,0.1164206,0.0792892,
252,0.0,0.0008268,0.0009152,0.0010021,0.0005263,0.001519,0.0026663,0.0054644,0.0062486,0.015113,0.0646004,0.1197253,0.1290018,0.0765457,
253,0.0,0.0010173,0.0011598,0.0004607,0.0005276,0.0007206,0.0004641,0.0025045,0.0168157,0.0172802,0.0464198,0.0812754,0.054411,0.0898858,
254,0.0,0.0010187,0.0012216,0.0013231,0.0008499,0.0015817,0.0010184,0.0040658,0.0210126,0.0514861,0.0405025,0.068892,0.0577594,0.0830095,
255,0.0,0.000418,0.0013288,0.0006809,0.0017788,0.0020111,0.0042366,0.0063099,0.0246866,0.0609004,0.0488704,0.0885428,0.088022,0.0905825,
256,0.0,0.0008277,0.0012249,0.0009606,0.0008484,0.0025165,0.0019215,0.0048905,0.0055823,0.0251209,0.0473262,0.0542888,0.0582796,0.0817543,
257,0.0,0.000828,0.0006503,0.0009639,0.0008496,0.0015814,0.0023244,0.0058479,0.0128049,0.0314708,0.0488674,0.0691899,0.0419707,0.0714423,
258,0.0,0.001151,0.0020382,0.0009666,0.0010268,0.0015614,0.0018853,0.0054474,0.0158465,0.0486959,0.0762042,0.0777773,0.0446458,0.0469991,
259,0.0,0.0004194,0.0011641,0.0006799,0.0020005,0.0007228,0.0014431,0.0012986,0.0088732,0.0480588,0.051495,0.0521465,0.0493339,0.0540341,
260,0.0,0.0004167,0.0005209,0.0013156,0.0016698,0.000952,0.0014906,0.0004943,0.0173488,0.0268054,0.0066065,0.0343087,0.0205723,0.0726053,
261,0.0,0.0004153,0.0011632,0.0014039,0.0018829,0.0014864,0.0021903,0.0011839,0.0200707,0.0311279,0.0577332,0.0443964,0.0884715,0.1057155,
262,0.0,0.0007268,0.0006316,0.0010857,0.000853,0.0007208,0.0023429,0.002831,0.0128024,0.027627,0.0586337,0.0642538,0.0773732,0.0967061,
263,0.0,0.0007241,0.0013172,0.0006744,0.0008532,0.0014854,0.0021886,0.0019882,0.0053095,0.0218674,0.0325836,0.0362735,0.0188821,0.0863829,
264,0.0,0.0010175,0.0005264,0.0006798,0.0025418,0.0020936,0.0023362,0.0024827,0.0049028,0.0165247,0.0211604,0.0134354,0.039437,0.041484,
265,0.0,0.0007282,0.0006328,0.0006776,0.0017787,0.0015656,0.0014548,0.001686,0.0049723,0.0217661,0.0204896,0.0106511,0.0346717,0.0099027,
266,0.0,0.0007265,0.0009039,0.0004541,0.0005438,0.0007253,0.0023416,0.0025079,0.0039911,0.0241818,0.0184455,0.0299662,0.0236839,0.0303054,
267,0.0,0.0008254,0.0009024,0.0004509,0.0013807,0.0015697,0.0021468,0.002508,0.0028232,0.0148328,0.0225666,0.0308872,0.0332766,0.0430554,
268,0.0,0.0004188,0.0006348,0.0006839,0.0015324,0.0020974,0.0014529,0.0025072,0.0108815,0.0105092,0.0350213,0.0477386,0.0513996,0.0281606,
269,0.0,0.0013132,0.0008377,0.0021182,0.0011886,0.0015691,0.0014567,0.0016841,0.0214753,0.0212403,0.0628988,0.0426076,0.0535159,0.0213197,
270,0.0,0.0007273,0.0006305,0.0006829,0.0008562,0.000996,0.0014548,0.0021808,0.0168606,0.0187534,0.0506836,0.03609,0.026296,0.0192025,
271,0.0,0.0007285,0.0005381,0.0006882,0.0022059,0.0007315,0.0011886,0.0044426,0.0112011,0.0088484,0.0705389,0.0272053,0.0138459,0.0404787,
272,0.0,0.0007314,0.0016646,0.0006862,0.0013878,0.0009626,0.0010357,0.0068252,0.0200681,0.0099199,0.0645682,0.0478233,0.0382209,0.0243282,
273,0.0,0.0008196,0.0012985,0.0004491,0.0016307,0.0015909,0.0016907,0.0081973,0.0249729,0.0242611,0.0501815,0.0272698,0.0564839,0.0624506,
274,0.0,0.0007293,0.0008346,0.0006884,0.0013683,0.0008026,0.0026855,0.0118809,0.0340828,0.0170435,0.0143179,0.0508044,0.0842703,0.0743277,
275,0.0,0.0004221,0.0014778,0.0004438,0.001188,0.0007344,0.0018819,0.0144148,0.0068814,0.0331527,0.0699043,0.0161783,0.0745345,0.0870323,
276,0.0,0.0011689,0.0006388,0.0009699,0.0005452,0.0014847,0.0009475,0.0018955,0.0088706,0.0255941,0.0425453,0.0096953,0.1077668,0.0877794,
277,0.0,0.0011586,0.0006411,0.0008559,0.0013793,0.001585,0.0011842,0.0047038,0.0094554,0.0123261,0.0518118,0.026037,0.0688547,0.0660454,
278,0.0,0.0010036,0.0017049,0.0004313,0.0007627,0.0017088,0.0014974,0.0055375,0.0233333,0.0110705,0.0213836,0.043761,0.0399384,0.0503866,
279,0.0,0.0004291,0.001593,0.001405,0.0005394,0.0007398,0.0021805,0.0064106,0.0116645,0.0255056,0.0294803,0.0418333,0.0503821,0.0520962,
280,0.0,0.0008175,0.000649,0.0004377,0.0005378,0.0009679,0.0014244,0.0042868,0.0223537,0.0199446,0.0122073,0.062637,0.0508027,0.0586612,
281,0.0,0.0004257,0.0012472,0.0015479,0.0005353,0.0014791,0.0004548,0.0016894,0.0076807,0.0171764,0.0148357,0.0317901,0.0307655,0.0440816,
282,0.0,0.000426,0.000814,0.0011064,0.000775,0.0009617,0.0009349,0.0011299,0.0063862,0.0128058,0.0298082,0.0397277,0.0053876,0.0661228,
283,0.0,0.0011592,0.0011448,0.0012048,0.0005333,0.0007367,0.0010062,0.0034912,0.0068455,0.0279738,0.0309471,0.0564994,0.0147726,0.0676562,
284,0.0,0.0004263,0.0017102,0.000849,0.001198,0.0008044,0.001704,0.0035433,0.0254064,0.0247589,0.046045,0.0702727,0.0322691,0.0403737,
285,0.0,0.0010061,0.0005396,0.0015488,0.000855,0.0007583,0.0006205,0.0058483,0.01248,0.0319818,0.045856,0.0693974,0.0289305,0.0343267,
286,0.0,0.0004236,0.0019852,0.0007027,0.0013631,0.0017526,0.0019677,0.0052532,0.0207279,0.0537664,0.0295073,0.025006,0.0303122,0.0318588,
287,0.0,0.0011611,0.0005351,0.0012921,0.0009944,0.0007816,0.0012977,0.0075046,0.0161691,0.036793,0.0608273,0.0192901,0.0191629,0.0899943,
288,0.0,0.0012149,0.0005328,0.0010083,0.0005394,0.0007851,0.0012596,0.0136496,0.0117121,0.0319649,0.0290011,0.0144009,0.0220382,0.0782148,
289,0.0,0.000418,0.0008261,0.0010906,0.0024761,0.0007269,0.0014528,0.0089769,0.0070687,0.024572,0.0376786,0.0141231,0.0205539,0.0410226,
290,0.0,0.0008133,0.0013093,0.0008539,0.0018691,0.0016776,0.0020959,0.0013354,0.0101923,0.0287658,0.0235471,0.0146905,0.03189,0.0534619,
291,0.0,0.0013563,0.000905,0.0013059,0.0012005,0.0009511,0.0010384,0.0005962,0.0059845,0.0119429,0.0154676,0.0400666,0.0371629,0.0452684,
292,0.0,0.0009912,0.0011533,0.001083,0.0010313,0.0007224,0.0010368,0.0018581,0.009036,0.0113858,0.0323546,0.0419469,0.0281758,0.0639552,
293,0.0,0.0004162,0.0012646,0.000691,0.0005311,0.0020104,0.001448,0.0011133,0.0115654,0.0060737,0.0271306,0.0241674,0.0467903,0.0572103,
294,0.0,0.0004157,0.0005166,0.0016246,0.0017776,0.0015668,0.0011845,0.0027329,0.0079216,0.0230852,0.0213921,0.0423178,0.064216,0.0677444,
295,0.0,0.0017032,0.0006525,0.0010836,0.0018734,0.0014652,0.0014437,0.0018445,0.0095678,0.0239049,0.0289428,0.0282873,0.042242,0.0702032,
296,0.0,0.0007306,0.0006532,0.0009521,0.0022613,0.0020909,0.0018876,0.0005914,0.005821,0.0208217,0.0231033,0.0326497,0.0294845,0.057613,
297,0.0,0.0010146,0.0012285,0.0015687,0.0010335,0.0009465,0.0010271,0.0019188,0.0199296,0.0176957,0.0096793,0.0326003,0.044918,0.0295618,
298,0.0,0.0011689,0.0014477,0.0016666,0.000847,0.0009461,0.0012975,0.0018455,0.0081669,0.0133085,0.0308981,0.0329187,0.012344,0.0538129,
299,0.0,0.0007283,0.000661,0.0015453,0.0010322,0.0009496,0.0012548,0.0044911,0.008689,0.0178111,0.042408,0.0336702,0.0342798,0.0347868,
300,0.0,0.0010119,0.0009092,0.0010926,0.0017791,0.0009506,0.000455,0.0112109,0.0117046,0.0217924,0.0286828,0.0406844,0.0380638,0.0121689,
301,0.0,0.0014241,0.0008137,0.0012988,0.0010125,0.0015185,0.0010204,0.0110249,0.0232022,0.0153262,0.0256091,0.0476402,0.0490497,0.0134061,
302,0.0,0.0004205,0.0009148,0.0013423,0.0015205,0.0009723,0.0012977,0.0090288,0.0189608,0.057291,0.1137017,0.0745681,0.0372999,0.0501079,
303,0.0,0.0004183,0.0012627,0.0012969,0.0010384,0.0008309,0.0010942,0.0058138,0.0143158,0.0166586,0.0482236,0.0327362,0.0800835,0.0870554,
304,0.0,0.0016938,0.0014392,0.0007015,0.0008146,0.0010297,0.0004493,0.0036805,0.0223381,0.0517544,0.071746,0.0788132,0.1264176,0.1232993,
305,0.0,0.0007332,0.0008099,0.0009391,0.0008007,0.0031861,0.0035542,0.0021703,0.0083564,0.0242788,0.0680269,0.0761698,0.0734986,0.071563,
306,0.0,0.000816,0.0006692,0.0004728,0.0014825,0.0007521,0.0004414,0.0029535,0.0062702,0.0353128,0.057466,0.0968512,0.0682206,0.0829374,
307,0.0,0.0015935,0.0013848,0.0020933,0.0068458,0.0115863,0.0111191,0.0276988,0.0487267,0.0146735,0.0669885,0.0847226,0.0603989,0.0568453,
308,0.0,0.0016203,0.0019115,0.0018413,0.0053093,0.0064315,0.0051369,0.0298754,0.0349171,0.021908,0.0726477,0.0760023,0.0527125,0.0704314,
309,0.0,0.0011657,0.0015865,0.0004504,0.0025401,0.0020167,0.0023025,0.0052637,0.0271404,0.0089831,0.0272384,0.0350669,0.0588225,0.0347374,
310,0.0,0.0008044,0.0019036,0.0010993,0.0017784,0.0036914,0.0029891,0.0090618,0.0053715,0.0100523,0.0278109,0.0335639,0.0424157,0.0366904,
311,0.0,0.0004253,0.0006606,0.0010104,0.0015265,0.0014773,0.0016261,0.0056715,0.0069509,0.0268204,0.0269414,0.0328866,0.0416958,0.0357737,
312,0.0,0.0010055,0.0005279,0.0014258,0.0018856,0.0007333,0.0016225,0.0025486,0.011308,0.0209559,0.0084209,0.0282993,0.0502816,0.0342533,
313,0.0,0.000736,0.0006681,0.0009398,0.0010565,0.0009612,0.0013947,0.0019739,0.0103675,0.0312987,0.0257118,0.0358738,0.0332129,0.0303154,
314,0.0,0.001004,0.0011744,0.0012989,0.0008182,0.0007324,0.0016343,0.0028196,0.0132005,0.0264399,0.0198699,0.0305416,0.056367,0.0413925,
315,0.0,0.0008028,0.0013842,0.0008311,0.000521,0.0010118,0.0015178,0.0039389,0.0153657,0.0142204,0.0064517,0.055533,0.0396737,0.0343508,
316,0.0,0.0011683,0.0006737,0.0015414,0.0022251,0.0010217,0.0009917,0.0040596,0.0085326,0.0128407,0.0109021,0.0366228,0.0183312,0.0419764,
317,0.0,0.0004227,0.000909,0.0009293,0.0008134,0.0010124,0.0020811,0.0032863,0.0150854,0.0191283,0.0301042,0.0415605,0.0285341,0.0805597,
318,0.0,0.0008031,0.0011717,0.0010061,0.00152,0.0016629,0.0018734,0.0067341,0.0097383,0.0177178,0.0155361,0.0164736,0.0274815,0.0512672,
319,0.0,0.0014794,0.0006804,0.0013175,0.0010415,0.0007289,0.0006531,0.0026999,0.0066452,0.0138195,0.0151492,0.0307906,0.0329316,0.042153,
320,0.0,0.0012129,0.001773,0.0013172,0.0015132,0.0008149,0.0013946,0.0023012,0.0078677,0.0145517,0.0212421,0.0475738,0.0428712,0.0191283,
321,0.0,0.0007369,0.0011552,0.0007301,0.0005086,0.0009511,0.0016125,0.0027995,0.0085492,0.0392966,0.0571401,0.0629791,0.0176934,0.0269414,
322,0.0,0.0013527,0.0006856,0.0013189,0.0010594,0.0007393,0.0012692,0.0013438,0.0085818,0.0339025,0.0307134,0.0347179,0.0409154,0.0230628,
323,0.0,0.0004255,0.0011557,0.0014313,0.0015266,0.0014804,0.001613,0.0021697,0.0130974,0.0096384,0.0247041,0.0311919,0.0344735,0.0248855,
324,0.0,0.0004253,0.0007898,0.0013162,0.0008197,0.0007411,0.0013716,0.0016495,0.0058946,0.0055649,0.0177156,0.0353262,0.0328743,0.0251854,
325,0.0,0.0010069,0.0006862,0.0015447,0.000821,0.0008338,0.0010096,0.0032802,0.00609,0.0138624,0.0079055,0.0477349,0.0455972,0.0280905,
326,0.0,0.0004275,0.0007867,0.000936,0.0010666,0.0016052,0.0014051,0.0034123,0.0069853,0.0079824,0.002761,0.0434308,0.0399752,0.0407904,
327,0.0,0.0007233,0.0012406,0.0004598,0.0015149,0.0020554,0.0016146,0.0016356,0.0094832,0.0143103,0.0329137,0.0429872,0.0750012,0.0304403,
328,0.0,0.0013509,0.000695,0.0018451,0.0010719,0.0008163,0.0014098,0.0025264,0.0106623,0.0163021,0.0495126,0.0336592,0.0681246,0.0502848,
329,0.0,0.0007194,0.0006945,0.0009396,0.0004922,0.0008146,0.0014144,0.0046018,0.0124638,0.0239033,0.0575909,0.0606619,0.0495605,0.0563878,
330,0.0,0.000825,0.0007891,0.0010056,0.0008405,0.0007211,0.0009053,0.0030759,0.0201813,0.0119316,0.0914913,0.1066052,0.039648,0.0564412,
331,0.0,0.0004282,0.000688,0.0010927,0.000498,0.0014704,0.0019446,0.0037388,0.0261223,0.038696,0.0442171,0.0698919,0.0546279,0.0450154,
332,0.0,0.0004268,0.0006858,0.0010906,0.001043,0.0015267,0.0014128,0.0032281,0.0071689,0.0164084,0.028743,0.0763834,0.0675931,0.0345308,
333,0.0,0.0009997,0.0006852,0.0009411,0.0015282,0.0007452,0.000909,0.0025692,0.0062219,0.0106895,0.0326878,0.0402105,0.0326338,0.035364,
334,0.0,0.0017705,0.0006841,0.0007233,0.0008243,0.0015244,0.0004395,0.002065,0.0042846,0.0093409,0.0054012,0.0229827,0.0451364,0.0223892,
335,0.0,0.0007274,0.0021854,0.0016901,0.0013514,0.0008152,0.0016513,0.0030147,0.0095634,0.0191971,0.0388193,0.0191569,0.0427443,0.0571288,
336,0.0,0.0004287,0.0014547,0.0007335,0.0010277,0.0008185,0.0016071,0.0013417,0.0061676,0.0099275,0.0283013,0.0273006,0.0131877,0.028673,
337,0.0,0.0008084,0.0005065,0.0013743,0.0016578,0.0014788,0.0016042,0.0009053,0.0027572,0.0177583,0.0081442,0.0085049,0.0134715,0.0214441,
338,0.0,0.0010011,0.000508,0.0013207,0.000502,0.0015947,0.0016551,0.0011173,0.0062409,0.007805,0.0167697,0.0489705,0.0277007,0.035712,
339,0.0,0.0015957,0.0006978,0.0012533,0.0018679,0.0009405,0.0013813,0.0034259,0.0114406,0.0199979,0.0095882,0.0332778,0.0277458,0.0339974,
340,0.0,0.000731,0.0005022,0.0017252,0.0013599,0.0007322,0.0010014,0.0058431,0.0093788,0.0186989,0.0256301,0.0464102,0.0316534,0.034068,
341,0.0,0.001215,0.0014635,0.0014442,0.000797,0.0016415,0.000425,0.0021712,0.0053397,0.0117167,0.0174332,0.0258891,0.0445981,0.0272033,
342,0.0,0.0010009,0.0005043,0.0004577,0.0013649,0.0015272,0.0004298,0.0016779,0.0048529,0.0167355,0.0072803,0.0095625,0.0162433,0.0361824,
343,0.0,0.0007271,0.0013002,0.0013144,0.0008277,0.002047,0.0016653,0.0020687,0.0032378,0.0202257,0.0091366,0.0167908,0.0301256,0.0271844,
344,0.0,0.0007247,0.0011818,0.0004521,0.0008422,0.0020491,0.0023721,0.0016338,0.0024697,0.012382,0.0191745,0.0205872,0.0255107,0.0356384,
345,0.0,0.0009989,0.0012505,0.0015288,0.0008433,0.0016001,0.0009006,0.0010875,0.0041877,0.0109816,0.0476119,0.0226166,0.0390512,0.0226884,
346,0.0,0.0007195,0.0006963,0.0009424,0.0010387,0.0007322,0.0014045,0.0060892,0.0050642,0.02675,0.0307445,0.0201433,0.0204959,0.0267239,
347,0.0,0.0011555,0.001819,0.0011052,0.0012345,0.0007302,0.0004471,0.0024906,0.0047592,0.0208772,0.0341209,0.0179754,0.020686,0.0194982,
348,0.0,0.0004313,0.0007839,0.001233,0.0013436,0.0007427,0.0012849,0.0019314,0.0088631,0.0196726,0.0308193,0.0162084,0.0380548,0.025473,
349,0.0,0.0004329,0.0006967,0.0012321,0.0017738,0.0009532,0.0013637,0.0024504,0.0174539,0.0200253,0.0237434,0.0442837,0.0462312,0.0135653,
350,0.0,0.0004329,0.0005015,0.0009463,0.0015243,0.0008255,0.0014148,0.00361,0.024829,0.0283375,0.0194222,0.0481158,0.0353489,0.0303282,
351,0.0,0.0004314,0.0011867,0.0017311,0.0008352,0.0016754,0.0004562,0.0029845,0.0229471,0.0275713,0.0469163,0.0166193,0.0288348,0.0358984,
352,0.0,0.0004318,0.0009154,0.0004469,0.0015327,0.0007481,0.0018638,0.0085492,0.0214961,0.0252403,0.0281905,0.0241316,0.0246563,0.0476639,
353,0.0,0.001002,0.0006874,0.0011052,0.0017814,0.0007279,0.0012693,0.0156856,0.0132371,0.0180148,0.0339229,0.0242479,0.0486866,0.0434305,
354,0.0,0.000435,0.0005037,0.0015487,0.0010806,0.0020114,0.0018616,0.0132551,0.0120837,0.0220987,0.0119637,0.0292405,0.0606399,0.0193713,
355,0.0,0.0015354,0.0014556,0.0017248,0.0016755,0.0007452,0.0016909,0.0048122,0.007778,0.0063635,0.0318125,0.0263284,0.0398203,0.0616409,
356,0.0,0.000436,0.001724,0.0016094,0.0015351,0.001471,0.002585,0.0009105,0.010874,0.0265075,0.0443501,0.0344942,0.0135041,0.0627414,
357,0.0,0.0004383,0.0011592,0.0008364,0.0019071,0.0027973,0.0041894,0.004221,0.013937,0.0220136,0.0436118,0.0339954,0.0134671,0.0287187,
358,0.0,0.0004377,0.0007775,0.0016031,0.0010339,0.0007417,0.0030586,0.0050078,0.011404,0.0320853,0.0711119,0.0367252,0.0477269,0.0854817,
359,0.0,0.0004393,0.000505,0.0009499,0.0018831,0.0010178,0.0004517,0.0070007,0.0096124,0.0451175,0.0690752,0.0632206,0.0559675,0.0826858,
360,0.0,0.0008194,0.0007031,0.0013041,0.0014972,0.0008189,0.0015707,0.0045539,0.0013694,0.0533681,0.089123,0.0584639,0.050279,0.057464,
361,0.0,0.0004408,0.000505,0.0004383,0.0015304,0.0017786,0.0016825,0.0038459,0.0098353,0.0255136,0.1032255,0.0394395,0.0650733,0.0855435,
362,0.0,0.0007114,0.0007075,0.0007349,0.0016746,0.0015216,0.00103,0.00468,0.0123429,0.0184782,0.0253546,0.0296911,0.0563529,0.0299837,
363,0.0,0.0007141,0.0012518,0.0013063,0.0010395,0.0020814,0.0012708,0.0039887,0.0152506,0.0329069,0.0225491,0.0346476,0.0373714,0.0416405,
364,0.0,0.0004364,0.0007054,0.0015316,0.0004883,0.0010156,0.0004449,0.0049478,0.012036,0.0382141,0.0266455,0.0144488,0.0034963,0.0333513,
365,0.0,0.0004376,0.0009198,0.0014139,0.0008388,0.0015963,0.001404,0.0081961,0.0220499,0.036569,0.033024,0.0310935,0.0806984,0.0609072,
366,0.0,0.0004357,0.0019068,0.0011024,0.0007908,0.0008229,0.0016008,0.0071913,0.0154404,0.0480465,0.031493,0.0731274,0.1020958,0.077532,
367,0.0,0.0004338,0.0015309,0.0017414,0.0015171,0.0007377,0.0010247,0.004792,0.0141428,0.0568237,0.0302444,0.0592065,0.0676295,0.1006854,
368,0.0,0.0016882,0.0012017,0.0013159,0.0004848,0.0016474,0.0015659,0.0078038,0.0179211,0.0525255,0.0522851,0.0429877,0.0462936,0.1026843,
369,0.0,0.0004308,0.0012464,0.0011586,0.0012462,0.0015383,0.0008923,0.0067452,0.0090739,0.0662971,0.0531519,0.0131595,0.0457563,0.0863343,
370,0.0,0.0007223,0.0021382,0.0015454,0.0015088,0.0007387,0.0008949,0.0038814,0.0218031,0.0265605,0.0549297,0.019632,0.0459248,0.0812195,
371,0.0,0.0008207,0.0004921,0.0007258,0.0013562,0.0010259,0.0011224,0.0021377,0.009811,0.0149992,0.0153973,0.0271894,0.0655006,0.0935752,
372,0.0,0.0004293,0.001291,0.0013147,0.0010387,0.0016042,0.0008985,0.0013364,0.0074562,0.0324182,0.0474855,0.0186328,0.0320674,0.0588496,
373,0.0,0.0007249,0.0004957,0.0012502,0.000823,0.0016523,0.0011656,0.0013378,0.0021387,0.0180487,0.0578264,0.0243058,0.0599568,0.0653429,
374,0.0,0.0008153,0.0004979,0.0004654,0.000801,0.0008365,0.0010105,0.0020327,0.004416,0.0242155,0.0241677,0.0218761,0.0396215,0.0751689,
375,0.0,0.0015844,0.000922,0.0009305,0.0010321,0.000743,0.0004362,0.003012,0.0074676,0.0073118,0.0414773,0.0294064,0.0516278,0.0196836,
376,0.0,0.0008128,0.0005001,0.0009288,0.0010298,0.0008191,0.0009136,0.0013727,0.0190317,0.0508614,0.0434897,0.0216952,0.0311087,0.0397672,
377,0.0,0.0007342,0.001144,0.0004726,0.0008407,0.0020591,0.0029757,0.0037602,0.0344548,0.0752259,0.0756475,0.0363914,0.0866926,0.1070962,
378,0.0,0.0007335,0.0004964,0.0013209,0.0008394,0.0008437,0.0019279,0.0034148,0.0385663,0.0410597,0.0254952,0.0252477,0.0346312,0.1037071,
379,0.0,0.0008139,0.0006877,0.0013756,0.0015018,0.0015372,0.0004333,0.0035451,0.0249262,0.0310969,0.0132604,0.0131515,0.0551386,0.0499542,
380,0.0,0.0004228,0.0006914,0.0015436,0.0015161,0.0016087,0.0012859,0.0041215,0.0207133,0.0335493,0.0187516,0.0292,0.0738257,0.0629321,
381,0.0,0.0007305,0.0017177,0.0004703,0.0010365,0.001605,0.0012834,0.0024417,0.0210103,0.0444457,0.0544968,0.0463141,0.0496236,0.080182,
382,0.0,0.000729,0.0012467,0.0010831,0.0022775,0.0020079,0.002116,0.0033115,0.0068924,0.0457372,0.0362369,0.0324294,0.0447688,0.099774,
383,0.0,0.0007264,0.0007021,0.0018742,0.0008384,0.0015434,0.0014028,0.005018,0.0185587,0.0466039,0.0178571,0.0395409,0.0517085,0.081665,
384,0.0,0.0008121,0.0017924,0.0022436,0.0017794,0.0021752,0.0006593,0.0057583,0.0225539,0.046723,0.0182002,0.0335938,0.0368037,0.0403423,
385,0.0,0.0004331,0.0010866,0.0009279,0.0007981,0.0007279,0.0012773,0.0009151,0.0292837,0.037184,0.022838,0.0431878,0.0500613,0.0782011,
386,0.0,0.0009973,0.0017112,0.0014191,0.0014916,0.0015285,0.0013537,0.0075115,0.0090683,0.0254099,0.0329071,0.0346216,0.0401308,0.0632938,
387,0.0,0.0009953,0.0012569,0.0004495,0.0010396,0.0016371,0.0024145,0.006258,0.0082698,0.0179142,0.0266024,0.0329461,0.050859,0.063196,
388,0.0,0.0015272,0.0009126,0.0017443,0.0004929,0.0008229,0.0016704,0.0077673,0.010952,0.0126615,0.0182452,0.0277815,0.061146,0.073521,
389,0.0,0.0009925,0.0007047,0.0007463,0.0004945,0.0007373,0.0006606,0.0070487,0.0165255,0.0240097,0.0461385,0.0525266,0.0579385,0.0762487,
390,0.0,0.0004394,0.000907,0.0004392,0.0004979,0.0015897,0.0006586,0.00548,0.0140884,0.0109513,0.0278622,0.035302,0.0335791,0.0372673,
391,0.0,0.0008138,0.0009079,0.0004407,0.0007815,0.0016718,0.0004371,0.0053112,0.0084132,0.0241289,0.0443368,0.0214945,0.0194151,0.0272599,
392,0.0,0.0004355,0.0013845,0.001889,0.0008429,0.0014754,0.0004354,0.0011806,0.0115229,0.0277329,0.034012,0.0187358,0.0295696,0.0203967,
393,0.0,0.0004344,0.001384,0.0004492,0.0015223,0.0016379,0.0013973,0.0010886,0.0083947,0.0079517,0.0307435,0.0132438,0.0078915,0.0342694,
394,0.0,0.0012172,0.0011557,0.0010114,0.0010436,0.0015249,0.0020406,0.0013381,0.01371,0.022783,0.0486235,0.0248128,0.0311263,0.0325916,
395,0.0,0.0004319,0.0009168,0.0004568,0.0023375,0.0015283,0.0004324,0.0032793,0.0117567,0.0230036,0.0368745,0.0293212,0.0285783,0.0331258,
396,0.0,0.0008101,0.0007731,0.0009274,0.00107,0.0009418,0.0004283,0.000564,0.0126019,0.0289043,0.0158368,0.0253419,0.0256619,0.0291621,
397,0.0,0.0010023,0.0009202,0.0008255,0.0017642,0.0016467,0.0010064,0.0025251,0.0084512,0.0295964,0.0257491,0.0226455,0.0699508,0.0103623,
398,0.0,0.0004281,0.0014625,0.0014313,0.0017625,0.0016484,0.0004251,0.0055766,0.0304392,0.03541,0.0158157,0.0198893,0.0320635,0.0112551,
399,0.0,0.000427,0.0017517,0.000921,0.0010624,0.0009394,0.0020214,0.0032591,0.0234013,0.0274321,0.0172813,0.0305443,0.0134041,0.0541692,
400,0.0,0.0004278,0.0013299,0.001006,0.0008041,0.0008355,0.0012398,0.006316,0.0152078,0.0240998,0.0245014,0.0203736,0.011277,0.0367428,
401,0.0,0.0010013,0.0013288,0.0004672,0.0014801,0.0008354,0.0012375,0.0044312,0.0104444,0.0128139,0.0250556,0.0226933,0.0381683,0.0246144,
402,0.0,0.0004244,0.0006916,0.0008247,0.0005015,0.0007244,0.0018042,0.0040234,0.010666,0.0468181,0.0223066,0.0283411,0.0456765,0.059053,
403,0.0,0.0010051,0.0011559,0.001325,0.0008047,0.0008344,0.0009927,0.0033555,0.0072144,0.0228598,0.0427883,0.0206725,0.0386814,0.0547557,
404,0.0,0.0007374,0.0007827,0.000464,0.0014793,0.0022029,0.0016129,0.0043265,0.0046252,0.0326587,0.0340725,0.0230604,0.0526548,0.0505427,
405,0.0,0.0007376,0.0006882,0.0010078,0.0007993,0.0010174,0.0006639,0.0046262,0.0186625,0.0497576,0.0234414,0.0398029,0.0116549,0.0479855,
406,0.0,0.0011707,0.0013119,0.00101,0.0007967,0.0008271,0.0012793,0.0030434,0.0135099,0.0312666,0.0187621,0.056965,0.0304749,0.034891,
407,0.0,0.0004312,0.0011696,0.0012958,0.0008429,0.0007314,0.0013401,0.0029726,0.0095509,0.0266144,0.0088966,0.0370177,0.0342655,0.051438,
408,0.0,0.0007325,0.0009029,0.000449,0.0005068,0.0009455,0.0009013,0.0018358,0.0186957,0.0191319,0.0158684,0.0407053,0.0384091,0.0602343,
409,0.0,0.0004349,0.0012593,0.0007477,0.0015328,0.0008224,0.0015384,0.0037023,0.0178917,0.0223208,0.031229,0.033989,0.0624193,0.0745926,
410,0.0,0.0014697,0.0005216,0.0007485,0.0018368,0.0016724,0.001727,0.0059834,0.015597,0.0312266,0.0083336,0.0211513,0.032556,0.0409821,
411,0.0,0.0007267,0.0015503,0.0015884,0.0005108,0.0010188,0.0006611,0.003024,0.0095541,0.0179009,0.0206306,0.0201194,0.0241729,0.0222876,
412,0.0,0.0013051,0.0015549,0.000745,0.0007769,0.0007432,0.0016491,0.0047332,0.0065045,0.0112174,0.0337363,0.0326168,0.0526928,0.0702745,
413,0.0,0.0014674,0.001218,0.000745,0.0005173,0.0015114,0.0012427,0.0024575,0.0115932,0.0186556,0.0337237,0.0425721,0.0502906,0.0506885,
414,0.0,0.000726,0.0005319,0.0012118,0.0014647,0.000808,0.0021306,0.0008936,0.0084507,0.0222453,0.0349068,0.0238946,0.0612028,0.052749,
415,0.0,0.0004354,0.0012222,0.0012138,0.0010231,0.0007397,0.0004283,0.0039354,0.0073039,0.041185,0.0209446,0.0365004,0.0873176,0.0873393,
416,0.0,0.0007294,0.0006777,0.0015515,0.0005221,0.0007432,0.0004247,0.0065847,0.006595,0.0212302,0.0288465,0.0306651,0.0324384,0.0561038,
417,0.0,0.0014732,0.0011826,0.0014325,0.0015329,0.0008082,0.0014238,0.0051729,0.0164277,0.0188678,0.0216611,0.0428536,0.0272143,0.0616073,
418,0.0,0.0012136,0.0006756,0.0020149,0.00167,0.0015128,0.0026536,0.0033804,0.0066245,0.0076506,0.0177495,0.0158016,0.0120542,0.0543166,
419,0.0,0.0008067,0.0007956,0.0007297,0.001386,0.0015565,0.0012338,0.0011139,0.004643,0.0119011,0.0120798,0.033175,0.0129973,0.0244102,
420,0.0,0.0007315,0.000674,0.0009415,0.0010615,0.0007434,0.0010008,0.0015518,0.0026475,0.0139306,0.0261508,0.0198506,0.0265621,0.0246874,
421,0.0,0.0007321,0.0006739,0.0013102,0.0010603,0.0007449,0.0004331,0.0016641,0.0085686,0.006842,0.0205729,0.0247556,0.0428311,0.0248233,
422,0.0,0.0013039,0.0007996,0.0012366,0.0015218,0.000806,0.001003,0.0008987,0.0070614,0.0111196,0.028246,0.054381,0.0403622,0.0379489,
423,0.0,0.0011614,0.0009119,0.001006,0.0010198,0.0009444,0.0020227,0.0016444,0.012949,0.0078968,0.0160767,0.0567486,0.0577129,0.0321326,
424,0.0,0.0010087,0.0006755,0.0004598,0.0017577,0.0007238,0.0018609,0.0034124,0.0141222,0.0148908,0.0210162,0.0483674,0.0277867,0.0357865,
425,0.0,0.0004241,0.0009176,0.0011748,0.0017788,0.0016701,0.0010227,0.0038178,0.016806,0.0330853,0.0347643,0.0393797,0.0277693,0.0541132,
426,0.0,0.000998,0.0010887,0.0011692,0.0013698,0.0014707,0.0004389,0.0046183,0.0045411,0.034958,0.0643795,0.0621581,0.0615782,0.0141745,
427,0.0,0.0008144,0.0009159,0.0015442,0.0005095,0.0008327,0.0021667,0.0022184,0.0138763,0.0216175,0.0491667,0.0590723,0.0874518,0.0459192,
428,0.0,0.0015847,0.001773,0.0004627,0.001973,0.0018119,0.0019534,0.0013293,0.0047878,0.017199,0.0371001,0.0359488,0.0205313,0.0295969,
429,0.0,0.0004211,0.0005116,0.0007142,0.0016571,0.0015611,0.0021172,0.0011189,0.0056503,0.0119163,0.0404271,0.0295738,0.0293894,0.0647158,
430,0.0,0.0004223,0.000667,0.0017558,0.0010138,0.0016485,0.0009286,0.001834,0.0049954,0.019065,0.0189732,0.0297479,0.0352464,0.0598518,
431,0.0,0.0010073,0.0005192,0.0004574,0.0017525,0.0016086,0.0012904,0.0019888,0.003811,0.0098033,0.0200603,0.0247536,0.0348727,0.0620999,
432,0.0,0.0004255,0.0012431,0.0014221,0.0015256,0.0016064,0.0004335,0.0016708,0.0040611,0.0071812,0.0225758,0.0255871,0.0358813,0.0388803,
433,0.0,0.0010031,0.000669,0.0007257,0.0008237,0.0007343,0.0011062,0.0026659,0.0062557,0.0178536,0.0238267,0.0372527,0.0274321,0.0525065,
434,0.0,0.0004299,0.0005272,0.0009476,0.0008483,0.0009645,0.0013737,0.0005949,0.0062434,0.0134671,0.013771,0.047821,0.0166281,0.0152231,
435,0.0,0.0007283,0.0008958,0.0011144,0.0005225,0.0008047,0.0013743,0.001366,0.0086553,0.0152842,0.0480703,0.0204,0.0540846,0.0591743,
436,0.0,0.0004344,0.0006768,0.0014289,0.00052,0.0008064,0.0012646,0.0009534,0.0027076,0.0143193,0.0193263,0.0301696,0.0525586,0.1261341,
437,0.0,0.0008097,0.0008942,0.0011219,0.0005216,0.0015677,0.0012619,0.0016367,0.0026162,0.0186759,0.0403454,0.0522861,0.023044,0.0669736,
438,0.0,0.0004381,0.001891,0.0013464,0.0013559,0.0007995,0.000647,0.0014126,0.0076122,0.0310126,0.0402829,0.0423432,0.0689865,0.0732458,
439,0.0,0.0015276,0.0006797,0.0015206,0.0007677,0.0007996,0.0013692,0.0030134,0.0084974,0.0261069,0.0387656,0.0373812,0.0611103,0.0739707,
440,0.0,0.0011689,0.0011596,0.0017482,0.0015407,0.00074,0.00181,0.0009567,0.0070147,0.0044077,0.0224044,0.0425333,0.0239077,0.0421236,
441,0.0,0.0009965,0.0013185,0.0004345,0.0005172,0.0014745,0.0010107,0.0022511,0.0099645,0.0139435,0.0261729,0.0360132,0.0288979,0.0522771,
442,0.0,0.0013488,0.0014473,0.0012162,0.0015446,0.0007377,0.0012596,0.0016438,0.0123721,0.0100936,0.0196649,0.019324,0.0814937,0.0711957,
443,0.0,0.0004308,0.0008997,0.0008385,0.0010115,0.0007472,0.0011728,0.002157,0.0113577,0.0145151,0.0228607,0.0106911,0.0753712,0.0635435,
444,0.0,0.0008138,0.0017834,0.0013151,0.0022318,0.0009557,0.0004417,0.0021372,0.0113108,0.0289136,0.0562234,0.0307419,0.0406122,0.0377668,
445,0.0,0.0010057,0.0012448,0.0010102,0.0022577,0.0026171,0.0004447,0.0013232,0.0110977,0.0152717,0.0109448,0.0053231,0.031293,0.0234195,
446,0.0,0.000726,0.0009081,0.0010976,0.0008468,0.0015561,0.002165,0.0022958,0.0162029,0.0176779,0.0422287,0.0484212,0.0292374,0.0224042,
447,0.0,0.0010091,0.0013825,0.0013071,0.0008464,0.0017224,0.0018727,0.0042688,0.0182392,0.0339888,0.0493715,0.0386356,0.0417466,0.0190202,
448,0.0,0.0007242,0.0005098,0.0004554,0.0008255,0.0016116,0.0018371,0.008005,0.014726,0.0154608,0.0803391,0.0939256,0.1120057,0.094889,
449,0.0,0.0004261,0.000677,0.0010072,0.0008442,0.0007493,0.001172,0.0037235,0.0198663,0.0297447,0.0848389,0.140216,0.1037431,0.069286,
450,0.0,0.0008173,0.0006768,0.0009459,0.0008451,0.0007267,0.0009162,0.001649,0.0042883,0.0295618,0.0287724,0.0452177,0.0242689,0.0326105,
451,0.0,0.0015256,0.0006811,0.0009454,0.0013524,0.00096,0.0012881,0.0013197,0.0069735,0.0062343,0.0194275,0.0314495,0.0333436,0.0359986,
452,0.0,0.0004298,0.0006844,0.0007261,0.0017797,0.0008116,0.0009088,0.0013234,0.0067077,0.007642,0.0220273,0.0307459,0.0512529,0.0202028,
453,0.0,0.0010005,0.0009094,0.0004533,0.0008254,0.0008105,0.001651,0.0013423,0.0046058,0.0071116,0.0157135,0.0306837,0.0511247,0.0280264,
454,0.0,0.0010019,0.0014375,0.0008313,0.0021568,0.0007404,0.001538,0.0016759,0.005372,0.0047706,0.0331164,0.0279179,0.037966,0.0151704,
455,0.0,0.0008082,0.0007902,0.0009408,0.0008257,0.000956,0.0016093,0.0005245,0.0113787,0.0068224,0.0262038,0.064345,0.0448758,0.0367551,
456,0.0,0.0004301,0.0012522,0.0015486,0.0005148,0.0007353,0.0004245,0.0019205,0.0064241,0.0163449,0.0089968,0.0387827,0.0403135,0.0469157,
457,0.0,0.0007347,0.00068,0.0007396,0.0014935,0.0008149,0.0017219,0.0030565,0.0073999,0.0211751,0.0176842,0.0346073,0.0198635,0.0400187,
458,0.0,0.001351,0.001255,0.0004514,0.0007894,0.0010154,0.0006617,0.0061566,0.0066519,0.0148073,0.0402613,0.0068635,0.0123111,0.0661686,
459,0.0,0.0010073,0.0005265,0.0013584,0.0008226,0.0010137,0.0009881,0.013507,0.0146486,0.026174,0.0318736,0.0260417,0.0339781,0.086012,
460,0.0,0.0004299,0.0005257,0.0004523,0.0014908,0.0008165,0.0020045,0.0151488,0.0227122,0.0404635,0.0482498,0.018508,0.0258667,0.0780681,
461,0.0,0.0004288,0.0011655,0.0004569,0.0014903,0.0021916,0.0009845,0.0093359,0.0126639,0.004845,0.0492924,0.0567488,0.0249253,0.075634,
462,0.0,0.0004306,0.0005207,0.0009285,0.0007928,0.0007367,0.0006674,0.0050613,0.0255772,0.0279956,0.030434,0.0221104,0.0370732,0.0195117,
463,0.0,0.0013101,0.001439,0.000744,0.0013783,0.0008197,0.0006627,0.0028917,0.0108917,0.0389524,0.027114,0.0236648,0.0441257,0.0168083,
464,0.0,0.0004322,0.0022004,0.0007454,0.0018579,0.0008205,0.0016139,0.0044339,0.0148607,0.0540885,0.0288031,0.0161441,0.0629862,0.0262132,
465,0.0,0.0011666,0.0006868,0.0007413,0.0018402,0.0010169,0.0006587,0.0019259,0.003933,0.0150083,0.0449787,0.024028,0.036681,0.042973,
466,0.0,0.0007287,0.0012564,0.0012291,0.0005119,0.0008147,0.0010014,0.0013438,0.0051543,0.0197924,0.0308979,0.0466082,0.0263184,0.0477024,
467,0.0,0.0010049,0.0005188,0.0015949,0.0013815,0.0008148,0.0006518,0.0005822,0.0041726,0.0155934,0.0227492,0.0226564,0.0260894,0.0075684,
468,0.0,0.000432,0.000685,0.0010127,0.0007848,0.0007403,0.0006485,0.0005262,0.0036814,0.0154706,0.0159509,0.0346542,0.0341449,0.0128725,
469,0.0,0.0007245,0.0012363,0.0007268,0.0015285,0.0009599,0.0004393,0.001915,0.0071622,0.0105278,0.0191598,0.0246759,0.0159472,0.0316184,
470,0.0,0.0012185,0.0011736,0.0015485,0.0005077,0.0017005,0.0004428,0.0010851,0.0083887,0.0108643,0.0120203,0.0451292,0.0209114,0.0277539,
471,0.0,0.0008178,0.0012488,0.0004419,0.0010217,0.0007342,0.0010152,0.0016413,0.0048959,0.0189751,0.0505608,0.046146,0.0469037,0.0278079,
472,0.0,0.00122,0.001733,0.0009547,0.0019867,0.0016827,0.0010146,0.0024792,0.0117401,0.0265649,0.0591864,0.0706864,0.0473905,0.0401261,
473,0.0,0.0011548,0.0005205,0.0004367,0.0010174,0.0007481,0.0009114,0.0018324,0.0127479,0.0360782,0.0695028,0.0725866,0.0701915,0.0326255,
474,0.0,0.0004333,0.0010819,0.0008449,0.0015002,0.001018,0.0004562,0.0011212,0.0274646,0.0331898,0.0536241,0.0761043,0.0437919,0.0562734,
475,0.0,0.0008208,0.000668,0.0007123,0.0008494,0.0007926,0.001253,0.0012958,0.0206539,0.0422723,0.0794766,0.0626213,0.0381817,0.0554406,
476,0.0,0.0004305,0.0006686,0.0016793,0.0007757,0.0027311,0.0017101,0.0025749,0.01008,0.041435,0.0654386,0.0314988,0.0623333,0.0589509,
477,0.0,0.0007214,0.0006715,0.0009563,0.0015372,0.0007977,0.0006322,0.0020991,0.0052425,0.0299304,0.0271659,0.0195938,0.0242007,0.0353606,
478,0.0,0.0013612,0.0009029,0.0013205,0.0008476,0.0015054,0.0010197,0.0005922,0.0030157,0.0375626,0.0308904,0.0358877,0.0389931,0.0396205,
479,0.0,0.0016929,0.0012525,0.001321,0.0005127,0.0007369,0.0010133,0.0011229,0.0054523,0.025248,0.0160381,0.028128,0.0330213,0.047521,
480,0.0,0.0013618,0.0007852,0.0011134,0.0013504,0.0007411,0.0006454,0.0025689,0.0011581,0.0429891,0.0172816,0.0274846,0.0228232,0.0464136,
481,0.0,0.000995,0.0012565,0.0007371,0.0010237,0.0009559,0.0006512,0.0018315,0.0075166,0.027646,0.0321065,0.042464,0.0207331,0.0327356,
482,0.0,0.0013475,0.0006907,0.0007411,0.001227,0.0015154,0.0004293,0.0011235,0.0085582,0.0224645,0.0287392,0.040651,0.0092805,0.0337224,
483,0.0,0.0008082,0.0013124,0.0011097,0.0018591,0.000735,0.0004279,0.0017772,0.0046838,0.0236027,0.0423433,0.0178893,0.0218003,0.0241921,
484,0.0,0.0007248,0.0012592,0.0015511,0.000834,0.0010141,0.0016621,0.0018221,0.0140091,0.0337389,0.0404957,0.0480875,0.0077739,0.026491,
485,0.0,0.0011595,0.0009056,0.001115,0.0008433,0.0015164,0.0010118,0.0027621,0.0134905,0.016259,0.032482,0.0393749,0.0204159,0.0222812,
486,0.0,0.0004391,0.0005192,0.0013064,0.0005039,0.0015169,0.0010119,0.0013135,0.010838,0.0233569,0.0280064,0.031731,0.0291522,0.0131906,
487,0.0,0.0004382,0.0006914,0.0004349,0.0014639,0.00081,0.0004355,0.0012011,0.0117372,0.0103607,0.0134982,0.0362354,0.0137858,0.0411496,
488,0.0,0.0011604,0.0011658,0.0013023,0.0008385,0.0008069,0.0017229,0.0033032,0.0031174,0.0175086,0.0234634,0.0325243,0.0478332,0.0301523,
489,0.0,0.0004398,0.0005253,0.0009527,0.0008417,0.0015927,0.0024071,0.0016703,0.0035913,0.022062,0.0494832,0.0235679,0.0449264,0.0356729,
490,0.0,0.0010101,0.0005245,0.000428,0.0008441,0.0009594,0.0018484,0.0014658,0.0140323,0.0528023,0.0606872,0.0763398,0.0492573,0.0566117,
491,0.0,0.0009923,0.001225,0.0007335,0.0019911,0.0007398,0.0014054,0.0017334,0.0055929,0.0096181,0.0239827,0.0647745,0.0302103,0.0380477,
492,0.0,0.000716,0.0006913,0.001018,0.0024654,0.0008112,0.0015602,0.0015573,0.0096844,0.0102404,0.047952,0.0351108,0.0322118,0.0226179,
493,0.0,0.0007169,0.0014323,0.0012171,0.0005028,0.0008141,0.0004459,0.0014836,0.0125178,0.0254383,0.054737,0.0044934,0.0406711,0.0300522,
494,0.0,0.0007144,0.0005132,0.0009537,0.0015351,0.0014764,0.0008983,0.0024735,0.011445,0.0110771,0.0211655,0.0574827,0.0423156,0.0303477,
495,0.0,0.0015873,0.0005134,0.0015421,0.0017758,0.0007462,0.001264,0.0011016,0.017778,0.0174441,0.0277412,0.0514068,0.047115,0.0436275,
496,0.0,0.0007117,0.0007858,0.0017625,0.0019806,0.0015897,0.0024637,0.005845,0.0122411,0.0234129,0.0192087,0.0340466,0.0491379,0.0547309,
497,0.0,0.0007107,0.0009037,0.0016086,0.0005082,0.000739,0.0018612,0.0065751,0.0045178,0.051053,0.0549207,0.0775995,0.0909012,0.0845449,
498,0.0,0.0011709,0.0007856,0.0009605,0.0013445,0.0015041,0.000901,0.0038222,0.021127,0.0111624,0.0360535,0.0794248,0.0929906,0.0605572,
499,0.0,0.0008189,0.0017891,0.0015524,0.0005142,0.001502,0.0026936,0.0062139,0.0179147,0.0267339,0.0660849,0.0852431,0.0894238,0.0442395,
500,0.0,0.0008162,0.0012261,0.0014202,0.0024657,0.0020416,0.000447,0.0064097,0.0086495,0.0432168,0.0607468,0.0646042,0.0723139,0.0808347,
501,0.0,0.0004398,0.0005312,0.0004241,0.0015103,0.0007462,0.0009046,0.0056203,0.0757182,0.0429568,0.0429787,0.0685327,0.0269579,0.0354919,
502,0.0,0.000814,0.0014551,0.000424,0.0015035,0.0014995,0.000909,0.0033776,0.0108175,0.0400061,0.0553792,0.0627846,0.0860802,0.0683748,
503,0.0,0.0011692,0.0018269,0.0007277,0.0005248,0.0010108,0.0011703,0.0028556,0.0269947,0.0422675,0.0544417,0.0715443,0.0855545,0.0918819,
504,0.0,0.000722,0.0007944,0.0010217,0.0008522,0.0016,0.0012607,0.0048597,0.0079057,0.0117722,0.0136251,0.030135,0.0139428,0.0528836,
505,0.0,0.0007249,0.0008886,0.0011263,0.0005304,0.0014995,0.0004356,0.0025705,0.0136777,0.0250288,0.0257983,0.043179,0.0519238,0.0654419,
506,0.0,0.0007274,0.0013297,0.0007347,0.0013544,0.0016276,0.0012665,0.0018847,0.00635,0.0219648,0.0290962,0.0354108,0.067881,0.079162,
507,0.0,0.0008041,0.0007951,0.0004275,0.0014634,0.0017599,0.0016033,0.0009701,0.0046135,0.0258566,0.0177907,0.0220229,0.0716576,0.0485594,
508,0.0,0.0004359,0.0006702,0.0013,0.0019852,0.0016493,0.0012315,0.0013849,0.0046899,0.0356183,0.012829,0.0279026,0.0575706,0.0593333,
509,0.0,0.000731,0.0005397,0.0010185,0.0005308,0.0008031,0.0006492,0.0013323,0.0042392,0.0149678,0.0354301,0.0283566,0.0422505,0.0372125,
510,0.0,0.0004326,0.0012569,0.0012982,0.001358,0.0007451,0.0009245,0.0011071,0.0036054,0.0181922,0.0509723,0.0187987,0.0525379,0.0368626,
511,0.0,0.0011688,0.0006641,0.0012994,0.000536,0.0015015,0.0012726,0.001392,0.0046477,0.0202136,0.0394724,0.0179561,0.0421208,0.0336414,
512,0.0,0.0013493,0.0006645,0.001431,0.0008523,0.0008001,0.0012239,0.0034488,0.0078234,0.0135059,0.0547902,0.0457728,0.0356207,0.0348569,
513,0.0,0.0011677,0.0012538,0.0010159,0.0009986,0.0007998,0.0012232,0.0022235,0.0115123,0.0086181,0.0582987,0.0409367,0.0383549,0.0273244,
514,0.0,0.000999,0.0008054,0.000436,0.0005396,0.0016233,0.0013155,0.0013411,0.0110493,0.0295478,0.0389305,0.033299,0.0304429,0.0162805,
515,0.0,0.0009982,0.000885,0.0017288,0.0017061,0.0018227,0.0019692,0.0031177,0.0129346,0.0253207,0.0463146,0.0498767,0.0447765,0.0245151,
516,0.0,0.000428,0.0008878,0.0010145,0.0007783,0.0018455,0.0012182,0.0061817,0.0170474,0.0349201,0.0254964,0.0351002,0.0514439,0.0426521,
517,0.0,0.0011659,0.0008864,0.0022051,0.0022046,0.00169,0.0018005,0.0060939,0.0322073,0.0381109,0.0069895,0.0393754,0.0148561,0.027292,
518,0.0,0.0010051,0.0006539,0.0008305,0.0019305,0.0027768,0.0039087,0.0099476,0.0157204,0.0267604,0.0277346,0.0316786,0.0462934,0.0074289,
519,0.0,0.0007418,0.0016736,0.0009446,0.0019496,0.002791,0.0043078,0.0076084,0.0361832,0.0245568,0.0431327,0.0695007,0.0578558,0.0553466,
520,0.0,0.0013137,0.0016717,0.0017856,0.0007814,0.0023088,0.0026345,0.0194285,0.0376112,0.0467231,0.0305822,0.0735055,0.0546463,0.0463069,
521,0.0,0.0004255,0.0020321,0.0020227,0.0030368,0.0056202,0.0059306,0.0329019,0.0276785,0.0551247,0.0206298,0.1122491,0.0922908,0.0767768,
522,0.0,0.0004261,0.0011278,0.0021189,0.002257,0.0031131,0.0054971,0.0205671,0.021369,0.03095,0.0172617,0.0245441,0.0964087,0.0265828,
523,0.0,0.0007974,0.0021137,0.0008328,0.0010143,0.0017159,0.0072944,0.0127047,0.0181832,0.0353877,0.0172381,0.0594319,0.0512469,0.0393167,
524,0.0,0.0018074,0.0006451,0.0004343,0.0022219,0.0018304,0.002874,0.0032972,0.0206672,0.0172641,0.0207558,0.0530706,0.027491,0.0440349,
525,0.0,0.0015989,0.0017059,0.0008342,0.0021081,0.0026488,0.0015235,0.0078616,0.023096,0.0097337,0.0234346,0.0575398,0.0204958,0.0534543,
526,0.0,0.0013099,0.000556,0.0010204,0.0009879,0.0017404,0.0019673,0.0027549,0.0136911,0.0159093,0.02617,0.0566457,0.0513708,0.0558065,
527,0.0,0.0009935,0.000653,0.0008279,0.0014656,0.0007937,0.000421,0.0084386,0.0166718,0.0119565,0.0167857,0.0376361,0.0651319,0.0614019,
528,0.0,0.0004353,0.0008069,0.0007394,0.0005514,0.0007835,0.0004167,0.0099695,0.0270724,0.0396685,0.0522759,0.0277994,0.0809296,0.0737379,
529,0.0,0.0004377,0.0006561,0.0007418,0.0005509,0.0018359,0.0012776,0.0032771,0.0125541,0.0352332,0.0771715,0.0785708,0.1194411,0.0905291,
530,0.0,0.0013599,0.0008713,0.0007467,0.0005471,0.0017327,0.0021389,0.004826,0.0259226,0.0582015,0.0649125,0.1124745,0.0943986,0.0722965,
531,0.0,0.0007966,0.0012727,0.0010286,0.0007559,0.0010016,0.0021703,0.0057395,0.0151581,0.0264484,0.0509749,0.0586154,0.0612483,0.0386312,
532,0.0,0.0004425,0.001204,0.0013457,0.0026479,0.0032225,0.0033549,0.0042566,0.0235123,0.0081632,0.0372402,0.0354716,0.0323407,0.0191033,
533,0.0,0.0009859,0.0015749,0.0010281,0.0018925,0.0021778,0.0046828,0.0021137,0.0128517,0.0102573,0.0236785,0.034118,0.0761324,0.0340904,
534,0.0,0.0007257,0.001392,0.000412,0.0005371,0.0025182,0.0034978,0.0059557,0.0210532,0.0131352,0.0256402,0.0383491,0.0605754,0.056542,
535,0.0,0.0007255,0.0006669,0.0007441,0.0014578,0.0007972,0.0042747,0.0150143,0.02027,0.0194209,0.0096085,0.0329434,0.0359065,0.0618821,
536,0.0,0.0014649,0.0005534,0.0007407,0.0018517,0.0010145,0.0022053,0.0071992,0.0104445,0.0263253,0.0278777,0.0332426,0.0663568,0.055386,
537,0.0,0.0004421,0.0006703,0.0011888,0.0005355,0.0017484,0.0020035,0.0031432,0.0201936,0.0262332,0.0118879,0.0598628,0.0556195,0.0654867,
538,0.0,0.0009867,0.001341,0.0009685,0.0015623,0.0014948,0.0004318,0.0032743,0.0196169,0.0277184,0.0243683,0.0332673,0.0416724,0.0691025,
539,0.0,0.0004403,0.0005522,0.0007347,0.000996,0.0016258,0.0012391,0.0024515,0.0170288,0.0316829,0.0113723,0.0252904,0.0086252,0.0344852,
540,0.0,0.0004397,0.0013902,0.0007351,0.0005357,0.000786,0.0011711,0.0037731,0.0093984,0.0251241,0.0438793,0.0182687,0.0271723,0.0322323,
541,0.0,0.0009898,0.0015764,0.0004169,0.0019949,0.0014914,0.0004374,0.0020781,0.013598,0.0221288,0.0476358,0.0421431,0.0158919,0.0457869,
542,0.0,0.0004399,0.0012174,0.0014179,0.0018871,0.0014924,0.0033994,0.0049255,0.0168643,0.0318746,0.0442476,0.0337201,0.0385191,0.0643681,
543,0.0,0.0008102,0.0008838,0.0020872,0.0008553,0.0025084,0.0012402,0.001353,0.0119287,0.0156232,0.030165,0.0203178,0.0273431,0.069073,
544,0.0,0.0008102,0.00126,0.0004222,0.0005325,0.0020428,0.0011718,0.0049135,0.0124856,0.0304026,0.0045635,0.0338982,0.0720953,0.0280923,
545,0.0,0.0004375,0.0006671,0.0007325,0.0013644,0.000792,0.001402,0.0053109,0.0075016,0.0094981,0.0122411,0.0328076,0.0605661,0.0625241,
546,0.0,0.0016016,0.0006718,0.0013422,0.0008531,0.0017446,0.0006479,0.0044028,0.0101914,0.014865,0.0279201,0.0390878,0.0470591,0.0645759,
547,0.0,0.000441,0.0007889,0.0007423,0.001354,0.0016319,0.0006515,0.0024954,0.0069346,0.0251504,0.020359,0.0362772,0.0370524,0.0660555,
548,0.0,0.0004412,0.0013904,0.0004198,0.0008413,0.0010042,0.0004232,0.0021327,0.006811,0.0229958,0.0161031,0.0357063,0.0175535,0.0414758,
549,0.0,0.0010149,0.0005491,0.0007524,0.0005299,0.0007863,0.0004189,0.0023835,0.0109764,0.0239028,0.0463456,0.0224554,0.0399649,0.0203547,
550,0.0,0.0007305,0.0008786,0.00042,0.0013549,0.0015073,0.0012329,0.0020235,0.0088866,0.0202849,0.0278113,0.0173183,0.0550718,0.0286118,
551,0.0,0.0007306,0.0006823,0.0013326,0.0007658,0.0008124,0.0004133,0.0018785,0.0259335,0.0373631,0.0701286,0.0653869,0.0716135,0.0691608,
552,0.0,0.0007981,0.0005445,0.0004242,0.0010173,0.0017684,0.0016441,0.003857,0.0087853,0.0295312,0.0756703,0.0554269,0.0401526,0.0339638,
553,0.0,0.0004389,0.0014054,0.0004263,0.0013557,0.0010185,0.0020104,0.0041083,0.0187218,0.027287,0.0714812,0.0491955,0.0495519,0.0304174,
554,0.0,0.0004388,0.0012739,0.0008139,0.0014035,0.0014684,0.0004115,0.0058352,0.0296772,0.0212573,0.0491024,0.0508232,0.0277582,0.0300949,
555,0.0,0.0007959,0.000676,0.0007501,0.0015514,0.0007343,0.0011679,0.0054206,0.040284,0.0266107,0.0416,0.0262507,0.0165057,0.0563875,
556,0.0,0.0004352,0.001814,0.0017305,0.001541,0.0015013,0.0004135,0.0051206,0.0340635,0.0299856,0.0433616,0.0370332,0.0145575,0.0286473,
557,0.0,0.0007373,0.0017674,0.0004324,0.0008292,0.0015716,0.0024583,0.0095608,0.0354588,0.0456391,0.0469399,0.0668636,0.0724744,0.0703447,
558,0.0,0.0004335,0.0007924,0.0017391,0.0019798,0.0015109,0.0009808,0.0033353,0.0109781,0.0525793,0.063167,0.0670683,0.0756124,0.0423027,
559,0.0,0.00074,0.0012018,0.0012215,0.0014037,0.0016574,0.0010602,0.0031169,0.0124299,0.0253428,0.0543909,0.0465657,0.0596672,0.0447707,
560,0.0,0.0007927,0.0013898,0.0014408,0.0014073,0.0020887,0.0013774,0.0177327,0.0184921,0.0485673,0.015324,0.0403912,0.0317237,0.0203276,
561,0.0,0.0004332,0.0006673,0.0014448,0.0026878,0.0054634,0.0017589,0.0162667,0.0346078,0.0409443,0.0237654,0.0642897,0.0487345,0.0386139,
562,0.0,0.0004306,0.0006633,0.0012258,0.0029721,0.0036477,0.0050255,0.0034148,0.015231,0.025397,0.0463794,0.0698257,0.0595919,0.0478516,
563,0.0,0.0007434,0.0012069,0.0016635,0.0013623,0.0016504,0.0023036,0.0182464,0.0269725,0.0243325,0.029856,0.0605925,0.0466042,0.0241377,
564,0.0,0.0007433,0.0012644,0.0010195,0.0015581,0.0020866,0.0027754,0.016844,0.020141,0.0175154,0.0127525,0.0219381,0.0471998,0.0318004,
565,0.0,0.0007925,0.0012164,0.0007441,0.000856,0.0008032,0.0009289,0.0121064,0.0216394,0.0279543,0.0238714,0.0497135,0.0576583,0.0392275,
566,0.0,0.0007926,0.0012676,0.0007484,0.0008547,0.0010177,0.0022018,0.0081958,0.0287657,0.0303444,0.0196593,0.0406487,0.0454988,0.0388958,
567,0.0,0.0004363,0.0005508,0.0010225,0.000768,0.0010058,0.0013259,0.0066558,0.0145013,0.0286177,0.0154663,0.0377827,0.0744727,0.0388906,
568,0.0,0.0007332,0.0012693,0.0004225,0.0005389,0.0008037,0.0004153,0.004593,0.0083302,0.0226483,0.0280002,0.0255977,0.0591258,0.0838118,
569,0.0,0.0004367,0.0006622,0.0012982,0.0013628,0.0020733,0.0026195,0.0039262,0.0150575,0.0120635,0.0329621,0.0435546,0.0683762,0.078348,
570,0.0,0.0007345,0.0021624,0.0007399,0.0010137,0.0017623,0.0006532,0.003795,0.0137429,0.0087542,0.0319953,0.0220205,0.0460288,0.0313245,
571,0.0,0.0007323,0.0006634,0.000957,0.0009952,0.0018448,0.0006521,0.0039279,0.0122717,0.0053516,0.0141738,0.0226744,0.0401563,0.0393487,
572,0.0,0.0007317,0.0008007,0.0004214,0.0010093,0.0007549,0.0004218,0.0020359,0.0039135,0.0159595,0.0258448,0.0269768,0.0402748,0.0530232,
573,0.0,0.0004346,0.0006565,0.0011309,0.0013781,0.000752,0.0019648,0.0025744,0.0117438,0.0179773,0.0388979,0.0150184,0.029809,0.05157,
574,0.0,0.000994,0.0008032,0.0007329,0.0013621,0.0007936,0.0016277,0.0039717,0.0104561,0.0291,0.0252473,0.0261132,0.0298477,0.0492313,
575,0.0,0.0004367,0.0008021,0.0007341,0.001857,0.0021681,0.0017142,0.0024148,0.0077952,0.0278056,0.0110593,0.0250796,0.0660543,0.0700579,
576,0.0,0.000435,0.0008077,0.00073,0.000547,0.001622,0.0012694,0.0046943,0.019072,0.0152511,0.0059051,0.0578463,0.0539287,0.0775449,
577,0.0,0.0004332,0.0012084,0.000726,0.0016192,0.0021636,0.0017795,0.003013,0.0133301,0.0219571,0.0398255,0.0563368,0.0614238,0.0606807,
578,0.0,0.000728,0.0006554,0.000423,0.0015262,0.0016015,0.0012651,0.00304,0.0080617,0.0150964,0.032487,0.0620672,0.0718747,0.0905458,
579,0.0,0.0007277,0.0012215,0.0008361,0.0016144,0.001738,0.0014348,0.0025753,0.0129156,0.0108996,0.0652935,0.0699826,0.0986724,0.0783828,
580,0.0,0.0011642,0.0023964,0.0007215,0.0015296,0.002638,0.0019516,0.0070528,0.0103168,0.0254734,0.0412969,0.0593257,0.0935746,0.073706,
581,0.0,0.0012143,0.0012294,0.0013989,0.0019362,0.0007848,0.0022621,0.0034024,0.0089632,0.0292171,0.0627216,0.0625235,0.0578943,0.0768857,
582,0.0,0.0010031,0.0012771,0.0008423,0.0007658,0.0010065,0.0024718,0.0041376,0.0155424,0.045893,0.0483785,0.0645093,0.0645412,0.0492315,
583,0.0,0.0010018,0.0012753,0.0014025,0.0009848,0.0009767,0.0028282,0.0052158,0.0204774,0.0211543,0.0379639,0.0321548,0.0709842,0.0446392,
584,0.0,0.0007324,0.0014826,0.0024888,0.0018041,0.000742,0.0018374,0.0136052,0.0280109,0.0730919,0.0740813,0.0796906,0.0763263,0.0712296,
585,0.0,0.0017004,0.0005497,0.0008454,0.0007702,0.001759,0.0021638,0.0105281,0.0336164,0.0519001,0.0382226,0.0514913,0.0787633,0.066612,
586,0.0,0.0004256,0.0006441,0.002249,0.0009894,0.0007996,0.002166,0.0097696,0.0114884,0.0200091,0.0322936,0.0491394,0.055298,0.0543663,
587,0.0,0.0008048,0.0006481,0.0007184,0.0013634,0.0015009,0.0009409,0.0096776,0.0103702,0.0378303,0.0126967,0.0462115,0.0438302,0.0514881,
588,0.0,0.0011662,0.0012455,0.0015217,0.0007784,0.0033775,0.0036081,0.0076413,0.0071114,0.0270665,0.0170965,0.0430831,0.0322121,0.0411048,
589,0.0,0.0015891,0.0018147,0.0004463,0.0014965,0.0010184,0.0011823,0.0159601,0.012716,0.0466055,0.0440065,0.0426689,0.051485,0.0414859,
590,0.0,0.0008088,0.0008914,0.0007123,0.0011937,0.0016112,0.0012234,0.002052,0.0054433,0.0498651,0.0401307,0.055708,0.049312,0.0249452,
591,0.0,0.0004266,0.0010781,0.0013322,0.0013807,0.0010159,0.0006271,0.0027373,0.0105298,0.0369376,0.0499632,0.0535892,0.0509125,0.0510084,
592,0.0,0.001354,0.000542,0.0004361,0.0007704,0.0015909,0.001646,0.0011793,0.0076541,0.0270121,0.0388679,0.0233891,0.043175,0.0491499,
593,0.0,0.0007302,0.0015862,0.0010167,0.0014811,0.0016174,0.0004356,0.0022621,0.0068976,0.024174,0.0358457,0.0401932,0.039987,0.0556483,
594,0.0,0.0011647,0.0012898,0.0015204,0.0017064,0.0017344,0.0014343,0.0018825,0.0144127,0.0177508,0.0257565,0.0376528,0.0431028,0.0889243,
595,0.0,0.0008061,0.000665,0.0007285,0.0008524,0.0009688,0.0013221,0.0014508,0.0088524,0.0088818,0.0303219,0.0395935,0.0363432,0.0465692,
596,0.0,0.0009991,0.000533,0.0008333,0.0007771,0.0007452,0.001322,0.0006034,0.012201,0.014135,0.0222705,0.0135743,0.0302563,0.0258773,
597,0.0,0.0007338,0.0012533,0.0013036,0.0013697,0.0008036,0.0016443,0.0022114,0.0027892,0.0078417,0.0129662,0.0233187,0.0465533,0.0353078,
598,0.0,0.0004323,0.0013274,0.000946,0.0005277,0.0018457,0.0018283,0.0013343,0.0148077,0.0394704,0.0252963,0.0487482,0.0464453,0.0817041,
599,0.0,0.0004323,0.00067,0.0015512,0.0010621,0.0010109,0.0004177,0.0026524,0.0172171,0.0407565,0.0548879,0.03347,0.0467939,0.0752987,
600,0.0,0.0004314,0.0006722,0.0004421,0.0010265,0.0015632,0.0016417,0.0037725,0.0185213,0.0302313,0.0531295,0.0703248,0.0596939,0.0740549,
601,0.0,0.0008,0.0005339,0.0004448,0.0012058,0.0007401,0.0014324,0.0043984,0.0156026,0.0273522,0.0426765,0.0358829,0.0248601,0.031695,
602,0.0,0.0014747,0.000665,0.0009425,0.0013749,0.0007413,0.000419,0.0025906,0.0128013,0.0304242,0.049061,0.0497974,0.0294476,0.0348435,
603,0.0,0.0020486,0.001076,0.0007396,0.000851,0.0014738,0.0004141,0.0049856,0.0179929,0.0278508,0.0727336,0.0605728,0.0495424,0.065775,
604,0.0,0.0012091,0.0017759,0.0011045,0.001005,0.0009586,0.0015103,0.0018448,0.0231756,0.0186687,0.0740388,0.0578255,0.0477318,0.0691763,
605,0.0,0.0004255,0.000534,0.0013028,0.0007874,0.0015598,0.0017697,0.0048827,0.0253707,0.0273212,0.0665222,0.0796415,0.0545816,0.0656593,
606,0.0,0.0018092,0.0019687,0.0007339,0.0018626,0.001594,0.0011764,0.0091269,0.0237473,0.0275378,0.0392271,0.069575,0.0535154,0.0549191,
607,0.0,0.0013149,0.0005368,0.0014384,0.0023692,0.0024087,0.003119,0.0172847,0.0251269,0.0283205,0.0732846,0.0907847,0.0838707,0.064399,
608,0.0,0.0007957,0.0006635,0.0007363,0.0031717,0.0031694,0.0009788,0.0162491,0.0254157,0.0254252,0.072018,0.0945194,0.0786245,0.0571248,
609,0.0,0.00171,0.0017222,0.000932,0.0015223,0.0025825,0.0031814,0.0049551,0.025498,0.0197949,0.0411767,0.0558773,0.0249304,0.0239207,
610,0.0,0.0007962,0.0010794,0.0019506,0.0019754,0.0023498,0.0044946,0.0149569,0.0267995,0.0315854,0.0598026,0.0379942,0.0200622,0.0138163,
611,0.0,0.0004257,0.0006747,0.0013196,0.001053,0.0010179,0.0006607,0.0089271,0.0169295,0.0086724,0.0182284,0.0518691,0.0271604,0.0108477,
612,0.0,0.0004237,0.0011714,0.0013228,0.0008117,0.000731,0.0010592,0.0116669,0.0266846,0.0448502,0.0289637,0.0554866,0.0393273,0.0225852,
