#Time_fs,0,50,100,150,200,250,300,500,750,1000,1250,1500,1750,2000,
1,1e-07,0.0012022,0.0002695,0.0018251,0.0021929,0.0009511,0.0017647,0.0006105,0.0125405,0.0295053,0.0177026,0.0331008,0.0078456,0.0288989,
2,1e-07,0.0011635,0.0002719,0.0013293,0.0006538,0.0008773,0.0018741,0.0016457,0.0165162,0.0459645,0.0296353,0.0163522,0.0284555,0.0717107,
3,1e-07,0.0012017,0.0019101,0.0011532,0.0011596,0.000663,0.0009806,0.0032296,0.01261,0.0265715,0.0153314,0.0448161,0.0232364,0.0535184,
4,1e-07,0.0012015,0.0010691,0.0013312,0.001155,0.0010775,0.0006329,0.0022717,0.0052307,0.017974,0.0104737,0.0076882,0.0063421,0.0210413,
5,1e-07,0.0006899,0.0002792,0.0010651,0.0020768,0.0009508,0.0008658,0.0018951,0.0045554,0.0085643,0.0131731,0.0419537,0.049137,0.0298928,
6,0.0,0.0006177,0.0002767,0.0007633,0.0009068,0.000918,0.0008595,0.0021112,0.0025963,0.0118363,0.0099113,0.0397256,0.0587961,0.0412564,
7,0.0,0.001217,0.0010594,0.0015422,0.0010299,0.0009546,0.0006434,0.0014334,0.0020896,0.0135795,0.0133261,0.0415936,0.0109912,0.04154,
8,1e-07,0.0012005,0.0014787,0.0004385,0.0010241,0.0010027,0.001761,0.0014362,0.0039194,0.0199659,0.0195708,0.0368533,0.0305285,0.0173968,
9,1e-07,0.000613,0.0012571,0.0004395,0.0013848,0.000862,0.0009371,0.0008893,0.0033878,0.0080305,0.0136434,0.0285116,0.029614,0.0510477,
10,1e-07,0.0007352,0.001008,0.0016159,0.0009188,0.0008275,0.000962,0.0015347,0.0057358,0.0223267,0.028266,0.0457469,0.0363097,0.0347394,
11,1e-07,0.0007353,0.001444,0.0010676,0.0014816,0.0009604,0.0014868,0.0026091,0.0119054,0.0204838,0.0259246,0.0492232,0.0128123,0.0211562,
12,1e-07,0.000697,0.0012568,0.0018294,0.0009258,0.0014896,0.0015677,0.0005817,0.0073473,0.0247046,0.0475519,0.047974,0.0589434,0.0233709,
13,1e-07,0.000733,0.000277,0.0004487,0.0014076,0.0008562,0.0016271,0.0013644,0.0030068,0.0093216,0.0607822,0.0301474,0.0370257,0.0204033,
14,1e-07,0.0006994,0.001011,0.0008789,0.0013965,0.001093,0.0006662,0.0052491,0.0155019,0.0202226,0.03839,0.013771,0.0175723,0.0251456,
15,2e-07,0.001553,0.0010105,0.0004516,0.0022067,0.0014469,0.001562,0.0060431,0.0158578,0.0241446,0.0464545,0.0477559,0.0108599,0.0263396,
16,2e-07,0.0006056,0.0007263,0.0008797,0.0012301,0.0009632,0.0007979,0.0016923,0.0058246,0.0102329,0.0232756,0.0328255,0.0111201,0.0110077,
17,1e-07,0.0007284,0.0010629,0.0004523,0.0011361,0.001674,0.0007962,0.0012904,0.0119236,0.0196206,0.0128756,0.0259623,0.0181866,0.0295335,
18,2e-07,0.000726,0.001016,0.001357,0.0004205,0.0016725,0.0016051,0.0098784,0.0255037,0.0109022,0.0301891,0.0345509,0.0568066,0.0377378,
19,2e-07,0.0008101,0.0010189,0.002879,0.0022149,0.0018216,0.0037633,0.0146833,0.0139752,0.0404104,0.0252227,0.0286285,0.0443139,0.0365404,
20,2e-07,0.0006048,0.0012071,0.0021554,0.0021192,0.0018476,0.0089913,0.0044889,0.0059782,0.0246284,0.0558418,0.0393819,0.0307821,0.026004,
21,2e-07,0.000605,0.0012146,0.0013575,0.0032491,0.0108666,0.0147963,0.0167498,0.0396404,0.0530827,0.0553457,0.0546088,0.078528,0.0485174,
22,2e-07,0.0007146,0.0012883,0.0060178,0.0054359,0.0060333,0.0064666,0.0158426,0.0115002,0.0643379,0.0641054,0.0632391,0.1171306,0.0873937,
23,2e-07,0.0012603,0.00605,0.0124048,0.0230329,0.0320508,0.0409425,0.0114696,0.0202646,0.0543419,0.0962857,0.1093387,0.1492091,0.1589976,
24,1e-07,0.0040896,0.0101644,0.0156266,0.021694,0.0309496,0.0352176,0.0513822,0.0507286,0.0847996,0.0962854,0.1061696,0.1380045,0.149175,
25,1e-07,0.0025491,0.0091991,0.0097486,0.0055881,0.0083813,0.0156422,0.0219758,0.0082815,0.0752563,0.062726,0.0465929,0.0766521,0.0462545,
26,1e-07,0.0015431,0.0038547,0.0077879,0.0114004,0.0153669,0.0230692,0.0154452,0.0044484,0.0595379,0.0471802,0.0513778,0.0349867,0.0357707,
27,1e-07,0.0016693,0.0022193,0.005409,0.0120472,0.0185256,0.0243757,0.0325188,0.0289113,0.027567,0.043866,0.0256247,0.0357389,0.0211758,
28,1e-07,0.000809,0.002607,0.0015279,0.0027438,0.0023883,0.0049476,0.0138532,0.0196032,0.0156835,0.0307863,0.0255657,0.0274182,0.0541479,
29,1e-07,0.0007259,0.0002847,0.0004564,0.0020919,0.0022533,0.0019828,0.0078208,0.0059729,0.0227381,0.0084946,0.0336934,0.0205216,0.0506729,
30,1e-07,0.0007286,0.0014441,0.0008478,0.000425,0.0016011,0.0006688,0.0018237,0.0092438,0.0195043,0.0163117,0.0359881,0.0473363,0.0320967,
31,2e-07,0.0007282,0.0002807,0.0004594,0.0021637,0.0009944,0.0015503,0.0012861,0.0069379,0.0154089,0.0174232,0.0396172,0.0605884,0.035629,
32,2e-07,0.0006002,0.0002803,0.0008809,0.0014117,0.0010935,0.0019823,0.0017183,0.0082617,0.0109167,0.0633495,0.0421419,0.0499685,0.0532037,
33,2e-07,0.000598,0.0002788,0.0010569,0.000437,0.0008491,0.001474,0.0035633,0.0099502,0.0256196,0.0662849,0.0486164,0.0745002,0.0597904,
34,2e-07,0.0007073,0.0002802,0.0007465,0.0014148,0.0014466,0.0014741,0.010249,0.0131462,0.0444384,0.0345297,0.063785,0.0463063,0.0853579,
35,2e-07,0.0007077,0.0007208,0.0010322,0.0006181,0.0008163,0.001543,0.0038975,0.0091587,0.0222956,0.0332487,0.0414579,0.0456494,0.0514568,
36,2e-07,0.0008166,0.001064,0.0013086,0.0014087,0.0015686,0.0008248,0.0047912,0.008906,0.0274812,0.0330544,0.040521,0.0485788,0.0432234,
37,2e-07,0.0008166,0.0010123,0.0004612,0.0004237,0.0010925,0.0025471,0.0065966,0.0111066,0.0425241,0.0407648,0.0224452,0.024312,0.0197909,
38,1e-07,0.0011884,0.0012869,0.0010376,0.0017445,0.0008249,0.0019997,0.0059596,0.0115974,0.0250232,0.031882,0.0240879,0.0300218,0.0111554,
39,1e-07,0.0006033,0.0002917,0.000767,0.0038042,0.0055777,0.004596,0.0095996,0.0153369,0.0256228,0.0430981,0.031604,0.0075161,0.0096948,
40,1e-07,0.0011917,0.0023589,0.0030064,0.0080376,0.012801,0.016111,0.0036519,0.0102371,0.0345996,0.0320873,0.0339886,0.0298237,0.0254036,
41,1e-07,0.001132,0.0025898,0.0041985,0.0092562,0.020538,0.0265498,0.0199424,0.0146858,0.0492741,0.0460258,0.0306442,0.0298522,0.0275101,
42,1e-07,0.001319,0.0010144,0.0035916,0.0063946,0.0108939,0.018308,0.0244094,0.0195003,0.0342136,0.0614513,0.0419217,0.048538,0.03447,
43,1e-07,0.0012591,0.0012004,0.0034127,0.0041677,0.0045196,0.0112104,0.0234036,0.0209618,0.0518016,0.0550531,0.0572119,0.0459379,0.0308605,
44,1e-07,0.0007163,0.0012391,0.0004626,0.0044298,0.0051192,0.0073898,0.0169889,0.0261772,0.0450582,0.0322304,0.0337564,0.0228685,0.0388048,
45,1e-07,0.0007143,0.0025534,0.0069064,0.0088915,0.0102431,0.0038332,0.0284378,0.0293179,0.0609863,0.0206823,0.0423259,0.0555492,0.0191881,
46,1e-07,0.0018537,0.0039967,0.0098037,0.0226442,0.0308346,0.0325077,0.0322473,0.034084,0.0602906,0.0788064,0.0877259,0.1003673,0.1317501,
47,1e-07,0.0006059,0.0023445,0.0013256,0.0071712,0.0116955,0.0226202,0.0455776,0.0356156,0.0621656,0.1164633,0.114213,0.1068416,0.1240796,
48,1e-07,0.0007144,0.0012351,0.0016841,0.0022349,0.0057859,0.0141142,0.0425152,0.0070327,0.066077,0.0500653,0.0711039,0.0614747,0.0678401,
49,1e-07,0.0016303,0.0028128,0.0035714,0.0075974,0.0135474,0.0202677,0.0300863,0.0302592,0.0379696,0.0458111,0.0448288,0.0367616,0.0543838,
50,0.0,0.0017744,0.0020423,0.0024376,0.0031976,0.0063777,0.0072788,0.01935,0.0213097,0.0283322,0.0565773,0.0527883,0.0374454,0.0472418,
51,1e-07,0.0007156,0.0014407,0.0018626,0.0025237,0.0043954,0.0094747,0.0141828,0.0399825,0.0703628,0.0659872,0.0835965,0.0696364,0.0561589,
52,1e-07,0.0011976,0.0003026,0.0014327,0.0016246,0.0037186,0.0052915,0.0143113,0.0568481,0.0528677,0.0161343,0.0627116,0.008663,0.0559368,
53,1e-07,0.0007177,0.0003037,0.0018221,0.0014818,0.0025379,0.0041913,0.0174467,0.0681511,0.0458029,0.0261317,0.0475089,0.0593326,0.0538655,
54,1e-07,0.0007181,0.0003012,0.0010294,0.0014008,0.0015994,0.0015145,0.0043692,0.0112523,0.023089,0.0516156,0.0496912,0.0341071,0.0295023,
55,1e-07,0.0011968,0.0014826,0.0010703,0.0017339,0.0015997,0.0027675,0.0133045,0.0153976,0.0553784,0.0321485,0.032891,0.0462108,0.0711593,
56,1e-07,0.0015355,0.0003027,0.0010691,0.0021446,0.0014469,0.0024659,0.0099219,0.0390496,0.0739411,0.0427688,0.0184567,0.0318776,0.0633653,
57,1e-07,0.0007187,0.0010227,0.0013608,0.0020694,0.0038865,0.0035778,0.0050169,0.0361705,0.0509524,0.0284467,0.0549165,0.0450494,0.0270106,
58,2e-07,0.0007169,0.0007062,0.0004731,0.0004116,0.0015689,0.0037138,0.0071276,0.0154163,0.0576523,0.0399913,0.0684573,0.0567142,0.048414,
59,2e-07,0.0007195,0.000299,0.0004777,0.0015755,0.0015355,0.0014755,0.0140573,0.027623,0.0544444,0.0486714,0.0535201,0.041751,0.0385948,
60,2e-07,0.000593,0.0014105,0.0014277,0.0010553,0.001101,0.0036498,0.0173927,0.0273413,0.0606181,0.0690565,0.0693685,0.026856,0.0413632,
61,2e-07,0.0015327,0.0016128,0.0004767,0.001153,0.0006307,0.0017857,0.0088567,0.0332386,0.0569638,0.0390853,0.0464051,0.0487767,0.07158,
62,2e-07,0.0007188,0.0010695,0.0007589,0.0014071,0.0030561,0.0026009,0.0058766,0.0251957,0.0404383,0.0264197,0.0513694,0.0489895,0.0240431,
63,2e-07,0.0008205,0.0012053,0.0019882,0.0019034,0.0016134,0.0028456,0.0076876,0.0198688,0.0551701,0.0966769,0.0543024,0.0435818,0.0437398,
64,2e-07,0.0007153,0.0010698,0.0010253,0.0012889,0.002779,0.0016323,0.011811,0.0136953,0.0313916,0.0894962,0.0979426,0.0643303,0.1017751,
65,2e-07,0.0008166,0.0016425,0.0026002,0.0018863,0.0021968,0.0015595,0.0064913,0.0230948,0.0464727,0.0553716,0.0542172,0.0700963,0.0402577,
66,2e-07,0.0011983,0.0019371,0.0015312,0.0016124,0.0018131,0.0014701,0.0166449,0.0183352,0.0446658,0.0555006,0.0679656,0.0490414,0.0408474,
67,2e-07,0.0012613,0.0010678,0.0025717,0.0011193,0.0014507,0.0014759,0.0264169,0.0267799,0.0570643,0.0854862,0.0863099,0.0102731,0.0089875,
68,2e-07,0.0007212,0.0007198,0.0013105,0.0014819,0.0007851,0.0014775,0.0128095,0.0200155,0.0352751,0.0710635,0.0849797,0.0149488,0.0148765,
69,2e-07,0.0006057,0.0010572,0.0016203,0.000934,0.0024485,0.0024204,0.005578,0.014686,0.0287742,0.0133261,0.037592,0.0202168,0.0282639,
70,2e-07,0.0006067,0.0010642,0.0004572,0.0009314,0.0025408,0.0026825,0.0086724,0.0250919,0.0298772,0.0079334,0.0931846,0.07137,0.0314028,
71,2e-07,0.0008076,0.0010184,0.0004539,0.0021553,0.0037911,0.0036639,0.0200991,0.0375044,0.0343769,0.0242293,0.0702506,0.0480168,0.0403811,
72,2e-07,0.001259,0.0015987,0.0012816,0.0021036,0.0017933,0.0034553,0.0123197,0.0269405,0.0422635,0.0461884,0.0796991,0.1205203,0.0987958,
73,2e-07,0.000709,0.0012217,0.0004598,0.001138,0.0017281,0.0028182,0.0112227,0.0251441,0.0325177,0.0379597,0.0626732,0.0648101,0.0396731,
74,2e-07,0.0007208,0.0010198,0.0018333,0.0012138,0.0009626,0.0008971,0.0129506,0.0158044,0.0436312,0.0622661,0.0852521,0.0650886,0.0565691,
75,2e-07,0.0007107,0.0010647,0.0016178,0.0011281,0.0017883,0.0010413,0.0033757,0.0043274,0.0106746,0.062696,0.0537998,0.0667345,0.05144,
76,2e-07,0.0013242,0.0010655,0.0013717,0.0014096,0.0021582,0.0020077,0.0017394,0.0107056,0.0295823,0.0201216,0.0602576,0.0823869,0.0903294,
77,2e-07,0.0005971,0.0002845,0.0004722,0.0014092,0.0008224,0.0014729,0.0022561,0.0071234,0.015371,0.0402259,0.0670555,0.0668679,0.0930395,
78,2e-07,0.0007142,0.0019371,0.0013191,0.000426,0.0008174,0.0007756,0.0042969,0.0140255,0.0093885,0.0267803,0.0413399,0.0672137,0.0619933,
79,2e-07,0.0005932,0.0002881,0.0010239,0.0006151,0.0009487,0.0020419,0.0028795,0.0058402,0.0435389,0.038043,0.0815024,0.0733005,0.0818211,
80,2e-07,0.001261,0.0002904,0.000473,0.0006181,0.0008174,0.0006822,0.000972,0.0110103,0.0280864,0.0469271,0.0658856,0.0846793,0.0772438,
81,2e-07,0.0007223,0.001066,0.0004728,0.0014104,0.0014469,0.0008931,0.003493,0.0105165,0.0217015,0.0401436,0.0351615,0.0722393,0.0548767,
82,2e-07,0.000723,0.001018,0.0004696,0.0006213,0.0020353,0.0014843,0.0020807,0.0179589,0.025291,0.0426737,0.0277517,0.0562303,0.0313787,
83,1e-07,0.0007096,0.001065,0.0004667,0.0016991,0.0021903,0.0023922,0.0030377,0.0060809,0.0123301,0.0271217,0.0395349,0.0515639,0.0637255,
84,1e-07,0.0007095,0.0002972,0.0004645,0.0004193,0.0028572,0.0024931,0.002953,0.0164797,0.0128779,0.0436274,0.0334627,0.0484488,0.0606017,
85,1e-07,0.0016767,0.000296,0.0016328,0.0023927,0.0052648,0.006174,0.0027152,0.0113798,0.0090974,0.0173537,0.0064873,0.0268676,0.0592264,
86,1e-07,0.0012044,0.0010651,0.0014484,0.0011237,0.0007813,0.0030985,0.0073425,0.0036197,0.0283151,0.0329366,0.0168589,0.0580199,0.0073846,
87,2e-07,0.000723,0.0010656,0.0008786,0.0004179,0.0015694,0.00251,0.0043227,0.0020363,0.0242102,0.0292776,0.0422105,0.058162,0.0202456,
88,2e-07,0.0008193,0.001065,0.0007577,0.0016393,0.0008185,0.0028708,0.0051842,0.0045136,0.03698,0.0313737,0.0352518,0.0543442,0.0516483,
89,2e-07,0.0005976,0.000287,0.001442,0.0004233,0.0020344,0.0008203,0.0031636,0.0173852,0.028215,0.0371761,0.0243907,0.0767779,0.0689833,
90,2e-07,0.0012593,0.0012832,0.000882,0.001417,0.000635,0.0007733,0.0028803,0.008631,0.0255651,0.0076319,0.0456549,0.0685495,0.0740619,
91,2e-07,0.000597,0.0010645,0.0004703,0.0011303,0.001101,0.000784,0.0058723,0.0138155,0.0137825,0.0370315,0.0332694,0.0526433,0.058206,
92,5e-07,0.0005957,0.0002793,0.0014328,0.0014802,0.0006301,0.0014778,0.0085082,0.0165278,0.0056777,0.0717537,0.051988,0.0241861,0.0303117,
93,2e-07,0.0005978,0.0010616,0.0004692,0.0021416,0.0015254,0.0020436,0.0060441,0.0035014,0.0499003,0.0663497,0.0803084,0.0229435,0.0414367,
94,2e-07,0.0008194,0.0002764,0.0008824,0.0014155,0.0008441,0.0015368,0.0036366,0.0062438,0.0263107,0.06284,0.0505658,0.0712633,0.0431547,
95,2e-07,0.0008162,0.0016348,0.0004622,0.0010376,0.0008184,0.0014821,0.0005978,0.0083526,0.0148771,0.0551445,0.056213,0.0496963,0.0437216,
96,2e-07,0.0013283,0.0007323,0.0017232,0.0006188,0.001522,0.0016492,0.0017944,0.0208207,0.0510572,0.1046048,0.1137442,0.0685518,0.0266646,
97,2e-07,0.0012096,0.0007312,0.0010423,0.0011482,0.0008486,0.000822,0.0064674,0.0191059,0.0265842,0.0373297,0.060645,0.0429848,0.0329293,
98,2e-07,0.0007331,0.0010144,0.0007456,0.0012277,0.0006407,0.0006678,0.0067442,0.01003,0.0076673,0.0502249,0.0272113,0.0621343,0.0805388,
99,2e-07,0.0007361,0.0016316,0.0007458,0.001151,0.0008155,0.000946,0.0039004,0.0132901,0.0096809,0.0293117,0.0277423,0.0492421,0.054304,
100,2e-07,0.0006977,0.0002763,0.0007449,0.0013203,0.0008584,0.0009817,0.0035572,0.0078655,0.0135341,0.0149117,0.0237118,0.020138,0.0257855,
101,2e-07,0.001284,0.0017239,0.0012973,0.0013034,0.0006475,0.0006539,0.0043684,0.0063483,0.0087528,0.0359892,0.0291735,0.031564,0.0349149,
102,1e-07,0.0005996,0.0010576,0.0004566,0.0009385,0.0009236,0.0010851,0.0045735,0.006938,0.0155935,0.0666138,0.0623136,0.0236569,0.0339096,
103,1e-07,0.0013315,0.0010764,0.0015352,0.0014133,0.0009907,0.0015598,0.0005509,0.0194243,0.0042367,0.0306618,0.0588759,0.0093174,0.0390262,
104,1e-07,0.0007363,0.000717,0.001069,0.0016369,0.0007815,0.0006424,0.0027925,0.0075766,0.0236116,0.0483758,0.0479067,0.0238352,0.0266831,
105,1e-07,0.0006992,0.0007137,0.0007631,0.0014096,0.0009153,0.001451,0.003666,0.0102802,0.0164624,0.0389058,0.0380641,0.0168895,0.031888,
106,0.0,0.0008142,0.0014312,0.0004481,0.0016292,0.0017503,0.0009587,0.0043374,0.0065406,0.0074705,0.0218718,0.0317392,0.0275243,0.0230749,
107,0.0,0.0007363,0.0010788,0.0004454,0.001231,0.0008763,0.0006312,0.0039438,0.0088457,0.0075547,0.059584,0.0521085,0.0216682,0.029292,
108,1e-07,0.0006962,0.0012437,0.0012979,0.0006383,0.0015023,0.0014216,0.0085972,0.0086565,0.0197834,0.0561124,0.039718,0.0181746,0.0427198,
109,1e-07,0.0008081,0.0012588,0.0011347,0.0014026,0.0008228,0.0015175,0.005493,0.0196725,0.0083588,0.0139801,0.0367007,0.0078462,0.0174694,
110,0.0,0.0008099,0.0014832,0.0007677,0.0012329,0.0017528,0.0025272,0.0033942,0.0157008,0.003981,0.0139613,0.0448423,0.0129793,0.0278123,
111,0.0,0.0017899,0.0012484,0.0008485,0.0012396,0.0010768,0.0006327,0.0016295,0.010024,0.011494,0.0204913,0.0253968,0.0209603,0.0370557,
112,0.0,0.0012447,0.0010723,0.0004405,0.0010345,0.0006565,0.0008181,0.0023192,0.0066395,0.0167869,0.0259052,0.028226,0.0604608,0.0501418,
113,0.0,0.0007358,0.0012595,0.0015432,0.0014819,0.0009564,0.0009674,0.0030159,0.0081255,0.0177008,0.0073974,0.0139502,0.016179,0.0255743,
114,0.0,0.000612,0.0012563,0.0017046,0.0004227,0.0018255,0.0006502,0.0034643,0.0115216,0.0087223,0.0263599,0.0212385,0.031053,0.024708,
115,1e-07,0.000805,0.0002803,0.0013461,0.001238,0.001498,0.0030016,0.0041566,0.0100977,0.0140644,0.0336429,0.030453,0.0155514,0.0277185,
116,1e-07,0.0006139,0.0010153,0.0007665,0.001678,0.0024043,0.0046647,0.0032021,0.0202791,0.0199765,0.0326118,0.0312213,0.0079586,0.0625746,
117,1e-07,0.001248,0.0002817,0.0024512,0.0052787,0.0080938,0.0077587,0.0189231,0.023601,0.0201749,0.04861,0.0383671,0.0370192,0.0431653,
118,1e-07,0.0016633,0.0016178,0.0015908,0.0086758,0.016083,0.0174952,0.0296861,0.0268288,0.0492729,0.0537205,0.0617087,0.0642363,0.0555057,
119,1e-07,0.0023578,0.0059202,0.0078743,0.0099607,0.0194736,0.0221458,0.0367217,0.0252209,0.057398,0.0915294,0.0844549,0.0561659,0.0900199,
120,1e-07,0.0011999,0.0020055,0.0075216,0.0097072,0.0091056,0.0174484,0.0126837,0.0056701,0.0427424,0.0169267,0.0778477,0.0576643,0.0621815,
121,1e-07,0.0012089,0.0002784,0.0026211,0.0025373,0.0044214,0.0063172,0.0240696,0.0123065,0.0069076,0.0320721,0.0324246,0.0390504,0.0414856,
122,1e-07,0.0008034,0.0002779,0.0008504,0.0019867,0.0045957,0.0063962,0.0150457,0.0296091,0.0218866,0.0147947,0.0284648,0.0432646,0.037778,
123,1e-07,0.0007287,0.0002782,0.0019333,0.0010279,0.0034669,0.0037203,0.008331,0.0331601,0.0121806,0.0145265,0.0310312,0.0179112,0.0625805,
124,1e-07,0.0017999,0.0002774,0.0015415,0.0006501,0.0008575,0.0010725,0.003379,0.0062386,0.0218633,0.0151495,0.0295187,0.0248592,0.0289453,
125,1e-07,0.0006958,0.0010628,0.0008765,0.000647,0.0016056,0.0009727,0.0019096,0.0082354,0.0147596,0.0140209,0.0124108,0.0372477,0.0165176,
126,0.0,0.0006954,0.0007237,0.0007661,0.0014826,0.0009519,0.0009358,0.0041931,0.005465,0.0132871,0.0151714,0.0346595,0.0260615,0.0121818,
127,0.0,0.001243,0.0010688,0.0008506,0.0004249,0.001081,0.0009323,0.0027724,0.0047501,0.0054508,0.0276358,0.0390938,0.0221021,0.0225262,
128,0.0,0.000695,0.0016462,0.0004359,0.0004227,0.0009156,0.0009999,0.002325,0.0057909,0.0364331,0.0305833,0.04652,0.0431234,0.0051944,
129,1e-07,0.0007366,0.001019,0.0004379,0.0014821,0.0009127,0.0009716,0.0051536,0.0162196,0.0156704,0.0180978,0.0473151,0.0420917,0.0271926,
130,1e-07,0.0011771,0.0002914,0.0004402,0.0013162,0.0006589,0.0015149,0.0054823,0.0163161,0.0263329,0.0309696,0.0415519,0.0219204,0.045082,
131,1e-07,0.000612,0.0016176,0.0008374,0.0016785,0.002146,0.0036312,0.0054636,0.0166097,0.0290531,0.0278903,0.0361189,0.0395344,0.0438906,
132,1e-07,0.0006969,0.0012073,0.0008749,0.0019272,0.0014523,0.0020833,0.0124451,0.015502,0.0062511,0.0413746,0.014752,0.0540496,0.0493908,
133,1e-07,0.0006095,0.0007055,0.0010521,0.000922,0.0028141,0.0036069,0.0134807,0.004556,0.0385773,0.0595423,0.0405874,0.0550818,0.0360354,
134,1e-07,0.00081,0.0002966,0.001083,0.0009244,0.0024779,0.0038818,0.0065371,0.015813,0.0342039,0.0432223,0.0208655,0.0306839,0.0129799,
135,1e-07,0.0008076,0.0007081,0.0008342,0.0021511,0.0051593,0.0032012,0.0052476,0.022533,0.0320972,0.0374837,0.0443464,0.0349437,0.0384114,
136,1e-07,0.0007316,0.0014064,0.0012732,0.00113,0.002192,0.0031397,0.013411,0.0126935,0.0240297,0.0293806,0.0331946,0.036549,0.031866,
137,1e-07,0.0008019,0.0002907,0.0010864,0.0022886,0.0015406,0.0021219,0.0110425,0.0174777,0.0186568,0.0364775,0.0254306,0.0451613,0.0462172,
138,0.0,0.0012004,0.0010654,0.0032771,0.0048655,0.01162,0.0197803,0.0125794,0.0105633,0.0130835,0.0215511,0.0546267,0.0516773,0.0458652,
139,1e-07,0.0007998,0.0035822,0.0076596,0.0110942,0.0121592,0.019686,0.0052682,0.0128575,0.0352176,0.009141,0.0322246,0.0566121,0.048139,
140,0.0,0.0014935,0.005423,0.0087774,0.0098049,0.0111606,0.0161696,0.0059698,0.0401344,0.0404934,0.0375004,0.061896,0.051577,0.0673987,
141,0.0,0.0012004,0.0039808,0.0052444,0.0110878,0.0119344,0.0198306,0.0291219,0.0438797,0.0621694,0.0678535,0.0192539,0.0309298,0.0489169,
142,0.0,0.0019252,0.0099763,0.0140669,0.0299927,0.031354,0.0481877,0.0637687,0.0502188,0.1033579,0.1039115,0.0400429,0.0662366,0.0637067,
143,1e-07,0.0037469,0.0225574,0.0456419,0.0667979,0.0698274,0.0473256,0.0718169,0.0603002,0.1298911,0.0745269,0.1271145,0.1254551,0.0402383,
144,1e-07,0.001636,0.0095254,0.0161776,0.0248535,0.036469,0.0453794,0.0593112,0.0479673,0.0900178,0.0691239,0.0510835,0.0382586,0.0337812,
145,1e-07,0.0018671,0.0072807,0.0170694,0.0208659,0.0215576,0.0240248,0.0687174,0.0493373,0.0290556,0.0483524,0.0206496,0.0308094,0.0524369,
146,1e-07,0.001825,0.0023598,0.0021808,0.0035894,0.0119898,0.0182871,0.0401516,0.0271237,0.0161703,0.0488498,0.0152501,0.0253587,0.0634394,
147,1e-07,0.0006094,0.0012515,0.0014408,0.001392,0.0055271,0.009134,0.0211768,0.0252038,0.0194703,0.0483943,0.0375991,0.0291956,0.07243,
148,1e-07,0.0007304,0.0007189,0.0004484,0.001935,0.0017162,0.0034048,0.0076583,0.0098747,0.0116763,0.0475433,0.0167315,0.0272852,0.0159827,
149,1e-07,0.0006989,0.001009,0.0007627,0.000636,0.001824,0.000832,0.0047944,0.0132179,0.0076423,0.0482658,0.0193,0.050954,0.0129439,
150,1e-07,0.0006971,0.0012505,0.0007593,0.000632,0.0010833,0.0010871,0.0010245,0.0052599,0.0154727,0.0170645,0.0182247,0.0224444,0.0099232,
151,1e-07,0.0008112,0.0014017,0.0007576,0.0016878,0.0009982,0.0006421,0.0018938,0.0064702,0.0038002,0.0166654,0.0445582,0.0181252,0.0063401,
152,1e-07,0.0008118,0.0016443,0.001614,0.0004394,0.0009961,0.0009886,0.002317,0.0082728,0.0105662,0.0288313,0.0407191,0.0207583,0.0189729,
153,1e-07,0.0007417,0.0009979,0.0015522,0.0009283,0.0006553,0.0008128,0.0039763,0.0108988,0.0261044,0.0225533,0.0231656,0.026298,0.0261213,
154,1e-07,0.0015139,0.0016288,0.0008804,0.0014193,0.0008677,0.0006408,0.0036282,0.0227398,0.0265871,0.0372573,0.0202092,0.0301906,0.038483,
155,1e-07,0.0006926,0.0012064,0.000448,0.0011599,0.0007856,0.0006472,0.0029965,0.0069385,0.039529,0.0397761,0.0686289,0.02344,0.0287913,
156,1e-07,0.0006949,0.000277,0.0004508,0.0011561,0.0009909,0.0009868,0.0032499,0.0115796,0.0219075,0.0463048,0.0421045,0.0288142,0.0169855,
157,1e-07,0.0006963,0.0002788,0.0008559,0.001233,0.0009933,0.0008486,0.0039504,0.0066423,0.0215663,0.0187072,0.0435221,0.0324534,0.0120657,
158,1e-07,0.0016144,0.0010581,0.0007548,0.0019344,0.0015895,0.0006452,0.0049459,0.0109111,0.0194768,0.0223636,0.0254502,0.0487993,0.0188701,
159,1e-07,0.0008147,0.0002842,0.0007578,0.0006264,0.0009647,0.0015632,0.0033574,0.0098847,0.0070658,0.0309447,0.0338554,0.0440857,0.0130199,
160,1e-07,0.0006047,0.000287,0.0013512,0.0016177,0.0027431,0.0029979,0.0118952,0.0050662,0.0223122,0.0404384,0.0763346,0.060062,0.0189457,
161,1e-07,0.0007008,0.0012479,0.0013008,0.0016139,0.0038847,0.0067338,0.0116342,0.0173895,0.0202693,0.0108521,0.0354787,0.0634577,0.0242329,
162,1e-07,0.0007031,0.0012051,0.0030551,0.0031902,0.0048013,0.0078116,0.0069219,0.0290779,0.0246025,0.073698,0.0270807,0.0669637,0.0568744,
163,1e-07,0.0014988,0.0068814,0.0109796,0.0086637,0.0107167,0.0153476,0.0282873,0.0531322,0.0237411,0.0534162,0.0242678,0.0692585,0.0680837,
164,0.0,0.0044553,0.0089957,0.0147293,0.0164404,0.0194486,0.0212147,0.0247156,0.010179,0.0191793,0.0299319,0.0308407,0.0467624,0.0097434,
165,0.0,0.0033167,0.0092656,0.0128402,0.007398,0.0091309,0.0114053,0.0139184,0.0554271,0.0466808,0.0955516,0.033797,0.0508027,0.0561911,
166,0.0,0.0019245,0.0021478,0.0127188,0.0078463,0.0106193,0.0159794,0.0303194,0.0706402,0.0533762,0.0644156,0.0406314,0.0465583,0.0219543,
167,1e-07,0.0011359,0.0052627,0.0130277,0.0198476,0.0217662,0.0330101,0.0552892,0.0582686,0.0782621,0.0899252,0.0219868,0.0279629,0.0505169,
168,1e-07,0.0020816,0.0051251,0.0126527,0.0152567,0.0232886,0.0381287,0.0600977,0.082912,0.110164,0.0671721,0.0414503,0.0359755,0.0606774,
169,1e-07,0.001138,0.0044927,0.0033323,0.006753,0.0083306,0.0211811,0.0210946,0.0338881,0.0937213,0.0745442,0.0748086,0.0780105,0.020827,
170,1e-07,0.0008004,0.0014409,0.0022282,0.0045148,0.0084792,0.0149792,0.0169879,0.0383556,0.0910835,0.0652815,0.0600271,0.0894445,0.0084279,
171,1e-07,0.0008028,0.0012052,0.0008335,0.0035981,0.0113511,0.0150649,0.0185314,0.0291913,0.088012,0.0532115,0.0567647,0.0185664,0.0101927,
172,0.0,0.0011849,0.0012046,0.0017355,0.0033759,0.0078081,0.0064679,0.0139783,0.0163097,0.0213982,0.0293925,0.0517246,0.0172718,0.0226225,
173,0.0,0.0012,0.0007084,0.0017975,0.0012171,0.0057014,0.0116649,0.020503,0.0207505,0.023869,0.0443248,0.0199295,0.0390213,0.0458339,
174,0.0,0.0006066,0.0010697,0.0007717,0.0032113,0.0051616,0.0095281,0.0223229,0.0314494,0.0182504,0.0599749,0.0405352,0.0354714,0.0555787,
175,1e-07,0.0007039,0.0002931,0.0012811,0.0006335,0.0039532,0.0054498,0.019212,0.0144511,0.0060202,0.0506745,0.0249366,0.034458,0.0634693,
176,1e-07,0.0007309,0.0010622,0.0014442,0.002428,0.0017413,0.0056277,0.0149855,0.0177979,0.0306721,0.0655557,0.0577238,0.0130566,0.0342275,
177,1e-07,0.0008162,0.000715,0.0007611,0.0016088,0.0018356,0.0030005,0.0057555,0.016795,0.0343078,0.0747504,0.0389597,0.0105797,0.0393315,
178,1e-07,0.0019262,0.0010631,0.0007615,0.0004267,0.0009255,0.0019886,0.0051338,0.0196802,0.0255465,0.0592485,0.0851812,0.0648385,0.0446698,
179,1e-07,0.0007063,0.0014506,0.0011229,0.0014059,0.0009262,0.0008477,0.0096188,0.0231357,0.0143734,0.0639931,0.0867792,0.0872285,0.0558707,
180,1e-07,0.0007285,0.0012428,0.0019545,0.0014812,0.0014775,0.0006495,0.0060595,0.0057317,0.0352472,0.062804,0.0580389,0.0407834,0.0704334,
181,0.0,0.0007282,0.0010735,0.0007717,0.0006331,0.0017538,0.0049254,0.0119356,0.016369,0.0388277,0.0667072,0.0606412,0.050406,0.061852,
182,0.0,0.0008135,0.0010211,0.0007728,0.0013949,0.0016604,0.0026047,0.0166057,0.0317587,0.0393104,0.0572151,0.0500531,0.0697879,0.0359345,
183,0.0,0.0008127,0.0010753,0.0011205,0.0016219,0.0010776,0.0038767,0.0148133,0.0172294,0.0802155,0.0879106,0.0488262,0.0672676,0.0207392,
184,1e-07,0.0007051,0.0010672,0.0010819,0.0021747,0.0036202,0.0077372,0.0382949,0.0455924,0.0666759,0.0743892,0.1207021,0.0802555,0.0387887,
185,0.0,0.0013227,0.0003012,0.0010431,0.0034179,0.0063136,0.0081872,0.0094918,0.0367477,0.0623915,0.0855835,0.0923032,0.0556773,0.0103676,
186,0.0,0.0007094,0.0007024,0.0017814,0.0037967,0.0050883,0.0084345,0.0319646,0.0476517,0.0411012,0.0425005,0.0589358,0.0781162,0.0593379,
187,0.0,0.0008125,0.0020482,0.0047792,0.0041073,0.0076328,0.012811,0.0182099,0.051281,0.05614,0.0480457,0.029746,0.0437099,0.061138,
188,1e-07,0.0019726,0.0043356,0.0044962,0.0067458,0.0094478,0.0147408,0.0256461,0.0292232,0.0750687,0.0509099,0.0542791,0.0397512,0.0401944,
189,1e-07,0.0047538,0.0104648,0.0082018,0.0218115,0.0390131,0.0494915,0.0151298,0.0342278,0.0821552,0.0984401,0.1257852,0.0742193,0.0942167,
190,1e-07,0.0030445,0.002358,0.0082522,0.0114604,0.017048,0.0226596,0.0389696,0.0309194,0.0851288,0.1176169,0.1322847,0.1033717,0.119704,
191,1e-07,0.0016244,0.0069068,0.0141825,0.0307774,0.0398481,0.059578,0.0602072,0.0387499,0.1010199,0.0710643,0.0779955,0.1231597,0.0686974,
192,1e-07,0.0066129,0.0065317,0.0143525,0.026462,0.0390408,0.0323249,0.0479033,0.0683676,0.0631531,0.0747008,0.0624578,0.1038615,0.0783228,
193,1e-07,0.002805,0.0016118,0.0028346,0.0070085,0.0149462,0.0181941,0.0253093,0.0405459,0.0406985,0.0407368,0.0446055,0.0571541,0.0257048,
194,1e-07,0.0007028,0.0013,0.0028959,0.004118,0.0060278,0.0112634,0.0236733,0.0233551,0.0547152,0.0372452,0.0131925,0.038759,0.0284581,
195,1e-07,0.0007008,0.0016211,0.0020603,0.0048612,0.0094212,0.0166047,0.0384285,0.0778317,0.0638839,0.0276512,0.0188985,0.0788974,0.0557997,
196,1e-07,0.0006123,0.0010225,0.0007867,0.0025217,0.0015233,0.0050156,0.0097087,0.0481489,0.0445272,0.0281978,0.026582,0.1236755,0.1167707,
197,1e-07,0.0006967,0.0010752,0.000435,0.0016746,0.0008813,0.0027053,0.0058112,0.0215502,0.0605564,0.0343026,0.0254045,0.0548853,0.0831837,
198,2e-07,0.0008032,0.0007069,0.0007844,0.0016045,0.000669,0.0014684,0.0098176,0.0186797,0.0329208,0.0309984,0.0456936,0.0705394,0.0405743,
199,2e-07,0.0006918,0.0002939,0.0011329,0.001603,0.0014538,0.0015003,0.0109138,0.0196564,0.024589,0.0329334,0.0342034,0.0375696,0.0505225,
200,1e-07,0.0012584,0.0007115,0.0008746,0.0004212,0.0008278,0.0017821,0.0021054,0.0026269,0.0239506,0.0434412,0.0527946,0.035505,0.0401575,
201,1e-07,0.0006891,0.0012599,0.0010637,0.0009104,0.0014944,0.0011286,0.0019763,0.0024716,0.0122907,0.0705389,0.056305,0.0482069,0.0436318,
202,1e-07,0.0015092,0.0018812,0.0010861,0.0004292,0.0009565,0.0006132,0.0029142,0.0253682,0.0163533,0.0370672,0.0254728,0.049793,0.0318985,
203,1e-07,0.0006888,0.0002882,0.0015183,0.0013968,0.0007596,0.0008003,0.0022775,0.0097141,0.0236297,0.0424376,0.0210894,0.0501366,0.0324269,
204,1e-07,0.0008023,0.0007168,0.0008748,0.0011328,0.0010109,0.0006149,0.0019819,0.0049639,0.0160308,0.0370225,0.0177083,0.0225,0.0221682,
205,1e-07,0.0006166,0.002539,0.0016258,0.0012502,0.0007566,0.0007725,0.0017895,0.0066836,0.0183212,0.030794,0.0275157,0.0244305,0.0334542,
206,1e-07,0.0011246,0.0016153,0.0008757,0.000434,0.0014536,0.0006144,0.0019935,0.0036541,0.0070876,0.0385242,0.0321216,0.0325082,0.0522384,
207,1e-07,0.0008015,0.001058,0.000424,0.000431,0.0010696,0.0010095,0.0012508,0.0018493,0.0098429,0.02738,0.0189002,0.0313098,0.0280972,
208,1e-07,0.0007471,0.0009995,0.0010891,0.0019703,0.0014935,0.0013954,0.001783,0.0076962,0.0101308,0.0200629,0.024117,0.0430829,0.0235186,
209,1e-07,0.0015741,0.001279,0.0016205,0.0006459,0.0008942,0.0014723,0.0023622,0.0050435,0.0083773,0.0302534,0.0186812,0.0500254,0.0645072,
210,1e-07,0.0012017,0.0019784,0.001085,0.0015525,0.0006695,0.0007958,0.0026053,0.00748,0.0304409,0.0107049,0.0319157,0.0356657,0.0464534,
211,1e-07,0.0015195,0.0002793,0.0010885,0.0011253,0.0014877,0.0007643,0.0010763,0.0100758,0.0306774,0.0298632,0.0443459,0.0180894,0.0361266,
212,1e-07,0.0011257,0.0002785,0.0004162,0.0011206,0.0014545,0.0006098,0.0019994,0.0039878,0.0155788,0.0304793,0.0471298,0.0223991,0.0560679,
213,1e-07,0.0021608,0.0009948,0.0010845,0.0018627,0.0008963,0.0014678,0.0019913,0.0174045,0.0411488,0.0407668,0.048412,0.0311439,0.0433151,
214,1e-07,0.0013252,0.0010191,0.0008764,0.0006494,0.0015733,0.0027633,0.0046067,0.0115657,0.035162,0.0512319,0.0216048,0.0113521,0.0337302,
215,1e-07,0.002355,0.0016066,0.0010887,0.0013505,0.0014539,0.0007528,0.0028235,0.0132689,0.0137076,0.0355215,0.0380857,0.0620338,0.0769845,
216,2e-07,0.001128,0.0016307,0.0016174,0.0010099,0.0007492,0.0006093,0.0008618,0.0144922,0.0182757,0.0189963,0.022309,0.0308806,0.0491281,
217,2e-07,0.0006251,0.0002795,0.00162,0.0006565,0.0010146,0.001479,0.0027487,0.0064896,0.0109043,0.0200357,0.0289818,0.0503228,0.0388486,
218,2e-07,0.0006278,0.0012778,0.0013144,0.0006623,0.0008877,0.0013798,0.0035617,0.0080451,0.0098604,0.0095873,0.03226,0.0588818,0.0493058,
219,2e-07,0.0007501,0.0011995,0.0004093,0.0004301,0.0007434,0.0014533,0.0017708,0.0074904,0.017213,0.0257443,0.0341863,0.0689018,0.0701929,
220,2e-07,0.001523,0.0002852,0.001096,0.0012628,0.0014874,0.0009142,0.0017729,0.0092246,0.0273439,0.0159242,0.0546384,0.0759499,0.0614411,
221,2e-07,0.0006242,0.000288,0.0004097,0.0021191,0.0007438,0.0011528,0.002273,0.0112564,0.0340451,0.0229845,0.0495783,0.0436499,0.0382173,
222,2e-07,0.0006243,0.0002882,0.0010982,0.0014837,0.0006878,0.0014336,0.0036444,0.0261622,0.0405556,0.0370372,0.0511418,0.0620143,0.0973238,
223,2e-07,0.000623,0.0007149,0.0008729,0.0011607,0.0008724,0.0007617,0.0058218,0.0314996,0.0409768,0.0641711,0.0450109,0.0471289,0.0278662,
224,2e-07,0.0015194,0.0010288,0.0010975,0.0018505,0.0014864,0.0014365,0.0066216,0.0169895,0.01712,0.0684035,0.0295751,0.0305922,0.0560948,
225,2e-07,0.0006181,0.0002963,0.0008736,0.0006512,0.0007481,0.0005875,0.003078,0.0078038,0.0359019,0.0843305,0.0657251,0.0417964,0.0195638,
226,2e-07,0.000615,0.0002978,0.0007836,0.0014021,0.0007519,0.0014512,0.001771,0.0127147,0.0437,0.0683287,0.1053808,0.0239716,0.0032336,
227,2e-07,0.0015111,0.0009959,0.0008741,0.000644,0.0009563,0.0010654,0.0034343,0.0075003,0.0423716,0.0653696,0.0827815,0.0700858,0.074337,
228,2e-07,0.0015106,0.0003018,0.0012896,0.0016288,0.0007526,0.0007317,0.006637,0.0129086,0.0335783,0.0268932,0.0390202,0.0701195,0.1003743,
229,2e-07,0.0012227,0.0003004,0.0018292,0.0010317,0.0008247,0.0014586,0.0032634,0.018145,0.0079082,0.0238515,0.0282276,0.0567888,0.0188734,
230,2e-07,0.0015133,0.0007073,0.0010959,0.0013353,0.0014895,0.0023204,0.0059397,0.0136808,0.0318137,0.0477239,0.0239151,0.0663655,0.0650326,
231,2e-07,0.0007435,0.0019786,0.0015246,0.0006491,0.000953,0.0017372,0.0056453,0.0080208,0.031835,0.0666725,0.0804395,0.0627837,0.0937792,
232,2e-07,0.0006164,0.0010026,0.0010988,0.0010369,0.0007469,0.0005963,0.0056422,0.0101811,0.0375424,0.0589292,0.0501615,0.0442333,0.0595645,
233,2e-07,0.0021514,0.00165,0.0010998,0.0013972,0.0007447,0.0007422,0.002031,0.0262846,0.0580258,0.0578803,0.0334285,0.0388688,0.0787218,
234,2e-07,0.0006897,0.0012392,0.0008346,0.0010382,0.0014942,0.0015435,0.0032357,0.0260455,0.0548174,0.0505379,0.0187471,0.0619172,0.0815292,
235,2e-07,0.0012413,0.0003019,0.0010975,0.0004116,0.0014894,0.0017729,0.0021439,0.030128,0.0192042,0.055993,0.025029,0.0468329,0.0717841,
236,2e-07,0.0007997,0.0007021,0.000794,0.0013374,0.0010631,0.0019382,0.0113716,0.0175514,0.0554869,0.0517795,0.045496,0.0464304,0.0499747,
237,2e-07,0.0022111,0.0007057,0.0008723,0.0018593,0.001065,0.0009017,0.0050223,0.013032,0.0275263,0.0278799,0.0397286,0.0310435,0.0333782,
238,2e-07,0.000618,0.0014552,0.001065,0.0006581,0.0015325,0.0008152,0.0032213,0.0200305,0.0299007,0.0248296,0.0486313,0.0413263,0.0318658,
239,2e-07,0.0008024,0.0010626,0.0010647,0.0013858,0.0015689,0.0010431,0.0029692,0.0189836,0.0321479,0.0552088,0.0555196,0.0539737,0.0523508,
240,2e-07,0.0006917,0.0012404,0.0011308,0.0013988,0.0008934,0.0017079,0.0079595,0.0131297,0.0497349,0.0524091,0.0781708,0.060272,0.0928959,
241,2e-07,0.0016048,0.001565,0.001744,0.0014823,0.0007556,0.000814,0.0022199,0.0101874,0.0474604,0.0544131,0.0611612,0.0499926,0.0860816,
242,2e-07,0.0007441,0.0002973,0.0008744,0.001325,0.000819,0.0009088,0.0064376,0.0126603,0.0210323,0.0781347,0.1176518,0.0963742,0.0514347,
243,2e-07,0.0006085,0.0018839,0.000777,0.0006357,0.0024074,0.0015407,0.0040334,0.0299642,0.0106357,0.0999011,0.0762603,0.0988961,0.0437775,
244,1e-07,0.0007481,0.0024809,0.0008753,0.0012402,0.0020361,0.0011463,0.0039753,0.0262715,0.0195709,0.0371186,0.0171764,0.0790938,0.0247037,
245,1e-07,0.0015039,0.0016026,0.0024285,0.0006291,0.0020137,0.0013816,0.0015572,0.0181799,0.0202891,0.0373116,0.0268031,0.0524218,0.060813,
246,1e-07,0.0006086,0.0009965,0.0024746,0.0014078,0.0008916,0.0013859,0.0020077,0.0230935,0.0259031,0.0864876,0.0621688,0.0425183,0.0584007,
247,1e-07,0.0015083,0.0009938,0.0017336,0.0009164,0.000678,0.0010472,0.0025423,0.0146125,0.017373,0.0752837,0.0596956,0.0633061,0.0440717,
248,1e-07,0.0015066,0.0002911,0.0010811,0.0010238,0.0007681,0.0009071,0.0009022,0.00591,0.0132755,0.0363154,0.0502383,0.0694911,0.0540426,
249,1e-07,0.0011183,0.001599,0.0012859,0.0011187,0.0014543,0.0015943,0.0021037,0.0132672,0.0216521,0.0139306,0.0345431,0.0477624,0.0467103,
250,1e-07,0.0007487,0.0010255,0.000767,0.001119,0.000765,0.0014765,0.002113,0.0037804,0.0226088,0.0163046,0.0155557,0.0635839,0.0372773,
251,1e-07,0.0015102,0.0010268,0.0022412,0.0022904,0.0007672,0.0013797,0.0024728,0.0041006,0.0177879,0.031887,0.0152025,0.0858801,0.0601128,
252,1e-07,0.0015102,0.0010257,0.0004304,0.0012952,0.0014548,0.0023399,0.0017857,0.0034447,0.010904,0.0340422,0.0489212,0.0880867,0.0765652,
253,1e-07,0.0006136,0.0010243,0.0014242,0.0011145,0.0014994,0.0019214,0.0027612,0.0076961,0.0014844,0.0401048,0.0417574,0.08155,0.0560357,
254,1e-07,0.0012007,0.0016161,0.0007659,0.0009091,0.0007628,0.0006027,0.0032381,0.0069146,0.0190134,0.0391677,0.0715225,0.0910551,0.0566357,
255,1e-07,0.0007549,0.0016145,0.0010811,0.0010162,0.0007657,0.000915,0.0020094,0.0066729,0.0318636,0.0392248,0.069268,0.0809211,0.0756117,
256,1e-07,0.0015147,0.0010244,0.0007602,0.0010153,0.00089,0.0009028,0.0037397,0.014399,0.0542828,0.0483251,0.0877167,0.1019224,0.0860189,
257,1e-07,0.0012014,0.0009904,0.0015366,0.0011128,0.0015387,0.0014568,0.0013811,0.0130464,0.0490816,0.0333412,0.0739729,0.1054173,0.0838778,
258,1e-07,0.0006172,0.0012769,0.0018943,0.0010132,0.0008833,0.001699,0.0053166,0.0234896,0.06755,0.0982662,0.1151384,0.1230206,0.083805,
259,2e-07,0.0007543,0.0002839,0.001425,0.0015529,0.0008822,0.0007619,0.0040197,0.0205929,0.0198492,0.0323982,0.072801,0.0842744,0.0172744,
260,2e-07,0.001516,0.0009904,0.0004206,0.0010172,0.0008999,0.0016856,0.0032407,0.0091323,0.0169546,0.029376,0.044283,0.0228516,0.0357953,
261,2e-07,0.0006146,0.0002892,0.0010684,0.0014822,0.0008836,0.0015424,0.0037185,0.0052325,0.0162196,0.0377349,0.0301281,0.0281516,0.0225825,
262,2e-07,0.0017811,0.0007147,0.0004212,0.0010218,0.0008793,0.0010493,0.0030007,0.0070462,0.0144515,0.0352725,0.0136783,0.0474356,0.0097416,
263,2e-07,0.0006188,0.0002891,0.001433,0.0014828,0.0007518,0.0005938,0.002558,0.0084334,0.0097629,0.0161796,0.019588,0.0276432,0.0304064,
264,2e-07,0.0015749,0.0012848,0.0008744,0.0013403,0.0009535,0.0005995,0.0018761,0.0042254,0.0123229,0.0169006,0.0153838,0.0584025,0.0343888,
265,2e-07,0.0015156,0.0002915,0.001528,0.0017135,0.0008843,0.0014517,0.0019176,0.0057375,0.0178304,0.0124671,0.0360709,0.04737,0.0366985,
266,2e-07,0.0007493,0.000292,0.0007817,0.0011552,0.0007485,0.0014576,0.0019177,0.0053776,0.0175554,0.0165488,0.0136036,0.0329815,0.0489129,
267,2e-07,0.0006219,0.0002891,0.0012743,0.0014835,0.0014883,0.0014556,0.0005922,0.0029572,0.0139115,0.029982,0.0399977,0.0273167,0.0575754,
268,2e-07,0.0006208,0.0010008,0.0010949,0.0018182,0.0007477,0.0006027,0.0019099,0.0047262,0.0198812,0.0230219,0.0605589,0.0274797,0.0371112,
269,2e-07,0.0006837,0.0010012,0.001098,0.0006577,0.0010165,0.0018792,0.002193,0.0071472,0.0188625,0.0047752,0.0511749,0.0396076,0.0273582,
270,2e-07,0.0006241,0.0002919,0.0011005,0.0013488,0.0014853,0.000769,0.0028245,0.0170817,0.0148964,0.0094311,0.0602968,0.0433386,0.0446606,
271,2e-07,0.0006243,0.0012452,0.0013226,0.0012869,0.0015999,0.0019364,0.0028224,0.015014,0.0361479,0.0256769,0.0309062,0.0416683,0.0573503,
272,2e-07,0.0016485,0.0002934,0.0007874,0.0011424,0.0009445,0.0010367,0.0035879,0.011982,0.0331333,0.0239152,0.0204261,0.0241364,0.0471612,
273,2e-07,0.0006851,0.0002953,0.0010763,0.0008929,0.0017744,0.001943,0.0036454,0.0181121,0.0330112,0.0187906,0.0280718,0.0193309,0.0410967,
274,2e-07,0.0007924,0.0002926,0.0008408,0.0004143,0.0006806,0.0018813,0.0033199,0.0293786,0.0383091,0.026424,0.0406199,0.0419752,0.0704508,
275,2e-07,0.0007925,0.00102,0.0007881,0.0012845,0.002608,0.0019323,0.0070363,0.0238806,0.0108542,0.0261992,0.0402146,0.0186423,0.0680575,
276,2e-07,0.0007449,0.0012486,0.0008472,0.0010286,0.0008926,0.0006074,0.0028185,0.0131878,0.0291501,0.0304149,0.0467235,0.0506162,0.0422168,
277,2e-07,0.0012036,0.0010736,0.0004045,0.0006733,0.0010641,0.0010431,0.0050447,0.0128697,0.0313535,0.0198841,0.0583335,0.053708,0.097732,
278,2e-07,0.0007458,0.0007208,0.0010856,0.0010111,0.0017705,0.0010028,0.0084947,0.0122207,0.0371445,0.0127916,0.0916699,0.0221137,0.0469015,
279,2e-07,0.0012539,0.0012065,0.000782,0.0012688,0.0009383,0.0017981,0.003749,0.0079017,0.0143538,0.0260134,0.0243469,0.0474414,0.0403102,
280,2e-07,0.0007905,0.0010702,0.0018127,0.0010261,0.0027465,0.0011236,0.00623,0.0202272,0.0263117,0.0482513,0.0386334,0.0646982,0.0308061,
281,2e-07,0.000794,0.0007231,0.0004133,0.0008901,0.0008866,0.0011238,0.0030291,0.017395,0.0527066,0.0386523,0.0356355,0.020884,0.054903,
282,1e-07,0.0006252,0.0012178,0.0013218,0.0014839,0.0007482,0.0009912,0.0026799,0.0128047,0.0482385,0.0657179,0.0520523,0.0157855,0.0510501,
283,2e-07,0.0006277,0.001068,0.0007755,0.0010139,0.0017945,0.0018527,0.0022777,0.0401226,0.0357684,0.0637552,0.0748296,0.0322419,0.0641618,
284,2e-07,0.0012342,0.0002817,0.0012728,0.0010295,0.000667,0.0018372,0.001402,0.0076573,0.0193798,0.0201862,0.0160042,0.0504448,0.0408302,
285,2e-07,0.000686,0.001069,0.0015084,0.0013891,0.0006696,0.0010185,0.0022745,0.0076591,0.0244339,0.0105239,0.0279625,0.0543899,0.0600031,
286,2e-07,0.0006874,0.000717,0.0011415,0.0016641,0.0008852,0.0010083,0.0018801,0.0060955,0.0130593,0.0457215,0.0280897,0.0579777,0.0381822,
287,2e-07,0.0011695,0.0007169,0.001527,0.0006592,0.0015195,0.0010134,0.0022749,0.0067154,0.022248,0.0480585,0.0436739,0.0530016,0.0342013,
288,1e-07,0.0007994,0.0016213,0.0007764,0.0011376,0.0006668,0.0010018,0.0008859,0.0095833,0.0453686,0.0546776,0.0434688,0.0400825,0.0556014,
289,1e-07,0.0006907,0.0002885,0.0004283,0.001144,0.0016286,0.0009239,0.0020022,0.0062398,0.0381026,0.041903,0.0321361,0.0313455,0.0411905,
290,1e-07,0.0012181,0.0002865,0.0008469,0.0010334,0.0017443,0.0015596,0.0029828,0.0016205,0.0271565,0.0172895,0.026233,0.0243036,0.0408899,
291,1e-07,0.0006893,0.0002843,0.0008759,0.0011501,0.0010733,0.0016716,0.0027716,0.0135231,0.0239798,0.024246,0.0427702,0.0220773,0.0456037,
292,1e-07,0.0006121,0.001078,0.0004336,0.0009147,0.000881,0.001589,0.0021042,0.0194678,0.0217693,0.0171195,0.0591823,0.0241633,0.0311633,
293,1e-07,0.0017781,0.0016148,0.0010802,0.0004376,0.0015377,0.0010039,0.0012659,0.0061546,0.0115324,0.0089195,0.0465176,0.052835,0.0472846,
294,0.0,0.0008096,0.0009972,0.0010771,0.0010226,0.001722,0.0010105,0.0047817,0.0073028,0.0281514,0.0076431,0.026668,0.0368125,0.0318076,
295,0.0,0.0006883,0.0017236,0.0007611,0.0006363,0.0009597,0.0009261,0.0012458,0.0047607,0.0243544,0.0139791,0.0113663,0.030654,0.0560394,
296,1e-07,0.0007454,0.0009986,0.000877,0.0012501,0.0009573,0.0015959,0.0017873,0.0087946,0.0309972,0.0241101,0.0150847,0.0069551,0.0545892,
297,0.0,0.0006139,0.002218,0.0007587,0.0014823,0.0020469,0.0017612,0.001785,0.0077121,0.0107089,0.0354386,0.0245892,0.0312498,0.0447043,
298,0.0,0.0006862,0.0010183,0.0013103,0.0009103,0.0010758,0.001106,0.001664,0.0033774,0.0214434,0.0283911,0.0297349,0.0183745,0.0274899,
299,0.0,0.0007467,0.0012541,0.0008628,0.0006427,0.0009081,0.001423,0.0036751,0.0116795,0.0239764,0.0185222,0.0234526,0.0193162,0.0312248,
300,1e-07,0.0014836,0.0013982,0.0012706,0.001286,0.0009031,0.0019828,0.0039949,0.0114401,0.0216726,0.0374793,0.0245609,0.0208924,0.078623,
301,0.0,0.0015147,0.0015896,0.000427,0.0004492,0.0007679,0.0014781,0.0026783,0.0062695,0.0381943,0.0446955,0.1017128,0.047756,0.0475181,
302,0.0,0.0015723,0.0002723,0.0007528,0.0006341,0.0006622,0.0016007,0.0075283,0.0270867,0.0489709,0.0479334,0.0243999,0.0791309,0.0829553,
303,1e-07,0.0015097,0.0010186,0.0007506,0.0009151,0.0015073,0.0015137,0.0020764,0.0141658,0.0409101,0.0384671,0.0444782,0.0946538,0.0359936,
304,1e-07,0.0006859,0.0010187,0.0004373,0.0011088,0.0019681,0.0023673,0.0036792,0.0122791,0.054274,0.0419474,0.0619593,0.0673627,0.0738375,
305,1e-07,0.0012923,0.0012552,0.000747,0.0010222,0.0008669,0.0014462,0.0018765,0.0083529,0.0220394,0.0584038,0.0628931,0.0541555,0.0726544,
306,1e-07,0.0006898,0.0014802,0.000881,0.0006221,0.001084,0.0007973,0.0016225,0.0114678,0.0222896,0.0397623,0.0608257,0.0726503,0.043307,
307,1e-07,0.0019378,0.0026081,0.0022584,0.0051795,0.0117293,0.0140885,0.0264303,0.0515251,0.0556996,0.0385918,0.0466001,0.0547513,0.0201416,
308,1e-07,0.000797,0.002608,0.0028284,0.0030098,0.0110972,0.005432,0.0167374,0.0357127,0.0367192,0.0306052,0.038365,0.0523323,0.0307898,
309,1e-07,0.0012012,0.0014393,0.0007776,0.0011508,0.0027722,0.006197,0.0103453,0.0222795,0.0227892,0.0411194,0.0349001,0.040336,0.046894,
310,1e-07,0.0007975,0.0002833,0.001139,0.0021387,0.0034247,0.0023504,0.0059979,0.0211116,0.0102131,0.015904,0.0324394,0.0247608,0.0376885,
311,1e-07,0.0007964,0.0016384,0.0007716,0.0009012,0.0006549,0.0021934,0.0071628,0.0092563,0.0155843,0.025824,0.0463871,0.0232226,0.0152824,
312,0.0,0.0006941,0.0014049,0.0010626,0.0013951,0.0015982,0.0015585,0.004059,0.020836,0.0176409,0.010828,0.0358044,0.0471962,0.0205727,
313,0.0,0.0007349,0.0002751,0.0008773,0.0006525,0.0016932,0.0010798,0.0029662,0.0130961,0.0254079,0.0089898,0.0241894,0.0406443,0.0220048,
314,1e-07,0.0016074,0.0002733,0.0004338,0.0012471,0.0006461,0.0010727,0.0014517,0.0043864,0.0266758,0.0140024,0.0143055,0.028099,0.0293111,
315,1e-07,0.0008025,0.0010613,0.0016158,0.0011337,0.0008565,0.001837,0.0021463,0.0062656,0.0282421,0.0225066,0.0153447,0.0213937,0.0257342,
316,1e-07,0.001827,0.0010092,0.0014107,0.0006418,0.0008568,0.0009691,0.0018702,0.0064711,0.0341997,0.0152484,0.0439321,0.0226989,0.0136115,
317,1e-07,0.0011761,0.0010088,0.0012851,0.000637,0.0010024,0.0008102,0.0046642,0.016323,0.034391,0.0296188,0.0436488,0.0313279,0.0445659,
318,1e-07,0.0007344,0.0012618,0.0013519,0.0006393,0.0008319,0.0017129,0.0026885,0.0272594,0.0168321,0.0384491,0.0550906,0.0434745,0.0185667,
319,1e-07,0.0006159,0.0002661,0.0004376,0.0014058,0.0006417,0.0006647,0.0006093,0.016667,0.0278715,0.036437,0.0440253,0.0396987,0.0189757,
320,1e-07,0.0007384,0.0002671,0.0008663,0.0014073,0.0014646,0.0009471,0.0017526,0.0127966,0.0144504,0.0208462,0.0244963,0.0223066,0.0233065,
321,2e-07,0.0006119,0.0010113,0.001272,0.0006317,0.0006413,0.0008288,0.0012993,0.01784,0.0342037,0.0280568,0.0590675,0.0180071,0.0309364,
322,2e-07,0.0006143,0.0012637,0.001158,0.0006347,0.0009596,0.00171,0.0025371,0.0049277,0.0123537,0.0263271,0.0166702,0.0660929,0.0453344,
323,2e-07,0.001288,0.0010027,0.0004385,0.0011647,0.0010909,0.0015022,0.0019982,0.0024496,0.00724,0.0250256,0.0250481,0.051917,0.0264833,
324,2e-07,0.0006137,0.00143,0.0007396,0.0012504,0.0009972,0.0008376,0.000615,0.0078381,0.0220631,0.0187897,0.0274444,0.0257045,0.0461648,
325,2e-07,0.0006853,0.0002589,0.0007382,0.001016,0.0010873,0.0008483,0.0008829,0.0048948,0.0084972,0.0352285,0.0347935,0.0157338,0.0606973,
326,2e-07,0.0006165,0.0010527,0.0004341,0.0016843,0.0010882,0.0008588,0.0016468,0.0079234,0.0138273,0.017458,0.0326053,0.0238959,0.0314244,
327,2e-07,0.0006164,0.0007513,0.0004328,0.0012602,0.0009962,0.0010819,0.001028,0.0078985,0.0148942,0.0394449,0.0264163,0.0235144,0.0249124,
328,2e-07,0.0006183,0.0012223,0.0011773,0.0012637,0.0008207,0.000847,0.0027371,0.0060799,0.0136566,0.0345771,0.0338132,0.0127444,0.033453,
329,2e-07,0.0015179,0.0010132,0.0004305,0.0006283,0.0006499,0.0007376,0.001748,0.0338297,0.0399139,0.062249,0.0505475,0.0248301,0.054007,
330,1e-07,0.0006173,0.0002521,0.0007324,0.0016034,0.0007792,0.000737,0.0023505,0.0159205,0.0366098,0.0179062,0.0310929,0.0430524,0.0638915,
331,1e-07,0.0017842,0.0010136,0.001592,0.001009,0.00145,0.0007406,0.001838,0.0084222,0.0304039,0.0082855,0.0184881,0.0461954,0.0314513,
332,1e-07,0.0015166,0.0010135,0.0008815,0.0013495,0.0009227,0.001746,0.0027457,0.0127131,0.0183485,0.0143722,0.0389442,0.0210238,0.0450275,
333,1e-07,0.0015126,0.0007474,0.000429,0.0014137,0.0010008,0.0008512,0.001417,0.0095635,0.0149819,0.0066987,0.0280057,0.0444311,0.033351,
334,1e-07,0.0006846,0.0014769,0.0007432,0.0011739,0.0010862,0.0010057,0.0006191,0.0068562,0.0145683,0.0123504,0.0361259,0.0360309,0.0362215,
335,1e-07,0.0017841,0.0007458,0.0010644,0.0006378,0.0006456,0.0008548,0.0010432,0.0089326,0.0101754,0.0159438,0.0326586,0.0231106,0.0273137,
336,2e-07,0.0006178,0.0012657,0.0015536,0.0009076,0.0010023,0.0006653,0.0010344,0.0055012,0.0057095,0.02486,0.0245368,0.0158686,0.029386,
337,2e-07,0.0007405,0.0002578,0.0004387,0.0011141,0.0008288,0.0006719,0.0010283,0.006498,0.0097466,0.0198361,0.0178766,0.0194447,0.0314147,
338,2e-07,0.0008028,0.0010579,0.001269,0.0006369,0.001821,0.0010555,0.0028415,0.0057251,0.0100764,0.0250155,0.0281898,0.0422757,0.0309547,
339,2e-07,0.0008032,0.0007472,0.0004427,0.0004437,0.0017378,0.0009692,0.0060157,0.0071594,0.0239846,0.0353761,0.0173225,0.024795,0.016299,
340,2e-07,0.0008046,0.0010048,0.000443,0.0012499,0.0009977,0.0009765,0.0037361,0.0058854,0.0162311,0.0382661,0.0259791,0.0173748,0.023075,
341,2e-07,0.0006173,0.0002525,0.0015591,0.0014822,0.0009456,0.0017835,0.0006351,0.0024804,0.0107199,0.0153813,0.0171956,0.0074718,0.0379576,
342,2e-07,0.000618,0.0010031,0.000436,0.0012552,0.0016744,0.0008259,0.0018754,0.0022352,0.0221517,0.0137698,0.0122894,0.0198631,0.0250916,
343,2e-07,0.000743,0.0014393,0.0012628,0.0004467,0.0010039,0.0008689,0.0029047,0.0082301,0.0202745,0.0264084,0.0025222,0.022658,0.0384082,
344,1e-07,0.0006844,0.0002553,0.0015521,0.0011733,0.0009555,0.000943,0.0024196,0.0052916,0.0210172,0.0348945,0.0119468,0.0185295,0.0412344,
345,1e-07,0.0006823,0.0007498,0.000744,0.0008957,0.0010884,0.0009168,0.0016579,0.007125,0.0161358,0.0268076,0.0456376,0.0332224,0.0110255,
346,1e-07,0.0006808,0.000753,0.0004215,0.0012683,0.0008347,0.0010801,0.0010593,0.0049447,0.0186149,0.0374637,0.0479174,0.0350545,0.0210548,
347,1e-07,0.0006786,0.0002518,0.0018424,0.0006467,0.0010063,0.0010872,0.0010297,0.004119,0.0195216,0.0400951,0.0354293,0.021949,0.0413734,
348,1e-07,0.000622,0.0010101,0.0004244,0.0016188,0.0010026,0.0021644,0.0019436,0.0054039,0.015014,0.0430724,0.0370535,0.0389645,0.0216711,
349,1e-07,0.0006231,0.000995,0.0013884,0.0006399,0.0010027,0.0008488,0.0024351,0.0048605,0.0200991,0.0421564,0.0405155,0.01948,0.0413677,
350,1e-07,0.002079,0.0002489,0.0012487,0.001845,0.0015069,0.0008566,0.0019705,0.0027895,0.0166129,0.0437402,0.0225547,0.0394932,0.0416725,
351,1e-07,0.0006234,0.001013,0.0013446,0.0009966,0.0007704,0.0015192,0.0033288,0.0090106,0.0311894,0.0050016,0.0597904,0.0162613,0.0587648,
352,1e-07,0.0006256,0.0015735,0.0010735,0.0013356,0.0009564,0.0019884,0.0016116,0.0184751,0.0264675,0.0364395,0.0345531,0.0332644,0.0536892,
353,1e-07,0.0006267,0.0012448,0.0012422,0.0013584,0.0006589,0.0019933,0.0057993,0.0143215,0.0200931,0.0732781,0.0426256,0.0555008,0.0211303,
354,1e-07,0.0006277,0.0015832,0.0008816,0.0010971,0.0008282,0.0007104,0.0025625,0.016688,0.0353838,0.0589594,0.0261776,0.0191204,0.0061956,
355,1e-07,0.0012036,0.0002497,0.0008808,0.0011019,0.0019988,0.0008647,0.0024511,0.0178343,0.0210934,0.0119924,0.0384206,0.0129469,0.0296288,
356,0.0,0.0006307,0.0012468,0.0012412,0.0012804,0.0014746,0.0016436,0.0022279,0.0156551,0.0635727,0.0134813,0.0559568,0.0221107,0.0172424,
357,1e-07,0.0006327,0.0015829,0.001591,0.0004607,0.0008694,0.0016534,0.0029976,0.0107051,0.0406799,0.0309964,0.0337696,0.0268524,0.0313087,
358,1e-07,0.0007913,0.0012819,0.001338,0.0017521,0.0006524,0.0018511,0.0027164,0.0064783,0.0311822,0.0371317,0.0053185,0.0223268,0.0366788,
359,1e-07,0.0006738,0.0007615,0.0013922,0.0004607,0.001828,0.0009448,0.0020204,0.0149705,0.0205557,0.0385848,0.0367982,0.0442355,0.0479055,
360,1e-07,0.0006761,0.0012807,0.0004167,0.0011905,0.0010887,0.0006639,0.0019214,0.0076665,0.0189892,0.036507,0.0482617,0.0601411,0.0304131,
361,1e-07,0.00063,0.0002414,0.000417,0.0006511,0.000856,0.0017372,0.0060308,0.0046975,0.0015504,0.0446271,0.0719689,0.0724785,0.0678027,
362,1e-07,0.0012548,0.0002398,0.0013456,0.0006485,0.0010072,0.000846,0.0033136,0.0102726,0.0181092,0.0414334,0.0727473,0.0734921,0.0585331,
363,1e-07,0.000627,0.0007619,0.0007329,0.0004651,0.001684,0.0007181,0.0010713,0.0110707,0.0221061,0.0617847,0.0335332,0.0446217,0.0417295,
364,2e-07,0.0007961,0.0012832,0.0004227,0.000642,0.0008303,0.0006679,0.0014506,0.0168871,0.0254463,0.0266393,0.0569914,0.0549725,0.0398895,
365,2e-07,0.0007962,0.000239,0.0013522,0.0006404,0.0008283,0.000722,0.0027,0.0140022,0.0212966,0.0302802,0.047959,0.0478856,0.0441863,
366,2e-07,0.0007561,0.0002406,0.001244,0.0015578,0.0009304,0.0008473,0.0011714,0.0046508,0.0087972,0.0432619,0.027773,0.0535326,0.0429708,
367,2e-07,0.0006768,0.0010638,0.0004275,0.0006347,0.0010898,0.0008966,0.0039324,0.004316,0.0179742,0.0382849,0.0350049,0.0392852,0.09032,
368,2e-07,0.0007524,0.0015711,0.0018031,0.0012661,0.0015692,0.0009489,0.0025322,0.0071692,0.0202616,0.0166372,0.070371,0.0587286,0.0680629,
369,2e-07,0.0006812,0.0015702,0.0013616,0.0012616,0.0010935,0.0008887,0.0031763,0.0147043,0.0134067,0.0152341,0.0177436,0.0290435,0.0783226,
370,2e-07,0.0006146,0.0002452,0.0013641,0.0006229,0.0015672,0.0009468,0.002422,0.011229,0.0227594,0.0214879,0.0112278,0.0577992,0.0779476,
371,2e-07,0.0006789,0.0015706,0.0014727,0.0016082,0.0015153,0.0016322,0.0027792,0.0132682,0.0190527,0.045976,0.013527,0.0221767,0.0352391,
372,2e-07,0.000616,0.0012699,0.0008907,0.0004651,0.0008202,0.0018154,0.0018904,0.0109832,0.0135227,0.0204222,0.0472067,0.0530874,0.0250227,
373,2e-07,0.0011605,0.000252,0.0004378,0.001097,0.0008563,0.0018105,0.001634,0.0104297,0.0176359,0.0242456,0.0368648,0.0476478,0.0291306,
374,2e-07,0.0006852,0.0007499,0.0008828,0.0006261,0.0006432,0.000859,0.0028602,0.0125419,0.0155641,0.028557,0.0338635,0.0445793,0.0507452,
375,2e-07,0.0008099,0.0007471,0.0013976,0.0010106,0.0009924,0.0015917,0.006185,0.013307,0.0099206,0.0425212,0.0366817,0.0521362,0.069109,
376,2e-07,0.0012606,0.0015889,0.0012744,0.0012468,0.0010908,0.0006625,0.0039595,0.0063087,0.0252295,0.036796,0.0587852,0.0247223,0.0994673,
377,2e-07,0.0006899,0.0007423,0.001561,0.0006202,0.0009906,0.0008315,0.0021558,0.0224675,0.0436869,0.0456573,0.0393268,0.1028936,0.0818043,
378,2e-07,0.0007439,0.0013974,0.0012747,0.001241,0.0010902,0.0009467,0.0060465,0.0224562,0.0206179,0.0519441,0.0499402,0.0288801,0.0550313,
379,2e-07,0.0006894,0.0009951,0.0007298,0.0012445,0.001092,0.000979,0.0039438,0.0079962,0.0185119,0.0528169,0.0957076,0.0531062,0.0634398,
380,2e-07,0.0013334,0.001636,0.000884,0.0014244,0.0009881,0.0017159,0.0033793,0.0150713,0.0078926,0.0191927,0.0322422,0.0358009,0.0575922,
381,2e-07,0.000688,0.0012337,0.0008846,0.0006204,0.0008502,0.0008271,0.0037206,0.0101217,0.0096567,0.0021673,0.0461598,0.0665771,0.050275,
382,2e-07,0.0006865,0.0009963,0.000725,0.0012513,0.00099,0.0016167,0.0012092,0.0057694,0.0181885,0.0147812,0.0522586,0.0347461,0.0520194,
383,2e-07,0.0007465,0.0019139,0.0013638,0.0006255,0.0008205,0.0009982,0.0019347,0.0086406,0.0222924,0.0169551,0.0302387,0.031937,0.0407169,
384,2e-07,0.0006858,0.0007586,0.0004409,0.0017204,0.0008235,0.0016316,0.0026859,0.0155477,0.0379027,0.0431193,0.0295387,0.0379909,0.0346932,
385,2e-07,0.0006186,0.0012795,0.0004364,0.0013377,0.0018755,0.0017934,0.0028607,0.0118169,0.0127652,0.0504456,0.0635461,0.0165921,0.0210295,
386,2e-07,0.0006209,0.0010002,0.0004316,0.0014156,0.0010006,0.0017058,0.0012047,0.0292381,0.0343513,0.0722071,0.0720141,0.0391424,0.0286953,
387,2e-07,0.0006833,0.0012323,0.0004282,0.000643,0.0016785,0.0010626,0.0020277,0.0166045,0.0592275,0.0612827,0.0484506,0.0349306,0.0569447,
388,2e-07,0.0006259,0.0012326,0.0013953,0.0006477,0.0010079,0.0008315,0.002906,0.0117932,0.0256602,0.0438475,0.0207611,0.0111306,0.0114472,
389,1e-07,0.000684,0.0007545,0.0013965,0.000652,0.0010109,0.0018061,0.0035937,0.0077361,0.0078201,0.0478089,0.0171995,0.0080145,0.0448388,
390,1e-07,0.0007453,0.0007542,0.0011758,0.0011156,0.0010931,0.000835,0.0011666,0.0141797,0.0323124,0.0511106,0.0382731,0.0194138,0.0667314,
391,1e-07,0.0006287,0.0010057,0.0013396,0.0010087,0.0008406,0.0017248,0.0032544,0.0081781,0.0290726,0.0426855,0.0262576,0.015697,0.0269694,
392,1e-07,0.0006837,0.0010061,0.0011726,0.0011144,0.0006435,0.0010733,0.0020377,0.0091871,0.0246415,0.0172906,0.0499736,0.0276591,0.0219222,
393,1e-07,0.0007966,0.0002504,0.0018362,0.0004504,0.0010058,0.0018332,0.0026955,0.0046437,0.0278278,0.0276618,0.0528996,0.0279351,0.0252472,
394,2e-07,0.0006218,0.00025,0.0012623,0.0006415,0.0008502,0.001629,0.0037471,0.0062076,0.0363985,0.0349518,0.021245,0.0149691,0.0229656,
395,2e-07,0.0015158,0.0007544,0.0012612,0.0006354,0.001,0.0015989,0.0016439,0.0042829,0.0193363,0.0281993,0.0179681,0.0287556,0.0183154,
396,2e-07,0.0007432,0.0012724,0.0004377,0.0006327,0.0008277,0.0009921,0.002854,0.0077139,0.0232346,0.0055634,0.0257049,0.0209857,0.0161223,
397,2e-07,0.0008055,0.0010537,0.000729,0.0011763,0.0009454,0.0022183,0.0018734,0.0034432,0.0152096,0.0301031,0.0205194,0.0119753,0.0510447,
398,2e-07,0.0006116,0.0019145,0.0004466,0.0012493,0.0009918,0.0016761,0.002875,0.0076405,0.0169257,0.0297809,0.0236966,0.0629612,0.0495578,
399,2e-07,0.0012002,0.0010548,0.0015652,0.001246,0.0010996,0.0008142,0.003865,0.0158196,0.0322573,0.043762,0.0657945,0.0287437,0.0090877,
400,2e-07,0.0006116,0.0002551,0.0013649,0.0011667,0.0009496,0.0017679,0.003298,0.0175606,0.0271323,0.0588119,0.075665,0.037798,0.0269554,
401,2e-07,0.0006114,0.0010053,0.0010592,0.0018688,0.0009961,0.0008162,0.0040551,0.0061301,0.0179892,0.0614041,0.0242697,0.0409192,0.03448,
402,2e-07,0.0008095,0.0007422,0.0013652,0.0004438,0.0017202,0.0009552,0.0163841,0.0302002,0.0746164,0.0910112,0.01681,0.0357828,0.0851291,
403,2e-07,0.0006956,0.00074,0.0004475,0.0006304,0.0009454,0.0025597,0.0075934,0.0035231,0.0232997,0.0327833,0.0163314,0.0434421,0.1147713,
404,2e-07,0.0008041,0.0010586,0.0004439,0.0006349,0.001576,0.0037695,0.0121999,0.0228051,0.0136961,0.0083877,0.0170739,0.0350952,0.0947409,
405,2e-07,0.0008024,0.0002636,0.0004427,0.0011516,0.001675,0.0028504,0.0103402,0.0312432,0.0282342,0.0172316,0.0116542,0.0403232,0.0904773,
406,2e-07,0.0007998,0.0007398,0.0004408,0.0016266,0.0007743,0.0018312,0.0046789,0.0199692,0.0329928,0.0554681,0.0090076,0.0205498,0.0622202,
407,2e-07,0.0006958,0.0002615,0.0013495,0.0012953,0.0010093,0.0009148,0.0058996,0.0214764,0.0142431,0.0296094,0.0245623,0.0369578,0.0495994,
408,1e-07,0.0006937,0.0007423,0.0008686,0.0011319,0.0010129,0.0015815,0.0022578,0.0177296,0.0181391,0.0235162,0.0430329,0.0465162,0.0439752,
409,1e-07,0.0007359,0.0012314,0.0008794,0.0008965,0.0010141,0.0009834,0.0023058,0.0102681,0.0194852,0.0172101,0.01677,0.0467873,0.0178259,
410,1e-07,0.0006278,0.0007436,0.001482,0.0011335,0.0016933,0.0006748,0.0043769,0.0054468,0.0167992,0.0296504,0.0088619,0.040955,0.047205,
411,1e-07,0.0007882,0.00026,0.0013337,0.0013764,0.0010954,0.0009476,0.001039,0.0049952,0.0108984,0.0228325,0.0177027,0.0292157,0.0288622,
412,0.0,0.0012793,0.0010161,0.0008772,0.0006683,0.0022831,0.0018168,0.0019224,0.0101432,0.0166646,0.0220197,0.0330254,0.0506282,0.028404,
413,0.0,0.0006336,0.0010627,0.0004136,0.0006732,0.0021776,0.0027155,0.0018243,0.0198086,0.046901,0.0234403,0.0330145,0.0559309,0.0420099,
414,1e-07,0.0012526,0.0002659,0.000876,0.0006752,0.0006502,0.0009399,0.0012796,0.0126507,0.0325877,0.0398245,0.0514281,0.0517734,0.0291302,
415,1e-07,0.0007362,0.0012161,0.0004141,0.0004159,0.0010266,0.0008455,0.0016351,0.0154589,0.0232265,0.0368042,0.0441362,0.0678102,0.0389795,
416,0.0,0.0007871,0.0007349,0.0014226,0.0011426,0.0008604,0.0010758,0.0031178,0.0067775,0.018005,0.0369394,0.0227127,0.0724274,0.0299433,
417,0.0,0.0012366,0.001063,0.0007663,0.0010168,0.0010891,0.0007818,0.0028781,0.0076451,0.0063368,0.0263922,0.0250486,0.0264395,0.0296855,
418,0.0,0.0012379,0.0010089,0.001153,0.0006594,0.0009448,0.0008384,0.00256,0.016698,0.0113698,0.0119373,0.0365475,0.0178584,0.0153983,
419,0.0,0.0006917,0.0007336,0.0004278,0.0006537,0.0006484,0.0008321,0.000887,0.0093418,0.013203,0.0061803,0.0290803,0.0182275,0.034598,
420,0.0,0.0006895,0.0010113,0.0004273,0.0010242,0.0009505,0.0010814,0.0018767,0.0052901,0.0093272,0.0077817,0.0328869,0.0196733,0.0620621,
421,1e-07,0.0006895,0.0002685,0.0004316,0.0006446,0.0008318,0.001082,0.0020234,0.0035377,0.00744,0.0180116,0.0187614,0.0224062,0.058245,
422,1e-07,0.0011681,0.0012145,0.0010648,0.0004392,0.0008657,0.0018184,0.0018784,0.0028359,0.008726,0.0222071,0.0282504,0.0451479,0.0422447,
423,1e-07,0.0006871,0.0014779,0.0004326,0.0012523,0.001084,0.0008511,0.0012269,0.0025995,0.0050213,0.016021,0.0444843,0.0371644,0.0582846,
424,1e-07,0.0006153,0.0002651,0.0008723,0.0009103,0.0008217,0.0014946,0.0016436,0.0080793,0.0115446,0.023889,0.0471189,0.0384543,0.0337876,
425,1e-07,0.0012381,0.0010142,0.0004353,0.0004537,0.0006511,0.0015968,0.0012271,0.0068395,0.0200917,0.0618217,0.053559,0.0550714,0.0158467,
426,1e-07,0.0011655,0.0009986,0.00106,0.0010152,0.0006485,0.0015864,0.0012237,0.0098823,0.0202998,0.0380207,0.0594386,0.0511599,0.0496112,
427,1e-07,0.0008079,0.0002666,0.0008703,0.0014818,0.000778,0.0008488,0.0016315,0.0099907,0.0264818,0.0263315,0.0692879,0.0268393,0.0484063,
428,1e-07,0.0006137,0.0002688,0.0004371,0.0006342,0.0006503,0.0008217,0.0012276,0.0048708,0.0147152,0.009483,0.0324885,0.0204491,0.0591213,
429,1e-07,0.0008061,0.0002715,0.0013464,0.0010212,0.0010818,0.0015881,0.001044,0.003155,0.0066857,0.0188247,0.0324581,0.0277148,0.0214491,
430,1e-07,0.0012407,0.0014012,0.0014692,0.0011233,0.0010044,0.0007907,0.001535,0.0029995,0.0092696,0.0076028,0.0287903,0.0246259,0.0435469,
431,0.0,0.0016039,0.0007311,0.0007581,0.0012493,0.0006516,0.0008497,0.0012275,0.003154,0.0087913,0.0274276,0.0273521,0.0324413,0.0443817,
432,0.0,0.0012393,0.0002736,0.0013366,0.0006509,0.0010111,0.0009896,0.002577,0.0019498,0.0086514,0.0233971,0.0248527,0.0496282,0.0375025,
433,0.0,0.0007961,0.0012166,0.0004261,0.000899,0.001015,0.0008487,0.0025755,0.0028006,0.0064046,0.0306488,0.03174,0.0293137,0.0242286,
434,0.0,0.0012361,0.0002714,0.0004212,0.0010162,0.0009441,0.0017936,0.0017746,0.0137709,0.0161528,0.024639,0.018026,0.0380773,0.0347642,
435,1e-07,0.0006892,0.0002703,0.0015248,0.0012614,0.000865,0.000838,0.0031239,0.0111886,0.0194923,0.0211652,0.0226637,0.0451143,0.0262772,
436,1e-07,0.0006307,0.0007367,0.0007658,0.0006683,0.0008647,0.0018267,0.0030433,0.0073121,0.0202293,0.0232694,0.0320644,0.0462496,0.0173568,
437,1e-07,0.0006847,0.0014035,0.000876,0.0010238,0.0010248,0.0018279,0.0022238,0.0114905,0.0326534,0.0265587,0.0208388,0.0455311,0.0123563,
438,1e-07,0.0006843,0.0007383,0.0010841,0.0041502,0.010025,0.0123991,0.0075485,0.0075157,0.0376968,0.0220447,0.0319189,0.0256702,0.038409,
439,1e-07,0.0007441,0.0010104,0.0008762,0.0019739,0.0034987,0.0058538,0.0019507,0.0119088,0.0261665,0.02611,0.0200791,0.0411595,0.0194636,
440,1e-07,0.0006823,0.0015952,0.0004098,0.0006703,0.0018633,0.0006486,0.0014075,0.0116838,0.0056453,0.0433496,0.0171823,0.0230929,0.0200536,
441,1e-07,0.0006313,0.0010587,0.000412,0.0006657,0.0018703,0.0010234,0.0019513,0.0101078,0.0219831,0.0412844,0.0371872,0.0134094,0.0114264,
442,1e-07,0.0006287,0.0007368,0.0008652,0.0011309,0.0010826,0.0017333,0.0020585,0.0153134,0.0199176,0.0247951,0.0232481,0.0110641,0.031606,
443,1e-07,0.0006844,0.0010591,0.0004158,0.0004293,0.0010798,0.0008638,0.0014122,0.0141666,0.0239395,0.0349863,0.0376029,0.0074534,0.0147208,
444,1e-07,0.0006852,0.0016339,0.0010729,0.0004325,0.000657,0.0015688,0.0022897,0.0116282,0.0160336,0.0511113,0.0382412,0.0663086,0.0376049,
445,0.0,0.0007977,0.0010026,0.0010816,0.0006508,0.0008729,0.0022373,0.0036089,0.0066178,0.0263881,0.0084765,0.0144747,0.0278806,0.046416,
446,0.0,0.000621,0.0012126,0.0004231,0.0012591,0.0008726,0.0011007,0.0019718,0.0036779,0.0405351,0.0165182,0.0194508,0.0433354,0.0511899,
447,0.0,0.0011253,0.0002674,0.0012656,0.0006427,0.0015297,0.0014913,0.0032742,0.0066936,0.0078877,0.020325,0.053383,0.0287666,0.0397459,
448,0.0,0.0007511,0.0012613,0.0008791,0.0009018,0.0009118,0.0008362,0.0022706,0.0240856,0.0286406,0.0200704,0.0379113,0.0513984,0.0246144,
449,1e-07,0.0015173,0.0009953,0.001263,0.0012793,0.0014506,0.0014981,0.001985,0.0281333,0.0248141,0.0296848,0.0213841,0.0700697,0.0299863,
450,1e-07,0.0013255,0.0012618,0.0007492,0.0011722,0.0006549,0.0007588,0.00141,0.0052195,0.0220571,0.013758,0.0775886,0.065505,0.0244881,
451,1e-07,0.0007476,0.0007437,0.0010713,0.0004478,0.0010832,0.0010186,0.0010359,0.0030786,0.0344206,0.0088555,0.0227139,0.0319487,0.0184172,
452,1e-07,0.0006213,0.0010016,0.000876,0.0006441,0.0015009,0.0018196,0.0019422,0.0029433,0.0289078,0.0155084,0.0319959,0.0337111,0.0170916,
453,1e-07,0.0006203,0.0010566,0.0012674,0.0012572,0.0010861,0.0010029,0.0020412,0.001271,0.0071023,0.0351959,0.0248843,0.0395958,0.0364866,
454,1e-07,0.0006212,0.0007409,0.0004282,0.0009012,0.0008588,0.0017749,0.0010218,0.0017087,0.0167469,0.0380257,0.0191374,0.03536,0.0190343,
455,1e-07,0.0006898,0.0010091,0.0015373,0.0004318,0.0016908,0.0017309,0.0012175,0.0052715,0.0127577,0.0152025,0.0231191,0.0123819,0.0164754,
456,1e-07,0.0006915,0.0010119,0.0013408,0.0004282,0.0009488,0.0015042,0.0017776,0.0019861,0.0248969,0.0547367,0.0065539,0.048642,0.0289124,
457,1e-07,0.0006935,0.001015,0.0004299,0.0011479,0.0010153,0.0009757,0.0052544,0.0082319,0.0262875,0.0484492,0.0582283,0.0585657,0.0640863,
458,1e-07,0.0006961,0.0002689,0.0010761,0.0011383,0.0014949,0.0018224,0.0056801,0.0191706,0.0205062,0.0663398,0.0671078,0.057969,0.0368355,
459,1e-07,0.0012151,0.0002681,0.0008784,0.0013941,0.0016889,0.0008436,0.0070348,0.0204313,0.0198026,0.0611998,0.0483802,0.0612732,0.0164741,
460,1e-07,0.0007975,0.001252,0.0007588,0.0010386,0.0008467,0.0015787,0.0051158,0.0070402,0.0293326,0.0183621,0.0257618,0.0528476,0.0156139,
461,1e-07,0.000701,0.001064,0.0008793,0.0010369,0.0006336,0.0022193,0.0037831,0.0053045,0.0239044,0.016506,0.0111012,0.0362673,0.0426822,
462,1e-07,0.0007304,0.0010521,0.0004381,0.0004229,0.0006344,0.0009527,0.0068344,0.0134962,0.0273099,0.0270553,0.0319098,0.0409583,0.0328172,
463,1e-07,0.0006199,0.0014732,0.0014881,0.0020782,0.0008486,0.0015064,0.0019978,0.0087368,0.0076958,0.0322607,0.033399,0.0376726,0.0159592,
464,1e-07,0.0007337,0.0012668,0.000879,0.0010187,0.0008499,0.0015819,0.0008937,0.004304,0.0140111,0.0210877,0.0376133,0.024458,0.0531422,
465,1e-07,0.000623,0.0012674,0.0004297,0.0010247,0.000765,0.0008553,0.0033139,0.0029208,0.0267564,0.0163843,0.0155614,0.0118484,0.0420792,
466,1e-07,0.0013146,0.0014336,0.0013381,0.0004288,0.0008447,0.001798,0.0031691,0.0038517,0.0124632,0.0298653,0.0076861,0.0120133,0.0462711,
467,1e-07,0.0007401,0.000262,0.0004234,0.0006559,0.0008579,0.0008568,0.0024167,0.001503,0.0093902,0.0187703,0.0188442,0.0102947,0.0178055,
468,1e-07,0.0006245,0.0002605,0.0010709,0.0006522,0.0006477,0.0008427,0.0012168,0.0008545,0.0087537,0.011343,0.0228304,0.0081053,0.0334102,
469,1e-07,0.0006838,0.0010039,0.0004216,0.0006515,0.0009246,0.0009377,0.0019544,0.0030374,0.0100366,0.0130866,0.0200842,0.0238958,0.0352125,
470,0.0,0.0007477,0.0014433,0.0010757,0.0006519,0.0016116,0.0009315,0.0012219,0.0036518,0.0123563,0.0152215,0.0103864,0.0255924,0.0095184,
471,0.0,0.0015146,0.0012727,0.0013334,0.0019341,0.0010125,0.0009385,0.002571,0.0043989,0.0155839,0.0262202,0.0413088,0.0456502,0.0478156,
472,0.0,0.0007496,0.0007412,0.0007568,0.0010084,0.0016209,0.000869,0.0016692,0.0050992,0.016018,0.0289527,0.0350858,0.0428066,0.0241969,
473,1e-07,0.0006298,0.0002632,0.000877,0.0004419,0.0009109,0.0007355,0.0023497,0.0070015,0.029017,0.023916,0.0372592,0.0320065,0.0445592,
474,1e-07,0.0015831,0.001262,0.0014747,0.0004425,0.0014929,0.0015277,0.001665,0.0472546,0.0307083,0.0534655,0.0283337,0.0347296,0.0416579,
475,1e-07,0.0006306,0.0012593,0.0004079,0.0008826,0.0009438,0.0014961,0.0010601,0.0322781,0.0366829,0.037561,0.0422604,0.0321163,0.0339237,
476,1e-07,0.0006794,0.0002683,0.0007635,0.001271,0.0010153,0.0008363,0.0010565,0.0117117,0.0290145,0.0507993,0.0675034,0.0300019,0.0689278,
477,1e-07,0.0007471,0.0002672,0.0004134,0.0010099,0.0010779,0.0006347,0.001976,0.004574,0.0163466,0.0282785,0.0580617,0.038239,0.0283953,
478,0.0,0.0016428,0.0012244,0.0008696,0.0006582,0.0010156,0.001881,0.0017856,0.0047608,0.0100995,0.0222541,0.0144715,0.0289874,0.0254203,
479,0.0,0.0006289,0.0007424,0.0008722,0.0004374,0.000868,0.0009361,0.0012234,0.0071333,0.008144,0.0224266,0.0161353,0.0258978,0.0096834,
480,0.0,0.0007452,0.0010054,0.0013339,0.0012672,0.0010151,0.0007505,0.0012189,0.0069342,0.0044045,0.0177297,0.0218947,0.0430958,0.0383614,
481,1e-07,0.0006289,0.0002576,0.0011677,0.0011231,0.0008436,0.0007522,0.0019521,0.0060455,0.0086995,0.011797,0.0229078,0.0113189,0.0378116,
482,1e-07,0.0006867,0.00101,0.0012612,0.0011262,0.0008565,0.0010712,0.0019259,0.0043742,0.0252275,0.0220476,0.0239196,0.0207765,0.0403701,
483,1e-07,0.0013155,0.0010095,0.0004249,0.0004363,0.0007636,0.0015194,0.0014251,0.0095446,0.0234156,0.0525268,0.0251091,0.0355561,0.036878,
484,1e-07,0.0007411,0.0007494,0.0004223,0.0006568,0.002201,0.0006739,0.0020101,0.008087,0.0281512,0.0621851,0.0329109,0.0067867,0.0293823,
485,1e-07,0.0006287,0.0010552,0.0011712,0.0006565,0.0016016,0.0018329,0.0018822,0.0074313,0.0228831,0.0358766,0.0325037,0.0237585,0.0216099,
486,1e-07,0.0012311,0.0010091,0.001601,0.0010073,0.0015596,0.0018473,0.0032128,0.0109699,0.0166452,0.0386181,0.0258151,0.0189434,0.0163468,
487,0.0,0.0007877,0.00162,0.0007537,0.0012714,0.0006481,0.0010803,0.0020438,0.0171156,0.0161666,0.0236727,0.0193664,0.0249149,0.0244706,
488,0.0,0.0017916,0.0012681,0.0014057,0.0012673,0.001021,0.0010824,0.0029683,0.0093095,0.0151766,0.0385161,0.0332115,0.039164,0.0230454,
489,0.0,0.0006355,0.001269,0.0007604,0.0017448,0.0018357,0.0009174,0.0025056,0.0093839,0.0179664,0.0417911,0.064605,0.0226415,0.0328927,
490,1e-07,0.0011632,0.0010062,0.0015358,0.0006713,0.0017535,0.0006507,0.0011825,0.0163175,0.0271625,0.0286115,0.0388474,0.0354314,0.0880764,
491,0.0,0.000634,0.001059,0.0017238,0.0006663,0.0009221,0.0010418,0.0036609,0.0140146,0.029983,0.0099716,0.0279695,0.0467295,0.0756153,
492,0.0,0.0007499,0.0002531,0.0004095,0.0011167,0.0016027,0.0009148,0.0025106,0.0156571,0.0137846,0.0147006,0.0255487,0.048406,0.062876,
493,0.0,0.0012282,0.000253,0.0010814,0.0014054,0.0021969,0.0007284,0.0022769,0.0101245,0.0105409,0.0424588,0.0285853,0.0250512,0.0653484,
494,1e-07,0.0006308,0.0012339,0.0013333,0.0010026,0.0008369,0.0008822,0.002713,0.0203495,0.0060527,0.070798,0.0398948,0.0164371,0.0400616,
495,1e-07,0.0007555,0.0009954,0.0015968,0.0023346,0.0009139,0.0015549,0.0008659,0.0179973,0.0240628,0.0486752,0.0529126,0.0264551,0.0555746,
496,1e-07,0.0015328,0.0012216,0.0014677,0.0016326,0.0015406,0.0008795,0.000811,0.0131556,0.0127764,0.0567333,0.0517671,0.0371955,0.0397248,
497,1e-07,0.0006335,0.0009971,0.0004038,0.0004501,0.0014525,0.0015152,0.0066861,0.006916,0.0428309,0.0877472,0.0597972,0.0463315,0.0747703,
498,1e-07,0.0007528,0.0007465,0.0014024,0.0010023,0.0007485,0.0011078,0.0049365,0.0261569,0.0239014,0.0088969,0.0285476,0.0308553,0.058364,
499,1e-07,0.000676,0.0012712,0.0012483,0.0010037,0.0008771,0.0018966,0.005646,0.0224704,0.0535603,0.0191093,0.0241925,0.0696263,0.0761606,
500,1e-07,0.0007483,0.0015996,0.0011672,0.00067,0.001577,0.0009313,0.0032484,0.0075731,0.04773,0.0279335,0.0226658,0.0479157,0.0433682,
501,1e-07,0.0015188,0.0002625,0.0013162,0.0010043,0.0008746,0.0011037,0.0066469,0.0179095,0.0264873,0.0261983,0.038848,0.0384373,0.0448391,
502,2e-07,0.0007461,0.0007377,0.0011646,0.0012788,0.0015736,0.001753,0.0012864,0.0097286,0.037816,0.0525328,0.1037617,0.0698079,0.0479865,
503,1e-07,0.0007827,0.0015925,0.0004033,0.0011388,0.0015719,0.0031973,0.0056875,0.0237303,0.0436881,0.0309507,0.0590495,0.0276801,0.025112,
504,2e-07,0.001525,0.0014047,0.0007769,0.0013706,0.0009316,0.0017838,0.004176,0.0171143,0.031626,0.0327413,0.0827676,0.0459259,0.014274,
505,2e-07,0.0016363,0.0007307,0.000406,0.0004141,0.0006594,0.0010976,0.0055191,0.0156133,0.0077645,0.0247305,0.0657424,0.0532327,0.0202091,
506,1e-07,0.0015955,0.0007302,0.0004087,0.0010128,0.0006557,0.001508,0.0061173,0.0045871,0.0217097,0.0306205,0.0191142,0.0661824,0.0189683,
507,1e-07,0.0007347,0.0007277,0.0011501,0.000685,0.0015623,0.0018327,0.0034837,0.017136,0.0162395,0.0263076,0.0260838,0.052909,0.0225242,
508,1e-07,0.0007823,0.0002748,0.0011484,0.0010157,0.000652,0.0017337,0.0005848,0.0100379,0.0228058,0.00579,0.0243949,0.0226519,0.0154255,
509,1e-07,0.001306,0.0014076,0.0007777,0.0006776,0.0017529,0.0007808,0.0012772,0.0063919,0.0101742,0.0304006,0.0023431,0.0234597,0.0186351,
510,1e-07,0.0007846,0.0014073,0.0008731,0.001154,0.0007377,0.0009342,0.0017429,0.0055498,0.0124637,0.0378537,0.011596,0.0266965,0.0210727,
511,1e-07,0.0006337,0.0002798,0.0011436,0.0006831,0.0014534,0.0009588,0.0008665,0.0064393,0.011643,0.0363083,0.0333698,0.038875,0.0347537,
512,1e-07,0.000631,0.0010083,0.0015105,0.0006784,0.0021804,0.0010812,0.001937,0.0061482,0.0171317,0.0184036,0.0294356,0.0297808,0.026006,
513,1e-07,0.0015194,0.000281,0.0007808,0.0004049,0.0006546,0.0017907,0.0026512,0.007349,0.0030493,0.0213563,0.0151744,0.0285072,0.0062648,
514,1e-07,0.0007304,0.0002836,0.0008422,0.0010437,0.0017551,0.0010891,0.0027313,0.0060412,0.0042376,0.015382,0.0164824,0.0464611,0.0193105,
515,1e-07,0.0007278,0.0007192,0.0016889,0.0003969,0.0008655,0.001082,0.0055026,0.0110206,0.0121147,0.0213155,0.0187611,0.0402348,0.0473851,
516,1e-07,0.000627,0.0010227,0.0010676,0.0006736,0.0010267,0.001083,0.0051734,0.0135103,0.0206605,0.0173852,0.049172,0.0245908,0.0153233,
517,1e-07,0.0006967,0.0014764,0.0008734,0.001933,0.0016234,0.0017633,0.0111335,0.0196103,0.0200432,0.0181608,0.0622389,0.0281949,0.0127986,
518,1e-07,0.0006283,0.0014328,0.0013172,0.0011653,0.000867,0.0021673,0.0089879,0.0229005,0.0086116,0.0172735,0.0141302,0.0606824,0.0910464,
519,1e-07,0.0007005,0.0012543,0.0007859,0.0011641,0.0026093,0.003746,0.0124023,0.0173428,0.0385444,0.026853,0.0360762,0.0578716,0.0894595,
520,1e-07,0.0012142,0.00029,0.0019475,0.0020605,0.0037563,0.0049313,0.012638,0.0065991,0.0171577,0.0357648,0.0573485,0.0952006,0.0910981,
521,1e-07,0.0012427,0.0019898,0.0029008,0.0039506,0.0050582,0.0062953,0.0098832,0.0251227,0.0410892,0.0682554,0.0870851,0.1181394,0.1144375,
522,2e-07,0.0007896,0.0002916,0.0013157,0.001486,0.0017887,0.0051123,0.0031284,0.0157008,0.0211868,0.0238672,0.0330669,0.0408699,0.054856,
523,2e-07,0.0006299,0.0010573,0.0004196,0.0019703,0.0017457,0.0048537,0.0050909,0.0217875,0.0145708,0.0355866,0.0105348,0.0407321,0.0629392,
524,2e-07,0.0006972,0.0010707,0.0011048,0.0019339,0.0016261,0.0036907,0.0055366,0.0153578,0.0286784,0.0502208,0.0238153,0.0501195,0.0632109,
525,2e-07,0.0007299,0.0012528,0.0007956,0.0003923,0.0009281,0.0028966,0.0062702,0.0048267,0.0279795,0.0278363,0.034407,0.0251786,0.0502237,
526,2e-07,0.0006969,0.0014112,0.0012825,0.000882,0.0015295,0.0010943,0.0065211,0.0090834,0.0106915,0.0127988,0.0185322,0.0237702,0.0502425,
527,2e-07,0.0007787,0.0019366,0.0007988,0.0010212,0.000724,0.0008039,0.0077055,0.0061443,0.0137864,0.0015477,0.0344625,0.0104403,0.0331458,
528,2e-07,0.000697,0.0007104,0.0010805,0.0014189,0.000874,0.0017606,0.0059326,0.0249904,0.0344679,0.0139641,0.0376433,0.0325895,0.0423162,
529,2e-07,0.0007257,0.0010334,0.0008707,0.0003801,0.0006586,0.0007932,0.0070106,0.0136789,0.0180857,0.040487,0.0191534,0.0431551,0.0543618,
530,2e-07,0.0007742,0.0012593,0.0012987,0.0007047,0.0009177,0.001754,0.0035345,0.0119286,0.0079546,0.0294335,0.0200454,0.0213081,0.0853042,
531,2e-07,0.000772,0.0007205,0.0014924,0.0012777,0.0006582,0.0010876,0.0023913,0.0200622,0.0111107,0.047108,0.0768581,0.0955344,0.0840072,
532,2e-07,0.000694,0.001003,0.0004001,0.0011742,0.0020777,0.0008465,0.0059731,0.0056745,0.0227321,0.0386068,0.0746128,0.0570233,0.0493036,
533,2e-07,0.0007302,0.0010299,0.0019787,0.0007025,0.0020779,0.0010833,0.0029964,0.0116603,0.009185,0.0462079,0.0419226,0.0641475,0.0367691,
534,2e-07,0.0007312,0.0007271,0.0007927,0.0007069,0.0008685,0.0026499,0.0057205,0.0157603,0.0206617,0.0580915,0.0382606,0.0756383,0.0487089,
535,2e-07,0.0007318,0.0007252,0.0011124,0.0010117,0.0015349,0.0018308,0.0048797,0.0090754,0.0100578,0.0557716,0.0715328,0.0767162,0.027365,
536,2e-07,0.0006899,0.0002781,0.0003984,0.0012708,0.0009196,0.0018672,0.0019771,0.0082248,0.0130927,0.0498137,0.0498369,0.0398566,0.0161912,
537,2e-07,0.0006881,0.0012098,0.0011526,0.0013515,0.0008722,0.0008494,0.0014317,0.0174065,0.0250714,0.0449704,0.0332429,0.0313703,0.0296534,
538,2e-07,0.0007358,0.000728,0.0015108,0.000858,0.0006624,0.0018331,0.0035408,0.0156941,0.0318428,0.0682773,0.0508851,0.0522503,0.0271129,
539,2e-07,0.0007732,0.0012485,0.0008499,0.0008619,0.0021865,0.0011031,0.0037316,0.017662,0.039044,0.025823,0.0754386,0.0524879,0.0221239,
540,2e-07,0.0006431,0.0012727,0.0007882,0.0010097,0.0009233,0.0017397,0.0033216,0.0088896,0.0499358,0.0492311,0.066354,0.0305398,0.0570524,
541,2e-07,0.0006833,0.0002725,0.0007861,0.0010075,0.0008766,0.0006369,0.0033261,0.0227695,0.0212026,0.0241431,0.0692992,0.0247167,0.0367206,
542,2e-07,0.0012502,0.0007287,0.0003936,0.0010074,0.0009232,0.0011092,0.0032058,0.0136508,0.0141005,0.0295901,0.0487848,0.0238312,0.0572446,
543,2e-07,0.0007778,0.0007275,0.0003979,0.0006915,0.0017622,0.0011082,0.0089142,0.0255399,0.0044739,0.0831524,0.0661635,0.0324718,0.0137405,
544,2e-07,0.0007781,0.000273,0.0008566,0.0014869,0.0009281,0.0010326,0.0035157,0.0234283,0.0181811,0.0761642,0.0987085,0.0650972,0.0213653,
545,2e-07,0.0006863,0.0002735,0.0008547,0.0004093,0.0008735,0.0010985,0.0010652,0.0183554,0.0119936,0.0644708,0.059817,0.0330554,0.0303665,
546,2e-07,0.0006869,0.0007324,0.0015209,0.0008687,0.0008703,0.0009404,0.0010305,0.0121321,0.0193543,0.0403021,0.0227606,0.0369211,0.0402866,
547,2e-07,0.000688,0.0007309,0.0008725,0.0008658,0.0010403,0.0009369,0.0025619,0.0114484,0.0285972,0.0322224,0.0411909,0.045986,0.0376095,
548,2e-07,0.0012237,0.0015633,0.0008724,0.001161,0.0015543,0.0018627,0.0024924,0.0067048,0.011769,0.0204804,0.0525638,0.0238158,0.0377165,
549,2e-07,0.0015359,0.0012665,0.0004032,0.00104,0.0009214,0.001859,0.0031587,0.0147341,0.0322434,0.0640158,0.0749616,0.0672276,0.0636734,
550,1e-07,0.0007747,0.0012664,0.0008487,0.000698,0.0010942,0.0006636,0.0031012,0.0269494,0.0397196,0.0663503,0.0733629,0.0796392,0.0610277,
551,1e-07,0.001297,0.0010009,0.0013123,0.0010152,0.0016172,0.0018514,0.0010023,0.0122948,0.0476215,0.0300719,0.0935711,0.112323,0.0822652,
552,1e-07,0.0007773,0.0012319,0.0014836,0.0006905,0.0017479,0.0007755,0.0014001,0.0086093,0.0375329,0.0399614,0.0354386,0.0562421,0.081225,
553,1e-07,0.0007788,0.0007288,0.0008729,0.0018444,0.0008603,0.0010725,0.0018074,0.0118638,0.0334531,0.036352,0.0447147,0.073318,0.0914536,
554,1e-07,0.0015379,0.0015729,0.0008483,0.0010185,0.000856,0.000829,0.0020113,0.0247301,0.0351025,0.0326815,0.0521454,0.0454958,0.0518998,
555,1e-07,0.0006966,0.0012093,0.000778,0.0013585,0.0010951,0.0017117,0.0028408,0.0237683,0.0408901,0.0231982,0.0496263,0.0593013,0.0665642,
556,1e-07,0.0007269,0.0007247,0.0007813,0.0020374,0.00093,0.0009737,0.0021623,0.0235968,0.0371551,0.0225976,0.0552641,0.0348446,0.0825247,
557,1e-07,0.000634,0.0010309,0.0013183,0.0006857,0.0014857,0.0015504,0.0060382,0.0359744,0.0505305,0.0412648,0.0527237,0.0354514,0.0531037,
558,1e-07,0.0015381,0.0010301,0.0004239,0.0012525,0.0007429,0.0019951,0.0064954,0.0414875,0.0506356,0.0396844,0.0716044,0.0700234,0.0787427,
559,1e-07,0.0007245,0.0007214,0.0013211,0.0003942,0.0014913,0.0015519,0.0117896,0.0237433,0.0166493,0.0507395,0.0487532,0.021952,0.0489254,
560,1e-07,0.0007833,0.0002836,0.0008391,0.0014861,0.0008668,0.0022054,0.0117038,0.0169868,0.0108354,0.0284741,0.0376692,0.0434794,0.0468918,
561,1e-07,0.0011512,0.0007178,0.0014275,0.0017857,0.0033525,0.0044418,0.0191477,0.0279518,0.0412147,0.0231678,0.0842113,0.0925273,0.0681005,
562,1e-07,0.0007032,0.0012018,0.0018885,0.0047669,0.005721,0.0066207,0.0172036,0.0347174,0.0086165,0.0425558,0.044358,0.0598252,0.0551623,
563,1e-07,0.0007866,0.0014265,0.0011305,0.0030308,0.0034297,0.0036978,0.0105626,0.0273304,0.053501,0.0466843,0.0226012,0.0352162,0.0866361,
564,1e-07,0.0007845,0.0016346,0.0010684,0.0020851,0.0041437,0.0017773,0.0136235,0.0142026,0.049502,0.0394291,0.0235568,0.0500232,0.0889694,
565,2e-07,0.0007228,0.0010326,0.0004184,0.0003849,0.0016216,0.0018375,0.0087961,0.0171928,0.0406022,0.0210674,0.0205664,0.0551015,0.0481324,
566,2e-07,0.0007231,0.0002846,0.000792,0.000694,0.0006492,0.0010727,0.0079423,0.0257602,0.0270998,0.0250226,0.0169499,0.0572094,0.0235492,
567,1e-07,0.0007798,0.0015708,0.0018305,0.001289,0.0006505,0.0009406,0.0044367,0.0183033,0.0272818,0.0391731,0.0544538,0.0413722,0.0346923,
568,2e-07,0.0011869,0.0012263,0.0008722,0.0008741,0.001525,0.0009533,0.0059782,0.0215857,0.0328642,0.0305407,0.0592298,0.0405347,0.0418246,
569,2e-07,0.0016383,0.0012588,0.0010788,0.0011733,0.0008667,0.0018624,0.005875,0.0220932,0.0263331,0.0346954,0.0341936,0.0331716,0.0440969,
570,2e-07,0.0007803,0.0014733,0.0008402,0.0019288,0.0008669,0.0015393,0.0028063,0.0048543,0.0336063,0.0369622,0.0353504,0.0206931,0.0523708,
571,2e-07,0.0012209,0.0007211,0.0007908,0.0011669,0.0010869,0.0008257,0.001291,0.005395,0.0287056,0.027955,0.021077,0.0345316,0.0386358,
572,2e-07,0.0007766,0.0010287,0.001083,0.001266,0.0006584,0.0009646,0.0017937,0.0024262,0.026045,0.0350158,0.0455882,0.0447387,0.0528064,
573,2e-07,0.0007794,0.0012563,0.0011389,0.0003919,0.0015297,0.0018559,0.0015234,0.0081497,0.0207712,0.0395267,0.0451442,0.0229761,0.0453838,
574,2e-07,0.0007803,0.0016164,0.001082,0.0008761,0.000728,0.0016756,0.0022751,0.0060004,0.0170319,0.0257894,0.0428158,0.035944,0.0591671,
575,2e-07,0.0007324,0.0007199,0.000871,0.0011659,0.0008753,0.0007731,0.0026125,0.0114366,0.0145747,0.041258,0.0398943,0.0682885,0.0726946,
576,2e-07,0.0007783,0.0012555,0.0007967,0.0008725,0.0015362,0.0009295,0.0018883,0.0146985,0.018086,0.0407786,0.0425492,0.0288414,0.0581021,
577,2e-07,0.0006371,0.0012554,0.0013292,0.0012817,0.0015705,0.0009289,0.0012253,0.0028044,0.0224567,0.0377663,0.055347,0.0389442,0.1106732,
578,2e-07,0.0012507,0.0002827,0.0008444,0.0006932,0.0014619,0.0015799,0.0027553,0.010329,0.0222672,0.0434938,0.0259129,0.0400023,0.0626211,
579,2e-07,0.001804,0.0014754,0.0003995,0.0016613,0.0014869,0.0018479,0.0104287,0.0177769,0.0193005,0.028224,0.0237309,0.0267684,0.0414091,
580,2e-07,0.0006883,0.001068,0.0008397,0.0010153,0.0007224,0.0045433,0.0084991,0.0144063,0.0268747,0.0319379,0.0190321,0.0499333,0.0589072,
581,2e-07,0.0012037,0.0002863,0.0010838,0.0008764,0.0010747,0.0011132,0.0104743,0.0277138,0.0103856,0.0479766,0.0277371,0.0623742,0.0642576,
582,2e-07,0.0006901,0.0007143,0.0008398,0.0011584,0.000931,0.0014653,0.0078519,0.024291,0.0384671,0.0693943,0.0358493,0.0126636,0.0806667,
583,2e-07,0.0012797,0.0002904,0.0019718,0.0011342,0.0008871,0.0010084,0.005327,0.0271643,0.0647542,0.0612966,0.0590554,0.0589829,0.1022833,
584,2e-07,0.0006898,0.001648,0.0007934,0.0018459,0.0009344,0.0007891,0.0056075,0.0275872,0.0561204,0.0497564,0.0367635,0.0423573,0.0709393,
585,2e-07,0.0007342,0.0010182,0.0008722,0.0003998,0.0014535,0.0007965,0.0081429,0.0375904,0.0328739,0.0357485,0.0247491,0.0492057,0.0609143,
586,2e-07,0.0007901,0.0016149,0.0019484,0.0014034,0.0018403,0.0011092,0.0047672,0.0221514,0.0353753,0.0456351,0.0224104,0.0506601,0.0322957,
587,2e-07,0.0013096,0.0007145,0.0015224,0.0010432,0.0018394,0.0018282,0.0061842,0.0168209,0.0173054,0.021786,0.0149148,0.0180345,0.0321808,
588,1e-07,0.000695,0.0014778,0.0004229,0.0010427,0.001837,0.0017633,0.0082933,0.0190199,0.0325579,0.0253695,0.0197841,0.0317319,0.0514357,
589,2e-07,0.0015269,0.0014791,0.0004226,0.0006663,0.0010216,0.0007838,0.0038782,0.015305,0.0294302,0.0254795,0.0140788,0.0376686,0.0409154,
590,2e-07,0.0006264,0.001285,0.0010724,0.0006692,0.0009391,0.0026624,0.0038559,0.0088975,0.0183198,0.0192116,0.0354709,0.0548592,0.0291772,
591,2e-07,0.0006895,0.0010151,0.0010759,0.0012879,0.0017183,0.0007942,0.0023427,0.0099436,0.0051575,0.0306299,0.0394455,0.0495346,0.0127604,
592,2e-07,0.000688,0.0007197,0.0011437,0.0004103,0.0009358,0.000988,0.0012337,0.0040578,0.0113387,0.0536242,0.0296371,0.0646694,0.0184242,
593,2e-07,0.0007869,0.0002814,0.001324,0.0006774,0.0008763,0.0017513,0.001524,0.0110638,0.0178396,0.0219776,0.0300862,0.0422515,0.0219347,
594,1e-07,0.00069,0.0014384,0.0013227,0.0015548,0.0006594,0.0017514,0.0025889,0.0058356,0.0149349,0.013703,0.0232849,0.0344135,0.0355461,
595,1e-07,0.0006314,0.0007278,0.0004139,0.0006747,0.0007417,0.0009334,0.002807,0.0056141,0.0182383,0.0134005,0.0247094,0.0285348,0.0306382,
596,1e-07,0.00079,0.0007276,0.0004181,0.0010325,0.0010234,0.0008248,0.0041593,0.0076739,0.026151,0.0153319,0.013176,0.0388915,0.0607931,
597,1e-07,0.0015284,0.0015847,0.001071,0.0016612,0.0008649,0.0009586,0.0020508,0.0083002,0.0300719,0.0093883,0.0248033,0.016205,0.0625863,
598,1e-07,0.0006295,0.0007275,0.0011468,0.0011506,0.0016143,0.00094,0.0021658,0.0247841,0.0108906,0.0186407,0.0287439,0.0117679,0.0652156,
599,1e-07,0.0018068,0.0010072,0.0004226,0.0010212,0.0015101,0.0017119,0.0025077,0.0204399,0.0176066,0.0418751,0.0546227,0.0553437,0.0316568,
600,0.0,0.00079,0.0015609,0.0015339,0.001834,0.0017464,0.0009464,0.0029226,0.0184788,0.0210577,0.0324442,0.0203741,0.0540153,0.0682346,
601,0.0,0.0012542,0.0007268,0.0004265,0.0010388,0.0018337,0.0018497,0.0042405,0.0119371,0.0197981,0.0300842,0.0110176,0.0334189,0.0562439,
602,1e-07,0.0012411,0.00028,0.0010656,0.0006684,0.0007493,0.0008081,0.0023919,0.0244046,0.0166406,0.041808,0.0652079,0.0765949,0.0275844,
603,0.0,0.0007926,0.0007235,0.0014385,0.0011288,0.0010931,0.0016405,0.003723,0.0246514,0.0161493,0.0296717,0.0811619,0.0564106,0.0286761,
604,0.0,0.0006989,0.0010092,0.0014361,0.000409,0.000849,0.0015701,0.0078497,0.0194962,0.0335394,0.0502377,0.041874,0.0340057,0.0280082,
605,0.0,0.0006208,0.0012801,0.0007739,0.001027,0.001018,0.0017062,0.0167265,0.0131766,0.0422224,0.045792,0.0374131,0.0420562,0.066256,
606,0.0,0.0006225,0.000719,0.0027002,0.0024667,0.0024398,0.0034802,0.0214887,0.0208068,0.0272713,0.0310397,0.0111853,0.0651781,0.0355387,
607,0.0,0.0007953,0.0010249,0.001534,0.0032718,0.0035695,0.0022031,0.0244437,0.0173569,0.0404111,0.0314273,0.0713717,0.0492113,0.0256888,
608,0.0,0.0006191,0.0007199,0.0018909,0.0015993,0.0030018,0.0089459,0.0116869,0.0387139,0.0421276,0.062963,0.0407532,0.0465651,0.0173457,
609,1e-07,0.0007255,0.001723,0.0007686,0.0015487,0.0017874,0.0030895,0.006852,0.0401022,0.0334983,0.0184469,0.0360223,0.0603872,0.0471101,
610,1e-07,0.0007996,0.0014077,0.0004402,0.0004118,0.003431,0.0046184,0.0176494,0.0393438,0.0226912,0.0618171,0.0280543,0.0233052,0.0604026,
611,1e-07,0.0007276,0.0012619,0.0008531,0.0012406,0.0014464,0.0009497,0.0083435,0.0266623,0.0218459,0.0490695,0.0124075,0.0320912,0.0591182,
612,1e-07,0.0012006,0.0010187,0.0015351,0.0011365,0.0008448,0.0017692,0.0063373,0.02148,0.0454353,0.0282649,0.0270485,0.0544401,0.0561108,
