#Time_fs,0,50,100,150,200,250,300,500,750,1000,1250,1500,1750,2000,
1,2e-07,0.0002234,0.0001064,0.0014947,0.001927,0.0008861,0.0009089,0.0005824,0.0104066,0.0199998,0.0531929,0.0415788,0.0547194,0.082163,
2,2e-07,0.0002271,0.0001063,0.0001072,0.0002785,0.0008895,0.0015555,0.0012813,0.0052953,0.0335641,0.0512517,0.0216475,0.0390854,0.0612132,
3,1e-07,0.0012256,0.0015185,0.0001074,0.0012244,0.0002118,0.0007402,0.0021332,0.0032782,0.0261402,0.0334997,0.0156587,0.0141086,0.0601834,
4,1e-07,0.0002355,0.000104,0.0001068,0.0007728,0.0015575,0.0013072,0.0020287,0.0074615,0.035399,0.0347106,0.0279677,0.0124895,0.0452666,
5,1e-07,0.0007735,0.0001027,0.0001069,0.0013082,0.0008563,0.0007413,0.0028538,0.013403,0.0233714,0.0236979,0.0206245,0.0329659,0.0330343,
6,1e-07,0.0002378,0.0001015,0.000107,0.0013067,0.0012161,0.0014512,0.0018521,0.0105003,0.0102193,0.0288394,0.0332674,0.0386469,0.0406338,
7,1e-07,0.0007734,0.0009217,0.0001071,0.0002777,0.0009569,0.0014675,0.0021096,0.004118,0.0270095,0.0314165,0.0249909,0.023095,0.0298106,
8,1e-07,0.0002392,9.82e-05,0.0001078,0.0002762,0.0002149,0.0011879,0.0025496,0.0041372,0.02222,0.011531,0.0426878,0.0541896,0.0323341,
9,0.0,0.0002352,9.76e-05,0.0001075,0.0002749,0.0011651,0.0015572,0.0018581,0.0054532,0.0077011,0.0032039,0.0391433,0.0423372,0.0515898,
10,0.0,0.0002383,9.64e-05,0.0001072,0.0002749,0.001447,0.0013543,0.0013708,0.0141614,0.0299275,0.0110285,0.0318748,0.0423247,0.0321759,
11,0.0,0.0002348,9.54e-05,0.0001078,0.0011585,0.0016158,0.0017247,0.0040116,0.0140654,0.0242881,0.018792,0.0462295,0.0402566,0.0358877,
12,1e-07,0.000238,0.0014611,0.0001088,0.001376,0.0008544,0.0003572,0.0047997,0.0149644,0.0180587,0.0248237,0.0596851,0.0445322,0.0769271,
13,1e-07,0.0007693,9.39e-05,0.0001078,0.0002744,0.0002123,0.0007436,0.0043267,0.0157911,0.0252278,0.030272,0.0938947,0.0273218,0.0346619,
14,1e-07,0.0002401,9.42e-05,0.0001073,0.000782,0.0014956,0.0019228,0.0094501,0.0195336,0.0283961,0.0567583,0.0277098,0.025446,0.0356909,
15,1e-07,0.0002394,0.0017282,0.0001083,0.0017319,0.0015408,0.0074647,0.0054691,0.0293353,0.0327453,0.0533185,0.0548344,0.0837099,0.0245607,
16,1e-07,0.0002459,0.0010743,0.0009122,0.0002738,0.0012929,0.0017618,0.0062271,0.0067765,0.0153118,0.0421994,0.0459158,0.0187192,0.0202358,
17,1e-07,0.0002488,0.0010091,0.0009619,0.0010846,0.0002076,0.0053792,0.0155495,0.0098928,0.021783,0.021846,0.0314368,0.0321331,0.0201449,
18,1e-07,0.0002514,0.0009281,0.0013243,0.0044382,0.0040583,0.0067263,0.0092581,0.0162594,0.0298215,0.0360735,0.0552028,0.0350425,0.0285204,
19,2e-07,0.0013086,9.12e-05,0.0052073,0.0020135,0.0080143,0.0111587,0.0115694,0.0258017,0.0357069,0.0176461,0.0314553,0.0249177,0.0336927,
20,2e-07,0.0011928,0.0015024,0.0025021,0.0038732,0.0052334,0.0103428,0.0174569,0.0332399,0.0438692,0.0258889,0.0317311,0.0252645,0.0362152,
21,3e-07,0.0012572,0.0033422,0.0022836,0.002707,0.004434,0.0089457,0.0291287,0.0490106,0.0365571,0.0470881,0.0536891,0.0666164,0.0774943,
22,3e-07,0.0012527,0.0013849,0.0031017,0.0081797,0.0042528,0.0028297,0.012651,0.0384067,0.0370569,0.036055,0.0712665,0.0615827,0.0483741,
23,3e-07,0.0013079,0.0036056,0.0091026,0.0133099,0.0110447,0.0112535,0.054381,0.0435146,0.0438769,0.0714442,0.053332,0.0665963,0.0832017,
24,3e-07,0.0014918,0.0049121,0.0053001,0.0100167,0.0090821,0.027954,0.0508627,0.0732958,0.037588,0.0647355,0.0622746,0.0568779,0.0772998,
25,3e-07,0.0013051,0.0031869,0.0084987,0.0084576,0.0171324,0.0311049,0.0253198,0.0579601,0.0586606,0.0638429,0.0506578,0.0426322,0.0486175,
26,3e-07,0.0055328,0.009717,0.005984,0.0086883,0.0211972,0.0359816,0.051053,0.0334794,0.0711127,0.0226338,0.0309695,0.0542107,0.061884,
27,2e-07,0.0014013,0.0030196,0.0060379,0.0138621,0.0293897,0.0481294,0.0504007,0.0652048,0.0843581,0.0577094,0.0431873,0.0498037,0.0596426,
28,1e-07,0.000259,0.0010088,0.0024555,0.0047415,0.0062903,0.0135289,0.0271571,0.0392592,0.0311845,0.0253082,0.0252328,0.0244832,0.0403494,
29,2e-07,0.0007552,0.0013821,0.0024227,0.0015639,0.0064229,0.0124739,0.024783,0.0193271,0.0217328,0.0157639,0.0483641,0.0437367,0.0666875,
30,1e-07,0.0002552,9.1e-05,0.0014746,0.0009889,0.0015601,0.0019105,0.0091119,0.022635,0.0143003,0.0338321,0.0105617,0.0345627,0.0254445,
31,1e-07,0.0007599,0.000949,0.0001086,0.0012311,0.0010788,0.0003547,0.0074424,0.018463,0.0305321,0.0571895,0.0241848,0.0178371,0.0391224,
32,1e-07,0.0002517,0.0010725,0.0017795,0.0017808,0.0002207,0.0007453,0.0031438,0.0097187,0.0243009,0.034143,0.041962,0.0289829,0.0577693,
33,3e-07,0.0002506,8.74e-05,0.0010885,0.0002718,0.0002218,0.0013521,0.006403,0.0135047,0.0633302,0.069556,0.0440813,0.0365706,0.0838894,
34,2e-07,0.0007585,8.62e-05,0.0001107,0.0002719,0.0002201,0.0013522,0.0082389,0.013985,0.0336754,0.0277362,0.0196419,0.0450081,0.0815533,
35,2e-07,0.0007545,8.71e-05,0.0017804,0.0007893,0.0002212,0.0013713,0.0044184,0.0140319,0.0290369,0.0168791,0.0389201,0.0400178,0.0703129,
36,2e-07,0.000754,8.84e-05,0.0009579,0.0007865,0.0014095,0.002497,0.0067468,0.0070697,0.011365,0.0287751,0.0182603,0.0302172,0.0173088,
37,2e-07,0.0002633,0.0016591,0.0016912,0.0013714,0.0016869,0.0017356,0.0094717,0.0020483,0.0108571,0.0419467,0.0427625,0.0114181,0.0416323,
38,2e-07,0.0009659,9.04e-05,0.0014603,0.0039302,0.005385,0.0057061,0.0063449,0.0299562,0.0233158,0.0758817,0.037926,0.0400575,0.0366536,
39,2e-07,0.0002713,0.0013592,0.0022683,0.0039287,0.0039513,0.0024345,0.0210725,0.0551156,0.0727808,0.0367861,0.0230369,0.0395445,0.0257123,
40,2e-07,0.0002768,8.97e-05,0.0022084,0.0086579,0.0128563,0.0046732,0.0203035,0.0277292,0.0478059,0.0153785,0.0155815,0.0356173,0.0226839,
41,2e-07,0.0002779,0.0024054,0.0041567,0.0088034,0.0164434,0.0072618,0.0077772,0.030819,0.0548659,0.027577,0.0408282,0.0415106,0.0367188,
42,2e-07,0.0002735,0.0014729,0.0033586,0.0062512,0.010398,0.0127347,0.0080137,0.0270264,0.0260575,0.0148812,0.0595496,0.0507721,0.0219413,
43,3e-07,0.0002784,0.0013868,0.0014572,0.0052822,0.0063511,0.0045091,0.0200406,0.0091985,0.0320494,0.0350765,0.0710547,0.0818206,0.0589303,
44,3e-07,0.0007348,0.0021659,0.0069933,0.0136143,0.0091088,0.0170582,0.0330577,0.0363698,0.0141863,0.062598,0.1126211,0.090619,0.0365195,
45,3e-07,0.0020968,0.002286,0.0067158,0.0102046,0.0151241,0.0136354,0.0313583,0.0428552,0.0733975,0.1110386,0.0677634,0.0552773,0.0470154,
46,3e-07,0.0036396,0.0064974,0.0052635,0.0059159,0.0114193,0.0203479,0.0270204,0.0704759,0.0910732,0.1150039,0.0469028,0.083547,0.0485687,
47,3e-07,0.0016303,0.0049202,0.0036801,0.0052406,0.0113628,0.0058973,0.0216304,0.0649457,0.0556808,0.0698292,0.0542552,0.0382419,0.0268451,
48,5e-07,0.00029,0.003073,0.0039031,0.0037333,0.0090794,0.014232,0.0247898,0.0512844,0.0534311,0.0385096,0.0308107,0.0685899,0.0871531,
49,3e-07,0.0007278,0.0029177,0.0036677,0.0059121,0.0049444,0.0055937,0.0216113,0.0394797,0.0446491,0.0380062,0.0367634,0.1070954,0.1120417,
50,5e-07,0.001167,0.0023821,0.0045778,0.0032776,0.0031407,0.0042917,0.0229521,0.0104347,0.024765,0.0402759,0.0369942,0.0858366,0.1203303,
51,5e-07,0.0002971,9.1e-05,0.0014396,0.0012359,0.0008526,0.0021024,0.0136111,0.0126006,0.0543628,0.0410609,0.0779008,0.091263,0.1201334,
52,5e-07,0.0002925,9.02e-05,0.0020957,0.0021786,0.0047631,0.0056841,0.0205915,0.0273965,0.0608065,0.0228723,0.0590266,0.0358402,0.0558368,
53,5e-07,0.0002949,8.86e-05,0.0009078,0.0011406,0.0030423,0.0044349,0.0182859,0.0144684,0.0335053,0.0459412,0.0558784,0.0562308,0.0255445,
54,5e-07,0.0015541,8.72e-05,0.0014671,0.0008797,0.0050641,0.0102462,0.0073337,0.0321652,0.0523476,0.0561687,0.0588492,0.0136658,0.0241316,
55,5e-07,0.0007217,0.0009621,0.0001075,0.0014912,0.0022836,0.0057076,0.0091092,0.0151174,0.0693409,0.0436861,0.0545511,0.0381706,0.0404104,
56,5e-07,0.000296,8.47e-05,0.0009571,0.0012392,0.0016237,0.0024551,0.0102913,0.0208945,0.051866,0.0603362,0.0492725,0.030692,0.0615668,
57,5e-07,0.0002909,8.56e-05,0.0009609,0.0010774,0.0002211,0.0014354,0.0100637,0.0223709,0.0372093,0.049392,0.0353114,0.0318378,0.0549746,
58,5e-07,0.0007307,8.49e-05,0.0010927,0.0002796,0.0008489,0.0014777,0.0055688,0.009723,0.0332524,0.0594159,0.0582875,0.0175355,0.0489975,
59,5e-07,0.00165,8.31e-05,0.0001072,0.0021086,0.0012112,0.0011757,0.0056351,0.0099851,0.0502664,0.0648194,0.0675182,0.0471383,0.0618845,
60,5e-07,0.0002903,8.37e-05,0.0001066,0.0022677,0.0012176,0.0027445,0.00733,0.013274,0.0421991,0.0569578,0.0333694,0.0531042,0.0604529,
61,5e-07,0.0015045,8.45e-05,0.0015048,0.0025808,0.0020879,0.0023997,0.0130914,0.015788,0.0344285,0.0814095,0.1050727,0.1001525,0.0870826,
62,5e-07,0.0002791,0.0013881,0.0010449,0.0017776,0.0011657,0.0016213,0.008407,0.0172143,0.0891633,0.0751801,0.1059782,0.0917683,0.0977311,
63,2e-07,0.0002729,8.41e-05,0.0009112,0.0017785,0.0011649,0.0027255,0.0086198,0.0252061,0.0419482,0.0366508,0.0363353,0.0657824,0.0879889,
64,3e-07,0.0002718,8.42e-05,0.0017915,0.0015613,0.0011341,0.0029593,0.0071225,0.0167551,0.0477139,0.0627207,0.0301296,0.0830174,0.1020362,
65,3e-07,0.0002738,8.59e-05,0.0010941,0.0012321,0.0020797,0.0054982,0.0109843,0.0258487,0.0424737,0.0607619,0.0410003,0.0813513,0.0624277,
66,3e-07,0.0012546,8.67e-05,0.0015071,0.0012316,0.0019308,0.0034186,0.0090221,0.0503232,0.0226948,0.0463945,0.0446631,0.0130489,0.032007,
67,3e-07,0.0002627,0.0023134,0.0019674,0.0022767,0.0021532,0.003356,0.0091155,0.0426587,0.0267764,0.0405933,0.0412229,0.0281351,0.0498444,
68,2e-07,0.0002578,0.0022523,0.001744,0.0022753,0.0030221,0.0053968,0.0138386,0.0111069,0.0451733,0.0336311,0.0322667,0.0110198,0.0566903,
69,2e-07,0.0002514,0.0013699,0.002248,0.0002744,0.002327,0.0035236,0.0182184,0.0217185,0.0317929,0.0152464,0.0300909,0.0112744,0.0431191,
70,2e-07,0.0002462,0.0013817,0.001047,0.0024601,0.0023035,0.0056257,0.0093726,0.023325,0.0260582,0.0423586,0.0190029,0.0736052,0.0443676,
71,1e-07,0.0002422,0.0018101,0.0025099,0.0047097,0.005784,0.0107213,0.0119269,0.0281863,0.042566,0.0684993,0.0578511,0.0741762,0.0389317,
72,1e-07,0.000242,0.0013807,0.0020483,0.0036977,0.0064262,0.0108753,0.0365684,0.0637423,0.0366832,0.0388694,0.0381629,0.0310339,0.0352005,
73,2e-07,0.0002439,0.001503,0.0014293,0.002931,0.0038111,0.007801,0.0139699,0.0244856,0.0293707,0.0618333,0.0457264,0.0435063,0.0242931,
74,2e-07,0.0002499,0.0010556,0.0010927,0.0029967,0.0021681,0.0022844,0.0083763,0.0339969,0.0254638,0.0388768,0.0409516,0.0697173,0.0685566,
75,2e-07,0.0002529,0.0013287,0.0001087,0.0002726,0.0012782,0.0028836,0.0059274,0.0073067,0.017031,0.0342791,0.0542781,0.068184,0.0736338,
76,2e-07,0.0002577,8.54e-05,0.0010521,0.0018718,0.0012747,0.0025222,0.0068231,0.0170457,0.0270972,0.0402449,0.044398,0.032883,0.036341,
77,2e-07,0.0016528,8.52e-05,0.0001086,0.0013742,0.0002113,0.0021591,0.0095982,0.0110663,0.025936,0.0510525,0.0713765,0.0400823,0.0075114,
78,2e-07,0.0002658,8.34e-05,0.0010516,0.0016791,0.0008529,0.00207,0.0080185,0.0246222,0.0412509,0.0698056,0.0820399,0.0735894,0.0399773,
79,2e-07,0.0002704,8.4e-05,0.0001093,0.0016805,0.0043272,0.0022704,0.0135338,0.0250625,0.0389226,0.076545,0.0635357,0.0471189,0.085105,
80,2e-07,0.0002731,8.53e-05,0.0009569,0.0011492,0.0043389,0.0025457,0.0074929,0.0270579,0.0444089,0.0148884,0.0762367,0.0415259,0.0381427,
81,2e-07,0.000277,0.0014512,0.0010907,0.0007878,0.0026012,0.0026576,0.0092853,0.0198812,0.0221776,0.0285742,0.0480869,0.0439013,0.0452684,
82,2e-07,0.0002795,8.69e-05,0.001475,0.0007859,0.0002286,0.0022472,0.007559,0.0115504,0.0315776,0.0389918,0.0404812,0.0167542,0.0459146,
83,3e-07,0.0002788,8.8e-05,0.0013954,0.001298,0.0011819,0.0017733,0.0111063,0.0107674,0.02349,0.0419881,0.0514108,0.0585793,0.0400384,
84,5e-07,0.0002827,8.91e-05,0.0009488,0.0014957,0.0017214,0.0007486,0.0032735,0.0195312,0.0271027,0.0537888,0.0446512,0.0687792,0.0429108,
85,2e-07,0.0007363,0.0010489,0.0009532,0.001983,0.0014886,0.0013526,0.0042321,0.013249,0.0188776,0.0478193,0.0136662,0.0126177,0.0344419,
86,2e-07,0.0002744,0.0014533,0.0001075,0.001774,0.0017707,0.0037574,0.0025799,0.0091143,0.0360736,0.0263148,0.0157436,0.0280832,0.033135,
87,2e-07,0.0012227,8.82e-05,0.00136,0.001306,0.0023265,0.0025157,0.0078881,0.0125375,0.0346995,0.0071098,0.0249083,0.0549354,0.0319928,
88,2e-07,0.0002691,8.75e-05,0.0001085,0.0012978,0.0013887,0.0022225,0.0012791,0.0086535,0.0401811,0.0198538,0.0301794,0.0415363,0.049356,
89,2e-07,0.0002667,8.67e-05,0.0001084,0.0013099,0.0011449,0.0012037,0.0024357,0.0097043,0.0281074,0.0137856,0.042356,0.0333342,0.0298161,
90,2e-07,0.0012676,8.53e-05,0.0001095,0.000884,0.0013581,0.0027586,0.0019875,0.0033341,0.0080341,0.0361225,0.047773,0.0317772,0.0181306,
91,2e-07,0.0002585,8.54e-05,0.0009589,0.0008853,0.0010771,0.0008931,0.0042345,0.0027695,0.014751,0.0192889,0.0378452,0.0321646,0.0118669,
92,2e-07,0.0002548,8.45e-05,0.0009152,0.000983,0.0012083,0.0009261,0.0093959,0.0267594,0.0229918,0.0199284,0.0514648,0.0089335,0.0169954,
93,1e-07,0.0007639,8.58e-05,0.000111,0.0007914,0.001297,0.0013514,0.0101322,0.0333466,0.0494997,0.0401874,0.0719537,0.0481783,0.0834893,
94,1e-07,0.0002474,0.001407,0.0010549,0.0016748,0.0014151,0.0011827,0.011023,0.0221407,0.0370919,0.021933,0.0450005,0.0432503,0.0692302,
95,1e-07,0.0002439,8.86e-05,0.0010895,0.0016717,0.0016217,0.0022207,0.0049656,0.023357,0.0319831,0.0562985,0.0491155,0.0480994,0.0496285,
96,1e-07,0.0002374,8.91e-05,0.0010558,0.0007905,0.0011483,0.0013523,0.0012654,0.0322255,0.0501776,0.1089627,0.1038105,0.0700381,0.0514787,
97,1e-07,0.0002369,9.04e-05,0.0009153,0.0012292,0.0020554,0.0022597,0.0050766,0.0284417,0.0289683,0.0584179,0.0752683,0.0621532,0.0621231,
98,1e-07,0.0002426,9.01e-05,0.0001108,0.0011584,0.0009743,0.0012034,0.0049251,0.0181838,0.0416377,0.0620429,0.0659731,0.056415,0.0296459,
99,2e-07,0.0002416,9.13e-05,0.0014851,0.0007893,0.0009735,0.0009216,0.0034727,0.016741,0.0428953,0.027629,0.0762877,0.0594117,0.0291426,
100,2e-07,0.0002436,9.1e-05,0.000112,0.0002716,0.0002279,0.0003554,0.0012335,0.009837,0.0411616,0.0403373,0.0582339,0.0648827,0.0393204,
101,2e-07,0.0002495,9.11e-05,0.0001112,0.0007891,0.0008449,0.0021626,0.0013726,0.0157703,0.0192227,0.0701311,0.063058,0.0572425,0.0284915,
102,2e-07,0.0002546,9.14e-05,0.0001115,0.0012971,0.0008773,0.0024471,0.003204,0.0095591,0.0166913,0.086904,0.0592996,0.0427041,0.0204854,
103,3e-07,0.00026,9.15e-05,0.0013999,0.0013093,0.0008807,0.0016468,0.0024548,0.0220329,0.0275768,0.0530293,0.0314323,0.0562323,0.0232618,
104,3e-07,0.0007536,9.26e-05,0.000111,0.0007857,0.0002354,0.0003504,0.0069982,0.0072147,0.0240407,0.0276898,0.0207443,0.0206892,0.0279162,
105,3e-07,0.0007493,9.36e-05,0.0001108,0.0002796,0.0002369,0.0013537,0.0047219,0.0086987,0.0134446,0.0308776,0.0268927,0.022975,0.0344929,
106,3e-07,0.0002666,9.53e-05,0.0001108,0.0002804,0.001242,0.00035,0.00185,0.0099144,0.0233798,0.0205982,0.0320568,0.0258242,0.0233265,
107,3e-07,0.0002703,9.66e-05,0.0009396,0.000282,0.0011523,0.0003496,0.0024183,0.01821,0.0187424,0.0240999,0.0553699,0.0183926,0.0261527,
108,3e-07,0.0007486,9.83e-05,0.0001112,0.0002832,0.0002361,0.0003501,0.0026343,0.0101541,0.0139102,0.0325011,0.0338083,0.0496824,0.0429823,
109,2e-07,0.0007539,0.0013173,0.0001109,0.0002826,0.0011478,0.0011283,0.0019188,0.008654,0.0202341,0.050749,0.0570037,0.0481402,0.0588654,
110,2e-07,0.0002608,0.0013978,0.0009425,0.000779,0.0016327,0.0011284,0.0033115,0.0096886,0.011347,0.0383253,0.055391,0.0525763,0.0670403,
111,2e-07,0.0002553,0.0010015,0.0001092,0.0002802,0.0009469,0.0003535,0.0027094,0.0047962,0.0176473,0.0268899,0.0606779,0.0680126,0.0667194,
112,1e-07,0.000253,9.78e-05,0.0009491,0.0013043,0.0002227,0.001186,0.0020095,0.0064732,0.0218867,0.0309315,0.0660563,0.0724745,0.0520636,
113,1e-07,0.0002487,9.79e-05,0.0001073,0.0013755,0.001089,0.0017635,0.0030328,0.0109364,0.0202554,0.0247508,0.0265421,0.0479601,0.0439506,
114,1e-07,0.0002507,0.0009221,0.0001066,0.0018351,0.0012862,0.0011277,0.0034637,0.0161491,0.0161542,0.0152141,0.0194637,0.0321957,0.0462821,
115,1e-07,0.0002475,9.66e-05,0.0001062,0.0007777,0.0017992,0.0019221,0.0110007,0.0348134,0.0391465,0.0257473,0.038194,0.0360103,0.0241564,
116,1e-07,0.0012348,0.0017461,0.0001055,0.0024996,0.0017652,0.0003572,0.0111932,0.0388243,0.043939,0.0316552,0.0295686,0.0409156,0.0245455,
117,1e-07,0.0007619,0.0014014,0.0017836,0.0013033,0.0065348,0.0130715,0.0131145,0.0532798,0.0444772,0.0400236,0.0274449,0.0244118,0.0372397,
118,2e-07,0.0024097,0.0016543,0.0035461,0.0047473,0.0073295,0.0138586,0.0147607,0.0588738,0.032554,0.0278613,0.0329898,0.0487286,0.0231671,
119,2e-07,0.0025126,0.0077166,0.0157485,0.0162822,0.018538,0.02336,0.0457877,0.073616,0.0352139,0.0329004,0.0345359,0.0376889,0.0390543,
120,2e-07,0.0014015,0.0063671,0.0113927,0.0143124,0.0111366,0.0142136,0.0456886,0.0930257,0.0393114,0.0533776,0.0206573,0.0308912,0.0495412,
121,1e-07,0.0012732,0.0013659,0.0036769,0.0087517,0.0157595,0.0168074,0.0258114,0.0412078,0.0502606,0.0517499,0.0116384,0.0360888,0.0420035,
122,1e-07,0.0007672,9.6e-05,0.0024017,0.0032392,0.0057967,0.0079224,0.0205736,0.0447595,0.0298273,0.0267212,0.0309084,0.0387431,0.0570612,
123,1e-07,0.0015842,9.77e-05,0.0014601,0.0013667,0.0026415,0.0044428,0.003546,0.0255816,0.0292566,0.0123058,0.0376153,0.0282129,0.0471166,
124,1e-07,0.0002415,0.0014314,0.0001053,0.0015586,0.0016027,0.0013666,0.0075316,0.0201677,0.0410435,0.0262566,0.046439,0.0209643,0.0301581,
125,0.0,0.0007705,0.0010083,0.0001058,0.0007757,0.0008934,0.0007421,0.0046243,0.0230134,0.0263405,0.0047836,0.0460752,0.0535634,0.0290731,
126,1e-07,0.0007676,9.98e-05,0.0001061,0.0013682,0.0016853,0.0020707,0.0049158,0.0221184,0.040505,0.0224052,0.042748,0.0504514,0.0385027,
127,1e-07,0.0002484,9.99e-05,0.0001069,0.0008949,0.0011377,0.000356,0.0033083,0.0068293,0.022426,0.032887,0.0724829,0.0570088,0.059092,
128,1e-07,0.000255,9.95e-05,0.0001075,0.0007749,0.0014567,0.0013641,0.0052333,0.0104068,0.020298,0.0296911,0.0656329,0.0695323,0.0668323,
129,1e-07,0.0002595,9.92e-05,0.0009493,0.0007758,0.0012099,0.0017271,0.0049973,0.0099192,0.0285805,0.0268397,0.0502724,0.0705747,0.0566044,
130,3e-07,0.0007511,9.82e-05,0.0001092,0.0016766,0.000229,0.0007452,0.0036,0.0075206,0.0202676,0.0508786,0.0303759,0.0681832,0.0428772,
131,2e-07,0.0007479,9.95e-05,0.0017602,0.0007742,0.0014557,0.0007452,0.0054357,0.0050949,0.0203903,0.0292525,0.0225619,0.0721073,0.0600409,
132,3e-07,0.0002752,9.95e-05,0.0001111,0.0002859,0.0009278,0.0011302,0.0049298,0.0028395,0.0341839,0.0659598,0.0256426,0.0791987,0.1013756,
133,3e-07,0.0002788,0.0013575,0.0009475,0.0010754,0.0002339,0.0029548,0.005444,0.0215112,0.0394466,0.0402081,0.0579027,0.0702674,0.0819972,
134,3e-07,0.0002757,0.001359,0.0001096,0.0012343,0.0015795,0.0034692,0.0032443,0.0298897,0.0304603,0.0407299,0.056979,0.0651726,0.0305124,
135,2e-07,0.0002725,9.84e-05,0.000952,0.0010773,0.000898,0.0040354,0.0147825,0.0343035,0.0350393,0.0316306,0.0586369,0.0306174,0.0387569,
136,2e-07,0.0007498,0.0014562,0.0013906,0.0019407,0.0012772,0.0046917,0.0068861,0.025789,0.0226116,0.0322199,0.0684725,0.0273681,0.0543868,
137,1e-07,0.0012861,0.001355,0.000107,0.0011679,0.0014801,0.002302,0.011652,0.0352938,0.0390952,0.0398832,0.0547414,0.0346341,0.0187466,
138,1e-07,0.0002589,0.0010012,0.0020964,0.0047598,0.0072257,0.0062898,0.0097253,0.0379649,0.029471,0.0310232,0.0180231,0.028511,0.0386031,
139,1e-07,0.0013687,0.0023104,0.003267,0.0039926,0.0066816,0.014225,0.0197189,0.0391836,0.0148488,0.0363435,0.0496939,0.0375996,0.0425371,
140,1e-07,0.0012292,0.0013766,0.0042597,0.0068995,0.0086099,0.0110302,0.0257403,0.0407838,0.0152203,0.0600762,0.054993,0.0638652,0.0608833,
141,2e-07,0.0011959,0.0022865,0.0054067,0.0048374,0.0056137,0.0232529,0.0366687,0.0331087,0.0113127,0.0419302,0.0564187,0.024629,0.0886288,
142,2e-07,0.0031412,0.008906,0.0139255,0.0119281,0.015451,0.0170427,0.0676968,0.0342149,0.0282308,0.0291976,0.0496234,0.0588021,0.0532525,
143,2e-07,0.0022916,0.0021879,0.0072679,0.0224149,0.0244259,0.0192005,0.0293729,0.0405949,0.029471,0.0073756,0.063884,0.1027979,0.0700902,
144,2e-07,0.0016302,0.0066877,0.0116426,0.0150724,0.0195779,0.0140268,0.0066961,0.0099977,0.0402685,0.0160839,0.0678107,0.0638746,0.0538393,
145,2e-07,0.0022552,0.0102645,0.0141335,0.0113759,0.014872,0.0155734,0.0247819,0.0109754,0.0440407,0.0276896,0.0427682,0.0267557,0.0436624,
146,2e-07,0.0002625,0.0054148,0.0110357,0.0129217,0.0131158,0.0212291,0.0125592,0.0173145,0.0339637,0.0339408,0.0315033,0.0090948,0.0385823,
147,1e-07,0.0002571,0.0013581,0.0021736,0.0068604,0.0076127,0.0037473,0.0137701,0.0129636,0.0305244,0.0292568,0.0582732,0.015711,0.0325875,
148,1e-07,0.000256,9.46e-05,0.0009097,0.0016254,0.0038779,0.0063252,0.0101909,0.012059,0.0264544,0.012733,0.0623658,0.061046,0.033354,
149,1e-07,0.0007585,0.0013816,0.0001075,0.0025039,0.0014917,0.0021561,0.0136621,0.0066963,0.0079988,0.0223721,0.0430645,0.0476287,0.0141893,
150,1e-07,0.0002516,9.53e-05,0.0001084,0.0002772,0.0022021,0.0013037,0.0020014,0.0099885,0.0121784,0.0158811,0.0438268,0.0544822,0.0332045,
151,2e-07,0.0002493,9.58e-05,0.0001094,0.0007828,0.0009582,0.0014682,0.001401,0.0096286,0.0193376,0.0306357,0.0403139,0.0264782,0.038181,
152,1e-07,0.0002437,9.57e-05,0.00011,0.0002752,0.000964,0.0009192,0.0014009,0.0140141,0.0139846,0.0465079,0.0504253,0.0315668,0.029913,
153,1e-07,0.0002431,9.54e-05,0.0001114,0.0008892,0.0002301,0.0011866,0.0029109,0.031633,0.0186582,0.0361686,0.0421225,0.0579546,0.0603505,
154,1e-07,0.0002373,9.55e-05,0.0001118,0.0002725,0.0010759,0.0013549,0.0019949,0.0101256,0.0118499,0.0107219,0.0400252,0.0463649,0.0826176,
155,1e-07,0.0002373,9.39e-05,0.0001119,0.0012971,0.0011575,0.001113,0.0018686,0.010937,0.0122305,0.0147657,0.012835,0.0240344,0.0734889,
156,2e-07,0.0002438,9.33e-05,0.0001117,0.0002728,0.0014922,0.0014692,0.0013847,0.0097979,0.0081246,0.0396741,0.0173404,0.0096498,0.0355764,
157,2e-07,0.0002462,9.34e-05,0.0001102,0.0019685,0.0009655,0.0016488,0.0017491,0.0068811,0.0272704,0.0281861,0.0279141,0.0301265,0.0140845,
158,2e-07,0.0002522,9.34e-05,0.0016669,0.0002759,0.0002288,0.0011147,0.0014979,0.0083322,0.0254059,0.0219994,0.0175331,0.0304574,0.0233819,
159,1e-07,0.0002557,9.32e-05,0.0009488,0.0002766,0.0008467,0.0009013,0.0029254,0.0097625,0.0172477,0.0229975,0.0621695,0.0434214,0.039117,
160,3e-07,0.0012148,9.41e-05,0.0009468,0.001623,0.0023695,0.0018898,0.0032518,0.0118267,0.0116262,0.0163714,0.0660381,0.0184182,0.0776361,
161,3e-07,0.0002627,0.0009227,0.0013125,0.0027047,0.0033433,0.0064684,0.002579,0.002743,0.0143895,0.0364853,0.0622584,0.01959,0.0343406,
162,2e-07,0.0002636,0.0029905,0.0036358,0.0037499,0.0050014,0.0101496,0.0091303,0.0257897,0.0314944,0.0474948,0.0616719,0.024499,0.0716983,
163,2e-07,0.002499,0.0051325,0.0059509,0.0049728,0.0089649,0.0064831,0.0188914,0.0228394,0.0237866,0.0297759,0.0400607,0.0758667,0.0318929,
164,2e-07,0.002043,0.0041893,0.0063245,0.0082392,0.0123206,0.0138723,0.0270949,0.0180138,0.0555976,0.0331329,0.0392336,0.0515931,0.0091948,
165,2e-07,0.0016556,0.0036472,0.0065058,0.0073898,0.0144813,0.022173,0.0291179,0.0256577,0.0135527,0.0278211,0.0447675,0.0753425,0.0246,
166,2e-07,0.0032398,0.0062473,0.0105535,0.0143824,0.0193612,0.0155936,0.0129732,0.0054423,0.0657435,0.0197575,0.0372453,0.0260213,0.0411336,
167,2e-07,0.0016616,0.0032097,0.0074823,0.0092332,0.0168475,0.0187588,0.031593,0.0390334,0.0205023,0.0152382,0.0156008,0.0176528,0.0491666,
168,2e-07,0.0002801,0.0028925,0.0047073,0.0099533,0.0139337,0.0147505,0.0648904,0.0323702,0.0427379,0.0819611,0.0670511,0.0781938,0.0733385,
169,2e-07,0.0002761,0.0013834,0.0025091,0.0073648,0.0072693,0.0116088,0.0167452,0.007012,0.0246294,0.0780664,0.0613862,0.0224249,0.0342148,
170,2e-07,0.0010008,0.0013827,0.0029021,0.0064713,0.0087072,0.0159053,0.0282622,0.0254397,0.0247569,0.0648686,0.0542721,0.0643395,0.0512066,
171,2e-07,0.0002701,0.0025007,0.002201,0.0029732,0.0060359,0.0080562,0.0238818,0.0306461,0.0613069,0.0284273,0.0413183,0.01911,0.0478561,
172,2e-07,0.0007453,0.0024666,0.0022406,0.0030559,0.0079559,0.0108103,0.0350457,0.0431972,0.0354912,0.0422652,0.0661206,0.0441446,0.034179,
173,2e-07,0.0010747,0.0016547,0.0044193,0.0034783,0.0068141,0.0126,0.0141674,0.0423136,0.0150795,0.0243061,0.0767407,0.0361862,0.0339588,
174,2e-07,0.0002718,0.0013226,0.0010222,0.0026491,0.005884,0.010755,0.0053215,0.0100671,0.007512,0.016839,0.0245646,0.0617419,0.0775039,
175,2e-07,0.0016648,9.33e-05,0.0001081,0.0015004,0.0035522,0.0021843,0.0052012,0.0057511,0.0125138,0.023678,0.0463144,0.0240301,0.035353,
176,3e-07,0.0002686,9.27e-05,0.0001089,0.0020046,0.0022418,0.0009011,0.0030055,0.0053508,0.0334544,0.0459246,0.0244032,0.0170011,0.0314641,
177,3e-07,0.0002662,9.12e-05,0.0013331,0.0011482,0.0014071,0.0025636,0.0029836,0.0160591,0.0252436,0.0367739,0.0590084,0.0779814,0.0559228,
178,3e-07,0.0012119,0.0010768,0.0001096,0.0002786,0.0011516,0.0011985,0.0063145,0.0236945,0.0414227,0.1060004,0.1510654,0.1422147,0.0679759,
179,3e-07,0.0002751,9.04e-05,0.0009493,0.0015147,0.0013983,0.0013526,0.0051922,0.0113634,0.0288906,0.0948237,0.1207149,0.1053219,0.0702968,
180,3e-07,0.0002782,9.14e-05,0.0009119,0.0013841,0.001149,0.0013532,0.0070596,0.0106603,0.0236592,0.0347734,0.0613674,0.0470329,0.041794,
181,3e-07,0.0007381,0.0009213,0.000948,0.0012357,0.0011449,0.0003494,0.0047699,0.0023124,0.007898,0.0480386,0.099302,0.0481591,0.0335459,
182,3e-07,0.000277,0.0017175,0.0010193,0.0008831,0.0008436,0.0013535,0.0114482,0.0323797,0.0245151,0.0358813,0.0299659,0.0540563,0.0334213,
183,3e-07,0.0009716,9.54e-05,0.0014529,0.0015417,0.001401,0.0013536,0.0179273,0.025449,0.0404598,0.0429159,0.0394175,0.0719695,0.0391029,
184,3e-07,0.0016658,0.0009181,0.0014636,0.0010049,0.0030031,0.0033906,0.0085186,0.0321156,0.0452429,0.0987257,0.0807842,0.1449864,0.0667704,
185,2e-07,0.0007318,9.46e-05,0.0016538,0.0023262,0.0040599,0.0025176,0.0173102,0.0291613,0.004938,0.0391285,0.0528283,0.0281093,0.0754282,
186,5e-07,0.0002878,0.0020053,0.0029433,0.0045155,0.0031059,0.0013526,0.0131423,0.0326962,0.020425,0.0598829,0.0425925,0.0294967,0.0773263,
187,2e-07,0.0002846,0.0014515,0.0030592,0.0057931,0.0048981,0.0041529,0.0141973,0.0356564,0.0369289,0.0547095,0.0117399,0.035847,0.0042346,
188,2e-07,0.0015224,0.0047257,0.0054607,0.0060281,0.0075467,0.0131347,0.0148081,0.0197686,0.0328983,0.0626058,0.0325866,0.0295836,0.0114178,
189,2e-07,0.0015239,0.0040637,0.005005,0.0066724,0.0159246,0.0174776,0.0389346,0.0188322,0.0224983,0.0316324,0.0341547,0.0543832,0.0364498,
190,5e-07,0.0022897,0.0029976,0.0051121,0.003019,0.002407,0.0084321,0.0356381,0.0149857,0.0302787,0.0572234,0.0381606,0.0171857,0.0451924,
191,2e-07,0.0010748,0.0030276,0.0071441,0.0035613,0.0076879,0.0118971,0.0116459,0.020505,0.0236548,0.018517,0.0253276,0.0378089,0.0407548,
192,2e-07,0.0023408,0.0051734,0.0079412,0.011525,0.0200617,0.0436686,0.0747775,0.0741188,0.0622488,0.0453101,0.0312328,0.0357602,0.0849022,
193,2e-07,0.0012959,0.0024373,0.0021948,0.0021755,0.0066676,0.0095964,0.0565475,0.098904,0.078012,0.0791002,0.0471189,0.0534526,0.0762418,
194,2e-07,0.0007339,0.0014495,0.001761,0.0023091,0.0033118,0.0034898,0.0228114,0.0632427,0.1245629,0.0709693,0.0176139,0.0474181,0.0996691,
195,3e-07,0.0010911,9.98e-05,0.000949,0.0015212,0.0043165,0.0081783,0.0257089,0.0507486,0.0904828,0.1000185,0.0467689,0.0138948,0.1058755,
196,3e-07,0.0016524,0.0013523,0.0010104,0.0002897,0.0022902,0.0033088,0.0135238,0.0191883,0.0576787,0.0694153,0.0337132,0.0651784,0.0947415,
197,3e-07,0.0007427,0.0009134,0.0001106,0.0007699,0.0009221,0.0009177,0.004935,0.0111519,0.0192446,0.043763,0.0276862,0.0294488,0.0520347,
198,3e-07,0.0002735,0.001003,0.0009462,0.0002879,0.0016122,0.0019207,0.0057709,0.0093258,0.0333019,0.0359911,0.0138135,0.0325097,0.0434623,
199,2e-07,0.0002676,0.0001033,0.0009461,0.000287,0.0011801,0.0007443,0.0040847,0.0112375,0.021792,0.0321497,0.0324218,0.0433343,0.0284156,
200,2e-07,0.0002658,0.0001022,0.0001117,0.0007733,0.0008937,0.0013556,0.0030548,0.0112808,0.0150968,0.0393796,0.0254033,0.0226207,0.0317309,
201,2e-07,0.0007555,0.0001033,0.0001129,0.0002851,0.0008407,0.0011218,0.0011273,0.0099605,0.0117093,0.0411963,0.0330499,0.050233,0.025906,
202,3e-07,0.000262,0.0017184,0.0014686,0.0002833,0.0015815,0.0009098,0.0016813,0.0074252,0.0233605,0.0361687,0.0451685,0.0316516,0.0316239,
203,2e-07,0.0002576,0.0010079,0.0014393,0.0009972,0.0009406,0.0011874,0.0018234,0.0038124,0.0159931,0.0477333,0.0157267,0.0035932,0.0240174,
204,1e-07,0.0007629,0.0001044,0.0001113,0.0002839,0.0002302,0.0003534,0.0024931,0.0032134,0.0059745,0.020681,0.0213897,0.028235,0.0431269,
205,2e-07,0.0002559,0.0001044,0.0001125,0.0007738,0.0008889,0.0011214,0.0008596,0.0037561,0.0034231,0.026762,0.0348337,0.0324142,0.0464475,
206,2e-07,0.0002512,0.0010024,0.0013049,0.0002815,0.0008873,0.0011197,0.000862,0.0021858,0.0072906,0.022821,0.0432498,0.0265963,0.0363428,
207,1e-07,0.0002487,0.0009156,0.0001103,0.0002823,0.0008903,0.0003551,0.0012577,0.003597,0.0139806,0.0108917,0.0233285,0.0139144,0.0395407,
208,1e-07,0.0007714,0.0001063,0.0009092,0.0002828,0.0008903,0.0011198,0.0008563,0.0013113,0.013877,0.0163088,0.0479345,0.0237476,0.0469704,
209,2e-07,0.0002457,0.0001054,0.0001117,0.0002811,0.0002301,0.0017318,0.0014303,0.0041219,0.006308,0.0239099,0.0310835,0.0167582,0.062161,
210,1e-07,0.0002411,0.0001053,0.0001102,0.0002803,0.0008471,0.0014608,0.0014222,0.0075501,0.0067939,0.027294,0.0253117,0.0483007,0.0390354,
211,1e-07,0.0002407,0.0001071,0.000909,0.0002816,0.0009473,0.0007407,0.0014217,0.0055391,0.0054156,0.0238715,0.034058,0.045609,0.0301385,
212,2e-07,0.0007802,0.0001076,0.0001111,0.0002812,0.0010953,0.000912,0.0014126,0.0124098,0.0101337,0.0117473,0.0358132,0.0693492,0.0156504,
213,2e-07,0.0002349,0.0001067,0.0001105,0.0011527,0.0008848,0.0014578,0.0005812,0.0137268,0.011186,0.011381,0.0385991,0.0974859,0.0599034,
214,2e-07,0.0002324,0.0001076,0.0001092,0.0002799,0.0012113,0.0011171,0.0020408,0.0085159,0.012372,0.0146605,0.0513823,0.076943,0.053526,
215,2e-07,0.0002324,0.0001092,0.0001098,0.000281,0.0013662,0.0003587,0.0052054,0.0211098,0.021268,0.0209631,0.0835845,0.0912706,0.1019283,
216,1e-07,0.0002377,0.0001097,0.0009078,0.0002827,0.0002197,0.0011186,0.0019531,0.0102705,0.0170766,0.0224104,0.0215168,0.0650622,0.046396,
217,2e-07,0.000241,0.0001102,0.0009084,0.0002834,0.0016191,0.0003569,0.0044421,0.0042163,0.0282429,0.018322,0.0183627,0.0275186,0.017008,
218,2e-07,0.000243,0.0001117,0.0001123,0.0002852,0.0002235,0.0007398,0.0018316,0.0095828,0.0161767,0.0220768,0.0112873,0.0321187,0.0181525,
219,2e-07,0.0002491,0.0001106,0.0009072,0.000286,0.0008946,0.001358,0.0018713,0.0060066,0.0309425,0.0588719,0.0269593,0.0501397,0.0619502,
220,2e-07,0.0002501,0.00011,0.0001142,0.0008956,0.0011823,0.0007413,0.0012097,0.0087695,0.0092552,0.0178484,0.0412447,0.0385276,0.0598602,
221,2e-07,0.0002554,0.0001103,0.0001163,0.0002861,0.0008914,0.0007416,0.0022886,0.0062407,0.0125,0.0412863,0.0453847,0.0753818,0.0257657,
222,2e-07,0.0002561,0.0001111,0.0001181,0.0002862,0.0002423,0.0011252,0.0011827,0.0151948,0.016312,0.0474236,0.047099,0.0768601,0.0366688,
223,2e-07,0.0015356,0.0001101,0.0001194,0.0002872,0.0008346,0.0009168,0.0026319,0.0125865,0.0189736,0.0483692,0.0754608,0.0652059,0.030763,
224,2e-07,0.00181,0.0001084,0.0012955,0.0002863,0.0012246,0.0003502,0.0024436,0.0173159,0.0093596,0.0463246,0.0621822,0.0479211,0.0265907,
225,3e-07,0.0013389,0.0009099,0.0001192,0.0002874,0.0008888,0.0011241,0.0013482,0.0118936,0.004287,0.0407478,0.0549953,0.0481311,0.0690847,
226,3e-07,0.0002726,0.0001054,0.000913,0.0002865,0.0016498,0.0003487,0.0083284,0.0072788,0.0153671,0.0324475,0.0495722,0.0304721,0.0263245,
227,3e-07,0.0002739,0.0001041,0.000913,0.0015407,0.0016481,0.0013574,0.0051572,0.004382,0.0238231,0.0296061,0.0412803,0.0301932,0.0542504,
228,3e-07,0.0002805,0.0001044,0.0016302,0.000288,0.001256,0.001357,0.0018376,0.012559,0.0284826,0.0497994,0.0448785,0.0427949,0.0532864,
229,3e-07,0.0012912,0.0009092,0.000928,0.0002888,0.0008914,0.0009142,0.0030172,0.0074127,0.0261748,0.0123698,0.0517113,0.0596149,0.034116,
230,3e-07,0.0007514,0.0009102,0.0009323,0.000288,0.000248,0.0007447,0.0005719,0.0160758,0.0223663,0.0098531,0.0356097,0.0338831,0.0387717,
231,3e-07,0.0007462,0.0001043,0.0001179,0.0002886,0.0009221,0.0011855,0.0026354,0.013354,0.0485992,0.0280453,0.0390054,0.0300181,0.0347486,
232,3e-07,0.0002833,0.0001058,0.0001193,0.0015237,0.0002526,0.0011268,0.0064244,0.0196048,0.0456929,0.037204,0.0507676,0.0513939,0.0254929,
233,3e-07,0.0002797,0.0009089,0.0001175,0.000291,0.0002461,0.0011862,0.0047987,0.011082,0.0291265,0.0444458,0.0357526,0.0399056,0.0277326,
234,3e-07,0.0002772,0.000105,0.0001158,0.0002892,0.0014843,0.0014544,0.0017203,0.0087204,0.0284267,0.068023,0.0678816,0.0527372,0.0750528,
235,3e-07,0.0002819,0.0013889,0.0001158,0.0013605,0.0016535,0.0022018,0.0032275,0.0177412,0.0287199,0.0598824,0.0660275,0.0750458,0.0656478,
236,3e-07,0.0002812,0.0001065,0.0014531,0.0012336,0.0011341,0.0003488,0.0115224,0.0176706,0.0200388,0.0317044,0.0610411,0.0572071,0.0675168,
237,2e-07,0.000275,0.0001065,0.0001145,0.0007664,0.0017153,0.0013586,0.0087529,0.0217596,0.0260541,0.0305805,0.0453941,0.0372553,0.0576221,
238,3e-07,0.0007445,0.0001047,0.0013044,0.0002903,0.0012644,0.0020693,0.0088591,0.0057878,0.0323044,0.027634,0.0370436,0.031822,0.0216204,
239,2e-07,0.0007484,0.0001041,0.0001133,0.0002879,0.001122,0.0003498,0.0073013,0.0119626,0.0301304,0.0250315,0.0209113,0.0335341,0.0389441,
240,3e-07,0.0007479,0.0001024,0.0001137,0.000773,0.0002408,0.0017287,0.0021122,0.0131192,0.0292077,0.0440797,0.027928,0.025757,0.0090771,
241,3e-07,0.0002767,0.0001021,0.0001156,0.0002867,0.0014129,0.0021013,0.0024087,0.029085,0.018743,0.052037,0.046552,0.0495865,0.0368298,
242,3e-07,0.0002733,0.0001021,0.0009124,0.0002853,0.000932,0.0013592,0.0039389,0.0175435,0.0192103,0.0588752,0.0127895,0.0418788,0.0395217,
243,3e-07,0.0002744,0.0009148,0.0001178,0.0002849,0.0012615,0.0007458,0.0048112,0.0102387,0.0267269,0.0495823,0.0550814,0.0493041,0.0162843,
244,3e-07,0.0013215,0.0001007,0.0001189,0.000283,0.0008274,0.0016418,0.0035067,0.0135058,0.016813,0.0212585,0.0602926,0.0534086,0.043722,
245,3e-07,0.0002703,0.0013589,0.000118,0.0002817,0.0016192,0.0009102,0.0042782,0.0453159,0.0452661,0.0347429,0.0693757,0.0460551,0.0601485,
246,3e-07,0.0002682,9.97e-05,0.0009147,0.0007805,0.0011605,0.0016429,0.0020347,0.0111965,0.0429204,0.0166279,0.0418916,0.0558655,0.0283021,
247,3e-07,0.000264,0.0001012,0.0001157,0.0002819,0.000882,0.0009102,0.0013384,0.0210772,0.0442093,0.0496368,0.0570667,0.0698961,0.0303962,
248,3e-07,0.0002615,0.0001001,0.0012987,0.0002801,0.0002496,0.0011268,0.0041703,0.0360808,0.0548892,0.0498791,0.0563046,0.0802004,0.0291012,
249,3e-07,0.0002568,0.0001,0.0009157,0.0013017,0.0002437,0.0011919,0.0008661,0.0106663,0.0327208,0.0305058,0.0470299,0.0600854,0.0281795,
250,3e-07,0.0002541,0.0001018,0.0009324,0.0002799,0.001158,0.0011916,0.0005703,0.0113813,0.0140399,0.033946,0.0326359,0.0500001,0.051786,
251,2e-07,0.0007711,0.0001015,0.000116,0.0002788,0.0008332,0.001188,0.0016811,0.0131911,0.0153024,0.0291895,0.0483557,0.0294722,0.1210573,
252,2e-07,0.0007762,0.0009189,0.0001151,0.0002774,0.0018267,0.0017303,0.0016776,0.0087686,0.0051381,0.0134137,0.0501512,0.0563896,0.1137033,
253,2e-07,0.0002454,0.0001034,0.0009337,0.0012302,0.0008791,0.000914,0.0017529,0.0077684,0.0125651,0.0056423,0.0685524,0.0511513,0.0267671,
254,2e-07,0.0007746,0.0001042,0.0009307,0.0007787,0.0002417,0.0011895,0.0018935,0.004414,0.018301,0.0222621,0.035723,0.0293934,0.0537178,
255,2e-07,0.0002464,0.0001038,0.000995,0.0002782,0.0015955,0.0011906,0.0024849,0.0221359,0.0251526,0.0421019,0.023008,0.0851427,0.0981563,
256,2e-07,0.0007838,0.0009419,0.0001147,0.0002777,0.0002386,0.0013577,0.0012523,0.0171621,0.0281799,0.0398999,0.0524471,0.0951358,0.1140343,
257,2e-07,0.0002414,0.0001062,0.000914,0.0002791,0.0009553,0.0011208,0.0019181,0.0142168,0.0108192,0.0175132,0.0215152,0.0709398,0.1199008,
258,2e-07,0.0002448,0.0001067,0.0001161,0.0007772,0.0011907,0.0013046,0.0025952,0.0094224,0.0305079,0.0305887,0.0323203,0.1006034,0.0921752,
259,2e-07,0.0007759,0.0009142,0.0001156,0.0002816,0.0009475,0.0012419,0.0012225,0.0089548,0.0130861,0.0213487,0.0149347,0.0498586,0.0626354,
260,2e-07,0.0002554,0.0001056,0.0010034,0.0002822,0.0009452,0.0003518,0.0012412,0.0066293,0.0167913,0.0554045,0.0593942,0.0547617,0.0520174,
261,3e-07,0.0002592,0.0001046,0.0001166,0.0002826,0.0009421,0.0011239,0.0008539,0.0046888,0.0172799,0.0509041,0.0432612,0.0613046,0.0291837,
262,3e-07,0.0002634,0.0001057,0.0001178,0.0008869,0.0009368,0.0011241,0.0011973,0.0053543,0.0229486,0.03287,0.0314971,0.053778,0.0528317,
263,2e-07,0.0007676,0.0001073,0.0009311,0.0002843,0.0002443,0.0014559,0.0015808,0.0065283,0.0284068,0.0366219,0.0514486,0.0339745,0.0530432,
264,2e-07,0.0002567,0.0009124,0.0009111,0.0002842,0.0013707,0.0007425,0.0020363,0.0031322,0.0141735,0.0264955,0.0582257,0.0332383,0.0403128,
265,3e-07,0.0007615,0.0001062,0.0001159,0.0007723,0.0011167,0.0007434,0.0006424,0.0024353,0.0124665,0.0324346,0.0477916,0.0351176,0.0591244,
266,2e-07,0.0002632,0.0010043,0.0001167,0.0002866,0.0002422,0.0003515,0.0017654,0.0024376,0.0203883,0.0401969,0.0461295,0.0496038,0.0553427,
267,2e-07,0.0002573,0.0001086,0.0009091,0.000893,0.000933,0.0007422,0.0011905,0.0036273,0.0132256,0.0338846,0.0560411,0.0259698,0.0487448,
268,2e-07,0.0002603,0.0001076,0.0013765,0.0002866,0.0008941,0.0003526,0.0015707,0.0053473,0.0143087,0.0278541,0.0419669,0.0063068,0.0115172,
269,3e-07,0.0007577,0.0001082,0.0009382,0.0015642,0.0014856,0.0017266,0.0006389,0.0153206,0.0106803,0.0347819,0.0417193,0.0283728,0.0361139,
270,2e-07,0.0002639,0.0001101,0.0001159,0.0002889,0.0002364,0.0014588,0.0006354,0.0115081,0.0145629,0.021741,0.0372974,0.0541258,0.0467286,
271,1e-07,0.00026,0.0001099,0.000114,0.0010033,0.0002307,0.0011895,0.0011466,0.0163457,0.0172994,0.0134953,0.036675,0.0316815,0.0379847,
272,2e-07,0.0002652,0.0001089,0.0009448,0.0002894,0.0002318,0.0014041,0.0019695,0.019884,0.0241853,0.017388,0.0336357,0.0208155,0.0328608,
273,2e-07,0.000268,0.0001103,0.000905,0.0011386,0.0016555,0.0013573,0.0022597,0.0123783,0.0146564,0.0174021,0.0373991,0.0418029,0.0463086,
274,1e-07,0.0007591,0.0001118,0.000115,0.000291,0.0011769,0.0011233,0.0012086,0.013704,0.0158364,0.0215573,0.0535644,0.0479374,0.0382165,
275,1e-07,0.0002582,0.0001111,0.0010179,0.0010766,0.0009221,0.0007415,0.0024584,0.0272904,0.0112712,0.0371256,0.0506689,0.0530296,0.0537598,
276,1e-07,0.0007676,0.0001115,0.0001117,0.001944,0.0012758,0.0011199,0.003027,0.0116355,0.0229439,0.0583735,0.0380843,0.0369252,0.0572163,
277,1e-07,0.0007676,0.0001131,0.001392,0.0002901,0.0012758,0.0009138,0.0030189,0.0208079,0.052661,0.0557512,0.0672877,0.118575,0.1156188,
278,1e-07,0.0002465,0.002464,0.0001107,0.0002894,0.0002099,0.0011189,0.0016537,0.0159746,0.0249243,0.057563,0.0740383,0.110132,0.0917953,
279,1e-07,0.0002436,0.0001124,0.0009031,0.0002875,0.0009037,0.001358,0.0021481,0.0120794,0.0276494,0.0211169,0.0309836,0.0536714,0.0681161,
280,1e-07,0.0002424,0.0001106,0.0001095,0.0002862,0.0011302,0.0007399,0.0025892,0.0082598,0.0284432,0.0285145,0.0214382,0.0605198,0.0423605,
281,1e-07,0.0010899,0.0001092,0.0001095,0.0002846,0.0002162,0.0011185,0.0017558,0.0043653,0.0367072,0.0421281,0.0319404,0.0478916,0.0259656,
282,1e-07,0.0002392,0.0001081,0.0009063,0.0002829,0.0015633,0.0003581,0.0028036,0.0088056,0.0228979,0.0130171,0.0097023,0.0264876,0.0445432,
283,1e-07,0.000237,0.0001091,0.0013128,0.0009948,0.0014007,0.0017357,0.0020463,0.0234684,0.0321975,0.1035696,0.061429,0.0276692,0.0176656,
284,0.0,0.0007725,0.0001087,0.0001081,0.0002851,0.0011623,0.0003579,0.0025531,0.0065717,0.0224102,0.0262295,0.0421669,0.0462544,0.0314203,
285,0.0,0.0007684,0.0001095,0.000109,0.000287,0.000211,0.0009104,0.0044704,0.0084087,0.0024478,0.0252323,0.0203478,0.0523763,0.0645132,
286,1e-07,0.0002523,0.0001078,0.0001091,0.0002867,0.0009026,0.0011221,0.004469,0.0061439,0.0232941,0.0138577,0.0117713,0.038115,0.0628973,
287,1e-07,0.0002536,0.0009126,0.0001098,0.0002858,0.0011712,0.0013566,0.0024089,0.0040026,0.0294397,0.0247454,0.0223011,0.0204889,0.0226659,
288,1e-07,0.0007632,0.0009144,0.0009066,0.0007698,0.0002204,0.0003551,0.0020348,0.0178169,0.0195265,0.0324705,0.01111,0.0248433,0.0165978,
289,2e-07,0.0002573,0.0001031,0.0001097,0.0010792,0.0002254,0.000908,0.0010931,0.0171976,0.030315,0.0298414,0.0296709,0.0076647,0.0190205,
290,1e-07,0.0002541,0.0009171,0.0001087,0.0017227,0.0002223,0.0011953,0.0065689,0.0139108,0.0109919,0.0108261,0.0230303,0.0260714,0.0292956,
291,1e-07,0.0002501,0.0001018,0.0001093,0.0002809,0.0015699,0.0011951,0.0006154,0.0131464,0.018002,0.0172293,0.0200766,0.035927,0.0692237,
292,1e-07,0.0002517,0.0001009,0.0001106,0.00028,0.0011497,0.0016466,0.0008702,0.0046741,0.0242889,0.068842,0.0539245,0.0207676,0.0364317,
293,2e-07,0.0007704,0.0001012,0.0001117,0.0011499,0.0011971,0.001361,0.0019949,0.0055836,0.0245296,0.0409811,0.051033,0.0564547,0.0297316,
294,2e-07,0.0007718,9.97e-05,0.0009402,0.0002775,0.0010914,0.0003543,0.0020259,0.0107362,0.0209485,0.0284418,0.0244734,0.0387398,0.074079,
295,1e-07,0.0002437,0.0001007,0.0014399,0.0002781,0.0015674,0.0011167,0.0012736,0.0089115,0.0188681,0.0415376,0.0281949,0.0353376,0.0323702,
296,1e-07,0.0002414,0.0001023,0.0001101,0.0002786,0.0002258,0.0011174,0.0012761,0.0085841,0.011679,0.0288748,0.0303492,0.0484853,0.0405959,
297,2e-07,0.0002382,0.0001016,0.0001109,0.0002769,0.0002283,0.0009152,0.001276,0.0062158,0.0150596,0.033087,0.0502154,0.0739772,0.0710073,
298,1e-07,0.0002354,0.000101,0.0001098,0.0002761,0.0016019,0.000916,0.0012582,0.0084851,0.0136357,0.0177561,0.0512218,0.0737126,0.0819816,
299,1e-07,0.0010823,0.0001028,0.000109,0.0002768,0.0011717,0.000358,0.0016364,0.0080972,0.0145242,0.0323444,0.0585697,0.0574792,0.0650239,
300,2e-07,0.0009616,0.0001034,0.0014943,0.0007786,0.0011504,0.00227,0.001785,0.0237434,0.0286966,0.0416184,0.0562489,0.0788472,0.08408,
301,2e-07,0.0002292,0.0001021,0.0001109,0.0002747,0.0009691,0.000915,0.0039778,0.0183559,0.0363363,0.0378349,0.0491857,0.0618457,0.1032221,
302,2e-07,0.0002254,0.0001011,0.0001106,0.000783,0.0011541,0.001397,0.0100355,0.0161154,0.0451915,0.0249986,0.0279206,0.0594228,0.0917594,
303,2e-07,0.0002304,9.96e-05,0.0010893,0.0002735,0.0011549,0.0011978,0.0044478,0.0121231,0.0434957,0.0375729,0.0690633,0.0606942,0.067386,
304,1e-07,0.0007848,0.000942,0.0001105,0.0002724,0.0019389,0.0007415,0.0100404,0.0231496,0.0286828,0.0362499,0.0702133,0.0678866,0.0663543,
305,1e-07,0.0002313,9.66e-05,0.0015168,0.0009823,0.0009746,0.0003573,0.0042065,0.0308308,0.0346012,0.0510249,0.0536653,0.0816882,0.0691428,
306,1e-07,0.0002291,9.54e-05,0.0001111,0.0002706,0.0011546,0.0007421,0.0026215,0.0078265,0.0497949,0.0663735,0.0689957,0.0775831,0.0941302,
307,2e-07,0.0011963,0.0023567,0.0018079,0.0012923,0.0015331,0.0025415,0.0118064,0.0358881,0.0319447,0.0429745,0.0190571,0.0157156,0.0345609,
308,1e-07,0.0002589,0.0014549,0.0022071,0.0013124,0.0049096,0.0067883,0.020247,0.0285185,0.0145486,0.0532085,0.0602818,0.073241,0.0887365,
309,1e-07,0.0012066,0.0001027,0.0001056,0.000767,0.0024057,0.0034749,0.0034343,0.0138968,0.0459645,0.0357437,0.0356445,0.0464484,0.06997,
310,1e-07,0.0015553,0.0013996,0.0010198,0.0015742,0.0008629,0.0035018,0.0087235,0.0118081,0.0083047,0.036826,0.0140017,0.0272115,0.0687622,
311,1e-07,0.0013696,0.0009185,0.0013797,0.0016314,0.0012324,0.0011897,0.0048088,0.0105455,0.0267301,0.0414499,0.0245005,0.0486312,0.0570312,
312,1e-07,0.0007707,0.0001012,0.0009056,0.0002799,0.001372,0.0016055,0.0072047,0.019241,0.0197512,0.0214121,0.0150962,0.0337147,0.0442007,
313,1e-07,0.0002355,0.0001006,0.001044,0.0009886,0.0013669,0.0013546,0.0037252,0.0103423,0.0109196,0.0489107,0.0243822,0.0561061,0.0273592,
314,1e-07,0.0002329,9.97e-05,0.0001054,0.0002769,0.0013658,0.0013543,0.0016521,0.022352,0.0301591,0.0364444,0.033685,0.0395602,0.0308042,
315,1e-07,0.0002349,9.79e-05,0.000106,0.000276,0.0008918,0.0009004,0.001972,0.0178116,0.0245417,0.0263037,0.0434536,0.027886,0.0248344,
316,0.0,0.0002299,9.79e-05,0.0001066,0.0007793,0.0011365,0.0020776,0.0017981,0.0169908,0.0141346,0.0179941,0.011437,0.0730211,0.016987,
317,0.0,0.0015988,9.62e-05,0.0001074,0.0002729,0.0015455,0.0008997,0.0049943,0.0124024,0.0266383,0.0343895,0.0140144,0.0714963,0.0539295,
318,1e-07,0.0002245,9.66e-05,0.0017858,0.0002723,0.0013549,0.0013545,0.0046286,0.0134175,0.0317594,0.0275862,0.0252659,0.0354359,0.0610365,
319,1e-07,0.0007883,9.8e-05,0.0001075,0.0002718,0.0015431,0.0016545,0.0016487,0.0139464,0.0256905,0.0281099,0.0253149,0.0188425,0.0457714,
320,1e-07,0.0002237,9.71e-05,0.0010501,0.0014952,0.0010623,0.0012042,0.000881,0.0054318,0.0138321,0.0421421,0.0266768,0.019927,0.0509585,
321,1e-07,0.0002205,9.6e-05,0.0001094,0.0007852,0.0015441,0.0011901,0.0021568,0.0114422,0.0073235,0.0482174,0.0516163,0.0257303,0.0815487,
322,1e-07,0.0002147,9.74e-05,0.000109,0.0007838,0.0010537,0.0003635,0.0020073,0.0061529,0.0022167,0.0176848,0.0286006,0.0282352,0.0372486,
323,1e-07,0.0002149,9.85e-05,0.0009602,0.0002701,0.0008608,0.0011916,0.0020202,0.0066244,0.0153727,0.0098892,0.0080212,0.024775,0.0351512,
324,1e-07,0.0007988,9.84e-05,0.00011,0.0002687,0.001343,0.0013548,0.0022806,0.0118347,0.0121457,0.0188374,0.0078276,0.0141663,0.0455438,
325,2e-07,0.0002084,9.94e-05,0.0014431,0.0012231,0.0002109,0.0016552,0.0034176,0.020339,0.0183829,0.023708,0.0216757,0.0227945,0.0205557,
326,2e-07,0.000808,0.0001005,0.0001109,0.0007861,0.0002088,0.0009169,0.0016619,0.0114402,0.0119201,0.029812,0.0458924,0.0220877,0.0218037,
327,3e-07,0.0001998,0.000101,0.0001117,0.0007876,0.0018508,0.0014676,0.0017389,0.0124834,0.0250124,0.0330603,0.0430726,0.0448611,0.037953,
328,3e-07,0.0001939,0.0001019,0.0001122,0.0002657,0.0002116,0.001743,0.0011978,0.0102335,0.0230988,0.0274666,0.0250516,0.0938208,0.0450143,
329,3e-07,0.0001955,0.000102,0.0014926,0.000789,0.0011592,0.0014546,0.0022212,0.0095027,0.0332854,0.0553864,0.0238543,0.1004021,0.1631096,
330,3e-07,0.0015153,0.0009318,0.0001123,0.0009713,0.0008684,0.0022017,0.004672,0.0151719,0.0303724,0.0550866,0.0286753,0.0536935,0.0765602,
331,3e-07,0.0008127,0.0001034,0.0001109,0.0015773,0.0002141,0.0003647,0.0031163,0.0044387,0.0166975,0.0137013,0.0168668,0.046025,0.0810371,
332,3e-07,0.0002048,0.0010101,0.000963,0.0009023,0.0002143,0.0009056,0.0022009,0.0039217,0.0268332,0.0120309,0.0425967,0.0495181,0.0506194,
333,2e-07,0.0002063,0.000102,0.0001095,0.0002695,0.0002094,0.0007385,0.0023897,0.0041795,0.01694,0.0140024,0.0242078,0.0303852,0.0368459,
334,1e-07,0.0002088,0.0001012,0.0001089,0.00027,0.0016178,0.0014682,0.0008722,0.0076647,0.0117715,0.0249198,0.0193676,0.0296575,0.0443397,
335,2e-07,0.0002062,0.0001008,0.0017862,0.0016561,0.0008795,0.0013114,0.0005775,0.0064201,0.0351908,0.0209086,0.0177513,0.0379026,0.0293524,
336,1e-07,0.0013043,0.0001,0.0001085,0.0002696,0.0001976,0.0013115,0.0012896,0.0047642,0.0088913,0.0115173,0.0271375,0.0343736,0.0304237,
337,1e-07,0.0002066,9.84e-05,0.0001096,0.0011668,0.0014194,0.0009,0.0020138,0.0111161,0.0092756,0.0103546,0.0389687,0.0195332,0.0296079,
338,1e-07,0.0002063,9.82e-05,0.0010916,0.0002685,0.0009915,0.0003649,0.0020364,0.0167159,0.0235942,0.0238772,0.0260454,0.0104506,0.0356688,
339,1e-07,0.0002046,9.67e-05,0.000111,0.0007859,0.0001932,0.0015603,0.006438,0.0260031,0.024434,0.0313997,0.0246757,0.0207202,0.0325527,
340,2e-07,0.0013018,9.74e-05,0.0001118,0.0007868,0.0001944,0.0011032,0.0025648,0.022607,0.0072715,0.0590402,0.0177691,0.0177119,0.0288549,
341,2e-07,0.0001974,9.94e-05,0.0001104,0.0009699,0.0008799,0.0003673,0.0013625,0.0138492,0.0277746,0.0578391,0.0387531,0.0303915,0.0390788,
342,2e-07,0.0001997,0.0001001,0.001091,0.0012197,0.0001961,0.001207,0.0020218,0.0044791,0.0193894,0.0366154,0.0221885,0.0218372,0.0153044,
343,2e-07,0.0008092,0.0001018,0.0009588,0.000269,0.0009921,0.0009015,0.0011078,0.0020665,0.0189922,0.0167098,0.0106231,0.0148516,0.0166053,
344,2e-07,0.000809,0.0001025,0.0001085,0.0007812,0.0013538,0.0009166,0.001535,0.0017378,0.0173967,0.0270737,0.0166298,0.0333119,0.0803729,
345,2e-07,0.0001974,0.0001044,0.000108,0.00027,0.0008674,0.0007369,0.001724,0.0011789,0.015694,0.0178706,0.0359707,0.0126909,0.0628126,
346,2e-07,0.0015757,0.0001051,0.0001084,0.0012174,0.0001961,0.0003674,0.0016835,0.0033784,0.0074773,0.0134581,0.0311891,0.0343477,0.0410241,
347,2e-07,0.000193,0.0001059,0.0001085,0.001218,0.0008781,0.001362,0.0013879,0.003812,0.0177104,0.0258081,0.0513475,0.0212052,0.0262735,
348,2e-07,0.0001954,0.0009318,0.0001098,0.0010945,0.0014209,0.0003664,0.0005849,0.0061909,0.0212308,0.0305385,0.0489472,0.0221826,0.0372072,
349,3e-07,0.0001894,0.0001047,0.0001106,0.0015111,0.0012102,0.0009146,0.0008646,0.012803,0.0274163,0.0364614,0.0380779,0.0280005,0.0295023,
350,3e-07,0.0001905,0.0001059,0.0001104,0.0007829,0.0013446,0.0014574,0.0023526,0.0190226,0.0154194,0.0483968,0.050647,0.0461985,0.0241524,
351,3e-07,0.0009905,0.0010752,0.0001106,0.0002683,0.001346,0.0015546,0.0028428,0.0115202,0.0101764,0.0448132,0.0614989,0.0193437,0.024555,
352,3e-07,0.0001954,0.0001077,0.0001096,0.0007803,0.0008589,0.0007363,0.0034459,0.0124667,0.0311348,0.0449335,0.0403747,0.0284605,0.0324183,
353,3e-07,0.0001907,0.0001091,0.0009692,0.0013606,0.0012977,0.0012349,0.0027226,0.0083044,0.0450581,0.0515748,0.0152229,0.0342307,0.0399649,
354,5e-07,0.0008259,0.0001085,0.0010561,0.0009121,0.000874,0.0009088,0.0022396,0.0192116,0.032721,0.018839,0.0381789,0.0624031,0.0182121,
355,3e-07,0.0001904,0.0001087,0.0009566,0.0011686,0.001342,0.0003672,0.0035555,0.0202334,0.0301196,0.0169177,0.035796,0.0503005,0.0352241,
356,5e-07,0.000188,0.0001106,0.0001078,0.000914,0.0002001,0.0003685,0.0008648,0.0178072,0.0244054,0.0245613,0.0261635,0.0109122,0.0431701,
357,5e-07,0.0001819,0.0001109,0.0010493,0.0009719,0.0001963,0.0013596,0.0027299,0.016183,0.0297127,0.0205713,0.0489854,0.0413077,0.0432195,
358,5e-07,0.0011738,0.0001112,0.000107,0.0002702,0.0008821,0.0009088,0.0013414,0.0095781,0.0409894,0.0285668,0.0276348,0.0451119,0.053208,
359,5e-07,0.0001789,0.0001098,0.0001078,0.0012138,0.001593,0.0003702,0.0005562,0.0161386,0.0249837,0.0161399,0.0171769,0.0392945,0.0582253,
360,5e-07,0.0001816,0.0001079,0.0001085,0.0009155,0.0008783,0.0003702,0.0023438,0.0075253,0.0158613,0.0204225,0.0330801,0.0244212,0.0345602,
361,5e-07,0.000831,0.0001076,0.0009129,0.0002667,0.0013377,0.002659,0.0042077,0.0112373,0.0307465,0.0098052,0.0368391,0.0493677,0.0396523,
362,5e-07,0.0001729,0.0009243,0.0001099,0.001214,0.0010283,0.0019371,0.0029345,0.0077394,0.0496976,0.0124605,0.0413214,0.0474495,0.0509401,
363,5e-07,0.0008323,0.0010799,0.0001107,0.0002657,0.0001992,0.0003703,0.0019396,0.0091783,0.0450387,0.042941,0.0464922,0.0428665,0.0627377,
364,5e-07,0.0001782,0.0001056,0.0001109,0.0002653,0.0010301,0.0011985,0.002534,0.0060178,0.0146241,0.0241505,0.0532913,0.0454845,0.0654842,
365,5e-07,0.000172,0.0001059,0.000112,0.001729,0.0013228,0.0003711,0.0053609,0.014497,0.0142653,0.0230106,0.0363227,0.0295468,0.0795908,
366,5e-07,0.0001731,0.0001054,0.0009171,0.0013015,0.0008676,0.001765,0.0059395,0.0125133,0.0304271,0.0473996,0.0604398,0.0600996,0.0496367,
367,5e-07,0.0001786,0.0009279,0.0001133,0.0002634,0.0017387,0.0017652,0.0107089,0.0217135,0.0576241,0.0708358,0.061394,0.067541,0.0427474,
368,2e-07,0.0001792,0.0001019,0.0009444,0.0011758,0.0002059,0.0003689,0.0005837,0.0230731,0.0337809,0.0602953,0.0420695,0.0250813,0.0549516,
369,2e-07,0.0001834,0.0001004,0.0017914,0.0002625,0.0013177,0.0009172,0.001289,0.0212754,0.0049217,0.0399214,0.0236762,0.0581286,0.077921,
370,3e-07,0.0001857,0.0014693,0.0001157,0.0002622,0.0002122,0.0009021,0.0048428,0.0301687,0.0282351,0.0492099,0.0465749,0.0279121,0.1072657,
371,3e-07,0.0008223,0.000101,0.0010612,0.0009065,0.00086,0.0011069,0.0027202,0.0276574,0.0085344,0.0254137,0.0413874,0.0195479,0.0754296,
372,3e-07,0.0001921,0.0001003,0.0001132,0.0002646,0.0010063,0.0009163,0.0045578,0.031887,0.0225258,0.043259,0.0157953,0.0552313,0.0474699,
373,3e-07,0.0001977,9.88e-05,0.0014921,0.0012223,0.0013317,0.0011936,0.0021269,0.0126776,0.0171117,0.0392676,0.0205089,0.0862098,0.0536622,
374,2e-07,0.0002019,9.83e-05,0.0001124,0.0009709,0.0002107,0.000364,0.0035512,0.0174373,0.0114233,0.0312925,0.0081487,0.04404,0.0373979,
375,2e-07,0.0002081,9.71e-05,0.0001126,0.000973,0.0014214,0.0003631,0.0056651,0.0186396,0.026347,0.0250265,0.0375463,0.0527827,0.016445,
376,2e-07,0.0010597,9.62e-05,0.0016842,0.0002673,0.0011642,0.0009006,0.007278,0.0176421,0.038254,0.0344649,0.0664168,0.0596983,0.0544815,
377,1e-07,0.0002177,9.53e-05,0.0001127,0.0002677,0.0010562,0.0021685,0.001544,0.0192319,0.0551743,0.070212,0.08447,0.0926699,0.052084,
378,1e-07,0.000217,0.0010098,0.0001145,0.0009737,0.0017551,0.0011896,0.0110508,0.0196507,0.0746985,0.0903819,0.0263104,0.0877642,0.1049991,
379,2e-07,0.0002119,9.42e-05,0.0001141,0.0009726,0.0013355,0.0007409,0.0043082,0.0133784,0.0307609,0.0370355,0.0389437,0.0614378,0.0648822,
380,2e-07,0.0002064,9.52e-05,0.0001146,0.0002646,0.001332,0.0017628,0.002671,0.007471,0.0304876,0.0317597,0.0450987,0.0348975,0.0346007,
381,1e-07,0.0002015,9.63e-05,0.0001142,0.0007917,0.0002115,0.0022787,0.0056049,0.018379,0.0348593,0.0496627,0.0309634,0.05506,0.0290034,
382,2e-07,0.0001952,9.71e-05,0.0001148,0.0012972,0.0017335,0.0007386,0.0038754,0.0134146,0.0106339,0.0304803,0.0429329,0.0334476,0.0196419,
383,2e-07,0.0001909,9.87e-05,0.0001139,0.0012982,0.0002043,0.0012081,0.0054565,0.0108262,0.016813,0.0130253,0.0180194,0.0713735,0.0516153,
384,2e-07,0.0008215,0.0009299,0.0001147,0.0011747,0.0002009,0.0012089,0.0034877,0.0130703,0.0299174,0.0101321,0.0490807,0.05297,0.0771755,
385,2e-07,0.0008224,0.0001005,0.0001131,0.000788,0.0001957,0.0007365,0.0019333,0.0121809,0.0325283,0.0629422,0.0452183,0.0529367,0.073887,
386,2e-07,0.0001842,0.0001019,0.0010901,0.0007858,0.0010297,0.0011163,0.0016673,0.0138262,0.0194054,0.0403227,0.0599055,0.0513441,0.0646266,
387,2e-07,0.0008241,0.0001037,0.0001104,0.0002658,0.0001898,0.0015856,0.0005885,0.0112309,0.01654,0.0346506,0.0489574,0.0600211,0.0818343,
388,2e-07,0.0001841,0.0001051,0.0001091,0.0012153,0.0012288,0.0011986,0.0021712,0.0036751,0.0181406,0.0405609,0.0371217,0.0657006,0.0543301,
389,3e-07,0.0001868,0.0001051,0.0001081,0.0002689,0.0016005,0.0003698,0.0011945,0.0096682,0.0149537,0.0417034,0.0409602,0.0618405,0.0598738,
390,3e-07,0.0001866,0.0001068,0.001328,0.0009164,0.0008782,0.0009039,0.0011108,0.0088218,0.0133717,0.0369495,0.0494511,0.069483,0.0516095,
391,2e-07,0.0001905,0.0001066,0.0001071,0.0011692,0.0001863,0.0009045,0.0011135,0.010975,0.0189801,0.0282165,0.0376097,0.0500862,0.0628693,
392,2e-07,0.0001933,0.0001047,0.0001077,0.000913,0.0011364,0.0014689,0.0016659,0.0041645,0.0215863,0.0204287,0.0250554,0.0694298,0.0939379,
393,2e-07,0.0001908,0.0001037,0.0010448,0.0007819,0.0012223,0.0014537,0.0013064,0.0054031,0.0092502,0.0070965,0.0250716,0.0879087,0.0935354,
394,2e-07,0.0013798,0.0001022,0.0001096,0.0009701,0.001594,0.0003688,0.0010984,0.0116464,0.0202773,0.0142272,0.0243398,0.0212239,0.0583862,
395,2e-07,0.0001916,0.0001008,0.000111,0.000785,0.0013382,0.0011953,0.0012048,0.0134516,0.0124767,0.0126463,0.0305658,0.029147,0.0324072,
396,2e-07,0.0001912,9.93e-05,0.0001121,0.0007868,0.0011438,0.0013877,0.0020942,0.0117779,0.0061033,0.012824,0.0239201,0.0271625,0.0338958,
397,2e-07,0.0001949,0.0010709,0.000113,0.0009058,0.0021774,0.0013129,0.0032509,0.010554,0.0286871,0.0360286,0.0571862,0.0312552,0.0346698,
398,2e-07,0.0001936,9.63e-05,0.0001148,0.0009058,0.0008659,0.0003664,0.0032461,0.0061343,0.028111,0.0608834,0.0587288,0.0199169,0.0168984,
399,1e-07,0.0001998,9.5e-05,0.0001143,0.0002639,0.0013107,0.001104,0.0027684,0.0137779,0.0112291,0.0269472,0.0222787,0.0443924,0.0346654,
400,1e-07,0.0002032,9.53e-05,0.0001128,0.0007894,0.0001997,0.0009202,0.0049737,0.0308054,0.0656134,0.0530533,0.038235,0.052871,0.0746987,
401,1e-07,0.0007993,0.001071,0.0015061,0.000788,0.0010441,0.000898,0.0054265,0.0138163,0.0486356,0.0127781,0.0357555,0.0280767,0.0092039,
402,1e-07,0.0002138,0.0010701,0.0010896,0.0012982,0.0010462,0.0007407,0.0054703,0.0180852,0.0556003,0.0435406,0.0685489,0.0767976,0.0876737,
403,1e-07,0.0002179,9.43e-05,0.0001103,0.0002685,0.0009877,0.0019072,0.0040401,0.0217182,0.0433172,0.0356831,0.0366644,0.0094037,0.0663552,
404,1e-07,0.0002145,9.59e-05,0.0020527,0.0018879,0.0019084,0.0011046,0.0042164,0.0047556,0.0271603,0.0381041,0.0423974,0.0307232,0.0466199,
405,1e-07,0.0002182,9.63e-05,0.0001083,0.0007817,0.0010525,0.0016566,0.0135262,0.0104888,0.0235936,0.0463722,0.0346211,0.0451038,0.0151186,
406,2e-07,0.0002168,9.72e-05,0.0001078,0.0007795,0.0011287,0.0007396,0.0118223,0.0132073,0.0165666,0.0487026,0.0236473,0.0401701,0.0387339,
407,2e-07,0.0002134,9.9e-05,0.0017975,0.0002717,0.0008756,0.0013539,0.0059673,0.0209071,0.0369826,0.0409045,0.059854,0.0459371,0.0448016,
408,3e-07,0.0009713,0.0009351,0.0001069,0.001218,0.0001776,0.0008987,0.0059286,0.0237087,0.0296507,0.0377709,0.0465588,0.0137733,0.0213617,
409,3e-07,0.0002066,0.0001024,0.0001065,0.0002727,0.0009807,0.0008996,0.0021349,0.015968,0.0313006,0.0343615,0.0256308,0.0403545,0.0498373,
410,3e-07,0.001007,0.000104,0.0001058,0.0007718,0.000898,0.0011043,0.0027902,0.0181315,0.0373559,0.0247611,0.0251512,0.0668675,0.0496054,
411,3e-07,0.0008025,0.0001057,0.0001055,0.0002754,0.0015271,0.0003687,0.0029211,0.0166691,0.0312635,0.0084673,0.02219,0.0417293,0.0297837,
412,3e-07,0.0002105,0.0001062,0.0013793,0.0002768,0.0009683,0.0011953,0.0041871,0.0213431,0.0183445,0.0218114,0.0500113,0.0687478,0.0400118,
413,3e-07,0.0002107,0.0001078,0.0001047,0.0002784,0.0018971,0.0017451,0.001356,0.022563,0.0174992,0.0363862,0.0250175,0.0507993,0.0248135,
414,3e-07,0.0002148,0.0001084,0.0001046,0.0002798,0.0001777,0.001356,0.0028799,0.0112499,0.0267016,0.0282423,0.0239503,0.0263338,0.01346,
415,2e-07,0.0002212,0.0001077,0.0001046,0.0002809,0.00179,0.0011957,0.0021773,0.0079629,0.0316389,0.0302125,0.0534759,0.0665137,0.1041291,
416,2e-07,0.0002213,0.000106,0.0001045,0.0007664,0.0014602,0.0011189,0.0011996,0.0128832,0.0118181,0.0318801,0.0377941,0.0693248,0.0342794,
417,2e-07,0.0002251,0.0001046,0.0001046,0.0002792,0.0015412,0.0011087,0.0010992,0.0064597,0.007422,0.0287335,0.0387771,0.0193511,0.0408441,
418,1e-07,0.000224,0.0001033,0.0001049,0.0002776,0.0001885,0.0009023,0.0023741,0.0101348,0.005735,0.0284401,0.0377132,0.0281671,0.0145943,
419,1e-07,0.0016045,0.0014706,0.001426,0.0009859,0.001861,0.0009027,0.0016612,0.0117908,0.0048191,0.0279372,0.0223046,0.0173683,0.0341297,
420,1e-07,0.0002236,0.0001021,0.0001059,0.0009838,0.0001981,0.0017337,0.0012845,0.0079115,0.0104356,0.0210874,0.0249429,0.0393813,0.0190844,
421,1e-07,0.0002241,0.0001005,0.0001068,0.0009015,0.0002027,0.0015571,0.0010992,0.0025697,0.0094074,0.0130256,0.0300971,0.0278279,0.0248921,
422,1e-07,0.0002235,0.0001012,0.0010527,0.0013054,0.0010696,0.001775,0.0015219,0.0053925,0.0094351,0.007371,0.0119899,0.012348,0.0286215,
423,1e-07,0.0007916,0.0001005,0.0001083,0.0007812,0.0002105,0.0003613,0.000865,0.012076,0.0150001,0.0192617,0.0387427,0.0167293,0.0262438,
424,2e-07,0.0002189,0.0001009,0.0001093,0.000899,0.0002149,0.0012002,0.0015202,0.0094026,0.0271122,0.0253598,0.0238826,0.0304895,0.0485779,
425,2e-07,0.0002142,0.0001005,0.0001103,0.0009778,0.0008747,0.0007395,0.0045902,0.0120173,0.0323952,0.0397487,0.0403188,0.0415135,0.0548631,
426,2e-07,0.000214,0.0010098,0.000952,0.00027,0.0002126,0.0013093,0.0017473,0.0152454,0.0403493,0.0484452,0.0422908,0.0510588,0.0350691,
427,1e-07,0.0007915,9.83e-05,0.0001101,0.0007852,0.0008761,0.0011225,0.0010898,0.0201181,0.0313584,0.0219892,0.0328364,0.0320785,0.0630137,
428,1e-07,0.0007876,9.87e-05,0.000109,0.0002725,0.0012077,0.0012014,0.001389,0.0141183,0.0213928,0.0186316,0.0314884,0.088037,0.0486585,
429,1e-07,0.0016162,9.95e-05,0.0009513,0.0007817,0.0002157,0.0009042,0.0005977,0.009729,0.0304279,0.0253085,0.0219593,0.0784019,0.0985535,
430,1e-07,0.0007811,9.98e-05,0.0009539,0.0012258,0.0009659,0.0013069,0.0010891,0.0082585,0.0177921,0.0291466,0.0244976,0.0331475,0.0387939,
431,0.0,0.0012364,0.0001005,0.0001066,0.0012251,0.0002062,0.0016525,0.0017828,0.0063058,0.0034199,0.0163825,0.0215,0.0270655,0.0202867,
432,1e-07,0.0002322,0.000102,0.0013682,0.0007743,0.001294,0.000904,0.0012061,0.0081249,0.0122711,0.0304668,0.0391163,0.0423106,0.0392977,
433,1e-07,0.0007799,0.0010086,0.0001053,0.0002786,0.0001973,0.0011912,0.0005778,0.0129458,0.0065316,0.0142802,0.0152902,0.0462182,0.0404886,
434,1e-07,0.0002282,0.0001047,0.000105,0.000906,0.0012326,0.0007391,0.0011964,0.0102792,0.0147327,0.0252249,0.0231627,0.0515887,0.052308,
435,1e-07,0.0002244,0.0009188,0.0010251,0.0002797,0.0017222,0.0009162,0.0011978,0.011946,0.0103916,0.0183043,0.0228105,0.0733905,0.0572307,
436,1e-07,0.0007919,0.0001073,0.0001048,0.0007673,0.0009001,0.0003643,0.0023971,0.0052151,0.0254859,0.0397391,0.0308475,0.032541,0.0471842,
437,2e-07,0.0002188,0.000109,0.0001048,0.0007652,0.0011433,0.0009067,0.0011193,0.0018838,0.0248585,0.0205995,0.0367703,0.0486126,0.0287486,
438,3e-07,0.0002147,0.0001105,0.0001047,0.000281,0.0015845,0.0009068,0.0015067,0.0032351,0.0233705,0.0362184,0.0225012,0.067913,0.0401843,
439,3e-07,0.0007987,0.000111,0.0001047,0.0007643,0.0013694,0.0009081,0.0023376,0.0059203,0.0118181,0.0273712,0.0467366,0.0506063,0.038602,
440,3e-07,0.0002096,0.0001093,0.0009036,0.0013139,0.0008745,0.0011967,0.0016802,0.0049284,0.0123797,0.0281274,0.0366419,0.0534712,0.0370064,
441,2e-07,0.0002133,0.0001085,0.000105,0.0002781,0.0011464,0.0011968,0.0011214,0.0052057,0.0152085,0.0361313,0.0425393,0.0151085,0.0574341,
442,1e-07,0.0002184,0.000107,0.0001052,0.0002782,0.0013841,0.0009065,0.0011855,0.0050819,0.0065417,0.0047988,0.0272498,0.01464,0.0460082,
443,1e-07,0.0007884,0.0001069,0.0001057,0.0009064,0.0008644,0.0017204,0.0015271,0.0042409,0.0090348,0.016352,0.0532764,0.0312004,0.0139893,
444,1e-07,0.0002237,0.0009384,0.0001062,0.0007725,0.0010752,0.0011125,0.0011174,0.0075257,0.026398,0.029285,0.0392089,0.0632181,0.0302059,
445,1e-07,0.0002258,0.0009201,0.000107,0.0016298,0.0012931,0.0011926,0.0013975,0.0023276,0.0137053,0.0193552,0.0316554,0.0613561,0.0492052,
446,2e-07,0.0007924,0.0001044,0.0001074,0.0012227,0.0008847,0.0011129,0.0011967,0.0049779,0.0184446,0.0144107,0.0447056,0.0540722,0.0858868,
447,2e-07,0.00022,0.0001041,0.0001086,0.0009832,0.0009718,0.0007392,0.0026248,0.0074118,0.0242113,0.0334191,0.045171,0.0566955,0.0719917,
448,2e-07,0.0007989,0.0001039,0.0009486,0.000902,0.0013489,0.0011187,0.001797,0.0166899,0.0386802,0.0328783,0.0257535,0.0197294,0.0312791,
449,2e-07,0.0016808,0.0009364,0.0001095,0.0016724,0.0013467,0.0014545,0.0033803,0.0197007,0.0265035,0.0357177,0.0274385,0.0452924,0.0638434,
450,2e-07,0.0002137,0.000924,0.0001083,0.0007799,0.0002089,0.0012006,0.0017781,0.0076014,0.0113687,0.026605,0.0119441,0.0249561,0.0536709,
451,2e-07,0.0008029,0.0009342,0.0001078,0.000272,0.0011427,0.0007382,0.001288,0.0026966,0.0120831,0.017567,0.0103806,0.0343034,0.0499683,
452,2e-07,0.000803,0.0001029,0.0001076,0.0014961,0.0008823,0.0011945,0.0005814,0.0022001,0.0099827,0.0137916,0.0143605,0.0454605,0.0175951,
453,1e-07,0.0002129,0.0001021,0.0001072,0.000905,0.0002012,0.0009038,0.0012869,0.0049145,0.0064446,0.0051929,0.0036029,0.0248573,0.0211774,
454,1e-07,0.0002136,0.0001022,0.0009096,0.0002731,0.0011352,0.0009172,0.0011062,0.0027914,0.0131527,0.0189804,0.0105347,0.02639,0.0471939,
455,1e-07,0.0002171,0.0001027,0.0001058,0.0015681,0.0008687,0.0016554,0.0005677,0.0069303,0.0092915,0.0218148,0.0203014,0.0386702,0.0494133,
456,1e-07,0.0007904,0.0001018,0.0001056,0.0011603,0.0008712,0.0009182,0.0024603,0.0138033,0.0048515,0.0270887,0.0325169,0.0350826,0.046495,
457,2e-07,0.0007872,0.0001016,0.0001052,0.0002764,0.0001852,0.0003642,0.0018038,0.0170416,0.0155042,0.0275253,0.038061,0.0311546,0.0322923,
458,1e-07,0.0013811,0.0001,0.0001055,0.0007739,0.0011238,0.00208,0.0054895,0.0371786,0.0343274,0.0339759,0.0433247,0.0408874,0.0357514,
459,1e-07,0.0002253,9.99e-05,0.0001056,0.0022933,0.0023612,0.0033759,0.0015069,0.0226696,0.0212126,0.0142209,0.0168816,0.0345138,0.0204204,
460,1e-07,0.0013843,9.83e-05,0.0001056,0.0012204,0.0023368,0.0046418,0.005511,0.0168581,0.0165628,0.0194817,0.0134386,0.0138757,0.0612045,
461,1e-07,0.0002272,0.0018146,0.0001065,0.0011612,0.0009703,0.0023615,0.00389,0.014705,0.0487437,0.029012,0.0309205,0.0211975,0.0727971,
462,2e-07,0.0007876,0.0014584,0.0014279,0.0015706,0.0001823,0.0016088,0.0077881,0.0239208,0.0348523,0.0291138,0.0562425,0.0487644,0.0542583,
463,2e-07,0.0007889,0.000939,0.0009744,0.0002735,0.001535,0.0007391,0.0038941,0.0214413,0.0356998,0.0294943,0.0255455,0.040093,0.0191215,
464,2e-07,0.0002164,0.0001012,0.0001059,0.0007741,0.0011402,0.0011936,0.0019043,0.0213917,0.0193439,0.0349159,0.0186677,0.039065,0.0369981,
465,2e-07,0.0013806,0.0001019,0.000106,0.0002737,0.0011274,0.0013555,0.0024759,0.002569,0.0233221,0.0108894,0.0345475,0.017124,0.0564509,
466,3e-07,0.0007975,0.0001038,0.0001055,0.0013943,0.0012379,0.0014511,0.0021442,0.0151786,0.0065147,0.0302714,0.0233942,0.0301513,0.063521,
467,3e-07,0.000798,0.0001043,0.0001056,0.0017669,0.0008713,0.0015586,0.0021446,0.0051671,0.0150853,0.0177247,0.0079455,0.0468221,0.0500774,
468,2e-07,0.0002083,0.0001041,0.0001061,0.0002731,0.0016087,0.0011951,0.0017888,0.0049573,0.0166744,0.0279361,0.0268412,0.0458786,0.0538167,
469,2e-07,0.0002091,0.0001049,0.0001063,0.0009085,0.0008663,0.0009053,0.0005836,0.0066202,0.0173494,0.0172334,0.0234881,0.0228933,0.0300243,
470,2e-07,0.0008062,0.0001059,0.0001066,0.0002728,0.0001967,0.0011092,0.000587,0.0013145,0.0146254,0.0194638,0.0330831,0.0164287,0.0499967,
471,2e-07,0.0002055,0.0001074,0.0001064,0.00098,0.0008862,0.0011104,0.0020535,0.0018033,0.0143413,0.014637,0.0454188,0.0399869,0.0412796,
472,2e-07,0.0002102,0.000108,0.0001066,0.0002752,0.0002012,0.0007372,0.0015351,0.0025469,0.027652,0.016063,0.0464447,0.0366,0.041718,
473,2e-07,0.0002098,0.0001097,0.0001062,0.0002768,0.0008893,0.0009097,0.0013945,0.0063992,0.0248618,0.0312714,0.0461672,0.0564556,0.0563216,
474,2e-07,0.0008022,0.0009344,0.0001068,0.0007703,0.0008613,0.0009114,0.0017355,0.0118197,0.0146711,0.0536617,0.0805229,0.097161,0.123648,
475,2e-07,0.000797,0.00101,0.0009063,0.0012195,0.0002013,0.0015557,0.0011804,0.0082117,0.0336854,0.046018,0.0424887,0.0455055,0.096078,
476,2e-07,0.0007949,0.0001088,0.0009077,0.0002783,0.0008899,0.0011978,0.0027527,0.0084472,0.0203562,0.0537551,0.0780208,0.0536885,0.1000956,
477,2e-07,0.0002173,0.0001082,0.000106,0.0002779,0.0001996,0.0003635,0.0016982,0.0048565,0.0101172,0.0242217,0.0353116,0.0273714,0.0274014,
478,2e-07,0.0002138,0.0001073,0.0001058,0.0002764,0.0013602,0.0003638,0.0016892,0.0032134,0.0067445,0.0367009,0.0121475,0.0132752,0.0318543,
479,2e-07,0.0008019,0.0001077,0.0001055,0.0007715,0.0001923,0.000907,0.0011214,0.0011232,0.0151969,0.0284066,0.0145786,0.0264589,0.0138507,
480,2e-07,0.000205,0.0001068,0.0009744,0.0002744,0.0014141,0.0012035,0.0013733,0.0034827,0.0201145,0.0372784,0.0155982,0.0172083,0.018205,
481,2e-07,0.0002015,0.0001063,0.0001057,0.001217,0.0001849,0.001356,0.0005893,0.0063841,0.0195578,0.0164742,0.0172001,0.0348648,0.0129377,
482,3e-07,0.0002029,0.0001053,0.0001058,0.0007735,0.0001819,0.001106,0.0018072,0.0099696,0.0171994,0.0197468,0.0389626,0.049031,0.0412111,
483,3e-07,0.0002018,0.0009326,0.0001066,0.0002719,0.0008752,0.0011052,0.0030358,0.0097656,0.0365776,0.0630685,0.0279703,0.0347889,0.0324544,
484,3e-07,0.0001959,0.0001049,0.0001069,0.0009155,0.0001793,0.0012082,0.004807,0.0075774,0.0783685,0.0880666,0.0716714,0.0431297,0.0664123,
485,3e-07,0.0008118,0.0001056,0.0017925,0.0016472,0.0013513,0.0009032,0.0020367,0.0068618,0.0608298,0.0296702,0.0531896,0.0462817,0.020228,
486,3e-07,0.0001942,0.0001072,0.0001059,0.0009755,0.0015349,0.0007354,0.0023316,0.00432,0.0190381,0.0122467,0.035762,0.0357565,0.0432819,
487,3e-07,0.0001975,0.0001081,0.0016799,0.0007718,0.0008755,0.0009052,0.001859,0.0026814,0.028799,0.021252,0.0267378,0.0375699,0.0455634,
488,3e-07,0.0002024,0.0009321,0.001417,0.0012152,0.0009725,0.0013882,0.0011879,0.0044388,0.0203436,0.0134466,0.0371228,0.0318978,0.0391214,
489,3e-07,0.0002006,0.0001101,0.0001047,0.0009811,0.0010587,0.0011137,0.0023414,0.0212541,0.0311445,0.0164262,0.0362717,0.0432766,0.0670096,
490,3e-07,0.0001965,0.0001115,0.0001048,0.0014813,0.0013621,0.0009077,0.0013694,0.0107829,0.0256127,0.0346223,0.0517627,0.0413329,0.0685565,
491,2e-07,0.0001973,0.0001104,0.0009699,0.0007696,0.0008736,0.0019287,0.0022216,0.0171492,0.0220088,0.039003,0.0267322,0.0366334,0.0442722,
492,2e-07,0.0001935,0.0001098,0.0001057,0.0002734,0.0013529,0.0019342,0.0017004,0.0127096,0.0135812,0.0203325,0.0253889,0.031002,0.0194477,
493,2e-07,0.0001946,0.0009306,0.0009716,0.0009135,0.0015357,0.0003679,0.002216,0.0061372,0.0112689,0.0132676,0.0236199,0.0284507,0.0360039,
494,2e-07,0.0001924,0.0001096,0.0001068,0.0019575,0.0009861,0.0009088,0.0018285,0.0061823,0.0159072,0.0126004,0.0422337,0.0396403,0.014093,
495,2e-07,0.0001962,0.0001097,0.0001071,0.0012176,0.0009837,0.0007356,0.003657,0.0088099,0.0150732,0.0200279,0.0413922,0.0597908,0.0299237,
496,2e-07,0.0001939,0.0001115,0.0001066,0.0009137,0.0001972,0.0009106,0.0026578,0.0169782,0.0245253,0.0268558,0.0330913,0.0276481,0.0234309,
497,2e-07,0.0001972,0.0001125,0.0001063,0.0009142,0.0008869,0.0013896,0.0040666,0.0125459,0.0139213,0.0252312,0.0638499,0.1080008,0.0486995,
498,2e-07,0.0001996,0.0001122,0.0009836,0.0002761,0.0008687,0.0011121,0.0022398,0.0138393,0.0308093,0.0393226,0.0514805,0.0799664,0.1330098,
499,2e-07,0.0002042,0.0001126,0.0001056,0.0002779,0.0001913,0.0007355,0.0023597,0.0092591,0.0310564,0.0462358,0.032686,0.0443063,0.1532363,
500,2e-07,0.0002074,0.0001121,0.0001052,0.0007659,0.0016226,0.0009123,0.0024262,0.0046453,0.0424136,0.0514947,0.0992585,0.0141054,0.0242372,
501,2e-07,0.0009817,0.0009324,0.0001051,0.0009159,0.0013691,0.001113,0.0013826,0.0148557,0.0299641,0.0462188,0.0660021,0.0537823,0.0325423,
502,2e-07,0.000214,0.0001134,0.0001053,0.0002821,0.0012423,0.0011978,0.0011637,0.0088349,0.0314162,0.0492526,0.0314706,0.0811906,0.0812962,
503,3e-07,0.001369,0.0013033,0.0001054,0.0002826,0.0001874,0.0009092,0.0021082,0.0080146,0.0276884,0.0252074,0.0325568,0.0341223,0.0561881,
504,2e-07,0.0012145,0.0001119,0.0001055,0.0009914,0.0001846,0.0009086,0.0025273,0.013483,0.0135351,0.0121729,0.0360462,0.0405807,0.0297573,
505,2e-07,0.0007839,0.0001108,0.0001056,0.0002845,0.0009089,0.0013565,0.0034986,0.0086796,0.0171256,0.0400789,0.0496443,0.0163215,0.0046595,
506,2e-07,0.0012185,0.0001098,0.0001051,0.000284,0.0001812,0.0011102,0.0035272,0.0039938,0.0125346,0.0288796,0.014729,0.0228936,0.0327447,
507,2e-07,0.0018256,0.0001103,0.0001056,0.0002854,0.0001787,0.0003646,0.0021102,0.0078266,0.0215201,0.0302972,0.0716089,0.0303882,0.0416841,
508,3e-07,0.0002288,0.0001091,0.0001053,0.0007591,0.0015749,0.0009045,0.0027865,0.0078198,0.0175347,0.0225459,0.0774011,0.0111355,0.0230535,
509,2e-07,0.0002318,0.0001077,0.000105,0.0002841,0.0001808,0.0012024,0.0017863,0.0061233,0.0133941,0.033442,0.0306176,0.0265193,0.0206227,
510,1e-07,0.0002364,0.0001084,0.0001056,0.0007598,0.0011401,0.0011929,0.0027705,0.0040218,0.0148875,0.0280238,0.0320498,0.0237575,0.0397529,
511,3e-07,0.0007736,0.0001085,0.0001058,0.0002865,0.0001787,0.0013554,0.0027646,0.0040171,0.0255233,0.0117706,0.0464021,0.0449117,0.0357577,
512,2e-07,0.0007737,0.0001068,0.0001052,0.0002853,0.0010866,0.0013549,0.0021363,0.0044247,0.0346977,0.0184995,0.0251049,0.0273244,0.0389184,
513,1e-07,0.0002422,0.0001063,0.0001053,0.0002854,0.0011115,0.0011217,0.0029539,0.007241,0.0111456,0.0300501,0.0167912,0.0250693,0.0416887,
514,2e-07,0.0007667,0.0001071,0.0001059,0.0014938,0.0009169,0.0003609,0.0017855,0.0117477,0.0132062,0.0235663,0.0241744,0.0407659,0.0504278,
515,2e-07,0.0002455,0.0013768,0.0001057,0.0007593,0.0014361,0.0009027,0.0028696,0.0107747,0.0281104,0.0377247,0.0422739,0.036485,0.0781403,
516,2e-07,0.0002477,0.0001046,0.0001052,0.0009065,0.0001851,0.0007407,0.0065682,0.0104697,0.0335427,0.0303641,0.0347374,0.0489801,0.068546,
517,2e-07,0.000253,0.000105,0.0008981,0.0013173,0.0001887,0.0017231,0.0042567,0.0264744,0.0252589,0.0172022,0.0195469,0.0662727,0.0502058,
518,2e-07,0.0009646,0.0013747,0.0010275,0.0002883,0.0013991,0.0019183,0.0022396,0.032904,0.0207761,0.0486865,0.0500197,0.0909459,0.0847078,
519,2e-07,0.0002537,0.0001036,0.0014741,0.0012908,0.0022166,0.0014476,0.0057893,0.0344574,0.0281088,0.0675056,0.081874,0.0998806,0.0845261,
520,2e-07,0.0007562,0.001314,0.0014828,0.0013161,0.002396,0.0029497,0.0065356,0.0280212,0.0431193,0.0575182,0.0794962,0.0788492,0.0781294,
521,3e-07,0.0002622,0.0022017,0.0016631,0.0019505,0.0029481,0.001237,0.0227592,0.0850314,0.0721747,0.0996321,0.076403,0.0674443,0.113831,
522,2e-07,0.0002609,0.000105,0.0009792,0.0015453,0.0011458,0.0011881,0.0201841,0.0342849,0.0116957,0.0294056,0.0587973,0.0638323,0.068089,
523,2e-07,0.0002608,0.0016503,0.0001074,0.0007562,0.0022659,0.0003582,0.0152513,0.0155638,0.0256468,0.0533736,0.0520276,0.0543654,0.0617231,
524,2e-07,0.0002632,0.0001077,0.0015072,0.0018464,0.0011043,0.002337,0.0097218,0.0093239,0.0335667,0.0497815,0.0636536,0.0689643,0.0572697,
525,2e-07,0.000258,0.000109,0.0014314,0.0002924,0.0017738,0.0027561,0.0089532,0.0219561,0.0131878,0.0536032,0.0603519,0.0918012,0.110439,
526,2e-07,0.0013752,0.0013533,0.0001085,0.0002926,0.0011081,0.001355,0.0059781,0.0118539,0.0126891,0.0400544,0.0529179,0.0494611,0.0952791,
527,2e-07,0.0002537,0.0014615,0.0001094,0.0002936,0.0014552,0.0011918,0.0011215,0.012828,0.0310714,0.0275136,0.0533033,0.0585761,0.1007514,
528,2e-07,0.0009648,0.0001119,0.0001099,0.0002936,0.0001749,0.0013938,0.0049417,0.0130497,0.02101,0.0258622,0.0446563,0.0722451,0.0933681,
529,2e-07,0.0009658,0.0009072,0.0001107,0.0009165,0.0012767,0.0015901,0.003169,0.0059758,0.0078662,0.0201261,0.0420499,0.0649115,0.0790661,
530,3e-07,0.0009657,0.0001148,0.0001111,0.0007455,0.0001673,0.0013915,0.002437,0.0115081,0.0142123,0.0552487,0.0431153,0.0683977,0.0810098,
531,3e-07,0.0009673,0.0001143,0.0001097,0.0007477,0.0012994,0.0009066,0.001813,0.016625,0.009145,0.0145216,0.0651022,0.0318978,0.0510274,
532,3e-07,0.0013808,0.0001146,0.0008911,0.0007479,0.0008925,0.0019789,0.005008,0.0106223,0.0125284,0.03687,0.0232206,0.0352738,0.0310164,
533,3e-07,0.0015674,0.0001143,0.0008925,0.0007499,0.0013055,0.0009065,0.0038173,0.0142438,0.0286808,0.0382859,0.0629028,0.0594255,0.0333504,
534,3e-07,0.0013797,0.0001163,0.0008918,0.0009966,0.0015322,0.0009074,0.0039091,0.0148059,0.0308387,0.0341882,0.0627617,0.0323213,0.0495062,
535,3e-07,0.0018268,0.0009372,0.0008918,0.0007476,0.0013991,0.0009134,0.0041484,0.0091856,0.0315062,0.0508807,0.0495545,0.0519955,0.0416639,
536,3e-07,0.0015644,0.0001147,0.000108,0.0002898,0.0010917,0.0003652,0.0025254,0.0113483,0.0336502,0.0354523,0.0496979,0.0600598,0.0375367,
537,3e-07,0.0018237,0.0001159,0.0008938,0.0002894,0.0015376,0.0007359,0.0029529,0.0145729,0.0317753,0.0243619,0.0244211,0.0342986,0.0337731,
538,3e-07,0.0013727,0.0001165,0.0001088,0.0009196,0.0010952,0.0011972,0.0019574,0.0156987,0.0360496,0.0442428,0.0573373,0.0299084,0.0464883,
539,3e-07,0.0013715,0.0001147,0.000108,0.0009164,0.0008809,0.0015922,0.0016879,0.011901,0.0286463,0.0413792,0.0609339,0.0537265,0.0434324,
540,3e-07,0.0016047,0.0001143,0.000107,0.0007537,0.0001767,0.0015925,0.0042843,0.0111831,0.0281579,0.0438184,0.0552288,0.0358144,0.0447273,
541,3e-07,0.0009758,0.0001158,0.0001074,0.0002886,0.0009172,0.00091,0.0057873,0.0198935,0.0359097,0.0486165,0.0701979,0.0108895,0.0576576,
542,2e-07,0.0015539,0.0009083,0.0001081,0.0002895,0.0010959,0.0009106,0.0044747,0.0194746,0.0209173,0.0313839,0.0463432,0.0439555,0.0347436,
543,2e-07,0.0015548,0.000939,0.0001075,0.0016384,0.001095,0.00091,0.0052546,0.0183239,0.0269779,0.0210134,0.0387812,0.060123,0.054412,
544,2e-07,0.000227,0.0009107,0.0008983,0.0002866,0.0016475,0.0003638,0.001727,0.0213713,0.0346515,0.0325694,0.0207426,0.0142643,0.0639801,
545,2e-07,0.0009913,0.0001126,0.0013457,0.0012164,0.0011385,0.0011957,0.0045699,0.0133316,0.0328989,0.0331873,0.0135149,0.0193542,0.0543864,
546,3e-07,0.000995,0.0001126,0.0001058,0.0002855,0.0009135,0.0013574,0.0045338,0.0114835,0.0229526,0.01335,0.0290066,0.0152283,0.0451613,
547,3e-07,0.0013766,0.0001136,0.0008961,0.0007545,0.0001702,0.0011096,0.001121,0.0106271,0.0426977,0.0222103,0.0405026,0.0162927,0.0469759,
548,3e-07,0.0010053,0.0001125,0.0010217,0.0007545,0.0001669,0.0011965,0.0052318,0.0079368,0.00592,0.0297229,0.0469596,0.044266,0.0365659,
549,3e-07,0.0015372,0.000935,0.0008946,0.0009921,0.0001611,0.0013882,0.0084501,0.0131885,0.0285391,0.0616518,0.0308056,0.0446267,0.0130538,
550,3e-07,0.0013859,0.0001122,0.0001071,0.0002862,0.0001569,0.0011059,0.0035703,0.0137536,0.0106648,0.0370929,0.0249872,0.0526173,0.0210912,
551,3e-07,0.0002179,0.0001107,0.0001065,0.0002842,0.0014402,0.0017167,0.0033916,0.0075567,0.0235939,0.0268557,0.0356919,0.0319792,0.0082934,
552,3e-07,0.0002229,0.0001103,0.000106,0.0014952,0.000164,0.0011168,0.002663,0.0129265,0.0122298,0.036465,0.0293758,0.0600713,0.0138175,
553,3e-07,0.0013846,0.0001102,0.0008944,0.0002863,0.0014109,0.000737,0.0024805,0.0113007,0.017096,0.0498231,0.0271716,0.0674044,0.0260866,
554,3e-07,0.0009659,0.0010883,0.0001066,0.0002847,0.0001587,0.0013552,0.0022999,0.0129057,0.0231072,0.0422183,0.0575862,0.0378291,0.0219504,
555,3e-07,0.0002259,0.0001079,0.0001058,0.0014896,0.0013083,0.0022192,0.0016651,0.0179784,0.0367156,0.0417587,0.0597499,0.0744801,0.0423721,
556,3e-07,0.0018331,0.0001079,0.0001059,0.0011537,0.0014596,0.0019764,0.0030232,0.0093181,0.0569972,0.0355726,0.032029,0.0806955,0.0498612,
557,3e-07,0.0002325,0.0001077,0.0008947,0.0007565,0.000162,0.0019214,0.012735,0.0334165,0.0660817,0.0310803,0.011916,0.083951,0.0475246,
558,3e-07,0.0002352,0.0001058,0.0014831,0.0002846,0.00108,0.0023041,0.0021369,0.0470201,0.0626679,0.0184541,0.0229264,0.0620324,0.0710519,
559,2e-07,0.0002401,0.0001058,0.0001059,0.0002855,0.0009198,0.0015854,0.0038445,0.0287652,0.053767,0.0481201,0.0272866,0.0477528,0.054041,
560,2e-07,0.0002412,0.0001071,0.0013496,0.0013218,0.0013947,0.0014495,0.0072348,0.0074682,0.0458003,0.0493232,0.0130044,0.0461719,0.0343665,
561,2e-07,0.0015453,0.0001062,0.0008938,0.0002868,0.0015584,0.0023435,0.0045677,0.016454,0.0263865,0.0402266,0.0336158,0.0299554,0.0287034,
562,2e-07,0.0002451,0.0001045,0.0001065,0.0007581,0.0023785,0.0012065,0.0133768,0.0256849,0.0622865,0.0190737,0.044861,0.0416536,0.0305929,
563,2e-07,0.0002495,0.0001051,0.0001065,0.000288,0.0012733,0.0019179,0.0109595,0.030698,0.0203399,0.0732348,0.0849163,0.0465422,0.0145876,
564,2e-07,0.0002494,0.0001066,0.0001076,0.0007543,0.000168,0.0003634,0.005266,0.0306203,0.06724,0.0696649,0.1195157,0.0695081,0.0537991,
565,2e-07,0.0012036,0.0001078,0.0001075,0.0002896,0.0010951,0.0009021,0.0040435,0.0249583,0.0255612,0.0345919,0.0443988,0.0299073,0.0128384,
566,2e-07,0.0018391,0.0001093,0.0001078,0.0002896,0.0009288,0.0009024,0.0029334,0.0238971,0.0324808,0.0346442,0.0509655,0.0656506,0.0402804,
567,3e-07,0.0015788,0.0001098,0.0010016,0.0007536,0.0016655,0.0011085,0.0028646,0.0080676,0.0397554,0.0473985,0.0696279,0.0619572,0.0515643,
568,3e-07,0.0002379,0.0001116,0.0001081,0.0007511,0.0015373,0.0013556,0.0055517,0.0074602,0.0466569,0.0433369,0.0545099,0.0693251,0.0512808,
569,2e-07,0.0010152,0.0009105,0.0009924,0.0011473,0.0001721,0.0011941,0.0044,0.0136776,0.0402678,0.0454964,0.0531905,0.0599606,0.0444478,
570,2e-07,0.0002432,0.0010036,0.001406,0.0009134,0.0001757,0.0009047,0.0029463,0.0097571,0.0411488,0.0412335,0.0531758,0.0665698,0.051864,
571,3e-07,0.0002391,0.0001116,0.0001076,0.0002899,0.0009241,0.0017195,0.0028787,0.0077663,0.0254178,0.0312425,0.0263663,0.0542918,0.0720041,
572,3e-07,0.0002436,0.0009093,0.0001088,0.0002917,0.0011313,0.000363,0.0024753,0.0079603,0.0264184,0.0176723,0.0131723,0.0537968,0.0731358,
573,2e-07,0.0002474,0.0001111,0.000894,0.0007524,0.0011004,0.0009058,0.0026786,0.0111232,0.0141248,0.0160503,0.0406823,0.0382926,0.0543101,
574,2e-07,0.0002428,0.0001113,0.0001076,0.0002903,0.0001827,0.0009153,0.0026804,0.0105449,0.0203315,0.034087,0.0396994,0.0205044,0.0558507,
575,3e-07,0.0002424,0.0009085,0.0009833,0.0002916,0.0017715,0.0023581,0.0034205,0.007562,0.027113,0.0400672,0.0431526,0.0174327,0.0419396,
576,2e-07,0.0007643,0.0001126,0.0009966,0.001219,0.0012892,0.0014637,0.0033644,0.0045646,0.0291614,0.0291719,0.0316297,0.0374284,0.0164504,
577,1e-07,0.0002488,0.0001112,0.0001083,0.0013518,0.0015808,0.0011201,0.003559,0.0077161,0.0341409,0.0320481,0.0120118,0.0330262,0.0215047,
578,1e-07,0.0002444,0.0001125,0.0001084,0.0010022,0.0001904,0.0013565,0.0031514,0.0153025,0.0171232,0.0455097,0.0329582,0.042338,0.0624198,
579,1e-07,0.0002468,0.0001139,0.0009771,0.0015049,0.0001908,0.0013957,0.006284,0.021473,0.0050238,0.0375536,0.0428131,0.0197203,0.0725253,
580,1e-07,0.0002529,0.0009065,0.0001103,0.0002934,0.0009142,0.0007397,0.0044345,0.0129898,0.0272915,0.0441053,0.0416061,0.0268103,0.0393909,
581,1e-07,0.0007619,0.0001113,0.0013189,0.0015568,0.0009182,0.0014625,0.0064156,0.0112315,0.0207092,0.0289817,0.0413689,0.0452882,0.0417443,
582,1e-07,0.0002573,0.0001097,0.0008975,0.0013561,0.000917,0.0017239,0.0060489,0.0054047,0.0235359,0.0222606,0.0499898,0.0379314,0.0455085,
583,1e-07,0.0002633,0.00011,0.001434,0.0002932,0.001279,0.0017241,0.0052825,0.0077951,0.0191468,0.0215751,0.0499421,0.0241484,0.0380656,
584,2e-07,0.0002693,0.0013781,0.0011043,0.0002939,0.0021524,0.0011245,0.0040136,0.01866,0.0620557,0.0750692,0.0304279,0.0363152,0.0992046,
585,2e-07,0.0007481,0.0001077,0.0013371,0.0002923,0.0018279,0.0022263,0.011064,0.0258998,0.0386743,0.0156772,0.0248329,0.0574515,0.0392569,
586,1e-07,0.0007534,0.0001068,0.0009705,0.0015855,0.0018231,0.0062492,0.0047797,0.0242367,0.0378214,0.0319028,0.0350457,0.0356866,0.0534479,
587,1e-07,0.000757,0.0016471,0.0001069,0.0010781,0.0012466,0.0034852,0.0086714,0.0152535,0.0208196,0.0276877,0.0402319,0.0460473,0.0496049,
588,1e-07,0.0012793,0.0001046,0.0014894,0.0019999,0.0025195,0.0022551,0.0130006,0.0135318,0.0245671,0.0737494,0.0372095,0.0422066,0.0558045,
589,1e-07,0.0002607,0.0001047,0.000107,0.0017133,0.0052812,0.0105542,0.0165247,0.0306461,0.0559964,0.0702846,0.0167765,0.0661383,0.072823,
590,1e-07,0.0002558,0.0009466,0.0001071,0.0015461,0.0013997,0.0011972,0.0151213,0.0306172,0.0226917,0.0397597,0.0302162,0.033903,0.0672893,
591,1e-07,0.0002554,0.0009115,0.0001079,0.0002895,0.0013992,0.0020731,0.0120492,0.0133068,0.0335237,0.0347895,0.0275421,0.0219393,0.0724196,
592,1e-07,0.0002489,0.0001085,0.0008998,0.0002881,0.000929,0.001191,0.0064005,0.0191273,0.0251045,0.0440873,0.0560256,0.0361059,0.0188937,
593,1e-07,0.0002438,0.0010091,0.0001064,0.0002871,0.0013873,0.0009155,0.009107,0.007202,0.0358646,0.0429619,0.0261597,0.0338416,0.0430933,
594,1e-07,0.0002392,0.0010021,0.0009005,0.0007625,0.0011177,0.0011993,0.0066456,0.0188072,0.0140238,0.0338468,0.0313341,0.0230271,0.0344623,
595,2e-07,0.0007775,0.0001078,0.0001051,0.0002836,0.0008722,0.0003622,0.0045628,0.0131032,0.0090672,0.0257906,0.0235434,0.0420851,0.0286431,
596,1e-07,0.0002329,0.000106,0.0001049,0.0013138,0.0008704,0.0009051,0.0034146,0.0101354,0.0143025,0.0247043,0.023393,0.0150674,0.0183131,
597,1e-07,0.0002355,0.0001051,0.001035,0.0002827,0.0008731,0.000362,0.0038946,0.0161404,0.0065774,0.0152892,0.0461612,0.0332881,0.0292257,
598,2e-07,0.0007782,0.0001055,0.0001047,0.0002821,0.0001805,0.0009027,0.0048336,0.0141686,0.0126001,0.0354625,0.0618836,0.0497815,0.0486265,
599,3e-07,0.0002327,0.0001055,0.0001049,0.0002829,0.0010799,0.0009017,0.0053129,0.0200315,0.0343294,0.0757362,0.0355265,0.0634036,0.0469447,
600,3e-07,0.0002314,0.0001039,0.0001048,0.0017137,0.0014063,0.0017205,0.0088434,0.0322648,0.063938,0.0759577,0.0457892,0.0395722,0.0519309,
601,1e-07,0.000236,0.0001031,0.0001046,0.0002813,0.0001821,0.0012043,0.0057944,0.0134151,0.0547328,0.0414365,0.0162267,0.0434553,0.0504046,
602,2e-07,0.00024,0.0001035,0.0008995,0.0009931,0.0009431,0.0007402,0.002019,0.019921,0.0621596,0.0355704,0.0104914,0.0549479,0.077618,
603,2e-07,0.0002391,0.0001025,0.0001049,0.0016345,0.003293,0.0060412,0.0169535,0.0272844,0.0171067,0.0204044,0.0204313,0.0683444,0.0647503,
604,2e-07,0.000772,0.000101,0.0014706,0.0017166,0.0024989,0.0028778,0.0097412,0.0125789,0.0300107,0.0306245,0.0192488,0.0393543,0.030573,
605,1e-07,0.0002429,0.0014564,0.0013839,0.0020886,0.0035691,0.0035264,0.0072174,0.020253,0.046293,0.0529957,0.0293395,0.0404885,0.0412772,
606,2e-07,0.0007648,0.0001015,0.0011003,0.0011587,0.0026339,0.0013539,0.0117884,0.0175491,0.0577577,0.0657081,0.037947,0.0556032,0.1009782,
607,2e-07,0.000764,0.0001003,0.001328,0.0026886,0.0037373,0.0042845,0.0220978,0.0106588,0.0661923,0.0201263,0.0382553,0.0543062,0.0773206,
608,2e-07,0.0002486,0.0021886,0.0030672,0.0031826,0.0046438,0.0085683,0.0161377,0.0333581,0.0423899,0.0447982,0.0172374,0.080828,0.0407903,
609,1e-07,0.0007692,9.84e-05,0.0009031,0.0019809,0.0045485,0.0013947,0.0146793,0.0422386,0.0255529,0.0419896,0.0267573,0.0115365,0.042645,
610,1e-07,0.0012506,9.71e-05,0.0001051,0.0026804,0.0053592,0.0036243,0.0228738,0.0567026,0.0320415,0.0367801,0.0230969,0.0185153,0.0454361,
611,1e-07,0.000236,9.7e-05,0.0001056,0.0017231,0.003713,0.0051328,0.0127969,0.0239305,0.0397452,0.0385007,0.0214931,0.0204307,0.0689327,
612,1e-07,0.0007759,0.001062,0.0025309,0.001157,0.0011461,0.0045378,0.0114092,0.0514034,0.0296305,0.0377863,0.0310293,0.0152861,0.0411356,
