#Time_fs,0,50,100,150,200,250,300,500,750,1000,1250,1500,1750,2000,
1,2e-07,0.0005288,0.0008713,0.0009398,0.0019462,0.0006978,0.0011388,0.0088719,0.0240049,0.0352502,0.0480623,0.0316958,0.06614,0.0578789,
2,1e-07,0.0010273,0.0005913,0.0010164,0.0007833,0.0015915,0.0010215,0.0074182,0.0266617,0.0437995,0.0200257,0.0345326,0.0963164,0.063451,
3,1e-07,0.0010281,0.0011835,0.0005644,0.0004573,0.0016934,0.0004233,0.0036883,0.0203799,0.0332848,0.0239324,0.0351924,0.0527087,0.0669212,
4,1e-07,0.0005107,0.0008731,0.0006928,0.0008274,0.0013738,0.0008309,0.0025713,0.0021618,0.0035336,0.0142924,0.0316705,0.0387077,0.0331704,
5,1e-07,0.000511,0.0007119,0.0006889,0.0011105,0.0009809,0.0008343,0.0017121,0.0050304,0.012675,0.0340201,0.0420101,0.0295302,0.0536727,
6,1e-07,0.00051,0.0010696,0.0010113,0.0012921,0.0011065,0.0013488,0.0019941,0.0061257,0.0052851,0.0391383,0.0430417,0.0426592,0.0458296,
7,1e-07,0.0005284,0.0009934,0.0013327,0.0004659,0.001418,0.000837,0.0004857,0.0052871,0.0118133,0.0233546,0.0414414,0.0662325,0.0467071,
8,1e-07,0.0005082,0.0005917,0.0006842,0.0007713,0.0009804,0.0008396,0.001435,0.0016789,0.0172485,0.0085815,0.0385494,0.0463025,0.0427448,
9,1e-07,0.0010415,0.0007087,0.0016204,0.0008725,0.0007268,0.0018205,0.0028094,0.0028857,0.0030798,0.0274201,0.0302879,0.0327417,0.0371612,
10,1e-07,0.0010391,0.0007063,0.0015773,0.001433,0.0002796,0.0009459,0.0029123,0.0028834,0.0191609,0.0253763,0.0242622,0.0132444,0.0295604,
11,1e-07,0.0005094,0.0008701,0.0010089,0.0014681,0.001576,0.0007328,0.0013274,0.0127199,0.0209379,0.010445,0.0209097,0.0142172,0.0365009,
12,1e-07,0.0010389,0.0011168,0.0006771,0.0010298,0.0015734,0.0014166,0.0042578,0.0090162,0.0172953,0.0304384,0.0168711,0.0125643,0.0297368,
13,1e-07,0.0005098,0.0007845,0.0005777,0.0004741,0.0009809,0.001218,0.0057172,0.0051936,0.0114313,0.0339584,0.0154912,0.0292951,0.0416156,
14,1e-07,0.0010407,0.0005937,0.0008542,0.0017963,0.0022242,0.0007394,0.0059497,0.0060622,0.0241538,0.0363943,0.0284896,0.0348781,0.0519818,
15,1e-07,0.0005111,0.0007022,0.0006719,0.0014705,0.0014137,0.001348,0.012691,0.0048846,0.0220763,0.0257393,0.0412647,0.0208491,0.0407273,
16,1e-07,0.0005292,0.0011197,0.0006697,0.0015142,0.0012043,0.0015858,0.0045779,0.00781,0.0200938,0.0255475,0.051298,0.0306933,0.0249447,
17,2e-07,0.000527,0.0007,0.0009499,0.001846,0.0009817,0.0027548,0.0081953,0.0103054,0.0439778,0.0299929,0.0376432,0.0523732,0.0291378,
18,2e-07,0.0005259,0.0014572,0.0011896,0.002646,0.0039858,0.0029111,0.0115065,0.0224479,0.0352607,0.0482136,0.0542069,0.0175936,0.0409192,
19,2e-07,0.0005164,0.000873,0.0017937,0.0027368,0.0036014,0.005468,0.0252136,0.0151667,0.0403111,0.0328207,0.0435722,0.0377183,0.0261206,
20,2e-07,0.0005169,0.0014574,0.0019299,0.0026706,0.0036519,0.0035319,0.0285297,0.0450442,0.0256852,0.0187934,0.0278714,0.0254959,0.036395,
21,3e-07,0.0010416,0.0022499,0.003226,0.0014347,0.0078384,0.0106213,0.0272821,0.0553441,0.0465687,0.0264249,0.0209505,0.0426527,0.0518134,
22,3e-07,0.0012259,0.001457,0.0030661,0.0075787,0.0148014,0.0149163,0.0279823,0.0562807,0.041693,0.0349145,0.0530886,0.0790634,0.0767182,
23,4e-07,0.0029526,0.002878,0.0107978,0.01887,0.0290544,0.0287872,0.0460223,0.09328,0.0611552,0.0701394,0.0963305,0.0744609,0.1187492,
24,4e-07,0.00413,0.0054441,0.0136858,0.0260393,0.0299817,0.0301233,0.0572998,0.0999399,0.112171,0.0645046,0.089248,0.078201,0.1256254,
25,3e-07,0.0010413,0.0047966,0.017369,0.0175477,0.0137747,0.0209324,0.0471638,0.0500464,0.0369896,0.0412545,0.0522179,0.0796651,0.0577484,
26,2e-07,0.0057157,0.0081207,0.0184658,0.0236517,0.0252175,0.0277184,0.0381035,0.0589736,0.0381343,0.0261658,0.0853072,0.0599361,0.0326496,
27,2e-07,0.0005233,0.0073841,0.0094317,0.0078893,0.00799,0.0113132,0.0310654,0.050196,0.0400475,0.0484349,0.0578153,0.0439329,0.0347101,
28,2e-07,0.0005162,0.0016895,0.0029149,0.0073396,0.0062702,0.0048918,0.0214378,0.0059118,0.0064326,0.0524544,0.043095,0.0373557,0.0269293,
29,2e-07,0.0005142,0.0013071,0.0023179,0.0054069,0.0070679,0.0066067,0.0162977,0.0177928,0.0051734,0.0465051,0.0318934,0.0405179,0.0722978,
30,2e-07,0.0005114,0.0013083,0.000583,0.000837,0.0020839,0.0009234,0.0065963,0.0026195,0.0344055,0.0245679,0.0079116,0.014004,0.022266,
31,2e-07,0.0005302,0.000593,0.0005841,0.0007596,0.0015696,0.0020251,0.0011378,0.0072494,0.0183865,0.0218111,0.0324217,0.0486718,0.0184481,
32,2e-07,0.0005326,0.0007883,0.0006669,0.0010249,0.0020155,0.0023125,0.001536,0.0024574,0.0211475,0.0359638,0.0382748,0.0250854,0.0510041,
33,3e-07,0.000534,0.0005946,0.0005882,0.0007559,0.0012546,0.0014105,0.0031938,0.0097613,0.0243348,0.0147931,0.0563531,0.0254494,0.0695289,
34,3e-07,0.0005333,0.0006986,0.000662,0.0007552,0.0017611,0.0013612,0.003497,0.0100565,0.033838,0.0337935,0.0340852,0.028574,0.0392197,
35,3e-07,0.0005093,0.0010608,0.0009975,0.0018494,0.0020144,0.0013591,0.003968,0.0123259,0.0267288,0.0246103,0.0216801,0.0354805,0.0566838,
36,2e-07,0.0005112,0.0014573,0.0011811,0.0008392,0.0022316,0.0011756,0.0029187,0.0041273,0.0136364,0.0210426,0.017486,0.0232724,0.0561004,
37,2e-07,0.0010353,0.0010632,0.0017111,0.0015567,0.0020871,0.0019613,0.0094152,0.0034506,0.0126963,0.0190659,0.0253492,0.0304593,0.0539331,
38,2e-07,0.0010286,0.0005885,0.0005859,0.0015353,0.0031295,0.0025613,0.0176125,0.0160167,0.0131327,0.0280034,0.0299676,0.0422563,0.0347331,
39,3e-07,0.0005144,0.0006979,0.000913,0.0030635,0.0030865,0.0039743,0.0172234,0.0079991,0.0346863,0.0423381,0.0439286,0.0525759,0.0413741,
40,3e-07,0.0005278,0.0016883,0.0035169,0.0082726,0.0128149,0.0145231,0.0041436,0.0209723,0.034525,0.0198148,0.0399352,0.064368,0.0278714,
41,3e-07,0.001019,0.0019454,0.0033684,0.0109201,0.0138954,0.0158289,0.029943,0.0267024,0.0493592,0.0275703,0.0402606,0.0442003,0.0398369,
42,3e-07,0.001043,0.0013029,0.0035952,0.0024157,0.002737,0.0048309,0.0260963,0.0356531,0.0363286,0.0322953,0.0300722,0.0492492,0.039623,
43,3e-07,0.0010447,0.0014328,0.0009618,0.0028962,0.0036358,0.0068698,0.0121969,0.0327416,0.0305196,0.0290349,0.0332726,0.061509,0.0185679,
44,3e-07,0.0016395,0.0055293,0.014682,0.0183208,0.0132379,0.0159805,0.0228323,0.0336442,0.0464274,0.0497986,0.0456503,0.0714495,0.04455,
45,3e-07,0.0027311,0.0055736,0.013823,0.0095815,0.0195177,0.0198946,0.0159606,0.0191349,0.0525611,0.0601193,0.0658125,0.0663336,0.0738136,
46,3e-07,0.0010443,0.0045204,0.0064113,0.0117666,0.0201201,0.024792,0.0297067,0.0368928,0.0341629,0.0518762,0.0561458,0.0478866,0.0421795,
47,3e-07,0.0012071,0.0043538,0.0040887,0.0153603,0.0205174,0.0147685,0.0276458,0.0497282,0.065119,0.0485296,0.0668007,0.0527159,0.0459114,
48,3e-07,0.0023238,0.0054662,0.0072692,0.0064119,0.0024986,0.0042421,0.0152126,0.0055752,0.0196944,0.0224001,0.0563588,0.0456482,0.0298519,
49,3e-07,0.0021669,0.0088681,0.0094549,0.0089225,0.0091528,0.0171679,0.0186512,0.0346253,0.0503754,0.0325306,0.0463446,0.0132236,0.0127342,
50,3e-07,0.0005226,0.0018395,0.0013291,0.0074046,0.0091002,0.0023418,0.0220661,0.0649075,0.0553702,0.0471332,0.0520658,0.0235442,0.0400637,
51,3e-07,0.0005241,0.0020244,0.0009073,0.0055287,0.0092445,0.01791,0.0195477,0.0552042,0.0679457,0.0405499,0.0198184,0.028257,0.0600554,
52,3e-07,0.0012287,0.0005811,0.0014758,0.0048466,0.0076465,0.0132329,0.0185772,0.02198,0.0300642,0.042952,0.0685741,0.0248131,0.0328601,
53,3e-07,0.0005179,0.0005813,0.0015906,0.0021556,0.0012771,0.0047782,0.0120868,0.0181284,0.0411246,0.0582259,0.0752032,0.0458159,0.0528118,
54,3e-07,0.0005285,0.0017062,0.001869,0.0018347,0.0020262,0.0022405,0.0114773,0.0090663,0.045347,0.0249899,0.030239,0.0589071,0.0513407,
55,3e-07,0.0005295,0.0009971,0.0006002,0.0008439,0.0024115,0.002847,0.0159298,0.015199,0.0317543,0.0073243,0.0430528,0.0246445,0.0471856,
56,3e-07,0.0015126,0.0005832,0.0018738,0.0021572,0.0045795,0.0054282,0.0072197,0.0183624,0.0269246,0.064745,0.0540753,0.0675239,0.0863519,
57,3e-07,0.0005266,0.0008783,0.0005946,0.0004906,0.0027928,0.0046328,0.0053606,0.0178505,0.04638,0.015879,0.0117421,0.0349485,0.0436101,
58,3e-07,0.0005284,0.0007962,0.0006465,0.0008425,0.0012152,0.0015492,0.0046476,0.0202243,0.0242065,0.0346674,0.0438107,0.0387277,0.0333116,
59,3e-07,0.0012343,0.0014553,0.0005984,0.001311,0.0012847,0.0008638,0.0083461,0.0296343,0.0421804,0.0611101,0.0683069,0.0525527,0.0709698,
60,3e-07,0.0005258,0.0006884,0.0005948,0.0022022,0.002688,0.0013131,0.0035457,0.0353962,0.0354924,0.0665018,0.0694896,0.0459314,0.0464548,
61,3e-07,0.0005261,0.0014554,0.0018086,0.0021987,0.0037021,0.0034381,0.0129859,0.0548482,0.0323706,0.0666188,0.0780343,0.0561329,0.0333601,
62,4e-07,0.0010211,0.0011885,0.0011553,0.0025161,0.0025641,0.0011596,0.0082955,0.0430628,0.0573959,0.0531587,0.0079601,0.0428556,0.0430375,
63,4e-07,0.0005152,0.0017752,0.000592,0.0007534,0.0012414,0.0011638,0.011061,0.0224196,0.0337852,0.0356196,0.0180635,0.0690977,0.0711092,
64,4e-07,0.0005259,0.0007999,0.0005895,0.0013135,0.0022364,0.0015045,0.0129895,0.0086557,0.0409864,0.0364339,0.0236008,0.0508373,0.0565348,
65,4e-07,0.0010189,0.0007993,0.0018766,0.0010438,0.0022797,0.0048555,0.0047562,0.0250436,0.0451236,0.0112232,0.0292088,0.045943,0.075615,
66,4e-07,0.0005173,0.0006915,0.001154,0.003264,0.0051972,0.00536,0.019391,0.0301611,0.0293159,0.0179778,0.058286,0.0743933,0.1038004,
67,3e-07,0.0010427,0.0006921,0.0008635,0.0026086,0.0036004,0.0045158,0.0077343,0.0366451,0.0254448,0.0185991,0.0482315,0.0659001,0.0455972,
68,3e-07,0.0005256,0.0005932,0.0008623,0.0007613,0.0012532,0.0026199,0.0133773,0.0272861,0.0212612,0.0158558,0.0345773,0.0542759,0.0290537,
69,3e-07,0.0005247,0.000695,0.0010075,0.0015338,0.0028994,0.0085096,0.0196336,0.0106366,0.0310637,0.0433741,0.0319374,0.0518126,0.0158751,
70,3e-07,0.0005255,0.0008713,0.0011923,0.0018027,0.000756,0.0016504,0.0205704,0.0071414,0.0110703,0.0369897,0.074786,0.0290956,0.0228905,
71,2e-07,0.0005165,0.0013131,0.0024702,0.0024463,0.0040988,0.0024284,0.0062918,0.0120432,0.0750933,0.1111832,0.1080166,0.1113653,0.0495877,
72,3e-07,0.0005169,0.0006952,0.001385,0.0029086,0.003587,0.002779,0.011206,0.0114722,0.038852,0.0408836,0.0738132,0.0672046,0.0480639,
73,3e-07,0.0010398,0.001741,0.0006603,0.001249,0.0029345,0.0050084,0.0064856,0.0322396,0.0388036,0.0341842,0.0299179,0.012304,0.0584522,
74,3e-07,0.0010253,0.000596,0.0005789,0.0013786,0.0020327,0.0015679,0.0115745,0.0445015,0.0307922,0.0430176,0.022181,0.0417348,0.0643292,
75,3e-07,0.000527,0.0016988,0.0010047,0.0013785,0.0009827,0.0023165,0.0095843,0.045212,0.0619491,0.0340765,0.0175104,0.014414,0.0341625,
76,3e-07,0.0005136,0.0006925,0.0010017,0.0004908,0.0013999,0.0014216,0.0135454,0.032451,0.0247501,0.031625,0.030603,0.0444481,0.0311741,
77,3e-07,0.0005292,0.0007963,0.0011496,0.001856,0.0013953,0.0007431,0.0038444,0.0273733,0.0194392,0.0189834,0.0323613,0.0171421,0.0857469,
78,3e-07,0.0017475,0.0008728,0.0018683,0.0018399,0.0007706,0.0018555,0.0027526,0.0223174,0.0387417,0.0594028,0.0363373,0.0379377,0.0588695,
79,3e-07,0.0005115,0.0013069,0.0015108,0.0030213,0.0019734,0.0025955,0.0090155,0.0519446,0.0200709,0.0585452,0.0497501,0.0613472,0.0666159,
80,3e-07,0.0005312,0.0006949,0.0005945,0.0008426,0.0015923,0.001312,0.0029498,0.0258437,0.0223793,0.0446803,0.041125,0.0344443,0.0242091,
81,3e-07,0.000511,0.0005882,0.0008662,0.0018845,0.001555,0.0018135,0.0061656,0.0164479,0.0310196,0.0440348,0.0513932,0.0399805,0.0373979,
82,3e-07,0.0005115,0.0005864,0.0005959,0.0013251,0.002908,0.0008969,0.0041365,0.0137103,0.0604758,0.0570735,0.0537249,0.0715816,0.0321773,
83,3e-07,0.0010353,0.0007891,0.0005963,0.0013228,0.0023012,0.004477,0.0058756,0.0043699,0.0564239,0.0602898,0.0342401,0.0434358,0.0355709,
84,3e-07,0.0005325,0.0018894,0.0019204,0.0012989,0.0044743,0.004267,0.0051177,0.0081163,0.0261569,0.0405596,0.038673,0.0325398,0.0274644,
85,2e-07,0.0010252,0.0006987,0.000953,0.0017928,0.0048602,0.0053926,0.0044594,0.0038703,0.017433,0.0468026,0.0237347,0.0262879,0.0359989,
86,3e-07,0.0005126,0.0014556,0.0009532,0.0028986,0.001223,0.0004335,0.0030594,0.0088184,0.0149499,0.024839,0.0242394,0.0351198,0.0348588,
87,3e-07,0.0010264,0.0006967,0.0011796,0.0015843,0.0012273,0.0012503,0.0086214,0.011588,0.0265129,0.0178102,0.0266176,0.055862,0.0197367,
88,3e-07,0.0005315,0.0008742,0.0005918,0.0015838,0.000748,0.0015437,0.0078634,0.0119072,0.0147584,0.0341639,0.0143678,0.0641246,0.0414145,
89,3e-07,0.0005308,0.0005908,0.001144,0.000841,0.0010461,0.0009101,0.0049088,0.0079185,0.0105751,0.045709,0.0368511,0.0373963,0.0565099,
90,3e-07,0.0014962,0.001126,0.0009552,0.000842,0.0012216,0.0015141,0.0023053,0.0019793,0.0262823,0.0526821,0.0349916,0.0330705,0.0505926,
91,3e-07,0.0010444,0.0008714,0.0011458,0.000841,0.0012533,0.0015782,0.0017761,0.0095778,0.0334045,0.0566872,0.030331,0.047421,0.0407237,
92,3e-07,0.0005108,0.0010553,0.0016825,0.0007536,0.0009844,0.0009221,0.0034579,0.014646,0.0581763,0.040634,0.0395272,0.0550762,0.0489242,
93,3e-07,0.0010326,0.0011226,0.000912,0.0014496,0.0014035,0.0008482,0.0051643,0.0079337,0.0387445,0.0205723,0.023186,0.0720103,0.0806474,
94,3e-07,0.0005087,0.0019017,0.0009137,0.001304,0.0012621,0.0021525,0.0077399,0.0131336,0.040662,0.0617953,0.021266,0.0795462,0.0716745,
95,2e-07,0.0010349,0.0011777,0.0009495,0.001451,0.0012635,0.0004318,0.0058911,0.0153195,0.0196612,0.0503598,0.0050443,0.0304523,0.0262847,
96,2e-07,0.000508,0.0013154,0.0010035,0.0008375,0.0012178,0.0007267,0.0020598,0.019973,0.0237051,0.0246656,0.0159127,0.0631573,0.0458185,
97,2e-07,0.0010264,0.0005968,0.0019196,0.0008745,0.0010495,0.0004307,0.0031973,0.0139159,0.0207156,0.0341364,0.073956,0.0478916,0.0443426,
98,3e-07,0.000533,0.00087,0.0005828,0.0012991,0.0012099,0.0007236,0.0028903,0.0139753,0.0118404,0.0460173,0.0913672,0.0554854,0.0578264,
99,1e-07,0.0005342,0.0007049,0.0010012,0.0007612,0.000981,0.0009464,0.0052708,0.0087377,0.0099782,0.0324455,0.0597208,0.0898513,0.0876371,
100,2e-07,0.0005036,0.0005945,0.0019518,0.0008396,0.0017437,0.0012229,0.0025744,0.0054321,0.0220041,0.0265809,0.07506,0.0838086,0.045555,
101,2e-07,0.000536,0.0007059,0.0006753,0.0008397,0.0017384,0.0012286,0.0010603,0.0046549,0.0244359,0.017858,0.035045,0.0731447,0.0581744,
102,2e-07,0.0010297,0.000783,0.0006741,0.0013667,0.0009844,0.0008585,0.0031098,0.0074886,0.035136,0.0262334,0.0239518,0.0861786,0.0765823,
103,2e-07,0.0010192,0.0005887,0.0005903,0.0010294,0.0016303,0.0007191,0.001618,0.0093111,0.0235064,0.0185275,0.0365228,0.0774636,0.0632536,
104,2e-07,0.0005359,0.0005873,0.0009955,0.0012911,0.00156,0.0013712,0.0019949,0.0120087,0.0141579,0.025725,0.0340291,0.0217799,0.0575776,
105,2e-07,0.0005352,0.0007071,0.0009401,0.0011218,0.0015588,0.0008615,0.0073844,0.0055138,0.0409386,0.0440922,0.0211341,0.0529145,0.0972535,
106,2e-07,0.0005345,0.0007799,0.0005884,0.0004651,0.0017074,0.0014066,0.0067769,0.0098355,0.0401857,0.0675708,0.0443802,0.074954,0.1166218,
107,2e-07,0.00102,0.0005828,0.0005881,0.0010345,0.0016995,0.0012434,0.0070087,0.0133835,0.0241234,0.0091862,0.0445514,0.0541453,0.0862776,
108,2e-07,0.0010217,0.0007783,0.0006792,0.0008365,0.0012261,0.0018182,0.0099664,0.0053293,0.0323159,0.0503394,0.0313041,0.065969,0.0825989,
109,2e-07,0.0005084,0.0007113,0.000935,0.0008759,0.0009864,0.0014122,0.005088,0.0222415,0.0417584,0.0369392,0.0409168,0.0674846,0.064586,
110,2e-07,0.000507,0.0007119,0.0008508,0.0015107,0.0010463,0.0015256,0.0048736,0.0101746,0.0076328,0.0227635,0.0397223,0.0610191,0.0392393,
111,1e-07,0.0005315,0.0005861,0.000935,0.0004628,0.0009842,0.0011019,0.0012576,0.0021043,0.0094397,0.0213549,0.0223724,0.0581136,0.0584471,
112,1e-07,0.0005309,0.0007796,0.0005786,0.0007686,0.0011005,0.0011038,0.0015702,0.0054581,0.003993,0.0157502,0.0208694,0.0528444,0.0698658,
113,1e-07,0.0010414,0.0005889,0.0011849,0.0004678,0.000295,0.0012202,0.0023453,0.0042348,0.0180613,0.0235342,0.0203894,0.0283038,0.0401867,
114,1e-07,0.0005274,0.0007057,0.0009232,0.0010317,0.0010983,0.0004238,0.0027388,0.0064115,0.036096,0.0166279,0.0237015,0.0362932,0.0221185,
115,1e-07,0.0005131,0.0008742,0.0011354,0.0007706,0.0010544,0.0018981,0.0036466,0.0117524,0.0249011,0.0165338,0.0300303,0.0419464,0.0464205,
116,1e-07,0.0005158,0.0005891,0.0018947,0.0023516,0.000982,0.0041299,0.0047419,0.0221305,0.0242527,0.0089208,0.0244366,0.0478409,0.049754,
117,1e-07,0.0012172,0.0022366,0.0031254,0.0015899,0.0025334,0.0039904,0.0127027,0.0207546,0.0460884,0.0073426,0.0098996,0.0385738,0.0472096,
118,2e-07,0.0005182,0.0018831,0.0033167,0.0040277,0.0031671,0.0082931,0.0186194,0.0102867,0.0212508,0.0401371,0.0150472,0.0568025,0.0567177,
119,2e-07,0.0012193,0.0056536,0.0092971,0.0116151,0.0150785,0.0097178,0.0241982,0.057834,0.065871,0.0606229,0.0182376,0.0338494,0.0621902,
120,2e-07,0.0005236,0.0027607,0.005341,0.0127906,0.0169205,0.011003,0.0125234,0.003781,0.0305059,0.064009,0.0378915,0.0442759,0.0645532,
121,2e-07,0.0005227,0.0011223,0.0017727,0.0014377,0.0030289,0.0059535,0.0124097,0.0089832,0.0271794,0.0383078,0.0452871,0.0479636,0.0519507,
122,1e-07,0.0005158,0.0007011,0.0009491,0.0018258,0.0017302,0.002585,0.0062477,0.0155409,0.0131452,0.0198278,0.0143282,0.0288024,0.021391,
123,1e-07,0.0005216,0.0007864,0.0005671,0.0008286,0.0014172,0.0007577,0.0043502,0.0164987,0.0145553,0.0257776,0.0291133,0.0123501,0.0167026,
124,1e-07,0.0005155,0.0005911,0.0005674,0.0010646,0.0016423,0.0015423,0.0025145,0.0081067,0.0133808,0.0245784,0.0168586,0.052541,0.0299336,
125,1e-07,0.0005252,0.0007058,0.0005698,0.0010662,0.0015624,0.0004186,0.0046697,0.0047224,0.0045218,0.0318523,0.0302855,0.0579118,0.0270352,
126,0.0,0.0005132,0.0005891,0.0008501,0.0004678,0.0009812,0.0013599,0.0030523,0.0042497,0.0035958,0.049722,0.027741,0.0390106,0.029633,
127,0.0,0.00104,0.0007096,0.0006828,0.0010352,0.0019448,0.0004246,0.0037279,0.0089323,0.0090147,0.0222023,0.0102004,0.0185074,0.0465825,
128,1e-07,0.0005279,0.0008755,0.0009379,0.0004652,0.0003071,0.0019794,0.0025019,0.0125034,0.0110768,0.0097702,0.0209888,0.0446548,0.0451898,
129,1e-07,0.000511,0.0007094,0.0005783,0.0004644,0.0010434,0.0011796,0.0050751,0.0244591,0.013758,0.010649,0.0209423,0.0436668,0.0367875,
130,1e-07,0.0010241,0.0007082,0.0005809,0.0018155,0.0014017,0.0020102,0.0040292,0.0204351,0.0131516,0.0226507,0.0146066,0.0572669,0.0245558,
131,1e-07,0.0005117,0.0008788,0.0011278,0.0008747,0.0010554,0.0026568,0.006644,0.011659,0.0344554,0.0177422,0.0206393,0.0165962,0.0160173,
132,2e-07,0.00053,0.0005797,0.0009998,0.0015873,0.0006877,0.0004334,0.0040644,0.0107832,0.0292712,0.0134804,0.0124943,0.0349428,0.0308371,
133,3e-07,0.0005132,0.0014922,0.0009418,0.0013588,0.0019302,0.0023358,0.0047691,0.0162565,0.0294999,0.0216809,0.0247744,0.0461436,0.0207705,
134,3e-07,0.0005294,0.0005807,0.0005851,0.0013609,0.0015003,0.0034528,0.005091,0.0070159,0.023065,0.0362384,0.0519876,0.0245562,0.0185764,
135,1e-07,0.0010229,0.0007056,0.0005814,0.0023452,0.0062901,0.0077754,0.0131692,0.0139863,0.0210337,0.0306203,0.0218417,0.0052977,0.0253424,
136,1e-07,0.0010353,0.0016491,0.0005783,0.0011119,0.0021833,0.0046865,0.0081651,0.0196245,0.0237484,0.049424,0.0240084,0.0127049,0.0290139,
137,1e-07,0.0005155,0.0007067,0.0015789,0.0013565,0.0021993,0.001767,0.0063287,0.0195654,0.0169116,0.0477388,0.038375,0.0353285,0.0284971,
138,1e-07,0.0005237,0.0007051,0.0023085,0.0050243,0.0083534,0.0109062,0.0121492,0.0384109,0.0290019,0.0510355,0.0269694,0.0216534,0.0347697,
139,1e-07,0.0005177,0.0019792,0.0042371,0.0059601,0.0074956,0.0105687,0.0116322,0.0256176,0.0162808,0.0169062,0.0314603,0.0347343,0.0359125,
140,2e-07,0.0012096,0.0035415,0.0096705,0.0164365,0.023882,0.0272217,0.0275464,0.0335586,0.0197007,0.0096054,0.0307706,0.0325419,0.0392387,
141,2e-07,0.0012186,0.0046545,0.0032992,0.0054228,0.006709,0.0187757,0.0330915,0.0285496,0.0340946,0.0159472,0.0551046,0.1133155,0.1129475,
142,2e-07,0.0040739,0.0028254,0.0045667,0.0057663,0.0071479,0.0147828,0.0475631,0.0507102,0.0642493,0.0803539,0.1363505,0.1191889,0.1431988,
143,2e-07,0.0015064,0.0047629,0.0074155,0.0254665,0.0372265,0.0408759,0.0427999,0.0395522,0.084105,0.031291,0.1257661,0.079347,0.1308103,
144,2e-07,0.0014981,0.0043854,0.0099466,0.0100796,0.0110724,0.0119633,0.0290697,0.0424863,0.0367536,0.0173442,0.0211899,0.0387656,0.0295667,
145,1e-07,0.0015029,0.0046524,0.009154,0.0139141,0.0301762,0.0367701,0.0449328,0.0400277,0.0304753,0.0520725,0.0208783,0.0524392,0.0159052,
146,1e-07,0.0019569,0.0030245,0.0053494,0.0064829,0.0117981,0.0183745,0.0329668,0.0176498,0.0085476,0.0504085,0.0434279,0.0551429,0.0538509,
147,1e-07,0.000526,0.0005883,0.0028533,0.0035949,0.0031536,0.0039545,0.006213,0.0197279,0.0113501,0.0127495,0.0214182,0.0301431,0.0657395,
148,1e-07,0.0005283,0.0008747,0.0026593,0.0024362,0.0034627,0.0041648,0.0056552,0.0195198,0.0097287,0.0329188,0.0268684,0.0223713,0.0449679,
149,1e-07,0.0005297,0.001068,0.0010038,0.0014534,0.0036693,0.0053403,0.0026553,0.0099926,0.0156652,0.0271248,0.0314924,0.0354665,0.0460243,
150,1e-07,0.0005316,0.0008743,0.0008534,0.0015873,0.0012395,0.0007288,0.0013223,0.0060735,0.0162471,0.0239552,0.0266341,0.0461462,0.0061428,
151,1e-07,0.0005065,0.000709,0.0008517,0.0007658,0.0002873,0.0008483,0.0008897,0.0083417,0.014807,0.0185056,0.0270607,0.0211222,0.0275785,
152,1e-07,0.0005343,0.0016299,0.0009353,0.001317,0.0015622,0.0020117,0.0007333,0.0198519,0.0178221,0.0415385,0.0403929,0.0327487,0.0431227,
153,2e-07,0.001044,0.0011819,0.0008501,0.0004644,0.0010508,0.0012923,0.0024723,0.0177465,0.0263565,0.0294045,0.0232538,0.0371096,0.0551676,
154,2e-07,0.0005022,0.0008713,0.0006866,0.0014487,0.0012841,0.0004444,0.0008588,0.0071137,0.0196737,0.0473323,0.045396,0.0388474,0.089234,
155,2e-07,0.000536,0.0009927,0.0009233,0.0007643,0.0009803,0.0014148,0.0016161,0.0098719,0.0356471,0.0352028,0.0783911,0.0860477,0.1105963,
156,2e-07,0.0005364,0.0007809,0.0006804,0.0004676,0.0010477,0.0011956,0.0022119,0.011061,0.0162009,0.0266745,0.0185947,0.0315109,0.0659774,
157,2e-07,0.0005054,0.0005921,0.0005835,0.0013185,0.0002751,0.0011013,0.0027398,0.0051118,0.0189503,0.0151769,0.0236136,0.0397922,0.03285,
158,2e-07,0.0005054,0.0016292,0.0006774,0.0007616,0.0015561,0.0004404,0.0052042,0.0035255,0.0345076,0.0243131,0.0475526,0.0453283,0.029709,
159,2e-07,0.0005331,0.0007832,0.0006746,0.000838,0.0009841,0.0004369,0.005171,0.0098367,0.0231118,0.0185585,0.035991,0.0172563,0.0316676,
160,2e-07,0.000508,0.0008753,0.0016022,0.0012936,0.0027995,0.0073385,0.0183505,0.0159367,0.0130209,0.0457495,0.0417516,0.0380669,0.0506061,
161,1e-07,0.0005108,0.0005866,0.0019857,0.0021981,0.0030739,0.009105,0.0249313,0.0122286,0.0267418,0.0274611,0.022173,0.0447613,0.0272861,
162,1e-07,0.0005123,0.002686,0.0076957,0.0054976,0.0055089,0.0091911,0.0233533,0.0245528,0.0229007,0.0346205,0.0078747,0.0308226,0.0353926,
163,1e-07,0.0014993,0.0078402,0.0116383,0.0182253,0.0159244,0.0245853,0.0207304,0.0189591,0.0139539,0.0217205,0.0291374,0.0483811,0.0207545,
164,2e-07,0.0031533,0.0077969,0.0156345,0.0226228,0.0295864,0.0314039,0.0436282,0.0155204,0.0204467,0.053442,0.0341934,0.0285666,0.033139,
165,2e-07,0.0025808,0.0076644,0.0123786,0.0136968,0.0130617,0.0246839,0.0197962,0.0274153,0.0319851,0.021571,0.037384,0.0095452,0.027833,
166,2e-07,0.0026628,0.0077069,0.0119958,0.0177657,0.0114188,0.0130785,0.0206357,0.0543752,0.0625411,0.0376886,0.0370313,0.0206246,0.0301484,
167,3e-07,0.0013639,0.0076163,0.0183088,0.016739,0.0210573,0.017231,0.0368371,0.0623236,0.0475741,0.0286036,0.0671737,0.0454952,0.041276,
168,3e-07,0.0005207,0.005473,0.007448,0.0043471,0.0063672,0.0106369,0.0163309,0.0264204,0.0520104,0.0926263,0.079636,0.0903788,0.0703889,
169,3e-07,0.0005211,0.0022836,0.0053112,0.0054327,0.0070266,0.0099963,0.0171285,0.0208914,0.0512098,0.0641791,0.060908,0.0886848,0.070466,
170,1e-07,0.001027,0.0011955,0.002927,0.0035237,0.0055936,0.0113199,0.0143983,0.0307545,0.059717,0.0300476,0.0574026,0.0486604,0.0568377,
171,1e-07,0.0012079,0.0016291,0.0029229,0.0041621,0.0075548,0.0100421,0.00737,0.0232592,0.0627447,0.0367953,0.059679,0.0564756,0.0474924,
172,1e-07,0.0012175,0.0023917,0.0037673,0.0049138,0.0061066,0.0063736,0.0079875,0.0301694,0.04592,0.0298399,0.0281916,0.054076,0.0412028,
173,2e-07,0.000515,0.0020906,0.0029003,0.0049868,0.0034005,0.0063663,0.0199778,0.0369709,0.0317525,0.0399337,0.024763,0.0402926,0.0549896,
174,2e-07,0.0014994,0.0018164,0.0028999,0.0053769,0.0105955,0.0201862,0.0258224,0.0153677,0.0508854,0.0371666,0.0290504,0.017873,0.0378722,
175,2e-07,0.0005116,0.0009958,0.0017862,0.0013677,0.00582,0.0071796,0.0126986,0.0130973,0.0487577,0.016993,0.0290361,0.0095511,0.0272262,
176,1e-07,0.0005094,0.000784,0.0006692,0.0022271,0.0032129,0.0051081,0.010646,0.0198155,0.0408268,0.0173194,0.0192664,0.0131944,0.0247307,
177,2e-07,0.0005328,0.0005873,0.0005893,0.001321,0.0013952,0.0015147,0.0061533,0.0144613,0.0016418,0.0524044,0.0693183,0.067599,0.0427818,
178,3e-07,0.0005341,0.0009958,0.0006656,0.0004755,0.0015462,0.0009102,0.0049937,0.0039029,0.0250898,0.0175062,0.0614151,0.0501645,0.0408135,
179,3e-07,0.0005108,0.0017019,0.0019607,0.0012978,0.0019829,0.0045843,0.0051273,0.0051415,0.0228733,0.0317818,0.052447,0.051209,0.0299345,
180,3e-07,0.0005328,0.0007023,0.0019809,0.0007574,0.0026285,0.0045769,0.0048866,0.0174946,0.0226907,0.044066,0.0401459,0.0082417,0.0226193,
181,2e-07,0.0010357,0.0005821,0.0038079,0.0075223,0.009682,0.0117645,0.0170069,0.0318976,0.0246188,0.0313961,0.0387453,0.0117654,0.0401153,
182,2e-07,0.0005112,0.001712,0.000589,0.0014681,0.0028447,0.004793,0.0067028,0.0257565,0.0280697,0.0423103,0.045204,0.0466816,0.0603285,
183,2e-07,0.000512,0.0009968,0.0009967,0.0025053,0.005057,0.0066952,0.0153428,0.0489428,0.0386082,0.0462196,0.0534075,0.0726222,0.0766928,
184,2e-07,0.0005133,0.0009973,0.0009956,0.0018205,0.0033025,0.0026216,0.014571,0.0501587,0.0318975,0.0577713,0.0796867,0.0840534,0.0665292,
185,2e-07,0.0010244,0.001073,0.0030046,0.0028016,0.0037274,0.007505,0.0148046,0.0440726,0.019448,0.0359524,0.0484398,0.0416194,0.0406964,
186,2e-07,0.0005154,0.002899,0.0054883,0.0059333,0.0065961,0.0072593,0.0237204,0.024498,0.0473665,0.0367652,0.0551977,0.0480479,0.0368754,
187,2e-07,0.0019533,0.0031871,0.0038187,0.0034728,0.00471,0.0053472,0.0206716,0.0329617,0.0468228,0.025032,0.0281214,0.0425212,0.0465742,
188,2e-07,0.0010416,0.0008801,0.0021391,0.0041295,0.0171146,0.0278955,0.0415527,0.0214756,0.0416088,0.0383118,0.0550394,0.0398709,0.0316671,
189,3e-07,0.0012255,0.0051945,0.0132217,0.0133774,0.0175145,0.0241038,0.0553255,0.0256292,0.0511915,0.036343,0.0332488,0.0541161,0.0793102,
190,2e-07,0.0014902,0.0027304,0.0070167,0.0132892,0.0182377,0.0247162,0.0374801,0.0165289,0.0572295,0.0667817,0.0385897,0.0763386,0.1156942,
191,3e-07,0.0012061,0.003441,0.0040384,0.0146566,0.0231302,0.0319529,0.0349386,0.0248639,0.0465487,0.0519689,0.1114675,0.1388905,0.1583631,
192,2e-07,0.0037704,0.0104919,0.0209532,0.027083,0.0291293,0.0274605,0.0109254,0.0367444,0.0451243,0.0880393,0.0711108,0.0642171,0.1331325,
193,2e-07,0.0005179,0.0044432,0.0056105,0.0135439,0.0111891,0.0200688,0.0285572,0.0376453,0.0076363,0.0152848,0.0564526,0.097925,0.1333375,
194,3e-07,0.0017498,0.0008809,0.0032619,0.0043235,0.0083384,0.0137268,0.0283722,0.0192373,0.0297316,0.078822,0.114222,0.1098381,0.1144238,
195,3e-07,0.0005256,0.0005765,0.0030762,0.0034994,0.0088172,0.011031,0.0276041,0.0194833,0.0993885,0.1033063,0.1560622,0.1395725,0.137683,
196,3e-07,0.0005255,0.0011272,0.0019571,0.001431,0.0033321,0.0015572,0.0107668,0.0528695,0.088411,0.0720574,0.0589245,0.1087507,0.0822386,
197,2e-07,0.0015145,0.0005781,0.0018843,0.0012906,0.0016782,0.0013456,0.0096061,0.0186782,0.0329583,0.0292799,0.0292093,0.070175,0.0754416,
198,2e-07,0.0010425,0.0005783,0.001002,0.001072,0.0009893,0.0013507,0.0025323,0.0142423,0.0302495,0.0269572,0.0163996,0.0294082,0.0412201,
199,2e-07,0.0005291,0.0007749,0.0006854,0.0004583,0.0011499,0.0013203,0.0036844,0.0114565,0.0205935,0.0303514,0.0437834,0.0160201,0.039566,
200,2e-07,0.0005088,0.0010787,0.0018444,0.0007714,0.0009872,0.0013183,0.0028708,0.0115807,0.0045346,0.0228374,0.0261617,0.0124232,0.0632352,
201,2e-07,0.0005322,0.0007159,0.0009291,0.0004545,0.0009873,0.0008525,0.0014903,0.0100558,0.0240747,0.0377532,0.0270537,0.0066823,0.0423077,
202,3e-07,0.0005338,0.0007718,0.0006917,0.0008345,0.0015233,0.0010957,0.0022043,0.0043497,0.0257474,0.0174325,0.0279526,0.0273097,0.0331477,
203,2e-07,0.0005318,0.000773,0.0009297,0.0008757,0.001155,0.0013214,0.0010321,0.0055215,0.0130773,0.0172548,0.0255744,0.0129222,0.036833,
204,2e-07,0.0005084,0.0008772,0.0008456,0.0004546,0.000678,0.0009365,0.0011143,0.0041197,0.0134021,0.0310604,0.0176107,0.0419992,0.0327962,
205,3e-07,0.0005326,0.0008776,0.000576,0.0008755,0.0010672,0.0008483,0.0015526,0.0003588,0.0171392,0.0119306,0.0110965,0.0215968,0.0318271,
206,3e-07,0.0010291,0.0005849,0.0017783,0.0004531,0.0013904,0.0009464,0.0008611,0.0015708,0.0072475,0.0212038,0.0297401,0.0550057,0.0452869,
207,2e-07,0.0018722,0.0007169,0.0008439,0.0008303,0.0014182,0.0018211,0.0008602,0.0051315,0.0070291,0.0236499,0.0253235,0.0443546,0.0611468,
208,2e-07,0.0005072,0.0007693,0.0006987,0.0015095,0.0013859,0.0007266,0.0004883,0.0050463,0.0119471,0.013867,0.0389719,0.0119743,0.0666821,
209,3e-07,0.0005052,0.0007199,0.0007006,0.0004502,0.0010784,0.000435,0.0013835,0.0040679,0.0096663,0.0158102,0.0342276,0.0596766,0.0472183,
210,2e-07,0.0005312,0.0007186,0.0015714,0.0016375,0.0014231,0.0007238,0.0015583,0.0086095,0.0208296,0.02079,0.0304416,0.0662851,0.0636425,
211,2e-07,0.0005296,0.0008751,0.0005667,0.0008281,0.0010227,0.0009562,0.0030158,0.0051431,0.0171423,0.0269001,0.0292648,0.0549099,0.0418381,
212,3e-07,0.0005313,0.0017352,0.0005672,0.0011173,0.0013759,0.001401,0.0029292,0.0215596,0.0214955,0.0362448,0.0361624,0.0730338,0.0430987,
213,3e-07,0.0005054,0.0010769,0.0005669,0.0008735,0.0003327,0.0013311,0.0039911,0.0143307,0.0391556,0.0645921,0.0532139,0.0884295,0.0676101,
214,2e-07,0.0005294,0.0007694,0.0009394,0.001046,0.001012,0.0007276,0.0008647,0.0056939,0.0587169,0.0843194,0.0457662,0.0797386,0.0422202,
215,2e-07,0.0005072,0.000874,0.0014735,0.0025066,0.0020679,0.0010185,0.0039761,0.0243773,0.0394781,0.0799963,0.0418769,0.0969644,0.0827661,
216,2e-07,0.0005282,0.0008751,0.0009213,0.0004485,0.001535,0.0013373,0.0010369,0.0068737,0.0050363,0.0435018,0.0384051,0.086069,0.0735674,
217,3e-07,0.0010477,0.0005846,0.0005646,0.00146,0.0014285,0.0010214,0.0034031,0.0188517,0.0301437,0.0424835,0.0248033,0.0409584,0.0427654,
218,3e-07,0.0005282,0.0007657,0.0007071,0.0010867,0.0011282,0.0018883,0.0014512,0.0178231,0.0357724,0.0453819,0.0420358,0.062475,0.0431926,
219,3e-07,0.000529,0.0008775,0.0005668,0.001049,0.0014901,0.0010269,0.0032076,0.0083163,0.0094575,0.0449012,0.0512003,0.0803907,0.0463193,
220,3e-07,0.0005064,0.001737,0.0007063,0.0018145,0.000357,0.0010219,0.0015436,0.0197901,0.0214257,0.0273359,0.0527415,0.0128941,0.056486,
221,3e-07,0.0010263,0.0008784,0.000917,0.0008753,0.0009869,0.0016034,0.0044079,0.0182094,0.018159,0.0209997,0.0354041,0.0412453,0.0752696,
222,3e-07,0.0005341,0.0009946,0.0010063,0.0007821,0.0006484,0.0008482,0.0047414,0.012157,0.0193268,0.0411675,0.0445417,0.0609486,0.0954066,
223,3e-07,0.0005029,0.0007618,0.0005762,0.0008773,0.0015041,0.0020663,0.0054935,0.0030005,0.0388419,0.0567759,0.0482913,0.0574332,0.037314,
224,3e-07,0.000502,0.0005789,0.0005797,0.000777,0.0009889,0.0019334,0.0013308,0.0250888,0.0232384,0.0256525,0.027889,0.0696805,0.0404117,
225,3e-07,0.0005366,0.0005777,0.0005822,0.0011284,0.0003591,0.0009369,0.0049338,0.0188761,0.0089845,0.0235789,0.0899321,0.0504777,0.0492302,
226,3e-07,0.0005017,0.0007647,0.0005858,0.0008366,0.0011345,0.0013083,0.0079622,0.0090629,0.0254954,0.0466973,0.0953236,0.0393146,0.036377,
227,3e-07,0.0005376,0.0005778,0.0005866,0.0008797,0.0010667,0.0013082,0.0034757,0.0131515,0.0343594,0.0692148,0.0318926,0.0220165,0.0565192,
228,4e-07,0.0005033,0.0007208,0.0005881,0.0013443,0.0014194,0.001075,0.0045678,0.016989,0.0242987,0.0566488,0.0360963,0.031804,0.0657151,
229,4e-07,0.0005044,0.0005754,0.0005848,0.001128,0.0009918,0.0029673,0.0053563,0.0160405,0.0255221,0.0284091,0.0544057,0.01948,0.0664526,
230,4e-07,0.0005342,0.0005766,0.0005829,0.0012771,0.001136,0.0010311,0.0040594,0.0119266,0.0077456,0.027573,0.0485052,0.0248698,0.0583572,
231,4e-07,0.0010217,0.0007695,0.0009263,0.0004501,0.0015254,0.0010786,0.0093027,0.031251,0.0367101,0.0416393,0.054465,0.0322182,0.0246617,
232,4e-07,0.0005068,0.0008824,0.000586,0.0014587,0.0011338,0.0010362,0.003267,0.0212201,0.0422824,0.0343748,0.0474625,0.0358715,0.0341618,
233,4e-07,0.0005086,0.0005744,0.0009995,0.0010444,0.0021466,0.0011759,0.0032838,0.0137525,0.0358625,0.0130636,0.0487382,0.0326275,0.0594687,
234,4e-07,0.0005317,0.0005758,0.0005825,0.0004528,0.001416,0.0010861,0.0048642,0.0197596,0.0154663,0.0342455,0.0353798,0.0226465,0.0358947,
235,3e-07,0.0010435,0.0008819,0.0009996,0.0008343,0.0011392,0.0019518,0.0075066,0.0115058,0.0291283,0.0174381,0.0582765,0.0456756,0.0452617,
236,3e-07,0.0010327,0.0005739,0.00058,0.0008324,0.0022728,0.0015695,0.0072856,0.0295245,0.0428928,0.0565445,0.0610358,0.0318312,0.0229616,
237,3e-07,0.0005284,0.0009971,0.0005774,0.0013455,0.0011362,0.0029599,0.00329,0.0285526,0.0230933,0.0331159,0.0358413,0.0433544,0.0599563,
238,3e-07,0.0005284,0.0011992,0.0005793,0.0012851,0.001066,0.0004301,0.0019662,0.0165428,0.0160544,0.0533492,0.0329879,0.0141052,0.0370834,
239,2e-07,0.0005097,0.0007732,0.0010015,0.0008336,0.0016674,0.0022184,0.0034318,0.0246923,0.0368861,0.034518,0.042469,0.0270171,0.0327467,
240,2e-07,0.0010354,0.0007737,0.0005838,0.0008355,0.0003356,0.0017465,0.0057536,0.0148402,0.0509133,0.0410619,0.0304607,0.0246868,0.0520136,
241,3e-07,0.0005067,0.0007162,0.0019021,0.0008783,0.0009906,0.0007216,0.0019735,0.0069891,0.0504105,0.0471009,0.0223044,0.0495169,0.0460904,
242,3e-07,0.0005042,0.0007702,0.0011105,0.0013064,0.0015158,0.0013089,0.0042371,0.0133893,0.0547148,0.0450226,0.0289089,0.0510358,0.0608623,
243,3e-07,0.0005021,0.0007184,0.0009224,0.0017013,0.0013983,0.0011871,0.0031608,0.013742,0.0682912,0.0516613,0.0737657,0.0271878,0.0373587,
244,3e-07,0.0004999,0.0007205,0.0005907,0.001132,0.0013286,0.0010177,0.0046798,0.0297028,0.0365892,0.0313459,0.0357157,0.0544084,0.0588767,
245,3e-07,0.0005002,0.0008775,0.0009239,0.0008813,0.0014006,0.0017708,0.004207,0.0391811,0.0336734,0.054997,0.0365057,0.0535301,0.0659698,
246,2e-07,0.0005023,0.0005817,0.0016167,0.0004522,0.0009875,0.0015279,0.0021706,0.0273035,0.0461593,0.0561,0.0327638,0.012167,0.0456383,
247,3e-07,0.0005382,0.0005824,0.0005848,0.0012773,0.0012099,0.0010878,0.0028393,0.0242924,0.058274,0.0468152,0.0439129,0.0366493,0.0458442,
248,3e-07,0.0005401,0.0005838,0.0018955,0.0019714,0.0010499,0.0013419,0.0010287,0.0098165,0.0580369,0.0625817,0.0614168,0.0530441,0.0645592,
249,2e-07,0.0005009,0.0007697,0.0005844,0.0008372,0.0003216,0.000704,0.0024296,0.0082705,0.0372565,0.0605407,0.0352667,0.017811,0.0617997,
250,2e-07,0.0005374,0.0005848,0.0006979,0.0014591,0.0003274,0.0004465,0.0028812,0.0069774,0.013507,0.0304499,0.0592551,0.0183865,0.0540022,
251,2e-07,0.0010435,0.0007218,0.0005822,0.0008792,0.0009847,0.0010103,0.0027092,0.0085068,0.0180567,0.0499918,0.081142,0.0503244,0.0653442,
252,2e-07,0.0010432,0.0005874,0.0007021,0.001508,0.0012701,0.0013183,0.0019527,0.0100315,0.0160837,0.046718,0.0743536,0.0662178,0.1074179,
253,2e-07,0.0005365,0.0010781,0.0005769,0.000877,0.0014185,0.0013324,0.00074,0.0083316,0.0160717,0.0258196,0.0528191,0.0461191,0.0475927,
254,3e-07,0.0005377,0.0005859,0.0008409,0.0012921,0.001419,0.0007036,0.0012963,0.0100612,0.0241324,0.0219647,0.067584,0.0415151,0.0542622,
255,3e-07,0.0010425,0.0011854,0.000707,0.0011265,0.0013825,0.0004496,0.0039814,0.0097447,0.0236495,0.0515988,0.0291182,0.0284876,0.0892018,
256,3e-07,0.0005006,0.0007234,0.0005742,0.0015081,0.0010834,0.0009703,0.005842,0.012353,0.0299878,0.0573174,0.0367911,0.0334087,0.0424431,
257,3e-07,0.0005356,0.0008742,0.0005718,0.0018932,0.001022,0.0013276,0.0049547,0.0173149,0.034213,0.0429781,0.0468565,0.0617776,0.0360837,
258,3e-07,0.0010321,0.0011863,0.0008389,0.0004427,0.0011793,0.001007,0.0033371,0.0176871,0.0334819,0.0387812,0.0468836,0.0699484,0.0889216,
259,3e-07,0.0005362,0.0007245,0.0009162,0.0011245,0.000345,0.0008484,0.0011251,0.0060288,0.0190605,0.0314084,0.0474756,0.0713674,0.0447184,
260,3e-07,0.0005007,0.0007639,0.001742,0.0015076,0.001504,0.0011,0.0017174,0.0090499,0.0174343,0.0325361,0.0135422,0.0242317,0.033027,
261,3e-07,0.0005016,0.0007225,0.0009188,0.0013037,0.0003413,0.0013163,0.0012611,0.0025617,0.0300657,0.0271842,0.0256444,0.027125,0.0375309,
262,3e-07,0.0005018,0.0016459,0.0007024,0.0008786,0.0019163,0.0017685,0.0030903,0.0048794,0.0300367,0.0467645,0.0350349,0.0404086,0.0461514,
263,3e-07,0.0005027,0.0008782,0.0010024,0.0008775,0.0011338,0.0018885,0.0035351,0.0040675,0.0142645,0.0296608,0.0292722,0.0462949,0.0382092,
264,3e-07,0.0005343,0.0017374,0.0007021,0.0013059,0.0009862,0.0008499,0.0018183,0.0041122,0.0169945,0.0293038,0.0348012,0.0231265,0.0432673,
265,3e-07,0.0005343,0.0007212,0.0005785,0.0004469,0.0015111,0.0008537,0.0011173,0.0058094,0.0183929,0.0252866,0.0419908,0.0187514,0.043633,
266,3e-07,0.0005048,0.0005789,0.0005771,0.0008769,0.0014,0.0010975,0.0004888,0.0054077,0.0204185,0.0199309,0.0320973,0.0315957,0.0678515,
267,3e-07,0.0005063,0.0005802,0.0005734,0.0011213,0.0014163,0.0011051,0.0023197,0.0072107,0.0126218,0.0295972,0.0123339,0.0449567,0.0566989,
268,3e-07,0.0005075,0.0005797,0.0010056,0.0008307,0.0015002,0.0013224,0.0025187,0.0071987,0.0306593,0.0345211,0.0461662,0.050622,0.0641957,
269,3e-07,0.0005314,0.0005776,0.0008436,0.0014542,0.0011305,0.0007268,0.0024821,0.005627,0.0390527,0.0232709,0.0256677,0.0632416,0.0685291,
270,3e-07,0.0005085,0.0008801,0.0005728,0.0011199,0.0006494,0.0004314,0.0027672,0.029064,0.033051,0.0291481,0.0468951,0.0831888,0.0542435,
271,3e-07,0.0005284,0.0005787,0.0005704,0.0004488,0.0010485,0.0008431,0.008345,0.0306375,0.0454357,0.0229244,0.0490201,0.0750049,0.0540613,
272,3e-07,0.0005108,0.0005774,0.0009267,0.0011175,0.000358,0.0009269,0.007717,0.0133729,0.0480214,0.0148972,0.067609,0.0592384,0.0270733,
273,3e-07,0.0005109,0.000768,0.0005725,0.0011183,0.0011961,0.000925,0.0038145,0.0144855,0.0319316,0.0102663,0.0818268,0.0366228,0.0503718,
274,3e-07,0.0005262,0.0007677,0.0005685,0.0013107,0.0016419,0.0018831,0.0076226,0.0198306,0.02798,0.0375582,0.0213171,0.0606415,0.0422736,
275,3e-07,0.000513,0.0005777,0.0006966,0.0010464,0.0015021,0.0008399,0.0049904,0.0123508,0.0282265,0.0313655,0.0388677,0.0427686,0.0395536,
276,3e-07,0.0005248,0.0010819,0.0009273,0.0015102,0.0010417,0.0018594,0.0068153,0.0237234,0.0350045,0.0677141,0.0349531,0.0447298,0.0364831,
277,2e-07,0.0005151,0.0007175,0.0005623,0.0008243,0.0006536,0.0012145,0.0083686,0.0266241,0.0130181,0.0461644,0.0306619,0.04208,0.0532887,
278,2e-07,0.0010359,0.0005807,0.0005603,0.0004544,0.0010341,0.0026177,0.0120623,0.0282051,0.0257895,0.0653796,0.0314483,0.0474188,0.0351761,
279,2e-07,0.0005142,0.000718,0.0013857,0.0004522,0.0011304,0.0012055,0.0125896,0.0159779,0.0101431,0.0311581,0.0232893,0.0331571,0.0520557,
280,2e-07,0.0005236,0.0007174,0.0006988,0.0007874,0.0006677,0.0008281,0.0043144,0.0107062,0.0160991,0.019789,0.0216501,0.0256167,0.0324655,
281,2e-07,0.0005113,0.0005844,0.0006991,0.0008708,0.0010889,0.001128,0.0040389,0.0082989,0.0096788,0.0154897,0.0266544,0.0235413,0.0288489,
282,1e-07,0.0010292,0.0010763,0.0005632,0.0010442,0.0009817,0.0013998,0.0013229,0.0061859,0.0126626,0.0206044,0.0318,0.0410753,0.0279362,
283,1e-07,0.001036,0.0007158,0.0020647,0.0008244,0.0013725,0.0004155,0.0040207,0.0090168,0.0140387,0.0508485,0.0385494,0.0346136,0.0346446,
284,1e-07,0.0005143,0.0007147,0.0009364,0.0004571,0.0015947,0.0013351,0.0058474,0.0097905,0.0212064,0.0584579,0.0369707,0.0382253,0.0142742,
285,2e-07,0.000515,0.0007152,0.0005616,0.0008244,0.0003452,0.0008295,0.0023704,0.0194439,0.0269643,0.0147693,0.0646385,0.0604705,0.0083877,
286,1e-07,0.0005143,0.0008777,0.0009319,0.0008263,0.0011856,0.0019896,0.0064515,0.0207815,0.0223741,0.037389,0.0447572,0.04201,0.0496545,
287,1e-07,0.0005262,0.000715,0.000569,0.0008721,0.0011441,0.0014174,0.0061669,0.0090834,0.0297008,0.0382217,0.0401561,0.029621,0.054408,
288,1e-07,0.0005269,0.0005832,0.0014753,0.0004584,0.0006814,0.0004237,0.0039622,0.0097105,0.0205118,0.0340509,0.0404855,0.0931063,0.1067832,
289,2e-07,0.0005102,0.0007748,0.000688,0.0008737,0.0012033,0.0009319,0.003066,0.0075925,0.0226245,0.021214,0.0423936,0.0318837,0.0390198,
290,1e-07,0.0010285,0.0007126,0.000934,0.0004607,0.000984,0.000934,0.0028767,0.0029833,0.0042329,0.0483867,0.0351547,0.0523308,0.0678923,
291,1e-07,0.0010405,0.0009942,0.0009314,0.0004589,0.0012045,0.0015391,0.0021852,0.0027852,0.0228523,0.015597,0.0334865,0.0467563,0.0522484,
292,1e-07,0.0005331,0.0010755,0.0008475,0.0013126,0.0015401,0.0011016,0.0022551,0.0010464,0.0147587,0.0246132,0.0425158,0.0701604,0.0511717,
293,2e-07,0.0005042,0.0007165,0.0006933,0.0011216,0.00116,0.0012213,0.0010343,0.0024554,0.0212455,0.0488992,0.1007113,0.093193,0.0461139,
294,2e-07,0.0005354,0.0007156,0.0008466,0.0004565,0.0013914,0.0017817,0.0025405,0.0038603,0.0323556,0.0933451,0.0800047,0.073938,0.0441419,
295,1e-07,0.000533,0.0005882,0.0011176,0.0008336,0.000702,0.0016037,0.0008743,0.0086085,0.0335814,0.0708646,0.0707713,0.0686829,0.0785533,
296,1e-07,0.0005327,0.0005885,0.0016232,0.001313,0.0013838,0.0014107,0.0016011,0.0038645,0.0418108,0.0519094,0.0625302,0.0846678,0.0716131,
297,2e-07,0.0005346,0.0007721,0.0013957,0.000773,0.0013818,0.001831,0.0013073,0.0051314,0.0417967,0.0218832,0.0493331,0.089415,0.0606737,
298,1e-07,0.0005048,0.0010713,0.000928,0.0014294,0.001471,0.001335,0.0036507,0.007611,0.0139051,0.0120094,0.0274744,0.0500531,0.0467967,
299,1e-07,0.0005056,0.0007731,0.0006966,0.0013142,0.0012512,0.0007215,0.004896,0.0198687,0.0450677,0.0415435,0.0699974,0.0892381,0.0850359,
300,2e-07,0.0005042,0.0009927,0.0015719,0.0007773,0.0010828,0.0013311,0.0048265,0.027283,0.0640728,0.0925904,0.1372264,0.1191413,0.1027512,
301,2e-07,0.0005026,0.0008717,0.0017832,0.0008318,0.0007038,0.0004396,0.001591,0.0215149,0.0349216,0.0527765,0.0890884,0.0721414,0.0537284,
302,2e-07,0.0005347,0.0005928,0.0006974,0.0013126,0.0009793,0.0009685,0.0042663,0.0148126,0.0320966,0.0736078,0.0990579,0.0894763,0.0586977,
303,2e-07,0.0005026,0.000774,0.0016219,0.0013128,0.0002969,0.0016192,0.0007335,0.0202082,0.0287652,0.0299474,0.0838926,0.0779238,0.0672657,
304,2e-07,0.0005367,0.0007748,0.0006937,0.0008352,0.0014206,0.0007061,0.0007309,0.0155473,0.0353604,0.0314894,0.0647563,0.0611178,0.0515847,
305,2e-07,0.0005358,0.0013131,0.0011803,0.0012885,0.0011874,0.001114,0.0019938,0.0174398,0.0373557,0.0477146,0.0717655,0.0910477,0.071676,
306,2e-07,0.0005024,0.0018658,0.0008481,0.0004641,0.0009785,0.00101,0.0026636,0.0166249,0.0431059,0.0520328,0.0756564,0.0998081,0.1050731,
307,2e-07,0.0010398,0.0011266,0.0015086,0.004567,0.0104566,0.0089941,0.0143099,0.0342305,0.0594796,0.037588,0.0326077,0.0322589,0.0408317,
308,2e-07,0.0015014,0.0008776,0.000926,0.0048645,0.0061554,0.001841,0.0116304,0.0562638,0.0653881,0.0362711,0.0093738,0.0231572,0.0643952,
309,1e-07,0.0005187,0.0016289,0.0005662,0.0004706,0.00195,0.0040373,0.0125759,0.0401587,0.025858,0.0156075,0.0103992,0.0134877,0.0515871,
310,1e-07,0.0005171,0.0007818,0.0009423,0.0004691,0.0016024,0.0010458,0.0081742,0.0087517,0.0161976,0.0240385,0.010926,0.0188404,0.0255715,
311,1e-07,0.0010371,0.000588,0.0005647,0.0004677,0.0013026,0.0009371,0.007061,0.0150516,0.0217484,0.0133435,0.0503992,0.0132484,0.0267437,
312,0.0,0.0005231,0.0007072,0.001378,0.0018987,0.0014207,0.0008288,0.0037045,0.0059711,0.0275296,0.0237241,0.0433708,0.0183422,0.0347263,
313,0.0,0.0005143,0.0005917,0.0005644,0.0011045,0.001424,0.0011867,0.0021868,0.0083968,0.0215924,0.02746,0.0462782,0.0131142,0.0277517,
314,1e-07,0.0005232,0.0007054,0.0005643,0.0008276,0.0014244,0.0004132,0.0024457,0.0043989,0.0124007,0.0266336,0.0149548,0.0105863,0.035696,
315,1e-07,0.000513,0.0007051,0.0005679,0.0004725,0.0010686,0.0015856,0.0015327,0.0061023,0.0129824,0.0178632,0.0325419,0.0499083,0.0301755,
316,1e-07,0.0005266,0.0009922,0.0009283,0.0008298,0.0007321,0.0009536,0.0015304,0.0099857,0.0093604,0.0265092,0.0320211,0.0234602,0.0398835,
317,1e-07,0.0005276,0.0007844,0.00057,0.0007714,0.0002725,0.0011287,0.0014411,0.0123198,0.007373,0.0354758,0.0527358,0.0224674,0.0402406,
318,1e-07,0.0010416,0.0007046,0.0006798,0.0004746,0.0015861,0.0004189,0.0024909,0.0140688,0.0148167,0.0183993,0.0243307,0.0240031,0.0350871,
319,1e-07,0.0005268,0.0009914,0.0006838,0.0004712,0.00074,0.0007372,0.001583,0.0059255,0.0185703,0.0322855,0.0098007,0.0267505,0.0393328,
320,1e-07,0.0005087,0.0007823,0.0005691,0.0007721,0.0009773,0.0018219,0.0011367,0.0072982,0.0161236,0.0204827,0.0374305,0.0188952,0.024772,
321,1e-07,0.0005295,0.0007066,0.0005694,0.0014578,0.0009769,0.0007292,0.0021736,0.0074817,0.0187108,0.0335921,0.0111194,0.0410497,0.0573367,
322,1e-07,0.000529,0.0007077,0.0011299,0.0017246,0.0011995,0.0009721,0.0012686,0.0070627,0.0185316,0.0092593,0.0375689,0.0093612,0.0454437,
323,2e-07,0.0005304,0.0008672,0.0009315,0.001034,0.0009759,0.0007244,0.0011412,0.0079913,0.0194387,0.0218089,0.052181,0.0084974,0.0315554,
324,2e-07,0.0005321,0.0006013,0.000567,0.0013205,0.000272,0.0007186,0.0007296,0.0059688,0.0234564,0.019592,0.0616268,0.0201506,0.0323324,
325,2e-07,0.000503,0.0006016,0.0010119,0.0010368,0.0015931,0.0009884,0.0009025,0.0076502,0.03104,0.0239771,0.0173931,0.0297545,0.0374104,
326,2e-07,0.0005334,0.000603,0.0005643,0.0007761,0.0011939,0.0007128,0.0019995,0.0054286,0.0243259,0.0575809,0.0111778,0.0204587,0.0517643,
327,3e-07,0.0005353,0.0006034,0.001531,0.0016877,0.0009713,0.0010014,0.0029142,0.0083084,0.0292433,0.0691345,0.0322716,0.0345063,0.0183063,
328,3e-07,0.0005001,0.0006049,0.0014736,0.0008727,0.0002826,0.0007048,0.0037186,0.0076925,0.0360817,0.0289028,0.0123874,0.0160039,0.0246456,
329,4e-07,0.0005369,0.0007702,0.0014058,0.0010781,0.0009643,0.0011486,0.0102186,0.0457347,0.0278967,0.0201737,0.0171867,0.0611705,0.0534474,
330,4e-07,0.0005374,0.0006028,0.0019978,0.0015127,0.0007313,0.0016677,0.0035648,0.0048481,0.0284207,0.035254,0.034865,0.056641,0.0684167,
331,3e-07,0.0005354,0.0009897,0.0013368,0.0004554,0.0014435,0.00044,0.0018395,0.0105432,0.0238122,0.0044106,0.0317839,0.0539101,0.0523605,
332,2e-07,0.0005014,0.0007175,0.0005652,0.0008301,0.0012904,0.0013045,0.0024642,0.0066351,0.0147747,0.0212,0.0387907,0.0223904,0.0481762,
333,2e-07,0.0005326,0.0006008,0.0006999,0.0010744,0.0002882,0.0013438,0.0019951,0.0091107,0.0096803,0.0277342,0.0379177,0.0070375,0.0514122,
334,2e-07,0.0005052,0.0008674,0.0010145,0.0004623,0.0016702,0.0012126,0.0004759,0.002123,0.0080824,0.0255291,0.0383512,0.0193655,0.0573399,
335,2e-07,0.0010386,0.0008669,0.0006936,0.0013217,0.0010958,0.0008242,0.0015242,0.0035061,0.0118441,0.0164298,0.0462227,0.0129014,0.0657794,
336,2e-07,0.0005281,0.0007096,0.0014411,0.0010344,0.0012927,0.0007301,0.0020079,0.005533,0.012343,0.0122932,0.0197142,0.0295853,0.0471277,
337,2e-07,0.0005079,0.0007086,0.0020574,0.0013249,0.0010904,0.0004244,0.0014348,0.0038917,0.0188891,0.009894,0.036724,0.0268234,0.0593533,
338,2e-07,0.0005097,0.0008662,0.0009388,0.0008278,0.0002634,0.0010187,0.0018571,0.0092106,0.0236825,0.0142882,0.0460131,0.0228677,0.0396056,
339,3e-07,0.0005097,0.0006047,0.0013831,0.0017255,0.0009741,0.0013248,0.0019411,0.0176083,0.0358663,0.0548665,0.0604359,0.0950716,0.0477625,
340,3e-07,0.000508,0.000784,0.0010178,0.0007755,0.0016138,0.0004225,0.0016386,0.0105393,0.0451414,0.0272338,0.0101916,0.0542358,0.016912,
341,3e-07,0.000528,0.0007823,0.0008448,0.0010323,0.001611,0.0007312,0.0014365,0.0086508,0.0199461,0.0189449,0.0199039,0.0388026,0.0565365,
342,2e-07,0.0005072,0.000781,0.0006918,0.0010344,0.0009735,0.0007272,0.0016299,0.0060994,0.0192996,0.0259635,0.0230302,0.0406456,0.0620962,
343,2e-07,0.0005275,0.0009902,0.0028383,0.0004677,0.0016514,0.0007311,0.0020081,0.0057101,0.0104697,0.0278985,0.0599138,0.036267,0.042057,
344,3e-07,0.0005068,0.0011693,0.0005575,0.0008263,0.0009681,0.0013129,0.0013195,0.0083284,0.0069247,0.0110731,0.0723212,0.032116,0.0216478,
345,3e-07,0.0010431,0.0008661,0.0015283,0.0011054,0.0016637,0.0007287,0.0022915,0.0076827,0.0106666,0.0126906,0.0208631,0.0215743,0.0268738,
346,3e-07,0.0005064,0.000716,0.0014662,0.0012924,0.0018968,0.0014299,0.0015526,0.0106324,0.0176162,0.0196407,0.0191715,0.027474,0.0225324,
347,3e-07,0.000505,0.0010633,0.0007063,0.0013188,0.002739,0.001427,0.0019952,0.0057672,0.0115359,0.0348462,0.0369255,0.0449585,0.0377228,
348,3e-07,0.0010562,0.0014876,0.001532,0.0008707,0.0009646,0.0007166,0.0021973,0.0039231,0.0170341,0.0218846,0.0336427,0.0510722,0.0326032,
349,3e-07,0.0005325,0.0009889,0.0015329,0.0008708,0.0013346,0.000713,0.0018435,0.0054712,0.0263385,0.0236305,0.0361056,0.0552742,0.0505214,
350,3e-07,0.0005024,0.0014876,0.0014696,0.0011097,0.0009555,0.0007139,0.0008923,0.002082,0.02308,0.0774721,0.0528566,0.0672702,0.0667247,
351,3e-07,0.0010611,0.0011664,0.0008343,0.0019669,0.0015735,0.0022748,0.0015038,0.0095694,0.0355153,0.0593408,0.0563886,0.0865466,0.0316546,
352,3e-07,0.0005013,0.0014842,0.0014084,0.0022133,0.0016873,0.0004373,0.0021966,0.005177,0.0297753,0.0466678,0.0271572,0.0972898,0.0402162,
353,3e-07,0.0005013,0.0006042,0.0014091,0.0008699,0.0012937,0.0007114,0.0049689,0.0112124,0.0155186,0.0258468,0.0503651,0.062841,0.0197668,
354,3e-07,0.0005033,0.0006051,0.0014679,0.0017984,0.0003081,0.0020886,0.0053216,0.0129093,0.0228116,0.0399833,0.0555207,0.0743132,0.017827,
355,3e-07,0.0005043,0.0007692,0.0017573,0.0007892,0.0013285,0.0014274,0.0044188,0.0015275,0.0360512,0.0410922,0.0427916,0.0477949,0.0525436,
356,3e-07,0.0005297,0.0006029,0.0008318,0.0008217,0.0009537,0.0007204,0.0054512,0.0068844,0.0328184,0.0376588,0.0426819,0.0416705,0.0553215,
357,3e-07,0.0005291,0.0014859,0.0005454,0.0015254,0.0012963,0.0008095,0.0089182,0.0270208,0.0245424,0.0197853,0.0531644,0.0487447,0.080223,
358,3e-07,0.0005056,0.0018942,0.0008324,0.0012811,0.0009434,0.0010235,0.0043771,0.0086359,0.0152734,0.0168591,0.0302281,0.0356054,0.0473432,
359,3e-07,0.0010198,0.0009882,0.0013239,0.0008677,0.0016897,0.0007217,0.0023452,0.0117244,0.0140355,0.0230722,0.0124857,0.0280824,0.0379134,
360,3e-07,0.0005059,0.0016826,0.0014645,0.0016744,0.0016657,0.0020978,0.0027719,0.0117589,0.0173743,0.040811,0.0532494,0.0068308,0.034842,
361,3e-07,0.0005058,0.0006098,0.0013199,0.0010799,0.0011111,0.001436,0.0054364,0.0220814,0.0406116,0.0681356,0.0648883,0.0513286,0.0458314,
362,3e-07,0.0010504,0.0016825,0.0015348,0.0013204,0.0015693,0.0020936,0.0044122,0.0100662,0.0336602,0.0672836,0.0752357,0.0989312,0.0790616,
363,3e-07,0.0005031,0.000609,0.0014665,0.0011057,0.0016765,0.0009942,0.0018453,0.0198933,0.0227866,0.0205245,0.0183749,0.0343842,0.0065397,
364,3e-07,0.0013726,0.0009881,0.0012017,0.0011055,0.001669,0.001428,0.0041947,0.0188831,0.0318319,0.0597342,0.0150247,0.0293388,0.0473829,
365,4e-07,0.0005019,0.0006113,0.0025189,0.0004588,0.001564,0.0007133,0.0017612,0.0070679,0.0404656,0.0219903,0.0346549,0.0622743,0.0634578,
366,3e-07,0.000534,0.0007199,0.0021326,0.0008701,0.001672,0.0014236,0.001303,0.0043754,0.0147355,0.0257335,0.0393089,0.0505416,0.0275399,
367,3e-07,0.000534,0.0006094,0.0013304,0.0010764,0.0016641,0.0007081,0.0028868,0.0241088,0.0182433,0.032981,0.0323221,0.0401779,0.0377795,
368,4e-07,0.0005007,0.0006098,0.0014702,0.00132,0.0016426,0.0011576,0.0050602,0.0148148,0.0325451,0.0176489,0.0297553,0.0460505,0.0277166,
369,4e-07,0.0005009,0.0006094,0.0014706,0.0015401,0.0018765,0.0004381,0.0010678,0.0149548,0.0277009,0.0241663,0.0520796,0.0460056,0.0459947,
370,4e-07,0.0010403,0.0017502,0.0009385,0.0016885,0.001878,0.0011669,0.0068559,0.0142059,0.0032583,0.0341591,0.030108,0.0167993,0.058722,
371,4e-07,0.0005369,0.0006082,0.0015337,0.0011135,0.0024995,0.001779,0.0035117,0.019088,0.036891,0.0799887,0.0699783,0.0493403,0.0218862,
372,3e-07,0.0005006,0.0014907,0.0014721,0.0018194,0.0011886,0.0004398,0.0034169,0.0038826,0.0448714,0.0910729,0.0660778,0.0492356,0.0262946,
373,4e-07,0.0005003,0.0006059,0.0005652,0.0008732,0.0016064,0.0014752,0.0019334,0.0051347,0.0210244,0.0339697,0.0289025,0.0186724,0.042348,
374,3e-07,0.0005021,0.0007131,0.0006957,0.0007742,0.0014411,0.0016763,0.0022876,0.0173175,0.0358398,0.033948,0.0229432,0.0229895,0.0101842,
375,3e-07,0.0005016,0.00106,0.0008439,0.0007712,0.0012953,0.0013382,0.001064,0.0092997,0.0294785,0.0197816,0.0179562,0.0318412,0.0263619,
376,3e-07,0.0005029,0.0007106,0.0018864,0.0014545,0.0014325,0.0010054,0.001311,0.0094029,0.0381844,0.0262674,0.0215986,0.0662661,0.0316014,
377,3e-07,0.0010406,0.0010614,0.0009279,0.0013191,0.0009767,0.0004406,0.0031792,0.0167238,0.0150266,0.0633813,0.0625421,0.0396974,0.0403128,
378,3e-07,0.0005,0.0007783,0.0006911,0.0004649,0.0015921,0.0004459,0.0037667,0.0094935,0.0220021,0.0855824,0.0942865,0.0733735,0.0254928,
379,3e-07,0.0010408,0.0011051,0.0006909,0.0015116,0.0002564,0.0011264,0.0015223,0.0063785,0.0329993,0.0446142,0.0168295,0.052844,0.0346913,
380,3e-07,0.0005367,0.0006053,0.000931,0.0007689,0.0015146,0.0013048,0.0009139,0.0189499,0.0202619,0.0141419,0.0236009,0.0362467,0.0148714,
381,3e-07,0.0010519,0.0006061,0.0006914,0.0004683,0.0016075,0.0004375,0.0019414,0.0111591,0.0229584,0.0127796,0.0350761,0.0219226,0.0414758,
382,3e-07,0.0005017,0.000989,0.0013883,0.000832,0.0014426,0.0013015,0.0015947,0.0179855,0.0242023,0.0190628,0.0310938,0.044382,0.0621957,
383,3e-07,0.0005334,0.0007798,0.0017881,0.0004683,0.0016171,0.0015869,0.0007237,0.0176351,0.0668469,0.0133711,0.0234263,0.0608949,0.0773898,
384,3e-07,0.0005042,0.0016239,0.0014647,0.0008706,0.0016282,0.0011586,0.0020148,0.018987,0.0436326,0.0446069,0.050526,0.0647139,0.0377111,
385,3e-07,0.00053,0.0009887,0.0014658,0.0015136,0.0016337,0.0014291,0.0036178,0.0213044,0.040626,0.0593876,0.0280739,0.0236839,0.0387247,
386,3e-07,0.0005053,0.0009891,0.0013227,0.0012689,0.0019667,0.0016918,0.004261,0.0477519,0.0564056,0.0606581,0.0626749,0.0363453,0.0405812,
387,3e-07,0.0005273,0.0016974,0.0015262,0.0011012,0.0010989,0.0017,0.0043718,0.023255,0.0352784,0.0577602,0.0518706,0.0292777,0.0476645,
388,3e-07,0.0005265,0.0014925,0.0013192,0.0019356,0.0014254,0.0017021,0.002687,0.0171516,0.030539,0.0528239,0.042413,0.0413442,0.0538043,
389,3e-07,0.0005104,0.0006061,0.0014612,0.0008656,0.0012676,0.0007403,0.0102023,0.0174246,0.0575585,0.0287137,0.0852192,0.0761812,0.0549798,
390,3e-07,0.0005114,0.000605,0.0008371,0.0019338,0.0018941,0.0018462,0.00572,0.0225379,0.0216257,0.0269885,0.0653088,0.0388652,0.0123549,
391,2e-07,0.0005252,0.0014586,0.0014633,0.0007885,0.0011092,0.0007374,0.002003,0.0167368,0.0181008,0.0448819,0.0392787,0.0378931,0.0174213,
392,3e-07,0.0005263,0.0014904,0.0018867,0.0011023,0.001567,0.00131,0.002215,0.0073375,0.0216035,0.0278381,0.0293477,0.0329102,0.0567079,
393,3e-07,0.0010442,0.0006052,0.0013227,0.0004648,0.0016632,0.0018349,0.0024183,0.0154738,0.014635,0.0315527,0.0328778,0.018644,0.0228752,
394,3e-07,0.0010536,0.0009894,0.0021321,0.0013514,0.0018853,0.0014319,0.0026491,0.0087396,0.0232977,0.0476804,0.0184675,0.0096523,0.028285,
395,3e-07,0.0010534,0.0006069,0.001893,0.0013531,0.0010942,0.000724,0.0028888,0.0049192,0.0066815,0.0420627,0.0350542,0.0338916,0.0429681,
396,3e-07,0.0005293,0.0018941,0.000843,0.0012992,0.0009581,0.0014279,0.0040438,0.0150352,0.0159974,0.0249335,0.0299559,0.0225121,0.0310059,
397,3e-07,0.0005052,0.0018617,0.0010165,0.0010322,0.0016869,0.0004293,0.0024697,0.0104902,0.0330755,0.0190653,0.0357653,0.0403619,0.0754991,
398,3e-07,0.0005321,0.0010532,0.0013843,0.0007716,0.000246,0.0011747,0.0022107,0.0166251,0.0214585,0.0168874,0.0674415,0.0510191,0.0576645,
399,3e-07,0.0010253,0.0006069,0.000847,0.0017215,0.0012189,0.0014917,0.0044118,0.0109875,0.0258004,0.0184713,0.0596018,0.0444916,0.0530169,
400,3e-07,0.0010378,0.0007053,0.0009303,0.0015145,0.0014377,0.0008238,0.0045093,0.008135,0.0356199,0.033967,0.0384957,0.036368,0.0577951,
401,3e-07,0.0010377,0.0006039,0.0017811,0.0010292,0.0009752,0.0004256,0.0018551,0.0186285,0.0217183,0.0342098,0.0486138,0.0312615,0.0460953,
402,2e-07,0.0005296,0.0017335,0.0005696,0.0004774,0.0012953,0.0011925,0.0023967,0.0149129,0.0277121,0.0439622,0.0613339,0.0463328,0.0554817,
403,2e-07,0.0005288,0.0009909,0.0009425,0.0010288,0.0002548,0.0011344,0.0035813,0.0200419,0.0443215,0.0383377,0.0605079,0.0344812,0.0622514,
404,3e-07,0.0005268,0.0011119,0.0005648,0.0008297,0.0014321,0.0004197,0.0036241,0.0123841,0.0268447,0.01851,0.050495,0.0398516,0.0589941,
405,1e-07,0.0010366,0.001057,0.0006776,0.0007732,0.0012056,0.0004158,0.004024,0.0189252,0.0233513,0.0278412,0.031465,0.0374012,0.0469822,
406,2e-07,0.0010354,0.0009913,0.0010202,0.0017245,0.0010817,0.0009621,0.0030977,0.010739,0.013842,0.0282776,0.0388879,0.0271683,0.0320569,
407,2e-07,0.0010308,0.0007036,0.0005582,0.0004768,0.0014359,0.0018166,0.0016425,0.0054121,0.0283835,0.0503929,0.0201252,0.0458935,0.021369,
408,2e-07,0.0005158,0.0006012,0.0008463,0.0013321,0.000273,0.0004062,0.0019617,0.0124093,0.0317289,0.0428804,0.0434173,0.0339833,0.0160883,
409,2e-07,0.0005155,0.000601,0.0009391,0.0007845,0.0020399,0.0008093,0.0019592,0.0136088,0.0125482,0.0384917,0.0386139,0.0052113,0.0794996,
410,2e-07,0.0010443,0.0005997,0.0008447,0.0014717,0.0022725,0.0007599,0.0013444,0.0057119,0.0272499,0.0323249,0.028336,0.0112751,0.0698329,
411,2e-07,0.0005175,0.0014518,0.0021714,0.0010353,0.0012807,0.0004016,0.0025873,0.0078879,0.0087733,0.01698,0.0318781,0.049661,0.0531302,
412,2e-07,0.0010324,0.0016527,0.0014589,0.0010942,0.0014459,0.0004006,0.0026723,0.0066156,0.0139769,0.0569608,0.061062,0.0576085,0.0742362,
413,2e-07,0.0005159,0.0005963,0.0015187,0.0018663,0.0026946,0.0003975,0.001633,0.0066632,0.0155354,0.0490671,0.0517104,0.0700271,0.0661946,
414,2e-07,0.0010442,0.000992,0.0014583,0.0012673,0.0011177,0.0003985,0.0018982,0.0054116,0.0076017,0.0500088,0.0303269,0.0680438,0.0865008,
415,2e-07,0.0005204,0.0013109,0.0013108,0.0012667,0.0011165,0.0022908,0.0030676,0.0132555,0.0158053,0.0402353,0.0427057,0.0757998,0.0615986,
416,2e-07,0.0005168,0.0005939,0.0008442,0.0014734,0.0009763,0.0011832,0.0014597,0.0117891,0.0169427,0.0214492,0.0434157,0.0631764,0.0667043,
417,1e-07,0.0005177,0.0007077,0.0010241,0.0013286,0.0012691,0.0004034,0.0015296,0.0042493,0.0144031,0.0094927,0.0340365,0.0346409,0.0245174,
418,1e-07,0.0005158,0.0007079,0.0006864,0.000783,0.0002985,0.0008178,0.0014524,0.0038919,0.014436,0.0120798,0.0368876,0.0367,0.0103501,
419,1e-07,0.0005231,0.0018707,0.0009382,0.0008685,0.0002966,0.0008226,0.0015263,0.0029214,0.0097828,0.0108398,0.0303748,0.028616,0.026978,
420,1e-07,0.0010435,0.0005947,0.0005615,0.0008266,0.000977,0.0008239,0.0014426,0.0024531,0.008735,0.0140551,0.0363086,0.0042436,0.0457313,
421,1e-07,0.0005098,0.0007796,0.001623,0.0008285,0.0014288,0.0013908,0.0004846,0.003752,0.0043411,0.0154442,0.0186285,0.0407354,0.0284839,
422,1e-07,0.0005293,0.0007125,0.0009318,0.0010375,0.0009774,0.0011335,0.0007384,0.0074618,0.0102419,0.0348642,0.0338987,0.0462559,0.0543658,
423,1e-07,0.0005309,0.0007765,0.0005671,0.0010373,0.001601,0.0013895,0.001052,0.0073935,0.0138718,0.0342439,0.0207506,0.0481161,0.0941261,
424,2e-07,0.000533,0.0007145,0.0009278,0.0010389,0.0007262,0.0008339,0.0013836,0.0087042,0.0381038,0.0453027,0.0305396,0.0479193,0.0642989,
425,2e-07,0.0005343,0.0008673,0.0006965,0.0010722,0.0002845,0.0011895,0.0010542,0.0222588,0.0378688,0.0447063,0.0539406,0.0291276,0.0473821,
426,2e-07,0.0005331,0.0007778,0.0005686,0.0017267,0.0012812,0.0007159,0.0019993,0.0144278,0.0111527,0.0569117,0.0473654,0.0603069,0.0772168,
427,2e-07,0.0005039,0.0008689,0.0008454,0.0008739,0.0010776,0.0013945,0.0004737,0.0175951,0.0189722,0.0394412,0.0505469,0.0287652,0.0759435,
428,2e-07,0.0005059,0.0007114,0.000933,0.001512,0.0009779,0.0013317,0.0022775,0.0194096,0.0366962,0.0334455,0.0351616,0.0432864,0.0325205,
429,1e-07,0.001032,0.0008708,0.0008456,0.0008321,0.0011815,0.0012021,0.0022728,0.0057384,0.0145463,0.0242427,0.033776,0.0316363,0.035484,
430,1e-07,0.0005079,0.0010673,0.00101,0.000464,0.000979,0.0013549,0.0014341,0.0052541,0.0068817,0.0187444,0.0314898,0.0244125,0.0825293,
431,1e-07,0.0005274,0.0007099,0.0008463,0.0008713,0.0020913,0.0013373,0.0008456,0.0028962,0.0057495,0.0146712,0.0162566,0.0260432,0.0634678,
432,0.0,0.0005118,0.0007102,0.0011941,0.0004654,0.0007124,0.0011922,0.0022373,0.0028204,0.0088797,0.0280043,0.0198023,0.0386511,0.0382129,
433,0.0,0.0010316,0.0007796,0.0006869,0.0008259,0.0014283,0.0017171,0.0015693,0.0032063,0.012454,0.0278877,0.02489,0.0323826,0.0373924,
434,1e-07,0.000522,0.0008718,0.0010211,0.0007844,0.0013008,0.0011456,0.0024641,0.0042565,0.025172,0.0262316,0.0358786,0.0282104,0.0526431,
435,1e-07,0.0005197,0.00071,0.0010242,0.0010386,0.0012683,0.0011865,0.0004979,0.004665,0.0272916,0.0235601,0.0277708,0.023811,0.0550527,
436,1e-07,0.0005189,0.0005941,0.000694,0.0015139,0.001115,0.0004042,0.0017059,0.0053053,0.007487,0.0230135,0.0311948,0.0328455,0.0413876,
437,1e-07,0.0005181,0.0016823,0.0018824,0.0023079,0.0003215,0.0011638,0.0008382,0.0073468,0.0164976,0.036193,0.0274569,0.0288596,0.0442799,
438,2e-07,0.0010481,0.001632,0.0008388,0.0010789,0.0019313,0.0011714,0.0023818,0.0068125,0.0115349,0.0317959,0.007781,0.0243581,0.0662031,
439,3e-07,0.0005183,0.0005944,0.0018787,0.0013388,0.0018489,0.0009785,0.0023843,0.0018331,0.0108831,0.0242043,0.0269897,0.0197667,0.0577066,
440,1e-07,0.0005193,0.0007138,0.0015848,0.0008186,0.0009756,0.0007567,0.0010113,0.0024992,0.007846,0.0186137,0.0462942,0.0479678,0.0445342,
441,1e-07,0.0010294,0.0007146,0.0008386,0.0011006,0.000981,0.0011625,0.0019241,0.0037456,0.0146944,0.0165125,0.0444726,0.0399043,0.0354818,
442,1e-07,0.0005137,0.0005938,0.0008403,0.0020399,0.0009886,0.0014366,0.0019961,0.0072482,0.0160515,0.0274966,0.0128152,0.0287744,0.0245844,
443,1e-07,0.0005128,0.0014802,0.0021325,0.0008232,0.0019369,0.0004135,0.0031892,0.0080421,0.0134413,0.0393303,0.0051,0.0299907,0.0535575,
444,1e-07,0.0005252,0.0007752,0.0009303,0.0013207,0.0013602,0.0011441,0.0024356,0.0155289,0.008739,0.0217942,0.0123389,0.0535539,0.083951,
445,1e-07,0.0005276,0.0008714,0.0018466,0.0008708,0.0011121,0.0007327,0.0033604,0.0092262,0.0527714,0.0455145,0.0212789,0.058911,0.0304436,
446,2e-07,0.0005072,0.0008705,0.0009268,0.0004579,0.0003083,0.001506,0.0044381,0.0246784,0.0508202,0.0391839,0.0219974,0.0591035,0.071608,
447,2e-07,0.0005052,0.0016845,0.000937,0.0007797,0.0012668,0.0013389,0.0031819,0.0166879,0.0376394,0.014335,0.0372439,0.0662166,0.0668439,
448,2e-07,0.0005326,0.0007185,0.0007036,0.0013142,0.0012728,0.0004337,0.0023343,0.0203099,0.0189473,0.04121,0.0383454,0.0551887,0.1483195,
449,2e-07,0.0005329,0.0007173,0.0007014,0.0013151,0.0010958,0.0017556,0.0022124,0.0208555,0.04702,0.0270559,0.0421274,0.0862598,0.1444452,
450,2e-07,0.0005055,0.0005974,0.0006984,0.0016371,0.0014369,0.0009811,0.0014281,0.0183958,0.0284183,0.047476,0.0681303,0.0498569,0.0321133,
451,1e-07,0.0005294,0.0007153,0.0013295,0.0004601,0.0009811,0.0010109,0.0013844,0.0061147,0.0201787,0.0181217,0.0332873,0.0293065,0.0123196,
452,1e-07,0.0005286,0.000867,0.0005594,0.0015927,0.001183,0.0011791,0.0015515,0.0041828,0.0070957,0.0115952,0.0461323,0.022038,0.0333963,
453,1e-07,0.0005087,0.000598,0.000694,0.000464,0.0010946,0.0008242,0.0004814,0.0025899,0.0156025,0.0246832,0.0365582,0.0043583,0.0067875,
454,1e-07,0.0005107,0.0007105,0.0005592,0.000466,0.0002908,0.0021544,0.0010545,0.0015698,0.0109454,0.0163978,0.0066832,0.0252538,0.0128475,
455,1e-07,0.0010453,0.0007096,0.0013823,0.0007821,0.001094,0.0004141,0.0014124,0.0019296,0.0178882,0.0230114,0.0426529,0.0472287,0.016622,
456,1e-07,0.0005141,0.0007072,0.0009396,0.0010344,0.0012795,0.0008184,0.0007439,0.0054485,0.0101596,0.0196705,0.0090481,0.0166944,0.0592594,
457,1e-07,0.0010388,0.0007844,0.0008476,0.0012624,0.000729,0.0007557,0.0026447,0.0029879,0.0027552,0.0264542,0.0157635,0.022255,0.0164953,
458,1e-07,0.0005207,0.0010611,0.0006791,0.0010987,0.0012765,0.0013538,0.0032116,0.0116969,0.0146431,0.0341314,0.0152062,0.0213672,0.0182334,
459,1e-07,0.0005187,0.0007883,0.0010214,0.0004791,0.0010795,0.0012874,0.0004964,0.0246802,0.0315745,0.0427419,0.0363949,0.0458052,0.029627,
460,2e-07,0.0005189,0.0005962,0.0006714,0.0010593,0.0012767,0.0011985,0.0059218,0.0140796,0.0532471,0.0471005,0.0399757,0.048591,0.0311968,
461,2e-07,0.0005208,0.0005974,0.0006722,0.0004807,0.0014264,0.0015783,0.0025066,0.0167036,0.0309346,0.0534184,0.0647285,0.0509715,0.0319803,
462,2e-07,0.0005208,0.0007876,0.0008499,0.0014675,0.0012853,0.0004072,0.0015381,0.016409,0.0405451,0.0244492,0.05725,0.0157178,0.0400125,
463,2e-07,0.0005151,0.0007038,0.0005598,0.0004761,0.0012048,0.0011892,0.0019597,0.006807,0.0155024,0.0409309,0.0474723,0.0103168,0.0401549,
464,1e-07,0.0005205,0.0005984,0.0006834,0.0017308,0.0014368,0.0015593,0.0027502,0.0069724,0.0101405,0.0243741,0.0342638,0.0169155,0.0168702,
465,1e-07,0.00103,0.0008679,0.000556,0.0004719,0.0010948,0.0004103,0.0010592,0.0054006,0.0150544,0.0256924,0.0217044,0.018747,0.051676,
466,2e-07,0.000515,0.0005983,0.0009387,0.0004704,0.0022808,0.0017228,0.0018512,0.0037605,0.0158403,0.0162023,0.0239745,0.0288494,0.0406586,
467,1e-07,0.0005225,0.0009918,0.0014632,0.0011004,0.0019116,0.0004116,0.0013333,0.0032402,0.0145213,0.0157909,0.0481533,0.0380867,0.0612714,
468,1e-07,0.000511,0.0014869,0.000842,0.0016792,0.0002945,0.0016862,0.0020029,0.0018293,0.0092618,0.0260583,0.0352135,0.037859,0.0517594,
469,1e-07,0.0005096,0.0009912,0.0019939,0.0004622,0.0015908,0.0004187,0.0024821,0.0019159,0.0110977,0.0281745,0.0208274,0.0406088,0.0288085,
470,2e-07,0.0010247,0.000599,0.0015287,0.0008238,0.0003033,0.0017023,0.0017206,0.0058584,0.0120803,0.033193,0.0158385,0.0254577,0.0239315,
471,2e-07,0.0005084,0.0014836,0.000838,0.0011061,0.000976,0.0029909,0.0035771,0.0038854,0.0110673,0.0350929,0.0313944,0.0355788,0.0546557,
472,2e-07,0.0005269,0.0014815,0.0005546,0.0011074,0.0014538,0.0017632,0.0026658,0.0055322,0.0052863,0.0231632,0.031412,0.0143621,0.0353319,
473,3e-07,0.0005259,0.0014802,0.0013257,0.0019663,0.002311,0.0007352,0.0015038,0.0039277,0.0164818,0.0289774,0.0413039,0.0480593,0.0263992,
474,3e-07,0.000509,0.0014783,0.0014678,0.0016749,0.0011262,0.0017024,0.0015582,0.0116706,0.032926,0.0531069,0.0495682,0.0433147,0.0414213,
475,2e-07,0.0005248,0.0023345,0.0019894,0.0013357,0.0003345,0.0019241,0.0029029,0.0179598,0.0169802,0.0318913,0.0347818,0.0599132,0.0416773,
476,1e-07,0.0005097,0.0005922,0.0015308,0.0004541,0.0003278,0.0011477,0.0013207,0.0104543,0.050737,0.0726288,0.0481695,0.0271262,0.027855,
477,1e-07,0.0010425,0.0008714,0.0021756,0.0016759,0.0016943,0.0007405,0.0024677,0.0052758,0.0159022,0.0151555,0.0599117,0.0329632,0.0197094,
478,1e-07,0.0005249,0.0009916,0.0014663,0.0004583,0.0009843,0.0028426,0.0062549,0.0019022,0.0170373,0.0326084,0.0417595,0.0168235,0.0268242,
479,2e-07,0.0010332,0.0009913,0.0014644,0.0013417,0.0012999,0.0052731,0.0026705,0.0023343,0.0140765,0.0345766,0.0339544,0.0466238,0.0484415,
480,2e-07,0.0005238,0.0016823,0.0018858,0.0015066,0.0026911,0.002602,0.0070476,0.0023732,0.0262349,0.0363894,0.0405537,0.043654,0.0599534,
481,2e-07,0.0005228,0.0006001,0.0013173,0.0015315,0.0014417,0.0014386,0.0023034,0.0025002,0.0087087,0.028532,0.045038,0.0259073,0.0190134,
482,1e-07,0.0005139,0.0006005,0.0013152,0.0008214,0.0009673,0.001939,0.0034483,0.0072033,0.0155815,0.0332449,0.0348337,0.0280374,0.0328542,
483,1e-07,0.0005229,0.0006016,0.0014594,0.0010987,0.0002862,0.0004112,0.0034815,0.0131684,0.0258577,0.047077,0.0317912,0.0432016,0.0461018,
484,3e-07,0.0005216,0.0006033,0.0013136,0.0008211,0.0015659,0.0011639,0.0039549,0.0196416,0.0443021,0.050436,0.0543153,0.0626901,0.0479341,
485,3e-07,0.0005119,0.00149,0.0023596,0.0008215,0.0019835,0.0017147,0.0035122,0.0154067,0.0228671,0.0438571,0.0502137,0.051332,0.0239351,
486,3e-07,0.0005136,0.0006024,0.0015838,0.0008196,0.0014354,0.0004088,0.0015447,0.0050288,0.0185102,0.0370951,0.0275236,0.0689631,0.0384518,
487,2e-07,0.0015015,0.0010634,0.0015264,0.0007915,0.0012918,0.0018059,0.0016244,0.0096701,0.0134797,0.0339287,0.0215742,0.0776824,0.0399463,
488,2e-07,0.0005197,0.0005988,0.0013851,0.0012711,0.0016806,0.0010257,0.0018631,0.0068446,0.008096,0.0460252,0.0183254,0.0260178,0.0318166,
489,2e-07,0.0005156,0.0015652,0.0017532,0.0013392,0.0019175,0.0014454,0.0015228,0.0079733,0.0470198,0.067294,0.043532,0.0586766,0.0077571,
490,2e-07,0.0005143,0.0007736,0.0008351,0.0010969,0.001588,0.0018558,0.0035729,0.012435,0.0198819,0.0230339,0.0155662,0.0465118,0.0537078,
491,2e-07,0.0015005,0.0014843,0.0014624,0.0016701,0.0019171,0.0017023,0.0032891,0.0139631,0.0232915,0.0271406,0.0190429,0.0522471,0.055816,
492,2e-07,0.0005101,0.0008669,0.00132,0.0012916,0.0015825,0.0010131,0.0019657,0.0093921,0.0210342,0.0204854,0.0406872,0.040732,0.0757852,
493,2e-07,0.0005079,0.0010656,0.0008361,0.0008675,0.0011157,0.0007318,0.0011289,0.0111203,0.0301608,0.0149041,0.0242084,0.0454938,0.0728225,
494,2e-07,0.0005073,0.0017047,0.0013244,0.0010459,0.001912,0.0011697,0.0022863,0.0119296,0.0377878,0.0457425,0.0094809,0.0272675,0.048079,
495,3e-07,0.0005055,0.0008667,0.001468,0.0015021,0.0025386,0.001161,0.0022608,0.0120567,0.0278165,0.0558809,0.0252547,0.0620122,0.0655471,
496,3e-07,0.0005066,0.0007229,0.0013263,0.0019318,0.001921,0.0013043,0.0023517,0.0232742,0.0043829,0.0323283,0.0538438,0.0627474,0.0259395,
497,3e-07,0.0005269,0.0009903,0.0014664,0.0016717,0.0003319,0.0014325,0.0017152,0.02456,0.0377914,0.042659,0.0310414,0.0495968,0.044249,
498,3e-07,0.0010563,0.0007692,0.0007124,0.0011039,0.001699,0.0010132,0.0004879,0.0248384,0.0439871,0.0497387,0.0218404,0.0520535,0.0284984,
499,3e-07,0.000511,0.0009912,0.000834,0.0008666,0.0027137,0.0007416,0.0013861,0.0112315,0.0300618,0.0334687,0.0623737,0.0282985,0.0248377,
500,3e-07,0.0010317,0.0016797,0.0013197,0.0011013,0.0019343,0.0004107,0.0008673,0.0097302,0.0204591,0.0551464,0.0583276,0.0313027,0.0324179,
501,3e-07,0.0010306,0.0005943,0.0014609,0.0015124,0.0014541,0.000755,0.0038417,0.0130335,0.0381723,0.028906,0.0546251,0.0671501,0.0697416,
502,3e-07,0.0005166,0.0005922,0.0013155,0.0016662,0.0014581,0.0018143,0.0018608,0.0144195,0.0202548,0.021043,0.0578131,0.064615,0.0702898,
503,2e-07,0.0005181,0.0007158,0.0007032,0.0007961,0.0019435,0.0009715,0.0024118,0.0128998,0.0229755,0.0041539,0.0439639,0.0253123,0.0793741,
504,2e-07,0.000519,0.0023081,0.0014435,0.0010962,0.0011555,0.0007675,0.0039661,0.0127671,0.025915,0.0349636,0.0232485,0.0189444,0.0310349,
505,2e-07,0.0010313,0.0007762,0.0014598,0.0007946,0.0013239,0.0014473,0.0014872,0.0100659,0.0126643,0.0242298,0.0419284,0.0510741,0.0397123,
506,2e-07,0.0005149,0.0005904,0.0006926,0.0008179,0.0026626,0.0010448,0.0022356,0.0122198,0.0139278,0.0314617,0.0431064,0.0650465,0.0423805,
507,2e-07,0.0005129,0.0016934,0.0005455,0.0012682,0.0011233,0.0012872,0.0018553,0.0134897,0.0087307,0.0177878,0.0443215,0.034764,0.0605545,
508,3e-07,0.0005234,0.0007815,0.0010308,0.0012652,0.0009967,0.0007805,0.00051,0.0075469,0.0221574,0.0410765,0.0418392,0.0060276,0.0485569,
509,2e-07,0.0005148,0.0005895,0.0005503,0.0010377,0.0015329,0.0009471,0.0007593,0.0049448,0.0095629,0.0186018,0.0267422,0.0560013,0.0214544,
510,2e-07,0.0005146,0.0008746,0.0005506,0.0004669,0.0011758,0.0007749,0.0007615,0.0030446,0.0149227,0.0191285,0.0299479,0.0366077,0.030945,
511,3e-07,0.001037,0.0005873,0.0010287,0.0014756,0.0015316,0.0003921,0.0013579,0.0069229,0.021705,0.0249873,0.0702883,0.0216685,0.0379273,
512,3e-07,0.0005235,0.0013045,0.0006829,0.0008201,0.0010888,0.0008133,0.0027795,0.0089359,0.0251523,0.0241492,0.0361971,0.0231073,0.0241911,
513,2e-07,0.000522,0.0005869,0.0009433,0.0013289,0.001274,0.0012011,0.0029185,0.0106749,0.0114367,0.0309686,0.0259114,0.0165789,0.0385883,
514,2e-07,0.0005237,0.0016974,0.0006831,0.0018096,0.0019536,0.0011728,0.0035185,0.0084461,0.0217588,0.0389464,0.0390678,0.0117307,0.0390594,
515,3e-07,0.0005126,0.0007045,0.0005536,0.0008202,0.001017,0.0011702,0.0029288,0.0010946,0.0098583,0.0383536,0.0311393,0.0268857,0.0435852,
516,2e-07,0.000523,0.0005856,0.0009331,0.0014455,0.0011126,0.001736,0.0077298,0.0177476,0.0362712,0.0595823,0.0178366,0.0181095,0.0689118,
517,2e-07,0.0005149,0.0007832,0.0010221,0.0008656,0.0009823,0.0025842,0.0094414,0.0166222,0.0341017,0.031955,0.0203443,0.0386276,0.030331,
518,3e-07,0.0010373,0.0005832,0.0009331,0.0004726,0.0023748,0.0032602,0.0092712,0.0197992,0.0267092,0.0275689,0.024282,0.0496739,0.0402704,
519,3e-07,0.0005136,0.0011266,0.001429,0.0008227,0.002004,0.0027774,0.0184663,0.0383525,0.0498725,0.0147548,0.0301812,0.0667384,0.0562633,
520,2e-07,0.0005157,0.0005829,0.0009292,0.0020308,0.0032428,0.0035598,0.0202685,0.0360059,0.0258313,0.0346756,0.0234993,0.0745319,0.0613038,
521,2e-07,0.0005246,0.0007033,0.0005615,0.0014693,0.0022778,0.0043903,0.0138119,0.0545437,0.0244808,0.0071974,0.0330795,0.052858,0.0373371,
522,2e-07,0.0010351,0.000581,0.0009467,0.0008658,0.0016501,0.0036303,0.0159437,0.0165248,0.01469,0.0306252,0.0281371,0.0308079,0.0416387,
523,3e-07,0.0005263,0.0016305,0.0009471,0.0015072,0.002179,0.0023068,0.0181035,0.0363697,0.0286195,0.0329732,0.0206846,0.0295487,0.0398991,
524,3e-07,0.0010301,0.0005793,0.0019058,0.0012998,0.0010803,0.0012144,0.0054601,0.0417693,0.0318818,0.0129125,0.0410964,0.0527884,0.0728192,
525,3e-07,0.0005258,0.000879,0.0009439,0.0012999,0.001903,0.0003916,0.0062054,0.0201182,0.0381224,0.0428903,0.026491,0.0674566,0.0682091,
526,3e-07,0.0005277,0.0008783,0.0005499,0.0008625,0.0010253,0.0014031,0.0078816,0.0142744,0.0299513,0.0420593,0.0154085,0.0447369,0.0446088,
527,3e-07,0.0005293,0.0007061,0.0010317,0.0008154,0.0014826,0.00147,0.0069697,0.0201334,0.0332332,0.0497436,0.0670431,0.0326134,0.0096294,
528,3e-07,0.0005316,0.0005808,0.0010335,0.0007969,0.0018883,0.0019155,0.008888,0.0153693,0.0402089,0.0360233,0.0442374,0.0246611,0.00768,
529,3e-07,0.000533,0.0014764,0.0013671,0.0010388,0.0011632,0.0010772,0.0069327,0.017567,0.0475149,0.0259124,0.0367891,0.0268963,0.0386193,
530,3e-07,0.0005024,0.0015679,0.0012949,0.0010745,0.0014748,0.0017087,0.0032557,0.007375,0.0336512,0.0150185,0.0300646,0.041754,0.0214125,
531,3e-07,0.0005034,0.0015674,0.0006866,0.001262,0.0028643,0.0008101,0.0026536,0.015713,0.028677,0.0396288,0.0203337,0.0318659,0.0373254,
532,3e-07,0.0010269,0.0007828,0.0011498,0.0016021,0.0019491,0.0009421,0.0023095,0.0164498,0.048824,0.0214179,0.0296914,0.030304,0.0886055,
533,3e-07,0.0005051,0.0016962,0.0015722,0.0018708,0.0025786,0.001183,0.002253,0.0192716,0.0310875,0.0148522,0.0316757,0.0411092,0.0469626,
534,4e-07,0.0005044,0.0007807,0.0013684,0.0018759,0.0025765,0.0008043,0.0036943,0.0111596,0.0512244,0.0356427,0.048532,0.0552427,0.047208,
535,4e-07,0.0005303,0.0015656,0.0005335,0.001266,0.0025846,0.0003761,0.0021131,0.008019,0.0439657,0.0219343,0.034371,0.0429511,0.0962285,
536,4e-07,0.0010385,0.0015651,0.0013676,0.0025593,0.002585,0.0007976,0.0014576,0.00958,0.0361155,0.0462383,0.0340393,0.0755925,0.1048531,
537,4e-07,0.0005072,0.000589,0.0008396,0.0020121,0.0025787,0.0010573,0.0013396,0.009236,0.0300807,0.0576061,0.0518611,0.0859452,0.0765145,
538,4e-07,0.0005281,0.000588,0.0009516,0.0025624,0.0009873,0.0010591,0.0014608,0.0125577,0.0281495,0.0484486,0.0621145,0.0705453,0.0841125,
539,4e-07,0.0005082,0.0015619,0.000699,0.0020122,0.0009929,0.0007974,0.0013458,0.0097619,0.0190495,0.0569639,0.0603968,0.0738153,0.0647923,
540,4e-07,0.0005249,0.0011162,0.0009366,0.0014546,0.0006767,0.001185,0.0018628,0.012977,0.0144861,0.0723938,0.0587699,0.0282966,0.0527509,
541,3e-07,0.0005113,0.0015614,0.0009335,0.001454,0.0020403,0.0003893,0.0023763,0.0129776,0.0194327,0.0213266,0.0241937,0.0575795,0.0495609,
542,3e-07,0.0005115,0.0015594,0.0014429,0.002456,0.0019612,0.0008007,0.0015121,0.0051465,0.0347442,0.0435635,0.0962702,0.0839895,0.0525778,
543,3e-07,0.0005131,0.0026972,0.0014581,0.0010832,0.0019591,0.0012881,0.003346,0.0129203,0.0171119,0.0542594,0.0799172,0.0834782,0.0560356,
544,3e-07,0.0010303,0.0015604,0.001443,0.0012748,0.0013353,0.0009613,0.0013464,0.022299,0.0323942,0.0449614,0.0462738,0.0508503,0.0613206,
545,2e-07,0.0005224,0.0021677,0.0014403,0.0020172,0.0014753,0.0003926,0.0025114,0.0064032,0.0198551,0.0341276,0.0372562,0.0216111,0.0735987,
546,2e-07,0.0005123,0.0005906,0.0009368,0.0020084,0.0023398,0.0008014,0.0018261,0.0094068,0.0143116,0.0303726,0.0207281,0.025025,0.0496288,
547,3e-07,0.0005098,0.000779,0.000939,0.0012677,0.002338,0.0018955,0.0018329,0.0119571,0.021221,0.0333003,0.0397986,0.0848931,0.0457922,
548,3e-07,0.0005262,0.0014824,0.0005381,0.0018911,0.0003317,0.0007904,0.0023335,0.0106959,0.0145526,0.0289727,0.0548605,0.0648538,0.0663106,
549,3e-07,0.0005274,0.0010657,0.0009478,0.0012618,0.0016058,0.000795,0.0018191,0.0156713,0.0322209,0.0450748,0.0411032,0.0810728,0.0539594,
550,3e-07,0.0005294,0.0005919,0.0009464,0.0025554,0.0016048,0.0008005,0.0038937,0.0057737,0.0578317,0.040843,0.06348,0.073946,0.0794534,
551,3e-07,0.0005076,0.000593,0.0012971,0.0025503,0.0011168,0.0011758,0.0039936,0.0114157,0.0551213,0.0496196,0.0565848,0.064107,0.0523075,
552,2e-07,0.0005094,0.0007835,0.0013674,0.0010719,0.0011184,0.0011818,0.0012245,0.0136271,0.0373837,0.0251925,0.0300893,0.0328547,0.0429293,
553,3e-07,0.0005081,0.0005904,0.0011484,0.0012594,0.0013096,0.0003831,0.0027849,0.0206866,0.0116587,0.022005,0.0514252,0.0583398,0.0470536,
554,3e-07,0.0005286,0.0014423,0.0009409,0.0019966,0.0013021,0.000943,0.0015297,0.0177675,0.0287291,0.0251713,0.0467023,0.0411888,0.0813011,
555,3e-07,0.0005263,0.0007025,0.0017973,0.0010329,0.0010977,0.0021066,0.0014631,0.0077522,0.0444384,0.0299514,0.0421758,0.0343243,0.0764489,
556,2e-07,0.000527,0.0005893,0.0010318,0.000476,0.0003148,0.0014734,0.0040454,0.0118915,0.0205174,0.0190282,0.0600474,0.0438902,0.0424672,
557,2e-07,0.0005291,0.0016867,0.0017961,0.0007916,0.0003118,0.0003822,0.0110874,0.0122118,0.0150014,0.0414395,0.0649796,0.0851012,0.071344,
558,2e-07,0.0005088,0.0006996,0.0009348,0.0004803,0.0015647,0.0015417,0.0129878,0.0062236,0.0172684,0.0509067,0.0528038,0.074435,0.1071379,
559,2e-07,0.0005272,0.0005875,0.0010286,0.0010322,0.0007022,0.0016994,0.0098256,0.0182411,0.0229964,0.065057,0.0429187,0.0506282,0.0702431,
560,3e-07,0.0005079,0.0005865,0.000953,0.0014681,0.0020038,0.0017173,0.005313,0.0341889,0.0304202,0.0522054,0.0198427,0.0418845,0.0425674,
561,2e-07,0.0005303,0.00079,0.0018784,0.0014787,0.0003104,0.0024185,0.015808,0.0425144,0.0760429,0.0305227,0.0359272,0.0712708,0.0718166,
562,3e-07,0.0005091,0.0014861,0.0009559,0.0007868,0.0019589,0.0033265,0.0166855,0.0301638,0.0682766,0.0675625,0.0474922,0.0828741,0.0791854,
563,3e-07,0.0005089,0.0005843,0.0009542,0.0007872,0.0015144,0.0027732,0.0168543,0.03427,0.0552693,0.073649,0.0452997,0.0612446,0.0658343,
564,3e-07,0.0005065,0.0007886,0.0006722,0.0010661,0.0003213,0.0014004,0.0113296,0.0205448,0.0505263,0.049661,0.0566189,0.0224852,0.0237991,
565,3e-07,0.0005303,0.0005844,0.001794,0.000817,0.0003263,0.0013994,0.0047078,0.0179624,0.0230125,0.0415695,0.0367824,0.0328879,0.0162764,
566,3e-07,0.0005056,0.000996,0.0009525,0.0010341,0.00069,0.001392,0.0019083,0.022871,0.0287383,0.0618539,0.0136489,0.0182686,0.0215117,
567,3e-07,0.0010453,0.000587,0.0005438,0.0004751,0.0010041,0.0008038,0.0018401,0.0087157,0.0221634,0.0211748,0.036586,0.0207021,0.0375625,
568,3e-07,0.0010417,0.0016986,0.000683,0.0010849,0.0010027,0.000801,0.0013384,0.0188128,0.0213095,0.0295677,0.0447392,0.0201575,0.0274629,
569,3e-07,0.0005062,0.0007043,0.0014296,0.0008146,0.0003371,0.0015597,0.0018637,0.0136526,0.0107621,0.0284329,0.0531195,0.027358,0.0275088,
570,3e-07,0.0005278,0.0005852,0.0013713,0.0007948,0.0019934,0.0017776,0.0028902,0.016819,0.0094499,0.0292645,0.0451603,0.0117711,0.0275132,
571,3e-07,0.0005082,0.0015669,0.000844,0.0015994,0.0014708,0.0011672,0.0014538,0.0172219,0.016078,0.0331617,0.0348447,0.012488,0.0287487,
572,3e-07,0.0005288,0.0032884,0.0010347,0.0018767,0.0010086,0.0003818,0.0023952,0.0162828,0.0132709,0.0247969,0.0313654,0.0435208,0.0390897,
573,3e-07,0.0005092,0.0007073,0.0009443,0.0004684,0.0009813,0.0013924,0.0015355,0.0122417,0.0106689,0.0238599,0.0358519,0.0319015,0.0445912,
574,3e-07,0.0010309,0.0016823,0.0014359,0.0018907,0.0036823,0.0017767,0.0007693,0.0075933,0.0076628,0.0176837,0.0282207,0.0333428,0.0683071,
575,3e-07,0.0005092,0.0005845,0.0018632,0.0012691,0.001007,0.0011757,0.0027682,0.0094201,0.0165923,0.0213965,0.0142053,0.0357454,0.0751211,
576,3e-07,0.0005093,0.0007784,0.0005441,0.0020147,0.003184,0.0019059,0.0041299,0.014187,0.0389903,0.0332291,0.0181924,0.0431206,0.0869428,
577,3e-07,0.0010315,0.0007107,0.0005474,0.0018807,0.0019867,0.0009345,0.0019866,0.0142948,0.0350823,0.0434203,0.053706,0.0712659,0.1090254,
578,3e-07,0.000524,0.0015605,0.0013101,0.001882,0.0023669,0.0008086,0.0022354,0.0123183,0.0224183,0.013268,0.0534129,0.0987417,0.0905068,
579,3e-07,0.0005101,0.0009956,0.001457,0.0014527,0.0023212,0.0009404,0.004579,0.0166362,0.0193349,0.0488041,0.0419162,0.0799649,0.0751185,
580,3e-07,0.0005109,0.0014397,0.0009368,0.0018751,0.0019877,0.0003899,0.0102546,0.0565686,0.0787433,0.070911,0.0447449,0.0568576,0.0961696,
581,3e-07,0.0005231,0.0015588,0.0005481,0.0025666,0.0031667,0.0013054,0.0067474,0.0550481,0.0436267,0.0375066,0.0214518,0.0425412,0.1088519,
582,3e-07,0.0005147,0.0007759,0.0006914,0.0007932,0.000354,0.0009319,0.0076034,0.0133698,0.025986,0.0337172,0.0170588,0.0325938,0.1013683,
583,3e-07,0.0005226,0.0008795,0.0009399,0.0010993,0.0010927,0.0012071,0.0061681,0.0201487,0.0264865,0.0431851,0.0675472,0.100577,0.0831362,
584,2e-07,0.0005203,0.0005797,0.0005562,0.0016441,0.0013826,0.0037626,0.0099805,0.0445566,0.029054,0.0213567,0.0348166,0.0814339,0.0983695,
585,2e-07,0.0005209,0.0007117,0.0011316,0.0016743,0.0003517,0.0018867,0.0083898,0.0181081,0.0454651,0.0508147,0.0325546,0.0918845,0.1048653,
586,2e-07,0.0005201,0.0005808,0.0013799,0.0012724,0.0003434,0.0009242,0.0092606,0.0167014,0.0444809,0.0546133,0.0384215,0.0826983,0.1137141,
587,2e-07,0.0010355,0.0007088,0.0009409,0.0008667,0.001504,0.0017146,0.0044886,0.0178406,0.0252682,0.0246656,0.0137464,0.0604687,0.0732822,
588,2e-07,0.0005202,0.0007804,0.0009418,0.0018133,0.0027559,0.0025532,0.0131813,0.0208425,0.0201153,0.0589535,0.0283872,0.0574184,0.0900612,
589,1e-07,0.0005202,0.0017432,0.0008477,0.002492,0.0019566,0.0034289,0.0103259,0.0479443,0.0316043,0.0800156,0.0549485,0.0703937,0.135748,
590,1e-07,0.00052,0.0007109,0.0005613,0.0010754,0.0011868,0.0022709,0.0069734,0.0322678,0.0466433,0.0479945,0.0354617,0.0892441,0.1208533,
591,2e-07,0.000518,0.0005822,0.0019594,0.0007862,0.000343,0.0011329,0.0077725,0.0150824,0.0449189,0.0462881,0.0408857,0.0952733,0.1211495,
592,1e-07,0.0005182,0.0008769,0.0009348,0.0014432,0.0011754,0.0007634,0.0029359,0.0164989,0.0233857,0.0468607,0.0426432,0.0815024,0.0826098,
593,1e-07,0.000517,0.0007114,0.0010233,0.001041,0.0012707,0.0011988,0.002815,0.0123603,0.0500675,0.1152622,0.0488741,0.0172067,0.0391287,
594,1e-07,0.000518,0.0007776,0.0020053,0.0014625,0.0012726,0.0011965,0.0032623,0.050001,0.0157874,0.0352166,0.066202,0.0331352,0.009227,
595,2e-07,0.0005192,0.0007101,0.0010249,0.0007899,0.0010972,0.0011854,0.0025443,0.0176282,0.0254638,0.0198308,0.0366748,0.0257617,0.0319924,
596,1e-07,0.001034,0.0007096,0.0010229,0.0008219,0.00116,0.0009506,0.0010416,0.0075992,0.012866,0.0262956,0.0513559,0.040386,0.0349034,
597,1e-07,0.0005175,0.0007074,0.000936,0.0010981,0.0010885,0.0007669,0.0024927,0.0053831,0.0096957,0.0475016,0.030362,0.0398185,0.0157963,
598,1e-07,0.001755,0.0005905,0.0016251,0.0008212,0.0010895,0.0013895,0.0023708,0.0109792,0.0196269,0.0297839,0.0143864,0.0446479,0.0231561,
599,2e-07,0.0010378,0.0007034,0.001625,0.0010327,0.001086,0.0007784,0.0018489,0.0152474,0.0138223,0.0429364,0.0339851,0.0289622,0.0263989,
600,2e-07,0.0005155,0.0007858,0.0011445,0.0004755,0.0019707,0.0011961,0.0023939,0.0097984,0.0457502,0.0451949,0.0355532,0.0280166,0.0428221,
601,1e-07,0.00052,0.0011199,0.0009457,0.000783,0.0010792,0.0014428,0.0044174,0.0057512,0.0403886,0.0239868,0.0209781,0.016183,0.0512032,
602,1e-07,0.0005216,0.0005889,0.0014308,0.0013555,0.0007094,0.0014447,0.0031867,0.0083991,0.020603,0.0230782,0.0261509,0.0746651,0.0698551,
603,2e-07,0.0005158,0.0008739,0.0009504,0.001516,0.0015922,0.0014446,0.0044599,0.0039071,0.0399837,0.0296381,0.028525,0.0734877,0.0799972,
604,1e-07,0.0005184,0.0005902,0.0009485,0.0008259,0.0015064,0.00144,0.0057475,0.0191487,0.0585929,0.0303358,0.0281631,0.0469029,0.0781855,
605,1e-07,0.0005188,0.0008748,0.0014772,0.0019795,0.0015942,0.0027271,0.0024817,0.0066903,0.0547819,0.0288472,0.0326236,0.0626782,0.0963335,
606,1e-07,0.0017565,0.0010664,0.0016639,0.0008666,0.0023368,0.0027147,0.0118294,0.0371461,0.0703109,0.0680072,0.0695172,0.0443939,0.0793261,
607,2e-07,0.0012134,0.0013051,0.0027322,0.0026511,0.003601,0.0046538,0.0188243,0.0527629,0.0565316,0.0817523,0.1249315,0.0982101,0.0886888,
608,1e-07,0.0010368,0.0007001,0.0014802,0.0023142,0.0036004,0.0057789,0.0109622,0.1210161,0.106803,0.0944721,0.0799058,0.0491761,0.0601924,
609,1e-07,0.0005179,0.0006992,0.0006688,0.0014706,0.0011876,0.0025519,0.0047322,0.0558463,0.0777021,0.0899553,0.0930702,0.0747025,0.0305223,
610,1e-07,0.0005197,0.0009943,0.0005661,0.0004805,0.0012605,0.0030341,0.0105312,0.023455,0.0270849,0.0672766,0.0333785,0.0456118,0.0315836,
611,2e-07,0.0005179,0.0010604,0.0005659,0.0004801,0.0015,0.0023874,0.0074322,0.016643,0.0523115,0.0757823,0.0302041,0.0450056,0.0426739,
612,2e-07,0.0010345,0.0009937,0.0018671,0.0008296,0.0012017,0.0011817,0.0098032,0.0139768,0.0407692,0.0495609,0.0411451,0.0349479,0.038996,
