#Time_fs,0,50,100,150,200,250,300,500,750,1000,1250,1500,1750,2000,
1,1e-07,5.33e-05,0.000793,0.0008687,0.0002581,0.0007253,0.0017488,0.0016318,0.0105143,0.0273852,0.0305709,0.0139761,0.0155727,0.0292959,
2,1e-07,5.15e-05,0.0007917,0.0008678,0.0011198,0.00134,0.0005544,0.0016319,0.0205011,0.0099665,0.0369641,0.0248189,0.0449015,0.0472013,
3,1e-07,4.96e-05,0.0010236,0.000482,0.0011476,0.0007209,0.0015195,0.0026926,0.0142948,0.0126973,0.0183779,0.0349004,0.0214887,0.0463228,
4,0.0,4.85e-05,0.0008862,0.0014213,0.0008158,0.0010975,0.0011351,0.0009879,0.0112807,0.0069476,0.0088019,0.0125976,0.0093388,0.0363427,
5,0.0,4.72e-05,0.0010246,0.0008666,0.0014654,0.0013535,0.0008469,0.0009495,0.0076659,0.0256407,0.0148812,0.0127849,0.0162635,0.0457893,
6,0.0,4.87e-05,0.0005843,0.0009836,0.0016575,0.0012113,0.0011426,0.0006893,0.0034422,0.0300576,0.0121585,0.0168901,0.0344457,0.0538231,
7,0.0,4.81e-05,0.0007641,0.0004884,0.0015863,0.0013626,0.0011485,0.0016779,0.0049948,0.0096713,0.0179773,0.0229829,0.0204989,0.0404161,
8,1e-07,0.0009533,0.0009365,0.0004918,0.0002707,0.0007376,0.0011514,0.0011357,0.0043662,0.023825,0.0127439,0.0110245,0.0084115,0.0411228,
9,0.0,0.0009861,0.0008051,0.0006538,0.0012085,0.0003813,0.0005299,0.0009959,0.005808,0.019378,0.0342107,0.0092712,0.0349755,0.0165447,
10,0.0,4.92e-05,0.0011533,0.000495,0.0007959,0.0003778,0.0019444,0.0009487,0.0101117,0.0197655,0.016882,0.0065095,0.0264281,0.0084302,
11,0.0,5.05e-05,0.0005907,0.0012281,0.000289,0.0009155,0.0008394,0.0018932,0.0108698,0.0195085,0.0551782,0.0147834,0.0296877,0.025874,
12,0.0,5.01e-05,0.0010589,0.0009933,0.0007893,0.0010956,0.0014251,0.0024317,0.0061737,0.0328513,0.0170436,0.0287939,0.0419197,0.0331506,
13,0.0,4.81e-05,0.0010131,0.0010789,0.0007923,0.0007491,0.0019527,0.0048988,0.0067565,0.0178041,0.0151284,0.0160243,0.0573067,0.015958,
14,0.0,4.84e-05,0.0005897,0.0004979,0.0020058,0.0007517,0.0014204,0.0037804,0.0043801,0.0078779,0.0390735,0.0405564,0.0331418,0.030992,
15,0.0,4.92e-05,0.0009303,0.0008702,0.0013886,0.0007576,0.0024472,0.0059365,0.0213537,0.0561598,0.1038232,0.0447035,0.0796884,0.0489907,
16,0.0,4.77e-05,0.0010639,0.0017307,0.0011807,0.0003615,0.0020097,0.0044353,0.0085637,0.0230139,0.0250608,0.0378046,0.0712114,0.0529174,
17,0.0,4.61e-05,0.0005867,0.0008686,0.0008834,0.0009283,0.0005133,0.0039929,0.009538,0.0221009,0.0396807,0.0295351,0.0628477,0.018068,
18,1e-07,4.52e-05,0.0007406,0.0012195,0.0009524,0.0007532,0.0029836,0.0050446,0.0090996,0.0231933,0.0423199,0.031401,0.0328736,0.0185109,
19,1e-07,0.0014179,0.001066,0.0012326,0.0014665,0.001933,0.0060404,0.0024083,0.0076853,0.0265275,0.0446554,0.023693,0.023741,0.0445161,
20,1e-07,4.23e-05,0.0009105,0.0013006,0.0035722,0.0062905,0.014504,0.0297636,0.0085641,0.0136416,0.0335975,0.0373576,0.0269001,0.055422,
21,1e-07,0.0014165,0.0028275,0.0050164,0.0122654,0.0123306,0.0150941,0.0299419,0.0173565,0.0319177,0.0322488,0.0652661,0.0489532,0.0213638,
22,1e-07,3.94e-05,0.0009261,0.0050542,0.008408,0.0112201,0.0126463,0.0091156,0.0204483,0.0052779,0.0469436,0.0277534,0.078909,0.0382074,
23,1e-07,0.0013966,0.0039094,0.0036648,0.0093729,0.0134422,0.0157395,0.0260507,0.0478786,0.04683,0.0721915,0.0988901,0.1237943,0.1686961,
24,1e-07,0.0031443,0.0080627,0.0094478,0.0125673,0.0199549,0.0124707,0.0489677,0.0552478,0.0828999,0.1286153,0.1656173,0.1665802,0.1646952,
25,1e-07,0.002979,0.0024824,0.0040135,0.0075774,0.0072544,0.0153254,0.0069599,0.0317872,0.0196323,0.0366776,0.0719885,0.0422153,0.0495118,
26,1e-07,0.0022672,0.004988,0.0070247,0.0103349,0.0072717,0.002802,0.0164875,0.0217473,0.0278742,0.0168657,0.0487798,0.0490624,0.0904225,
27,1e-07,0.0010101,0.0051763,0.0081681,0.0113987,0.0132416,0.0086523,0.0070907,0.0171079,0.029348,0.0297381,0.0390264,0.0402922,0.0260726,
28,1e-07,4.25e-05,0.0018034,0.0040781,0.002789,0.0029602,0.0110181,0.0216016,0.0101028,0.0224722,0.0178698,0.0373172,0.0304437,0.0455422,
29,0.0,4.35e-05,0.0005825,0.0006482,0.0012147,0.0040228,0.0039117,0.0186101,0.0165654,0.0224407,0.0214941,0.0153894,0.0434378,0.0447017,
30,0.0,4.52e-05,0.0014602,0.0013196,0.0012139,0.002458,0.0005102,0.0050068,0.0096623,0.0161698,0.019664,0.0181364,0.0334475,0.0282969,
31,0.0,0.000958,0.0005859,0.0009596,0.0021127,0.0020154,0.0012635,0.0015032,0.0131917,0.0140399,0.0297314,0.0290548,0.0295725,0.0280198,
32,0.0,0.0014076,0.0009104,0.0009601,0.0011867,0.0011503,0.0008538,0.0018952,0.0122651,0.0280454,0.0312009,0.0292735,0.0096134,0.0445022,
33,0.0,4.9e-05,0.0010746,0.0005072,0.0007791,0.0007651,0.0009664,0.0023801,0.0080793,0.0287321,0.0556451,0.0136958,0.0225057,0.029073,
34,0.0,4.78e-05,0.0009247,0.0005072,0.0013927,0.0007662,0.0020255,0.0057785,0.0130993,0.0241122,0.0405782,0.0575767,0.0497251,0.0337686,
35,0.0,0.0009594,0.0007304,0.0010011,0.0002942,0.0003456,0.0017979,0.0022924,0.0029934,0.0133193,0.0212409,0.0304889,0.0504485,0.0275843,
36,0.0,0.0014363,0.0007342,0.0008696,0.0002888,0.0016408,0.001268,0.0020992,0.0080784,0.0212181,0.0262256,0.0206224,0.0315426,0.0300672,
37,0.0,4.37e-05,0.0009279,0.001853,0.0011498,0.001503,0.0012636,0.0105888,0.0166354,0.0371271,0.0358943,0.0108604,0.0454041,0.0444093,
38,0.0,4.2e-05,0.0007405,0.0010003,0.000882,0.0009467,0.0012621,0.0128544,0.0193975,0.0172586,0.0334873,0.0087351,0.0606791,0.0433449,
39,0.0,4.02e-05,0.0009139,0.0008667,0.003413,0.0042718,0.0079283,0.0278383,0.0142647,0.0211792,0.0340072,0.0363352,0.0046336,0.0274319,
40,0.0,3.9e-05,0.0014266,0.0014104,0.0032374,0.0109033,0.0209956,0.0120193,0.0310678,0.0325601,0.0372875,0.0088931,0.0117279,0.0581531,
41,1e-07,0.0013978,0.0028404,0.006173,0.0120057,0.017709,0.0328392,0.0288935,0.0253865,0.009662,0.0227484,0.0234913,0.0201538,0.0760908,
42,1e-07,0.0017656,0.0023539,0.004512,0.0088086,0.0120014,0.0219847,0.0329693,0.0215708,0.0266058,0.0198891,0.0273482,0.026018,0.0407497,
43,1e-07,3.77e-05,0.0005764,0.002808,0.0031518,0.0039886,0.0091801,0.0306908,0.0251494,0.0416061,0.0352938,0.0284832,0.0441579,0.0432586,
44,1e-07,0.0010329,0.002775,0.0066193,0.0050091,0.0068647,0.0145751,0.0320023,0.032451,0.0513215,0.0561015,0.0455928,0.058477,0.0314296,
45,1e-07,0.0017156,0.0034615,0.0054467,0.0069202,0.0164185,0.0199069,0.0405583,0.0555139,0.0347884,0.0380102,0.0875762,0.1128277,0.0770024,
46,1e-07,0.0022352,0.0020688,0.0049434,0.0144332,0.0291339,0.0457177,0.0526066,0.0793169,0.0521087,0.0611076,0.1311435,0.126285,0.1287232,
47,1e-07,0.0010052,0.0024107,0.0054423,0.0032487,0.0077506,0.0062684,0.0360886,0.0453791,0.0293228,0.0467474,0.1140215,0.1168244,0.129253,
48,1e-07,3.41e-05,0.0010353,0.0026635,0.0059413,0.0065674,0.0088386,0.0248659,0.0134767,0.0555398,0.0380204,0.1018185,0.1250407,0.0982849,
49,1e-07,3.46e-05,0.0029821,0.0059188,0.0099484,0.0138153,0.0231027,0.0297924,0.0327415,0.0488592,0.0394965,0.0377111,0.0952936,0.0717383,
50,1e-07,3.32e-05,0.0014436,0.0050804,0.0012039,0.0056999,0.0240495,0.0367965,0.0237543,0.0741523,0.0595989,0.0532824,0.0871653,0.0950955,
51,1e-07,0.0010083,0.0005659,0.0012331,0.0013372,0.0034697,0.0056082,0.0075557,0.0387052,0.0723363,0.0437141,0.0682806,0.0674143,0.0867431,
52,1e-07,3.47e-05,0.0005684,0.0014047,0.0012127,0.0022644,0.0037469,0.0148164,0.0478071,0.0504087,0.0290156,0.0661076,0.0387854,0.0473719,
53,1e-07,3.54e-05,0.0011818,0.0004883,0.0008074,0.0029011,0.0070051,0.0246214,0.0184679,0.0324725,0.0724192,0.0220108,0.0228937,0.0752049,
54,0.0,3.7e-05,0.001491,0.0013037,0.0011659,0.0022345,0.0051235,0.0047308,0.0152106,0.0223614,0.0627201,0.0261083,0.0234904,0.049079,
55,0.0,3.78e-05,0.0008043,0.0009641,0.0008784,0.0024611,0.0029056,0.0075876,0.0121327,0.0359383,0.0318082,0.0609909,0.0284429,0.0394407,
56,1e-07,3.64e-05,0.0011809,0.0019445,0.0002672,0.0017267,0.0022327,0.0132521,0.0114901,0.0260408,0.0557155,0.0311405,0.0107395,0.0407911,
57,1e-07,3.66e-05,0.0007315,0.000866,0.000975,0.0029628,0.0029899,0.0101635,0.0164191,0.0150514,0.0284161,0.0628478,0.0272126,0.0678968,
58,1e-07,3.82e-05,0.0010287,0.0004959,0.0011749,0.0013874,0.0020727,0.0056165,0.0163545,0.0227153,0.0288683,0.0613222,0.0242806,0.0545275,
59,1e-07,3.82e-05,0.0014122,0.0016891,0.0002794,0.0015435,0.0029141,0.0065201,0.0252528,0.0337279,0.0665982,0.0597538,0.0805332,0.0637482,
60,1e-07,0.0017652,0.0009228,0.0016896,0.0019886,0.0019564,0.0044536,0.0078059,0.0324802,0.0496668,0.0657245,0.0776472,0.102323,0.0958098,
61,1e-07,3.8e-05,0.0007261,0.0010116,0.0015891,0.0028472,0.0024375,0.0082783,0.0289719,0.0413636,0.0532017,0.0297619,0.0509123,0.0425461,
62,1e-07,0.0009649,0.0007227,0.0012985,0.0002908,0.0009553,0.0023909,0.0100845,0.0266237,0.0493263,0.0726138,0.049654,0.0340034,0.0545277,
63,1e-07,4.13e-05,0.000923,0.000503,0.0007832,0.0003389,0.0020458,0.0053459,0.0160464,0.0271798,0.0504762,0.0618341,0.0545547,0.0189389,
64,1e-07,4.13e-05,0.0009227,0.0017496,0.0025329,0.0029807,0.003403,0.0127245,0.0142941,0.0166477,0.0491537,0.0348125,0.0648903,0.0077786,
65,1e-07,0.0014164,0.0009233,0.0014051,0.0017757,0.0007589,0.0042254,0.0181522,0.0253256,0.0106599,0.0516916,0.0577338,0.0043912,0.02812,
66,1e-07,4.09e-05,0.0009159,0.0009566,0.0017777,0.0023696,0.0066946,0.003567,0.0206875,0.031429,0.0335084,0.0149672,0.016367,0.0217807,
67,1e-07,4.21e-05,0.0010118,0.0012353,0.002927,0.0023881,0.0028612,0.0230479,0.0249766,0.0142137,0.0351531,0.0391557,0.0371895,0.0048312,
68,1e-07,0.0010087,0.00091,0.0010867,0.0011824,0.0026259,0.0024191,0.0138872,0.0103235,0.0296151,0.0188847,0.0264704,0.0210166,0.0159079,
69,1e-07,4.49e-05,0.001155,0.0008683,0.0011821,0.0015211,0.0014326,0.0152982,0.0211353,0.0507973,0.0690119,0.0513461,0.0291299,0.0201831,
70,1e-07,0.0010056,0.0009282,0.0008688,0.0009483,0.0009217,0.0016513,0.0029918,0.0141037,0.0297114,0.0574914,0.0292725,0.0758544,0.0829826,
71,1e-07,4.7e-05,0.0015793,0.0012335,0.0008858,0.0014345,0.0022185,0.0140853,0.017759,0.0467493,0.0407343,0.0680294,0.0895983,0.0889087,
72,1e-07,0.0014097,0.0009995,0.0005027,0.0003059,0.0003563,0.0009661,0.0098174,0.0086697,0.0430263,0.0327148,0.0570338,0.0654511,0.0743574,
73,1e-07,0.000955,0.0010681,0.0008696,0.0007794,0.0003503,0.0022091,0.0065516,0.0096673,0.0257947,0.0486107,0.0635711,0.0365756,0.0581918,
74,1e-07,4.63e-05,0.0007293,0.0009527,0.0011895,0.0016355,0.0034287,0.0070403,0.0160154,0.0503946,0.0708696,0.0631013,0.0234641,0.0535035,
75,1e-07,4.59e-05,0.0010041,0.0005058,0.0003053,0.0012836,0.0020783,0.0098989,0.0129189,0.062525,0.053528,0.0353817,0.0186829,0.0519045,
76,1e-07,4.47e-05,0.0010065,0.0008699,0.0007777,0.0007681,0.0020829,0.0116456,0.019725,0.0291186,0.0662291,0.0087689,0.0086374,0.0475417,
77,1e-07,4.39e-05,0.00147,0.0009539,0.0002995,0.0008715,0.0019884,0.0072145,0.0156572,0.0233601,0.0774114,0.0404829,0.0172438,0.0060019,
78,1e-07,4.42e-05,0.0011648,0.0006373,0.0003027,0.000944,0.0015984,0.0036892,0.0045054,0.0224817,0.0489896,0.0334322,0.0290763,0.0518342,
79,0.0,4.35e-05,0.0009218,0.0012916,0.000297,0.0007638,0.0020335,0.0019319,0.0101177,0.0501062,0.0157159,0.0525548,0.0370528,0.0277312,
80,0.0,0.0009828,0.0009232,0.0020443,0.0007873,0.0009541,0.0014467,0.0035272,0.0199444,0.0240728,0.0271276,0.0583477,0.026186,0.0454987,
81,0.0,0.001019,0.0010259,0.0009607,0.0002828,0.0017634,0.0014513,0.0108702,0.0277654,0.0172523,0.0426299,0.0215267,0.0409749,0.0517371,
82,0.0,4.11e-05,0.0008058,0.0013827,0.0012891,0.001166,0.0009505,0.0081186,0.0200808,0.0290921,0.0375194,0.0315107,0.0180071,0.0099174,
83,0.0,4.19e-05,0.0005731,0.0012245,0.0015097,0.0021942,0.0025542,0.0023048,0.0099542,0.0488067,0.0242014,0.0322581,0.0204904,0.0275476,
84,0.0,4.03e-05,0.0010356,0.0009939,0.0012226,0.0021402,0.0016452,0.0048098,0.0091183,0.0244658,0.0417038,0.0463241,0.0610063,0.0279347,
85,0.0,3.96e-05,0.0010344,0.0009686,0.0015711,0.0015408,0.0031564,0.0078459,0.0069986,0.0241985,0.0364563,0.0376342,0.0324051,0.039321,
86,0.0,0.0010363,0.0005745,0.0009659,0.0014857,0.001401,0.0024259,0.0103562,0.0081984,0.0221266,0.0257256,0.0343375,0.0337707,0.0414281,
87,0.0,4.16e-05,0.0005769,0.0006476,0.000796,0.0014057,0.0014366,0.006992,0.0147281,0.0194565,0.0086689,0.0106193,0.0100209,0.0306069,
88,0.0,0.0014495,0.0011684,0.0008695,0.000283,0.000951,0.0009552,0.0048619,0.0204161,0.0220248,0.0245257,0.022945,0.0227635,0.0356333,
89,0.0,0.0010179,0.0010182,0.0014141,0.0002894,0.001101,0.0009589,0.0056317,0.0068813,0.0210809,0.0316461,0.0211897,0.0354088,0.0282663,
90,0.0,4.52e-05,0.0014681,0.0005054,0.0002976,0.000763,0.0012782,0.0035698,0.0212967,0.0184299,0.0620476,0.0289556,0.0495782,0.032053,
91,0.0,0.0009827,0.0010803,0.0008708,0.0007792,0.0012333,0.0019815,0.0037026,0.0222085,0.0426228,0.0747686,0.0122184,0.0218804,0.033735,
92,0.0,4.72e-05,0.0005905,0.0012252,0.0003112,0.0009308,0.0011988,0.0078425,0.0226006,0.0368023,0.0372132,0.0214091,0.0375928,0.0296004,
93,0.0,4.85e-05,0.0009124,0.0008718,0.0011977,0.0014097,0.000972,0.0061098,0.0427744,0.0430016,0.0373886,0.0126852,0.0353574,0.0504532,
94,0.0,0.0009935,0.0014315,0.0008724,0.0015101,0.0014861,0.0011891,0.0079245,0.0502375,0.0308311,0.0170538,0.0409277,0.1164688,0.0656843,
95,0.0,4.98e-05,0.0007317,0.0006405,0.0011934,0.0003473,0.0017692,0.0020805,0.0089975,0.0441846,0.0264188,0.0362888,0.0624537,0.0303076,
96,0.0,5.18e-05,0.0010688,0.0009547,0.0007755,0.0012143,0.0012653,0.0048179,0.0106992,0.053872,0.0600841,0.1011998,0.0910041,0.0624352,
97,0.0,5.13e-05,0.0007367,0.0005061,0.0003036,0.0007642,0.0011748,0.004613,0.0116066,0.0370396,0.0860906,0.0691089,0.1260004,0.0695502,
98,0.0,5.04e-05,0.0010084,0.000959,0.0002988,0.000353,0.0005112,0.0018501,0.0066748,0.0221586,0.0318892,0.0215956,0.0274092,0.0529951,
99,1e-07,0.0009539,0.0010103,0.0008726,0.0002944,0.0007578,0.0011707,0.0023069,0.0051732,0.0121199,0.0508133,0.0343233,0.0386509,0.0442942,
100,1e-07,0.0010231,0.0009289,0.0010683,0.0011869,0.0011426,0.0008424,0.0040858,0.0157652,0.0218539,0.0641904,0.044659,0.025635,0.0404107,
101,1e-07,4.95e-05,0.0008077,0.0017858,0.0002845,0.0003605,0.0011691,0.0028134,0.0204147,0.020838,0.0625268,0.0397995,0.0573735,0.0545273,
102,1e-07,0.0014515,0.0005792,0.0012173,0.0002785,0.0015682,0.0006791,0.0014003,0.0262379,0.0163935,0.0652281,0.0521372,0.0625661,0.052862,
103,1e-07,0.0009903,0.0005769,0.0009876,0.0009817,0.0008734,0.0009634,0.0027379,0.0159509,0.0414203,0.048657,0.0478482,0.0539624,0.0273067,
104,1e-07,4.58e-05,0.0011701,0.0009846,0.0002653,0.0010813,0.0013555,0.0072443,0.0074651,0.0288942,0.039397,0.0362328,0.0503712,0.0430869,
105,1e-07,4.42e-05,0.001436,0.0004905,0.0002575,0.0015132,0.0005232,0.0069961,0.0054719,0.0355533,0.0199699,0.0299698,0.0546771,0.1077654,
106,1e-07,0.0014339,0.000935,0.0014241,0.0019625,0.0011366,0.0005276,0.0017225,0.0103882,0.0561225,0.0573275,0.0257604,0.0184969,0.0803788,
107,1e-07,4.28e-05,0.0007614,0.000868,0.0010768,0.0013788,0.0019513,0.0025813,0.013666,0.0349343,0.0360578,0.0666145,0.0298089,0.025966,
108,1e-07,0.0009621,0.0010414,0.0012264,0.0008207,0.0010604,0.0006779,0.0032915,0.019602,0.0223963,0.0311741,0.0211914,0.0334204,0.0303443,
109,1e-07,4.29e-05,0.0010393,0.0009819,0.0008217,0.0007154,0.0021507,0.0030425,0.0137106,0.019305,0.018169,0.0155429,0.0219652,0.0374533,
110,1e-07,4.46e-05,0.0009027,0.0014953,0.0009701,0.0003922,0.0014667,0.0042652,0.0095947,0.0216524,0.0197135,0.0158818,0.0093269,0.0490554,
111,1e-07,0.0014306,0.0010512,0.0009779,0.0002515,0.0009411,0.0010291,0.0014023,0.0104961,0.0142038,0.0343948,0.0298149,0.0410887,0.0466012,
112,1e-07,4.57e-05,0.0010273,0.0008684,0.00123,0.0007294,0.0012961,0.0023357,0.0071409,0.0128913,0.0247217,0.0325216,0.0383871,0.0268272,
113,0.0,4.61e-05,0.0007601,0.0006578,0.0008068,0.0020738,0.0009552,0.0016068,0.0075079,0.0088756,0.0183191,0.011861,0.0444249,0.0288901,
114,0.0,4.48e-05,0.0007586,0.0012989,0.0017983,0.0016252,0.0019191,0.00189,0.0049511,0.0053733,0.0190909,0.0246772,0.024038,0.0112386,
115,0.0,0.0014495,0.0011572,0.0009697,0.0008039,0.0007371,0.0019302,0.0079446,0.0119948,0.0190118,0.0124089,0.0202974,0.0341424,0.0147208,
116,1e-07,4.4e-05,0.0009357,0.0014778,0.0016552,0.0023644,0.002287,0.0060494,0.0107847,0.0161284,0.0316576,0.0190847,0.0704927,0.0388288,
117,1e-07,4.41e-05,0.0008992,0.0019506,0.0008024,0.0040818,0.0049059,0.0094043,0.0088567,0.0261343,0.039458,0.0805724,0.0527056,0.0398296,
118,1e-07,0.0009927,0.0014563,0.0015806,0.0062401,0.0097712,0.0062917,0.0103026,0.0237144,0.0335607,0.0167089,0.0662803,0.0576431,0.0306987,
119,1e-07,0.0014126,0.0035337,0.0036163,0.0030067,0.0074122,0.0111208,0.0055591,0.0162361,0.0395115,0.0872581,0.0898498,0.1066262,0.0623931,
120,1e-07,0.001381,0.0008104,0.0012176,0.0019721,0.002852,0.0043907,0.0153156,0.0093809,0.0317805,0.0433648,0.0797566,0.1189856,0.0738635,
121,1e-07,4.58e-05,0.0019564,0.0013176,0.0012625,0.0016249,0.0042081,0.0029764,0.0090692,0.018183,0.0330542,0.0953056,0.0679828,0.029416,
122,1e-07,4.58e-05,0.0008964,0.0012175,0.001743,0.0020724,0.0020452,0.0068179,0.0113807,0.0241728,0.0403253,0.0538782,0.0463265,0.0395659,
123,1e-07,0.0009975,0.0014548,0.0004885,0.0024908,0.0021377,0.0018093,0.004004,0.0096586,0.0100807,0.0260085,0.0338559,0.0470037,0.0592083,
124,1e-07,4.64e-05,0.0017824,0.0008662,0.0008955,0.000921,0.000946,0.0040685,0.0155024,0.0140052,0.0099168,0.0290748,0.0515712,0.0318797,
125,0.0,4.65e-05,0.0007611,0.0004883,0.0023564,0.0009245,0.0009447,0.003109,0.0066907,0.0085604,0.0277762,0.0348942,0.0213958,0.0309502,
126,0.0,0.000991,0.0007647,0.0004856,0.001155,0.0019859,0.0011519,0.0052007,0.0034716,0.01784,0.0196566,0.0126883,0.0093181,0.0341648,
127,0.0,4.58e-05,0.0007657,0.000661,0.0008942,0.0003951,0.0010312,0.0026776,0.0101057,0.0201935,0.0288046,0.0126906,0.002295,0.0316544,
128,0.0,4.41e-05,0.0007921,0.0010846,0.00025,0.0013809,0.000536,0.001838,0.0054829,0.0183431,0.0388332,0.0195418,0.0079863,0.0185639,
129,1e-07,4.32e-05,0.000939,0.0004825,0.0009601,0.0007198,0.0014696,0.0030278,0.0128983,0.0225813,0.0563157,0.0231943,0.0519888,0.0129647,
130,1e-07,4.16e-05,0.000938,0.0016285,0.0014794,0.001596,0.0005332,0.0098895,0.009503,0.0197826,0.029046,0.024653,0.0155492,0.0050057,
131,1e-07,0.0009629,0.0009039,0.000667,0.0018848,0.0026126,0.001455,0.0058616,0.0090389,0.0372531,0.0359812,0.0359794,0.0110254,0.0110407,
132,1e-07,3.95e-05,0.0007693,0.0004771,0.0014805,0.0013708,0.001995,0.0044662,0.0057083,0.0345468,0.0328803,0.05055,0.0111645,0.0331663,
133,1e-07,3.8e-05,0.0005645,0.0008645,0.0011395,0.0016106,0.0012288,0.0107949,0.0251286,0.0191212,0.0347541,0.0644917,0.0233255,0.0353807,
134,1e-07,3.91e-05,0.0017066,0.0014178,0.0014753,0.0013412,0.0005299,0.007734,0.0087238,0.0177404,0.0183851,0.0427374,0.0362156,0.0230905,
135,0.0,3.9e-05,0.001782,0.0014152,0.0008225,0.0011293,0.0017926,0.0053183,0.0100415,0.022608,0.0240001,0.0339948,0.0492662,0.0119319,
136,0.0,4.04e-05,0.0014256,0.0014215,0.000242,0.0015525,0.0027975,0.0084747,0.0207015,0.0195279,0.0341172,0.0322191,0.0447048,0.0185549,
137,0.0,4.04e-05,0.0009392,0.0004779,0.0011983,0.0004002,0.0035853,0.0178884,0.0127299,0.0277195,0.0514938,0.0310259,0.0443394,0.0309979,
138,0.0,0.000993,0.0029011,0.0046051,0.0082252,0.0145307,0.0166578,0.0109256,0.048114,0.0383916,0.0564514,0.0485389,0.03031,0.0242988,
139,1e-07,0.0009947,0.0014434,0.0055392,0.00502,0.005171,0.0033242,0.0156161,0.0190618,0.0356547,0.051454,0.0168265,0.0528397,0.022481,
140,1e-07,0.0009944,0.0015447,0.0034533,0.0074207,0.0123922,0.0123913,0.0203196,0.0211373,0.0311242,0.0548313,0.0433736,0.0260625,0.0487176,
141,1e-07,0.0010067,0.0054398,0.0108939,0.0133779,0.0157698,0.0225651,0.0285322,0.0424019,0.0513165,0.078121,0.052742,0.0398777,0.0840516,
142,1e-07,0.0030073,0.002736,0.0059536,0.007195,0.0149925,0.0253714,0.0222682,0.0855043,0.0939028,0.0925941,0.0860625,0.0843506,0.0881802,
143,1e-07,0.0063963,0.0306924,0.0480934,0.0661196,0.0827778,0.0749838,0.091856,0.1781547,0.1683029,0.0983432,0.1192697,0.0912135,0.1822028,
144,1e-07,0.0024163,0.0101626,0.0183549,0.0176208,0.0216546,0.0288383,0.0222395,0.0487646,0.0407384,0.0988862,0.066887,0.044268,0.0719267,
145,1e-07,0.0024803,0.0041276,0.0055002,0.0074887,0.0171793,0.0427459,0.0279639,0.0311213,0.0431266,0.0625579,0.046051,0.0466065,0.0193328,
146,0.0,0.0017567,0.0017057,0.0027138,0.0031473,0.0061265,0.0146673,0.0260564,0.0100448,0.0247353,0.064602,0.0392386,0.02625,0.0397725,
147,0.0,0.0009933,0.0010223,0.0004901,0.0023822,0.0018421,0.0040724,0.0109793,0.0373418,0.026238,0.0343123,0.0265582,0.0352731,0.0309635,
148,0.0,0.001439,0.0007512,0.0004911,0.000268,0.0032898,0.0032237,0.0054671,0.0310243,0.0132221,0.0185753,0.0394201,0.0461556,0.0115267,
149,0.0,4.46e-05,0.0010578,0.0013846,0.000264,0.0011301,0.0033237,0.0118148,0.0202944,0.0132472,0.0200773,0.009567,0.0193155,0.0232717,
150,1e-07,4.63e-05,0.0005801,0.0014212,0.0014892,0.0013791,0.0008537,0.0010926,0.0066335,0.0166378,0.0303924,0.0612296,0.020753,0.027024,
151,1e-07,4.76e-05,0.000902,0.0012315,0.0009663,0.0007366,0.0005289,0.0031654,0.0154389,0.027368,0.0447501,0.0726115,0.0477803,0.0318616,
152,1e-07,4.96e-05,0.0009341,0.001384,0.0012798,0.0003774,0.0011554,0.0022868,0.0066801,0.0245348,0.0356565,0.0699237,0.0371539,0.0541427,
153,1e-07,5.06e-05,0.0007528,0.0009702,0.0002752,0.0007426,0.0010478,0.0008827,0.0089126,0.0114133,0.0133756,0.0414409,0.0401599,0.0707003,
154,1e-07,5.28e-05,0.0013696,0.000981,0.0002807,0.0013786,0.0009552,0.0016936,0.0042022,0.0271399,0.0127367,0.033681,0.0254019,0.0139551,
155,1e-07,5.31e-05,0.0007476,0.0008729,0.0007885,0.0003678,0.0012779,0.0029833,0.0105238,0.0275881,0.0148616,0.0458497,0.0600208,0.0247176,
156,1e-07,5.1e-05,0.0008065,0.0008723,0.0002843,0.0007497,0.0008415,0.0016077,0.0043848,0.0235759,0.0129769,0.0354503,0.0490861,0.0547192,
157,1e-07,4.93e-05,0.000583,0.0006516,0.0014995,0.0003687,0.0008465,0.0013998,0.0104088,0.0126233,0.0436671,0.0325151,0.0166637,0.0413728,
158,1e-07,4.8e-05,0.0009064,0.0009847,0.0002724,0.0009375,0.001163,0.002371,0.0149615,0.0219433,0.023198,0.0240913,0.0349435,0.0239907,
159,1e-07,4.63e-05,0.0015545,0.0009691,0.0014876,0.0019,0.0009482,0.0014671,0.0124984,0.0134127,0.0138262,0.0124592,0.0214,0.0171984,
160,1e-07,4.47e-05,0.0009333,0.0013143,0.0008052,0.0010781,0.0025532,0.0160998,0.016346,0.0203009,0.0114504,0.016132,0.0321115,0.0184235,
161,0.0,4.31e-05,0.0011677,0.0018171,0.0012192,0.0021522,0.0050712,0.0145793,0.0167608,0.0226043,0.0254442,0.0568698,0.0277017,0.0174966,
162,0.0,4.23e-05,0.0019781,0.0012223,0.0020913,0.004932,0.0077687,0.018728,0.0258366,0.0283931,0.0264276,0.0247216,0.0126365,0.0477197,
163,0.0,0.0009895,0.0059244,0.0106395,0.0141773,0.0191819,0.0230277,0.0274191,0.0149754,0.0460504,0.0275245,0.0562438,0.0567812,0.028621,
164,0.0,0.0041609,0.0095156,0.0097973,0.0116733,0.0170995,0.0276229,0.0203457,0.0416136,0.0309829,0.0128544,0.0197927,0.0479504,0.0365155,
165,1e-07,0.0024668,0.0027394,0.0026273,0.0135795,0.0263076,0.0295809,0.0309985,0.038006,0.0162112,0.0177852,0.0183576,0.0339283,0.0496295,
166,1e-07,0.0065966,0.0114723,0.020591,0.0265943,0.0281373,0.0257937,0.0323946,0.0365473,0.0187394,0.0124855,0.0465675,0.0247982,0.0362916,
167,1e-07,0.0037224,0.0074147,0.0144984,0.0174366,0.0159747,0.0182509,0.0319059,0.0312375,0.063277,0.0688344,0.0518216,0.0204636,0.0427512,
168,1e-07,0.0014356,0.0044451,0.0120496,0.0199695,0.0183794,0.0146661,0.0141456,0.0249452,0.0777174,0.0660323,0.0539052,0.0502153,0.0509961,
169,1e-07,0.0014327,0.0036308,0.0078007,0.0119472,0.0180072,0.0222791,0.0076414,0.0550015,0.0247423,0.0358863,0.0236436,0.0385791,0.0318936,
170,1e-07,3.72e-05,0.0032897,0.0100677,0.0169489,0.0232399,0.0172399,0.023847,0.0470864,0.0422529,0.056724,0.0680103,0.0198226,0.0413133,
171,0.0,3.81e-05,0.0007672,0.002537,0.0113726,0.0176872,0.0198863,0.0274142,0.0200866,0.055894,0.0511937,0.0575241,0.0341687,0.0152582,
172,0.0,0.0009926,0.0013555,0.0030942,0.0053128,0.0076555,0.0063186,0.0254796,0.0225851,0.0266088,0.0175289,0.021327,0.0190719,0.0245582,
173,0.0,0.0013963,0.0014407,0.0031783,0.0066383,0.0074586,0.0050728,0.0153736,0.0279023,0.0372827,0.0248993,0.0572396,0.0130699,0.0319258,
174,0.0,3.97e-05,0.0016763,0.0013853,0.0037049,0.0038735,0.0106174,0.010865,0.0225264,0.0411839,0.0290317,0.0415971,0.0231368,0.0771292,
175,0.0,4.08e-05,0.0007502,0.0020678,0.0010892,0.0028681,0.0050158,0.0107892,0.0141545,0.0281234,0.0076322,0.0236476,0.0169646,0.0445123,
176,1e-07,0.0009905,0.0010314,0.0004908,0.0017558,0.0020396,0.0024295,0.0132865,0.0124635,0.0124732,0.0096503,0.0096731,0.0493181,0.0082432,
177,1e-07,4.37e-05,0.000576,0.00173,0.0015004,0.0009498,0.001856,0.0076357,0.0157676,0.0141241,0.0119209,0.0217949,0.0346781,0.034085,
178,1e-07,4.35e-05,0.0007421,0.0004948,0.0002684,0.0010846,0.0018553,0.0019576,0.0065743,0.0322891,0.0197103,0.0147771,0.0135096,0.0262964,
179,0.0,0.0014352,0.0009179,0.0004924,0.0013925,0.0008719,0.0026499,0.0080901,0.0197394,0.04352,0.044651,0.030882,0.0266162,0.0473994,
180,1e-07,0.0009649,0.0007466,0.0012972,0.001079,0.0003689,0.0024141,0.0045764,0.0232034,0.0418666,0.0300067,0.0247866,0.0619029,0.0822938,
181,0.0,3.95e-05,0.000751,0.0009737,0.00025,0.001941,0.0025333,0.008676,0.0089665,0.0232152,0.0221587,0.0283077,0.0328202,0.0492437,
182,1e-07,3.98e-05,0.0011769,0.0014181,0.0009765,0.0021308,0.0050761,0.0059978,0.0142101,0.021876,0.0346236,0.0167933,0.0263323,0.0265994,
183,1e-07,0.0009661,0.0015094,0.0006636,0.0008216,0.0026588,0.0030863,0.0128953,0.0270195,0.0511682,0.0181251,0.0402049,0.0251671,0.0248144,
184,0.0,0.0010322,0.0010489,0.0013027,0.0014881,0.0013865,0.0029528,0.0258943,0.0212992,0.042816,0.0223788,0.0254367,0.0288202,0.0204854,
185,0.0,3.64e-05,0.0009349,0.0008644,0.0013801,0.0023275,0.0073349,0.0288265,0.0321916,0.0345675,0.0198156,0.0428311,0.0426233,0.0460476,
186,0.0,3.62e-05,0.0024964,0.0026635,0.0022421,0.0068071,0.0107254,0.0360504,0.0199769,0.0337518,0.0395101,0.0416996,0.0188004,0.0436834,
187,0.0,0.0014291,0.0034301,0.0032579,0.0058016,0.0046987,0.0071681,0.0309711,0.0196757,0.034498,0.0352281,0.0415096,0.0657234,0.0484527,
188,1e-07,0.0009688,0.0015336,0.0049108,0.0048242,0.0035368,0.0063072,0.0266065,0.0214853,0.0199719,0.0573252,0.024745,0.0563614,0.0257983,
189,1e-07,0.0022468,0.0043108,0.007345,0.0070625,0.0060432,0.0138769,0.0256984,0.0266747,0.0695486,0.0253972,0.0283398,0.0085319,0.0344164,
190,1e-07,0.0017194,0.0066106,0.0172712,0.0144241,0.0201015,0.0207456,0.0201077,0.0675359,0.0124075,0.0261288,0.0553008,0.0317946,0.055842,
191,1e-07,0.0009879,0.0014332,0.0037992,0.0076695,0.0117548,0.0155608,0.0324821,0.0401656,0.0639893,0.0191245,0.0516141,0.0571846,0.0536881,
192,0.0,0.0024267,0.0107943,0.0255871,0.036891,0.0363818,0.0335385,0.0745743,0.0234074,0.0451665,0.0370176,0.0117027,0.0726509,0.0443928,
193,0.0,0.0014103,0.0010615,0.0043023,0.0083383,0.0133366,0.0113278,0.023826,0.030114,0.0669565,0.0277455,0.0121655,0.0706832,0.0956933,
194,0.0,3.54e-05,0.001059,0.0018676,0.0023859,0.0049912,0.0050724,0.0094614,0.0381073,0.0715824,0.0949083,0.07699,0.1023929,0.0820615,
195,0.0,3.56e-05,0.0007774,0.0016367,0.0028866,0.0041763,0.0051623,0.0227647,0.0329827,0.0525233,0.0457289,0.0352729,0.0450493,0.0578124,
196,0.0,3.61e-05,0.0005627,0.0004702,0.0002152,0.0015206,0.0030105,0.0090434,0.0193125,0.0032284,0.0315814,0.0574996,0.0713738,0.0677745,
197,0.0,3.78e-05,0.0005652,0.0004719,0.0015085,0.0013146,0.0018853,0.0095513,0.036583,0.0253937,0.0399476,0.0225659,0.0413535,0.0557468,
198,1e-07,3.86e-05,0.0007771,0.0013078,0.0014707,0.0021092,0.0005448,0.0123918,0.0225605,0.0272719,0.0528107,0.0260792,0.0202256,0.0124322,
199,1e-07,4.01e-05,0.0005668,0.0010873,0.0002205,0.0026229,0.0008706,0.0107369,0.0213099,0.0309199,0.0237062,0.023069,0.0434684,0.0267275,
200,1e-07,4.15e-05,0.0011739,0.0013049,0.000226,0.0019949,0.0017907,0.0079101,0.0159631,0.0320814,0.0228467,0.0152667,0.0267461,0.0253252,
201,1e-07,4.21e-05,0.0005666,0.0004748,0.0013025,0.0019132,0.0009563,0.0024254,0.005637,0.0156612,0.0254849,0.0146801,0.0167509,0.0422475,
202,1e-07,4.38e-05,0.0010467,0.001428,0.0008953,0.0004069,0.0008601,0.0031838,0.0070993,0.0283161,0.0283006,0.017886,0.020065,0.0421281,
203,1e-07,4.44e-05,0.0007759,0.0004787,0.0012958,0.0018384,0.0013184,0.0017562,0.0025076,0.0318056,0.028691,0.0187872,0.0154195,0.058565,
204,1e-07,4.38e-05,0.0010422,0.0004755,0.0009,0.0009474,0.0005517,0.000995,0.0029345,0.0163321,0.0286375,0.0234922,0.0086933,0.0276248,
205,1e-07,4.49e-05,0.0007814,0.0014288,0.001747,0.0016036,0.0008549,0.0009549,0.0020042,0.0100893,0.0279392,0.0253742,0.0349769,0.0220429,
206,1e-07,4.64e-05,0.0010378,0.0012101,0.0013437,0.0011069,0.0008504,0.0011036,0.0024274,0.0224534,0.0069174,0.0188674,0.0566928,0.0404714,
207,1e-07,0.0014101,0.0010363,0.0004779,0.0008994,0.0015962,0.0008502,0.0016836,0.0011249,0.0084808,0.007048,0.0114505,0.0229465,0.0083809,
208,1e-07,0.0014101,0.0014286,0.0008669,0.0002289,0.0007056,0.0013913,0.0006822,0.0014807,0.0097908,0.0154202,0.013122,0.0118813,0.0208487,
209,1e-07,4.79e-05,0.0008903,0.0013881,0.0008257,0.0008819,0.0006948,0.000958,0.0035293,0.0084176,0.0235047,0.0163549,0.0176751,0.0300815,
210,1e-07,0.0009972,0.0016717,0.0004807,0.0012879,0.0013458,0.0017633,0.002501,0.0081975,0.0196215,0.0175135,0.0225963,0.0222966,0.0231636,
211,1e-07,4.86e-05,0.0010306,0.000672,0.000826,0.0014473,0.00056,0.0025644,0.0072188,0.0190905,0.0297932,0.0406754,0.0125171,0.0420445,
212,1e-07,4.97e-05,0.000885,0.0004783,0.0009002,0.0007093,0.0011181,0.0020301,0.0052183,0.0224582,0.0220422,0.0515929,0.0414432,0.0236914,
213,1e-07,5.13e-05,0.0007853,0.0006701,0.0008971,0.0012088,0.0009342,0.0025363,0.0134211,0.0222915,0.0232426,0.0357136,0.0505893,0.0178843,
214,1e-07,5.12e-05,0.0010274,0.0006696,0.0009,0.0010585,0.0014613,0.0016281,0.0114348,0.0440751,0.0172196,0.0281239,0.0504476,0.024586,
215,1e-07,5.12e-05,0.0005814,0.0006722,0.0008253,0.0010822,0.0009311,0.002704,0.0047425,0.0203679,0.0242042,0.0158358,0.0286295,0.0964027,
216,1e-07,4.95e-05,0.0007925,0.000867,0.0002317,0.0015718,0.0008385,0.0006333,0.0088042,0.0146195,0.0253491,0.0403738,0.0220767,0.0807358,
217,1e-07,4.87e-05,0.0011619,0.0008674,0.0002254,0.000431,0.0021361,0.0017415,0.0125452,0.0088165,0.0376217,0.0498427,0.0390623,0.0454746,
218,1e-07,4.75e-05,0.0007979,0.0004703,0.0008386,0.0013271,0.0005716,0.0025203,0.014983,0.0417502,0.0642699,0.0521618,0.0258459,0.0286258,
219,1e-07,4.57e-05,0.0007727,0.0008657,0.0008401,0.0012164,0.0006972,0.0018785,0.0046172,0.0130266,0.0487554,0.0282268,0.026793,0.0585299,
220,1e-07,4.6e-05,0.0007955,0.0004705,0.001502,0.0008846,0.0022269,0.0020522,0.0069589,0.001836,0.0363883,0.0158519,0.0536755,0.0808613,
221,2e-07,4.47e-05,0.0005669,0.0009583,0.0009073,0.0006887,0.0005719,0.0020283,0.0092198,0.0432859,0.0435528,0.0319979,0.0676984,0.0661389,
222,2e-07,4.57e-05,0.0008889,0.000867,0.0008457,0.0006866,0.0013526,0.0064795,0.0197271,0.0257611,0.0511827,0.0710829,0.0648305,0.0869905,
223,2e-07,4.46e-05,0.0010571,0.0004686,0.0002016,0.0016239,0.0021535,0.002878,0.0090195,0.0202293,0.0753653,0.0644168,0.0446742,0.0725321,
224,2e-07,4.46e-05,0.0007935,0.0009984,0.001315,0.001344,0.0005675,0.0049843,0.0131603,0.0415488,0.0629525,0.0443083,0.0460483,0.0680605,
225,2e-07,4.31e-05,0.0011812,0.000682,0.0009819,0.0019188,0.0017811,0.0037102,0.0112978,0.0192169,0.0455401,0.0343673,0.0324313,0.0639026,
226,2e-07,4.26e-05,0.0014161,0.001435,0.0002065,0.0015727,0.0008665,0.0045952,0.0096126,0.0312127,0.0708512,0.0609983,0.0439432,0.052915,
227,2e-07,0.0009892,0.0009056,0.000473,0.0002104,0.0004167,0.0008687,0.0051178,0.0250778,0.0179187,0.0472011,0.0585723,0.0598513,0.0375756,
228,2e-07,4.03e-05,0.000907,0.0009968,0.0010498,0.0004205,0.0026398,0.0063707,0.0288456,0.0226501,0.0516652,0.0429923,0.0243881,0.0382244,
229,2e-07,4.02e-05,0.0007897,0.0008661,0.0012826,0.0013523,0.0011949,0.0024226,0.0253601,0.0334808,0.0334426,0.0306681,0.0401561,0.0375355,
230,2e-07,4.01e-05,0.0009466,0.0012297,0.0011707,0.0004231,0.001792,0.0069461,0.0109462,0.0287914,0.0281302,0.0567453,0.0565505,0.0863934,
231,2e-07,3.93e-05,0.0009068,0.0009954,0.0002044,0.0009753,0.0011365,0.0006937,0.007343,0.0222206,0.0264294,0.0438849,0.0454378,0.0733055,
232,1e-07,3.79e-05,0.0009469,0.0004662,0.0013215,0.0004246,0.0018015,0.0037228,0.0327927,0.0239326,0.0554472,0.0645582,0.060068,0.0714561,
233,1e-07,3.75e-05,0.0005569,0.0012099,0.0001965,0.0004272,0.0015052,0.0038011,0.0310004,0.0103797,0.0574824,0.0532354,0.0436287,0.0295844,
234,1e-07,3.84e-05,0.0005598,0.0006794,0.0015472,0.0013554,0.0011371,0.0020698,0.0202706,0.0072506,0.0167416,0.0404648,0.0264418,0.0725684,
235,1e-07,3.71e-05,0.001059,0.0017972,0.0009718,0.0016289,0.0023942,0.0026482,0.0079488,0.0272636,0.0197372,0.0439743,0.0798964,0.0658929,
236,1e-07,3.63e-05,0.000558,0.0009969,0.0009098,0.0008797,0.0016215,0.0022736,0.0188102,0.0391203,0.0211386,0.0361011,0.0379339,0.025249,
237,1e-07,3.78e-05,0.0010418,0.000465,0.0012667,0.0013764,0.0017698,0.0026624,0.0169667,0.0478628,0.0199859,0.0188949,0.0497993,0.0108477,
238,1e-07,3.76e-05,0.0005622,0.0008631,0.0008436,0.000968,0.0014647,0.0042888,0.023236,0.0387368,0.0248081,0.0390785,0.040509,0.0246621,
239,1e-07,3.9e-05,0.0005632,0.0004701,0.0018714,0.0012364,0.0020172,0.0016748,0.0122967,0.0297485,0.0366808,0.0538984,0.0200852,0.0175276,
240,1e-07,3.96e-05,0.0005625,0.0013173,0.0002162,0.0013603,0.0016127,0.001001,0.0099748,0.0167881,0.0434269,0.052197,0.0179829,0.0220811,
241,1e-07,4.02e-05,0.001518,0.000473,0.0008984,0.0012416,0.0018409,0.0018519,0.0172337,0.0188967,0.0400951,0.0652343,0.0629056,0.0370411,
242,2e-07,4.21e-05,0.0009057,0.0014297,0.0013117,0.0012394,0.0021598,0.0009542,0.0109416,0.0296842,0.0270853,0.0452163,0.0449503,0.0724255,
243,2e-07,4.3e-05,0.0010526,0.0006727,0.0002236,0.0010493,0.0015389,0.0029744,0.0142342,0.0200096,0.0422371,0.0368037,0.0518602,0.041977,
244,2e-07,0.0009889,0.0018762,0.0009637,0.0015413,0.0020569,0.0006837,0.0054316,0.0207274,0.0286538,0.0664232,0.0471775,0.067865,0.0222663,
245,2e-07,4.53e-05,0.0013459,0.0009664,0.0002344,0.0011291,0.0006836,0.0048684,0.019382,0.0505726,0.0672471,0.0565084,0.0598341,0.0413131,
246,2e-07,4.48e-05,0.0010461,0.0004814,0.0002321,0.001377,0.000927,0.0031444,0.0066086,0.0392749,0.0401499,0.0542242,0.0370525,0.0300832,
247,2e-07,4.56e-05,0.001047,0.0008693,0.0008259,0.001119,0.0016007,0.0032209,0.0072692,0.0041359,0.0392944,0.0479922,0.04611,0.0528516,
248,2e-07,4.73e-05,0.0013512,0.0009638,0.0019459,0.0008771,0.0008528,0.0054874,0.0062961,0.0178662,0.0603864,0.0700013,0.0406407,0.03374,
249,2e-07,0.0009577,0.0005701,0.0010701,0.000887,0.0010615,0.0016277,0.001761,0.0058182,0.012972,0.0726639,0.0571337,0.0629113,0.0422062,
250,2e-07,4.75e-05,0.0005704,0.0012383,0.0008905,0.0007131,0.0006907,0.0009587,0.0066932,0.0174497,0.0405488,0.0359119,0.0740416,0.0553754,
251,2e-07,4.9e-05,0.0014589,0.0029197,0.0002384,0.0008787,0.001206,0.0014678,0.0022685,0.0239592,0.0120965,0.0722287,0.070082,0.0700534,
252,2e-07,5.05e-05,0.0013619,0.0006679,0.0015986,0.0004004,0.0009409,0.0010026,0.0030542,0.0255927,0.0379464,0.0935503,0.039187,0.0988058,
253,2e-07,4.97e-05,0.0013637,0.0015521,0.0015274,0.0015907,0.0008412,0.0022706,0.0066703,0.0098655,0.0377036,0.0693544,0.0702205,0.0769094,
254,2e-07,4.97e-05,0.0013625,0.0006718,0.0015935,0.0014349,0.0005573,0.0018396,0.0098089,0.0159296,0.047427,0.0715213,0.0666207,0.054123,
255,2e-07,5.16e-05,0.0005736,0.0009604,0.0002416,0.0015523,0.0010245,0.0018409,0.0145889,0.0202077,0.0419484,0.1016977,0.0734298,0.0507631,
256,2e-07,5.26e-05,0.0005768,0.0012035,0.001206,0.0007183,0.0009343,0.0020512,0.0179224,0.0386918,0.0770744,0.0823599,0.0882667,0.0652678,
257,2e-07,0.0009527,0.0014674,0.0009611,0.0014766,0.0008827,0.0009343,0.0028757,0.0110393,0.0392212,0.083837,0.0683992,0.0215217,0.0507409,
258,2e-07,5.08e-05,0.0005734,0.0020319,0.0010791,0.0021006,0.0019467,0.0076662,0.0018722,0.0397606,0.0761894,0.068932,0.043569,0.0422003,
259,2e-07,4.9e-05,0.0005712,0.0009586,0.0008968,0.0010974,0.0008421,0.0014939,0.0071225,0.0073031,0.0173924,0.0394831,0.0490632,0.0557633,
260,2e-07,4.79e-05,0.0018889,0.0022537,0.0002241,0.0019228,0.0017659,0.0022708,0.0139723,0.0192295,0.0072708,0.0419161,0.0613233,0.0925142,
261,2e-07,4.67e-05,0.0005675,0.0010726,0.0011882,0.0009507,0.0009454,0.0016165,0.0101369,0.0216008,0.019444,0.0366494,0.0362842,0.0793144,
262,2e-07,4.51e-05,0.0005644,0.0013896,0.0002164,0.0009565,0.001124,0.0016412,0.0141524,0.0174182,0.0381684,0.0318825,0.0479826,0.0493727,
263,2e-07,4.55e-05,0.0010368,0.0008681,0.0002141,0.000425,0.0017479,0.0008349,0.0057003,0.0261157,0.0190824,0.0179481,0.046704,0.0506011,
264,2e-07,4.54e-05,0.0011719,0.0004743,0.000835,0.0013671,0.0014662,0.0018996,0.0104175,0.00757,0.0115223,0.023658,0.0248854,0.048212,
265,2e-07,0.0009593,0.0008969,0.000867,0.0009008,0.0004219,0.0013366,0.0017538,0.0109457,0.0121827,0.0270061,0.0093138,0.0211968,0.023451,
266,2e-07,4.32e-05,0.001054,0.0020016,0.0002074,0.0009584,0.0014926,0.0023834,0.0119033,0.0166174,0.0237331,0.0102068,0.0315802,0.0265688,
267,1e-07,4.4e-05,0.0005672,0.0008664,0.0009055,0.0004306,0.0009464,0.0028809,0.0096506,0.0187119,0.0370997,0.0249843,0.0503065,0.0550486,
268,1e-07,4.29e-05,0.0005666,0.0019974,0.0010799,0.0004271,0.0005615,0.0028995,0.00907,0.0193406,0.0478389,0.0543807,0.0311561,0.0580955,
269,1e-07,4.14e-05,0.0011767,0.0006812,0.0018637,0.0010994,0.0009531,0.0011359,0.0129631,0.035815,0.0552403,0.0316655,0.0342955,0.0759428,
270,1e-07,4.18e-05,0.0008917,0.0008645,0.0009109,0.0004379,0.0025364,0.0014713,0.0168807,0.0403107,0.0277469,0.0350397,0.0463602,0.0736894,
271,1e-07,4.19e-05,0.0007692,0.0014248,0.0012573,0.0013355,0.0021587,0.0014797,0.0211144,0.072683,0.0626818,0.0300698,0.01437,0.0499209,
272,1e-07,4.03e-05,0.0008937,0.0004649,0.0011676,0.0008826,0.0020567,0.0032837,0.0088354,0.0501428,0.054833,0.0506529,0.0534359,0.0891961,
273,1e-07,3.94e-05,0.0010579,0.0009653,0.0015502,0.0004404,0.0021651,0.0055244,0.0279982,0.0461866,0.0381016,0.0604872,0.0451594,0.0656108,
274,1e-07,4.02e-05,0.000565,0.0008626,0.0022925,0.0019076,0.0008691,0.0088027,0.0388745,0.0562861,0.0556094,0.0846902,0.0601232,0.0412318,
275,1e-07,4.07e-05,0.000567,0.0018018,0.0016666,0.0009547,0.0018284,0.0072001,0.0351309,0.0542532,0.033801,0.04215,0.0401798,0.0429565,
276,1e-07,4.24e-05,0.0007963,0.0013104,0.0018511,0.001332,0.000691,0.0038912,0.0295721,0.0191679,0.0230507,0.0451514,0.0239015,0.0481207,
277,1e-07,4.36e-05,0.000883,0.0004644,0.0014851,0.0016056,0.0011851,0.0085472,0.0159917,0.0080523,0.0266288,0.0463594,0.0494759,0.0505698,
278,0.0,4.43e-05,0.0005748,0.0004639,0.0012887,0.0020147,0.0005691,0.005643,0.0121898,0.0258194,0.0437754,0.0485615,0.0329355,0.1028247,
279,1e-07,4.61e-05,0.0008789,0.0014206,0.000221,0.0006958,0.0008499,0.0027133,0.009617,0.0196049,0.037187,0.0558329,0.0854009,0.0486444,
280,1e-07,4.66e-05,0.0008804,0.0004704,0.0011125,0.0018807,0.002553,0.0047176,0.0097128,0.0076246,0.0306399,0.0649322,0.0718708,0.0770187,
281,1e-07,4.74e-05,0.0005789,0.001424,0.0015115,0.0015041,0.0025249,0.0047226,0.0179332,0.0188548,0.0203106,0.0615431,0.0270413,0.0797717,
282,1e-07,4.81e-05,0.0008839,0.000986,0.0002397,0.0004209,0.0011996,0.0014481,0.0132001,0.0121001,0.0452973,0.0250591,0.0375722,0.0700157,
283,0.0,0.0010025,0.0007856,0.0009783,0.0011373,0.0008847,0.0009292,0.0024633,0.0319386,0.0358785,0.0559657,0.0791466,0.0632296,0.0977626,
284,0.0,4.55e-05,0.0005785,0.0009872,0.0022171,0.0004243,0.0015989,0.0018997,0.0181543,0.0236967,0.0490474,0.0422642,0.0602854,0.0797404,
285,0.0,4.46e-05,0.0007919,0.0006749,0.0002258,0.0009347,0.0005595,0.0023552,0.0177912,0.0242471,0.0549724,0.0475737,0.0291802,0.07142,
286,0.0,0.0009969,0.0007771,0.0006757,0.0011029,0.0010911,0.0008594,0.0008785,0.019663,0.0178344,0.0520313,0.0400848,0.0191919,0.0184993,
287,1e-07,4.33e-05,0.0007867,0.0012228,0.0020953,0.0013422,0.0028446,0.0023575,0.0088623,0.0133083,0.0445718,0.0267659,0.0248151,0.0444125,
288,1e-07,4.36e-05,0.0005738,0.0009869,0.0020933,0.0004166,0.0023564,0.0008797,0.0099928,0.0130362,0.0503679,0.0149042,0.0202789,0.0388619,
289,1e-07,0.0009943,0.0007826,0.0004765,0.0014765,0.0004107,0.0017552,0.005744,0.0168739,0.0309611,0.0314709,0.015754,0.0312184,0.0174852,
290,1e-07,4.4e-05,0.0014359,0.0008662,0.0008217,0.0011109,0.0017694,0.0038267,0.0091582,0.01487,0.036929,0.0323033,0.0431552,0.0450073,
291,1e-07,4.57e-05,0.0007872,0.0012286,0.0002437,0.0008795,0.001597,0.0026974,0.0114385,0.0162455,0.0127621,0.0511104,0.045053,0.020728,
292,1e-07,0.0009859,0.0009404,0.000666,0.0002441,0.0007186,0.000852,0.000999,0.0124381,0.0175818,0.0149491,0.0272416,0.0171085,0.0536217,
293,1e-07,4.74e-05,0.000574,0.0009826,0.0008176,0.000401,0.0011375,0.0006862,0.0064553,0.0300343,0.0320713,0.049713,0.0532372,0.0541109,
294,1e-07,4.89e-05,0.0007904,0.0012361,0.0020328,0.0003953,0.0017694,0.0011044,0.0072628,0.0313818,0.0344763,0.059909,0.0295072,0.0589311,
295,1e-07,4.82e-05,0.0010458,0.0012335,0.0008903,0.0007252,0.0017663,0.0009979,0.0053025,0.0226104,0.0429937,0.0232606,0.03624,0.0471139,
296,1e-07,4.89e-05,0.0008924,0.0009808,0.0008926,0.0007221,0.0009432,0.0009957,0.0063547,0.0175693,0.0547938,0.0275455,0.0320107,0.0590703,
297,1e-07,5.07e-05,0.0010262,0.0013111,0.0002557,0.0009265,0.000941,0.0006819,0.0045377,0.0129245,0.0639278,0.0606696,0.0136735,0.0602569,
298,1e-07,5.11e-05,0.0011561,0.0006611,0.0013892,0.0007307,0.0011374,0.0011049,0.0067124,0.0182521,0.0303253,0.0463139,0.0173436,0.0510084,
299,1e-07,0.0009985,0.0009417,0.0013862,0.0008102,0.0012087,0.000696,0.0017478,0.0061873,0.0144241,0.0093982,0.0210802,0.0236198,0.0669322,
300,1e-07,5.17e-05,0.0007916,0.0009808,0.0002556,0.0007253,0.0009409,0.0018335,0.0061132,0.0241278,0.0134958,0.0062648,0.0173319,0.0564162,
301,1e-07,5.35e-05,0.0008877,0.0004901,0.0008067,0.0007306,0.0006995,0.001616,0.0042926,0.020753,0.0369651,0.0188758,0.0163363,0.0245618,
302,1e-07,5.34e-05,0.0015457,0.0012385,0.000267,0.0011068,0.0012154,0.001957,0.011811,0.0279739,0.0361843,0.0222249,0.0234439,0.0712,
303,1e-07,5.35e-05,0.0013734,0.0019123,0.0002708,0.0015657,0.0014425,0.0016159,0.0079087,0.0153889,0.0236747,0.0311085,0.0828264,0.0538212,
304,1e-07,5.48e-05,0.0013751,0.0019135,0.0011055,0.0008795,0.0012251,0.0022863,0.0051107,0.0147006,0.0292014,0.0729415,0.1202337,0.1245483,
305,1e-07,5.41e-05,0.0011533,0.0006531,0.0002835,0.0007476,0.0009568,0.0022862,0.0048317,0.0149903,0.0101319,0.0815933,0.0695383,0.091716,
306,1e-07,5.51e-05,0.0010543,0.0016101,0.0007867,0.0007541,0.0018139,0.0018779,0.0037221,0.0268816,0.0214904,0.0529086,0.0594635,0.0454683,
307,1e-07,0.0020038,0.0014677,0.0042541,0.0045638,0.0065526,0.0084606,0.0183891,0.0405496,0.0328449,0.0096938,0.0513761,0.0444181,0.0547964,
308,1e-07,0.0017089,0.001689,0.0027894,0.0023928,0.0019896,0.0070711,0.0100755,0.0460472,0.0390909,0.0100159,0.0173212,0.0416638,0.0492662,
309,1e-07,4.23e-05,0.0017072,0.0020572,0.0034048,0.0027289,0.0050399,0.0073916,0.0232864,0.035262,0.0284773,0.0242549,0.0358116,0.0438892,
310,0.0,4.38e-05,0.0011589,0.0006638,0.0016521,0.0013538,0.0016128,0.0050499,0.0218,0.0104891,0.0213859,0.0489931,0.0561104,0.0231164,
311,0.0,4.57e-05,0.0007939,0.0004808,0.0009316,0.0028892,0.0023493,0.0056662,0.0137557,0.0128899,0.0226845,0.0362207,0.0434202,0.0330537,
312,0.0,4.61e-05,0.0010418,0.0004837,0.0014595,0.0023024,0.0018026,0.0044954,0.0058387,0.0178775,0.0177323,0.0227026,0.0221641,0.0335764,
313,0.0,4.79e-05,0.000766,0.0012195,0.0009317,0.0022997,0.0012283,0.0033676,0.0106785,0.0090614,0.0345021,0.0117925,0.0201087,0.0435986,
314,1e-07,4.88e-05,0.0010107,0.0012207,0.0012618,0.0003907,0.001233,0.0021827,0.0059398,0.0168805,0.0098546,0.0192949,0.0395881,0.0437857,
315,0.0,0.0014088,0.0010095,0.0004927,0.0014714,0.0003829,0.0009519,0.0024107,0.0096451,0.0203554,0.0116431,0.0399398,0.0214274,0.0686419,
316,0.0,5.08e-05,0.0007558,0.0006506,0.000286,0.00091,0.0005283,0.0017522,0.0034113,0.0106707,0.0304827,0.0279228,0.0348067,0.0698404,
317,0.0,5.15e-05,0.0011482,0.0004986,0.0012611,0.0013906,0.0017744,0.0009945,0.0075035,0.0205933,0.0317268,0.0520206,0.037057,0.0553218,
318,0.0,5.25e-05,0.0011438,0.0009614,0.0008862,0.0011173,0.0014392,0.0031138,0.0171197,0.0120612,0.019749,0.0434378,0.0468239,0.0272931,
319,0.0,5.36e-05,0.001,0.0013196,0.001454,0.0009003,0.0009615,0.0031199,0.0110392,0.0164969,0.0193355,0.0348858,0.0167078,0.0457158,
320,0.0,5.37e-05,0.0014587,0.0014817,0.0002947,0.0003763,0.0010609,0.0032242,0.0120342,0.0108703,0.0219044,0.023518,0.0357945,0.0435208,
321,0.0,5.47e-05,0.0008916,0.0005033,0.0003026,0.0007614,0.001244,0.0018708,0.012293,0.0085343,0.0155994,0.0327533,0.0466915,0.062644,
322,0.0,0.0010015,0.0006002,0.0005032,0.0003052,0.0003748,0.0008218,0.0009524,0.0083501,0.0102676,0.026232,0.0316417,0.0070999,0.0621022,
323,0.0,5.65e-05,0.0005985,0.0006477,0.0003007,0.0011112,0.0006966,0.0006279,0.0087076,0.015014,0.0062578,0.0194083,0.0423134,0.0354905,
324,1e-07,5.84e-05,0.0011402,0.0008731,0.0008813,0.0007617,0.0009328,0.0011368,0.0142321,0.0082718,0.012292,0.0242003,0.0436635,0.0225251,
325,1e-07,5.97e-05,0.0009973,0.0014303,0.0013441,0.0008831,0.0017521,0.0011387,0.0050583,0.0293588,0.0379678,0.0206966,0.0182052,0.0310349,
326,1e-07,0.001,0.0006028,0.0017411,0.0012569,0.0007631,0.001965,0.0011381,0.008871,0.0160026,0.028983,0.0302772,0.0290652,0.0107357,
327,1e-07,6.3e-05,0.0013971,0.0019155,0.0003077,0.0021184,0.0012243,0.002838,0.0078478,0.040511,0.014827,0.0443684,0.0309189,0.0292398,
328,1e-07,0.0009988,0.0014014,0.0010599,0.0003099,0.0011058,0.0009744,0.0050399,0.0279301,0.0305088,0.021295,0.0596035,0.026916,0.0449411,
329,1e-07,0.0013959,0.0006048,0.0009767,0.0003092,0.0008866,0.0013652,0.0129996,0.0664017,0.03928,0.0148072,0.0465889,0.0430608,0.0388646,
330,1e-07,6.46e-05,0.0013973,0.0016106,0.0012524,0.000759,0.0007955,0.0034315,0.0211619,0.0375939,0.0428418,0.0707485,0.0396161,0.037501,
331,1e-07,0.0009409,0.0013973,0.0006523,0.0015383,0.0007565,0.0007993,0.0028644,0.0066129,0.0193484,0.024347,0.019109,0.0545779,0.0295395,
332,1e-07,6.14e-05,0.0019661,0.0012121,0.0014039,0.0007565,0.0007073,0.004058,0.0129731,0.0192227,0.0218799,0.0239751,0.0320593,0.0798703,
333,1e-07,6e-05,0.0007632,0.0013188,0.0007882,0.0013553,0.0009642,0.0018723,0.0164539,0.0272344,0.0218357,0.0364354,0.0622133,0.0743618,
334,1e-07,5.86e-05,0.0008826,0.0006509,0.0002961,0.000387,0.0008131,0.0009899,0.0027549,0.0167793,0.0307783,0.0112026,0.0324415,0.0249189,
335,0.0,5.92e-05,0.000602,0.0013203,0.0003028,0.0007595,0.0007023,0.0011334,0.0040438,0.0159144,0.0332715,0.0084046,0.0245491,0.0495412,
336,0.0,0.0009442,0.0008165,0.0006471,0.000305,0.0003821,0.000814,0.0006824,0.0058068,0.0135488,0.0332454,0.0241448,0.0390739,0.0284161,
337,0.0,5.89e-05,0.0014651,0.0008725,0.0003128,0.0003758,0.0009723,0.0016144,0.0057182,0.0156777,0.0326579,0.0352331,0.0546713,0.0362805,
338,0.0,5.86e-05,0.0008828,0.0008721,0.0003156,0.0007688,0.0005275,0.0016357,0.0021988,0.0073217,0.0182349,0.0193959,0.0280815,0.0413417,
339,0.0,5.95e-05,0.0007466,0.0009555,0.000773,0.0007749,0.0010819,0.0037114,0.0078361,0.0074705,0.0336453,0.0106577,0.0322197,0.0302842,
340,0.0,6.14e-05,0.0007457,0.0006395,0.0014834,0.000778,0.0007021,0.0015257,0.0092687,0.0329544,0.0379845,0.0165767,0.0421737,0.0242407,
341,0.0,6.15e-05,0.0011301,0.0006413,0.0007743,0.0007736,0.0008044,0.0022766,0.0074873,0.0293978,0.0394301,0.0424,0.0496246,0.0577783,
342,0.0,6.1e-05,0.0010395,0.0006441,0.0017641,0.0003793,0.0010767,0.0016153,0.0056802,0.0144601,0.0248099,0.0497615,0.0758126,0.0508343,
343,0.0,6.08e-05,0.0008781,0.0014254,0.0014722,0.0013563,0.00097,0.0009555,0.0095163,0.0174269,0.0109221,0.0363159,0.0277435,0.024027,
344,0.0,0.0009852,0.0009381,0.0009647,0.001249,0.0008793,0.0009674,0.0009855,0.0107916,0.0151742,0.0124239,0.031791,0.0348037,0.0276114,
345,0.0,6.11e-05,0.0011325,0.0014274,0.0003003,0.0013934,0.0009215,0.0016291,0.008387,0.0234845,0.0240245,0.025518,0.0220095,0.0333911,
346,0.0,6.33e-05,0.0007686,0.0006515,0.0013646,0.0015305,0.00055,0.0008478,0.0141546,0.0135046,0.0365486,0.0118046,0.0228052,0.0208815,
347,1e-07,6.32e-05,0.0009928,0.0012399,0.0011524,0.0007552,0.0016126,0.001497,0.0134488,0.0141157,0.026235,0.040245,0.0170161,0.0366629,
348,1e-07,6.34e-05,0.0009932,0.0006512,0.0007858,0.0013182,0.0007111,0.0009625,0.0126151,0.0348807,0.0244213,0.0355067,0.0170692,0.0499557,
349,1e-07,6.56e-05,0.0008717,0.0017421,0.0007825,0.000395,0.0011259,0.008899,0.0057663,0.04195,0.0431991,0.0393581,0.055925,0.0600645,
350,1e-07,6.55e-05,0.0014059,0.0009764,0.0009338,0.001084,0.0005552,0.0060733,0.0065316,0.0341669,0.0534235,0.0419371,0.0506988,0.0468329,
351,1e-07,6.45e-05,0.0006026,0.0019093,0.0002953,0.0010839,0.0009649,0.0058932,0.0076106,0.0335626,0.0323539,0.052321,0.0298477,0.0746546,
352,1e-07,6.29e-05,0.0006006,0.000658,0.0012382,0.0010873,0.0018218,0.0059092,0.015123,0.0291713,0.0304027,0.0663516,0.053019,0.0737488,
353,1e-07,0.0013681,0.0006018,0.0015567,0.0011357,0.0014802,0.0017396,0.0060822,0.0184408,0.0387981,0.0382558,0.0339563,0.0581983,0.0618623,
354,1e-07,6.59e-05,0.0014068,0.001062,0.0016636,0.0007514,0.0014876,0.0072142,0.0166868,0.0153106,0.0290726,0.0662758,0.0780211,0.0582507,
355,1e-07,6.43e-05,0.0007782,0.0004963,0.0011707,0.000874,0.0014221,0.0048021,0.0156665,0.0125138,0.0385389,0.0639915,0.0727482,0.0639949,
356,1e-07,6.41e-05,0.0010161,0.000976,0.000285,0.0014018,0.000794,0.0008695,0.008557,0.0337623,0.0491876,0.0433764,0.038142,0.0629561,
357,1e-07,6.61e-05,0.0011273,0.001315,0.0008971,0.0007479,0.0010598,0.004264,0.0097756,0.0413765,0.0392679,0.0339956,0.0741278,0.0239845,
358,1e-07,6.66e-05,0.000863,0.0004981,0.0007919,0.0007537,0.0013053,0.0086577,0.0027354,0.02392,0.0375032,0.0653196,0.0977586,0.0712377,
359,1e-07,6.81e-05,0.001123,0.0005,0.0012514,0.0004129,0.0014928,0.0061207,0.0093016,0.0487004,0.0353977,0.0689494,0.0464254,0.0763706,
360,1e-07,0.0009856,0.0008649,0.0005014,0.000786,0.0010732,0.0005583,0.0055297,0.0157985,0.0240999,0.0597907,0.0816819,0.0737636,0.053832,
361,0.0,6.91e-05,0.0009805,0.0009655,0.0012372,0.0004057,0.0009056,0.0050641,0.0255225,0.0369503,0.0491203,0.0719887,0.073322,0.0300751,
362,1e-07,7.03e-05,0.0014705,0.0005053,0.0003169,0.0004048,0.0016956,0.0078923,0.0231407,0.0151171,0.0553864,0.0452284,0.0666629,0.0330735,
363,1e-07,0.0010096,0.0024326,0.0010612,0.000925,0.0011711,0.001119,0.0078933,0.0223074,0.0314569,0.0497524,0.0519177,0.0706198,0.0218361,
364,1e-07,6.85e-05,0.0006142,0.0013224,0.000887,0.0007699,0.0009782,0.0057926,0.0165829,0.0403392,0.048845,0.058686,0.0314885,0.051977,
365,1e-07,0.000933,0.0014193,0.0015684,0.0007741,0.0012318,0.0011229,0.0051697,0.025952,0.0775013,0.0847286,0.0725422,0.0335301,0.0821431,
366,1e-07,7.09e-05,0.0015183,0.0015656,0.001269,0.0014916,0.0026816,0.0056843,0.0091556,0.0717523,0.1000044,0.0600344,0.0384408,0.0581291,
367,1e-07,6.96e-05,0.0014818,0.0013245,0.0011577,0.0011152,0.0013942,0.0033824,0.0233039,0.0469856,0.0513199,0.0607715,0.0481728,0.0490436,
368,1e-07,6.97e-05,0.001413,0.0009855,0.0011606,0.001422,0.0009863,0.0028003,0.02323,0.0535046,0.0491624,0.0644492,0.0726721,0.0445329,
369,1e-07,6.81e-05,0.0006138,0.0015719,0.0011575,0.0008609,0.0012315,0.0051694,0.0164407,0.0447028,0.0562361,0.0539086,0.0484361,0.0315636,
370,1e-07,6.84e-05,0.0014062,0.000878,0.001277,0.0003743,0.0023204,0.0016976,0.021705,0.0300448,0.0532623,0.0271788,0.0387689,0.0385331,
371,1e-07,6.78e-05,0.0019665,0.002348,0.0017175,0.0011152,0.001134,0.0042855,0.0163933,0.0233261,0.0586956,0.0402477,0.0546167,0.0501327,
372,1e-07,6.57e-05,0.0014023,0.0010592,0.0011965,0.001113,0.0019055,0.0040727,0.0144287,0.033592,0.0617361,0.0551078,0.0485819,0.0219334,
373,1e-07,0.0013711,0.0006056,0.0009836,0.0017137,0.0011128,0.000978,0.0026991,0.0123359,0.0433891,0.0496594,0.0312412,0.0349361,0.0534923,
374,1e-07,6.25e-05,0.0006044,0.0009866,0.0009492,0.0012245,0.0005345,0.0044672,0.0033984,0.0381883,0.0458215,0.0314449,0.0213397,0.0379123,
375,1e-07,6.09e-05,0.0013911,0.0012167,0.0007758,0.0008897,0.0011488,0.0035109,0.0044187,0.0317584,0.0234142,0.0243642,0.0374656,0.0122044,
376,1e-07,5.9e-05,0.0005996,0.0018961,0.0014463,0.0003677,0.0019358,0.0037329,0.0127674,0.0233465,0.0178876,0.0414384,0.0537193,0.018486,
377,1e-07,5.84e-05,0.0013835,0.0019193,0.0020175,0.0011052,0.0005287,0.0028256,0.0170986,0.0218209,0.072221,0.0995013,0.0437941,0.0258528,
378,1e-07,5.98e-05,0.0013834,0.0010609,0.0016583,0.0008798,0.0012411,0.0017563,0.0161834,0.0139945,0.0735294,0.0648786,0.0711603,0.0384004,
379,1e-07,6.06e-05,0.0013861,0.0010599,0.0016669,0.0013974,0.0010806,0.0026334,0.006991,0.016631,0.0449908,0.08736,0.0693781,0.0453988,
380,1e-07,6.23e-05,0.0027052,0.002276,0.0003206,0.0022534,0.0017544,0.0044312,0.0127447,0.0077619,0.0296335,0.0293259,0.0572562,0.0203131,
381,1e-07,6.26e-05,0.0015034,0.0010614,0.0003241,0.0016128,0.0010851,0.0021307,0.0160377,0.0393473,0.0090439,0.0713091,0.079146,0.060799,
382,1e-07,6.46e-05,0.002422,0.0010604,0.0012782,0.0011232,0.0020588,0.0019002,0.019874,0.0237353,0.0291717,0.0824,0.077156,0.0570175,
383,1e-07,6.54e-05,0.0014043,0.0019236,0.000331,0.0007813,0.0010897,0.0011113,0.023047,0.0292484,0.0393258,0.0568424,0.0240501,0.0336734,
384,0.0,6.67e-05,0.0008318,0.0009943,0.0008776,0.0007861,0.0009881,0.0029639,0.0292313,0.0247748,0.0394216,0.0791861,0.0143465,0.0277888,
385,0.0,6.69e-05,0.0011225,0.0009929,0.0008813,0.0003756,0.0007123,0.0016152,0.0173292,0.0498001,0.0456028,0.0351627,0.0511551,0.038109,
386,0.0,0.0009834,0.0006143,0.0008748,0.000772,0.0017058,0.0016506,0.0016295,0.0225357,0.0134103,0.0341984,0.0286237,0.0587036,0.0363047,
387,0.0,6.62e-05,0.0009777,0.0006437,0.001366,0.0007747,0.0011357,0.0028671,0.0101135,0.0191878,0.0279362,0.0456822,0.091327,0.1305719,
388,0.0,6.55e-05,0.0011227,0.0009897,0.0014275,0.0007685,0.0005466,0.0025547,0.0199359,0.0272914,0.0143734,0.0160962,0.0572756,0.0590206,
389,0.0,6.4e-05,0.0010247,0.0005017,0.0009101,0.0003978,0.0007109,0.0031071,0.0131996,0.0271691,0.027501,0.0455114,0.044036,0.0408284,
390,0.0,0.0010099,0.0010217,0.0009901,0.0014532,0.0004055,0.00055,0.002875,0.0033508,0.011836,0.036744,0.0174931,0.0117679,0.0264232,
391,0.0,6.27e-05,0.00159,0.0004975,0.0008962,0.0007568,0.0009657,0.0014487,0.0040296,0.0267215,0.0406138,0.0365559,0.0411569,0.0147329,
392,0.0,6.23e-05,0.0011282,0.0005002,0.0007872,0.0007595,0.0016109,0.0006729,0.0024899,0.0212611,0.0187477,0.0333103,0.0213853,0.0353766,
393,0.0,6.35e-05,0.0010302,0.0006476,0.000889,0.001313,0.0009195,0.0020113,0.0085025,0.0268559,0.0227489,0.0529305,0.0516788,0.0583591,
394,0.0,0.0010182,0.0006109,0.0005056,0.0014299,0.0013542,0.0007093,0.0034185,0.0098918,0.0240973,0.0132536,0.0511651,0.0548867,0.0516401,
395,0.0,6.39e-05,0.0008776,0.0006432,0.0007746,0.0007732,0.0009785,0.0021336,0.0071836,0.0231476,0.0178907,0.0184795,0.0348519,0.0092897,
396,0.0,6.4e-05,0.0009338,0.0012222,0.0011613,0.0014516,0.0007069,0.0009874,0.0148143,0.020679,0.0186808,0.0208555,0.0400209,0.0094551,
397,0.0,6.36e-05,0.0007456,0.0006388,0.0007678,0.0003684,0.0005289,0.0021765,0.020357,0.025759,0.0406314,0.0211986,0.0506838,0.0248013,
398,0.0,6.41e-05,0.0006126,0.0008761,0.0007631,0.0008846,0.0011573,0.0036323,0.021224,0.0335919,0.0352953,0.0532642,0.0835274,0.0731382,
399,0.0,0.0013993,0.0007392,0.0006361,0.0003334,0.0014056,0.001252,0.0019522,0.007192,0.0291731,0.0223017,0.0488813,0.032995,0.040999,
400,0.0,6.04e-05,0.0011323,0.000874,0.0009379,0.0013999,0.0009815,0.0022632,0.0029748,0.0290825,0.0240437,0.0285072,0.0312504,0.0437891,
401,0.0,5.85e-05,0.000825,0.0008735,0.0003211,0.0003635,0.0009377,0.0025978,0.0050006,0.0314881,0.033079,0.0399188,0.0154375,0.0468502,
402,0.0,0.0010023,0.0009291,0.0014211,0.0003217,0.0017346,0.0009776,0.0045103,0.0159174,0.0278195,0.0267356,0.0528622,0.0244157,0.0318214,
403,0.0,5.57e-05,0.0009923,0.0012256,0.0007764,0.000364,0.0009724,0.0019257,0.0194135,0.0303033,0.0299565,0.0578644,0.0222573,0.0177419,
404,0.0,5.63e-05,0.0010486,0.0008715,0.0003151,0.0008891,0.0008219,0.0018456,0.0150725,0.0307296,0.0267757,0.0534611,0.0289185,0.0226228,
405,1e-07,5.45e-05,0.000887,0.0010801,0.0014385,0.0012242,0.0009438,0.0030379,0.0115745,0.0331826,0.0364377,0.0491657,0.026309,0.0368986,
406,1e-07,0.00099,0.0009895,0.0014697,0.0003125,0.0007656,0.0016537,0.0054949,0.01236,0.0316935,0.0192038,0.0138782,0.0184712,0.0118482,
407,1e-07,5.53e-05,0.0007534,0.0009598,0.0007847,0.0016078,0.0008238,0.0025787,0.0172304,0.0440013,0.0459889,0.0386694,0.0296638,0.0353418,
408,1e-07,5.59e-05,0.0009367,0.0008685,0.0011535,0.0007594,0.0029723,0.0021754,0.022413,0.0444505,0.0602451,0.0427988,0.0483465,0.0736093,
409,1e-07,5.7e-05,0.0010324,0.0013189,0.0003059,0.0014723,0.0019431,0.0049818,0.0120874,0.0388468,0.027306,0.0357759,0.0562054,0.0517957,
410,1e-07,5.65e-05,0.000992,0.0008676,0.000301,0.000753,0.0008205,0.0016814,0.0155594,0.0327826,0.0178508,0.0658002,0.0512387,0.0459345,
411,1e-07,5.65e-05,0.0011313,0.0012276,0.0011699,0.0007483,0.0018192,0.0027122,0.0073191,0.0136954,0.0281622,0.0575053,0.0487014,0.047817,
412,1e-07,0.0009461,0.0008073,0.0016198,0.0008052,0.0008864,0.0005435,0.00168,0.0095056,0.014606,0.0286129,0.0926667,0.0317434,0.0488157,
413,1e-07,5.45e-05,0.0008042,0.0014111,0.0002828,0.0013428,0.0018044,0.0014567,0.0067418,0.020002,0.0233345,0.0717005,0.0532988,0.037327,
414,1e-07,5.36e-05,0.0005986,0.0004812,0.000912,0.0004209,0.0011293,0.0009718,0.0063235,0.011676,0.0357313,0.0958461,0.066439,0.0370679,
415,1e-07,5.16e-05,0.0008726,0.0004798,0.0014712,0.0013846,0.0005485,0.0017328,0.0093022,0.0124677,0.0151942,0.0671832,0.036092,0.0419939,
416,1e-07,5.16e-05,0.0010262,0.0006592,0.0002751,0.0007328,0.0005439,0.0014937,0.0062385,0.0146088,0.0202231,0.0260357,0.0466856,0.0398937,
417,1e-07,0.0013824,0.0005943,0.0014807,0.0009121,0.0010893,0.0008369,0.0014905,0.0021641,0.0099573,0.0226594,0.0145312,0.0554459,0.0446538,
418,1e-07,0.0009487,0.0010069,0.0008663,0.0008056,0.0007376,0.0012229,0.0017677,0.0041108,0.0135951,0.022008,0.024441,0.0215562,0.0438071,
419,0.0,5.1e-05,0.0010082,0.0004889,0.0008041,0.0003976,0.0012242,0.0018418,0.0017496,0.0160939,0.0112304,0.0106215,0.0404326,0.0259878,
420,0.0,5.23e-05,0.000767,0.0009715,0.0008012,0.0009036,0.0005397,0.0022592,0.0023841,0.0106258,0.0101068,0.0114818,0.0256051,0.0413462,
421,0.0,5.26e-05,0.0007632,0.0006543,0.0002813,0.0013243,0.0009393,0.0009891,0.0033564,0.0062478,0.0188482,0.0101536,0.0306115,0.0216609,
422,0.0,0.0009868,0.0009388,0.0006557,0.0007994,0.0003936,0.0005402,0.0011008,0.0054532,0.0054931,0.0312875,0.0126436,0.0266571,0.0136431,
423,1e-07,5.49e-05,0.0008867,0.0006542,0.0007942,0.0020271,0.0011416,0.0016148,0.0024706,0.014548,0.0266226,0.0295421,0.0332906,0.0300331,
424,1e-07,5.63e-05,0.0005927,0.0009701,0.0008849,0.0003868,0.000958,0.0006792,0.0067096,0.0171173,0.0143762,0.0476224,0.0510838,0.0259144,
425,1e-07,5.77e-05,0.000595,0.0016115,0.0016034,0.0007536,0.0009627,0.0016164,0.0059659,0.0285157,0.0118766,0.0925712,0.0880909,0.0262756,
426,1e-07,5.7e-05,0.0010019,0.0013194,0.0002949,0.000755,0.001063,0.001855,0.0102606,0.0341793,0.0104672,0.0869139,0.1001457,0.0420075,
427,1e-07,0.0009484,0.0008091,0.0009668,0.001464,0.0003792,0.0009375,0.0016158,0.0042112,0.0302894,0.0201205,0.025721,0.0749492,0.0818481,
428,1e-07,0.0009493,0.0008898,0.0004965,0.0002827,0.0008807,0.0009396,0.000626,0.0070224,0.012185,0.0236494,0.0137134,0.025421,0.0361125,
429,1e-07,5.24e-05,0.0007617,0.0012343,0.0011683,0.0003881,0.0006935,0.001836,0.0025586,0.0128682,0.0165071,0.0384762,0.0222503,0.0284469,
430,1e-07,0.0009867,0.0011513,0.0006565,0.0022694,0.0012092,0.0011453,0.0009933,0.003202,0.0040839,0.0221751,0.0393384,0.0244036,0.0326126,
431,0.0,5.04e-05,0.0005889,0.0017298,0.0008028,0.0003925,0.0015097,0.0016377,0.0037236,0.0089488,0.0141106,0.030282,0.0249936,0.0378282,
432,0.0,4.96e-05,0.0010147,0.0012987,0.0008968,0.0007327,0.0008397,0.0014496,0.0003438,0.0139092,0.0137492,0.0395573,0.0365073,0.0407052,
433,0.0,4.95e-05,0.0009405,0.0008662,0.0014557,0.000883,0.0009445,0.0020621,0.0049907,0.0124013,0.0304454,0.0371785,0.0548349,0.0442415,
434,0.0,5.05e-05,0.0007751,0.0012202,0.0008124,0.0013845,0.0009427,0.0009475,0.0030345,0.0163185,0.0277466,0.0223634,0.0204556,0.0202904,
435,1e-07,5.13e-05,0.0007992,0.0010892,0.0009067,0.0004133,0.0005468,0.0016312,0.00496,0.0134237,0.035716,0.0408645,0.0165625,0.0240146,
436,1e-07,0.001409,0.0008727,0.0004826,0.0012548,0.0007307,0.0017536,0.001629,0.007035,0.0073723,0.023846,0.0308665,0.0372223,0.0360585,
437,1e-07,0.0010054,0.0009475,0.0004795,0.0002656,0.0007254,0.0012036,0.0022545,0.0032673,0.0110425,0.0216055,0.0125339,0.0550268,0.0230721,
438,1e-07,0.0017615,0.0014924,0.0006649,0.0002672,0.0011861,0.0011219,0.0014562,0.0044439,0.0187484,0.0361206,0.0245176,0.058237,0.0297347,
439,1e-07,5.55e-05,0.0008658,0.0008649,0.0002682,0.0008911,0.000823,0.0017793,0.004986,0.0222452,0.0404781,0.0251294,0.040928,0.0220537,
440,1e-07,5.58e-05,0.000868,0.0004829,0.0002745,0.0013864,0.0014456,0.0016911,0.0043745,0.0146209,0.0267976,0.0208269,0.0215558,0.0262681,
441,0.0,5.49e-05,0.0007837,0.0009776,0.0009105,0.0011882,0.0009295,0.0010996,0.0021997,0.0125979,0.0277845,0.0321178,0.0450986,0.0168657,
442,0.0,5.32e-05,0.000945,0.0014188,0.0011874,0.0009,0.0009432,0.0017354,0.004461,0.0067913,0.0264973,0.0202097,0.012723,0.0346675,
443,0.0,5.18e-05,0.0008767,0.0006644,0.0009216,0.0004174,0.0005536,0.001737,0.0071131,0.0190545,0.0258047,0.0098924,0.0354875,0.020501,
444,0.0,0.0010023,0.0011464,0.0013104,0.0009276,0.0008852,0.0006981,0.0009521,0.0034466,0.0139116,0.0327337,0.0515423,0.0255198,0.0319155,
445,1e-07,5.19e-05,0.0005884,0.0004857,0.0002627,0.0017547,0.0013782,0.0009541,0.0010201,0.0208267,0.0276186,0.006387,0.0313691,0.0536945,
446,1e-07,0.0009481,0.0011475,0.0004887,0.0009385,0.000733,0.0008258,0.0016334,0.0039063,0.0271588,0.0151067,0.0267152,0.0138641,0.047934,
447,1e-07,5.49e-05,0.0007982,0.0004902,0.000269,0.0004033,0.0005511,0.0018296,0.0030152,0.0064248,0.0224467,0.0123572,0.0248083,0.0305753,
448,1e-07,0.0009458,0.0011453,0.0014981,0.000275,0.0010933,0.0007048,0.0021338,0.0019978,0.0116102,0.0435328,0.0081219,0.0323705,0.0963951,
449,1e-07,5.8e-05,0.0009398,0.0009723,0.0014786,0.0007451,0.0011302,0.0028243,0.0122969,0.0382147,0.0507457,0.0557187,0.0327453,0.1094028,
450,1e-07,5.65e-05,0.0005945,0.0013155,0.0014739,0.0007439,0.0009555,0.0009888,0.0076428,0.0232573,0.0198037,0.0221738,0.0453856,0.029678,
451,1e-07,5.79e-05,0.0005978,0.0012348,0.0002867,0.0010918,0.0014971,0.0014458,0.0010074,0.0271079,0.0248091,0.0302428,0.0383697,0.0367961,
452,0.0,5.82e-05,0.0013951,0.0009683,0.002088,0.0007509,0.0021053,0.0009564,0.0015218,0.0174496,0.0135875,0.0209112,0.0313639,0.0291141,
453,0.0,5.61e-05,0.0008816,0.0008703,0.0002872,0.0008948,0.0010552,0.000987,0.0009008,0.0100784,0.0047743,0.0166538,0.0291799,0.0288514,
454,0.0,5.54e-05,0.0009391,0.0009894,0.0019896,0.0007479,0.001923,0.0009523,0.0038253,0.0119462,0.0075286,0.0323033,0.0327527,0.0667367,
455,0.0,0.0010036,0.0007662,0.0004921,0.0008962,0.0010859,0.0008261,0.0009833,0.0042753,0.0116508,0.0119171,0.033523,0.0337228,0.0615008,
456,1e-07,5.3e-05,0.001141,0.0006526,0.0007978,0.0007467,0.0011464,0.0017679,0.0047968,0.0288396,0.0115446,0.0319642,0.0581437,0.0473431,
457,1e-07,5.14e-05,0.0009383,0.001293,0.0011659,0.0013899,0.0011499,0.0028094,0.0023279,0.0141414,0.0372754,0.0335923,0.0350287,0.0296445,
458,1e-07,5.06e-05,0.0007582,0.0004931,0.0011691,0.0010898,0.0017724,0.0029634,0.0092705,0.005383,0.0383162,0.0470241,0.0441608,0.0315777,
459,1e-07,5.07e-05,0.0008122,0.0006487,0.0007952,0.0021167,0.0011577,0.0084181,0.0132432,0.0396204,0.0502505,0.0477623,0.0541929,0.0445886,
460,1e-07,4.93e-05,0.0008132,0.0004935,0.0014591,0.0009043,0.0040597,0.0024543,0.0203569,0.0430076,0.0200488,0.0139119,0.0544974,0.0590188,
461,1e-07,5.04e-05,0.0007501,0.0008675,0.0002998,0.0022078,0.0045424,0.0072967,0.0413138,0.0495906,0.0399379,0.0645826,0.0576423,0.034294,
462,1e-07,5.22e-05,0.0010445,0.0006452,0.0003026,0.0010994,0.0013605,0.0033899,0.0275386,0.0262586,0.071556,0.0350264,0.0398207,0.0212681,
463,1e-07,5.29e-05,0.0006005,0.0008681,0.0012479,0.001392,0.0011562,0.0032742,0.010419,0.0063755,0.0531942,0.0362142,0.0478447,0.0230067,
464,1e-07,5.4e-05,0.0015636,0.0006488,0.0016315,0.0008841,0.0008279,0.0029068,0.0135226,0.0213007,0.0210278,0.0389707,0.0400781,0.0493436,
465,1e-07,5.5e-05,0.0009377,0.0012237,0.0014485,0.0007523,0.000534,0.0023282,0.0135183,0.0237137,0.0040964,0.0240706,0.0515751,0.0526424,
466,1e-07,5.53e-05,0.0011348,0.0004924,0.0002927,0.0008874,0.0011411,0.001385,0.0055346,0.0156434,0.0100476,0.0139899,0.0460347,0.029461,
467,0.0,5.57e-05,0.000876,0.0016167,0.0018962,0.000746,0.000543,0.002012,0.0081008,0.0148762,0.0204917,0.0276285,0.0271192,0.0616205,
468,0.0,5.68e-05,0.0009403,0.0014219,0.0007973,0.0004003,0.0005445,0.0016887,0.0013308,0.0098257,0.0107941,0.0177282,0.0402466,0.057449,
469,0.0,0.001374,0.0008056,0.0004922,0.0011671,0.0010876,0.0012137,0.0011038,0.0033001,0.0187691,0.0068365,0.0165549,0.0490971,0.0208506,
470,0.0,5.86e-05,0.0006001,0.0012168,0.0019043,0.001186,0.0008106,0.0006373,0.0060235,0.0190764,0.0140519,0.0302126,0.0159699,0.0236142,
471,1e-07,5.81e-05,0.0010047,0.0013101,0.0008034,0.0015535,0.0010487,0.0006717,0.0035594,0.0125953,0.021043,0.0349795,0.0301679,0.0243354,
472,1e-07,5.68e-05,0.0010219,0.0006629,0.0008088,0.001189,0.001119,0.0008733,0.0043067,0.0098083,0.0279794,0.0402297,0.0176517,0.0243496,
473,1e-07,5.67e-05,0.00087,0.0014263,0.0008139,0.0011874,0.0008166,0.0018503,0.0092565,0.026805,0.0343716,0.0331728,0.0480879,0.0753814,
474,1e-07,5.62e-05,0.0008703,0.0004819,0.000905,0.001189,0.0021144,0.0016144,0.0032596,0.0446235,0.0454944,0.0794241,0.0709476,0.0711248,
475,1e-07,5.44e-05,0.0007898,0.0013065,0.0002535,0.0009014,0.000707,0.0031174,0.0170463,0.049626,0.1018817,0.1061447,0.1300776,0.101776,
476,1e-07,0.0009994,0.0007871,0.0004811,0.0008179,0.0004241,0.0005616,0.00573,0.0138093,0.0397091,0.0483633,0.0630286,0.0727778,0.0782291,
477,0.0,5.41e-05,0.0008737,0.0009806,0.0011482,0.0009008,0.0021151,0.0009546,0.0030889,0.0207461,0.0218235,0.0232983,0.0439164,0.0575667,
478,0.0,5.52e-05,0.0015434,0.0009775,0.0011386,0.0004154,0.0007036,0.0018609,0.0036072,0.0137694,0.027365,0.0303296,0.021886,0.0357115,
479,0.0,5.67e-05,0.0007795,0.00066,0.0002768,0.000415,0.0013087,0.0028207,0.004251,0.0143493,0.0150515,0.0332566,0.0250946,0.0320901,
480,0.0,5.8e-05,0.0009997,0.0013139,0.000285,0.0007426,0.0005519,0.0028209,0.0037981,0.0217664,0.0451826,0.0188576,0.0242265,0.0456834,
481,0.0,5.85e-05,0.0006038,0.0008688,0.0002923,0.0004068,0.000548,0.0009531,0.0026552,0.0028953,0.0039319,0.0310289,0.02546,0.0606934,
482,1e-07,0.0013817,0.0010268,0.0010803,0.0011685,0.0007503,0.0009589,0.0028094,0.0018956,0.0095524,0.0292929,0.0460615,0.0799689,0.0634361,
483,1e-07,5.86e-05,0.0014786,0.0009652,0.0017776,0.0015355,0.0007019,0.0021711,0.013382,0.0160341,0.0154133,0.0628736,0.1049234,0.0729525,
484,1e-07,6.03e-05,0.0010274,0.0009644,0.0008975,0.0007584,0.001066,0.0016128,0.0080346,0.0228864,0.0275439,0.0529588,0.0682931,0.0538345,
485,0.0,6.09e-05,0.0008703,0.0009923,0.0003043,0.0007563,0.0005461,0.0026568,0.001514,0.0498746,0.0343914,0.0278489,0.0516548,0.028659,
486,1e-07,0.0010095,0.0008674,0.0006531,0.0012405,0.0007519,0.0009617,0.0009741,0.0031598,0.0191037,0.0144268,0.0235036,0.0130759,0.0252694,
487,0.0,5.99e-05,0.0010198,0.0017696,0.0002926,0.0004137,0.0009574,0.000974,0.0038127,0.0045363,0.0113822,0.0246104,0.0552427,0.0181779,
488,1e-07,5.82e-05,0.0007798,0.001222,0.0013846,0.0004164,0.001792,0.0011183,0.0060573,0.0210783,0.0284607,0.0179751,0.067596,0.0419884,
489,1e-07,5.87e-05,0.0009992,0.0006597,0.0002827,0.0013962,0.0009224,0.0006472,0.0101125,0.0234807,0.053212,0.0371757,0.0446009,0.0980608,
490,0.0,6.02e-05,0.000605,0.0006604,0.0002827,0.0012648,0.0007122,0.0006482,0.00479,0.0356223,0.0300844,0.0175231,0.0451516,0.0677664,
491,0.0,6e-05,0.0009996,0.001312,0.0002822,0.0007382,0.0010476,0.0009727,0.0046185,0.0200585,0.0516481,0.0304043,0.0419414,0.0844198,
492,0.0,6.16e-05,0.0008641,0.0004906,0.0008018,0.001545,0.0014965,0.0016137,0.0066266,0.0140439,0.0498222,0.0314702,0.0457098,0.0726407,
493,0.0,6.18e-05,0.0009966,0.0004931,0.0007984,0.0013322,0.000713,0.0018524,0.0011494,0.0272415,0.0218058,0.0412915,0.0242696,0.0360552,
494,1e-07,6.24e-05,0.0010172,0.000659,0.0009182,0.0004164,0.0014796,0.0020384,0.0016736,0.0245482,0.0301986,0.0401883,0.086814,0.0285831,
495,1e-07,6.16e-05,0.0010179,0.0009769,0.0009238,0.0013949,0.0008016,0.0009794,0.0057827,0.0391619,0.0702798,0.0525281,0.0804667,0.0461908,
496,1e-07,6.15e-05,0.0010139,0.0013115,0.0002752,0.0007352,0.0015662,0.0019461,0.0028862,0.0202533,0.0406526,0.0615353,0.0688724,0.0502363,
497,1e-07,5.98e-05,0.0007962,0.0017922,0.0009173,0.0007293,0.0007149,0.0015448,0.0052763,0.0205457,0.0330279,0.0349763,0.0566901,0.0503608,
498,0.0,5.94e-05,0.000797,0.0004835,0.0012565,0.0008838,0.0017278,0.001858,0.005055,0.0345129,0.0225704,0.0308083,0.0589578,0.080455,
499,0.0,5.81e-05,0.0007951,0.0012148,0.0014757,0.000434,0.000712,0.0016137,0.0074139,0.0111653,0.0419867,0.0318575,0.0658324,0.0631664,
500,0.0,5.7e-05,0.0010107,0.001387,0.000266,0.0004328,0.0014676,0.0016961,0.0074664,0.0197993,0.0225724,0.0271008,0.044972,0.0523904,
501,0.0,5.66e-05,0.0007952,0.0004772,0.0012544,0.0008888,0.0007082,0.0014972,0.0111967,0.021169,0.0333213,0.0315432,0.0529155,0.0257994,
502,1e-07,5.47e-05,0.0014405,0.0009826,0.0013804,0.0007169,0.0015192,0.002672,0.0231219,0.0246867,0.024136,0.0332404,0.0356728,0.0733622,
503,1e-07,5.29e-05,0.0008672,0.0004743,0.0002561,0.0004355,0.0008312,0.0008727,0.0109745,0.022456,0.0373363,0.019958,0.024916,0.0327153,
504,1e-07,5.16e-05,0.0008675,0.0009848,0.0008287,0.0009021,0.0005617,0.0014715,0.0058263,0.0197708,0.0249838,0.0463504,0.0205598,0.0452594,
505,1e-07,0.0010044,0.0008709,0.0013121,0.0009187,0.0013663,0.0011236,0.0017308,0.0047876,0.0095207,0.0297532,0.0384955,0.0548951,0.0306944,
506,1e-07,4.99e-05,0.0005923,0.0009808,0.0002578,0.0012561,0.0008416,0.0006878,0.0028259,0.0030899,0.0140318,0.0413072,0.0553463,0.0487303,
507,1e-07,4.87e-05,0.0010173,0.0004714,0.0009203,0.0004308,0.0017507,0.0009702,0.0022468,0.0085304,0.0116054,0.0511124,0.0295448,0.0340712,
508,1e-07,4.84e-05,0.0007936,0.0012068,0.0008956,0.0020192,0.0011354,0.0014594,0.003316,0.0104854,0.0248005,0.0556873,0.0375469,0.0235138,
509,1e-07,4.78e-05,0.0010161,0.0013074,0.000258,0.000886,0.0005466,0.0022507,0.0082837,0.0127601,0.0156792,0.0342302,0.0460242,0.0119729,
510,1e-07,4.65e-05,0.0009472,0.0004723,0.0008291,0.001496,0.000949,0.001611,0.0066483,0.0123322,0.019816,0.035649,0.0601725,0.0384844,
511,1e-07,4.56e-05,0.0013855,0.0004715,0.0002502,0.0004253,0.000952,0.0010793,0.007275,0.0256509,0.0172052,0.0513909,0.0171452,0.0146431,
512,1e-07,4.55e-05,0.0010189,0.0004744,0.000254,0.0004177,0.0023605,0.0006434,0.0127254,0.0141616,0.0242303,0.0305168,0.0235868,0.0531823,
513,1e-07,0.0009557,0.0007807,0.0013062,0.0011355,0.0010904,0.0009531,0.0014833,0.0111744,0.0087312,0.0153336,0.01888,0.0115751,0.0352659,
514,1e-07,4.35e-05,0.000583,0.0013171,0.0014982,0.0007089,0.0006841,0.0020683,0.0101927,0.0130354,0.011047,0.0252878,0.0271208,0.0185308,
515,1e-07,4.3e-05,0.0011539,0.0011037,0.0012107,0.0012201,0.0006807,0.0020954,0.0097629,0.0187654,0.0314483,0.0231671,0.0215722,0.0406861,
516,1e-07,4.25e-05,0.000791,0.0012066,0.0009119,0.0009304,0.0009595,0.0033589,0.0235306,0.0267751,0.0351448,0.0172055,0.0157865,0.0421671,
517,1e-07,4.15e-05,0.0013727,0.0012063,0.000832,0.0007087,0.0018385,0.0021422,0.0117847,0.0276847,0.0177356,0.0335461,0.0450861,0.0432867,
518,1e-07,0.0009993,0.0011593,0.00123,0.0018483,0.0009379,0.0032321,0.0026995,0.0187692,0.0126196,0.0344765,0.0256693,0.049055,0.0566148,
519,1e-07,0.0010017,0.0007755,0.000472,0.0014995,0.0033405,0.0072765,0.0078499,0.0187597,0.0184691,0.0333903,0.0239769,0.045756,0.0436463,
520,1e-07,0.001002,0.0013674,0.0023303,0.0012079,0.0055318,0.0087377,0.0051906,0.029567,0.0205151,0.0238976,0.0305635,0.0492349,0.0240431,
521,1e-07,0.0010013,0.001164,0.0006688,0.0017312,0.0020234,0.0035491,0.005477,0.0296755,0.0381821,0.0186071,0.0602761,0.0481331,0.0183933,
522,1e-07,3.93e-05,0.0016997,0.0004665,0.0016473,0.0029525,0.0074824,0.0123641,0.0115299,0.0327459,0.0313044,0.0681243,0.0471838,0.0246582,
523,1e-07,3.96e-05,0.000576,0.0019788,0.0014362,0.0009431,0.0031673,0.0115697,0.0210836,0.0280631,0.0481304,0.0742007,0.0620137,0.0510442,
524,1e-07,0.0013899,0.000949,0.0011083,0.0009134,0.0015788,0.0028167,0.0047656,0.0323127,0.0157318,0.0298887,0.0539038,0.0576274,0.0370227,
525,1e-07,4.07e-05,0.0007934,0.0018056,0.0008462,0.0022326,0.0018383,0.0028156,0.0292683,0.0139105,0.0230542,0.0361827,0.0404886,0.037603,
526,1e-07,4.08e-05,0.0017086,0.0013991,0.0008451,0.0010832,0.001494,0.0055416,0.0121915,0.0085261,0.040816,0.0321502,0.0250013,0.0223081,
527,2e-07,4.16e-05,0.0005792,0.0014018,0.0002261,0.0012307,0.0019364,0.0064759,0.0138684,0.0334425,0.0402641,0.0560662,0.0220425,0.0599526,
528,2e-07,4.07e-05,0.0007973,0.0009912,0.0002233,0.0016033,0.0008807,0.005515,0.0160602,0.0276354,0.0318271,0.0255412,0.0170119,0.0342305,
529,2e-07,4.26e-05,0.0007992,0.0004563,0.0011494,0.0004477,0.0009097,0.0080796,0.0192048,0.0270249,0.0336787,0.0507059,0.0650502,0.0783584,
530,2e-07,4.39e-05,0.0005844,0.0010011,0.0008495,0.0015977,0.0009976,0.0031353,0.0143834,0.0078376,0.0259479,0.0312722,0.0751325,0.0504741,
531,2e-07,4.58e-05,0.0009525,0.000459,0.0002383,0.0009211,0.0015443,0.0006986,0.0139824,0.0188458,0.0281006,0.0321555,0.0789327,0.0833317,
532,2e-07,4.75e-05,0.0009522,0.0011143,0.0008451,0.0012671,0.0008603,0.0026977,0.0074369,0.0343664,0.0384394,0.0362504,0.0956397,0.0831164,
533,2e-07,4.85e-05,0.0005921,0.000858,0.0011879,0.0015897,0.0010089,0.0008456,0.0175974,0.0231831,0.0260085,0.0576375,0.1162615,0.0936127,
534,2e-07,4.98e-05,0.0010184,0.0011117,0.0011862,0.0014921,0.0013955,0.0008745,0.0032314,0.0212079,0.0358631,0.0493293,0.1081734,0.092707,
535,2e-07,4.85e-05,0.0005899,0.0006757,0.0012582,0.0004531,0.0021504,0.0017329,0.0211516,0.0303764,0.0283837,0.0725998,0.0867687,0.0978218,
536,2e-07,4.8e-05,0.0019791,0.0011989,0.0011173,0.001195,0.001626,0.0023291,0.0145193,0.0359548,0.0254266,0.0700858,0.0902177,0.0531198,
537,2e-07,5e-05,0.0005924,0.0008587,0.0014919,0.0022018,0.0013965,0.0023281,0.0035209,0.0356916,0.0233857,0.0602899,0.0455596,0.0566553,
538,1e-07,0.0010071,0.0008064,0.0008581,0.0020722,0.0004557,0.0011866,0.0028953,0.0119785,0.0426896,0.0728622,0.0734625,0.0665003,0.0683848,
539,1e-07,4.83e-05,0.0008665,0.0012265,0.000846,0.000453,0.0018903,0.0025619,0.0040692,0.0354182,0.0789992,0.1009358,0.084616,0.057055,
540,1e-07,4.92e-05,0.0015238,0.0004646,0.0012606,0.0015912,0.0017845,0.0017254,0.007991,0.0248936,0.0546369,0.0963522,0.0570901,0.0590663,
541,1e-07,5.09e-05,0.0013985,0.0008597,0.0002444,0.0010529,0.0018068,0.0028012,0.007775,0.033065,0.0492838,0.0699552,0.0800198,0.0198815,
542,1e-07,0.0014465,0.0005887,0.0006777,0.000236,0.0004547,0.0011111,0.0040674,0.0114297,0.0307226,0.0629963,0.0386094,0.0393461,0.0167504,
543,1e-07,0.0010046,0.0008026,0.000991,0.0002364,0.0004486,0.000567,0.001474,0.0063188,0.016926,0.0457815,0.0799435,0.0249403,0.0290661,
544,1e-07,5.03e-05,0.0008666,0.0014099,0.0014951,0.0011919,0.0010118,0.0016107,0.010185,0.0356709,0.0680761,0.0838792,0.0326245,0.0197968,
545,1e-07,4.97e-05,0.001145,0.0013029,0.000892,0.0010495,0.0010153,0.0021647,0.0089847,0.0279516,0.0458368,0.0950765,0.0222119,0.0206981,
546,1e-07,5.1e-05,0.0010115,0.0004705,0.0012548,0.0019731,0.0006967,0.0008739,0.0065429,0.0401577,0.0202798,0.0622956,0.0256245,0.0272376,
547,1e-07,5.11e-05,0.0011396,0.0008601,0.0014072,0.0010603,0.0005589,0.0006539,0.0015015,0.0260026,0.0262622,0.0486826,0.0464379,0.0455647,
548,2e-07,5.05e-05,0.0010131,0.0004693,0.0009276,0.0015794,0.0021225,0.0010809,0.0020069,0.0261398,0.0127032,0.0287735,0.0386844,0.0465882,
549,2e-07,5.1e-05,0.0005972,0.0008594,0.0011294,0.0007159,0.0009306,0.0027636,0.0026712,0.018196,0.053544,0.0255025,0.0311786,0.0616415,
550,2e-07,4.97e-05,0.0007953,0.0010056,0.0012201,0.0009021,0.0019068,0.0025113,0.0088399,0.0219084,0.0454254,0.0414176,0.0666035,0.0567595,
551,2e-07,5.07e-05,0.0007864,0.0006633,0.0002724,0.0004296,0.0006909,0.0024216,0.0092096,0.0246544,0.0356501,0.0792946,0.1123375,0.1248864,
552,2e-07,5.06e-05,0.0007984,0.0009774,0.0018404,0.0007236,0.0005467,0.0040983,0.0169495,0.0351612,0.0364352,0.0237924,0.037245,0.0691352,
553,2e-07,0.0010055,0.00102,0.0013067,0.0008257,0.0013278,0.0010246,0.0030912,0.029576,0.049034,0.0373642,0.0470369,0.0442259,0.0301334,
554,2e-07,4.83e-05,0.0005953,0.0016272,0.0008224,0.0004199,0.0006868,0.0051959,0.0226673,0.0493496,0.0932933,0.088766,0.076669,0.0695017,
555,2e-07,4.81e-05,0.0009433,0.0012855,0.0011432,0.0016009,0.0015649,0.0060965,0.0075505,0.0545986,0.0974092,0.0988432,0.0638499,0.058806,
556,2e-07,0.0010028,0.0005913,0.0006616,0.0008949,0.0013515,0.0005388,0.001531,0.0169154,0.0607913,0.0503861,0.0291837,0.0409432,0.0318415,
557,2e-07,4.56e-05,0.0009436,0.0012363,0.000892,0.000722,0.0017868,0.0095337,0.0103877,0.0657491,0.0385011,0.0271983,0.0462819,0.036143,
558,2e-07,0.0010016,0.0007722,0.0013979,0.0016263,0.0024445,0.0006798,0.0059398,0.0248706,0.0523706,0.0380266,0.0201135,0.037192,0.0823798,
559,2e-07,4.37e-05,0.0010185,0.0013175,0.0002581,0.0013821,0.0019193,0.0013985,0.0311276,0.0156786,0.0320724,0.0305545,0.0266036,0.0241914,
560,2e-07,0.0014112,0.0010189,0.0006642,0.0008279,0.0007158,0.001152,0.0086395,0.0451276,0.0335949,0.0431842,0.0172754,0.031087,0.0286053,
561,2e-07,4.27e-05,0.0005872,0.0004736,0.000258,0.0026999,0.0026094,0.0101605,0.0394112,0.0524978,0.0344746,0.0448118,0.0437059,0.0378338,
562,2e-07,0.0017593,0.0014449,0.0012851,0.0009067,0.0037057,0.0037729,0.0127823,0.021634,0.0443439,0.0522884,0.0183352,0.0492046,0.0361327,
563,2e-07,4.08e-05,0.0014406,0.0004706,0.0012037,0.0024973,0.0031716,0.0069379,0.0345955,0.0424517,0.0386716,0.0220515,0.0348565,0.0549709,
564,2e-07,4.08e-05,0.0015356,0.0014718,0.0029889,0.0018877,0.0079537,0.0346654,0.0488993,0.0699624,0.050451,0.0435889,0.057512,0.0839371,
565,2e-07,4.2e-05,0.0005835,0.0013949,0.0008961,0.0024877,0.0022497,0.0087697,0.0299184,0.0305503,0.034317,0.0534947,0.0460928,0.0758711,
566,2e-07,4.36e-05,0.0010215,0.0013042,0.0002493,0.0013322,0.0023679,0.0080253,0.0246308,0.0360935,0.024119,0.0028691,0.0553513,0.0469836,
567,2e-07,0.0014183,0.0005886,0.0013045,0.0020755,0.0020262,0.0009263,0.0058791,0.0173832,0.0240837,0.0198749,0.0418148,0.037559,0.0437429,
568,2e-07,4.57e-05,0.0007886,0.001476,0.0012577,0.0004351,0.0017849,0.0026591,0.0140895,0.0194651,0.0318851,0.0249703,0.0430569,0.0673435,
569,2e-07,0.0009566,0.0008765,0.0013953,0.0002412,0.001377,0.0008687,0.0040762,0.0244904,0.0174799,0.0150285,0.0490909,0.0202314,0.0561999,
570,2e-07,4.38e-05,0.0008779,0.0009848,0.0002425,0.0009247,0.0011394,0.007837,0.0097548,0.0140395,0.0193181,0.0508074,0.0629195,0.0509042,
571,2e-07,4.56e-05,0.0008739,0.0006704,0.0002435,0.0018713,0.0011338,0.0053268,0.0109386,0.0231748,0.0115396,0.0220173,0.0474011,0.0646942,
572,2e-07,4.47e-05,0.0008739,0.000673,0.0016235,0.0015978,0.0009168,0.0035597,0.00615,0.0112067,0.0032812,0.0325758,0.0432065,0.0527609,
573,1e-07,4.33e-05,0.0005822,0.0004623,0.0008959,0.0009293,0.0010011,0.0044446,0.0119801,0.0137367,0.0203814,0.0236767,0.0512772,0.0484534,
574,1e-07,4.45e-05,0.0007825,0.0006724,0.0012669,0.0013762,0.0018276,0.0040477,0.0142147,0.0185241,0.0110602,0.0288413,0.0403761,0.0625333,
575,1e-07,4.54e-05,0.0007815,0.0008585,0.0008463,0.0012674,0.001488,0.0045584,0.011035,0.0185131,0.0153741,0.0243144,0.0511066,0.0706306,
576,1e-07,4.36e-05,0.0018992,0.0008578,0.0016296,0.0015986,0.0009532,0.0038737,0.0108822,0.0075116,0.0377132,0.009543,0.0391409,0.0691594,
577,1e-07,4.35e-05,0.0008764,0.0012029,0.0013815,0.0019553,0.0011276,0.0019321,0.0094918,0.022609,0.0088835,0.0217584,0.0531888,0.0579265,
578,1e-07,4.53e-05,0.0008005,0.0006762,0.0012715,0.0004461,0.0006919,0.0036251,0.0042175,0.0217535,0.0456,0.0172967,0.0503907,0.0461736,
579,1e-07,4.48e-05,0.0008724,0.0012247,0.000896,0.0008902,0.0005664,0.0027268,0.0010887,0.0224942,0.0503036,0.0291158,0.0498441,0.0518518,
580,1e-07,4.3e-05,0.0014878,0.0012036,0.0015219,0.0016145,0.0008663,0.0064582,0.0157007,0.0424967,0.0559962,0.0509136,0.0685321,0.0806827,
581,1e-07,0.0010042,0.0008767,0.0009837,0.0012226,0.0010722,0.0009959,0.0036073,0.0114917,0.0609971,0.0336391,0.095224,0.0186447,0.0369218,
582,1e-07,4.2e-05,0.0005758,0.0017123,0.002319,0.0016038,0.0011258,0.0016316,0.0339496,0.0475645,0.0433457,0.0755549,0.0693213,0.0426935,
583,1e-07,4.11e-05,0.0010203,0.000981,0.0015297,0.0030076,0.0028884,0.0015319,0.0222231,0.0283587,0.0407372,0.0566082,0.0227029,0.0578087,
584,0.0,3.98e-05,0.0019788,0.001102,0.0012904,0.0013874,0.0044553,0.0081708,0.0200648,0.0233914,0.0218738,0.0463783,0.0957207,0.0362306,
585,1e-07,0.0009971,0.0009499,0.0009834,0.0002126,0.0010324,0.0020215,0.0081271,0.012498,0.0500949,0.0355336,0.0097364,0.0477685,0.036984,
586,1e-07,4.07e-05,0.001473,0.000465,0.0002204,0.0013352,0.0009573,0.0072783,0.0229127,0.040375,0.0568526,0.0427386,0.0429876,0.0304516,
587,1e-07,4.12e-05,0.0010356,0.0010996,0.0009164,0.0009394,0.002933,0.0029772,0.0218843,0.0247537,0.0607737,0.0369694,0.024669,0.0551177,
588,1e-07,4.14e-05,0.0005765,0.00141,0.0011886,0.0013617,0.000867,0.0121605,0.0230017,0.0224221,0.040534,0.0582758,0.0379179,0.0666949,
589,0.0,4.12e-05,0.0007806,0.0009871,0.0012317,0.0013759,0.0018354,0.0068151,0.0407972,0.0462076,0.0223531,0.0701153,0.0735004,0.0249995,
590,0.0,4.27e-05,0.0005765,0.0004698,0.0012822,0.0004259,0.0006869,0.0053149,0.0131419,0.0269394,0.0550867,0.0138144,0.0169992,0.0496326,
591,0.0,4.28e-05,0.0005765,0.0008619,0.0012289,0.0004325,0.0006888,0.0009804,0.0100662,0.0426836,0.0799018,0.0472892,0.023322,0.0684817,
592,0.0,4.46e-05,0.0011576,0.0004687,0.0002317,0.0015989,0.0005571,0.0014122,0.0101363,0.0536016,0.1104122,0.0432404,0.0508136,0.0413737,
593,1e-07,4.52e-05,0.0007896,0.000862,0.0014326,0.0015942,0.001478,0.0021744,0.0081045,0.0336393,0.045091,0.0764167,0.0302937,0.0380689,
594,1e-07,4.64e-05,0.0007856,0.0006676,0.0002457,0.0013345,0.0015969,0.0019309,0.0194943,0.0242971,0.0144907,0.04755,0.0513034,0.0336329,
595,1e-07,4.8e-05,0.0007842,0.0009808,0.0009092,0.0004229,0.0011328,0.0037459,0.0101722,0.0149925,0.0306416,0.039834,0.0586231,0.0298491,
596,1e-07,4.85e-05,0.0005892,0.0009905,0.0002579,0.000722,0.0008441,0.0026558,0.0029473,0.0055951,0.0066924,0.0131014,0.0375608,0.0415007,
597,1e-07,4.76e-05,0.0010161,0.0006617,0.000261,0.0004119,0.0015935,0.001529,0.00579,0.0036294,0.0147036,0.0144401,0.0436788,0.0500854,
598,1e-07,4.8e-05,0.0005916,0.0006609,0.0002662,0.0007265,0.0008471,0.0035645,0.0255829,0.0341863,0.0279444,0.022425,0.071126,0.0512223,
599,1e-07,0.0013826,0.0005903,0.0013125,0.0011451,0.0007262,0.0009386,0.005902,0.0307694,0.0339311,0.0379562,0.0503515,0.0306724,0.0291018,
600,1e-07,4.73e-05,0.0010353,0.0017174,0.0002722,0.0013676,0.0005334,0.0061899,0.0125998,0.0188993,0.0411954,0.0643048,0.0402538,0.0326847,
601,1e-07,4.68e-05,0.001013,0.0004826,0.0002682,0.0007302,0.0005347,0.0055263,0.0170134,0.0104202,0.0330749,0.0800587,0.0446658,0.0225874,
602,1e-07,4.49e-05,0.0015442,0.0012296,0.0002613,0.0017608,0.0015977,0.0069701,0.0115784,0.02411,0.0120021,0.0441136,0.0582435,0.0267282,
603,1e-07,4.44e-05,0.0007992,0.0004812,0.0012159,0.0009206,0.0022535,0.0056572,0.0118712,0.0352869,0.0255691,0.0372423,0.0563897,0.013896,
604,1e-07,0.0009983,0.0014614,0.001312,0.0002679,0.0012096,0.0016272,0.0057813,0.0136996,0.0323031,0.0457511,0.0247848,0.0362272,0.0295181,
605,1e-07,4.33e-05,0.0013738,0.0009741,0.001384,0.0012156,0.0017948,0.0139035,0.0155649,0.0276222,0.0316487,0.0397429,0.0300674,0.022267,
606,1e-07,0.0014149,0.0016845,0.0018049,0.0011449,0.0030755,0.0066341,0.0187472,0.0294063,0.0156253,0.0268786,0.0197024,0.0050612,0.022149,
607,1e-07,4.21e-05,0.0014498,0.001004,0.0020843,0.0032976,0.0033335,0.025055,0.0317303,0.0454495,0.0391491,0.0116237,0.0250148,0.0210152,
608,1e-07,0.0009967,0.0014564,0.0008638,0.0012029,0.0036136,0.0051186,0.0167132,0.0122398,0.042008,0.0469102,0.0282607,0.0374173,0.0302883,
609,1e-07,4.43e-05,0.0005887,0.0008643,0.0009232,0.0020235,0.003473,0.0097638,0.0187524,0.0157768,0.0609176,0.0305442,0.0600051,0.0251399,
610,1e-07,0.0017013,0.0007549,0.0004899,0.001997,0.0027757,0.0022947,0.0100783,0.0170996,0.0453596,0.0375318,0.0283495,0.0261601,0.047087,
611,1e-07,0.0009927,0.0014614,0.0013835,0.0017853,0.0016177,0.0028729,0.0039215,0.0206906,0.0206,0.0258091,0.0141525,0.0548283,0.0519035,
612,1e-07,4.83e-05,0.0005951,0.0006458,0.0014531,0.0015493,0.0014364,0.0024909,0.014798,0.0200813,0.024997,0.025418,0.0514865,0.060025,
