#Time_fs,0,50,100,150,200,250,300,500,750,1000,1250,1500,1750,2000,
1,1e-07,0.0001078,0.0009379,0.0014379,0.0007041,0.0004283,0.00107,0.0024286,0.0126012,0.0578099,0.0555137,0.0314189,0.0488408,0.038037,
2,1e-07,0.0001065,0.0001034,0.0004991,0.0007964,0.0016584,0.0006657,0.0021385,0.0114161,0.0484437,0.0495877,0.0273794,0.0357045,0.0474699,
3,1e-07,0.0001047,0.0001049,0.0006475,0.0004894,0.0012282,0.0004816,0.0016955,0.0088415,0.0315644,0.0678843,0.0381625,0.049112,0.063008,
4,1e-07,0.000104,0.0001054,0.0012436,0.0010001,0.0004372,0.0006614,0.0027262,0.0097948,0.0128681,0.0133571,0.0092322,0.0460901,0.0283945,
5,0.0,0.000103,0.0001067,0.0017317,0.0004832,0.0010862,0.0020615,0.0030121,0.0107019,0.0074488,0.0090985,0.0194673,0.016653,0.0418459,
6,0.0,0.000105,0.0001081,0.0014438,0.0007868,0.0013695,0.0006572,0.0015241,0.0042808,0.0033368,0.0111538,0.0338581,0.0316136,0.048133,
7,0.0,0.0014163,0.0001098,0.0004969,0.0013659,0.0006847,0.0010608,0.0042642,0.0043776,0.005222,0.0171251,0.0575889,0.0417763,0.0652739,
8,0.0,0.000106,0.0001119,0.0008927,0.0004954,0.0004462,0.0013883,0.0014751,0.0033136,0.0085588,0.0023725,0.0416091,0.0323802,0.0314145,
9,0.0,0.0001083,0.0001121,0.0012964,0.0009863,0.0006866,0.0004742,0.0006394,0.0065845,0.0224534,0.0039131,0.0462034,0.0232384,0.0380432,
10,0.0,0.0001079,0.0001128,0.0004896,0.0007768,0.0004483,0.0016211,0.0017436,0.0016635,0.0291907,0.0104331,0.0225163,0.0560428,0.0290065,
11,0.0,0.0009152,0.0001137,0.0009754,0.0013964,0.0010212,0.0006528,0.0008532,0.0075725,0.0251016,0.0319545,0.0391966,0.0448846,0.0218692,
12,0.0,0.0001092,0.0001159,0.0006394,0.0014848,0.0004518,0.0011624,0.0032237,0.0041715,0.0129263,0.0336045,0.0088094,0.0310597,0.0339605,
13,1e-07,0.0009533,0.0001156,0.0006343,0.0014852,0.0004539,0.0006475,0.0008637,0.0132483,0.0219894,0.0224366,0.0204692,0.0107911,0.0320928,
14,1e-07,0.0009641,0.0001145,0.0009813,0.0004942,0.001788,0.0008594,0.0017611,0.0170471,0.0226109,0.0423623,0.0596451,0.0399761,0.0394757,
15,1e-07,0.0001101,0.0001163,0.001228,0.0011209,0.0010142,0.0020054,0.0022974,0.0122891,0.0436834,0.0648344,0.0674814,0.0332345,0.0448125,
16,1e-07,0.0001081,0.0009218,0.0004865,0.000497,0.0008709,0.0011635,0.0048277,0.0056868,0.0071767,0.0104711,0.0416079,0.062848,0.0256813,
17,1e-07,0.0001068,0.0001163,0.0006268,0.000768,0.0008701,0.0018076,0.003887,0.0092569,0.0117326,0.0169705,0.0697012,0.045655,0.0286443,
18,1e-07,0.0001069,0.0001169,0.0004855,0.0009635,0.0020647,0.0020848,0.0088364,0.0161742,0.005922,0.0380529,0.0515448,0.0289108,0.040422,
19,2e-07,0.0009207,0.0009194,0.0006196,0.0017081,0.0032267,0.0047788,0.0069273,0.0264833,0.0306862,0.0224694,0.053528,0.0339925,0.0857759,
20,2e-07,0.0001044,0.0010889,0.0027225,0.0045378,0.0057464,0.007004,0.013025,0.0258501,0.0098729,0.0265356,0.0243676,0.0545224,0.0604806,
21,2e-07,0.0015117,0.0014909,0.0032871,0.0051187,0.0102863,0.0137244,0.0206148,0.0077544,0.0210801,0.0071904,0.027796,0.0305493,0.0250858,
22,2e-07,0.0010617,0.001461,0.0032314,0.0056987,0.007993,0.0158385,0.0210922,0.0195128,0.052894,0.0883594,0.0749082,0.0532122,0.0755121,
23,2e-07,0.0013404,0.0067131,0.0164169,0.0236456,0.0330571,0.0409515,0.0250521,0.0633269,0.111975,0.1460331,0.1601173,0.157301,0.1499738,
24,2e-07,0.0022572,0.0091285,0.0129797,0.0167811,0.0236423,0.0297454,0.0312999,0.057888,0.1157661,0.1485355,0.159538,0.1363976,0.1088847,
25,2e-07,0.0036121,0.0081269,0.0123103,0.019063,0.0262738,0.0273706,0.0276746,0.0349434,0.0879927,0.0801746,0.0611114,0.0388807,0.0159964,
26,2e-07,0.0041118,0.0112109,0.0134025,0.0130745,0.0128644,0.0127135,0.0214132,0.0193448,0.047611,0.0814821,0.0296437,0.0490024,0.0125034,
27,2e-07,0.0027986,0.0024075,0.0019669,0.005854,0.0078374,0.0116718,0.0212079,0.018983,0.0115989,0.045631,0.0321072,0.0780911,0.028103,
28,2e-07,0.0001035,0.0013523,0.0022093,0.0019107,0.0055694,0.0105016,0.0082493,0.0138566,0.0238074,0.0445365,0.0312706,0.0452798,0.0377153,
29,2e-07,0.0001037,0.0014662,0.0014906,0.004125,0.0037452,0.0052873,0.0056563,0.0081052,0.0147322,0.0486856,0.0528454,0.0519428,0.0363852,
30,1e-07,0.000105,0.0001186,0.0012877,0.001245,0.000866,0.0041918,0.0048407,0.0113844,0.0290985,0.0425181,0.0459805,0.0414611,0.0512113,
31,1e-07,0.0001068,0.0001201,0.0006259,0.000761,0.0006866,0.0009736,0.00464,0.0056386,0.0101259,0.0279132,0.0360258,0.0484533,0.048603,
32,1e-07,0.000107,0.0001215,0.0006284,0.0009513,0.0006888,0.0022447,0.0042977,0.0148375,0.0139431,0.0312858,0.0598625,0.0572515,0.0593301,
33,1e-07,0.0001083,0.0001234,0.000986,0.0005077,0.0012991,0.0012434,0.0031467,0.0080179,0.0269916,0.059276,0.0808243,0.0775736,0.0793463,
34,2e-07,0.0001081,0.000124,0.0009896,0.0005045,0.0014311,0.0012446,0.0036575,0.0121941,0.0187228,0.055983,0.0573414,0.0646621,0.0634101,
35,2e-07,0.0001057,0.0001235,0.0004904,0.0018939,0.0014293,0.0008784,0.0043805,0.0147592,0.0172165,0.0177982,0.0327163,0.0548901,0.0526241,
36,2e-07,0.0001047,0.0001215,0.0006201,0.0007624,0.0009963,0.0008728,0.0036862,0.006707,0.0182529,0.0306158,0.0391777,0.0255469,0.0477405,
37,2e-07,0.0010823,0.00135,0.000496,0.0013773,0.0009614,0.0014324,0.0007724,0.0132354,0.0213562,0.0283817,0.0662105,0.0555028,0.0351934,
38,2e-07,0.0009239,0.0001192,0.0014553,0.0009695,0.0015791,0.0013694,0.0045009,0.0153921,0.0203716,0.0294081,0.040488,0.0565698,0.0572166,
39,2e-07,0.002362,0.0001188,0.0015586,0.0024906,0.0036531,0.0033555,0.0149287,0.0181347,0.0191772,0.0139692,0.026485,0.0544057,0.0552533,
40,2e-07,9.79e-05,0.0013743,0.0032836,0.0050881,0.0064236,0.0086836,0.0123148,0.0168215,0.0312571,0.0229001,0.0287195,0.0635495,0.0590537,
41,2e-07,0.000973,0.0030466,0.0057054,0.0068915,0.0092236,0.0084244,0.0129844,0.0094009,0.0322589,0.0074435,0.0695405,0.0592246,0.0790797,
42,2e-07,0.0014025,0.0019858,0.0021968,0.0035633,0.0015792,0.0025232,0.0084454,0.0263129,0.0345252,0.0119918,0.0731116,0.0504436,0.0720088,
43,2e-07,0.0010775,0.0014862,0.0030946,0.0012385,0.0054363,0.0026432,0.0122147,0.022359,0.0219671,0.0248598,0.0554461,0.0369153,0.0444139,
44,5e-07,0.0015064,0.0034636,0.0013186,0.0083181,0.0128323,0.0101954,0.0265562,0.0517601,0.0299856,0.0362262,0.0560075,0.0602213,0.1463752,
45,2e-07,0.0023617,0.0033821,0.0037562,0.0036478,0.0050559,0.0042619,0.0356946,0.0604854,0.0258438,0.0641747,0.0637181,0.0722529,0.1104423,
46,2e-07,0.0022454,0.0058701,0.0119434,0.0150327,0.0135407,0.01474,0.0255265,0.0609225,0.0547992,0.0707475,0.05182,0.1085931,0.1051437,
47,5e-07,0.0022193,0.0031242,0.0067925,0.0116846,0.0077559,0.0112945,0.0192388,0.0384477,0.015471,0.1005725,0.1025828,0.1103328,0.0982841,
48,5e-07,9.44e-05,0.0022862,0.0046514,0.0083313,0.0128298,0.0153115,0.0283301,0.0306268,0.0276295,0.0609305,0.0821343,0.0970224,0.0782013,
49,5e-07,0.0009492,0.00209,0.006689,0.0118161,0.009596,0.014308,0.0160481,0.0261056,0.0563182,0.0457816,0.0233678,0.0631279,0.0162216,
50,5e-07,9.15e-05,0.0014302,0.0047032,0.005423,0.0091528,0.0053943,0.0259945,0.0323964,0.0632408,0.0592988,0.0924354,0.0567647,0.049373,
51,5e-07,0.0009333,0.0017575,0.0025679,0.0029675,0.0017814,0.0021272,0.0187954,0.0283721,0.0582158,0.0587703,0.107929,0.1002049,0.0554325,
52,5e-07,9.03e-05,0.0001215,0.0012755,0.002375,0.0049,0.0139212,0.0211398,0.0347263,0.0498654,0.1078627,0.1611581,0.1480755,0.1149063,
53,5e-07,9.2e-05,0.0010273,0.000514,0.00078,0.0008449,0.0030075,0.0131298,0.0172127,0.0620673,0.0919973,0.0759765,0.1003111,0.0690721,
54,5e-07,0.0009733,0.0014101,0.0014689,0.0020863,0.0023856,0.0026513,0.0098177,0.0169621,0.0227521,0.0535478,0.0563605,0.0417919,0.0351358,
55,5e-07,9.49e-05,0.0009102,0.0005971,0.00076,0.0011949,0.0008737,0.0086965,0.021497,0.0308858,0.0336201,0.0570996,0.0331586,0.0333708,
56,5e-07,9.42e-05,0.0009096,0.0012805,0.0012848,0.0019178,0.0011686,0.015131,0.026459,0.0324241,0.0557749,0.0801306,0.0839817,0.0701423,
57,5e-07,9.59e-05,0.0009869,0.0023193,0.0018369,0.0023366,0.003424,0.0132124,0.0213784,0.0035903,0.0205407,0.0508236,0.0590818,0.0859089,
58,5e-07,0.0010758,0.0009102,0.0014643,0.0018962,0.0019399,0.0024292,0.0059968,0.0068484,0.0283941,0.042885,0.0794527,0.0576753,0.0698397,
59,5e-07,9.76e-05,0.0010277,0.0014387,0.0018859,0.0037577,0.005175,0.00163,0.0092335,0.0315765,0.0256041,0.0682832,0.04103,0.0547997,
60,5e-07,9.8e-05,0.00162,0.0005941,0.0033863,0.0030254,0.0055628,0.0091109,0.0146608,0.0364735,0.0325467,0.0340844,0.0273832,0.0210965,
61,5e-07,0.0001,0.0013764,0.0018032,0.0012492,0.0047804,0.0034067,0.0102026,0.0276006,0.0334616,0.0521999,0.045437,0.0129137,0.0387206,
62,5e-07,0.00108,0.001027,0.0010683,0.0017989,0.0045693,0.0045822,0.0121794,0.0164131,0.0328877,0.0555092,0.0424219,0.0171019,0.0463033,
63,2e-07,0.000104,0.0001253,0.0014533,0.0014012,0.0039149,0.0046997,0.0096656,0.0180808,0.045252,0.0429722,0.0429436,0.048306,0.030618,
64,2e-07,0.0001052,0.0021638,0.0012681,0.0019079,0.0045922,0.0077294,0.0104236,0.0211242,0.0670577,0.0611217,0.0688041,0.0705768,0.0959236,
65,2e-07,0.0017285,0.0001226,0.0010091,0.0033117,0.0070012,0.0061653,0.0157868,0.0198059,0.0359567,0.0360021,0.0681741,0.0674203,0.0964865,
66,2e-07,0.0001044,0.0013672,0.0018671,0.0022978,0.0012076,0.0030657,0.0061257,0.0129487,0.0116038,0.060326,0.0540813,0.038446,0.0484772,
67,2e-07,0.0001062,0.0010233,0.0019761,0.0038011,0.0056718,0.0058759,0.0056353,0.0146611,0.0185057,0.0236977,0.0285495,0.0189941,0.0325447,
68,2e-07,0.0013841,0.0001197,0.002162,0.0018811,0.0016467,0.0006474,0.0059344,0.0109864,0.0182259,0.0255836,0.0210832,0.0476585,0.0284838,
69,1e-07,0.0001085,0.0001177,0.0004805,0.0017876,0.0013157,0.0017829,0.0094943,0.0344701,0.0240669,0.0182828,0.0137782,0.0449835,0.0500831,
70,1e-07,0.0009173,0.000117,0.001677,0.0017917,0.0006803,0.001375,0.0102381,0.0189394,0.0332036,0.0254313,0.0560154,0.0350952,0.0432913,
71,1e-07,0.000111,0.0009203,0.0014497,0.002701,0.0023895,0.0045487,0.0058671,0.0386733,0.0560735,0.0348998,0.0703217,0.1011113,0.128578,
72,1e-07,0.0001131,0.0001154,0.0012845,0.0007713,0.0029672,0.0057679,0.0071536,0.020087,0.0346759,0.0077772,0.076114,0.1017971,0.1039587,
73,1e-07,0.0001123,0.0001177,0.0006255,0.0009546,0.0014022,0.0025112,0.0050982,0.0417821,0.0487896,0.0217044,0.0622802,0.0602938,0.0587826,
74,1e-07,0.0001106,0.0001194,0.0010064,0.0015068,0.0013916,0.0063257,0.0137947,0.0375983,0.046602,0.0619065,0.0650353,0.0629458,0.020737,
75,2e-07,0.0001097,0.0012942,0.000479,0.000952,0.0012245,0.0016479,0.010616,0.01594,0.0490706,0.0270617,0.0271762,0.0583463,0.010027,
76,2e-07,0.0001086,0.0010234,0.0006172,0.0011069,0.0009883,0.0018597,0.0088111,0.008575,0.043228,0.0220191,0.0198592,0.0437587,0.033429,
77,2e-07,0.0009197,0.0010238,0.0012726,0.0012629,0.0006847,0.0004692,0.0045388,0.0111189,0.0361344,0.0491286,0.0598841,0.0406761,0.0393697,
78,2e-07,0.0001065,0.0009114,0.0004864,0.0004973,0.0012343,0.0004724,0.0022944,0.0096858,0.0252374,0.0738995,0.0658251,0.06369,0.0581926,
79,2e-07,0.0009709,0.0018272,0.0017632,0.0009487,0.0009651,0.0013561,0.0021447,0.0322767,0.0762636,0.0501992,0.036401,0.0471763,0.0273417,
80,2e-07,0.0001021,0.0001256,0.0009841,0.0007788,0.0008495,0.0012407,0.0069222,0.015484,0.0405717,0.0548928,0.052547,0.0480004,0.0307332,
81,2e-07,0.0001002,0.0001259,0.0006079,0.0009533,0.0008492,0.0018211,0.0052153,0.021958,0.0083494,0.0606775,0.0477957,0.0522664,0.0556823,
82,2e-07,9.83e-05,0.0010237,0.0013082,0.0012734,0.0021254,0.0020797,0.0033526,0.0201372,0.0233099,0.0242967,0.045093,0.0850831,0.0386039,
83,2e-07,0.0009691,0.0009145,0.0005057,0.0004869,0.0008533,0.0008745,0.0028823,0.016187,0.023543,0.0286291,0.023208,0.0466835,0.0529365,
84,2e-07,9.58e-05,0.000123,0.0013028,0.0007657,0.0021853,0.0030103,0.0092105,0.009914,0.0256324,0.0297175,0.0301253,0.0673765,0.0298445,
85,2e-07,9.6e-05,0.0010219,0.0020838,0.0034276,0.0033971,0.0063663,0.0077759,0.0180939,0.0221853,0.0286613,0.0117093,0.0290481,0.0655409,
86,2e-07,9.84e-05,0.0010213,0.0018765,0.0013712,0.0029511,0.0040794,0.0027375,0.0205903,0.0308177,0.0464522,0.0077892,0.0239685,0.0674421,
87,2e-07,9.97e-05,0.0014245,0.0005008,0.0013693,0.0008549,0.0014343,0.0041049,0.0111022,0.0436953,0.0361356,0.0137263,0.04144,0.0611178,
88,2e-07,0.0009686,0.0001233,0.0013385,0.0009582,0.0009622,0.0012778,0.0043701,0.0183716,0.0423827,0.0156963,0.0450226,0.0224051,0.0470173,
89,2e-07,0.0001035,0.0010217,0.0006141,0.0004918,0.0009885,0.0018745,0.00493,0.0134392,0.0278677,0.0228468,0.0345882,0.036397,0.0299554,
90,2e-07,0.0001055,0.001417,0.0009972,0.0009538,0.0018098,0.001432,0.0091506,0.0164588,0.0172747,0.0245262,0.030408,0.031814,0.0495656,
91,2e-07,0.0001076,0.000915,0.0004846,0.0007743,0.0004722,0.0019344,0.0044245,0.0061688,0.0294747,0.031232,0.0087853,0.033341,0.0706302,
92,2e-07,0.0001097,0.0001248,0.0006218,0.0009498,0.0013082,0.0017849,0.0043253,0.0106897,0.0406637,0.0172488,0.0070664,0.0265432,0.0636267,
93,1e-07,0.0013491,0.0010193,0.001636,0.0009553,0.0004676,0.001862,0.0067789,0.0177781,0.0248473,0.0258824,0.056564,0.0301784,0.0476423,
94,1e-07,0.0001105,0.0001232,0.0009128,0.0007651,0.0006895,0.0018256,0.0033704,0.0073003,0.0134337,0.0327471,0.0739861,0.0300906,0.0524239,
95,1e-07,0.0001107,0.0001212,0.0006324,0.0005061,0.0006883,0.0013836,0.001784,0.009373,0.0280992,0.0422346,0.0631649,0.0521441,0.0425386,
96,1e-07,0.0001129,0.0001208,0.0004778,0.000763,0.000459,0.0009819,0.0036849,0.0213672,0.0282334,0.0426281,0.0530383,0.0653753,0.0854976,
97,1e-07,0.0001118,0.0001194,0.0012422,0.0007662,0.0014384,0.0011664,0.001832,0.0214598,0.0202157,0.0506637,0.0322704,0.0507353,0.0659045,
98,1e-07,0.0001098,0.0001206,0.000636,0.0011157,0.0004594,0.000639,0.002649,0.0078794,0.0216663,0.0352957,0.0454728,0.0554207,0.0349905,
99,1e-07,0.0001091,0.0009228,0.0004888,0.0014017,0.0006921,0.0013017,0.0007969,0.0122211,0.0248976,0.0280578,0.0377878,0.0250332,0.0345147,
100,1e-07,0.0009566,0.0001211,0.0013,0.0013803,0.000939,0.000482,0.0023903,0.0151898,0.0346852,0.0224273,0.0199292,0.0329493,0.0335084,
101,1e-07,0.0001058,0.0001208,0.000634,0.0013624,0.0004597,0.000871,0.0025626,0.0114344,0.0332531,0.026374,0.0275438,0.009084,0.032889,
102,1e-07,0.0001036,0.0009209,0.0006309,0.0013778,0.0006936,0.0004895,0.0009975,0.0086448,0.0466017,0.0381098,0.0537188,0.0539775,0.05034,
103,2e-07,0.0001016,0.0001208,0.0009932,0.0011213,0.0004641,0.000491,0.0010064,0.0163983,0.0430383,0.0766451,0.0662038,0.0511104,0.0846586,
104,2e-07,0.0013275,0.001295,0.0005083,0.0007406,0.0004626,0.0008659,0.0022201,0.0180347,0.0243075,0.03834,0.0307718,0.06879,0.0705963,
105,2e-07,9.75e-05,0.0001193,0.0005126,0.0004907,0.0004635,0.0004974,0.0067793,0.0160281,0.0120598,0.0412485,0.009775,0.0568482,0.0578326,
106,2e-07,9.7e-05,0.0001172,0.0008915,0.0007798,0.000691,0.001731,0.0027982,0.015306,0.0154962,0.0346781,0.0388309,0.0263771,0.0245814,
107,2e-07,0.0009623,0.000116,0.0005184,0.0004847,0.0010105,0.0008546,0.0018898,0.0049673,0.0282512,0.0178483,0.0284949,0.040622,0.0308453,
108,2e-07,9.42e-05,0.0001141,0.0005197,0.0014753,0.0009515,0.0016021,0.0059539,0.0098409,0.0415003,0.013855,0.0576051,0.0352891,0.0325708,
109,1e-07,9.52e-05,0.0001124,0.0008868,0.0011727,0.0008748,0.003897,0.0096234,0.0086981,0.0295168,0.0303783,0.0558905,0.0569299,0.0399412,
110,1e-07,9.74e-05,0.0001134,0.0008879,0.0007851,0.0013919,0.0023976,0.0011218,0.0126894,0.0261687,0.0312959,0.0364876,0.0365165,0.0254063,
111,1e-07,9.93e-05,0.0009217,0.0005096,0.0007292,0.0008777,0.0004915,0.0027763,0.0062172,0.012617,0.0203626,0.0331977,0.0369653,0.0534954,
112,1e-07,0.0001008,0.0001128,0.0008925,0.0007822,0.0010172,0.0013236,0.0010099,0.0073273,0.0136093,0.022285,0.0387439,0.023255,0.0430773,
113,1e-07,0.0001026,0.0001119,0.0010591,0.0013905,0.0012781,0.0021578,0.0015818,0.0069392,0.0129597,0.0162382,0.0298291,0.0427743,0.0365542,
114,1e-07,0.0001022,0.0013684,0.0010602,0.0004821,0.0012812,0.0025587,0.0022686,0.0133693,0.0205237,0.0503902,0.0171714,0.0285122,0.0364351,
115,1e-07,0.0009538,0.0009244,0.0010622,0.0007764,0.0008762,0.002372,0.0029408,0.0092833,0.050242,0.0335349,0.0248892,0.0386124,0.0348145,
116,1e-07,0.0001034,0.0001107,0.001493,0.0013607,0.0018002,0.0035319,0.0203465,0.0156624,0.0481259,0.0273533,0.0354499,0.0407158,0.0418696,
117,1e-07,0.0001043,0.0009941,0.0030962,0.0046303,0.0053923,0.0036103,0.0203293,0.0521077,0.0352682,0.0277177,0.0300752,0.0494982,0.027981,
118,1e-07,0.0001045,0.0013537,0.0028551,0.0031952,0.0044668,0.0081886,0.0213362,0.0301962,0.0253837,0.0322251,0.0279626,0.0307056,0.0433432,
119,1e-07,0.0013161,0.0001133,0.0018555,0.0012854,0.0065689,0.0117068,0.0262835,0.0297628,0.0350693,0.0266266,0.0225293,0.0331519,0.0442471,
120,1e-07,0.0009693,0.0009926,0.0019473,0.0028233,0.0038144,0.0051507,0.0141082,0.0227029,0.0214852,0.0447431,0.04265,0.03257,0.030455,
121,1e-07,0.0016745,0.0010189,0.0012787,0.0007694,0.0019814,0.0036495,0.0118393,0.0059953,0.0172639,0.0156024,0.0734503,0.0439308,0.0445693,
122,1e-07,0.0009182,0.001818,0.0012838,0.0014838,0.0034162,0.0062597,0.0116434,0.0521457,0.0466159,0.0358343,0.0504965,0.0305393,0.0521069,
123,1e-07,0.0001066,0.0001093,0.0009846,0.0019169,0.0026374,0.0053419,0.0034251,0.0592758,0.0425199,0.008286,0.0268363,0.0320428,0.0125117,
124,0.0,0.0001056,0.0013558,0.0004898,0.000479,0.0009652,0.0009665,0.005811,0.0166892,0.0065745,0.0414446,0.0398339,0.0570419,0.0133151,
125,0.0,0.000105,0.0001094,0.0017174,0.0011317,0.0014326,0.0009626,0.0032106,0.0050023,0.0258779,0.0212852,0.01179,0.0182123,0.0289706,
126,1e-07,0.0009212,0.0001087,0.0014941,0.0004807,0.0004465,0.0017087,0.0017792,0.0105968,0.0314163,0.0274758,0.0282533,0.0203453,0.0467507,
127,1e-07,0.0001015,0.0010144,0.0005022,0.0009594,0.0017956,0.0020227,0.0022041,0.004461,0.0105566,0.0309598,0.0236386,0.0168813,0.0324509,
128,1e-07,0.000924,0.0009247,0.0006282,0.0011679,0.0024357,0.0025169,0.0040659,0.0202521,0.0150215,0.0369457,0.0235152,0.0244248,0.0418403,
129,1e-07,9.74e-05,0.000111,0.0008912,0.0009613,0.0016266,0.0017249,0.005152,0.0243415,0.0208385,0.0290862,0.0297659,0.0231868,0.0330794,
130,1e-07,9.56e-05,0.0001124,0.0005142,0.0007364,0.0018209,0.0031244,0.0045481,0.0039987,0.0402205,0.034329,0.0408425,0.0315604,0.0258264,
131,2e-07,9.35e-05,0.0001113,0.0013195,0.0013791,0.0008728,0.0017814,0.0072282,0.0100027,0.0419102,0.020212,0.0595465,0.0518108,0.0419354,
132,2e-07,0.0009638,0.0009951,0.0010063,0.0004706,0.0013965,0.0036506,0.0128127,0.0221024,0.0209052,0.0169063,0.054532,0.0640994,0.0723184,
133,2e-07,9.08e-05,0.0009937,0.0019875,0.000974,0.001428,0.0006407,0.0091024,0.0223077,0.0167655,0.0323359,0.0287769,0.0226256,0.05696,
134,2e-07,9.26e-05,0.0001137,0.0012777,0.0016989,0.0030812,0.0020253,0.006504,0.0237596,0.0112758,0.0131663,0.0157605,0.0159551,0.0307632,
135,2e-07,9.38e-05,0.0001121,0.0012777,0.0013023,0.0033855,0.0038774,0.0086743,0.0362698,0.0446383,0.0206874,0.012739,0.0248028,0.0572122,
136,1e-07,9.58e-05,0.0009263,0.0017465,0.0020051,0.0047474,0.0031185,0.0083815,0.0080771,0.0174727,0.0406558,0.0075843,0.0304864,0.0599975,
137,1e-07,9.63e-05,0.0014174,0.0005097,0.000973,0.0020283,0.0026887,0.0088363,0.0216355,0.0223405,0.0491014,0.0358523,0.0528217,0.0537113,
138,1e-07,0.0014769,0.0017278,0.00303,0.0057531,0.0150485,0.0154286,0.0188761,0.0299799,0.0405064,0.0435669,0.0612261,0.0659834,0.0462624,
139,1e-07,0.0009245,0.0014616,0.0005008,0.0011648,0.0014241,0.0030676,0.0175511,0.0305584,0.0331581,0.0561882,0.0703674,0.0452733,0.0391071,
140,1e-07,0.0014955,0.0023774,0.0041431,0.0038216,0.0082266,0.0076823,0.0309419,0.0257463,0.0195557,0.0295887,0.0563849,0.048772,0.0210565,
141,1e-07,0.0014938,0.0101653,0.0124907,0.0118172,0.0161371,0.0179959,0.0447301,0.0554076,0.0441725,0.053448,0.0288301,0.0119052,0.0340652,
142,2e-07,0.0033611,0.0106053,0.0121979,0.0141249,0.0152904,0.0285245,0.0539591,0.0743475,0.0507473,0.0560064,0.0791544,0.0350577,0.084199,
143,2e-07,0.0013207,0.0033795,0.0099681,0.0087322,0.0101559,0.0147099,0.0862153,0.0560451,0.0401748,0.0533116,0.0689353,0.0244718,0.086087,
144,1e-07,0.0044807,0.0084714,0.0114624,0.015266,0.0087412,0.0051011,0.0249977,0.0574148,0.0966045,0.0499015,0.031566,0.0507282,0.0310057,
145,2e-07,0.0013226,0.0091165,0.0150448,0.0182097,0.0202641,0.0117722,0.0254866,0.033863,0.0367931,0.060114,0.0487562,0.0363682,0.042038,
146,2e-07,0.0010406,0.0044254,0.0106235,0.006915,0.0124839,0.0101156,0.0349657,0.0226795,0.0154377,0.0349136,0.0224048,0.0513257,0.0212324,
147,1e-07,0.0001019,0.0009214,0.0034505,0.007788,0.0141759,0.014878,0.0170327,0.0139426,0.0412951,0.0188162,0.0225519,0.0291975,0.030633,
148,1e-07,0.000102,0.0001148,0.0020689,0.0039599,0.005771,0.0089312,0.0051626,0.0277276,0.0215123,0.0087068,0.0401595,0.0204806,0.0079655,
149,1e-07,0.0001014,0.0001141,0.0009911,0.002543,0.0037125,0.0029144,0.0027616,0.0257148,0.0198129,0.0666668,0.0434272,0.0319758,0.0279055,
150,1e-07,0.0001025,0.0001151,0.0005012,0.0007397,0.0013334,0.0013831,0.0015731,0.0060685,0.0174902,0.0127727,0.0346771,0.0434939,0.0405761,
151,1e-07,0.0001035,0.0001151,0.0005015,0.0004964,0.0018353,0.0021105,0.002028,0.0049698,0.0166272,0.0298078,0.0363315,0.0485679,0.0383259,
152,1e-07,0.0009592,0.001362,0.0012904,0.000986,0.0012338,0.0011615,0.0008113,0.0050571,0.0166181,0.0320255,0.0521389,0.0411374,0.0195061,
153,1e-07,0.0001057,0.0009155,0.0013087,0.0007797,0.0013466,0.0016025,0.0036371,0.0097783,0.0439973,0.0436375,0.0581509,0.0482455,0.0471779,
154,0.0,0.0001082,0.0013585,0.0006465,0.0007257,0.0008813,0.0004848,0.0008487,0.0063255,0.0335132,0.0299506,0.0537431,0.0322198,0.0594019,
155,0.0,0.0001093,0.0001186,0.0006452,0.0007298,0.0009338,0.0011648,0.0060254,0.0092018,0.0424907,0.024433,0.0813358,0.0578004,0.0641913,
156,1e-07,0.0013227,0.0001192,0.0004961,0.0011151,0.001239,0.0013099,0.0022308,0.0025463,0.0228521,0.0185905,0.037008,0.060069,0.0346162,
157,1e-07,0.0009615,0.0009238,0.000895,0.0005037,0.0004553,0.0013424,0.0009903,0.0066879,0.0143982,0.0212858,0.0185971,0.036361,0.0287306,
158,1e-07,0.0001034,0.0001182,0.0009741,0.0007757,0.0004574,0.0004876,0.0028647,0.0074658,0.0078115,0.0394694,0.0319448,0.0475569,0.0544954,
159,1e-07,0.0009213,0.0001177,0.0010605,0.0004944,0.0006888,0.0011358,0.0008698,0.0051905,0.0017759,0.0447027,0.0523642,0.0418041,0.0630309,
160,1e-07,0.0001002,0.000117,0.0006259,0.0007423,0.0023202,0.0016726,0.004535,0.0080507,0.0044871,0.0375092,0.0750191,0.0544322,0.0324276,
161,2e-07,9.93e-05,0.0014195,0.0024485,0.0013824,0.0004608,0.0057676,0.0081742,0.0045519,0.0236893,0.052284,0.026695,0.0410797,0.0202151,
162,2e-07,9.95e-05,0.0017441,0.0031241,0.0078796,0.0097035,0.0076879,0.0177847,0.0313081,0.0156445,0.0321305,0.0333617,0.0407819,0.0220857,
163,2e-07,0.0010789,0.0041925,0.011555,0.0137427,0.0084079,0.0104142,0.0203288,0.0294256,0.0485859,0.0179805,0.0575307,0.0490062,0.013114,
164,2e-07,0.003245,0.0074145,0.0120512,0.0248239,0.0421397,0.0480845,0.0393334,0.0458953,0.0233199,0.0183489,0.0103616,0.0111283,0.0110671,
165,2e-07,0.0018236,0.0092679,0.0114833,0.0124349,0.0187376,0.0247795,0.0339147,0.0181864,0.013272,0.07795,0.058152,0.0243373,0.0578425,
166,2e-07,0.0054762,0.0146302,0.0140274,0.011136,0.0140401,0.0252335,0.0245047,0.0170426,0.0183869,0.0356445,0.0352808,0.0184204,0.0485926,
167,2e-07,9.28e-05,0.0036424,0.0087392,0.0155378,0.0234722,0.021602,0.0231897,0.0287785,0.0617588,0.0445687,0.0493413,0.028899,0.0692584,
168,2e-07,9.22e-05,0.0032055,0.0054876,0.0145567,0.0202675,0.0205429,0.0313099,0.0477665,0.0478931,0.0609083,0.0125964,0.0473821,0.0762295,
169,2e-07,0.0013906,0.0001074,0.0018989,0.0038844,0.0106891,0.015472,0.0399017,0.0462219,0.0257492,0.025088,0.0595548,0.0446824,0.027878,
170,2e-07,0.0014083,0.0023628,0.0039102,0.0070893,0.0119547,0.024332,0.053592,0.0283237,0.0202661,0.0479739,0.0604333,0.0296366,0.0541478,
171,2e-07,9.44e-05,0.0010772,0.0024477,0.0059389,0.0099765,0.0114292,0.0275372,0.0297678,0.0462935,0.0172821,0.0374059,0.0404739,0.0261786,
172,2e-07,9.55e-05,0.0010827,0.0068517,0.0102381,0.0092493,0.0072313,0.01526,0.0323072,0.0395992,0.0176685,0.0231193,0.0386039,0.0387505,
173,2e-07,0.0013902,0.0014663,0.0046992,0.0061436,0.0083019,0.0154643,0.0297549,0.0304095,0.040262,0.0063359,0.051586,0.0367495,0.0434337,
174,2e-07,0.0009672,0.0022054,0.0006134,0.005941,0.0069975,0.009266,0.0306893,0.0263576,0.0505322,0.0244097,0.036618,0.0157821,0.0822155,
175,2e-07,9.64e-05,0.0001178,0.0015795,0.0032264,0.0028371,0.0090059,0.0241318,0.0298416,0.0363878,0.0260767,0.0278498,0.0588593,0.0095322,
176,2e-07,9.77e-05,0.0001188,0.0010013,0.0021525,0.0020561,0.0045106,0.0201854,0.0291852,0.0243965,0.033797,0.0240327,0.0607112,0.0322412,
177,2e-07,9.97e-05,0.00012,0.0005045,0.0007703,0.0010811,0.0006327,0.0064147,0.0276174,0.0363318,0.0267298,0.0559134,0.072213,0.0342095,
178,2e-07,9.83e-05,0.0009172,0.0009023,0.0004898,0.0008588,0.0017238,0.0045055,0.0183646,0.0400462,0.0621994,0.0545668,0.0421148,0.0530378,
179,2e-07,9.7e-05,0.000121,0.0006128,0.0017806,0.0014275,0.002737,0.0080202,0.0455763,0.0537308,0.0722456,0.0569824,0.0510801,0.0594408,
180,2e-07,9.5e-05,0.0009216,0.0006114,0.0017081,0.0014287,0.0016122,0.005221,0.0383557,0.0386384,0.0505357,0.036827,0.0527149,0.0534719,
181,2e-07,9.4e-05,0.0001186,0.0009597,0.0004749,0.0019697,0.0039788,0.0154769,0.0224864,0.0354467,0.0179374,0.0409059,0.0512507,0.0447671,
182,2e-07,0.0013313,0.0019211,0.0006136,0.0019043,0.0025128,0.0049517,0.0075334,0.0245822,0.041203,0.0524061,0.0458436,0.0108731,0.0369536,
183,2e-07,9.13e-05,0.001631,0.000521,0.0031639,0.0026812,0.0045296,0.0164997,0.0172253,0.0285913,0.1426077,0.0684001,0.0371071,0.0236196,
184,2e-07,0.0009592,0.0009253,0.0026177,0.0025899,0.0014049,0.0026004,0.0319198,0.0293903,0.1134463,0.1313088,0.1237462,0.0743537,0.0623133,
185,2e-07,0.0009316,0.0032119,0.0016502,0.001608,0.0052214,0.0083666,0.0147488,0.0085508,0.0447055,0.0528408,0.0768185,0.0666779,0.0962934,
186,2e-07,9.16e-05,0.0010228,0.0020882,0.0017254,0.0071618,0.0084917,0.0214564,0.0497384,0.0250481,0.0433379,0.044659,0.0939305,0.1345807,
187,2e-07,0.0021582,0.0021677,0.0012645,0.0052122,0.0073503,0.0115291,0.0249121,0.035193,0.0325588,0.0505859,0.0365553,0.0847733,0.1289578,
188,2e-07,0.0022878,0.0075328,0.0119492,0.0143031,0.0208252,0.0201515,0.0310089,0.0394843,0.0505326,0.069703,0.0389795,0.087767,0.1132172,
189,2e-07,0.0031701,0.0076765,0.0106253,0.0170676,0.0220284,0.0225812,0.0287436,0.0499375,0.0351563,0.0457971,0.0430274,0.039255,0.1050018,
190,5e-07,0.0025308,0.003775,0.0063098,0.0121806,0.0154903,0.0233275,0.0108337,0.0175876,0.0647151,0.10509,0.088632,0.0587862,0.125975,
191,5e-07,0.0036094,0.0052133,0.0056594,0.014118,0.0154198,0.0227382,0.071053,0.0681912,0.0771712,0.0545489,0.0779226,0.0700199,0.1152582,
192,2e-07,0.0010496,0.0030116,0.0037813,0.0120457,0.0153421,0.0164246,0.0181136,0.0623268,0.100714,0.0629347,0.0619455,0.0766092,0.1181037,
193,2e-07,0.0014084,0.0013538,0.0041596,0.007504,0.0013126,0.0057315,0.0207966,0.0467853,0.0912451,0.0783059,0.0341671,0.0311126,0.0912308,
194,2e-07,8.93e-05,0.0001118,0.0016092,0.0017454,0.0043326,0.0058371,0.0157195,0.0185665,0.0529108,0.0284341,0.0186697,0.0259863,0.0342678,
195,2e-07,8.8e-05,0.002361,0.0020985,0.0036775,0.0004634,0.0046367,0.0171566,0.0218701,0.0190441,0.0435111,0.0289595,0.0408575,0.0422383,
196,2e-07,8.79e-05,0.0010188,0.0009439,0.0023266,0.0034098,0.0045303,0.016421,0.0176285,0.0214049,0.0628481,0.0578473,0.0721813,0.0568637,
197,2e-07,0.0009642,0.0013718,0.0015755,0.0023819,0.0028043,0.0045318,0.0121091,0.0381114,0.0338106,0.0791651,0.0899169,0.0909715,0.076697,
198,2e-07,9.03e-05,0.0001096,0.0005275,0.0013804,0.0013171,0.0014486,0.011926,0.0506689,0.0278644,0.0472782,0.0542311,0.0638103,0.0806499,
199,1e-07,0.0013339,0.0001086,0.0005249,0.0007233,0.0013203,0.0018611,0.0198548,0.0182859,0.0232854,0.0332325,0.0447878,0.0771909,0.0661333,
200,1e-07,0.0009281,0.0001101,0.0015865,0.0007209,0.0013185,0.0016996,0.0173861,0.0106857,0.0333962,0.0141238,0.0490589,0.0570681,0.0683981,
201,1e-07,9.41e-05,0.0009224,0.0008783,0.0007147,0.0013203,0.0009262,0.0041201,0.0120061,0.0149494,0.0202969,0.0438213,0.0555245,0.0522775,
202,1e-07,0.000958,0.0001106,0.0005226,0.0011316,0.00094,0.0008411,0.0025464,0.010369,0.0151956,0.0291132,0.0278904,0.0696875,0.0917752,
203,1e-07,9.7e-05,0.0001096,0.0006351,0.0007164,0.0010797,0.0020614,0.0014296,0.0112516,0.0176567,0.0346149,0.0222743,0.0432199,0.0785512,
204,1e-07,9.65e-05,0.0001074,0.0016244,0.0009544,0.0009448,0.0012743,0.0017883,0.0071396,0.0154504,0.0227016,0.0378409,0.0421554,0.0433695,
205,0.0,9.75e-05,0.0001082,0.000521,0.0013563,0.0006904,0.0017396,0.0009804,0.0062492,0.0172799,0.0180573,0.0163957,0.0343284,0.0286945,
206,0.0,9.95e-05,0.0009206,0.0006417,0.0011298,0.0013247,0.0004988,0.0018298,0.0086344,0.019801,0.0261548,0.0357041,0.0431305,0.0306454,
207,0.0,9.96e-05,0.0001069,0.0012147,0.0007967,0.0010809,0.001648,0.0017886,0.0103116,0.0162732,0.0191973,0.0260084,0.0512934,0.0386901,
208,0.0,9.94e-05,0.000106,0.0009822,0.001355,0.000437,0.0008312,0.0010082,0.0029961,0.0125742,0.0162037,0.0276332,0.051143,0.0245951,
209,0.0,0.0001013,0.0013572,0.0006481,0.0004948,0.0014541,0.0008353,0.0021948,0.0022551,0.0184696,0.0338276,0.0368955,0.0137535,0.0311972,
210,1e-07,0.0001026,0.0009212,0.0009632,0.0007978,0.0020937,0.0013426,0.0020047,0.0085924,0.0167203,0.03762,0.0170846,0.0270668,0.0415598,
211,1e-07,0.0013236,0.0014713,0.001272,0.0009469,0.0012534,0.0004919,0.0025008,0.0092023,0.0140086,0.0405015,0.0265313,0.0348645,0.0275821,
212,1e-07,0.0001027,0.001004,0.0009607,0.0008035,0.0017781,0.0009349,0.0008579,0.0048401,0.0124269,0.034911,0.0366329,0.029874,0.0500917,
213,1e-07,0.0001049,0.0010064,0.0005084,0.0013637,0.0004304,0.0011479,0.002969,0.0124918,0.0087434,0.0288911,0.0306831,0.0245428,0.0186586,
214,1e-07,0.0001049,0.0001036,0.0008763,0.0004934,0.0013314,0.000662,0.0027751,0.0049703,0.0382047,0.0214035,0.0306756,0.0684801,0.0428736,
215,1e-07,0.0009546,0.0001016,0.0012725,0.0017873,0.0022498,0.0016275,0.0052347,0.0110636,0.0425581,0.0285231,0.0546509,0.0869028,0.0603117,
216,1e-07,0.0001019,0.0010029,0.0005122,0.0009483,0.0006854,0.0008225,0.0073667,0.0373617,0.02747,0.0224346,0.0592661,0.0329185,0.0338298,
217,1e-07,0.000101,0.0001019,0.0012011,0.0008075,0.0004284,0.0008223,0.0015831,0.020348,0.0215325,0.0201062,0.0137959,0.0354357,0.0466732,
218,1e-07,9.95e-05,0.001361,0.0006511,0.0004844,0.0016868,0.0014335,0.0031085,0.0281036,0.0287106,0.0444913,0.0088949,0.0378693,0.0419594,
219,1e-07,9.76e-05,0.0001014,0.0009823,0.001311,0.0013307,0.0006594,0.0019254,0.020879,0.0292067,0.0543929,0.0321089,0.0158706,0.064532,
220,1e-07,9.85e-05,0.001004,0.0008663,0.0011952,0.0013363,0.002228,0.0019262,0.0135749,0.0301067,0.0527409,0.0351151,0.0304587,0.0576191,
221,1e-07,9.65e-05,0.000103,0.0006492,0.001192,0.0004318,0.0013141,0.0051033,0.0077088,0.0492411,0.0905555,0.0936705,0.0289559,0.0324589,
222,1e-07,9.69e-05,0.0001034,0.0005326,0.0004917,0.0006931,0.0017207,0.0008737,0.0128491,0.0304332,0.0446539,0.0417205,0.0427101,0.0592617,
223,0.0,9.46e-05,0.0001042,0.0009339,0.0004883,0.0017862,0.0009101,0.0054076,0.0239106,0.0075226,0.0305528,0.0113486,0.0346424,0.0513282,
224,0.0,9.4e-05,0.0009197,0.0005396,0.0010279,0.0006949,0.0006411,0.0034476,0.0194057,0.0096334,0.0442461,0.0240031,0.0489497,0.0373228,
225,0.0,0.0009756,0.001072,0.0013547,0.0006925,0.0017928,0.0008313,0.0018554,0.0125602,0.0537002,0.0409442,0.018638,0.0184555,0.0281025,
226,1e-07,9.24e-05,0.0001099,0.0006409,0.0004906,0.0006962,0.0008361,0.0010264,0.0091586,0.0300945,0.0133197,0.02841,0.0474815,0.0347796,
227,1e-07,9.16e-05,0.0001108,0.0013937,0.0013033,0.0013481,0.0006317,0.0022372,0.0075417,0.0121532,0.0126655,0.0195126,0.0353565,0.0444347,
228,1e-07,8.93e-05,0.0010105,0.0006331,0.0004838,0.0012386,0.0011597,0.0017919,0.0120039,0.0236986,0.0462863,0.0378298,0.0293824,0.0545316,
229,1e-07,0.000975,0.0001082,0.0009264,0.001208,0.0004453,0.0021743,0.004936,0.0079716,0.0317742,0.0336119,0.0278359,0.0243671,0.0393418,
230,1e-07,9.07e-05,0.0009217,0.0005377,0.0004798,0.0004453,0.002174,0.0047064,0.0044556,0.021001,0.0455945,0.0242353,0.0272777,0.0252368,
231,1e-07,8.91e-05,0.0001095,0.0009299,0.0007083,0.0012761,0.0017098,0.0034166,0.0064889,0.0347956,0.0508073,0.0356566,0.0301962,0.024272,
232,1e-07,8.72e-05,0.0009996,0.000628,0.0008051,0.0004484,0.0014633,0.0039495,0.016363,0.0260445,0.0460199,0.0489369,0.0138157,0.031756,
233,1e-07,8.79e-05,0.0014636,0.0009295,0.0004699,0.0017098,0.0011043,0.0041218,0.0179726,0.0261792,0.0252351,0.0406242,0.0271651,0.0267893,
234,1e-07,8.92e-05,0.0001075,0.0023708,0.0011424,0.0006881,0.0020377,0.0057386,0.0112257,0.0449572,0.0407225,0.0579878,0.057743,0.0488656,
235,2e-07,0.00096,0.0001087,0.0008778,0.0017686,0.0016141,0.0021399,0.0103605,0.0308471,0.0303145,0.0338362,0.0636532,0.0755389,0.06634,
236,2e-07,8.61e-05,0.0013715,0.0010102,0.0007166,0.0022524,0.0012785,0.010291,0.0283396,0.0125399,0.0267918,0.0375017,0.0333129,0.0437379,
237,1e-07,0.0009685,0.0019938,0.0010565,0.0004619,0.0021534,0.001906,0.0083044,0.0138752,0.0329422,0.020614,0.0359563,0.0424809,0.052965,
238,2e-07,8.84e-05,0.0016402,0.0006207,0.0010028,0.0010849,0.0020159,0.0148991,0.0351248,0.0164376,0.0167588,0.0359649,0.0626158,0.0782816,
239,1e-07,9.03e-05,0.0001083,0.0006256,0.0010043,0.0013196,0.0011623,0.0228913,0.0167281,0.0196854,0.018632,0.0345717,0.0425729,0.0289159,
240,1e-07,0.0009304,0.0001106,0.0010558,0.0004756,0.0010195,0.0006375,0.0194577,0.0207234,0.034507,0.0440018,0.0424601,0.0405782,0.0576867,
241,1e-07,0.0009702,0.0009215,0.0006282,0.0010066,0.0010769,0.0009168,0.0056304,0.0303769,0.0324241,0.0275762,0.0543643,0.0323127,0.0607521,
242,1e-07,0.0013308,0.000112,0.0005336,0.0012977,0.0006938,0.0013989,0.0068657,0.0160114,0.0272595,0.0592126,0.0585247,0.0847499,0.0590179,
243,1e-07,9.23e-05,0.0001141,0.0009982,0.0010076,0.0015174,0.0017541,0.0046304,0.0122732,0.032265,0.0540419,0.0517153,0.0778994,0.0704203,
244,1e-07,9.43e-05,0.0001153,0.0005339,0.0011257,0.0015777,0.0010948,0.0018967,0.0145178,0.0380626,0.0240012,0.0189342,0.0550745,0.0466838,
245,1e-07,9.49e-05,0.0001161,0.0005299,0.0007107,0.0011943,0.002447,0.0065656,0.0081647,0.0217536,0.0294142,0.0377899,0.0612746,0.075298,
246,1e-07,9.53e-05,0.0016434,0.0008739,0.0004943,0.0010268,0.0005125,0.0040875,0.014547,0.0483052,0.0515621,0.057495,0.0530986,0.085195,
247,1e-07,9.67e-05,0.0001131,0.0005273,0.0004979,0.0010324,0.0011507,0.0040942,0.0072998,0.0458282,0.0431682,0.0485857,0.0595593,0.0760825,
248,1e-07,9.81e-05,0.0013675,0.0005258,0.0005041,0.0013115,0.0008515,0.0034619,0.0057627,0.0242785,0.0243662,0.020029,0.0465116,0.0782283,
249,1e-07,9.89e-05,0.0001145,0.0012099,0.0007091,0.001071,0.0013445,0.0015691,0.0115131,0.0101412,0.0256775,0.026573,0.0387773,0.0555453,
250,0.0,9.95e-05,0.0009314,0.0006444,0.0017606,0.0016648,0.0009295,0.0015709,0.0069922,0.0145786,0.0531078,0.0334888,0.0242167,0.0239944,
251,0.0,0.0009221,0.0001135,0.0006484,0.0013707,0.0006986,0.0006328,0.0024097,0.0051531,0.0131517,0.0660326,0.0348605,0.0411255,0.0272554,
252,0.0,0.0001031,0.0001134,0.0008707,0.0011187,0.0010695,0.0009333,0.0034426,0.0170423,0.0351525,0.0283721,0.0422522,0.0199943,0.0392561,
253,0.0,0.0009533,0.0001111,0.0006503,0.0005049,0.0012091,0.0008443,0.0020464,0.0078544,0.0048954,0.0060347,0.0383433,0.0285832,0.0215915,
254,0.0,0.0013975,0.0001106,0.0005193,0.001015,0.0004385,0.0014488,0.0067985,0.004288,0.0243897,0.0384944,0.0356473,0.0382224,0.0323221,
255,1e-07,0.0001037,0.0009147,0.0006563,0.0009269,0.0013231,0.000637,0.0051257,0.0191465,0.0471444,0.0405029,0.0306293,0.0459956,0.0672209,
256,1e-07,0.0013541,0.0013553,0.0009692,0.0005117,0.0004352,0.0011538,0.0031682,0.0288852,0.0363002,0.0408386,0.032647,0.0606575,0.0742036,
257,1e-07,0.0001042,0.0010062,0.0012633,0.0005068,0.0017879,0.0004994,0.0041217,0.032398,0.0209807,0.0266058,0.0469332,0.0525481,0.0417313,
258,1e-07,0.0001038,0.0010074,0.0008633,0.0005092,0.0017964,0.0014026,0.0044322,0.0178052,0.0397861,0.0450413,0.0511696,0.0274006,0.0607799,
259,1e-07,0.0001013,0.0010061,0.0008644,0.0019064,0.0013482,0.0011502,0.002055,0.0099275,0.0463686,0.0257446,0.0316045,0.0273697,0.0183025,
260,0.0,9.95e-05,0.0009354,0.0008638,0.0011251,0.0020298,0.0009215,0.0020141,0.0107077,0.0199797,0.0333754,0.0660385,0.0365539,0.0659096,
261,0.0,9.81e-05,0.0010048,0.0009448,0.000939,0.0013485,0.001385,0.00085,0.0078603,0.0147125,0.0270142,0.0498553,0.0270431,0.0502809,
262,0.0,9.62e-05,0.0013589,0.0022802,0.000495,0.0015039,0.000515,0.0023366,0.0057338,0.0268166,0.0149024,0.0209732,0.0403146,0.0409593,
263,0.0,9.72e-05,0.0010046,0.0016819,0.0010222,0.0013456,0.001278,0.0060907,0.0138734,0.0190721,0.0313104,0.0312402,0.0297381,0.0518296,
264,0.0,9.74e-05,0.0010083,0.0016164,0.0014421,0.0025586,0.0010933,0.001937,0.0100645,0.0156035,0.0281302,0.0398111,0.0355058,0.0426265,
265,0.0,9.51e-05,0.0001076,0.0009895,0.0012007,0.0006918,0.0005112,0.0019343,0.0051631,0.0079692,0.0252001,0.0242399,0.0471947,0.0421695,
266,0.0,9.46e-05,0.0001059,0.0008665,0.0004858,0.0020204,0.0017629,0.0023276,0.007066,0.0103229,0.0160732,0.037531,0.0432386,0.0351383,
267,0.0,9.59e-05,0.0001046,0.0005276,0.0014084,0.0004358,0.00186,0.0024036,0.0102481,0.0131046,0.049445,0.0377672,0.0200413,0.0242302,
268,0.0,9.48e-05,0.000105,0.0008721,0.0013012,0.0004387,0.000507,0.0014886,0.0135793,0.0224771,0.0078042,0.0488764,0.0195133,0.0341498,
269,1e-07,0.0013301,0.0001048,0.0019218,0.0007021,0.0004398,0.0010994,0.0024413,0.0199166,0.0419829,0.0325341,0.0318302,0.0140773,0.0203402,
270,0.0,9.25e-05,0.0016525,0.0009939,0.000473,0.0006855,0.0011003,0.0028801,0.0159086,0.0175667,0.0362619,0.025399,0.0284281,0.0214284,
271,0.0,9.35e-05,0.0010787,0.0005272,0.0004711,0.0012602,0.0018558,0.0016876,0.0219385,0.0316298,0.0544619,0.0549344,0.014933,0.0178686,
272,1e-07,9.17e-05,0.0014227,0.0013385,0.0014576,0.0015209,0.0018582,0.0024354,0.0092649,0.0273954,0.0394652,0.0258894,0.0175812,0.0421039,
273,1e-07,8.99e-05,0.0010774,0.0010002,0.0009678,0.0004409,0.0005097,0.0031499,0.0136894,0.0249823,0.0314855,0.0394538,0.0410791,0.0673035,
274,1e-07,9.07e-05,0.0013696,0.0014713,0.0010174,0.0004374,0.0006602,0.0060825,0.0119185,0.0169653,0.0452017,0.0520095,0.0431064,0.0488697,
275,0.0,9.27e-05,0.0017344,0.0009945,0.0009679,0.002501,0.0016686,0.0055265,0.010688,0.0278952,0.0470025,0.0416234,0.0364031,0.0244171,
276,0.0,9.48e-05,0.001465,0.0009896,0.0004673,0.0023235,0.0013437,0.0034227,0.0094871,0.0543391,0.0514468,0.0319807,0.0411583,0.0285473,
277,0.0,9.39e-05,9.69e-05,0.0019548,0.00081,0.0004308,0.0012674,0.0054368,0.0440997,0.0427184,0.0151223,0.0442728,0.0328865,0.0647865,
278,1e-07,9.57e-05,9.55e-05,0.0005184,0.0017629,0.0012032,0.0010923,0.0042864,0.0227409,0.0401967,0.0674336,0.0784792,0.0586263,0.1482675,
279,1e-07,0.0009248,0.0010001,0.0012116,0.0004695,0.0016814,0.0006724,0.0086606,0.0119904,0.0165587,0.0328213,0.0418979,0.0645112,0.0487866,
280,1e-07,0.0009652,0.0014236,0.0008785,0.0010149,0.0004299,0.0013464,0.0028223,0.0269993,0.0377307,0.0096175,0.0384272,0.0524053,0.0470733,
281,1e-07,9.95e-05,0.0001011,0.0010556,0.0013586,0.001213,0.001417,0.0035455,0.0155888,0.0207456,0.0131563,0.0393821,0.0454441,0.0384816,
282,1e-07,0.0001014,0.000102,0.0006451,0.0007094,0.0006822,0.0012674,0.003686,0.0134066,0.0180836,0.0271629,0.0304616,0.0688803,0.0688916,
283,1e-07,0.0001012,0.0001002,0.001218,0.0011402,0.0004313,0.0008202,0.0052106,0.0274421,0.0524462,0.0397996,0.0221499,0.0671384,0.0565387,
284,0.0,9.88e-05,0.000935,0.0009849,0.0004705,0.0025282,0.0006682,0.00412,0.0273206,0.0251413,0.0254484,0.0256449,0.0378403,0.0515582,
285,0.0,9.67e-05,0.0014635,0.0010566,0.0013875,0.0006783,0.0012669,0.0015171,0.0247177,0.0327586,0.0384363,0.0128038,0.0591321,0.093889,
286,0.0,9.57e-05,0.0001018,0.0015717,0.0013107,0.0023688,0.0025367,0.0096825,0.0188858,0.0550477,0.0449454,0.0355189,0.0571677,0.1076358,
287,0.0,0.0013918,0.000104,0.0005185,0.0016991,0.0015317,0.0012249,0.0027942,0.0177948,0.0448939,0.0234635,0.0710061,0.0571201,0.0863511,
288,1e-07,9.68e-05,0.0001056,0.0012449,0.0011392,0.0017011,0.0013403,0.0179192,0.0354483,0.0233929,0.0160509,0.0539246,0.0376734,0.0762299,
289,1e-07,9.61e-05,0.0013561,0.001324,0.0011374,0.0020163,0.0016488,0.0106126,0.0298386,0.0124731,0.0336385,0.0464264,0.0296629,0.0626166,
290,1e-07,9.77e-05,0.000929,0.000513,0.002013,0.0016238,0.0017499,0.0053981,0.0053523,0.0133139,0.0265538,0.0121353,0.0160712,0.0538993,
291,1e-07,9.94e-05,0.0001095,0.0006357,0.0007214,0.0018335,0.0025216,0.0015427,0.0057058,0.012735,0.0196217,0.0237891,0.0232644,0.0516839,
292,1e-07,9.92e-05,0.0001115,0.0006364,0.0011748,0.0008818,0.0011549,0.0021973,0.0021153,0.0121533,0.0282172,0.0364648,0.048746,0.0621585,
293,0.0,0.0001004,0.0001118,0.0005142,0.0007145,0.0017832,0.0004982,0.0016877,0.0060891,0.0150743,0.0189992,0.0409071,0.062516,0.0608416,
294,0.0,0.0001016,0.0001134,0.0006408,0.0009978,0.0009363,0.0008509,0.0016874,0.0079747,0.0150353,0.0234264,0.056435,0.0492333,0.0595275,
295,0.0,0.0001024,0.0001119,0.001601,0.0004956,0.0010782,0.0014375,0.0014478,0.0056725,0.0117253,0.0172537,0.0571179,0.043702,0.0462649,
296,0.0,0.000103,0.0001099,0.0013184,0.0004959,0.0004419,0.0010723,0.0016912,0.0054938,0.0112878,0.0207714,0.0320966,0.050058,0.049168,
297,0.0,0.0001046,0.0001113,0.0010559,0.0011217,0.0012311,0.0008472,0.0007963,0.006104,0.0084032,0.004553,0.0356442,0.0426257,0.0611271,
298,0.0,0.0001062,0.0001109,0.0013751,0.0007164,0.0006897,0.0006492,0.0009856,0.0046505,0.0139155,0.0388709,0.032561,0.0417797,0.0668341,
299,1e-07,0.0001063,0.0001087,0.0009742,0.0007124,0.0009389,0.0004838,0.0009542,0.0035022,0.0081986,0.0284856,0.0428145,0.0314867,0.0372005,
300,1e-07,0.0001057,0.0001089,0.0008779,0.0012805,0.000691,0.0011547,0.0021475,0.0017178,0.0036132,0.0260805,0.0621425,0.0286013,0.0616429,
301,1e-07,0.0009167,0.0001108,0.0008774,0.0005086,0.0013276,0.000647,0.0025454,0.0068995,0.0174598,0.0252848,0.0475083,0.0562541,0.0722209,
302,1e-07,0.0001088,0.0001107,0.000655,0.00079,0.0006917,0.0004832,0.0021747,0.0035389,0.0328525,0.091809,0.0362197,0.1073311,0.068036,
303,1e-07,0.0001084,0.0009166,0.0008824,0.0007144,0.0006936,0.0004847,0.0015646,0.00524,0.0104066,0.0447927,0.0596705,0.0340163,0.0391381,
304,1e-07,0.0001098,0.0001135,0.0006517,0.0011583,0.0006928,0.0013442,0.00148,0.002932,0.0158805,0.0128937,0.057369,0.0252316,0.0381588,
305,0.0,0.0001098,0.0001152,0.0006487,0.0009344,0.0013854,0.0004793,0.0006495,0.0050039,0.0140823,0.0273827,0.0487018,0.0082634,0.0329723,
306,0.0,0.0001115,0.0001165,0.000489,0.0007776,0.0004473,0.0004773,0.0015593,0.0054969,0.0340904,0.0111823,0.0360269,0.047509,0.046199,
307,1e-07,0.003704,0.0037368,0.0053731,0.0045111,0.0051323,0.0082785,0.0220027,0.0276936,0.0331613,0.0254049,0.0562145,0.0129025,0.0368652,
308,1e-07,0.0019247,0.0016392,0.0040826,0.0026773,0.0049597,0.005763,0.0160078,0.0386221,0.0460346,0.0314988,0.0701644,0.0198745,0.0659336,
309,1e-07,9.95e-05,0.0013104,0.0013002,0.0017467,0.0018999,0.0029526,0.0093627,0.017879,0.0081009,0.0452205,0.0812911,0.0347732,0.0269451,
310,1e-07,0.000101,0.0001054,0.0004998,0.0023975,0.0025229,0.0008342,0.0107149,0.0281488,0.0183353,0.0358094,0.0524804,0.0370065,0.0282723,
311,0.0,0.0001031,0.0013093,0.0013587,0.0023978,0.0028054,0.0013376,0.0043093,0.0294051,0.0239137,0.0391874,0.0611662,0.0515602,0.0818233,
312,0.0,0.0001044,0.0001061,0.0010612,0.0007831,0.000965,0.0013201,0.0030043,0.0126629,0.0256191,0.0349422,0.0396113,0.0652245,0.0931797,
313,0.0,0.0001066,0.0001065,0.0006372,0.0007826,0.0017885,0.0016891,0.0028059,0.0055819,0.0089261,0.0376521,0.0475461,0.031586,0.0166773,
314,0.0,0.0001082,0.0001075,0.0009924,0.0007796,0.0010244,0.0008423,0.0025502,0.0052726,0.0223097,0.0425641,0.0209277,0.0317127,0.0213237,
315,0.0,0.0001083,0.0001099,0.0009784,0.000741,0.0006803,0.0008477,0.001815,0.0052169,0.0245611,0.0215231,0.0077466,0.018634,0.0456812,
316,0.0,0.0009147,0.0009227,0.0008995,0.0007783,0.0004431,0.0009702,0.0009829,0.0071422,0.0173136,0.0283731,0.0109461,0.0454362,0.0294281,
317,0.0,0.0001113,0.0001121,0.0004819,0.000949,0.0006833,0.0011582,0.0021899,0.0110444,0.0073428,0.027835,0.0297255,0.0226622,0.0294266,
318,1e-07,0.0009632,0.0009992,0.0018285,0.001269,0.0004435,0.0011571,0.0015517,0.0064116,0.01559,0.0264683,0.0269506,0.0478474,0.0336983,
319,1e-07,0.0014134,0.00011,0.0009657,0.0005014,0.0004402,0.001156,0.0015678,0.0048448,0.01714,0.0378836,0.0274504,0.0326756,0.0245702,
320,1e-07,0.0001132,0.0009198,0.0016172,0.0011486,0.0006864,0.0006578,0.0008402,0.0039805,0.0098282,0.0164853,0.0365347,0.0271059,0.0273504,
321,1e-07,0.0009111,0.0001132,0.001283,0.0007355,0.0010294,0.0012505,0.0014881,0.0046245,0.0147649,0.0466261,0.0419594,0.044769,0.0303756,
322,1e-07,0.0001165,0.0010111,0.0008989,0.0009837,0.0006853,0.0006607,0.0015602,0.003948,0.010749,0.0247347,0.0293398,0.0324318,0.0395724,
323,1e-07,0.0001157,0.0001113,0.0010606,0.0007794,0.0004374,0.0004631,0.001988,0.0030796,0.0207041,0.0154237,0.025697,0.0279918,0.0336854,
324,1e-07,0.0013146,0.0001122,0.000477,0.0005187,0.001598,0.0004637,0.0019995,0.0026926,0.0216068,0.0163228,0.010286,0.0245669,0.024767,
325,1e-07,0.0001179,0.0001125,0.0012962,0.0011085,0.0006925,0.0004658,0.0008167,0.0099972,0.0188795,0.0161212,0.029003,0.027496,0.0402083,
326,2e-07,0.0009063,0.0001115,0.0004753,0.0007133,0.0010762,0.0004623,0.0025325,0.0021513,0.0129507,0.0207422,0.0318387,0.0109007,0.035702,
327,2e-07,0.000959,0.0001119,0.0009444,0.0010007,0.0004288,0.0009752,0.0022995,0.0083114,0.0288992,0.0315118,0.0545304,0.0126022,0.0387267,
328,2e-07,0.0001229,0.000111,0.0009396,0.0007029,0.0010606,0.0006597,0.0008421,0.007999,0.0221995,0.048991,0.0491185,0.0181769,0.0657964,
329,2e-07,0.0001231,0.0001123,0.0004773,0.0014472,0.0004258,0.0011427,0.0036901,0.0111732,0.036153,0.0300412,0.0449777,0.0279925,0.0686789,
330,2e-07,0.0001208,0.0001125,0.0014155,0.0010086,0.0010699,0.0013476,0.0066982,0.0129231,0.023377,0.0621887,0.0208761,0.0389279,0.0581118,
331,2e-07,0.0001202,0.0001104,0.0009434,0.0007913,0.0010612,0.0006581,0.0023559,0.0114282,0.0191013,0.0448967,0.0192954,0.0422727,0.0602176,
332,2e-07,0.000119,0.0010036,0.0009475,0.0007887,0.0009249,0.0006573,0.0008095,0.0049854,0.0092714,0.0419983,0.0414132,0.0237762,0.0633303,
333,2e-07,0.0001176,0.0001097,0.0008844,0.0007098,0.0012475,0.0013498,0.0008276,0.0052898,0.0077296,0.0329891,0.0345366,0.0291752,0.0578067,
334,2e-07,0.0001168,0.0001098,0.0009993,0.0005165,0.0013617,0.0004653,0.0008247,0.004503,0.0119556,0.0192905,0.0240269,0.0099003,0.0290313,
335,2e-07,0.0001182,0.0013583,0.0008916,0.0007198,0.001226,0.0008503,0.000823,0.0037357,0.0067965,0.034867,0.0522918,0.0456527,0.0220977,
336,1e-07,0.0001179,0.0001092,0.0004731,0.0007805,0.0006859,0.0006659,0.0008196,0.002345,0.0087244,0.0216809,0.0209457,0.0517391,0.0339489,
337,1e-07,0.0009591,0.0001106,0.0012232,0.0005146,0.0008944,0.0009836,0.0017655,0.0044192,0.0110071,0.0227579,0.0285288,0.0510591,0.0169502,
338,1e-07,0.0001199,0.0001099,0.0012728,0.000982,0.000684,0.0011449,0.0025377,0.009999,0.0179228,0.0203143,0.0500057,0.0236471,0.0399965,
339,1e-07,0.0009493,0.0001111,0.0017068,0.0005144,0.0010364,0.0004471,0.0043689,0.0271831,0.0320031,0.0284616,0.0518109,0.0458042,0.0225758,
340,2e-07,0.0001234,0.0010095,0.0012691,0.0005208,0.0006862,0.0008602,0.0020128,0.0207503,0.0240749,0.0384868,0.0354662,0.0378612,0.0250653,
341,2e-07,0.0014145,0.0001097,0.0006658,0.0007288,0.001084,0.0006711,0.003208,0.0084575,0.0270219,0.0398734,0.02209,0.0245931,0.0171067,
342,2e-07,0.0001214,0.0001095,0.0006658,0.0005186,0.0010459,0.0004524,0.0029007,0.004378,0.0071381,0.0166355,0.0037906,0.0164901,0.0172164,
343,2e-07,0.0009538,0.0013602,0.000666,0.0009924,0.0009429,0.0011508,0.0015624,0.0067334,0.0084742,0.0177429,0.0088179,0.0412247,0.0419859,
344,2e-07,0.0001199,0.0001073,0.0004725,0.0005161,0.0013432,0.0008466,0.0021645,0.0051329,0.0142457,0.019058,0.0277263,0.0523107,0.0606756,
345,2e-07,0.0001194,0.0001056,0.001209,0.0013812,0.000686,0.0004572,0.0008302,0.003255,0.0219298,0.0090338,0.0191286,0.0419508,0.0471575,
346,2e-07,0.0001216,0.0001051,0.0004718,0.0005195,0.0006879,0.0019546,0.0008365,0.0035982,0.015338,0.0158254,0.0157772,0.031356,0.0357997,
347,2e-07,0.0001206,0.0001053,0.0010049,0.0007931,0.0010632,0.0008407,0.0008397,0.0026994,0.0159688,0.0214169,0.0133275,0.02438,0.0472087,
348,2e-07,0.0001208,0.0001078,0.0006757,0.0011672,0.0009087,0.000667,0.0006732,0.004445,0.0067749,0.0096824,0.014091,0.0317097,0.0685823,
349,2e-07,0.000123,0.0001077,0.0006809,0.0005297,0.0006928,0.0004593,0.0015642,0.0049189,0.0099582,0.0147128,0.0542869,0.0505084,0.0768358,
350,2e-07,0.0001224,0.000107,0.0009377,0.0006947,0.0004187,0.0006681,0.0021837,0.0175112,0.0241188,0.0213845,0.0469801,0.0218215,0.0703801,
351,2e-07,0.0001218,0.0001084,0.0010014,0.0005346,0.0006967,0.000467,0.00268,0.0254259,0.0179088,0.0388477,0.0273339,0.0347542,0.0671794,
352,2e-07,0.0001202,0.0001076,0.0012799,0.00091,0.0004194,0.0017727,0.0037866,0.0291565,0.0289442,0.0487163,0.0606628,0.0977829,0.0985167,
353,5e-07,0.000122,0.0001066,0.0009352,0.0008018,0.0006963,0.0013173,0.0045843,0.0109671,0.0208634,0.0675294,0.0716366,0.0899826,0.0563572,
354,5e-07,0.000123,0.0001055,0.0004794,0.0005324,0.0010756,0.0011584,0.0035858,0.0146459,0.0258991,0.0294847,0.0507871,0.0405152,0.0590219,
355,5e-07,0.0009493,0.0009433,0.0004814,0.0005257,0.0010722,0.000965,0.0030687,0.0234178,0.0229381,0.0426859,0.0557168,0.0267717,0.0779027,
356,5e-07,0.0001212,0.0001022,0.0006857,0.0008032,0.0010798,0.0009653,0.0024237,0.0082929,0.0077157,0.0499804,0.0702974,0.0510255,0.0574364,
357,5e-07,0.0001234,0.0001021,0.0010559,0.0005268,0.0006916,0.0006783,0.0032933,0.0187799,0.0105573,0.0156028,0.0434065,0.0563157,0.057972,
358,5e-07,0.0001239,0.000101,0.0010105,0.0007997,0.001339,0.0004544,0.0036412,0.0196487,0.0380195,0.0426752,0.051451,0.0414028,0.0355338,
359,5e-07,0.0001261,0.0001021,0.0012936,0.0009141,0.0006902,0.0006819,0.0027164,0.0111411,0.0305887,0.0486911,0.0626783,0.0351166,0.032576,
360,5e-07,0.0009502,0.0014344,0.0004683,0.0009161,0.0006898,0.0016873,0.0008444,0.013582,0.0254265,0.0406607,0.0593798,0.027927,0.0366442,
361,5e-07,0.0001277,0.0001036,0.0006889,0.0007933,0.0012423,0.0006825,0.005262,0.0230305,0.0170289,0.0136415,0.0408278,0.0351264,0.0756882,
362,5e-07,0.0001285,0.0001047,0.0006926,0.0007951,0.0006914,0.0006791,0.0024529,0.019117,0.017668,0.0263327,0.0400696,0.0251943,0.0425191,
363,5e-07,0.0001266,0.0001061,0.0006891,0.0005347,0.0009236,0.0013987,0.0026714,0.0102706,0.0178938,0.028884,0.0303996,0.0432601,0.0529003,
364,5e-07,0.0001272,0.0010016,0.0006874,0.0010073,0.0006921,0.000984,0.0084992,0.0150567,0.0278269,0.0258215,0.0536631,0.0366751,0.0525462,
365,5e-07,0.0001296,0.0001073,0.0013003,0.0006979,0.0009232,0.0006752,0.0056743,0.0195292,0.0178263,0.0243147,0.0524273,0.0320967,0.0874512,
366,5e-07,0.0001289,0.0009129,0.0004655,0.0007917,0.0015764,0.0016734,0.0068988,0.0185409,0.0544132,0.0467113,0.0368545,0.0250249,0.07201,
367,5e-07,0.0008996,0.00011,0.0004656,0.000906,0.0004199,0.0017607,0.005822,0.0258568,0.0424801,0.0430076,0.0042333,0.040026,0.0552906,
368,5e-07,0.0001289,0.0001113,0.0004621,0.000785,0.001074,0.0010318,0.0128994,0.0288853,0.0515381,0.0432779,0.036695,0.0321871,0.0509116,
369,2e-07,0.0001282,0.0001126,0.0008896,0.0009963,0.0010598,0.0013553,0.0037426,0.0204599,0.0717357,0.0431793,0.0295838,0.0563694,0.0647368,
370,2e-07,0.0001284,0.0001144,0.0006856,0.0005483,0.0013371,0.0006593,0.0073314,0.016738,0.0155456,0.0888137,0.0716273,0.0766026,0.0452233,
371,2e-07,0.0001266,0.0001134,0.0004675,0.0007064,0.0006971,0.0019838,0.005938,0.0138691,0.0436223,0.0747051,0.0751537,0.0430276,0.067471,
372,2e-07,0.000125,0.0001124,0.0010586,0.0005381,0.0009056,0.0020411,0.0084786,0.0211599,0.0263394,0.0548321,0.048251,0.0414796,0.0733106,
373,2e-07,0.0001232,0.000913,0.0006749,0.0007139,0.000901,0.0011384,0.0029248,0.0161987,0.0292771,0.0228686,0.0467949,0.0395179,0.0511698,
374,2e-07,0.0001215,0.0013679,0.0006693,0.000719,0.0006927,0.0013514,0.003193,0.0133519,0.010923,0.0379714,0.0169858,0.0113667,0.0343643,
375,1e-07,0.0001196,0.000115,0.0008898,0.0009912,0.001074,0.0008641,0.0015579,0.0125018,0.0184996,0.0356314,0.011494,0.0423208,0.0541884,
376,1e-07,0.0001175,0.0001153,0.0004781,0.000525,0.0004403,0.0004669,0.0018291,0.0088324,0.0228974,0.0325679,0.0588054,0.0389154,0.0543663,
377,1e-07,0.0016829,0.0009296,0.0008893,0.0013498,0.0015537,0.0004719,0.0022321,0.0079921,0.0426488,0.033263,0.0763434,0.0578093,0.0667737,
378,1e-07,0.0001177,0.000119,0.0006617,0.0007765,0.0010384,0.0011665,0.0010552,0.0129909,0.0283506,0.0177603,0.0334595,0.0720107,0.0509582,
379,1e-07,0.0001192,0.0009122,0.0006622,0.0009854,0.0010383,0.0004672,0.0015138,0.0128697,0.0283018,0.0291663,0.0156114,0.0458345,0.0592671,
380,1e-07,0.0009059,0.0010063,0.0004728,0.001137,0.0010721,0.0014173,0.0044972,0.02291,0.0287002,0.0348589,0.0081858,0.030736,0.1079766,
381,2e-07,0.0001225,0.0013546,0.0006685,0.0009183,0.000894,0.0006544,0.0045544,0.017847,0.0112284,0.0173906,0.0476113,0.0481724,0.1159869,
382,2e-07,0.0001249,0.0001155,0.000942,0.0011357,0.0006945,0.0004555,0.0065637,0.0163953,0.0180852,0.0295456,0.031155,0.06066,0.0761809,
383,2e-07,0.0009019,0.000914,0.0004626,0.0005361,0.0006929,0.0017924,0.0068437,0.02699,0.027906,0.0202679,0.0478848,0.0551935,0.0319601,
384,2e-07,0.0001278,0.0001131,0.0010265,0.0013835,0.000692,0.0016398,0.0090133,0.0385199,0.0186055,0.0496864,0.0306737,0.0532864,0.0255412,
385,2e-07,0.0009,0.0001108,0.000457,0.0005341,0.0018597,0.0011424,0.0067782,0.0151386,0.0249404,0.0455135,0.0255469,0.0474715,0.0466836,
386,2e-07,0.000127,0.000109,0.0010603,0.0014612,0.0004235,0.0006734,0.0020262,0.0069122,0.0223323,0.0353226,0.0441492,0.0369119,0.0535235,
387,2e-07,0.0001266,0.0001066,0.0004594,0.0009211,0.0010592,0.0006787,0.0027531,0.0053499,0.0271734,0.0092817,0.053924,0.023701,0.0404713,
388,2e-07,0.0001253,0.0001048,0.0006785,0.0007121,0.0010842,0.0006811,0.0027818,0.0089394,0.0080035,0.031009,0.0317718,0.0617546,0.0454079,
389,2e-07,0.0009534,0.0001029,0.0006748,0.0012628,0.0013555,0.0008403,0.000934,0.0181639,0.023064,0.0367934,0.0212039,0.0652765,0.0126376,
390,2e-07,0.0014911,0.0001011,0.0006755,0.0007106,0.0010617,0.000687,0.0018182,0.0119283,0.0328833,0.0393511,0.0121378,0.016585,0.0423316,
391,2e-07,0.0001213,0.0001022,0.0013728,0.0007908,0.0010867,0.0009793,0.0022457,0.0066165,0.0129704,0.0378735,0.0125179,0.0383576,0.0301595,
392,2e-07,0.0001215,0.0001043,0.0014098,0.0011639,0.0006851,0.0004508,0.0006684,0.0087854,0.0104689,0.0189311,0.0292178,0.0575095,0.0347424,
393,2e-07,0.0001229,0.0001062,0.0008907,0.0009246,0.000423,0.0010382,0.0009412,0.0096531,0.014861,0.022958,0.0173706,0.0509662,0.0486464,
394,2e-07,0.0001237,0.0009189,0.0010184,0.000521,0.0015516,0.0006742,0.0015534,0.0069589,0.0128609,0.01817,0.0156655,0.0461497,0.0469272,
395,2e-07,0.0001242,0.0009169,0.0006732,0.0007198,0.0006888,0.0004496,0.001622,0.0072076,0.0147243,0.0177616,0.0184395,0.058419,0.0428427,
396,2e-07,0.0001253,0.0001109,0.0006718,0.0007775,0.0009374,0.0016418,0.0008383,0.0126183,0.0138429,0.0271638,0.0073726,0.0143848,0.045786,
397,2e-07,0.000903,0.0001131,0.0010613,0.0005299,0.0010454,0.0012648,0.0015687,0.0102214,0.0347801,0.025535,0.0464912,0.0427749,0.0120784,
398,2e-07,0.0001257,0.0001149,0.0010619,0.0007319,0.0006912,0.0016527,0.0017559,0.007404,0.0436657,0.0705142,0.0556627,0.007127,0.0232905,
399,1e-07,0.0001241,0.0009299,0.0006646,0.0007704,0.0006884,0.0012611,0.0017173,0.0061092,0.012905,0.037742,0.0574354,0.0408159,0.0429387,
400,1e-07,0.0001224,0.0001137,0.0006612,0.0005216,0.0020128,0.0012609,0.0025642,0.0104627,0.0543814,0.0381802,0.0354839,0.0623583,0.0359887,
401,1e-07,0.0001199,0.0001138,0.0006574,0.0005175,0.0004407,0.0004533,0.0028482,0.0046232,0.0300568,0.0262576,0.0370009,0.0531742,0.0277271,
402,1e-07,0.0001189,0.000115,0.0006525,0.0009732,0.0004446,0.0011631,0.0016048,0.0138528,0.0263222,0.0393817,0.0431085,0.0557181,0.0716537,
403,1e-07,0.0001168,0.0001137,0.0006493,0.0007708,0.0004442,0.0016766,0.0017501,0.0082195,0.0373931,0.0537578,0.0498789,0.013647,0.0390603,
404,1e-07,0.0001179,0.0001116,0.0014196,0.0005073,0.0012171,0.0011588,0.0014897,0.0098447,0.0379735,0.0660991,0.074325,0.0515566,0.053089,
405,1e-07,0.0001162,0.0009279,0.0009076,0.0005003,0.000887,0.0008543,0.0008442,0.006118,0.0198122,0.0303204,0.0555176,0.0371683,0.0734876,
406,1e-07,0.000117,0.0010134,0.001268,0.000953,0.0004401,0.0011555,0.0014853,0.0220227,0.022643,0.0592552,0.0323893,0.0240556,0.0696735,
407,1e-07,0.0001173,0.0001071,0.0006512,0.0011455,0.0010923,0.0009887,0.0027788,0.0089599,0.0151291,0.033703,0.0371129,0.057944,0.056157,
408,1e-07,0.0001175,0.0001047,0.0004662,0.0012766,0.0006752,0.0008429,0.0016442,0.0083911,0.0279485,0.020998,0.0348363,0.0597181,0.0428189,
409,2e-07,0.0001177,0.0001031,0.0004667,0.0007339,0.0009619,0.0011493,0.0021705,0.0080087,0.0394402,0.0426607,0.0389844,0.0521886,0.0285002,
410,2e-07,0.0001164,0.0010106,0.0006536,0.0004881,0.0010411,0.0020751,0.0008355,0.0099933,0.0277657,0.0431286,0.0392015,0.0342191,0.0352913,
411,2e-07,0.0001157,9.95e-05,0.0004716,0.0011303,0.0004255,0.0010442,0.0006429,0.0048896,0.0258121,0.0404811,0.0326558,0.0187192,0.0535849,
412,2e-07,0.0001134,9.88e-05,0.0004758,0.0004817,0.0004263,0.0004517,0.0008044,0.0050174,0.0285014,0.0309018,0.0637406,0.0300593,0.0355576,
413,2e-07,0.0013492,9.68e-05,0.0006526,0.0007913,0.0006721,0.0004523,0.0006298,0.0122084,0.0078715,0.0529107,0.0529268,0.0499467,0.0948898,
414,2e-07,0.0001104,9.65e-05,0.0006503,0.000961,0.0004241,0.0011769,0.0009885,0.0050351,0.0255921,0.0553904,0.0323408,0.0355064,0.0537629,
415,1e-07,0.0001085,9.72e-05,0.0008965,0.0012036,0.0010988,0.0014182,0.0016563,0.0141061,0.0068837,0.04073,0.0576343,0.0280461,0.0388218,
416,1e-07,0.0001095,9.88e-05,0.0012866,0.0013626,0.0017538,0.0004571,0.0011091,0.010582,0.0199582,0.0338899,0.043889,0.0240848,0.0283939,
417,1e-07,0.0001084,0.0001009,0.0006436,0.0007877,0.0013068,0.0017,0.001535,0.0146356,0.0228747,0.0214524,0.0390998,0.054017,0.0237562,
418,1e-07,0.000954,0.0001029,0.0006444,0.0013668,0.0013441,0.0011638,0.001457,0.0112833,0.0257528,0.0207784,0.031148,0.0686543,0.0237875,
419,1e-07,0.0001093,0.0001049,0.0004852,0.0007305,0.0010331,0.0006709,0.0008246,0.0052762,0.0060607,0.0122973,0.0296164,0.0277913,0.0312807,
420,1e-07,0.0001103,0.0001057,0.0009914,0.0007255,0.001088,0.0004659,0.0006371,0.0035926,0.0130548,0.0237228,0.0276753,0.029628,0.0377273,
421,1e-07,0.0001107,0.0013564,0.0013641,0.001469,0.0006835,0.000468,0.000828,0.0029936,0.0082844,0.0159473,0.026342,0.0273806,0.011535,
422,1e-07,0.0013197,0.0001084,0.0004888,0.0007864,0.0004359,0.0009622,0.0008301,0.0022103,0.015076,0.0104986,0.0335636,0.0228405,0.0202101,
423,1e-07,0.0001123,0.00011,0.0006561,0.0011619,0.0013318,0.0011482,0.0008251,0.0053801,0.0038188,0.0054972,0.0328507,0.0292408,0.0409043,
424,1e-07,0.0013867,0.000111,0.0008845,0.0013824,0.0013308,0.0009622,0.0008249,0.0085506,0.0183097,0.0222503,0.0225405,0.0345593,0.0226023,
425,1e-07,0.0009547,0.0001124,0.0006627,0.000714,0.0013297,0.0015899,0.000951,0.0095492,0.0351341,0.04242,0.0176256,0.0097932,0.0236316,
426,1e-07,0.0009102,0.0001122,0.0004824,0.0007199,0.0010774,0.0004687,0.0016284,0.0038403,0.02946,0.0439961,0.028495,0.0196106,0.0240185,
427,1e-07,0.0001131,0.0009166,0.0004863,0.0014748,0.00089,0.0006502,0.0008332,0.0073676,0.02825,0.0238443,0.0184219,0.0274922,0.0321963,
428,1e-07,0.0001112,0.0001118,0.0004884,0.0009374,0.0010795,0.0008529,0.000648,0.0022426,0.0171503,0.0114489,0.0082181,0.0105456,0.0227348,
429,1e-07,0.000109,0.0001114,0.0004933,0.0009392,0.0010793,0.0006518,0.0008242,0.0038924,0.0108344,0.015538,0.0297192,0.0375231,0.021436,
430,0.0,0.0001081,0.0013043,0.0008908,0.0004979,0.0010823,0.0009595,0.0008257,0.003682,0.0207781,0.0067065,0.0245572,0.0575943,0.0364622,
431,0.0,0.0009165,0.0001085,0.0004909,0.0009496,0.0004404,0.0008439,0.0008286,0.0016634,0.0165621,0.0168331,0.0356302,0.0177387,0.0363552,
432,1e-07,0.0001069,0.0001064,0.0009756,0.0004872,0.0016074,0.0006645,0.0014466,0.0020369,0.0111405,0.017632,0.0331307,0.0301071,0.0378987,
433,1e-07,0.0001067,0.0001044,0.0009862,0.0009578,0.001787,0.0006697,0.0008379,0.0058953,0.016472,0.0231449,0.0331565,0.0252751,0.0421359,
434,1e-07,0.0001074,0.0009336,0.0008934,0.0004812,0.0009593,0.000961,0.0015565,0.0092216,0.0132903,0.0452895,0.0322908,0.0313455,0.0232368,
435,1e-07,0.0001086,0.0001002,0.0009903,0.0018328,0.0015175,0.0004635,0.0009906,0.0065673,0.0160908,0.0253207,0.0340078,0.0384101,0.0236064,
436,1e-07,0.0001101,9.88e-05,0.0006522,0.0004821,0.001512,0.0004618,0.0008039,0.0043906,0.0199899,0.0236387,0.049067,0.0239249,0.0281766,
437,2e-07,0.0009575,9.69e-05,0.0012977,0.0011903,0.0010467,0.0004634,0.0009887,0.0037904,0.0261245,0.0093488,0.0416419,0.0400905,0.0327832,
438,2e-07,0.0001095,9.46e-05,0.0010594,0.0009597,0.0006735,0.0006922,0.0018362,0.013376,0.051957,0.0475437,0.0316233,0.0694226,0.0441097,
439,2e-07,0.0001108,9.48e-05,0.0008865,0.0009536,0.001233,0.0004619,0.0027802,0.0092989,0.0289306,0.0385136,0.0707727,0.055221,0.0638945,
440,2e-07,0.0001125,0.0013183,0.0009954,0.0007975,0.0006768,0.0016541,0.0015631,0.0056346,0.0233542,0.0390737,0.0299995,0.0459402,0.0422982,
441,2e-07,0.0001114,0.0009268,0.0012917,0.0011896,0.0010524,0.0006823,0.0017827,0.0022926,0.028919,0.0382978,0.0198907,0.0350717,0.023165,
442,2e-07,0.0001106,0.0009263,0.0006546,0.000488,0.0004258,0.0014115,0.0007976,0.0039436,0.0157377,0.0092149,0.0303174,0.0212288,0.0253738,
443,1e-07,0.0001083,0.0010094,0.0008871,0.0014539,0.0006796,0.0012618,0.0009872,0.011125,0.0143363,0.0100796,0.0195667,0.0308538,0.0235686,
444,1e-07,0.0010517,0.000103,0.0004916,0.0012893,0.0010873,0.00067,0.0006316,0.0133899,0.029527,0.0214224,0.0218831,0.0421799,0.028656,
445,1e-07,0.000957,0.0001048,0.0009811,0.0004941,0.0010426,0.0012661,0.0006314,0.0055994,0.0106255,0.0290136,0.0303126,0.0269273,0.0556413,
446,1e-07,0.0001096,0.0010076,0.0009824,0.0011779,0.001046,0.0008375,0.0010945,0.0085283,0.0442863,0.0508721,0.0199752,0.0212549,0.074137,
447,1e-07,0.000954,0.0016457,0.0006593,0.0005069,0.0004307,0.0004789,0.0010906,0.0062413,0.0158139,0.042171,0.0545992,0.0626918,0.046166,
448,2e-07,0.0001123,0.0001071,0.0004933,0.000512,0.0009032,0.001156,0.0029793,0.0093315,0.0210893,0.0261113,0.0377772,0.0701915,0.0844631,
449,2e-07,0.0001141,0.0009175,0.0009887,0.0005158,0.0010765,0.0006591,0.0017923,0.0096059,0.0210437,0.047717,0.032446,0.041364,0.0696916,
450,1e-07,0.0001134,0.001007,0.0009901,0.0007099,0.0010482,0.000472,0.0008343,0.0057928,0.0163327,0.009603,0.0379862,0.0192675,0.0453526,
451,2e-07,0.0001152,0.0001066,0.0017346,0.000511,0.000428,0.000842,0.0008362,0.003389,0.0160048,0.0207456,0.0235178,0.0305359,0.0632107,
452,2e-07,0.0001162,0.000107,0.0006629,0.0014669,0.0010819,0.0006671,0.0015716,0.0017508,0.0108584,0.0083324,0.0164885,0.0294876,0.04841,
453,1e-07,0.0001139,0.0001073,0.0009593,0.0005051,0.0010835,0.0006651,0.00083,0.0030472,0.0037641,0.011398,0.0275962,0.034897,0.0341463,
454,1e-07,0.0009591,0.0001062,0.00048,0.0007218,0.0004318,0.000461,0.0009629,0.0030857,0.0074618,0.0167678,0.0280546,0.0273804,0.0199473,
455,1e-07,0.0013494,0.0001047,0.0004804,0.0009931,0.0010394,0.0004602,0.0009529,0.0015315,0.009447,0.0304065,0.0251704,0.0383217,0.0375176,
456,1e-07,0.0001126,0.0009254,0.0004784,0.0007822,0.0008932,0.0008402,0.0008039,0.0044034,0.0084507,0.0147967,0.0225027,0.0476223,0.0767219,
457,1e-07,0.0001115,0.0001042,0.0014286,0.0011606,0.0016096,0.0010459,0.0021664,0.0095288,0.0163056,0.0176881,0.037133,0.0517384,0.0391216,
458,1e-07,0.0001113,0.0001053,0.0004774,0.0004821,0.0012044,0.0004547,0.0017194,0.0112445,0.0095803,0.0255885,0.0541188,0.0150073,0.0447405,
459,0.0,0.0001107,0.0009293,0.0004765,0.0007765,0.0006731,0.0008398,0.0040222,0.0155542,0.0321421,0.0420461,0.0537014,0.0378185,0.018889,
460,0.0,0.000111,0.0001069,0.0004754,0.0013739,0.0004449,0.0016811,0.0037272,0.0113436,0.0129514,0.0334678,0.0521269,0.0208553,0.0200265,
461,0.0,0.0001128,0.0001082,0.0010075,0.0009623,0.0006755,0.0004507,0.0056399,0.0197258,0.0283195,0.0581009,0.0515957,0.0393048,0.0190614,
462,1e-07,0.0001145,0.000107,0.0013194,0.0009587,0.0004407,0.0008464,0.0033235,0.0049532,0.0367529,0.0359393,0.0568455,0.0568828,0.0524473,
463,1e-07,0.0001142,0.0001065,0.0006452,0.0007766,0.0010286,0.0004517,0.0014788,0.0128157,0.0416445,0.0193006,0.0280546,0.0429381,0.0748443,
464,1e-07,0.0001147,0.0009317,0.0006481,0.0007372,0.0004344,0.0006798,0.002045,0.0070172,0.020938,0.0258384,0.025675,0.0412434,0.0568662,
465,1e-07,0.0001152,0.0001044,0.0009011,0.0007814,0.0004323,0.0008399,0.0008283,0.0071826,0.0190917,0.0249959,0.0278275,0.0561209,0.0314006,
466,1e-07,0.0001148,0.0009355,0.0004745,0.0012825,0.0009588,0.001357,0.0008353,0.0021471,0.0143361,0.0215186,0.0331078,0.0538941,0.0321072,
467,2e-07,0.0001148,0.0001029,0.0013634,0.001369,0.0009536,0.0006773,0.000646,0.0017945,0.0142701,0.0120967,0.0422452,0.0272496,0.0464973,
468,2e-07,0.0009558,0.0001043,0.0004775,0.0005019,0.0006828,0.0006748,0.0015511,0.0007866,0.0138517,0.021423,0.0355149,0.043133,0.037615,
469,2e-07,0.0001147,0.0001043,0.0006617,0.0007905,0.0006837,0.0006725,0.00084,0.0036388,0.0152172,0.0208406,0.0082535,0.0343719,0.0414593,
470,2e-07,0.000116,0.001006,0.0012965,0.0005077,0.001239,0.000672,0.0014628,0.0059924,0.0027731,0.0235701,0.0131795,0.0213915,0.0411749,
471,2e-07,0.0001145,0.0001028,0.0012878,0.000702,0.000686,0.0008318,0.0009868,0.0092297,0.0199623,0.0334881,0.0200452,0.0284782,0.0404668,
472,2e-07,0.0001123,0.0001021,0.0008797,0.0007009,0.0006856,0.0008291,0.0008164,0.0139707,0.0223938,0.0165243,0.0150907,0.0320253,0.0506873,
473,2e-07,0.0001118,0.0013738,0.0006651,0.0011269,0.0010857,0.0006761,0.0015933,0.0149456,0.0212463,0.0311986,0.0388665,0.0273622,0.0468519,
474,2e-07,0.0013513,9.94e-05,0.0006656,0.0006931,0.0012325,0.0006744,0.0027236,0.0179608,0.0085167,0.0351908,0.0449256,0.0263261,0.0430302,
475,2e-07,0.0001083,9.9e-05,0.0009624,0.0014133,0.0004208,0.0006755,0.0039015,0.0214861,0.0269745,0.03569,0.049375,0.023183,0.055751,
476,2e-07,0.0001087,0.0001012,0.0016082,0.0013592,0.0006844,0.0013495,0.0018024,0.0277457,0.0432222,0.046029,0.0190499,0.053672,0.0553293,
477,2e-07,0.0001094,0.000925,0.0008822,0.0007985,0.0006825,0.0016367,0.0011033,0.0128517,0.0321682,0.0347833,0.0290657,0.0261675,0.0338597,
478,2e-07,0.0001117,0.0013133,0.0004886,0.0013651,0.0009463,0.0004682,0.0006372,0.0036465,0.0049242,0.0238151,0.0213649,0.0307099,0.0225073,
479,2e-07,0.0001138,0.0001006,0.0004838,0.0011833,0.0015933,0.0004633,0.0006427,0.0070817,0.0081201,0.0109556,0.044921,0.0358199,0.0415416,
480,2e-07,0.0001157,0.0009237,0.0012112,0.0014575,0.000947,0.0008306,0.0008461,0.0079847,0.0098067,0.0056899,0.0167139,0.0477455,0.029667,
481,2e-07,0.0001172,0.0013139,0.0006647,0.001411,0.001348,0.0004541,0.0017907,0.0057596,0.0146751,0.0159246,0.0350837,0.0395006,0.0365624,
482,2e-07,0.0001173,0.0001016,0.0008958,0.0007203,0.0004242,0.0006825,0.0008018,0.0074935,0.0088648,0.0124711,0.0384009,0.0434073,0.0501348,
483,2e-07,0.0009582,0.0001035,0.0004695,0.000993,0.0010479,0.0006798,0.0024917,0.0092815,0.0109354,0.0369962,0.0451053,0.0580431,0.0767618,
484,2e-07,0.0001208,0.0001024,0.0012205,0.0011199,0.0006788,0.0009861,0.0026687,0.0026142,0.0275242,0.0375895,0.0291727,0.0586634,0.0706173,
485,2e-07,0.0001202,0.0001019,0.0008934,0.0007884,0.0013548,0.0006831,0.0025548,0.0050452,0.0318793,0.0224727,0.0285436,0.0450964,0.0473387,
486,2e-07,0.0001197,0.0010068,0.0013053,0.0009403,0.0006794,0.0013089,0.0008271,0.0069655,0.0247254,0.0239304,0.014315,0.031736,0.0262662,
487,2e-07,0.0001178,0.0010066,0.0004736,0.0010042,0.001092,0.000687,0.0006512,0.0037433,0.0204977,0.0183099,0.0085791,0.0481883,0.0446622,
488,2e-07,0.0001159,0.0013652,0.0012149,0.0004925,0.0006774,0.0013586,0.0006437,0.0050415,0.0226874,0.0352426,0.0164576,0.0465997,0.0312394,
489,2e-07,0.0013158,0.0013727,0.0006662,0.0007072,0.0012551,0.0011761,0.0025199,0.0123456,0.0654688,0.0285323,0.0132285,0.0332632,0.0349564,
490,2e-07,0.000117,9.58e-05,0.0010023,0.0010136,0.0013653,0.0008186,0.0018581,0.0190078,0.0401826,0.0128368,0.0158363,0.0480378,0.0645494,
491,2e-07,0.0001167,9.79e-05,0.001296,0.0005005,0.0027451,0.0011728,0.0024041,0.01844,0.0447323,0.0104223,0.0259793,0.0377587,0.0287968,
492,2e-07,0.0001185,9.96e-05,0.0004778,0.0007985,0.0006839,0.0016507,0.0015995,0.0205362,0.0230626,0.0158585,0.0186486,0.0455491,0.0463729,
493,2e-07,0.0009531,0.0001019,0.000675,0.0005128,0.0010649,0.002072,0.0028185,0.0066985,0.0439624,0.01413,0.032314,0.0538322,0.0621733,
494,2e-07,0.0001193,0.0001019,0.001,0.0010163,0.0012261,0.0011656,0.0008356,0.0042421,0.0442732,0.0629352,0.0796342,0.1170668,0.0475683,
495,2e-07,0.000118,0.0010015,0.0006781,0.0010192,0.0010691,0.0006732,0.0024167,0.0087127,0.0404952,0.0427457,0.0625381,0.0773982,0.0402035,
496,5e-07,0.0001181,0.0001002,0.0006803,0.0017406,0.0004123,0.0017044,0.0034521,0.0259193,0.0192317,0.0347526,0.0460692,0.0380458,0.0851814,
497,5e-07,0.0013819,9.86e-05,0.0010557,0.0017444,0.0015794,0.0006801,0.0009216,0.018251,0.0321788,0.0357666,0.03706,0.0684393,0.0291029,
498,2e-07,0.000115,9.79e-05,0.0004881,0.0021956,0.001583,0.0011747,0.0041513,0.0088031,0.0235338,0.0395805,0.0374378,0.0635706,0.0377869,
499,2e-07,0.0013214,9.68e-05,0.0013858,0.0020631,0.0012482,0.0006829,0.0015774,0.0069136,0.0088526,0.0284921,0.0307728,0.0353129,0.0145116,
500,2e-07,0.0001119,9.59e-05,0.0006649,0.0018992,0.002519,0.0006854,0.003848,0.0088271,0.0126823,0.0412147,0.0330183,0.0133886,0.0337745,
501,2e-07,0.0009134,0.0013657,0.0008811,0.0011354,0.000415,0.0009573,0.0023859,0.016089,0.0217567,0.0283576,0.0498245,0.0469605,0.0591488,
502,2e-07,0.0001084,9.33e-05,0.0004931,0.0007006,0.0015417,0.0010709,0.0056832,0.0070333,0.0272159,0.0319521,0.0296454,0.0303075,0.1042102,
503,2e-07,0.0009175,9.43e-05,0.0008846,0.0004753,0.0011961,0.0009546,0.0033424,0.0037763,0.0105367,0.0184331,0.0426386,0.0435941,0.0440565,
504,2e-07,0.0009177,9.34e-05,0.0009703,0.0013563,0.0013026,0.0004668,0.001581,0.0110195,0.0300015,0.0512304,0.0203952,0.0710506,0.015285,
505,1e-07,0.0001043,9.43e-05,0.0008901,0.000465,0.0013818,0.0013347,0.003415,0.0104423,0.0098336,0.0398876,0.02036,0.0297364,0.0392667,
506,1e-07,0.0009195,9.49e-05,0.0013051,0.0007972,0.0004262,0.0004637,0.0007907,0.0047616,0.0131871,0.0316927,0.0200676,0.0276374,0.0663299,
507,1e-07,0.0001037,0.0009956,0.000984,0.0009764,0.0004278,0.0008094,0.0018488,0.0050951,0.0231669,0.0362738,0.0128113,0.0328983,0.074371,
508,1e-07,0.0001047,9.48e-05,0.0014399,0.000731,0.0009796,0.0013586,0.0007848,0.0042433,0.0048571,0.0377421,0.0163496,0.0348162,0.0783154,
509,1e-07,0.0001042,9.69e-05,0.0008989,0.0011463,0.0012527,0.0008169,0.0008109,0.0049209,0.0051314,0.0074527,0.0342947,0.0614263,0.061759,
510,1e-07,0.000102,9.62e-05,0.000984,0.0009992,0.0011021,0.0011801,0.0014921,0.0034851,0.00945,0.0128502,0.0339332,0.0287332,0.0727017,
511,0.0,0.0001015,9.56e-05,0.0009006,0.0004507,0.0013538,0.0004648,0.0007767,0.0034177,0.011599,0.0219515,0.0246484,0.0424392,0.0653244,
512,0.0,0.0001024,0.0010159,0.0013509,0.0009814,0.0006678,0.0004638,0.0016873,0.0110141,0.0120046,0.0213606,0.0083744,0.0516743,0.0799798,
513,0.0,0.0001009,9.87e-05,0.0004973,0.000994,0.0013587,0.0006816,0.0031888,0.0114656,0.0152381,0.0095564,0.0346304,0.0673485,0.1079513,
514,0.0,9.89e-05,9.78e-05,0.0010611,0.0004486,0.0009824,0.0004699,0.0061664,0.0122259,0.0164061,0.0322388,0.0342483,0.0627744,0.0683321,
515,0.0,9.97e-05,0.0009306,0.0009049,0.0009896,0.0009858,0.0012457,0.0052213,0.0138726,0.0160528,0.0461166,0.0363911,0.0527031,0.0671896,
516,1e-07,0.0009678,0.0009343,0.001228,0.0004522,0.0006692,0.0016886,0.0049519,0.0073282,0.0192738,0.0507051,0.0487457,0.0218135,0.0932122,
517,1e-07,9.75e-05,0.0001004,0.0010618,0.0017317,0.0010167,0.0013231,0.0037332,0.0149279,0.012349,0.0227471,0.0467355,0.0477521,0.0437172,
518,1e-07,9.64e-05,0.0001001,0.0012983,0.0009922,0.0024192,0.0017656,0.0108768,0.0310901,0.0053543,0.0154383,0.0393679,0.0811978,0.0989256,
519,1e-07,9.73e-05,0.000928,0.0006154,0.0021562,0.00169,0.0035965,0.0130495,0.026783,0.023007,0.0266379,0.0551283,0.097861,0.1055724,
520,1e-07,9.63e-05,0.0009339,0.0013007,0.0014633,0.0027488,0.0037727,0.0299903,0.0220975,0.0744513,0.0472223,0.0488776,0.0831498,0.0635208,
521,1e-07,9.42e-05,0.0009353,0.0013032,0.001461,0.0047833,0.0090723,0.0367801,0.0574543,0.053334,0.039141,0.0705567,0.0622831,0.072306,
522,1e-07,9.4e-05,0.0013761,0.0014782,0.00215,0.0041381,0.0101254,0.0078965,0.0235787,0.0312477,0.0334512,0.044124,0.0861655,0.0743905,
523,1e-07,9.37e-05,0.0013168,0.0014633,0.0020306,0.0009881,0.0026893,0.0029027,0.024674,0.0570888,0.0459579,0.0816785,0.0589399,0.0288746,
524,1e-07,9.2e-05,9.7e-05,0.0010615,0.001162,0.0008845,0.0020612,0.0130971,0.0249886,0.0361581,0.012605,0.0666496,0.0634885,0.0435502,
525,1e-07,9.4e-05,9.56e-05,0.0010004,0.0009989,0.0011886,0.0008075,0.0079795,0.0109791,0.0372246,0.023478,0.0308462,0.0636622,0.0925663,
526,1e-07,9.44e-05,0.0013617,0.0009026,0.0007417,0.0014136,0.0013088,0.0059653,0.015715,0.0210529,0.0176836,0.0222038,0.0626004,0.0695212,
527,1e-07,9.42e-05,0.0014543,0.0010015,0.0018114,0.0013548,0.0012417,0.0026591,0.0074682,0.026178,0.0354973,0.0759681,0.0656344,0.0715216,
528,1e-07,9.35e-05,0.0010197,0.0005055,0.0021587,0.0011761,0.0020251,0.0034002,0.0058499,0.0378198,0.0423948,0.0337302,0.0499404,0.0674975,
529,0.0,9.5e-05,8.96e-05,0.0009735,0.0013152,0.0022824,0.0010775,0.0047729,0.0179089,0.0291943,0.0254221,0.0625418,0.0804263,0.0401604,
530,0.0,0.0009694,8.94e-05,0.0009051,0.0024863,0.0015437,0.0018125,0.0050091,0.017905,0.0130754,0.0255418,0.075016,0.0907702,0.0705262,
531,1e-07,9.9e-05,0.0009914,0.0006265,0.00117,0.0012753,0.001654,0.0054976,0.0056281,0.0106173,0.020333,0.0374471,0.0929548,0.0723742,
532,1e-07,0.0009234,8.76e-05,0.0006297,0.0014755,0.0006589,0.0004577,0.0049728,0.0115705,0.0109441,0.0437286,0.0258338,0.0715236,0.0642551,
533,1e-07,0.0001029,0.0009928,0.000489,0.0008006,0.0004247,0.0011972,0.0021774,0.0099992,0.0217219,0.0351169,0.0141153,0.0321136,0.0373547,
534,1e-07,0.0001031,0.0013292,0.0012924,0.0011697,0.0004219,0.000457,0.0057133,0.0161995,0.0377781,0.0317459,0.0471777,0.0406181,0.0801728,
535,1e-07,0.0001007,8.62e-05,0.0004949,0.0008055,0.0009931,0.001202,0.0010275,0.0167822,0.0260442,0.0242911,0.0107674,0.060802,0.0760116,
536,1e-07,0.0001011,8.83e-05,0.0009817,0.0013517,0.0011766,0.0020327,0.0015654,0.0193091,0.0200821,0.0350041,0.01688,0.0496231,0.0477056,
537,1e-07,0.0001031,8.71e-05,0.0006397,0.0022371,0.000663,0.0011987,0.0087293,0.0083008,0.0450682,0.0356316,0.0229954,0.0180375,0.029712,
538,1e-07,0.0001015,0.0014532,0.0006391,0.0014632,0.0004194,0.0012515,0.0062573,0.0179466,0.0398537,0.0631519,0.0429987,0.0585116,0.0602254,
539,1e-07,0.0001004,8.74e-05,0.0004993,0.0013506,0.0004214,0.0007926,0.0018965,0.017028,0.0268021,0.0470552,0.0390742,0.0551934,0.0919065,
540,1e-07,0.0001019,8.93e-05,0.0008913,0.0017134,0.0011824,0.0007965,0.002448,0.016581,0.0424576,0.0168437,0.0347825,0.0200999,0.059812,
541,2e-07,0.0001032,8.87e-05,0.0009793,0.0010152,0.0011833,0.0011961,0.0024433,0.0262306,0.0271075,0.0221836,0.0391328,0.03343,0.0147089,
542,1e-07,0.0009604,0.0013754,0.000501,0.0013812,0.0004183,0.0007936,0.0009332,0.0177133,0.0320859,0.0238043,0.060984,0.0345294,0.0468227,
543,1e-07,0.0001009,0.0014211,0.0009728,0.0013327,0.0014337,0.000695,0.0035402,0.0151123,0.0242282,0.0241164,0.0380372,0.0125061,0.0473673,
544,1e-07,0.0013911,9.11e-05,0.000647,0.0013534,0.0011891,0.0009501,0.0015906,0.0208665,0.0405727,0.0431781,0.039367,0.0444538,0.0455511,
545,1e-07,0.0001035,0.0010111,0.0004954,0.0008033,0.0006692,0.0020205,0.0014499,0.0121936,0.015645,0.033236,0.0434052,0.0319558,0.0448305,
546,1e-07,0.0009617,9.14e-05,0.0006457,0.0012032,0.000422,0.0011892,0.0037528,0.0094903,0.0185476,0.0251531,0.0600472,0.0446863,0.0535641,
547,1e-07,0.0001056,8.95e-05,0.0009884,0.0011818,0.0004212,0.0004588,0.0033401,0.005802,0.013783,0.022647,0.051653,0.0854783,0.0174591,
548,1e-07,0.0001054,9e-05,0.0006398,0.0014703,0.0011785,0.0012513,0.0041128,0.0177779,0.0184388,0.0335407,0.0251568,0.0416266,0.0478579,
549,1e-07,0.000107,8.93e-05,0.0015386,0.0010004,0.0006623,0.0004509,0.0032217,0.0165317,0.0381002,0.0144178,0.0436183,0.0702266,0.0769694,
550,1e-07,0.0001069,0.0009389,0.00128,0.0004459,0.0010364,0.0004477,0.0043904,0.008874,0.021126,0.0155089,0.0339443,0.108224,0.0986347,
551,1e-07,0.0013973,9.07e-05,0.0004763,0.0009829,0.0013413,0.0004451,0.002784,0.0090968,0.0367474,0.0239915,0.0347663,0.1005095,0.0865616,
552,1e-07,0.0001082,9.21e-05,0.0004798,0.0007339,0.0009855,0.00045,0.0038343,0.0085084,0.0387578,0.0129002,0.0458625,0.0826888,0.0850249,
553,1e-07,0.0001059,9.28e-05,0.0004831,0.0007925,0.0009004,0.0007017,0.0034055,0.0093819,0.022864,0.0253617,0.0225943,0.070075,0.1008924,
554,1e-07,0.0001074,0.0014155,0.0009799,0.0011937,0.001111,0.0013201,0.0046335,0.0102026,0.0120454,0.0228877,0.0404618,0.0556497,0.0584823,
555,1e-07,0.000107,9.58e-05,0.000481,0.0004544,0.0012537,0.0004511,0.0035297,0.0136767,0.03656,0.0448749,0.0981769,0.0545514,0.0516483,
556,0.0,0.0001048,9.6e-05,0.0006306,0.0004495,0.0004351,0.000969,0.0027339,0.02176,0.0370314,0.0484211,0.071579,0.0428486,0.033099,
557,0.0,0.000105,0.0009333,0.0006278,0.0007496,0.0011116,0.0004511,0.0037466,0.0192881,0.0244908,0.0684534,0.0475102,0.0380076,0.0830142,
558,0.0,0.0001047,0.0014126,0.0009139,0.0007531,0.0013955,0.0013879,0.0029524,0.0328984,0.0384294,0.0378442,0.0230597,0.0520624,0.0764411,
559,0.0,0.0001027,9.82e-05,0.0012226,0.0011967,0.0013954,0.000457,0.0027412,0.0155144,0.0655111,0.035775,0.0246507,0.0582089,0.0556636,
560,0.0,0.0001018,9.62e-05,0.0009938,0.0004401,0.0011118,0.0012543,0.0027973,0.0465972,0.0574218,0.0557114,0.0598727,0.0830377,0.0315743,
561,1e-07,0.0001025,0.0013769,0.0014467,0.0014933,0.0030531,0.0030764,0.0075614,0.0528128,0.0350701,0.0779373,0.1013539,0.1072537,0.12348,
562,1e-07,0.0001016,9.95e-05,0.0009157,0.0014937,0.0033901,0.0034514,0.0138395,0.0249619,0.0191995,0.029837,0.0788141,0.0820293,0.1285062,
563,1e-07,9.94e-05,0.0010756,0.0004939,0.0013458,0.0011112,0.0006888,0.0100477,0.005091,0.0459566,0.0346275,0.0743376,0.0898286,0.1673754,
564,1e-07,0.0016384,0.0009301,0.0012842,0.000758,0.0010104,0.001255,0.0064684,0.0507596,0.0487173,0.0397792,0.0825562,0.1009577,0.1764828,
565,1e-07,9.87e-05,9.54e-05,0.0006167,0.001188,0.0008881,0.0018613,0.0015805,0.0115816,0.0197348,0.0152492,0.0679603,0.0632625,0.0956104,
566,0.0,0.001322,9.36e-05,0.0013412,0.0007488,0.0008913,0.0010633,0.0123305,0.0252585,0.0558413,0.0424458,0.0655133,0.071676,0.0462833,
567,0.0,0.0001017,9.31e-05,0.001288,0.0007428,0.001265,0.0013312,0.0057059,0.0131055,0.0273037,0.0079023,0.0462765,0.0613739,0.031021,
568,0.0,0.0001004,0.0009416,0.0004925,0.0014805,0.0004322,0.0021371,0.0008082,0.0044088,0.0328383,0.0116675,0.0484795,0.1002285,0.0274669,
569,0.0,9.82e-05,9.2e-05,0.0004971,0.0007426,0.0010235,0.0008014,0.0014175,0.02283,0.0392792,0.0147248,0.0311555,0.0517217,0.018512,
570,0.0,9.9e-05,9.36e-05,0.0006247,0.0009939,0.0011814,0.0006953,0.0018909,0.022316,0.0246688,0.0391612,0.0383994,0.0354768,0.0096477,
571,1e-07,9.98e-05,0.0014525,0.000628,0.0013162,0.0012517,0.0008016,0.001151,0.0146162,0.0201099,0.0357306,0.0534316,0.0705817,0.0245287,
572,0.0,9.76e-05,9.09e-05,0.0005003,0.0009956,0.0015385,0.0006992,0.0017912,0.0090369,0.0195813,0.026112,0.0484059,0.0381681,0.0228724,
573,0.0,9.65e-05,9.3e-05,0.0009724,0.0007989,0.0006639,0.0008022,0.0024173,0.0081041,0.0146018,0.0190523,0.0198818,0.0208225,0.0510987,
574,0.0,9.8e-05,0.0009379,0.0005019,0.0004438,0.000432,0.0010751,0.0024501,0.0092891,0.0183877,0.0194718,0.0358178,0.0319468,0.0440547,
575,1e-07,9.79e-05,0.0016655,0.0019249,0.0012092,0.0012865,0.0006973,0.0038382,0.0154791,0.0223017,0.0187854,0.0445481,0.0345673,0.025306,
576,0.0,9.56e-05,0.0009929,0.000627,0.0004381,0.0010308,0.0012575,0.0015102,0.0231861,0.0238845,0.0336576,0.0305377,0.0171622,0.03895,
577,0.0,9.61e-05,0.0010154,0.0016312,0.0004439,0.0019824,0.0010815,0.0017777,0.0212416,0.0356007,0.0268576,0.0484269,0.0402925,0.0403403,
578,1e-07,9.75e-05,0.0021766,0.0014894,0.0008051,0.0017449,0.0010814,0.0077773,0.0333742,0.0293782,0.0294729,0.0400366,0.0574206,0.0418991,
579,1e-07,9.56e-05,0.0014539,0.0014862,0.0004427,0.0016449,0.0009404,0.0072825,0.0273104,0.0149823,0.0715642,0.049433,0.0559142,0.0606962,
580,0.0,0.0009612,0.0009376,0.0006293,0.000442,0.0004301,0.0007972,0.0065446,0.0173369,0.0132532,0.0644406,0.0731859,0.0506314,0.0640197,
581,0.0,0.000963,0.0010671,0.0009934,0.0013718,0.0016743,0.0008026,0.0053732,0.0060928,0.0159047,0.085575,0.0392121,0.0396675,0.0599548,
582,0.0,9.34e-05,0.0013616,0.0014359,0.0014416,0.0004359,0.0004861,0.0055029,0.0200703,0.0277358,0.0701434,0.0295329,0.0296393,0.0464429,
583,1e-07,0.0013592,9.55e-05,0.0012311,0.0004445,0.001821,0.0013837,0.0092332,0.0264958,0.0669816,0.0620915,0.0297002,0.0397142,0.0393678,
584,1e-07,9.01e-05,0.0009937,0.0005231,0.0013368,0.0011996,0.0066446,0.0244746,0.0358399,0.0982616,0.0628999,0.0478011,0.1195649,0.101478,
585,1e-07,9.15e-05,0.0009343,0.0013208,0.0020579,0.0021512,0.0052875,0.0158684,0.0242081,0.0326993,0.0335214,0.0550846,0.046466,0.0496793,
586,1e-07,9.36e-05,9.96e-05,0.0013632,0.0016352,0.0056171,0.0062847,0.0232477,0.0175192,0.0335169,0.027096,0.0631148,0.0338724,0.031681,
587,1e-07,0.0013305,9.98e-05,0.0006237,0.0029021,0.0026319,0.0031512,0.0140314,0.0212966,0.0090313,0.0357449,0.055246,0.0419022,0.039893,
588,1e-07,9.63e-05,0.0001018,0.000508,0.0022314,0.0026018,0.0041693,0.0096944,0.0249113,0.0336745,0.048221,0.0313897,0.0515325,0.0486672,
589,1e-07,9.52e-05,0.0001026,0.0009611,0.0013381,0.0026018,0.0038451,0.0237257,0.0372104,0.0762416,0.0462034,0.0194588,0.0383368,0.0312492,
590,0.0,9.64e-05,0.0014191,0.0012393,0.0014513,0.0022374,0.0009414,0.0092517,0.018583,0.0281424,0.0147507,0.0264088,0.049525,0.0271678,
591,0.0,9.55e-05,0.0014587,0.0006304,0.0018136,0.0012027,0.0013938,0.0087065,0.0152547,0.0317621,0.0190626,0.0278998,0.068423,0.0250883,
592,0.0,9.77e-05,0.0021993,0.0010578,0.0007999,0.0013065,0.0011397,0.0038457,0.0060027,0.0521788,0.0223174,0.065265,0.0358147,0.0448502,
593,0.0,9.93e-05,9.74e-05,0.0008913,0.000459,0.0011976,0.0004769,0.0064129,0.0089184,0.0415289,0.0428766,0.0565214,0.0578784,0.0465231,
594,0.0,0.0001013,9.86e-05,0.0006369,0.0007957,0.0006737,0.0013519,0.0038329,0.0096989,0.0225573,0.0317593,0.0506161,0.065532,0.0739322,
595,1e-07,0.0001034,9.76e-05,0.0006396,0.0007242,0.0009691,0.0006827,0.0025133,0.011198,0.0223857,0.0143517,0.0485068,0.0721258,0.0181686,
596,1e-07,0.0001048,9.95e-05,0.0009783,0.0011843,0.0010965,0.0008228,0.0035037,0.0034324,0.0202289,0.0060644,0.0336094,0.0641536,0.040079,
597,0.0,0.0001044,0.0010147,0.0009846,0.0011793,0.000436,0.0008231,0.0020445,0.026727,0.0290328,0.0407047,0.0450205,0.0577432,0.0438223,
598,1e-07,0.0001059,9.96e-05,0.0010614,0.0004645,0.0013888,0.0015561,0.0055504,0.0278514,0.0130149,0.0346012,0.0601327,0.0276261,0.015925,
599,0.0,0.0001054,9.94e-05,0.0004867,0.0009782,0.0021294,0.0009674,0.0075037,0.0051598,0.0119826,0.0517244,0.0302121,0.0292145,0.0551446,
600,0.0,0.0001065,0.0001015,0.0004846,0.0011681,0.0004394,0.0014295,0.0079115,0.0161266,0.0158436,0.0413739,0.0469285,0.054729,0.0685609,
601,0.0,0.0009663,0.0001025,0.0009892,0.001373,0.000672,0.0014248,0.0099376,0.0233545,0.0203176,0.0510926,0.0659457,0.0498053,0.0688674,
602,0.0,0.0009519,0.0001018,0.0016328,0.0004594,0.0012445,0.0020666,0.0020298,0.0118208,0.0255352,0.0388906,0.040176,0.0669117,0.0626776,
603,0.0,0.0001041,0.0009291,0.0009891,0.0004585,0.001016,0.0027275,0.0100982,0.0115459,0.0205345,0.0140586,0.0472206,0.0766852,0.0744664,
604,1e-07,0.0001045,0.0009924,0.0004881,0.0023501,0.001986,0.0022691,0.0035639,0.0067816,0.0252738,0.0546052,0.0458383,0.0466195,0.0516255,
605,1e-07,0.0016791,0.0001049,0.0015507,0.0018632,0.0040363,0.0025685,0.0027114,0.0096614,0.015162,0.0356122,0.0389274,0.0561577,0.0591703,
606,1e-07,0.000101,0.0009333,0.0014424,0.0021572,0.0016485,0.0028521,0.0137486,0.0491023,0.0252865,0.0613897,0.0402441,0.0828593,0.0885784,
607,1e-07,0.000971,0.0001046,0.0013147,0.0013531,0.0016509,0.0039098,0.0269312,0.0421632,0.0413325,0.0218666,0.0497098,0.0724564,0.0853727,
608,1e-07,0.0001035,0.0014137,0.0024387,0.0042031,0.0036105,0.0053956,0.0075439,0.0338318,0.0410902,0.030726,0.0703306,0.0544373,0.0865381,
609,1e-07,0.0001059,0.0001067,0.000484,0.0021483,0.0027532,0.0035322,0.025655,0.037754,0.0530947,0.0069176,0.0679147,0.0334722,0.0159918,
610,1e-07,0.0001075,0.0001083,0.0015013,0.0007718,0.0013984,0.0033874,0.0165707,0.0325115,0.0514793,0.0441841,0.0215409,0.0442832,0.020973,
611,1e-07,0.0001089,0.0001088,0.0006304,0.0011343,0.0006741,0.0024627,0.0021827,0.0231457,0.0346682,0.0342957,0.043113,0.0550411,0.0256229,
612,0.0,0.0001106,0.0010171,0.0004771,0.0017801,0.001621,0.0004559,0.0053121,0.0306583,0.0187279,0.0197997,0.0663019,0.0547195,0.0530171,
