#Time_fs,0,50,100,150,200,250,300,500,750,1000,1250,1500,1750,2000,
1,1e-07,9.44e-05,0.000529,0.0003848,0.0012094,0.000792,0.001429,0.0042021,0.016371,0.0153241,0.0200008,0.0432322,0.0598122,0.0146579,
2,1e-07,0.0013697,0.0005325,0.0025245,0.0010587,0.0011757,0.0013763,0.0042221,0.0192712,0.0245428,0.0342653,0.0150475,0.0522628,0.0330311,
3,1e-07,9.39e-05,0.0005333,0.0009512,0.0006291,0.0006545,0.0013888,0.0032698,0.0105254,0.0170059,0.0398601,0.0231236,0.0469798,0.0361413,
4,1e-07,9.21e-05,0.0014185,0.0009508,0.0008487,0.0012975,0.0009079,0.0072631,0.0143739,0.0241187,0.0394268,0.0252132,0.0541053,0.02284,
5,1e-07,8.99e-05,0.0005329,0.0011873,0.0006259,0.0006446,0.001162,0.0036258,0.0114086,0.0082971,0.0343928,0.018233,0.0208978,0.0185303,
6,1e-07,8.62e-05,0.0005335,0.0013782,0.0014268,0.000659,0.0003119,0.0031939,0.0088777,0.0140179,0.023996,0.0213633,0.0172985,0.009375,
7,1e-07,8.28e-05,0.0015043,0.000385,0.0006152,0.0017903,0.000902,0.0023041,0.0104621,0.0163177,0.0185053,0.0430988,0.0253561,0.0183924,
8,1e-07,8.02e-05,0.000536,0.0003835,0.000615,0.0007969,0.0009007,0.0022587,0.0044597,0.027222,0.0164226,0.0194786,0.0286316,0.055155,
9,1e-07,7.74e-05,0.0005343,0.0010849,0.0012855,0.0006443,0.0009031,0.0043322,0.0037756,0.0199676,0.0129535,0.0150132,0.0242248,0.0503572,
10,0.0,7.53e-05,0.0011556,0.0009497,0.0008635,0.0006618,0.0011575,0.007436,0.0046887,0.0225708,0.0118878,0.0246609,0.0579296,0.042877,
11,0.0,7.21e-05,0.0005238,0.0009489,0.0008499,0.0007944,0.0013947,0.0084475,0.0083646,0.0275303,0.0199096,0.057099,0.0384223,0.0098528,
12,1e-07,7.07e-05,0.0011605,0.0009501,0.0012934,0.0006606,0.001156,0.0049833,0.0051368,0.0199201,0.0309353,0.034125,0.0260228,0.073613,
13,0.0,7.14e-05,0.0005355,0.0019049,0.0006259,0.0006629,0.0003228,0.0057701,0.0060058,0.0083286,0.0148119,0.0105416,0.0561373,0.0721126,
14,0.0,7.05e-05,0.0005214,0.000949,0.0015596,0.0006443,0.0003212,0.0078371,0.0099752,0.0172026,0.0270582,0.020327,0.0696877,0.0381747,
15,0.0,6.71e-05,0.0011027,0.0003811,0.0022862,0.0012965,0.0012265,0.0121655,0.0086648,0.0143089,0.0388165,0.0324786,0.0818155,0.0476774,
16,0.0,6.73e-05,0.0005365,0.0003819,0.0016818,0.001095,0.0014745,0.0073983,0.01127,0.0371444,0.0463096,0.0551315,0.0357195,0.0409972,
17,0.0,6.86e-05,0.0005191,0.0006492,0.0008468,0.001848,0.0019138,0.0099435,0.0149626,0.03666,0.0137249,0.0139375,0.0290039,0.0270877,
18,1e-07,6.66e-05,0.001116,0.0010703,0.0019981,0.0019885,0.0032405,0.0126832,0.01712,0.0133351,0.0230566,0.0170027,0.0432984,0.0676751,
19,1e-07,6.67e-05,0.001109,0.0023667,0.0014134,0.0014963,0.0074222,0.0112104,0.0197321,0.0331406,0.0153522,0.0079849,0.0373885,0.0249035,
20,1e-07,0.001036,0.0005153,0.0035282,0.0041493,0.0132525,0.0138895,0.0164961,0.0091346,0.0208721,0.0327934,0.0231968,0.037119,0.0338348,
21,1e-07,6.52e-05,0.0018112,0.0040855,0.0062271,0.0110735,0.0164947,0.0135833,0.0213781,0.0256947,0.0394432,0.0417389,0.0554253,0.055568,
22,1e-07,0.0014015,0.0009872,0.0031868,0.0122588,0.0123479,0.0140457,0.0140761,0.0584822,0.0309308,0.0354703,0.0513082,0.0839901,0.0589263,
23,2e-07,0.0032984,0.0068122,0.0131276,0.0224283,0.0197719,0.015443,0.036458,0.1068956,0.142308,0.1184174,0.0506743,0.0801493,0.0623625,
24,2e-07,0.0017756,0.0070106,0.0156818,0.0175136,0.0124718,0.0086158,0.0459277,0.0512299,0.0556806,0.0658949,0.0607405,0.0434474,0.0553316,
25,2e-07,0.0031621,0.0144411,0.0141461,0.0103678,0.0104343,0.00901,0.0236287,0.0112584,0.0192242,0.0305494,0.0553167,0.0580904,0.0364165,
26,1e-07,0.0022513,0.0083559,0.0150361,0.0187518,0.0162519,0.012444,0.013846,0.0179639,0.0229546,0.0267312,0.0416405,0.0354998,0.036165,
27,1e-07,0.0020108,0.0027783,0.0079116,0.0138069,0.0107916,0.010132,0.0199899,0.021109,0.0135114,0.0308528,0.0460055,0.0395304,0.044229,
28,1e-07,7e-05,0.0014075,0.0040499,0.0040469,0.0051338,0.0059532,0.019854,0.0262737,0.0082668,0.023679,0.0374749,0.0511874,0.0476905,
29,1e-07,0.0009439,0.0017929,0.0009514,0.0022403,0.0034493,0.0070323,0.0258223,0.04177,0.013447,0.07398,0.0587504,0.0493023,0.0268502,
30,0.0,6.83e-05,0.0005374,0.0016231,0.0010398,0.0013743,0.0023961,0.009189,0.0141208,0.0198472,0.0223355,0.0340415,0.0474712,0.0405155,
31,0.0,6.52e-05,0.0019874,0.000382,0.0014014,0.0006672,0.0011633,0.0023306,0.0168782,0.0232106,0.0187933,0.045662,0.0349636,0.0180464,
32,0.0,6.55e-05,0.0005396,0.0006495,0.000888,0.000645,0.0012028,0.0027953,0.0191423,0.0122453,0.0312593,0.014824,0.0218214,0.044574,
33,1e-07,0.0009445,0.0005205,0.0009524,0.0006366,0.0007956,0.0009133,0.0030139,0.0141749,0.0112199,0.0140482,0.0297029,0.0405106,0.0776258,
34,0.0,6.08e-05,0.0016287,0.000952,0.0013168,0.0006449,0.0003321,0.0031853,0.0157679,0.0030216,0.0363382,0.0414179,0.0583745,0.0720279,
35,0.0,6.3e-05,0.0011497,0.0003815,0.000642,0.0006671,0.0009183,0.0029981,0.0157495,0.0228249,0.0399957,0.0327876,0.0500527,0.0598807,
36,0.0,6.48e-05,0.000539,0.0003826,0.000584,0.0007966,0.0020623,0.0057706,0.0108302,0.0316504,0.023709,0.0208401,0.0636511,0.0350264,
37,0.0,6.79e-05,0.0005167,0.0013817,0.0006402,0.0015747,0.0033376,0.00299,0.0126628,0.013435,0.0234206,0.0294708,0.0314783,0.0467381,
38,0.0,6.92e-05,0.0012628,0.0019088,0.0013041,0.0043462,0.0081222,0.0041251,0.0117993,0.0143141,0.0254372,0.0536789,0.0255444,0.0158758,
39,0.0,0.0010592,0.0005377,0.0006444,0.0034015,0.005242,0.0052032,0.0050464,0.0214211,0.0119985,0.0353813,0.0685575,0.0193105,0.0383143,
40,1e-07,7e-05,0.0005133,0.0009545,0.0029908,0.0063268,0.0126701,0.0062551,0.0430814,0.0087724,0.0493593,0.0356877,0.0249717,0.0586124,
41,1e-07,7.09e-05,0.0017091,0.0040491,0.0044299,0.0101576,0.0155052,0.0136017,0.015427,0.0262266,0.0220325,0.0454054,0.0463246,0.0528084,
42,1e-07,0.0013713,0.0016011,0.002222,0.0037289,0.0076841,0.0103324,0.0096684,0.0178514,0.0305276,0.0102074,0.0260759,0.0489494,0.0475284,
43,1e-07,6.64e-05,0.0005116,0.0019196,0.0019851,0.0022045,0.004397,0.017009,0.0405971,0.0291606,0.0394061,0.0344084,0.0349321,0.0688592,
44,1e-07,0.0017279,0.0005354,0.0011918,0.0008408,0.0035983,0.0051219,0.014307,0.0282915,0.0436721,0.0525835,0.0330381,0.0387773,0.0860087,
45,2e-07,0.0022919,0.0035564,0.0048176,0.004581,0.0080505,0.0094556,0.0131123,0.0394063,0.0828559,0.0578212,0.0542519,0.0397785,0.0504171,
46,2e-07,0.0022835,0.0055433,0.0133877,0.0208927,0.0168344,0.0161463,0.0251201,0.0529379,0.0595753,0.0757317,0.0591188,0.0279394,0.0434031,
47,2e-07,7.36e-05,0.004258,0.0091835,0.010163,0.006799,0.0083758,0.0329182,0.0370982,0.0403965,0.05496,0.0488788,0.0386573,0.0343594,
48,1e-07,0.0009442,0.0011199,0.0018518,0.0017577,0.0032137,0.0061762,0.0320465,0.031744,0.0511514,0.0271404,0.0074189,0.0709014,0.0371015,
49,1e-07,0.0022175,0.002063,0.0018517,0.0052842,0.0044341,0.0060272,0.0295284,0.0591582,0.1045168,0.0796527,0.0458892,0.0910342,0.0485027,
50,1e-07,0.001379,0.0018803,0.0013865,0.0008631,0.0033794,0.0025153,0.017505,0.0606439,0.1043929,0.0810471,0.0414041,0.094587,0.0648191,
51,1e-07,0.0009556,0.0011301,0.0011792,0.0011402,0.0034463,0.002517,0.0072669,0.0430146,0.0578746,0.0521919,0.0467818,0.0547517,0.0605581,
52,1e-07,7.25e-05,0.0005383,0.0003896,0.0029212,0.0019137,0.0024002,0.0122033,0.0455589,0.0501724,0.0705299,0.0445159,0.0586495,0.0388294,
53,1e-07,6.91e-05,0.000509,0.0010752,0.0008804,0.0034853,0.0026421,0.0090767,0.0384023,0.0225783,0.0394102,0.0422819,0.0447752,0.0477598,
54,1e-07,6.87e-05,0.0005103,0.0021059,0.0016236,0.0035663,0.0055295,0.0134201,0.0221697,0.052886,0.0429469,0.087502,0.06472,0.0846962,
55,0.0,6.75e-05,0.000984,0.0010713,0.0008422,0.0006452,0.0050867,0.0156285,0.0292106,0.0084439,0.0174752,0.0648592,0.0464415,0.0471876,
56,1e-07,6.45e-05,0.0012713,0.0014769,0.0013232,0.0013044,0.0022872,0.008097,0.0283639,0.0581654,0.0637664,0.0522965,0.0579974,0.0259495,
57,1e-07,0.0010051,0.0005098,0.0003868,0.000842,0.0006803,0.0029161,0.0087556,0.0185664,0.0319191,0.0223756,0.0215718,0.0171995,0.0287593,
58,1e-07,6.31e-05,0.0005111,0.0011885,0.0005898,0.0018735,0.0007808,0.0152246,0.0248933,0.0366442,0.0434881,0.044024,0.0404182,0.0307585,
59,1e-07,6.08e-05,0.0005107,0.0009555,0.001451,0.0006785,0.0012412,0.0107659,0.0395161,0.0587579,0.0621209,0.0710862,0.0380105,0.0472372,
60,1e-07,6.04e-05,0.0005392,0.0006445,0.0014864,0.0015859,0.0034165,0.0058285,0.0352481,0.0544798,0.0609415,0.0443276,0.0228893,0.0690777,
61,1e-07,0.0014314,0.0012675,0.0003847,0.0015009,0.0038315,0.0048396,0.0205322,0.0290171,0.0242614,0.0574946,0.0382912,0.0287805,0.061126,
62,1e-07,0.0013832,0.0027086,0.0010709,0.0017071,0.0029835,0.0007793,0.0117487,0.0213334,0.0243957,0.050023,0.0568653,0.0728454,0.0676843,
63,1e-07,0.0019487,0.0009834,0.0013807,0.0014816,0.0020813,0.0021339,0.014582,0.0201792,0.019462,0.0879468,0.1041375,0.1310851,0.1203171,
64,1e-07,0.002196,0.0005363,0.001379,0.0017744,0.0078389,0.0124929,0.0280136,0.0182389,0.0432217,0.0948702,0.1139777,0.1446424,0.1455132,
65,1e-07,0.0010131,0.0011294,0.0021585,0.0031747,0.0075228,0.0130931,0.0105345,0.0167548,0.0441747,0.061563,0.067784,0.1114717,0.1174518,
66,1e-07,0.0010117,0.0020621,0.0023801,0.0041371,0.0105485,0.0171675,0.012604,0.0514759,0.0645672,0.0287095,0.0486865,0.0618518,0.0695448,
67,1e-07,0.001444,0.0011213,0.0024324,0.0093042,0.0093524,0.0132304,0.0138794,0.0633697,0.0621225,0.0848055,0.0438329,0.0735334,0.0772977,
68,1e-07,6.19e-05,0.000534,0.0015475,0.002132,0.0031517,0.0017836,0.0064665,0.0221224,0.0488582,0.0595359,0.0300423,0.0323124,0.0681456,
69,1e-07,0.0013544,0.0005337,0.0016941,0.0028765,0.0080735,0.0156891,0.0095485,0.0111681,0.0608553,0.0658761,0.0516582,0.0530084,0.0538041,
70,1e-07,0.0014004,0.0005335,0.001548,0.0013221,0.0022273,0.0075118,0.008758,0.0291365,0.0245029,0.0641298,0.058326,0.05302,0.0592777,
71,1e-07,0.0009476,0.0011102,0.00107,0.002625,0.0011776,0.0048324,0.0135952,0.0235618,0.0367901,0.0594509,0.0812008,0.061713,0.0556713,
72,1e-07,0.001391,0.0011089,0.0013666,0.0011967,0.0038425,0.0104855,0.026313,0.0443003,0.0376409,0.0507093,0.0753767,0.0362964,0.060171,
73,1e-07,0.0009493,0.0015973,0.0010837,0.0017738,0.0020815,0.0022834,0.0122523,0.0227219,0.0513014,0.1063399,0.0890168,0.0761213,0.0424754,
74,1e-07,0.0009494,0.0011148,0.0012935,0.0013002,0.0028933,0.0009358,0.006218,0.0232377,0.0374569,0.0453054,0.0595725,0.0791109,0.0504864,
75,1e-07,0.0009481,0.0012701,0.0009484,0.0022949,0.0018021,0.0008674,0.006562,0.016464,0.0497892,0.0343694,0.0591499,0.0488378,0.0581961,
76,1e-07,0.0009487,0.0018098,0.001694,0.0017799,0.0011601,0.0014936,0.0036672,0.0246393,0.0277402,0.0349207,0.0467327,0.0736968,0.0904803,
77,1e-07,5.78e-05,0.0005161,0.0009507,0.0005746,0.0016346,0.0009311,0.0066132,0.0242369,0.0331371,0.0415114,0.0330941,0.0209451,0.0574643,
78,1e-07,5.63e-05,0.0005156,0.0009518,0.0014776,0.0011583,0.0021982,0.0083077,0.0220141,0.0327473,0.0252448,0.0072077,0.0219607,0.0279684,
79,0.0,5.82e-05,0.0011312,0.0016413,0.0014923,0.0014943,0.0031315,0.0093533,0.02131,0.0230279,0.027992,0.0188534,0.0310799,0.0587548,
80,0.0,6.11e-05,0.001132,0.0013833,0.0013346,0.0010903,0.0012023,0.0021499,0.0289874,0.0522265,0.0261922,0.0064486,0.0851022,0.0749964,
81,0.0,0.0010078,0.0005145,0.0003832,0.0014691,0.00067,0.0014228,0.0035314,0.0234808,0.0197731,0.0151413,0.0868105,0.0706359,0.0646239,
82,0.0,0.0009431,0.0005423,0.0013714,0.000587,0.001383,0.0019916,0.0031238,0.0181122,0.0200276,0.0636872,0.074489,0.0562885,0.0569931,
83,0.0,6.97e-05,0.0005431,0.0012831,0.0005887,0.0013114,0.0003177,0.0024209,0.0156957,0.0242206,0.0770835,0.055785,0.0793994,0.0666408,
84,0.0,0.0013433,0.0005139,0.0003864,0.0008792,0.0006684,0.0012572,0.0054614,0.0051689,0.0319981,0.0453944,0.0508876,0.0483034,0.0567127,
85,0.0,0.000941,0.0011401,0.0009565,0.0006429,0.0006704,0.0017383,0.006779,0.012791,0.0355064,0.044786,0.0424858,0.0518196,0.032301,
86,0.0,7.07e-05,0.0005146,0.0003853,0.0008784,0.0010851,0.0018951,0.0067487,0.0112793,0.0335933,0.0280516,0.0141395,0.0206419,0.0363183,
87,0.0,6.72e-05,0.0005399,0.0014765,0.0006464,0.0018765,0.0028196,0.007267,0.0126548,0.0163211,0.0235884,0.007968,0.0296693,0.0200532,
88,0.0,6.54e-05,0.0005397,0.0003832,0.0008893,0.0006442,0.0012619,0.0020733,0.0105006,0.0362978,0.0256635,0.0219762,0.0396996,0.0055819,
89,0.0,6.24e-05,0.0005389,0.0006477,0.0005813,0.000645,0.002679,0.0074461,0.0129383,0.0310242,0.024579,0.0389431,0.0539626,0.0355275,
90,0.0,6.02e-05,0.0011456,0.000953,0.0013929,0.0019794,0.0003281,0.0043357,0.0188481,0.0100728,0.0259343,0.0441948,0.0431422,0.0624766,
91,0.0,5.88e-05,0.0005393,0.0003806,0.0012128,0.0006703,0.0015338,0.0051761,0.009345,0.0149706,0.0146898,0.0354514,0.0367481,0.0852009,
92,0.0,5.6e-05,0.0005394,0.0006518,0.0008497,0.0010988,0.0009267,0.0053903,0.0057964,0.0249126,0.0475561,0.0393227,0.0680217,0.0895008,
93,0.0,5.72e-05,0.0016281,0.0006513,0.000567,0.0006682,0.0003348,0.0034219,0.0139088,0.020447,0.0518317,0.0917918,0.0918126,0.1401067,
94,0.0,5.95e-05,0.0019856,0.000652,0.0008508,0.0011798,0.0011608,0.0059819,0.0178798,0.0244791,0.0618576,0.0962023,0.1015774,0.117643,
95,0.0,6.16e-05,0.0009714,0.0003795,0.0006364,0.0006443,0.0007851,0.0032642,0.0154577,0.0360783,0.0622726,0.0562619,0.067369,0.0457819,
96,0.0,6.08e-05,0.0009626,0.0010666,0.0008937,0.0007931,0.001212,0.002456,0.036395,0.1145999,0.1115575,0.0712535,0.1011457,0.0902777,
97,0.0,6.39e-05,0.0005234,0.0003795,0.0008871,0.0007938,0.0007856,0.004228,0.0260105,0.0585973,0.042951,0.0402676,0.0487289,0.0403526,
98,1e-07,0.0009438,0.0005392,0.0006507,0.0014427,0.0006614,0.0021905,0.0079246,0.0304912,0.058913,0.0396626,0.0409621,0.0406972,0.0510507,
99,1e-07,0.0009667,0.0005388,0.0006502,0.0005792,0.0006444,0.0012038,0.0156413,0.0583005,0.0255973,0.0121102,0.0461639,0.0239172,0.030969,
100,1e-07,6.97e-05,0.0005417,0.0003798,0.0005786,0.0006558,0.0011498,0.0210099,0.0440737,0.012705,0.0416448,0.0297173,0.0472127,0.0640958,
101,1e-07,7.16e-05,0.0005225,0.0010677,0.0018416,0.000657,0.0014407,0.0167256,0.0048252,0.021504,0.0402692,0.0275921,0.0449579,0.0774842,
102,1e-07,7.38e-05,0.0016418,0.0009556,0.0005852,0.000789,0.0003264,0.00549,0.0157147,0.0179146,0.034182,0.0330157,0.0255194,0.0549615,
103,1e-07,7.5e-05,0.00052,0.0016265,0.0005896,0.0006587,0.001626,0.0040814,0.0219981,0.0223085,0.0272085,0.0249908,0.0476787,0.0283317,
104,1e-07,7.88e-05,0.0011506,0.0003844,0.0008488,0.0007899,0.0008935,0.003139,0.0087404,0.0256958,0.0238648,0.0632001,0.0477887,0.0492324,
105,1e-07,8.12e-05,0.0011489,0.0006426,0.0013015,0.0008022,0.0012305,0.0024864,0.0182,0.039897,0.0234805,0.0658173,0.0683235,0.0783084,
106,1e-07,8.44e-05,0.0005421,0.0003865,0.0012987,0.0006451,0.000897,0.0033338,0.0180869,0.0369885,0.054793,0.0721242,0.0598328,0.0618173,
107,1e-07,8.82e-05,0.001115,0.0009587,0.0006212,0.001075,0.0008958,0.008045,0.0143264,0.0531861,0.0625705,0.0775698,0.0602644,0.0544612,
108,1e-07,9.07e-05,0.0005178,0.0009582,0.0014196,0.000659,0.0011655,0.0054003,0.0272118,0.0396959,0.0682763,0.0438482,0.0633556,0.0438728,
109,1e-07,0.000993,0.0009614,0.0011767,0.000616,0.0016313,0.001436,0.0073028,0.0135681,0.0216147,0.0439954,0.0341331,0.047632,0.0309756,
110,1e-07,8.87e-05,0.0005394,0.0003872,0.0008473,0.0008018,0.001507,0.0050777,0.0154083,0.0075982,0.0294242,0.0187593,0.0446614,0.02647,
111,1e-07,8.7e-05,0.0005376,0.0011872,0.0006157,0.0007891,0.0008975,0.001969,0.0042348,0.0121441,0.010792,0.0196407,0.0394761,0.0254178,
112,1e-07,8.35e-05,0.0005205,0.0003861,0.0006116,0.0006442,0.000313,0.0045775,0.0082064,0.0163348,0.0151246,0.0254154,0.0196743,0.0262982,
113,1e-07,8.17e-05,0.0015024,0.0010839,0.0014207,0.0015679,0.0018941,0.0022584,0.0029452,0.0195364,0.0267787,0.0301928,0.0251165,0.0387742,
114,0.0,0.0009402,0.0017104,0.0009518,0.0008548,0.0006649,0.0039095,0.0051566,0.0029242,0.014608,0.0385379,0.0374138,0.0293796,0.0358445,
115,0.0,7.68e-05,0.0012704,0.0009506,0.0020012,0.0020319,0.00189,0.0078403,0.0075723,0.013498,0.0265891,0.0436753,0.0193534,0.0198196,
116,1e-07,7.75e-05,0.0005183,0.0003861,0.0006125,0.0019809,0.0039867,0.0125438,0.0069361,0.0223273,0.0335251,0.0297425,0.0189871,0.0393581,
117,1e-07,7.43e-05,0.0017131,0.0022161,0.0020218,0.0039951,0.0019547,0.0037849,0.0194019,0.0203831,0.0336264,0.0279322,0.0313182,0.0371961,
118,1e-07,0.0022932,0.0013836,0.0013711,0.0018464,0.0036659,0.0031117,0.0205387,0.0137568,0.0196028,0.0438984,0.0431967,0.0294272,0.037166,
119,1e-07,7.05e-05,0.000531,0.0010688,0.0048776,0.0118179,0.0080516,0.0282395,0.0257609,0.0309645,0.0337698,0.0239792,0.0386603,0.0497961,
120,1e-07,0.0010563,0.0009752,0.0030658,0.0045251,0.0063532,0.0119935,0.023998,0.039696,0.0389543,0.0301056,0.0500399,0.0324621,0.0183391,
121,1e-07,7.08e-05,0.0011494,0.0009477,0.0031305,0.0046598,0.0068703,0.0044875,0.0276708,0.0224526,0.0190592,0.0109997,0.021081,0.0168677,
122,1e-07,7.33e-05,0.0005197,0.000384,0.0006295,0.0017985,0.0024481,0.0046795,0.0240681,0.0189557,0.0284515,0.0210238,0.020191,0.0551824,
123,1e-07,7.61e-05,0.0009828,0.0013693,0.0006121,0.0016334,0.0025274,0.006596,0.0141956,0.0217446,0.0206831,0.0530321,0.0252214,0.0544925,
124,1e-07,0.0009422,0.0009761,0.0013758,0.0013042,0.0015749,0.0025237,0.0032987,0.0056026,0.0321947,0.027298,0.0592147,0.0450275,0.0428139,
125,0.0,0.0017417,0.0005208,0.0011812,0.0015483,0.0007964,0.0012396,0.0009836,0.0021173,0.0247212,0.0085556,0.032938,0.0217848,0.0193959,
126,0.0,8.37e-05,0.0016323,0.0006457,0.0006195,0.0007975,0.0014364,0.0049755,0.0090172,0.0183299,0.0179207,0.0351378,0.024788,0.0078513,
127,0.0,0.0010038,0.0005209,0.0006444,0.0006197,0.0016842,0.0018815,0.0014784,0.0082455,0.0164062,0.0352437,0.0315827,0.0227579,0.0421625,
128,0.0,8.71e-05,0.0015011,0.0010826,0.0006221,0.0007847,0.0012418,0.001376,0.0079621,0.0164656,0.0262081,0.0101143,0.0272398,0.0253628,
129,1e-07,8.85e-05,0.0005191,0.0013805,0.0006221,0.0014943,0.0016836,0.0022031,0.0114283,0.015658,0.0418253,0.0430282,0.0408655,0.0512916,
130,1e-07,0.0009425,0.0005377,0.0013814,0.0010395,0.0019715,0.0033719,0.0037124,0.005031,0.0202949,0.0474783,0.0426249,0.0305398,0.0327519,
131,1e-07,9.2e-05,0.0005375,0.0003901,0.000621,0.0023762,0.0040095,0.0066785,0.0231097,0.039679,0.047023,0.0297288,0.0206586,0.0354368,
132,1e-07,9.42e-05,0.0017047,0.0009586,0.0008374,0.0017087,0.0024178,0.007235,0.0172823,0.0462661,0.0333917,0.0538938,0.0468721,0.0258219,
133,1e-07,9.24e-05,0.0011282,0.0009585,0.0016434,0.0010734,0.0016168,0.0067322,0.0134476,0.0369282,0.0618844,0.0605986,0.048765,0.0363007,
134,1e-07,8.87e-05,0.000539,0.0021659,0.0022442,0.0029606,0.0043534,0.0130684,0.0182496,0.0237158,0.0419059,0.0624953,0.0286668,0.0385554,
135,0.0,8.84e-05,0.0009804,0.0033327,0.0031725,0.0047811,0.0092672,0.0118354,0.0222656,0.0192913,0.0444322,0.0244341,0.0184727,0.0222739,
136,0.0,8.69e-05,0.0005359,0.0006411,0.0031683,0.0067236,0.0091029,0.0061912,0.0347345,0.0288925,0.0319399,0.0212393,0.0138877,0.0377451,
137,0.0,8.93e-05,0.0005169,0.000954,0.002084,0.0068116,0.0059979,0.010424,0.0211283,0.0239509,0.0451135,0.0342016,0.017146,0.0562001,
138,0.0,0.0017383,0.0019726,0.0018522,0.0039233,0.0044582,0.0020709,0.007874,0.0287459,0.0459732,0.0352366,0.0384825,0.0322979,0.0320662,
139,1e-07,8.53e-05,0.0011063,0.0042092,0.003925,0.0043238,0.0061125,0.0102776,0.0210009,0.0275839,0.0104393,0.0207008,0.0093494,0.0154355,
140,1e-07,8.23e-05,0.0023446,0.0070341,0.0095504,0.0176631,0.0157947,0.0269101,0.0405182,0.0177332,0.0286585,0.0280219,0.0159595,0.0191077,
141,1e-07,0.0014639,0.003188,0.0031515,0.0047747,0.008901,0.0122173,0.0180756,0.0085553,0.0428684,0.039206,0.0584054,0.0279207,0.0517069,
142,1e-07,0.0020159,0.0054938,0.0148643,0.0228523,0.0118462,0.0131219,0.0308962,0.084048,0.0617266,0.074804,0.0819549,0.0549442,0.0645456,
143,1e-07,0.0028785,0.0180883,0.0238356,0.0218221,0.0168894,0.0176428,0.011055,0.0503189,0.0824674,0.0362209,0.0721536,0.0344187,0.0705985,
144,1e-07,0.0014239,0.0020061,0.0003869,0.0148031,0.0163002,0.0198987,0.0238825,0.0075607,0.0443946,0.0240124,0.0324357,0.0381736,0.0426868,
145,1e-07,0.0013876,0.0035658,0.0076833,0.0138768,0.0147818,0.0176388,0.0180055,0.0133473,0.0351795,0.0506616,0.0614557,0.0097705,0.0330496,
146,1e-07,0.0009572,0.0021568,0.0058868,0.0109615,0.0139619,0.0126825,0.0098514,0.0111478,0.033078,0.0570995,0.042467,0.0339263,0.0320662,
147,0.0,7.51e-05,0.0021578,0.0013789,0.0030766,0.0052898,0.0065638,0.0112962,0.0093816,0.0219398,0.0316516,0.0206787,0.0404776,0.0271172,
148,0.0,7.57e-05,0.0012655,0.0003853,0.0010391,0.0041653,0.0053474,0.0116571,0.0072235,0.0196027,0.0298313,0.057946,0.0319676,0.0343232,
149,0.0,7.87e-05,0.0005373,0.0015444,0.0006067,0.0024233,0.0066279,0.0095078,0.0036441,0.0175361,0.0063176,0.0390176,0.0164486,0.0294281,
150,1e-07,7.84e-05,0.0005382,0.0016252,0.0006024,0.0006443,0.0016978,0.0050292,0.0063753,0.0209471,0.0140979,0.0429706,0.0154494,0.0356054,
151,1e-07,8e-05,0.0005389,0.0006458,0.000618,0.0019773,0.0011844,0.0079082,0.0061037,0.0169771,0.022028,0.0181098,0.0291758,0.0612291,
152,1e-07,7.81e-05,0.0005238,0.0013808,0.001043,0.0006555,0.000323,0.0022391,0.008785,0.0159489,0.0209392,0.0305108,0.0085802,0.0679269,
153,1e-07,7.89e-05,0.0005251,0.0003821,0.0014177,0.0011795,0.0003256,0.0043779,0.0042267,0.0188275,0.032175,0.0426726,0.0298737,0.0486156,
154,2e-07,7.74e-05,0.0005409,0.0003808,0.0006121,0.0011786,0.0013942,0.0031794,0.007927,0.0306491,0.0291067,0.0616416,0.0354564,0.0369508,
155,1e-07,7.39e-05,0.0012872,0.0003805,0.0008536,0.0006451,0.0018913,0.0089286,0.0149583,0.0310048,0.0381784,0.0789761,0.0369679,0.0181714,
156,1e-07,0.0010143,0.0005243,0.0010884,0.0005861,0.0007971,0.0014584,0.0013194,0.0204066,0.0332058,0.0539357,0.065903,0.0531285,0.0759419,
157,1e-07,7.43e-05,0.000539,0.0006483,0.0006215,0.0012958,0.0012213,0.0009669,0.0123131,0.0154409,0.0367417,0.0478355,0.0158136,0.0441881,
158,1e-07,7.64e-05,0.0005217,0.0010873,0.0005934,0.0017868,0.0014558,0.0036116,0.0135066,0.0166578,0.0399646,0.0510818,0.0309518,0.0392596,
159,1e-07,0.0009575,0.0005203,0.0009546,0.0008484,0.0019804,0.0012582,0.004941,0.0068004,0.0070339,0.0084764,0.0245411,0.0152221,0.0261852,
160,1e-07,7.9e-05,0.0005393,0.0011762,0.0024144,0.0017169,0.0018879,0.0054034,0.0132931,0.0195129,0.0095269,0.0409441,0.0275611,0.0449911,
161,1e-07,7.89e-05,0.0011491,0.0016267,0.0020187,0.004023,0.0089109,0.0128589,0.0059938,0.0295497,0.0109337,0.0384162,0.0226005,0.0484246,
162,0.0,7.65e-05,0.0034078,0.0082848,0.0150171,0.0214655,0.0249921,0.0142124,0.0173008,0.0328161,0.0190207,0.0298031,0.0481649,0.0407556,
163,0.0,0.001004,0.0055841,0.0144056,0.0238987,0.022734,0.0272996,0.0287929,0.0103177,0.0380642,0.020265,0.0308152,0.0156902,0.0336548,
164,1e-07,0.0014243,0.0032472,0.0075975,0.0076295,0.0081876,0.0083179,0.0108166,0.0355102,0.0410429,0.0577529,0.0535689,0.0592371,0.0336743,
165,1e-07,0.0049209,0.0126498,0.0180606,0.0184326,0.0126902,0.0176056,0.0259044,0.0436063,0.00754,0.0606223,0.0472395,0.0434647,0.0347528,
166,1e-07,0.0014202,0.0161197,0.0134331,0.0058434,0.0107481,0.0154437,0.0452721,0.0361846,0.0339163,0.0525087,0.0487296,0.0459114,0.059967,
167,1e-07,0.001377,0.0062534,0.0150112,0.0168072,0.0332875,0.0329349,0.0344176,0.0499644,0.0312537,0.0732824,0.0404686,0.0570896,0.0526151,
168,1e-07,0.0023753,0.0075888,0.0060374,0.0183299,0.0257926,0.02896,0.0472747,0.0541856,0.0240161,0.0695831,0.0703834,0.0226191,0.0328194,
169,1e-07,0.0010666,0.0019943,0.0019094,0.0010311,0.0084414,0.0179693,0.0185603,0.0494211,0.0269264,0.0644635,0.030638,0.0558971,0.0416968,
170,1e-07,0.0014565,0.0005143,0.002819,0.0019395,0.0040805,0.0046443,0.0185182,0.0154815,0.0479661,0.0449489,0.0592776,0.0585026,0.0911307,
171,0.0,0.0009383,0.0012566,0.0033341,0.0077391,0.0086983,0.0061065,0.02606,0.0310171,0.0370843,0.0222473,0.0490929,0.0401645,0.0156173,
172,0.0,0.0014587,0.0014126,0.0068952,0.0112563,0.0101977,0.0074161,0.0083011,0.0233022,0.0338758,0.0289214,0.0600096,0.0503313,0.0483995,
173,0.0,0.0010639,0.0020754,0.0082335,0.0081937,0.007339,0.0064944,0.0159205,0.0242825,0.0217624,0.0368042,0.0453956,0.0311602,0.0469223,
174,0.0,8e-05,0.0009679,0.0009553,0.0027236,0.0070138,0.0124916,0.0235692,0.0129555,0.0202361,0.0391265,0.0370552,0.0466166,0.0345119,
175,0.0,7.83e-05,0.0005398,0.0003871,0.0016679,0.0011693,0.0016293,0.0067137,0.0215876,0.0347359,0.0298373,0.0317746,0.0516084,0.041087,
176,1e-07,7.73e-05,0.0005408,0.001373,0.0014302,0.0018902,0.0007868,0.0014776,0.0096748,0.0297762,0.0138083,0.0277882,0.0442082,0.028871,
177,1e-07,7.38e-05,0.0005408,0.0010717,0.000874,0.0007838,0.0011597,0.0046087,0.0068493,0.0222422,0.0109496,0.0407493,0.0383043,0.0187798,
178,1e-07,7.35e-05,0.0013918,0.0013843,0.0008467,0.001171,0.0020169,0.0016962,0.0047513,0.0221433,0.0344496,0.0600694,0.0560415,0.0244951,
179,1e-07,7.44e-05,0.0005405,0.0009567,0.000638,0.0006443,0.0014617,0.0065778,0.0041237,0.0239573,0.0212398,0.0650903,0.0479132,0.0291246,
180,1e-07,7.76e-05,0.0005425,0.0011886,0.0011933,0.0008024,0.0022725,0.0071542,0.0073913,0.0070371,0.0375916,0.0467131,0.0325842,0.0264768,
181,1e-07,8.02e-05,0.0005148,0.0014767,0.0019176,0.0018794,0.0017729,0.0196599,0.0131699,0.0292562,0.0467918,0.0449514,0.0534894,0.0261313,
182,1e-07,8.35e-05,0.0017033,0.0006402,0.000844,0.0011672,0.0033666,0.0146956,0.0207332,0.0186834,0.0368969,0.0609093,0.0815985,0.0312734,
183,1e-07,8.64e-05,0.0012649,0.0013834,0.0019353,0.0035209,0.0029354,0.0162176,0.0170441,0.0568182,0.0817776,0.0550159,0.0494018,0.0244014,
184,1e-07,8.61e-05,0.0005408,0.0003906,0.0017465,0.0059063,0.0072259,0.013606,0.0184756,0.0198765,0.0535888,0.032733,0.0395581,0.0598458,
185,0.0,8.37e-05,0.0005127,0.0010698,0.0025347,0.0055306,0.0054314,0.020318,0.0218495,0.0180941,0.0671433,0.0655475,0.0501729,0.0593692,
186,0.0,0.0013821,0.0016073,0.0016328,0.0031005,0.0075284,0.011441,0.0443688,0.0315491,0.0144643,0.0466241,0.080166,0.0548827,0.069593,
187,1e-07,7.77e-05,0.0016134,0.0042905,0.0073731,0.0090699,0.0108649,0.0389875,0.0226357,0.0260093,0.0632581,0.0863365,0.0865862,0.1113864,
188,1e-07,0.0013717,0.0026456,0.0049865,0.0096104,0.0093036,0.0112491,0.0352797,0.0275732,0.0248813,0.0824881,0.055774,0.0856367,0.1142625,
189,1e-07,0.0036164,0.0132531,0.0314169,0.0361771,0.0254219,0.0214616,0.0474178,0.0877975,0.1275025,0.1258097,0.1598573,0.1449345,0.1632743,
190,1e-07,0.0016685,0.0066579,0.0108123,0.0183971,0.0312445,0.0308028,0.0561254,0.0981914,0.1359641,0.1783113,0.2117332,0.2103475,0.2195568,
191,1e-07,0.000999,0.0049998,0.0071472,0.0136968,0.0185091,0.0352806,0.0892971,0.1053192,0.1517248,0.2096725,0.2330356,0.2399891,0.2503933,
192,1e-07,0.0043011,0.0090886,0.0129026,0.0187412,0.0161713,0.0253538,0.0494753,0.0579173,0.0553107,0.0540689,0.0933644,0.0559188,0.0833686,
193,0.0,9.07e-05,0.0014033,0.0040443,0.0085019,0.0086862,0.01133,0.0261689,0.0568205,0.0348917,0.013846,0.0222934,0.024087,0.0324694,
194,0.0,9.14e-05,0.0014078,0.0015426,0.0011653,0.0026772,0.0056039,0.0179774,0.0510363,0.1094904,0.0936543,0.1353646,0.1115309,0.0759096,
195,0.0,0.0013734,0.0011397,0.0016335,0.0008357,0.0046161,0.0069295,0.026918,0.086574,0.1619922,0.1470003,0.16378,0.1413851,0.1160456,
196,0.0,9.71e-05,0.0011426,0.0013798,0.0027062,0.0024251,0.0040978,0.0185649,0.0213302,0.0309578,0.0983215,0.0934167,0.0741209,0.1149948,
197,1e-07,9.71e-05,0.0005153,0.0011811,0.0010336,0.0017163,0.003642,0.0046475,0.0132967,0.05667,0.0450181,0.0355977,0.0324373,0.0639387,
198,1e-07,9.95e-05,0.0005164,0.0006369,0.0008262,0.0010614,0.0031083,0.0078029,0.0151099,0.0348274,0.0443549,0.0265997,0.0393689,0.028029,
199,1e-07,0.0001003,0.0005366,0.0003915,0.0008446,0.0014846,0.0017751,0.0050475,0.0051416,0.02692,0.0339289,0.0215738,0.0234008,0.0360695,
200,1e-07,0.0013603,0.0005188,0.0013818,0.0006337,0.0014838,0.0017357,0.001412,0.011866,0.0312941,0.0154882,0.0192023,0.019516,0.0281598,
201,1e-07,0.0009323,0.0012788,0.0003904,0.000847,0.0007969,0.0009222,0.0042519,0.0091799,0.0365003,0.0545188,0.0135341,0.0198773,0.0362077,
202,2e-07,0.0013573,0.0005211,0.0010844,0.0006286,0.0013861,0.0009185,0.0033435,0.0106057,0.0159497,0.0315851,0.0207184,0.0112774,0.0231634,
203,1e-07,9.68e-05,0.0009713,0.0006409,0.0006289,0.0006451,0.0003058,0.002821,0.0051103,0.0223104,0.0260965,0.0270595,0.0318998,0.0348513,
204,1e-07,0.0001003,0.0005212,0.0009565,0.0006362,0.0017148,0.0011765,0.0013664,0.0062283,0.0258045,0.022821,0.0240891,0.0394659,0.0173497,
205,2e-07,0.0001017,0.0011129,0.0006398,0.000634,0.0007984,0.0003054,0.0009875,0.0093011,0.0246251,0.008841,0.0122544,0.0297551,0.008562,
206,2e-07,9.83e-05,0.0005382,0.0013854,0.0011997,0.0006447,0.0015183,0.0051445,0.0013463,0.0136778,0.0032371,0.0326402,0.0452254,0.0222953,
207,1e-07,9.88e-05,0.0005233,0.0006421,0.0006331,0.0007949,0.000886,0.0071141,0.014259,0.0158373,0.0081122,0.0220606,0.0539846,0.0302716,
208,1e-07,0.001073,0.0005237,0.0010763,0.0006378,0.0013,0.0012386,0.0030285,0.0100687,0.0121304,0.0213551,0.0269635,0.0462716,0.0410307,
209,2e-07,0.000101,0.0005251,0.0017678,0.0005974,0.0006447,0.0011756,0.001005,0.0010453,0.0140328,0.0154957,0.0306744,0.0477698,0.0386994,
210,1e-07,9.86e-05,0.0005362,0.0006428,0.0010579,0.0006447,0.0009159,0.0010531,0.004588,0.0074057,0.0143014,0.0280391,0.0556665,0.0412989,
211,1e-07,0.0001019,0.0005256,0.0006427,0.0008507,0.0008007,0.0003063,5.34e-05,0.0033507,0.0160184,0.0134071,0.0201715,0.0690081,0.0368446,
212,2e-07,0.0001039,0.0005269,0.0013804,0.0005929,0.0006472,0.0021945,0.0010072,0.0065016,0.0152863,0.0205633,0.0475852,0.0463921,0.0425745,
213,2e-07,0.0010165,0.0011003,0.0003865,0.0010849,0.0006467,0.0003121,0.0017165,0.0070502,0.0236303,0.0293644,0.0442177,0.0605916,0.043979,
214,1e-07,0.0001,0.0009679,0.0003867,0.001256,0.0007995,0.0003101,0.0035956,0.0145656,0.0162869,0.0107802,0.040502,0.0586567,0.0624355,
215,1e-07,0.000104,0.0005281,0.0006433,0.0013946,0.0008,0.0003082,0.005736,0.0320489,0.0221056,0.0256598,0.0138797,0.070926,0.0180594,
216,1e-07,0.0001058,0.0010947,0.0006423,0.0008514,0.0016895,0.0011537,0.0024069,0.0200497,0.0245521,0.0270703,0.0148347,0.0651056,0.0374663,
217,2e-07,0.0001086,0.0005264,0.000641,0.0005907,0.0008019,0.0007967,0.0075278,0.0054913,0.0274904,0.020376,0.0347322,0.0397343,0.0518286,
218,1e-07,0.0010159,0.0011006,0.0010686,0.0010587,0.0007996,0.0019642,0.0059401,0.0030632,0.0195142,0.0359542,0.0238903,0.0397294,0.0471556,
219,2e-07,0.0013509,0.001272,0.000639,0.0005933,0.0008035,0.0007963,0.0030426,0.0111138,0.0155393,0.0429091,0.0971114,0.0153631,0.0580296,
220,2e-07,0.000112,0.0011056,0.0010829,0.0006493,0.0013842,0.0009318,0.0040333,0.0107936,0.0114326,0.0405648,0.0360532,0.0502389,0.0639444,
221,2e-07,0.0001151,0.0011087,0.0006374,0.0014579,0.0020387,0.0009356,0.0038216,0.0088276,0.0133219,0.0531458,0.0261776,0.0574828,0.0250594,
222,2e-07,0.0001171,0.0005256,0.0006372,0.0006514,0.0013889,0.0011378,0.0038384,0.0091602,0.0133912,0.0473827,0.0727247,0.0706834,0.0215151,
223,2e-07,0.0001187,0.0005244,0.0014773,0.0013656,0.0008094,0.0011977,0.0015133,0.0139612,0.0223,0.049776,0.0707568,0.0656497,0.045528,
224,2e-07,0.0001171,0.0005236,0.0006362,0.000648,0.0006452,0.0009376,0.0031464,0.0234348,0.0296023,0.047562,0.0761557,0.0047075,0.0243254,
225,2e-07,0.0001151,0.0012784,0.0016288,0.0006467,0.0013928,0.0007995,0.0015113,0.008795,0.0080566,0.0482513,0.0573363,0.0266014,0.0322432,
226,2e-07,0.000113,0.0005219,0.000635,0.0005973,0.0013056,0.0003037,0.0022329,0.0263515,0.0179224,0.0368154,0.0188711,0.0284011,0.0878463,
227,2e-07,0.0001096,0.0011134,0.0010765,0.0006374,0.0006469,0.0009305,0.0028622,0.0279221,0.0302787,0.0446411,0.024449,0.0313237,0.0743729,
228,2e-07,0.0001123,0.0005196,0.0003928,0.0012738,0.0018654,0.0014878,0.0051553,0.0357087,0.0276954,0.006645,0.0125293,0.0323651,0.0632563,
229,2e-07,0.0001145,0.0005196,0.0006339,0.0006479,0.0013963,0.0009372,0.005883,0.0187651,0.0174842,0.0477604,0.0112171,0.038321,0.0260731,
230,2e-07,0.000111,0.0014992,0.0011889,0.0006457,0.0013917,0.0009333,0.0033927,0.0094222,0.029865,0.0310285,0.0321886,0.0365095,0.0313138,
231,2e-07,0.0009293,0.0012727,0.0010837,0.0008465,0.0019311,0.0009323,0.0042019,0.0108239,0.0360008,0.0354852,0.0396289,0.0322961,0.0258208,
232,2e-07,0.0001134,0.0005414,0.000963,0.0006502,0.0013102,0.0011492,0.0063805,0.0121203,0.0161392,0.0339615,0.0575716,0.0492042,0.0202718,
233,2e-07,0.00099,0.0011485,0.0006343,0.001832,0.0006546,0.0009362,0.0087509,0.0100026,0.0175852,0.0583642,0.0679836,0.0664196,0.0424661,
234,1e-07,0.001076,0.0009745,0.0003933,0.0019363,0.0019228,0.0011531,0.0069874,0.0070178,0.0244273,0.0896548,0.0847095,0.0398745,0.0894148,
235,1e-07,0.0001082,0.0005161,0.0010805,0.0015713,0.0013976,0.0020497,0.0019788,0.02626,0.0245248,0.0557144,0.0772745,0.0577629,0.0985436,
236,1e-07,0.001748,0.0005162,0.0006335,0.0006567,0.001317,0.001259,0.0119324,0.0244217,0.0290835,0.0468135,0.0217627,0.0509835,0.0392265,
237,1e-07,0.0001091,0.0005365,0.0006348,0.0006545,0.001315,0.001912,0.0037772,0.0220989,0.0295107,0.0572424,0.0593407,0.051311,0.0394606,
238,1e-07,0.0010144,0.0005164,0.0011794,0.0006139,0.0006607,0.0013829,0.0121952,0.0241361,0.0413663,0.0333773,0.0635199,0.0373461,0.0316461,
239,1e-07,0.0001042,0.0005177,0.0006362,0.0008448,0.0006579,0.0012435,0.0102028,0.0152345,0.0270738,0.0393123,0.0517082,0.0144949,0.0427402,
240,1e-07,0.000102,0.0011133,0.001547,0.0008454,0.0006565,0.000924,0.0074177,0.0091721,0.0172975,0.0234614,0.0200801,0.0156949,0.0431646,
241,2e-07,0.0001043,0.0005181,0.0006358,0.0019023,0.000645,0.0020776,0.0050712,0.0081826,0.0262877,0.0359797,0.0312302,0.0266866,0.0606189,
242,2e-07,0.0013512,0.0009557,0.0013893,0.0008477,0.0006449,0.0003038,0.0057772,0.0170791,0.0193332,0.0336506,0.05889,0.0296817,0.0465969,
243,2e-07,0.0001022,0.0005198,0.0009625,0.001051,0.000645,0.0003076,0.0038017,0.0033745,0.0259625,0.0622121,0.0828149,0.0342909,0.0616812,
244,2e-07,0.0001032,0.0005456,0.0006377,0.0006223,0.0013035,0.0016745,0.0030732,0.009517,0.0352239,0.0240491,0.0745704,0.0257823,0.0841137,
245,2e-07,9.91e-05,0.0005453,0.0009621,0.0006172,0.0016964,0.0016391,0.0028966,0.008096,0.0451697,0.0151019,0.067756,0.0642687,0.0798128,
246,2e-07,9.9e-05,0.0011117,0.0010864,0.0006219,0.0013857,0.0009176,0.0065115,0.0089997,0.0468066,0.0307789,0.042783,0.0466833,0.0650916,
247,2e-07,0.0001018,0.0005226,0.0010863,0.0008506,0.0006449,0.0003112,0.0059867,0.0144117,0.034077,0.0210866,0.0345402,0.056733,0.0674213,
248,2e-07,9.97e-05,0.0009489,0.0006397,0.0006171,0.0010693,0.0003149,0.0024361,0.0152597,0.0182126,0.0093542,0.0234587,0.0759481,0.0931404,
249,2e-07,9.64e-05,0.0011486,0.0006409,0.001774,0.0012982,0.0009132,0.0074145,0.0074018,0.004801,0.0282349,0.00588,0.0789806,0.1023715,
250,2e-07,0.0009318,0.000542,0.0006411,0.0010591,0.0006449,0.0009164,0.0047211,0.0106966,0.0329728,0.034187,0.0390152,0.0278518,0.0921527,
251,2e-07,0.0014461,0.0005257,0.0003861,0.0012253,0.0008055,0.0017809,0.0031323,0.0231941,0.0369074,0.0403993,0.0447671,0.0531377,0.0790099,
252,2e-07,0.0017261,0.0005266,0.0006427,0.0006143,0.0008023,0.0009123,0.0034719,0.0154227,0.0383711,0.0265999,0.0324511,0.0495356,0.0958402,
253,2e-07,9.88e-05,0.0011024,0.001189,0.0008531,0.0011768,0.000915,0.0009866,0.0093579,0.0260862,0.0400752,0.0319038,0.0598282,0.0744058,
254,2e-07,0.0001024,0.0011024,0.0003867,0.0008538,0.000645,0.0007979,0.0032274,0.0056457,0.015521,0.0356578,0.0397186,0.036611,0.0597128,
255,2e-07,0.0001006,0.0009497,0.0003854,0.0014262,0.0008064,0.0011721,0.003166,0.0081524,0.0259652,0.0138973,0.057838,0.0599193,0.0726089,
256,2e-07,9.95e-05,0.0005405,0.0011893,0.0012336,0.0006449,0.0009151,0.0045707,0.0121287,0.0139592,0.0153157,0.0249956,0.0227452,0.0592838,
257,2e-07,0.0001033,0.0005399,0.0006423,0.0014188,0.0016954,0.0012497,0.0016831,0.0053303,0.028777,0.0072555,0.026375,0.0360566,0.0347511,
258,2e-07,0.0001062,0.0014055,0.0025198,0.0008556,0.0006391,0.0003163,0.0033992,0.0272937,0.0318006,0.0183866,0.0138913,0.0853848,0.0594389,
259,2e-07,0.0001078,0.000541,0.0006402,0.0014405,0.0013819,0.0007987,0.0042774,0.0142399,0.0205403,0.0207419,0.0233609,0.0422397,0.0560944,
260,2e-07,0.000108,0.000526,0.0009599,0.001087,0.0006413,0.0009252,0.0040157,0.0090052,0.0226145,0.0250736,0.0216514,0.0407726,0.0629779,
261,2e-07,0.0001057,0.0011597,0.0010743,0.000852,0.000805,0.0009243,0.0024481,0.0040862,0.0351689,0.0501424,0.0121655,0.0212753,0.0394455,
262,2e-07,0.0001092,0.0005423,0.0006376,0.0006357,0.0006439,0.0014374,0.0014633,0.0037037,0.0247472,0.0463454,0.0235812,0.0101041,0.0274071,
263,2e-07,0.0001107,0.000541,0.0010846,0.0008519,0.0008057,0.0008677,0.001463,0.0181683,0.0281271,0.0345613,0.0162229,0.0310244,0.0355553,
264,2e-07,0.0010238,0.0011045,0.0006391,0.0006391,0.0008047,0.0011422,0.0014221,0.0096607,0.0173882,0.0396856,0.0382235,0.0400721,0.0339681,
265,2e-07,0.0001084,0.0016415,0.0006375,0.0005981,0.001302,0.0011915,0.001741,0.0040856,0.0174735,0.0086997,0.0352534,0.0469085,0.025746,
266,2e-07,0.0001122,0.000958,0.0006365,0.0010559,0.0006468,0.0003014,0.002512,0.0155153,0.0174539,0.0162897,0.0170058,0.0501006,0.0390532,
267,2e-07,0.0001114,0.000538,0.0006377,0.0018322,0.0010692,0.0003008,0.0025149,0.0073836,0.0136973,0.02434,0.0457617,0.0349063,0.0317193,
268,2e-07,0.0001094,0.0005377,0.0003915,0.0008483,0.0006449,0.0009307,0.0033388,0.0036377,0.0115339,0.0325474,0.0523351,0.0345928,0.0601768,
269,2e-07,0.0001124,0.0011553,0.0003927,0.0005992,0.0017734,0.0009347,0.0030012,0.0070722,0.0174626,0.0381304,0.0465229,0.0617643,0.0335284,
270,2e-07,0.0009169,0.001157,0.0006357,0.0006574,0.0008064,0.0011945,0.0033558,0.0081093,0.0145822,0.0279965,0.043232,0.0584379,0.0283531,
271,1e-07,0.0001125,0.0011041,0.0010807,0.0006565,0.0008052,0.0009347,0.0042752,0.0063815,0.0149459,0.0415321,0.0256784,0.0316185,0.0309225,
272,1e-07,0.0001122,0.0005199,0.0010805,0.0006571,0.0016899,0.002088,0.004253,0.010862,0.0119934,0.0423184,0.0315477,0.056752,0.0306067,
273,1e-07,0.0001162,0.0018978,0.0006346,0.0014706,0.0022876,0.0008822,0.0050261,0.0110651,0.0123813,0.0184939,0.0435436,0.0364683,0.0127881,
274,1e-07,0.0001174,0.0005346,0.0013793,0.0006666,0.0006545,0.0018643,0.003375,0.0085608,0.046986,0.0341481,0.0359208,0.0282405,0.0348877,
275,1e-07,0.0001143,0.0011038,0.0006363,0.000846,0.0006568,0.0024144,0.0040311,0.0065209,0.0376719,0.0433687,0.0514107,0.017408,0.047101,
276,1e-07,0.0001126,0.0005211,0.0003933,0.0006625,0.0006448,0.0012406,0.0049968,0.0256686,0.0281309,0.0531139,0.0493706,0.0931668,0.0415094,
277,1e-07,0.0001157,0.0005304,0.0003943,0.0006698,0.0006447,0.0022331,0.0022481,0.0260331,0.0439513,0.0550129,0.0716728,0.0474043,0.0406721,
278,0.0,0.0001141,0.0009822,0.0006383,0.0005992,0.0007906,0.0013556,0.011608,0.013843,0.0695726,0.0449205,0.0978882,0.074599,0.1588537,
279,1e-07,0.0001124,0.0011003,0.0014654,0.0006634,0.0007926,0.0014983,0.0066967,0.0131394,0.0339716,0.0636967,0.0687451,0.0347144,0.0549316,
280,1e-07,0.0010055,0.000531,0.0006404,0.0006566,0.0012965,0.0012511,0.0022605,0.0102405,0.0384299,0.0723883,0.0695056,0.0622875,0.0548167,
281,1e-07,0.0001058,0.0005323,0.0010785,0.0008487,0.0011742,0.0020063,0.0139689,0.0115282,0.0457276,0.0365094,0.0488409,0.068621,0.0476806,
282,1e-07,0.0001024,0.0005326,0.0010809,0.0006442,0.0022231,0.0021994,0.0165781,0.0121266,0.0360417,0.0482127,0.0614931,0.0402318,0.0467292,
283,1e-07,0.0001024,0.0005241,0.0006428,0.0010508,0.0013708,0.0019678,0.0195723,0.0308035,0.0619096,0.0595099,0.0642005,0.0636935,0.0627282,
284,1e-07,0.0013703,0.0005226,0.0003904,0.0006494,0.0006589,0.0012499,0.0101339,0.0081908,0.0338834,0.0766211,0.0337752,0.0593663,0.0504004,
285,0.0,0.000106,0.0005308,0.0010804,0.0018306,0.0016878,0.0011825,0.0063575,0.0321234,0.0243538,0.0858355,0.0118295,0.0184912,0.0365714,
286,1e-07,0.0001045,0.0005203,0.0011928,0.0014613,0.0020309,0.0011706,0.0041329,0.0335643,0.0510072,0.0675221,0.0573448,0.0237408,0.028579,
287,1e-07,0.0001028,0.0005206,0.0006394,0.000646,0.0011705,0.0016686,0.0071007,0.0399244,0.0516838,0.034404,0.0509288,0.0449374,0.064954,
288,1e-07,9.88e-05,0.0005206,0.0006408,0.0006087,0.0010785,0.0018735,0.0045353,0.0269625,0.050314,0.0332585,0.0397337,0.024192,0.036998,
289,1e-07,9.64e-05,0.0005358,0.0006404,0.0016749,0.0013776,0.0017801,0.002408,0.0122097,0.0195632,0.0308041,0.0356113,0.023905,0.0460005,
290,1e-07,9.27e-05,0.0005205,0.0013797,0.0008464,0.0006446,0.0014556,0.0034147,0.0106128,0.0138935,0.0234966,0.0161969,0.0247829,0.0589587,
291,1e-07,9.27e-05,0.0009641,0.0009547,0.0014035,0.0008007,0.0003079,0.0039754,0.0073068,0.0093463,0.0123498,0.0291893,0.0268831,0.0495277,
292,1e-07,0.0013642,0.0011059,0.0006421,0.0006094,0.0011737,0.0008891,0.0035992,0.0060126,0.015259,0.0252265,0.0274604,0.0416072,0.0408864,
293,2e-07,9.4e-05,0.0005234,0.0006422,0.0010631,0.0006507,0.0007938,0.0056951,0.0058645,0.0247618,0.0207128,0.0589858,0.045842,0.0332953,
294,2e-07,9.03e-05,0.000524,0.0011759,0.0006068,0.0010759,0.0019984,0.0040904,0.0081482,0.0149368,0.0261693,0.042231,0.0616036,0.0594539,
295,1e-07,8.95e-05,0.0005239,0.0014762,0.0008503,0.0007999,0.0007918,0.0059676,0.0086933,0.0123366,0.0230526,0.0363032,0.0454037,0.0586891,
296,1e-07,9.26e-05,0.0005249,0.0010706,0.0016384,0.0010773,0.0009092,0.0032008,0.0057729,0.0271022,0.0135272,0.0214502,0.0247119,0.0410171,
297,2e-07,9.13e-05,0.0005263,0.0010716,0.0008526,0.0006483,0.0017981,0.0024155,0.0170797,0.0207669,0.0311704,0.0145086,0.0546743,0.0426038,
298,1e-07,0.0013613,0.0005261,0.0010712,0.0010593,0.0011761,0.0016919,0.0023858,0.0161332,0.0144788,0.0349702,0.0109417,0.055586,0.0357273,
299,1e-07,8.92e-05,0.0005265,0.0006462,0.0010666,0.0010858,0.0008873,0.0009547,0.006426,0.0154114,0.0224734,0.0267341,0.0496282,0.0109816,
300,2e-07,9.2e-05,0.0005371,0.0003843,0.0013908,0.0007959,0.0007938,0.0023866,0.0116653,0.0305685,0.0227566,0.0375041,0.0265053,0.0088246,
301,2e-07,8.91e-05,0.0005377,0.0013817,0.0006098,0.0012867,0.0003226,0.0010654,0.0176943,0.0181042,0.0331174,0.0276706,0.0303555,0.0441176,
302,1e-07,8.65e-05,0.00096,0.0006483,0.0008535,0.001787,0.0012212,0.001446,0.009374,0.0390216,0.0282541,0.0561512,0.0632755,0.0752906,
303,2e-07,8.38e-05,0.0005281,0.0003818,0.0010626,0.0006452,0.0007926,0.0023996,0.0043688,0.0142211,0.0193885,0.0754039,0.0390585,0.0370625,
304,1e-07,8.01e-05,0.000528,0.0009511,0.0014135,0.0007957,0.0017737,0.0040821,0.0095905,0.0221293,0.0213497,0.0301122,0.0440254,0.0375088,
305,1e-07,7.75e-05,0.0005269,0.0003812,0.0006111,0.0006451,0.0014487,0.0041499,0.0099299,0.0240127,0.0223643,0.0278623,0.0376172,0.0233913,
306,1e-07,7.4e-05,0.0005389,0.0011908,0.0008719,0.0020398,0.0025669,0.0064369,0.0169004,0.0217503,0.0095333,0.026355,0.0589769,0.0558684,
307,1e-07,0.0014174,0.0026828,0.007172,0.010721,0.0100372,0.0174021,0.0302497,0.0418356,0.0208093,0.0412719,0.0300976,0.0339535,0.0614547,
308,1e-07,0.0009404,0.0012547,0.0022779,0.00467,0.0075294,0.0159785,0.0146706,0.0230864,0.0181537,0.0285585,0.025269,0.0136584,0.0601125,
309,1e-07,0.0014166,0.0005176,0.0020437,0.0026668,0.0057874,0.0076417,0.0078832,0.0146658,0.0155208,0.0220867,0.0310893,0.0216447,0.0346788,
310,0.0,8.93e-05,0.0009829,0.0003887,0.0020251,0.00078,0.0030247,0.0030601,0.0086523,0.0154357,0.025806,0.0277505,0.0141869,0.0225409,
311,0.0,8.9e-05,0.0005206,0.0010804,0.000845,0.0013651,0.0025699,0.0023888,0.0065019,0.0187127,0.0390045,0.0255947,0.0272441,0.043509,
312,1e-07,0.0013791,0.0005209,0.0013724,0.0008405,0.0010788,0.0009012,0.0023718,0.0029274,0.0281596,0.0498083,0.009793,0.0167341,0.0403112,
313,0.0,8.3e-05,0.0011579,0.0006478,0.0006202,0.0007957,0.001241,0.0016423,0.0168219,0.0262231,0.0122563,0.0106394,0.026804,0.044729,
314,1e-07,7.94e-05,0.0005304,0.0014746,0.0008504,0.0006451,0.0011472,0.0018162,0.0114378,0.011839,0.0213282,0.0200288,0.0260408,0.030884,
315,0.0,7.66e-05,0.0005312,0.0011904,0.0014215,0.0007946,0.0012345,0.004108,0.006886,0.0219158,0.0143128,0.0182119,0.0439158,0.0385405,
316,0.0,7.57e-05,0.0005317,0.0003828,0.0006046,0.000663,0.0014369,0.003517,0.0062597,0.0239253,0.0164375,0.0150053,0.0144931,0.0372654,
317,0.0,7.22e-05,0.0005323,0.0006503,0.0008495,0.0007934,0.0003227,0.0041323,0.01398,0.0257878,0.0305281,0.0333626,0.0100527,0.0186558,
318,0.0,7.14e-05,0.0005307,0.0013762,0.0005979,0.0007759,0.0011356,0.0036613,0.0106987,0.0202056,0.0253179,0.0313135,0.0166045,0.036863,
319,0.0,7.36e-05,0.0005315,0.0003811,0.0006159,0.0006623,0.0003226,0.0028963,0.0095845,0.0113168,0.0191033,0.0292982,0.0238786,0.0580651,
320,0.0,7.4e-05,0.0013624,0.0010851,0.0014171,0.0010989,0.0013943,0.0027777,0.0053442,0.0125958,0.0249724,0.0280124,0.0203687,0.0414314,
321,0.0,0.000999,0.0005274,0.001378,0.0005909,0.0007922,0.0009058,0.002527,0.0106728,0.0152061,0.0368201,0.0267196,0.0376066,0.0613034,
322,0.0,7.1e-05,0.0005313,0.0003798,0.0008524,0.0007791,0.0003282,0.0010631,0.0105615,0.0144699,0.041074,0.0230792,0.0271135,0.0396719,
323,1e-07,0.0009572,0.0009672,0.0003795,0.0010533,0.0006446,0.0008826,0.0014308,0.0043677,0.0162758,0.0100867,0.0371956,0.027976,0.0332737,
324,1e-07,7.31e-05,0.0005309,0.0003788,0.000592,0.0006542,0.0003318,0.0016578,0.00502,0.0134975,0.0088451,0.0275011,0.0132687,0.0193737,
325,1e-07,7.48e-05,0.0005323,0.0006544,0.0005934,0.0006454,0.0003326,0.0009743,0.0052651,0.0125775,0.0301649,0.0339244,0.007177,0.0446536,
326,1e-07,0.0009415,0.0005335,0.0006552,0.0017758,0.0006448,0.0003341,0.001543,0.0043009,0.0138344,0.0197513,0.0223447,0.0223411,0.0487352,
327,1e-07,7.57e-05,0.0005342,0.0003775,0.0008591,0.0012731,0.0003364,0.001307,0.0062504,0.0119189,0.0243353,0.034077,0.0356493,0.0459965,
328,1e-07,0.0010015,0.000537,0.0003767,0.0005953,0.0011935,0.0008824,0.0001608,0.0142203,0.0106031,0.0418842,0.0422278,0.0257512,0.0276706,
329,1e-07,0.0009406,0.0005388,0.0003764,0.0018856,0.0007898,0.0016687,0.0010151,0.0145684,0.0451832,0.0191977,0.0559053,0.0366004,0.0438461,
330,2e-07,7.97e-05,0.0010774,0.0006565,0.0005969,0.0006452,0.0012009,0.0024229,0.0159049,0.0639625,0.0374654,0.0548678,0.0519075,0.0355893,
331,1e-07,8.06e-05,0.000534,0.0006552,0.0006013,0.0006457,0.0014567,0.0016317,0.0070781,0.0275273,0.0463717,0.0654295,0.0474938,0.0172097,
332,1e-07,7.93e-05,0.0010834,0.0006545,0.0014078,0.0006472,0.0003325,0.0016312,0.0045631,0.0185047,0.0187102,0.0409562,0.0353271,0.0450704,
333,1e-07,7.99e-05,0.001085,0.0011956,0.0008565,0.001788,0.0008893,0.001318,0.0030779,0.0119078,0.0214718,0.0294059,0.0200335,0.0333737,
334,1e-07,7.82e-05,0.0005321,0.0009458,0.0006018,0.001096,0.0008942,0.0011214,0.0025114,0.0113536,0.0115477,0.0431548,0.0256304,0.023925,
335,1e-07,7.57e-05,0.0017134,0.0006543,0.0008545,0.0006552,0.0003277,0.0019772,0.0038324,0.0180157,0.0199361,0.0408118,0.0452423,0.0279721,
336,0.0,0.0009948,0.0005307,0.0003798,0.001409,0.0006584,0.0003277,0.0019829,0.004605,0.0106358,0.0293775,0.0471631,0.0482876,0.0067319,
337,0.0,7.06e-05,0.0011752,0.0013738,0.0005926,0.0006588,0.000331,0.0012999,0.0036921,0.0142065,0.0237032,0.0189993,0.0505551,0.0320078,
338,0.0,6.93e-05,0.0005294,0.0013736,0.0008525,0.0007747,0.0009123,0.0023521,0.0071378,0.0178661,0.0179648,0.0147153,0.0372373,0.0305991,
339,1e-07,6.62e-05,0.0011744,0.0003778,0.0012114,0.0006449,0.0003338,0.0028591,0.0103557,0.019198,0.0234587,0.0281051,0.035106,0.0199638,
340,0.0,6.53e-05,0.0005303,0.0006579,0.0008758,0.0011041,0.0017224,0.0021507,0.0193137,0.0254388,0.0148912,0.0403207,0.0524657,0.0525083,
341,0.0,6.86e-05,0.0018398,0.0006571,0.0008681,0.0007877,0.000334,0.0023037,0.0051546,0.0178381,0.040952,0.0538292,0.0504105,0.0613616,
342,0.0,7.12e-05,0.0005323,0.0013731,0.0006073,0.0006456,0.0003321,0.0012953,0.0054801,0.0149145,0.030009,0.0511717,0.0349375,0.0358832,
343,0.0,7.48e-05,0.0005286,0.0010692,0.0014111,0.0006448,0.0007875,0.000154,0.005135,0.0015875,0.0293794,0.0695717,0.0397762,0.0458529,
344,0.0,7.74e-05,0.0005299,0.0010691,0.0006044,0.0006558,0.0003267,0.0013708,0.0068871,0.0018988,0.025214,0.06075,0.0397203,0.0191821,
345,0.0,8.1e-05,0.001079,0.0006545,0.0014146,0.0006454,0.000325,0.0016216,0.0062868,0.0063813,0.0053249,0.0382322,0.0627603,0.0193509,
346,0.0,0.0009926,0.0005279,0.0003798,0.0006109,0.0006538,0.0011428,0.0011347,0.0090944,0.0178177,0.0279837,0.0645618,0.0439588,0.0242817,
347,1e-07,0.0009971,0.0018949,0.0003799,0.0010838,0.0012753,0.0003268,0.0016251,0.0060486,0.0246084,0.0392308,0.0680568,0.0165936,0.042924,
348,1e-07,8.08e-05,0.0005315,0.0006554,0.0006058,0.0006457,0.0003303,0.0013817,0.0018787,0.0234449,0.0461239,0.0218996,0.0244298,0.0580394,
349,1e-07,7.97e-05,0.0009646,0.0003781,0.0010771,0.0006488,0.0008861,0.0021424,0.0076126,0.0160137,0.0351772,0.0305544,0.0402934,0.0515556,
350,1e-07,8.32e-05,0.0017096,0.0011823,0.0005878,0.0006458,0.0008908,0.0022013,0.0088303,0.0328181,0.0365064,0.0177189,0.0346178,0.0237807,
351,1e-07,8.43e-05,0.0013406,0.0009438,0.0008443,0.0006451,0.0003327,0.0008675,0.0032038,0.0244921,0.0243911,0.0248432,0.0399613,0.0453541,
352,2e-07,0.0009373,0.0018864,0.0003788,0.0008617,0.0013534,0.0003311,0.0031189,0.0119355,0.0379201,0.0106343,0.0235646,0.0693896,0.0528636,
353,2e-07,8.78e-05,0.0013336,0.000378,0.0010862,0.0007943,0.0012068,0.0033268,0.0198387,0.0240527,0.0299389,0.0805971,0.0746468,0.0722897,
354,1e-07,8.72e-05,0.0018898,0.0006564,0.0011024,0.000646,0.0012013,0.0022952,0.0127387,0.0114742,0.0164881,0.041504,0.062528,0.0384774,
355,1e-07,8.92e-05,0.0009641,0.0003802,0.0014251,0.000645,0.0003265,0.0044637,0.0052428,0.0328334,0.0337603,0.0330754,0.0454296,0.0496781,
356,1e-07,9.27e-05,0.0009652,0.0006543,0.0010794,0.000645,0.0011978,0.0023809,0.0100908,0.023796,0.0411894,0.0716732,0.0876933,0.1032594,
357,1e-07,0.0016644,0.0009657,0.0017656,0.0014291,0.0013478,0.0003247,0.0021504,0.0172804,0.0258434,0.0371633,0.0740511,0.0906145,0.0763449,
358,1e-07,8.7e-05,0.0021082,0.0006563,0.0012506,0.0006452,0.0003275,0.0041242,0.0179041,0.0367427,0.0548484,0.0861325,0.0977607,0.0781227,
359,1e-07,0.0009929,0.000966,0.0006578,0.0005837,0.0007877,0.0007921,0.0034996,0.0152872,0.0427755,0.0524554,0.0668071,0.1069366,0.117578,
360,0.0,0.0013325,0.000969,0.0006583,0.0008586,0.0006461,0.0008874,0.0032384,0.0133707,0.0354024,0.0513389,0.0578299,0.1024393,0.1132242,
361,0.0,8.12e-05,0.0009682,0.0006596,0.0012349,0.0006516,0.000884,0.0025186,0.0174279,0.0470925,0.0664805,0.0911988,0.0904924,0.0876044,
362,1e-07,7.96e-05,0.0013345,0.0003768,0.0012311,0.0006488,0.0018999,0.0038194,0.0135314,0.034961,0.0324805,0.0628152,0.0833878,0.0630815,
363,1e-07,7.95e-05,0.0013414,0.0013607,0.001643,0.0006461,0.0007918,0.0022037,0.0101211,0.0171289,0.0307953,0.055953,0.0585042,0.0477014,
364,1e-07,7.62e-05,0.0009653,0.00136,0.0012421,0.0016778,0.0003358,0.0019807,0.0082807,0.0237239,0.0683691,0.0527488,0.0692297,0.0482332,
365,1e-07,7.51e-05,0.0009714,0.0003757,0.0005902,0.0006455,0.0003386,0.0021313,0.0080549,0.0230362,0.0539329,0.0740564,0.0272596,0.0429127,
366,1e-07,7.47e-05,0.0014438,0.0003746,0.001089,0.0006468,0.0011401,0.0019765,0.0094669,0.0211684,0.0389238,0.0761139,0.0246736,0.0455313,
367,1e-07,7.28e-05,0.0009609,0.0006603,0.0012515,0.0015539,0.0013979,0.0031433,0.0078983,0.0293604,0.03691,0.0295305,0.043195,0.0203571,
368,1e-07,0.0010572,0.0009608,0.0006611,0.0008622,0.0006486,0.0013957,0.0011966,0.0090356,0.0157079,0.0295836,0.038679,0.0427205,0.039185,
369,1e-07,0.0009447,0.0005323,0.0003743,0.0005816,0.000783,0.0007907,0.0018244,0.0070689,0.029454,0.0582766,0.0061041,0.0293775,0.0575509,
370,1e-07,6.83e-05,0.0005342,0.000374,0.0008745,0.000786,0.0003465,0.0042583,0.0118643,0.0372357,0.0957672,0.0376501,0.0256211,0.0515058,
371,1e-07,0.001385,0.0009625,0.0010715,0.0008671,0.0007871,0.0003429,0.0050649,0.0117398,0.0237824,0.0801678,0.0322017,0.0560292,0.0250731,
372,1e-07,7.18e-05,0.0005371,0.001071,0.0005974,0.0007887,0.0007916,0.0025236,0.0140841,0.0244817,0.0267446,0.0399391,0.0559715,0.0356847,
373,1e-07,0.0013735,0.0005361,0.0011791,0.0012483,0.0006484,0.0007913,0.0011687,0.0112249,0.012691,0.0147707,0.0288331,0.0551605,0.0288975,
374,1e-07,7.08e-05,0.0012828,0.0003764,0.0006032,0.0011054,0.0008768,0.0019741,0.0102292,0.0122059,0.0189497,0.0397799,0.0297798,0.022766,
375,1e-07,7.02e-05,0.000536,0.0017607,0.0005826,0.0006504,0.0012086,0.0016163,0.0042106,0.0181116,0.0154797,0.0420355,0.0366095,0.0435963,
376,1e-07,6.92e-05,0.0009609,0.0011929,0.0005821,0.0007844,0.0015153,0.0015461,0.0199843,0.0303721,0.0100454,0.0500928,0.0175284,0.0618092,
377,1e-07,6.91e-05,0.0005375,0.0006543,0.0008778,0.0006446,0.0012663,0.0074771,0.0225158,0.0552577,0.0138774,0.02346,0.0413202,0.0868716,
378,1e-07,6.88e-05,0.0005318,0.0013747,0.0008821,0.0010976,0.0016111,0.0060306,0.0323272,0.0613484,0.0300633,0.0354979,0.0391523,0.0650196,
379,1e-07,0.0009432,0.000956,0.0013735,0.0014003,0.0011034,0.0011992,0.0070723,0.0149788,0.0410788,0.0292896,0.040901,0.0365893,0.0919469,
380,1e-07,6.72e-05,0.0005359,0.0003753,0.0006062,0.0006456,0.0012,0.0013044,0.0095681,0.0277783,0.0284634,0.0290663,0.0283029,0.0335455,
381,1e-07,0.0009444,0.0005343,0.0013784,0.001232,0.0007842,0.0008972,0.0019782,0.0110793,0.0357738,0.0334591,0.0356524,0.0290681,0.0332243,
382,1e-07,6.46e-05,0.0005333,0.0009429,0.0008818,0.0007877,0.0007902,0.0057284,0.0125964,0.0221082,0.0260398,0.0218249,0.0404446,0.0630381,
383,1e-07,6.63e-05,0.0005315,0.0011807,0.0014014,0.0006459,0.0014366,0.0060842,0.0205387,0.0454257,0.0463362,0.0331571,0.0434034,0.0649663,
384,0.0,6.47e-05,0.0009673,0.0012019,0.0008595,0.001901,0.0011927,0.007533,0.0229925,0.0652685,0.0587034,0.0501621,0.0320915,0.0851422,
385,0.0,6.74e-05,0.0012785,0.0013699,0.0010618,0.0011919,0.0007884,0.0052561,0.0172785,0.0417291,0.0501035,0.0347283,0.0753941,0.0767802,
386,0.0,7.09e-05,0.0013437,0.0003762,0.001072,0.0006545,0.000337,0.0024839,0.0071283,0.0330935,0.040694,0.0477808,0.0449929,0.0839809,
387,0.0,7.3e-05,0.000536,0.0010678,0.0008579,0.0006453,0.0016573,0.0033415,0.0210567,0.043982,0.0404552,0.0703515,0.0861937,0.0908732,
388,0.0,7.66e-05,0.0009719,0.0006586,0.0008556,0.0006451,0.0003293,0.0033104,0.0142408,0.0524342,0.0968315,0.1196196,0.1227517,0.0957372,
389,1e-07,7.88e-05,0.0020167,0.0009387,0.0013987,0.0007875,0.0012617,0.0014646,0.0231538,0.0570289,0.0538146,0.0963509,0.1035319,0.0983571,
390,1e-07,8.24e-05,0.0013546,0.0003807,0.0010639,0.0012793,0.0008879,0.0027263,0.0281784,0.0172015,0.0256604,0.0380095,0.0467733,0.0498211,
391,0.0,8.33e-05,0.0014426,0.0006556,0.0006176,0.0007785,0.0008901,0.0027262,0.0110738,0.0118954,0.0222935,0.0296696,0.0523407,0.0524474,
392,0.0,7.97e-05,0.0005275,0.0017658,0.0008459,0.0006456,0.0003248,0.0014487,0.0066685,0.0346171,0.0383934,0.0489132,0.0824222,0.050638,
393,0.0,7.69e-05,0.0012744,0.001069,0.0008556,0.000656,0.0011368,0.001984,0.0057823,0.022547,0.0337794,0.0414189,0.0507453,0.0374555,
394,0.0,7.34e-05,0.000534,0.0009405,0.0005985,0.0016759,0.0008785,0.0011597,0.0115177,0.0118957,0.0387052,0.0601766,0.0629581,0.0528501,
395,0.0,7.02e-05,0.0012762,0.0003769,0.0006041,0.0006457,0.0009028,0.0015269,0.0091096,0.0133142,0.0547643,0.0703822,0.0399424,0.0405259,
396,0.0,6.67e-05,0.0005288,0.0006594,0.0010681,0.0006575,0.0007876,0.0018068,0.0038243,0.034524,0.0463036,0.0521273,0.0329077,0.0285731,
397,0.0,0.000967,0.0005316,0.0006598,0.0005798,0.0006451,0.0003408,0.0021942,0.0144987,0.0221386,0.0183026,0.0301818,0.0458631,0.031858,
398,0.0,6.19e-05,0.0018445,0.0009412,0.0005727,0.0006452,0.0012717,0.0018406,0.0156735,0.03776,0.0384853,0.0422492,0.0598534,0.0527574,
399,0.0,6.19e-05,0.0014275,0.0003749,0.0005735,0.0019002,0.0003429,0.0014498,0.0243291,0.0444859,0.0842055,0.0211709,0.0468543,0.0440428,
400,0.0,6.32e-05,0.0009696,0.000376,0.0008815,0.0011113,0.0014815,0.0024931,0.0198435,0.0081025,0.016297,0.0248667,0.0228006,0.036428,
401,0.0,6.5e-05,0.0014258,0.0003773,0.0008542,0.0006455,0.0003359,0.002024,0.0149345,0.0220066,0.017021,0.0291362,0.0363618,0.0601895,
402,0.0,6.32e-05,0.0005323,0.0010664,0.001209,0.0006615,0.0003362,0.0038982,0.0178387,0.0180645,0.0269219,0.0333546,0.038011,0.0761642,
403,0.0,6.61e-05,0.000527,0.0010707,0.0014147,0.0006621,0.0009125,0.0036689,0.0167773,0.0148875,0.0354671,0.0187136,0.0377753,0.0564572,
404,0.0,6.7e-05,0.0005307,0.0010702,0.0008516,0.0006641,0.0009157,0.0014681,0.0168144,0.0275231,0.0473543,0.0411713,0.024474,0.0636976,
405,1e-07,0.0016709,0.0005258,0.0014747,0.0005939,0.0018938,0.0014242,0.0032915,0.0044498,0.0443851,0.0483366,0.0488917,0.0343895,0.0618054,
406,1e-07,6.93e-05,0.0011673,0.0003808,0.0008677,0.0006697,0.000324,0.0042793,0.0128508,0.0192173,0.0322425,0.0325016,0.0260585,0.0175526,
407,1e-07,7.22e-05,0.0005273,0.0003809,0.001207,0.0006686,0.0003218,0.0030081,0.0130861,0.0406891,0.0405917,0.000559,0.0187214,0.0573611,
408,1e-07,7.48e-05,0.0005267,0.0009408,0.0008483,0.0006695,0.0019496,0.0075523,0.0103821,0.0218043,0.0321913,0.0487303,0.0701803,0.0200975,
409,1e-07,7.77e-05,0.0005277,0.0003819,0.0008487,0.0006447,0.0018613,0.0057907,0.0083035,0.0103236,0.0363375,0.0844575,0.0566835,0.0294731,
410,1e-07,8.12e-05,0.0012588,0.0006536,0.0006203,0.0007899,0.000314,0.0059912,0.0114283,0.0206151,0.0145756,0.0534492,0.0556544,0.0218393,
411,1e-07,8.48e-05,0.0005275,0.0009405,0.0010585,0.0022334,0.0008925,0.0076176,0.0112887,0.0072555,0.0239281,0.0410455,0.0427432,0.0150286,
412,1e-07,8.75e-05,0.0011704,0.0003854,0.0008304,0.000669,0.0008967,0.002523,0.0108167,0.0114943,0.0332583,0.0488469,0.0521448,0.0226762,
413,1e-07,9.13e-05,0.0009889,0.0006496,0.000639,0.0007917,0.0003032,0.0017556,0.0104196,0.0085443,0.0046145,0.0529951,0.03032,0.0432983,
414,1e-07,9.43e-05,0.0005231,0.0006481,0.0006432,0.001297,0.001972,0.002186,0.0104269,0.041965,0.0171487,0.0197059,0.0528025,0.061433,
415,1e-07,9.43e-05,0.000524,0.0006471,0.0006446,0.0013675,0.0009058,0.0028708,0.0066347,0.0434699,0.0540374,0.03987,0.0625681,0.0823234,
416,1e-07,9.02e-05,0.0005239,0.0015559,0.001438,0.0007933,0.0015222,0.0061781,0.0168194,0.0299598,0.0275763,0.0190175,0.049247,0.0723699,
417,1e-07,8.82e-05,0.0010915,0.0003866,0.0006329,0.0006682,0.0003045,0.0021262,0.0061732,0.0165302,0.0235425,0.0415236,0.0473901,0.0756142,
418,1e-07,0.0009883,0.0009802,0.0010801,0.0008467,0.0010863,0.0003088,0.0021945,0.002353,0.0098616,0.0322393,0.020972,0.0444284,0.0509031,
419,0.0,8.34e-05,0.0005243,0.0009464,0.0008475,0.0015702,0.001457,0.0014207,0.0053356,0.0067428,0.0126374,0.0110252,0.0414375,0.0452616,
420,0.0,8.36e-05,0.0005257,0.0006497,0.0006182,0.0006611,0.0003142,0.0010289,0.0024921,0.0053655,0.0077143,0.0192885,0.0395843,0.0141248,
421,0.0,8.12e-05,0.0011653,0.0011812,0.0012089,0.0006591,0.0003181,0.0017956,0.0021177,0.0026423,0.0046431,0.010767,0.0388617,0.0262652,
422,1e-07,8.24e-05,0.0005274,0.0006496,0.0008484,0.0007948,0.0011843,0.0009694,0.002905,0.0064662,0.0039203,0.0165998,0.0517002,0.0258657,
423,1e-07,7.99e-05,0.0009649,0.0013783,0.0006046,0.0010905,0.0003239,0.000903,0.0035885,0.0129854,0.0229173,0.029239,0.0389516,0.0291171,
424,1e-07,8.05e-05,0.0010909,0.0006511,0.000855,0.0006453,0.0008916,0.0014984,0.0060023,0.0147307,0.0238875,0.0355208,0.0212968,0.0463789,
425,1e-07,0.0010069,0.0005357,0.0006527,0.0010647,0.0006453,0.0003311,0.0036381,0.009205,0.0173174,0.0304977,0.0264759,0.0312486,0.0507823,
426,1e-07,7.55e-05,0.00053,0.0011957,0.0006063,0.000653,0.00114,0.0033076,0.0051934,0.0050821,0.0343961,0.0393567,0.0446954,0.0503547,
427,1e-07,7.6e-05,0.000965,0.0003798,0.0006077,0.0010912,0.0008868,0.002445,0.0097147,0.0178832,0.0244643,0.0289124,0.0453291,0.025576,
428,1e-07,0.0009405,0.0011686,0.0010697,0.00086,0.0006548,0.0016498,0.0013205,0.0034887,0.0159419,0.0277484,0.032212,0.0373371,0.0134001,
429,1e-07,8.08e-05,0.0005359,0.0011922,0.0006041,0.0011821,0.0003223,0.0009801,0.0031146,0.0059992,0.0117426,0.019559,0.0304423,0.0179621,
430,1e-07,8.14e-05,0.0005338,0.0006482,0.0006112,0.0007857,0.0008987,0.0024645,0.0016545,0.0311549,0.0178135,0.0157747,0.0288491,0.0180703,
431,0.0,0.0013757,0.0005245,0.0003843,0.0014107,0.0006443,0.0011816,0.0017056,0.0051037,0.005525,0.0190856,0.0166669,0.0158158,0.0149582,
432,0.0,8.56e-05,0.0005308,0.0011817,0.0008482,0.0010826,0.0003109,0.0009763,0.0030924,0.0042052,0.0051113,0.0210538,0.0242873,0.0219685,
433,0.0,8.73e-05,0.0005236,0.0011836,0.0018295,0.0007958,0.000308,0.0022759,0.0086068,0.0098193,0.0139811,0.0220073,0.0344722,0.0271104,
434,0.0,8.97e-05,0.0010942,0.0009468,0.0016312,0.0011686,0.0012436,0.0014328,0.0050121,0.0112318,0.006087,0.0368064,0.0380916,0.0487163,
435,1e-07,9.17e-05,0.0005244,0.0003871,0.0012837,0.0007945,0.0011647,0.0019853,0.0070389,0.0204222,0.0187092,0.0546975,0.0620278,0.041602,
436,1e-07,9.23e-05,0.0009829,0.0006488,0.001048,0.0007939,0.000909,0.0027786,0.0050459,0.0192541,0.0199329,0.0517613,0.0449874,0.0586789,
437,1e-07,9.62e-05,0.0005244,0.0006471,0.0008472,0.0013578,0.0009085,0.0014442,0.0107365,0.0443801,0.0164792,0.029219,0.0378489,0.0721779,
438,1e-07,9.87e-05,0.0005267,0.0010792,0.0006494,0.0006448,0.0009096,0.0017538,0.0031608,0.0374601,0.0357554,0.059027,0.0559638,0.055358,
439,1e-07,0.000987,0.0009851,0.0006488,0.0008487,0.0012839,0.0007881,0.0029196,0.0016863,0.0130901,0.0257528,0.0554897,0.0557718,0.0514302,
440,1e-07,9.47e-05,0.0005285,0.0003863,0.0014496,0.0006448,0.000305,0.001348,0.0062934,0.0052884,0.0314036,0.0664472,0.0573305,0.0254803,
441,0.0,9.41e-05,0.0005263,0.0006492,0.001214,0.0016804,0.0015114,0.0013583,0.0041833,0.0081268,0.0254765,0.0479369,0.0535779,0.0118691,
442,0.0,9.28e-05,0.000527,0.001076,0.0006353,0.0007815,0.0009014,0.0032063,0.017707,0.011547,0.0167535,0.0289763,0.0145328,0.0198917,
443,0.0,0.0009966,0.0012653,0.0010798,0.0008222,0.0006591,0.0009091,0.0034894,0.0209464,0.0137321,0.0189221,0.0307207,0.0471477,0.0274134,
444,0.0,9.17e-05,0.0005267,0.0003857,0.0008497,0.0012931,0.001514,0.0045951,0.0188793,0.0309566,0.0199975,0.0379316,0.0118813,0.0390531,
445,1e-07,9.1e-05,0.0005269,0.0003852,0.0006015,0.0007962,0.0007908,0.0021892,0.0117402,0.009011,0.0237792,0.027652,0.0190275,0.0235493,
446,1e-07,8.92e-05,0.0005285,0.0011932,0.0014294,0.0007958,0.0009026,0.0017803,0.0031966,0.0070663,0.0251199,0.0375632,0.0150524,0.06456,
447,1e-07,8.94e-05,0.0011713,0.0006484,0.0012282,0.0006444,0.0003192,0.0016719,0.0165381,0.0178793,0.0179813,0.0321375,0.0302231,0.037059,
448,1e-07,8.87e-05,0.0005315,0.0006497,0.0012332,0.0011858,0.0003226,0.0019193,0.0103147,0.027656,0.0096776,0.0257296,0.0458826,0.0341355,
449,1e-07,0.0009382,0.0005338,0.0006513,0.0005964,0.0006487,0.0011512,0.0001067,0.0064886,0.0143178,0.039203,0.0583341,0.0453531,0.0754151,
450,1e-07,8.43e-05,0.0012766,0.000382,0.0012201,0.0007939,0.000896,0.0001019,0.0077321,0.0189431,0.0510691,0.0279235,0.0436616,0.035406,
451,1e-07,8.41e-05,0.0010861,0.0003818,0.0006134,0.0006445,0.0003226,0.0009008,0.0044501,0.0090967,0.0410761,0.0080523,0.0176109,0.0493342,
452,1e-07,8.13e-05,0.000531,0.0003811,0.0006094,0.0006549,0.0003236,0.0010367,0.0050946,0.0101729,0.0145216,0.0162179,0.0307498,0.0463058,
453,0.0,0.0009406,0.0005292,0.001376,0.0006105,0.0007927,0.0007893,0.001048,0.0022627,0.0042277,0.0205495,0.0241537,0.0338081,0.0149403,
454,0.0,8.06e-05,0.0005297,0.0015498,0.0006079,0.0006599,0.0003189,0.0001171,0.0030391,0.0105089,0.0162708,0.0229733,0.032792,0.0260609,
455,0.0,0.0009912,0.0005279,0.0003836,0.0006177,0.0006445,0.000787,0.0014061,0.004476,0.0090623,0.0130214,0.0091976,0.0401791,0.0423673,
456,1e-07,8.02e-05,0.0005255,0.0013776,0.0006157,0.001101,0.0008911,0.0014134,0.0068915,0.004863,0.0089338,0.0386785,0.0407501,0.0336637,
457,1e-07,7.98e-05,0.0005265,0.0003844,0.0006176,0.0006444,0.0003121,0.0023367,0.0190757,0.0218783,0.0251725,0.0431205,0.0462269,0.0387112,
458,1e-07,7.71e-05,0.0005228,0.0006503,0.001296,0.0006707,0.0009219,0.0038177,0.0182459,0.0354495,0.0392878,0.0517818,0.0488543,0.025546,
459,1e-07,7.74e-05,0.0012552,0.0003844,0.0008447,0.0015968,0.0011871,0.0113962,0.0172553,0.0472921,0.0500819,0.0334762,0.0646927,0.0672473,
460,1e-07,7.45e-05,0.000521,0.0006505,0.0006117,0.0007657,0.0015061,0.0087602,0.0271162,0.0391094,0.0555801,0.0346647,0.0612577,0.0604292,
461,1e-07,7.19e-05,0.0005278,0.0010815,0.0008461,0.0006729,0.0016824,0.0023381,0.0176865,0.0433504,0.0569895,0.0174218,0.0414166,0.0337282,
462,1e-07,7.27e-05,0.0005272,0.0009428,0.0018285,0.0006717,0.001237,0.0057493,0.0140066,0.0513794,0.0540857,0.0211958,0.0130345,0.0443232,
463,1e-07,7.48e-05,0.0005249,0.0003825,0.0006205,0.0012937,0.0018953,0.0058846,0.0195251,0.0377946,0.0160212,0.0498848,0.0355721,0.0321804,
464,1e-07,7.77e-05,0.0005253,0.0003831,0.0008474,0.0006446,0.0012376,0.0016123,0.0028866,0.0314022,0.0221697,0.0617764,0.0557918,0.0266942,
465,1e-07,7.87e-05,0.00172,0.0013762,0.0014253,0.0006445,0.0014668,0.0017183,0.0056402,0.0049979,0.0017207,0.0572898,0.062635,0.0481402,
466,1e-07,8.24e-05,0.0005269,0.000652,0.0014317,0.0007913,0.000314,0.0013426,0.0058144,0.010066,0.0055138,0.0466661,0.0530597,0.0322238,
467,1e-07,8.35e-05,0.0010849,0.000652,0.0006073,0.0006453,0.0009084,0.001354,0.0029694,0.009861,0.0160688,0.0138395,0.0500861,0.0461606,
468,0.0,8.27e-05,0.0011753,0.0003825,0.0006169,0.0006453,0.0007877,0.0013602,0.0030469,0.00745,0.0191892,0.0341609,0.0255006,0.0433695,
469,0.0,8.53e-05,0.0012705,0.0006513,0.0006192,0.0012856,0.0012284,0.0009093,0.0010064,0.0133253,0.0119861,0.0345243,0.0267089,0.0507285,
470,1e-07,8.66e-05,0.0010819,0.0006521,0.00062,0.0007842,0.0008967,0.0022305,0.0021376,0.0182751,0.0112664,0.0255477,0.0120058,0.049846,
471,1e-07,9.01e-05,0.0015092,0.000383,0.0012531,0.0006527,0.000317,0.0014966,0.0029331,0.0173311,0.0187446,0.018591,0.0204891,0.0457978,
472,1e-07,9.32e-05,0.0018397,0.0009466,0.0013794,0.0006448,0.0008894,0.0022839,0.0073999,0.0156314,0.0125,0.0256378,0.0149654,0.0132056,
473,1e-07,9.67e-05,0.0009739,0.0011951,0.0005908,0.0007945,0.0011655,0.0037259,0.0097777,0.0186064,0.0130173,0.0475777,0.0195163,0.0339227,
474,1e-07,0.0001002,0.0012727,0.0010753,0.0005883,0.0020167,0.0003098,0.0050591,0.0187836,0.0137587,0.0059053,0.0362587,0.0437718,0.0357421,
475,1e-07,0.0001012,0.0012699,0.0010764,0.0008521,0.0006448,0.0011719,0.0070323,0.0182012,0.0323563,0.0059162,0.0321162,0.0092438,0.0516125,
476,1e-07,9.79e-05,0.001271,0.0006467,0.0014451,0.0006451,0.0007924,0.0021805,0.0075021,0.0335705,0.018098,0.0183057,0.0361447,0.0599628,
477,0.0,9.58e-05,0.0012685,0.000386,0.0013816,0.0006559,0.0011656,0.0041843,0.0035745,0.0053436,0.0206354,0.0327894,0.0160076,0.0279242,
478,0.0,9.22e-05,0.0005291,0.000649,0.0006309,0.0006451,0.0009049,0.002238,0.0032765,0.0092792,0.0156579,0.025732,0.022265,0.0254145,
479,0.0,9.11e-05,0.001268,0.0006501,0.0008515,0.0006572,0.002059,0.0022923,0.0014073,0.011333,0.0069008,0.0180953,0.0096977,0.0218084,
480,0.0,8.79e-05,0.0005264,0.0003835,0.0008518,0.0006446,0.0008974,0.0010293,0.0090575,0.0063817,0.0099799,0.0302722,0.0459778,0.0143616,
481,0.0,8.57e-05,0.0005305,0.000653,0.0006236,0.0006607,0.0007876,0.0009018,0.0053101,0.0108586,0.0217686,0.0102245,0.0487546,0.0414643,
482,1e-07,0.000985,0.0011762,0.0009415,0.0006048,0.0006634,0.0012344,0.0017145,0.0113945,0.0031486,0.0411312,0.017705,0.0286107,0.0456675,
483,1e-07,0.0009857,0.0011767,0.0003813,0.0006062,0.0010969,0.0003198,0.001324,0.0115962,0.0265292,0.0343069,0.0327479,0.0368393,0.0380021,
484,1e-07,8.01e-05,0.0005251,0.0006549,0.0014254,0.0007886,0.0009119,0.0013364,0.0113391,0.0334441,0.0416332,0.0724626,0.031211,0.0626815,
485,1e-07,8.27e-05,0.0019004,0.0003815,0.000618,0.0006608,0.0008883,0.0032745,0.0137919,0.0425585,0.0394502,0.0233328,0.0398335,0.0652633,
486,1e-07,8.58e-05,0.0009787,0.0003826,0.0008511,0.0006455,0.0014287,0.0058633,0.0083159,0.0079685,0.0252885,0.0189048,0.0334574,0.0553492,
487,1e-07,8.86e-05,0.0014403,0.0003834,0.0008291,0.0007903,0.0016144,0.0013369,0.0196322,0.0035133,0.0202314,0.0312633,0.0251615,0.0458527,
488,1e-07,0.0009855,0.0010819,0.000652,0.0014426,0.0012884,0.0007876,0.0009252,0.0060632,0.0110146,0.0118738,0.0251911,0.0330787,0.0423996,
489,1e-07,0.0009333,0.0009801,0.0009417,0.0008503,0.0006615,0.0009041,0.0027655,0.0058176,0.0160988,0.017601,0.0650141,0.0660255,0.0312517,
490,1e-07,9.59e-05,0.0009792,0.000652,0.00106,0.0006449,0.000308,0.002186,0.0036554,0.0156352,0.0161399,0.0361309,0.0577471,0.0718057,
491,0.0,0.0009898,0.0019075,0.0006522,0.0008528,0.0013517,0.0003116,0.0013588,0.0054058,0.0097659,0.0385998,0.0265506,0.0272191,0.0605418,
492,0.0,9.15e-05,0.0009782,0.0003828,0.0008543,0.0010983,0.0003158,0.0017481,0.0035229,0.0226883,0.0286416,0.0141177,0.0396383,0.0882631,
493,0.0,8.88e-05,0.0009747,0.0006535,0.0008555,0.0017375,0.0007907,0.0016697,0.0084169,0.0140155,0.0243247,0.024098,0.0243105,0.0804321,
494,1e-07,9.08e-05,0.0009687,0.0006534,0.0010955,0.001846,0.0014572,0.002899,0.009714,0.0134367,0.0537555,0.038968,0.0161143,0.0697343,
495,1e-07,9.33e-05,0.0009674,0.0006526,0.0005838,0.00079,0.0008828,0.0029311,0.0048255,0.03263,0.0374854,0.0194994,0.058126,0.0712287,
496,1e-07,9.66e-05,0.0009696,0.0003831,0.0012437,0.0006451,0.0012534,0.002235,0.017621,0.0443763,0.0267266,0.0437362,0.0565266,0.0645654,
497,1e-07,0.0009984,0.0013481,0.0006503,0.0008128,0.000645,0.0008828,0.0009798,0.0145084,0.0128692,0.0404176,0.0553377,0.0595337,0.056996,
498,1e-07,9.92e-05,0.0013511,0.0006501,0.0010987,0.0012827,0.0009103,0.0037839,0.0113029,0.0058686,0.0406906,0.0527519,0.0504239,0.0549305,
499,0.0,0.000101,0.0013548,0.0006487,0.0008528,0.000654,0.0009127,0.0036763,0.0229661,0.0267814,0.0490254,0.0356291,0.0516401,0.0457266,
500,0.0,0.0001002,0.0013588,0.0006481,0.0008511,0.0007839,0.0007905,0.0021669,0.016056,0.0456015,0.0478789,0.0849852,0.071505,0.0472417,
501,0.0,0.0010684,0.0009806,0.0006472,0.0005927,0.0007939,0.0009155,0.0019638,0.0041668,0.0289478,0.0489419,0.1218883,0.0235657,0.0663449,
502,1e-07,0.0001047,0.0009835,0.000389,0.0008484,0.0007804,0.0007894,0.001688,0.0094236,0.0172543,0.0412876,0.1250315,0.0976843,0.0753464,
503,1e-07,0.0001027,0.0010849,0.0010762,0.0006552,0.0006451,0.0019709,0.0037263,0.0077555,0.0190536,0.023461,0.0358,0.055063,0.0624668,
504,1e-07,0.0001036,0.0010869,0.000645,0.0010454,0.0007955,0.0007881,0.0017003,0.0110769,0.018937,0.0225834,0.0179045,0.0446687,0.0556497,
505,1e-07,0.0001025,0.0005233,0.0006451,0.0006573,0.001079,0.001173,0.0009052,0.011662,0.021107,0.0157971,0.0152117,0.0384285,0.0671123,
506,1e-07,9.95e-05,0.0005229,0.0003901,0.0006536,0.0006701,0.0009135,0.0001074,0.0121535,0.0198397,0.0139524,0.0183805,0.0198193,0.0595949,
507,1e-07,0.0009263,0.0005214,0.0010743,0.0014189,0.0016345,0.0002899,0.0008829,0.0145891,0.0181444,0.0119016,0.0189342,0.0429427,0.0716075,
508,2e-07,9.8e-05,0.0005208,0.0009442,0.0006546,0.0007953,0.0020977,0.0014097,0.0115509,0.0198495,0.0236971,0.0133748,0.047352,0.0643882,
509,1e-07,9.63e-05,0.000521,0.0003901,0.0018435,0.0006446,0.0009192,0.0021949,0.0041866,0.0205463,0.0120401,0.0210253,0.0423804,0.063131,
510,1e-07,9.93e-05,0.0005239,0.0006432,0.0006549,0.001679,0.0007857,0.0013464,0.0025179,0.028045,0.0145907,0.0200479,0.0340575,0.0624756,
511,2e-07,9.92e-05,0.0012466,0.0009458,0.0006577,0.0010929,0.0007846,0.0022437,0.0066125,0.0228237,0.0162426,0.0195785,0.058813,0.0787906,
512,2e-07,9.55e-05,0.0005188,0.0006445,0.0008182,0.0013096,0.0011658,0.0014151,0.0060087,0.0062835,0.0086266,0.0286659,0.0328797,0.0360533,
513,1e-07,9.62e-05,0.0011024,0.0013836,0.00065,0.0016351,0.0009191,0.0029149,0.0080498,0.0146772,0.0242117,0.0298897,0.0269308,0.0250807,
514,1e-07,9.93e-05,0.0012476,0.0006423,0.0006566,0.0007731,0.0021614,0.0030818,0.011173,0.0263145,0.0316261,0.0183644,0.0286744,0.0565185,
515,2e-07,9.67e-05,0.0011015,0.0009474,0.0006539,0.0011701,0.001169,0.0059192,0.0195658,0.0234396,0.0129831,0.0308284,0.0327942,0.0416475,
516,1e-07,9.43e-05,0.001107,0.0009483,0.0013132,0.0018844,0.0019781,0.0076604,0.0107118,0.0240928,0.01183,0.026629,0.0284244,0.0349968,
517,1e-07,0.000939,0.0011472,0.0009496,0.0008405,0.0016802,0.001976,0.0166016,0.0153528,0.0091841,0.0245808,0.0187628,0.0226759,0.0384015,
518,2e-07,9.76e-05,0.0011103,0.0003931,0.0006269,0.0007997,0.0014649,0.0094508,0.0298972,0.0465127,0.012441,0.0240089,0.020157,0.0450379,
519,1e-07,9.36e-05,0.0005268,0.0017071,0.00063,0.0011676,0.0025054,0.0081177,0.04371,0.0674368,0.0324535,0.0184296,0.0340084,0.0335184,
520,1e-07,9.39e-05,0.0011074,0.0028182,0.0026755,0.002851,0.0038515,0.0118688,0.0343028,0.0584258,0.0471498,0.0308586,0.0176914,0.0201504,
521,1e-07,9.69e-05,0.0009934,0.0012879,0.0045015,0.0038571,0.0064317,0.0135179,0.0448372,0.0517065,0.0569708,0.0345468,0.0260267,0.025244,
522,1e-07,0.0001003,0.0011484,0.0015449,0.0013317,0.0013878,0.002037,0.0133928,0.0134099,0.0171487,0.011418,0.0521057,0.0182587,0.0639003,
523,1e-07,0.0001032,0.0014253,0.001545,0.0011429,0.0010828,0.0058541,0.0108365,0.0097176,0.0308105,0.0336576,0.0474279,0.0416482,0.0757271,
524,1e-07,0.0001071,0.0011483,0.0016236,0.0011406,0.0014932,0.0032335,0.0115314,0.0142028,0.0187803,0.0407693,0.045907,0.0559187,0.0473272,
525,1e-07,0.0013454,0.000996,0.0009498,0.0011707,0.0022427,0.0030527,0.0043705,0.0106579,0.0206007,0.0309553,0.039975,0.0707591,0.061357,
526,2e-07,0.0001066,0.0005151,0.0006383,0.0006722,0.0018077,0.0028168,0.0064348,0.011315,0.0209106,0.048325,0.0372353,0.0594407,0.0514487,
527,2e-07,0.0001096,0.0005149,0.0003967,0.0006784,0.0010874,0.0015826,0.0089716,0.0240218,0.0418877,0.0436914,0.0551441,0.0508995,0.0562387,
528,2e-07,0.0001102,0.0005146,0.0006395,0.0006809,0.0018916,0.0012392,0.0031797,0.0219122,0.0475566,0.0231745,0.0560903,0.0452971,0.0890076,
529,2e-07,0.0001137,0.0011005,0.0006383,0.0008377,0.0013675,0.0014396,0.0040357,0.0109903,0.0435829,0.0486597,0.0704125,0.0806454,0.071775,
530,2e-07,0.000114,0.0005156,0.0006405,0.0006878,0.0007984,0.0015282,0.0021194,0.0331216,0.0729079,0.0403511,0.073794,0.0504964,0.0708561,
531,2e-07,0.0001128,0.0005175,0.0006405,0.0008385,0.0013802,0.0009324,0.0028865,0.0275221,0.0542723,0.0428306,0.054544,0.1255181,0.1003436,
532,2e-07,0.0001109,0.0010918,0.0009421,0.0006808,0.0006833,0.0011792,0.0013213,0.0115391,0.0204653,0.0386436,0.0507187,0.1093041,0.1086608,
533,2e-07,0.0001088,0.0012383,0.0006431,0.0006756,0.0013119,0.0012791,0.0020162,0.0069899,0.0304328,0.0607497,0.0928796,0.0932605,0.0564947,
534,2e-07,0.000112,0.0005206,0.0014731,0.0006813,0.0006808,0.0012813,0.0013129,0.0172744,0.0389559,0.056646,0.0852396,0.0701233,0.0895031,
535,2e-07,0.000114,0.0005201,0.0010876,0.0006839,0.0013125,0.0020909,0.0013144,0.0220757,0.0466748,0.0488778,0.0180162,0.0475173,0.0598868,
536,2e-07,0.0009399,0.0005207,0.0010716,0.0006127,0.0006448,0.0002801,0.0016415,0.0044192,0.0131193,0.0580619,0.0771809,0.0495419,0.0321731,
537,2e-07,0.0009185,0.0005221,0.0003936,0.0012954,0.0007954,0.0011429,0.0009984,0.0064697,0.0113891,0.0640939,0.0850834,0.0817148,0.0368887,
538,2e-07,0.0013313,0.001002,0.0015649,0.0014181,0.0006452,0.0011782,0.0022496,0.0081758,0.0144577,0.0547983,0.0408173,0.008262,0.0364846,
539,2e-07,0.0001138,0.0010893,0.0006418,0.0006811,0.0013758,0.0009286,0.0013511,0.0165042,0.0048776,0.028211,0.0344196,0.0285251,0.0392486,
540,2e-07,0.0001097,0.0005226,0.0003931,0.0006737,0.0007964,0.0009238,0.0008823,0.0073746,0.0161447,0.0312689,0.0402935,0.0282274,0.0680135,
541,1e-07,0.0009165,0.0009927,0.0011804,0.0008445,0.0007745,0.0011803,0.0009949,0.0057066,0.0249349,0.06496,0.0456174,0.052626,0.0774781,
542,1e-07,0.0001143,0.0009945,0.0009447,0.0012813,0.000797,0.0014672,0.0016777,0.0177209,0.0093044,0.042545,0.0208366,0.0601478,0.0444594,
543,1e-07,0.000112,0.0005231,0.0010733,0.0013789,0.0013047,0.0007887,0.0013314,0.0127417,0.0174429,0.0277489,0.0254643,0.054549,0.0546212,
544,1e-07,0.0001085,0.0005241,0.000945,0.0014106,0.001632,0.0002884,0.001009,0.0107035,0.009721,0.0050609,0.0290835,0.0453094,0.0426312,
545,1e-07,0.000106,0.0010891,0.0006438,0.0018602,0.0012911,0.0009207,0.0010057,0.0046966,0.0088395,0.027705,0.0214971,0.0151222,0.0436274,
546,1e-07,0.0001039,0.0012486,0.0010736,0.0014717,0.0013582,0.0009171,0.0013295,0.0050821,0.0130495,0.0319021,0.0308685,0.0328076,0.0734876,
547,2e-07,0.000106,0.0005227,0.0006449,0.0006675,0.0006748,0.0009177,0.0001301,0.0130276,0.0136894,0.0309871,0.0533762,0.0520411,0.0569001,
548,2e-07,0.0001041,0.0005184,0.0011989,0.0018689,0.0007943,0.0019071,0.0025045,0.0087183,0.0181622,0.017489,0.0618105,0.0675423,0.071956,
549,2e-07,0.0001036,0.0010887,0.0013647,0.0014244,0.0006807,0.0013637,0.0022226,0.0193245,0.0200539,0.0196359,0.0114967,0.0451186,0.0895729,
550,2e-07,0.0001026,0.0010905,0.0003922,0.0008397,0.0007606,0.001154,0.0018163,0.0143511,0.0151711,0.019324,0.0271441,0.0242113,0.0529061,
551,2e-07,9.89e-05,0.0005172,0.0010726,0.0013108,0.0007928,0.0011616,0.0024966,0.0081919,0.0091861,0.0157843,0.0508587,0.0507056,0.0684692,
552,2e-07,9.85e-05,0.0010894,0.0003907,0.0016691,0.0006796,0.0011811,0.001851,0.0138775,0.0168824,0.0222478,0.0565356,0.0695133,0.0654038,
553,2e-07,9.87e-05,0.0005194,0.0006449,0.0010268,0.0013733,0.0002875,0.0021548,0.0150107,0.0320525,0.0459658,0.0331289,0.0482464,0.0760052,
554,2e-07,9.65e-05,0.0005189,0.0011993,0.0013315,0.0017474,0.0014627,0.0030325,0.0168129,0.0463492,0.0492511,0.0169883,0.0252113,0.0316253,
555,2e-07,9.32e-05,0.0005208,0.0009422,0.0006258,0.0016724,0.0009037,0.0042147,0.0160623,0.0516896,0.0407919,0.0148082,0.0157704,0.0416702,
556,2e-07,9.48e-05,0.0005211,0.0003911,0.0008398,0.0013749,0.0022081,0.0021493,0.0094526,0.0573122,0.0600962,0.0401565,0.0520233,0.0657129,
557,2e-07,0.000937,0.000517,0.0010829,0.0018636,0.002364,0.00205,0.0015417,0.0151216,0.0331533,0.0858209,0.0690943,0.1008572,0.0849364,
558,2e-07,9.05e-05,0.0018218,0.0013816,0.0013246,0.0016576,0.0015339,0.003868,0.0096929,0.0315283,0.0851439,0.0787637,0.0888862,0.0870273,
559,2e-07,9.26e-05,0.0012435,0.0003913,0.0010234,0.0006449,0.0014621,0.0031092,0.0142719,0.0300778,0.0322321,0.0603561,0.0708158,0.1002909,
560,2e-07,9.54e-05,0.0011004,0.0021053,0.0013371,0.0007971,0.001186,0.0068525,0.0161079,0.0168243,0.0503479,0.082387,0.0873207,0.0995302,
561,2e-07,9.27e-05,0.0012388,0.0018476,0.000652,0.0006451,0.0029132,0.0067802,0.00387,0.0390844,0.0127985,0.0898448,0.1122525,0.1139959,
562,2e-07,9.14e-05,0.0011046,0.0003919,0.0013356,0.0040949,0.0039991,0.0046148,0.0099583,0.0237842,0.011785,0.0500375,0.0978668,0.0680834,
563,2e-07,9.48e-05,0.000514,0.0003933,0.0013398,0.0015868,0.0029982,0.0074384,0.0217142,0.0280299,0.0491991,0.0230282,0.0760277,0.0498572,
564,2e-07,9.75e-05,0.0012375,0.001474,0.0014631,0.0010924,0.0014586,0.007419,0.0198222,0.0299154,0.0857335,0.0388323,0.0435789,0.0802614,
565,2e-07,0.0001006,0.0005146,0.0010853,0.0019608,0.0024431,0.0015307,0.0071571,0.0203203,0.0172469,0.0407599,0.0502553,0.024656,0.0993347,
566,2e-07,0.001387,0.0005201,0.0006424,0.0006675,0.0013807,0.0027811,0.006243,0.0078131,0.0496606,0.0510694,0.0595097,0.024523,0.0743403,
567,2e-07,0.0001018,0.0005169,0.0011979,0.0013385,0.0006832,0.0011709,0.0042748,0.014773,0.0429746,0.0363625,0.0371151,0.0156138,0.0556854,
568,2e-07,0.000106,0.0012367,0.0013663,0.0014316,0.0007645,0.0020498,0.0038186,0.015058,0.0262659,0.0335328,0.0462516,0.0532926,0.0742024,
569,2e-07,0.0001067,0.0005159,0.0009454,0.000674,0.0013819,0.0021717,0.0052672,0.031374,0.0298239,0.0241619,0.0317496,0.0503228,0.0604372,
570,2e-07,0.000104,0.0005218,0.0006419,0.0014297,0.0006801,0.0012428,0.0073491,0.0249841,0.0223192,0.0116637,0.0344509,0.0523527,0.0382306,
571,2e-07,0.0001062,0.0010952,0.0010719,0.0010261,0.0015122,0.0002811,0.0013181,0.0189565,0.0376737,0.0147512,0.0194441,0.025701,0.0331705,
572,2e-07,0.0001096,0.0005173,0.001198,0.0008394,0.0020228,0.0012803,0.0036392,0.0194804,0.0489471,0.0247417,0.005978,0.0586546,0.0180802,
573,2e-07,0.0001077,0.0017892,0.0009474,0.0014839,0.0016384,0.002042,0.0013204,0.0171629,0.0246619,0.0358286,0.0220656,0.0590515,0.0432073,
574,2e-07,0.0017387,0.0010964,0.0003941,0.0006701,0.0007984,0.0012729,0.001336,0.0151529,0.0296505,0.0593262,0.0212595,0.0531325,0.049106,
575,2e-07,0.0001108,0.0010963,0.0003949,0.0006768,0.0007725,0.0012401,0.0044899,0.0121465,0.0302159,0.0357606,0.0043384,0.0497094,0.0613383,
576,1e-07,0.0001127,0.0005183,0.0014747,0.0016933,0.0007999,0.0011874,0.0075955,0.0130582,0.0293038,0.0424691,0.0483168,0.0735271,0.0831556,
577,1e-07,0.0001101,0.0010988,0.0010741,0.0012972,0.00137,0.0002813,0.0054292,0.0092106,0.0107426,0.0772335,0.0508699,0.0610535,0.0765206,
578,1e-07,0.0009178,0.0005203,0.0010847,0.0013237,0.0007986,0.0009273,0.0033264,0.0199216,0.0189856,0.0506461,0.0360785,0.0920688,0.0562366,
579,1e-07,0.0009364,0.0010941,0.0006404,0.0006797,0.0013818,0.001668,0.0075679,0.0106619,0.0182447,0.0452414,0.0817918,0.10177,0.0926222,
580,1e-07,0.0001152,0.0005234,0.0014749,0.0006801,0.0008008,0.001979,0.0072194,0.0121045,0.0272801,0.0427597,0.0839493,0.0561322,0.0584249,
581,1e-07,0.0001118,0.0005193,0.0011958,0.0012912,0.0013112,0.0009077,0.00888,0.0046532,0.0340586,0.0519751,0.0791555,0.10014,0.0473039,
582,1e-07,0.0001105,0.0005182,0.0010752,0.0006713,0.0013866,0.0017524,0.0053117,0.0281737,0.057667,0.0533588,0.0471895,0.0616501,0.0542038,
583,1e-07,0.0013617,0.0005264,0.0014751,0.0014853,0.0013781,0.0007902,0.0153786,0.0260203,0.0708603,0.050647,0.0468554,0.028685,0.0822693,
584,0.0,0.0001128,0.0005175,0.0006369,0.0010347,0.0013892,0.0016013,0.0168995,0.0101168,0.0513507,0.031956,0.0434003,0.0468074,0.0724637,
585,1e-07,0.0001094,0.0005168,0.0003952,0.0018615,0.0013775,0.0019884,0.0130463,0.0161935,0.0110634,0.0185719,0.0382909,0.0456641,0.0623861,
586,1e-07,0.0001055,0.0005172,0.0006379,0.000842,0.0016852,0.0021638,0.0039569,0.0195424,0.0307957,0.0290313,0.0444271,0.004152,0.0375153,
587,1e-07,0.0001023,0.0005172,0.0013864,0.0014515,0.000801,0.0016656,0.0021625,0.0167884,0.0381475,0.0316669,0.0473176,0.0197491,0.0445217,
588,1e-07,9.83e-05,0.0005173,0.0009512,0.0006193,0.0017909,0.0015161,0.0126781,0.0302603,0.0447168,0.0262125,0.0539355,0.0374418,0.0539442,
589,0.0,9.92e-05,0.0015016,0.0013761,0.0020751,0.0029673,0.001512,0.0027945,0.0284097,0.0338452,0.0387422,0.0667236,0.0619188,0.0676213,
590,0.0,0.0001017,0.000519,0.0010777,0.0010378,0.0006661,0.0025513,0.0031758,0.0134735,0.0214168,0.0279873,0.0355871,0.0387325,0.0627841,
591,0.0,0.0001057,0.0005285,0.0003928,0.0006593,0.0019142,0.0015223,0.0037569,0.0198296,0.0266007,0.0377382,0.0579638,0.0261329,0.0573469,
592,0.0,0.0001042,0.0005274,0.0013852,0.0011667,0.0006654,0.0009046,0.0046276,0.0099835,0.0323904,0.0439167,0.0620233,0.0872482,0.09945,
593,1e-07,0.0001025,0.0011598,0.0013769,0.0012922,0.0006446,0.0014581,0.0067261,0.0282234,0.0250222,0.0136054,0.0482453,0.0407579,0.0770575,
594,1e-07,9.88e-05,0.0005265,0.0010803,0.0006113,0.0010889,0.0002941,0.0028871,0.0131493,0.0160965,0.0144957,0.0210326,0.0358445,0.0634504,
595,1e-07,9.75e-05,0.0010937,0.0003899,0.0013996,0.0007769,0.0009131,0.0023148,0.0181075,0.0166546,0.0238021,0.0368592,0.0370272,0.0609431,
596,1e-07,9.39e-05,0.0005223,0.0010786,0.00144,0.0006446,0.0002991,0.0025191,0.0042044,0.0131471,0.0281049,0.0312635,0.0198363,0.0446998,
597,1e-07,9.18e-05,0.0010957,0.0006451,0.0008263,0.0006707,0.0009057,0.0001072,0.0095002,0.0070434,0.0342955,0.0317244,0.0389555,0.0396176,
598,1e-07,0.0009832,0.0005211,0.0014746,0.0006411,0.0013051,0.0009216,0.0029158,0.0130755,0.0185976,0.0278809,0.0174594,0.0392203,0.0489139,
599,2e-07,0.0009425,0.0005196,0.0006463,0.0008263,0.0006765,0.0011765,0.0038278,0.0062211,0.0321006,0.0303749,0.0370768,0.0255734,0.0749918,
600,2e-07,8.72e-05,0.00125,0.0003881,0.000624,0.0011753,0.0011704,0.0038676,0.0144259,0.0226111,0.0240569,0.0382877,0.0546131,0.0342442,
601,1e-07,0.0009853,0.0005201,0.0010783,0.0016375,0.0013057,0.0012538,0.0029175,0.0113334,0.0134101,0.0254708,0.0266952,0.0444945,0.0309083,
602,1e-07,8.91e-05,0.0005185,0.0010777,0.0017348,0.0006451,0.0007835,0.0016542,0.0062058,0.0186865,0.0237533,0.0316304,0.0416991,0.0264778,
603,2e-07,8.63e-05,0.0015034,0.0009461,0.0010286,0.0010763,0.0016711,0.0036287,0.0100165,0.0206477,0.0238693,0.0449114,0.0341581,0.0260008,
604,1e-07,8.37e-05,0.0015028,0.0014744,0.0006275,0.0007955,0.0009253,0.0108484,0.0205253,0.0522182,0.0573009,0.0537098,0.0328688,0.0300632,
605,1e-07,8.51e-05,0.0005178,0.0013737,0.0008391,0.0015788,0.0022047,0.0173806,0.0532641,0.0732768,0.0464651,0.0407734,0.0338655,0.0261237,
606,1e-07,0.0010622,0.0011518,0.0019028,0.0014315,0.0031925,0.0017711,0.0217196,0.0408389,0.0473652,0.0213217,0.0267874,0.0354555,0.0290736,
607,2e-07,8.41e-05,0.0015881,0.0016302,0.0020888,0.0034559,0.0009323,0.0247428,0.0581166,0.0334533,0.0398993,0.0186755,0.0347766,0.0284174,
608,2e-07,0.000944,0.0005171,0.0019233,0.0019206,0.0016757,0.0076123,0.0251763,0.0455804,0.0687904,0.0433032,0.0444344,0.03596,0.0488267,
609,2e-07,7.92e-05,0.0009857,0.0014673,0.0013189,0.001851,0.0035702,0.0071005,0.0294018,0.029842,0.0192531,0.023416,0.0101168,0.0759164,
610,2e-07,7.54e-05,0.0012519,0.0011884,0.0014316,0.0015825,0.0029888,0.0110299,0.0155313,0.0348152,0.0204353,0.0146083,0.0289122,0.0944828,
611,1e-07,7.39e-05,0.0009817,0.0003847,0.0013147,0.0011781,0.0008847,0.0082898,0.0072782,0.0287721,0.040203,0.0340559,0.0259669,0.078236,
612,1e-07,7.04e-05,0.0005201,0.0011951,0.0022396,0.0013012,0.0075348,0.0135657,0.0234862,0.0394612,0.0605977,0.0333181,0.027737,0.0451511,
