#Time_ps,0,10,20,30,50,100,300,500,1000,
1,1e-07,0.0695254,0.0274828,0.068782,0.1082111,0.1091414,0.1161223,0.1386332,0.073276,
2,1e-07,0.0842931,0.0689313,0.0663171,0.1021612,0.0609698,0.1393464,0.1067598,0.0551332,
3,1e-07,0.0464925,0.0425701,0.0748526,0.0756726,0.0156961,0.0929975,0.072582,0.0459576,
4,1e-07,0.0488854,0.0342563,0.0524098,0.0261287,0.0313777,0.0934989,0.0582966,0.028886,
5,0.0,0.036585,0.059144,0.0698847,0.0555972,0.0533307,0.0295208,0.0170234,0.0481416,
6,0.0,0.0275242,0.0585568,0.1054391,0.0763052,0.0419324,0.0328426,0.0517417,0.0746978,
7,0.0,0.0268121,0.0832587,0.1092255,0.0431761,0.0560991,0.0242212,0.0560137,0.074808,
8,0.0,0.0265586,0.0832164,0.1025427,0.0691039,0.0655575,0.0050769,0.0426895,0.0581202,
9,1e-07,0.0249832,0.0985029,0.0994861,0.0788565,0.0465791,0.0391624,0.0374599,0.0542795,
10,1e-07,0.02193,0.0865856,0.0488995,0.0453244,0.0648001,0.0495978,0.0410127,0.0432801,
11,1e-07,0.0616963,0.053075,0.0606872,0.0114574,0.0647319,0.0337418,0.0561946,0.013942,
12,1e-07,0.0636539,0.0968754,0.0283348,0.0227035,0.0459362,0.0579438,0.0571677,0.0176056,
13,1e-07,0.0337354,0.0277256,0.0527228,0.0315221,0.0331163,0.0464265,0.02551,0.0154497,
14,1e-07,0.0260203,0.0453304,0.041357,0.0227783,0.0266561,0.0592596,0.0145873,0.0171128,
15,1e-07,0.0488392,0.0266762,0.0255527,0.0698032,0.0543885,0.0952838,0.0264678,0.0254886,
16,1e-07,0.0522742,0.0552223,0.02762,0.0910977,0.0461061,0.0557462,0.023143,0.0484234,
17,1e-07,0.038273,0.0451574,0.0704326,0.0603179,0.0323904,0.0299013,0.0201821,0.04202,
18,1e-07,0.0313188,0.0689859,0.0790362,0.0100238,0.0657328,0.0357698,0.018172,0.0578993,
19,1e-07,0.04976,0.0678916,0.071071,0.0396283,0.0684526,0.0316707,0.0322401,0.0899673,
20,1e-07,0.0392085,0.0790837,0.0722613,0.0582083,0.015352,0.0474849,0.0905144,0.116799,
21,1e-07,0.0441353,0.0910093,0.0898483,0.0768097,0.0792869,0.056548,0.1538332,0.1648911,
22,1e-07,0.0637801,0.1009513,0.0684761,0.1242215,0.0816982,0.0143333,0.1730908,0.1846599,
23,1e-07,0.0961978,0.0973945,0.0722372,0.1602859,0.1238464,0.1034225,0.2511917,0.211498,
24,1e-07,0.1197258,0.0741835,0.1166386,0.0993068,0.0890124,0.0934617,0.1914728,0.1883501,
25,1e-07,0.0804038,0.0600597,0.0968101,0.0612946,0.0722438,0.048511,0.1462598,0.1522735,
26,1e-07,0.0752773,0.0932369,0.1016078,0.0425797,0.0478347,0.0512186,0.1248615,0.1462866,
27,1e-07,0.0535259,0.0874124,0.0719661,0.0436404,0.0395627,0.036636,0.0704097,0.0545059,
28,1e-07,0.0338401,0.0668908,0.070923,0.0486952,0.0426761,0.0320553,0.0541717,0.0362637,
29,1e-07,0.0429962,0.0346089,0.0750115,0.0827371,0.0556256,0.0429077,0.1035531,0.0435035,
30,1e-07,0.0462235,0.0390483,0.0712658,0.0428476,0.0691404,0.0389636,0.0468176,0.0239756,
31,1e-07,0.0674197,0.0403725,0.0493186,0.0462502,0.06953,0.0271842,0.051194,0.0658274,
32,1e-07,0.0696575,0.036358,0.0803644,0.0666283,0.0295373,0.0441148,0.0521809,0.0555844,
33,2e-07,0.0675796,0.0612224,0.0571039,0.036078,0.1022219,0.0818125,0.0892954,0.0385102,
34,2e-07,0.0687004,0.0457096,0.058854,0.0625879,0.0632085,0.1120564,0.0855111,0.0476104,
35,2e-07,0.0599524,0.0637728,0.0545074,0.0745408,0.0392982,0.1370155,0.1214253,0.0385087,
36,1e-07,0.0282364,0.0311845,0.0383793,0.060356,0.0548633,0.0911185,0.08775,0.0852805,
37,1e-07,0.0440558,0.0334199,0.0750218,0.0271766,0.0634039,0.0366676,0.0674811,0.0469825,
38,1e-07,0.0238982,0.0404576,0.0511913,0.03206,0.0650062,0.0246704,0.0636538,0.0580543,
39,1e-07,0.0484779,0.0317053,0.049394,0.0239935,0.01874,0.0387915,0.0899865,0.0254939,
40,1e-07,0.074105,0.0544999,0.0537088,0.0282508,0.0814344,0.0385278,0.1399306,0.1002826,
41,1e-07,0.088803,0.0555258,0.0726149,0.0779833,0.0759459,0.0442949,0.1527831,0.1479552,
42,1e-07,0.0679032,0.0585016,0.0813344,0.0675913,0.0804971,0.0478208,0.1364468,0.1116954,
43,1e-07,0.0357777,0.0791311,0.1163069,0.1024786,0.0972053,0.057298,0.1852259,0.1868346,
44,1e-07,0.0986851,0.0651577,0.0890992,0.0665089,0.0374476,0.0564888,0.1909988,0.1724438,
45,1e-07,0.1415234,0.0529316,0.141639,0.0579166,0.0298838,0.1127541,0.1331399,0.1594956,
46,1e-07,0.1446473,0.1745219,0.1803536,0.1100836,0.1586411,0.1675821,0.156671,0.2137968,
47,1e-07,0.1423465,0.2703753,0.1610921,0.2748998,0.1966976,0.1326222,0.1988532,0.1848534,
48,1e-07,0.1278523,0.1357884,0.1046608,0.2577657,0.1865152,0.0738963,0.2076626,0.1146991,
49,0.0,0.0946193,0.1369642,0.0519818,0.1222472,0.0704583,0.1178152,0.2053923,0.1430234,
50,0.0,0.1237426,0.1833341,0.0559143,0.1220683,0.0996645,0.1269704,0.2073979,0.0972181,
51,0.0,0.1026919,0.1536277,0.1155417,0.1129234,0.0628805,0.0942345,0.2092087,0.0879418,
52,1e-07,0.0872166,0.1064206,0.1558852,0.0991422,0.1264433,0.0244215,0.1829877,0.1131978,
53,1e-07,0.0659072,0.0820516,0.1856427,0.1103674,0.2341227,0.0648574,0.2165701,0.1307827,
54,1e-07,0.0767102,0.0939714,0.0971915,0.0906166,0.1487003,0.1027689,0.2037561,0.1987585,
55,1e-07,0.1102713,0.0437864,0.1112244,0.0989076,0.1734243,0.1223265,0.1791204,0.2094149,
56,1e-07,0.0971602,0.0545593,0.1571948,0.0848036,0.1771246,0.1005361,0.204275,0.1457862,
57,1e-07,0.0486881,0.070666,0.1548513,0.0246685,0.1860501,0.0592986,0.1996575,0.1919563,
58,1e-07,0.0982234,0.0606176,0.0940149,0.0327434,0.1608492,0.0644203,0.2092875,0.1240071,
59,1e-07,0.1931479,0.0447778,0.1151702,0.0882912,0.1426411,0.1155345,0.1975327,0.2011842,
60,2e-07,0.1939267,0.0672919,0.1628235,0.0767465,0.1827076,0.0747624,0.2190518,0.2498003,
61,2e-07,0.1366135,0.0215945,0.1548604,0.0410824,0.1674683,0.0445245,0.2098722,0.2408831,
62,2e-07,0.1313441,0.0776083,0.1394851,0.0445639,0.1603238,0.1958868,0.2399253,0.2365431,
63,2e-07,0.1239118,0.0877178,0.1178253,0.0852618,0.1826029,0.1327927,0.1793677,0.1550718,
64,2e-07,0.1587816,0.1143729,0.1198616,0.1039066,0.1702671,0.1460261,0.1233679,0.1153115,
65,2e-07,0.0926267,0.100784,0.1036732,0.0914242,0.1536067,0.1315782,0.1579496,0.1872636,
66,2e-07,0.0682922,0.0780479,0.0656395,0.0447914,0.1458718,0.0473632,0.1435208,0.078127,
67,2e-07,0.0626768,0.1025209,0.0878687,0.1143889,0.1819983,0.0819706,0.130796,0.173013,
68,2e-07,0.0354382,0.0878679,0.0493133,0.1118846,0.0840431,0.0917783,0.0860473,0.1428151,
69,2e-07,0.0290108,0.1065794,0.0359415,0.0911613,0.0642295,0.0907807,0.0565324,0.1249935,
70,2e-07,0.0791425,0.1391758,0.0263123,0.1078543,0.0883753,0.0846699,0.0712262,0.0547292,
71,0.0,0.0563974,0.1283661,0.0444243,0.1083145,0.1248241,0.0405585,0.1248331,0.1187728,
72,2e-07,0.0829751,0.1400207,0.0703849,0.0858616,0.2847619,0.1836646,0.1498532,0.225496,
73,2e-07,0.0509344,0.0998319,0.0896965,0.0470001,0.1460902,0.1005262,0.0572493,0.2083968,
74,2e-07,0.0751027,0.1109256,0.1227107,0.0585032,0.1053314,0.108092,0.0379741,0.0653483,
75,2e-07,0.055417,0.1036477,0.0714324,0.0701231,0.098933,0.1352121,0.0650094,0.0730411,
76,2e-07,0.0488342,0.0899436,0.0504013,0.0564029,0.1785597,0.1495768,0.1163814,0.0727641,
77,2e-07,0.0696132,0.0546294,0.0887168,0.0686085,0.1505961,0.104336,0.1165521,0.0914432,
78,2e-07,0.0799544,0.0304978,0.0465762,0.0880044,0.1094017,0.1134186,0.154495,0.0824517,
79,2e-07,0.090706,0.0307123,0.0682965,0.0352507,0.1384525,0.1098097,0.1921825,0.0466525,
80,2e-07,0.0337032,0.0536862,0.1152181,0.0440626,0.1344079,0.1036867,0.1720539,0.0373829,
81,1e-07,0.0427127,0.0391862,0.0654256,0.04731,0.112002,0.0685218,0.2260613,0.037864,
82,1e-07,0.0573318,0.0506815,0.0386912,0.0751362,0.1093341,0.0470925,0.1715733,0.132445,
83,1e-07,0.0547303,0.0511691,0.0439355,0.0748791,0.0818073,0.1286368,0.0972588,0.1474423,
84,1e-07,0.093469,0.0136789,0.0540652,0.0211707,0.0734265,0.0898943,0.0820949,0.181498,
85,1e-07,0.0935145,0.0419397,0.0392603,0.0266411,0.0632637,0.0785805,0.0964134,0.1219798,
86,1e-07,0.0750979,0.0456858,0.0454413,0.0257288,0.0574321,0.0625,0.1037433,0.1000892,
87,1e-07,0.045485,0.0194579,0.011544,0.0322444,0.0734215,0.0473668,0.082306,0.1007355,
88,1e-07,0.0417368,0.045404,0.0125464,0.0314103,0.105411,0.0517008,0.0967338,0.1049883,
89,2e-07,0.0190279,0.0261078,0.0408008,0.0401303,0.1165063,0.076265,0.1153836,0.0961089,
90,2e-07,0.0545366,0.0540897,0.0442602,0.0762576,0.1327575,0.092118,0.1644247,0.1097644,
91,2e-07,0.0506829,0.034354,0.0792241,0.1016752,0.1581364,0.1274227,0.0970122,0.0656657,
92,2e-07,0.073092,0.0730179,0.0490039,0.0393682,0.1646547,0.1475165,0.0848039,0.0557994,
93,2e-07,0.0524429,0.0677269,0.079691,0.0367893,0.17451,0.1209715,0.1008251,0.0445171,
94,2e-07,0.0431377,0.0764977,0.0542675,0.0247737,0.1168649,0.1549804,0.112658,0.0369969,
95,2e-07,0.0404505,0.0773669,0.0807172,0.0247305,0.0882515,0.0800405,0.0965466,0.0282618,
96,2e-07,0.0391227,0.0992308,0.1814911,0.105029,0.0725681,0.0471448,0.0998792,0.0615914,
97,2e-07,0.0385499,0.0903049,0.0763163,0.053655,0.0694926,0.0380311,0.097478,0.0345475,
98,2e-07,0.0202361,0.1184839,0.0775369,0.0963656,0.0840019,0.0588498,0.1260338,0.0703974,
99,1e-07,0.0244539,0.0973676,0.07869,0.0826999,0.1280243,0.0741015,0.1391801,0.1096292,
100,1e-07,0.0249815,0.1014806,0.0830232,0.1417124,0.0391893,0.0593214,0.1015735,0.0947639,
101,1e-07,0.0559833,0.0846287,0.0907897,0.0866564,0.0276861,0.0629133,0.080871,0.0920523,
102,1e-07,0.0850364,0.0844899,0.1209755,0.080959,0.0382396,0.0273361,0.0962341,0.1120572,
103,1e-07,0.0613581,0.0956698,0.0996899,0.0707911,0.0715621,0.0596193,0.0618788,0.0986935,
104,1e-07,0.0478422,0.1096123,0.0713685,0.0511504,0.0890361,0.0639969,0.0417817,0.090192,
105,0.0,0.0680857,0.1300409,0.047413,0.0467742,0.0471945,0.0775465,0.0526851,0.0800982,
106,0.0,0.0564114,0.0706391,0.033672,0.0581112,0.0520705,0.0620661,0.0581453,0.0875745,
107,0.0,0.0762942,0.0631832,0.0544322,0.0471359,0.0582496,0.0429598,0.0754424,0.0769191,
108,1e-07,0.0462826,0.0576149,0.0666304,0.0658322,0.0818877,0.0610708,0.0549702,0.0860301,
109,1e-07,0.0165562,0.0632679,0.0607501,0.0350857,0.069216,0.0434517,0.039754,0.0777417,
110,0.0,0.0521081,0.0449028,0.0493708,0.0439317,0.0473199,0.0394389,0.0235256,0.0527172,
111,0.0,0.0307878,0.0546205,0.0621297,0.0345884,0.0333809,0.0558541,0.0648948,0.0325539,
112,0.0,0.0334301,0.0770104,0.0587429,0.0346232,0.042097,0.0578433,0.0389113,0.0343247,
113,0.0,0.0140734,0.071845,0.0459766,0.0146437,0.0502642,0.0351181,0.0328739,0.0534027,
114,0.0,0.0407644,0.0356976,0.0554807,0.0257535,0.0519592,0.0449923,0.030947,0.0538054,
115,1e-07,0.0424386,0.0294227,0.0440903,0.0312743,0.0648374,0.0451518,0.0126893,0.0534411,
116,0.0,0.0529626,0.0317546,0.0628174,0.0473358,0.0485424,0.0651021,0.0193308,0.0901289,
117,1e-07,0.0266158,0.026955,0.0484138,0.0461282,0.0596652,0.0646464,0.0427229,0.074261,
118,1e-07,0.0527437,0.0390951,0.0518724,0.039515,0.0747928,0.02009,0.0766431,0.1060742,
119,1e-07,0.0541869,0.0496477,0.080883,0.0348784,0.0465979,0.0612012,0.0590285,0.1047719,
120,1e-07,0.0259275,0.0457631,0.0305369,0.013975,0.0891998,0.0680144,0.1016159,0.0337828,
121,1e-07,0.0179347,0.0315815,0.038421,0.0556862,0.0456502,0.0664358,0.1046475,0.0965606,
122,1e-07,0.0397536,0.0201919,0.0442847,0.0329123,0.026376,0.0398085,0.0659571,0.1724083,
123,1e-07,0.0445673,0.0730377,0.0208111,0.0608724,0.0158732,0.080947,0.042732,0.1456876,
124,0.0,0.0337087,0.0428512,0.0168179,0.0602915,0.0212074,0.0582857,0.0457732,0.0966308,
125,0.0,0.018091,0.0472128,0.0304088,0.0270717,0.0391367,0.0569786,0.0495473,0.0526242,
126,0.0,0.0186521,0.0739952,0.0299592,0.092351,0.0338116,0.0543459,0.0802222,0.0413552,
127,0.0,0.0133173,0.054913,0.0326263,0.0760599,0.0551163,0.0387224,0.0619478,0.0712994,
128,0.0,0.0696044,0.0599951,0.034995,0.0523808,0.0430899,0.0452451,0.0707288,0.058712,
129,0.0,0.050479,0.0534745,0.0632941,0.0531788,0.0295669,0.0462139,0.0589418,0.0537928,
130,0.0,0.0275019,0.052263,0.0252145,0.040191,0.0231714,0.0274693,0.062749,0.0601707,
131,1e-07,0.0472236,0.0677383,0.0285839,0.0513183,0.0283828,0.0283611,0.0363706,0.0429003,
132,1e-07,0.028783,0.0832526,0.0312966,0.0690049,0.0299095,0.0161229,0.0203311,0.1072087,
133,1e-07,0.0554739,0.0892727,0.041378,0.0633928,0.0333224,0.0704039,0.0557476,0.1058949,
134,1e-07,0.0529572,0.0936362,0.0464436,0.0258324,0.0337618,0.0790697,0.0803895,0.1173175,
135,1e-07,0.0741433,0.0879647,0.0588579,0.0586041,0.016073,0.0889321,0.0737242,0.1181744,
136,0.0,0.0564222,0.0886874,0.0514075,0.0283268,0.0501232,0.0869585,0.0452737,0.1119719,
137,1e-07,0.0688075,0.0666898,0.0529597,0.0630885,0.0535102,0.0806033,0.1284799,0.1348623,
138,0.0,0.0429166,0.0441399,0.0715735,0.0597834,0.041944,0.0770533,0.1771926,0.0288229,
139,0.0,0.0569071,0.0592845,0.0363755,0.0340856,0.0333269,0.0692259,0.103197,0.0214037,
140,0.0,0.0453271,0.038901,0.0479732,0.0471361,0.0304856,0.0701084,0.0655439,0.0037869,
141,0.0,0.0648127,0.0655309,0.0509478,0.0451872,0.0606827,0.0688705,0.0713234,0.0236871,
142,0.0,0.1797873,0.0788699,0.0800892,0.0604008,0.0623587,0.0627031,0.1058919,0.036434,
143,1e-07,0.1779917,0.1251648,0.128993,0.1536493,0.0303609,0.0496121,0.067497,0.0883378,
144,1e-07,0.023409,0.0366933,0.0895995,0.0614637,0.0344477,0.0483832,0.0423688,0.0499129,
145,1e-07,0.0877265,0.0746059,0.0538956,0.0640615,0.0339034,0.0540173,0.0467977,0.0654857,
146,1e-07,0.0151786,0.0269744,0.0532336,0.0393696,0.0511512,0.0327488,0.042574,0.0305598,
147,1e-07,0.0478701,0.05191,0.0615475,0.0303181,0.0308615,0.0510505,0.0367057,0.0434691,
148,1e-07,0.0494403,0.0273954,0.0644938,0.0445089,0.0662617,0.0683977,0.0295098,0.0633776,
149,0.0,0.0388642,0.0694731,0.0534035,0.0654246,0.0060302,0.0405207,0.0307372,0.0440101,
150,1e-07,0.0600674,0.0710308,0.0421423,0.0643767,0.0488878,0.0494599,0.0233043,0.0862028,
151,1e-07,0.0567171,0.1035406,0.056154,0.050106,0.0330531,0.0593254,0.040432,0.0812296,
152,1e-07,0.0565996,0.1202155,0.0668542,0.0415441,0.0336028,0.088119,0.041498,0.0420417,
153,1e-07,0.0630959,0.1493013,0.1450629,0.0431529,0.0817633,0.1722792,0.1543201,0.0693624,
154,1e-07,0.0731594,0.1544604,0.0568186,0.064473,0.1139832,0.263055,0.2531065,0.1444168,
155,1e-07,0.0692787,0.1445985,0.0450841,0.0759441,0.0882813,0.2652176,0.1966478,0.2307963,
156,1e-07,0.0507318,0.10834,0.1283518,0.0542835,0.0509106,0.0985403,0.097061,0.1380772,
157,1e-07,0.0591455,0.100775,0.0987534,0.0315416,0.0525991,0.0352766,0.0664149,0.1081384,
158,1e-07,0.066355,0.0942136,0.0959247,0.0499091,0.0491486,0.0439272,0.0247195,0.0796103,
159,1e-07,0.0537328,0.0888633,0.0888606,0.0387513,0.0456691,0.0509492,0.0314281,0.0327175,
160,1e-07,0.0767531,0.1100113,0.0691549,0.0486639,0.0187904,0.0546853,0.0187159,0.029907,
161,0.0,0.0658957,0.0946687,0.0501742,0.0555838,0.0288688,0.0660122,0.0665038,0.0228688,
162,1e-07,0.0664612,0.0836967,0.0433953,0.0359738,0.0578045,0.0664014,0.0760171,0.0216308,
163,0.0,0.0696594,0.0624801,0.0498416,0.0154421,0.0755139,0.0480667,0.0570783,0.0282014,
164,0.0,0.0787462,0.0935075,0.037967,0.0445366,0.0494127,0.051307,0.0963769,0.0537945,
165,0.0,0.0753491,0.0709339,0.0592526,0.0640506,0.0701313,0.0664537,0.1334255,0.1057041,
166,0.0,0.0839464,0.0621818,0.0284782,0.041402,0.0102313,0.0475913,0.1532839,0.1224237,
167,1e-07,0.0969137,0.114914,0.0248424,0.0539764,0.0190676,0.0931668,0.1529539,0.0963699,
168,1e-07,0.1045028,0.0999488,0.0261744,0.1130369,0.060568,0.2028091,0.2563828,0.2383609,
169,1e-07,0.0911553,0.0780019,0.0251763,0.0865261,0.0482288,0.1633047,0.1222602,0.2009668,
170,1e-07,0.0986367,0.0157588,0.0152457,0.0697578,0.0191552,0.0849174,0.1611346,0.1050116,
171,1e-07,0.0901513,0.0898243,0.0182357,0.0895906,0.0163949,0.1459693,0.0972874,0.0631824,
172,0.0,0.0751652,0.0543875,0.0326349,0.0630296,0.0171046,0.0557433,0.0878937,0.050644,
173,0.0,0.0834357,0.0816364,0.0237641,0.0505825,0.0393567,0.0471166,0.06113,0.0761365,
174,0.0,0.067156,0.1337946,0.0296901,0.0689893,0.0404098,0.0862935,0.0697519,0.0660665,
175,0.0,0.0710481,0.0689428,0.0424462,0.0311515,0.0212678,0.0673626,0.0838343,0.0603753,
176,1e-07,0.0741973,0.0570602,0.0196092,0.0257645,0.0230729,0.0717757,0.0695902,0.0592727,
177,1e-07,0.0573459,0.0850429,0.0641881,0.0634129,0.0481097,0.0566157,0.0217264,0.0815732,
178,1e-07,0.1061964,0.0218989,0.0873574,0.0612257,0.0379557,0.014444,0.0387194,0.087662,
179,1e-07,0.0953812,0.0331366,0.0706351,0.0357877,0.0507199,0.0486064,0.0431711,0.0854616,
180,1e-07,0.0816912,0.044681,0.023909,0.023965,0.0506015,0.084624,0.091633,0.0944776,
181,0.0,0.078013,0.054445,0.0429389,0.0496356,0.0281047,0.0847029,0.094709,0.0795264,
182,0.0,0.1258263,0.0951951,0.0266111,0.0511493,0.0160903,0.0888506,0.100645,0.1002963,
183,0.0,0.1573771,0.1219178,0.0714082,0.0366297,0.0813257,0.0812701,0.1443183,0.0887669,
184,0.0,0.1605987,0.1294127,0.1666987,0.0470476,0.1786346,0.0789475,0.0259687,0.1244946,
185,0.0,0.1538667,0.1237785,0.0756964,0.0784296,0.0862461,0.050739,0.1243091,0.1088165,
186,0.0,0.1528738,0.0892371,0.0649629,0.0688174,0.1083737,0.1103694,0.1162726,0.0956605,
187,0.0,0.124437,0.1033155,0.0616322,0.074177,0.069093,0.0883399,0.152941,0.1392754,
188,0.0,0.1455517,0.1557553,0.0653391,0.0577636,0.0331762,0.1028497,0.157919,0.1323516,
189,0.0,0.1542621,0.1795335,0.0802649,0.056292,0.0578495,0.1100151,0.1641741,0.1201991,
190,0.0,0.145616,0.1597929,0.1454134,0.0779617,0.0730581,0.100371,0.1226566,0.1418155,
191,1e-07,0.0982003,0.2733634,0.2701087,0.100572,0.0691587,0.1798366,0.14944,0.0703613,
192,1e-07,0.1312608,0.1708582,0.128423,0.1428443,0.1196066,0.1519783,0.1541673,0.0924519,
193,1e-07,0.0582473,0.1245048,0.1641362,0.2606201,0.1099818,0.2380414,0.1224827,0.0792165,
194,1e-07,0.0829494,0.0514566,0.1753228,0.1802489,0.1508836,0.2306762,0.1373393,0.0422269,
195,1e-07,0.0486141,0.059056,0.0962639,0.1215302,0.145244,0.1644797,0.1456297,0.0292798,
196,1e-07,0.0323767,0.0939872,0.0348822,0.0875529,0.1044583,0.1044753,0.1502528,0.1402437,
197,1e-07,0.0371114,0.0717524,0.134389,0.146296,0.119971,0.1543401,0.2098934,0.1069315,
198,1e-07,0.053085,0.0581716,0.1252537,0.124663,0.1132026,0.0966395,0.1480739,0.0935988,
199,1e-07,0.0323658,0.0687515,0.0886018,0.0957839,0.1043995,0.0487331,0.0993174,0.0670352,
200,1e-07,0.0243734,0.0412632,0.0260579,0.0845905,0.0616019,0.0354767,0.1092712,0.0479241,
201,1e-07,0.0518512,0.0369154,0.034972,0.0670239,0.0375138,0.0262819,0.1118231,0.0431506,
202,1e-07,0.0501507,0.0311723,0.0750029,0.0565661,0.0184016,0.0427668,0.1005694,0.076316,
203,1e-07,0.033457,0.0245325,0.0666822,0.0451022,0.0322321,0.0235422,0.0964861,0.03313,
204,1e-07,0.0300703,0.0324149,0.0341794,0.0543714,0.0292451,0.0144165,0.1057945,0.0624232,
205,1e-07,0.0408255,0.0275013,0.0174528,0.0436405,0.0329089,0.0522307,0.0890367,0.0680895,
206,1e-07,0.0822703,0.0377498,0.0335196,0.0399338,0.0166243,0.0552191,0.0735137,0.0438234,
207,1e-07,0.0578899,0.0419423,0.0404771,0.028756,0.0441432,0.0174711,0.084399,0.0395391,
208,1e-07,0.0592755,0.0523669,0.0471315,0.0371697,0.0657876,0.020311,0.0649028,0.059179,
209,1e-07,0.046447,0.045468,0.0892563,0.0566746,0.0238213,0.0076904,0.0737321,0.097543,
210,1e-07,0.048401,0.0451988,0.0997119,0.0404155,0.0898721,0.055897,0.0788276,0.1350914,
211,1e-07,0.0536764,0.0365449,0.0793627,0.0196653,0.1033295,0.0656929,0.0806878,0.132792,
212,1e-07,0.0551311,0.0488679,0.0672871,0.0432242,0.1185043,0.0704135,0.1004833,0.1604067,
213,1e-07,0.0103935,0.0484601,0.0324881,0.0431815,0.1191279,0.1004028,0.1135998,0.2092193,
214,1e-07,0.0401976,0.0653552,0.0694048,0.0291083,0.1584846,0.1182952,0.0920871,0.227573,
215,1e-07,0.1082599,0.0789943,0.0541096,0.0438292,0.1646563,0.0362745,0.1216876,0.2852433,
216,1e-07,0.0513026,0.1046961,0.0366733,0.093596,0.1541782,0.0780231,0.070004,0.3229499,
217,1e-07,0.0360582,0.0962607,0.0876725,0.078784,0.1742124,0.1155349,0.1123157,0.2067053,
218,2e-07,0.0166234,0.0740699,0.0817009,0.0836314,0.1942303,0.1406333,0.1113481,0.1890811,
219,2e-07,0.0421917,0.0544105,0.083566,0.1027247,0.1218761,0.0995946,0.1367922,0.1801348,
220,2e-07,0.0292887,0.0575252,0.0742427,0.0887412,0.0378424,0.1189045,0.1448206,0.1533008,
221,2e-07,0.0211847,0.0682455,0.0224749,0.1009622,0.0279651,0.1860392,0.1350102,0.1233827,
222,2e-07,0.0323357,0.0994545,0.0556582,0.1375538,0.0724579,0.2008309,0.1110785,0.1726619,
223,2e-07,0.0302878,0.0496698,0.0996062,0.1777445,0.0647886,0.1770764,0.1213655,0.1802197,
224,2e-07,0.0416833,0.1119726,0.072609,0.2073852,0.1726784,0.1288126,0.1325924,0.1961366,
225,2e-07,0.0534635,0.1345933,0.0572921,0.167081,0.0872643,0.1168146,0.205843,0.1380699,
226,2e-07,0.066135,0.1161266,0.0953731,0.1184802,0.1179429,0.0548595,0.1313771,0.0712265,
227,2e-07,0.0883913,0.0982317,0.1051721,0.1276288,0.1220885,0.0234348,0.1244391,0.0866833,
228,2e-07,0.112789,0.1360108,0.1532474,0.1653024,0.1522392,0.0811966,0.1258669,0.103882,
229,2e-07,0.1428779,0.2030439,0.1735193,0.2418111,0.1657957,0.0763651,0.0914999,0.1065561,
230,2e-07,0.1018092,0.1513261,0.1075626,0.1623315,0.1660195,0.0223907,0.1221652,0.0466958,
231,2e-07,0.1105486,0.1177236,0.0961723,0.1413492,0.1233197,0.0271115,0.1090724,0.1295842,
232,2e-07,0.1088087,0.1611295,0.1120385,0.2059744,0.181516,0.044405,0.1286274,0.1529256,
233,2e-07,0.1037149,0.1239966,0.052927,0.1753124,0.160045,0.0545862,0.1117787,0.1054877,
234,2e-07,0.0930771,0.0864093,0.0425977,0.137114,0.1258106,0.0740195,0.1327094,0.1033936,
235,2e-07,0.0366246,0.0767512,0.0697514,0.1519326,0.1608623,0.1209805,0.1512762,0.1470772,
236,2e-07,0.0556557,0.1283494,0.0527615,0.128997,0.1303544,0.09374,0.1606942,0.1415305,
237,2e-07,0.0648238,0.0881696,0.1652753,0.067235,0.1225037,0.1292225,0.0488266,0.0670587,
238,2e-07,0.0608003,0.1141045,0.1742545,0.0756815,0.0989439,0.1267935,0.0854974,0.1240618,
239,1e-07,0.07415,0.0354082,0.0958762,0.0314162,0.0682359,0.0750086,0.0762146,0.0781062,
240,1e-07,0.067711,0.0469569,0.094649,0.0673526,0.0737477,0.0288212,0.0674935,0.1018648,
241,1e-07,0.0848498,0.0683924,0.0355313,0.0698226,0.0284594,0.0529361,0.192335,0.1477664,
242,1e-07,0.0771261,0.0630571,0.0373834,0.0650645,0.0408265,0.0365898,0.1205565,0.0934658,
243,1e-07,0.0997506,0.0648779,0.1119123,0.0700146,0.0181191,0.0230174,0.0613917,0.0498364,
244,1e-07,0.0763437,0.061883,0.1262467,0.0281318,0.0623575,0.1137507,0.0707069,0.0966314,
245,1e-07,0.0532909,0.1110714,0.1487659,0.039863,0.076314,0.1094416,0.022797,0.1243281,
246,1e-07,0.0626774,0.0617593,0.1635527,0.0458924,0.0921962,0.0389871,0.129853,0.0850252,
247,1e-07,0.0604459,0.0702986,0.0995312,0.0460475,0.0878793,0.0665193,0.1695795,0.0772264,
248,1e-07,0.0561759,0.0347357,0.1044487,0.0286387,0.0439177,0.0635877,0.1180977,0.0873538,
249,1e-07,0.0579329,0.0256512,0.1068641,0.0279588,0.0757272,0.036266,0.1107928,0.0828014,
250,1e-07,0.0445922,0.0436492,0.0807379,0.0248505,0.0747526,0.0269423,0.0978804,0.1085179,
251,1e-07,0.0411136,0.048529,0.1116549,0.0869805,0.0617961,0.1020985,0.1162628,0.101199,
252,1e-07,0.0736601,0.0220681,0.0341751,0.0659891,0.0580853,0.1129283,0.1065405,0.1488495,
253,1e-07,0.0992136,0.0349025,0.0418391,0.0309495,0.0621712,0.0796439,0.0829185,0.0529736,
254,1e-07,0.0432404,0.0760058,0.1131329,0.0596771,0.13201,0.1093945,0.1368327,0.0433071,
255,1e-07,0.0585368,0.1496277,0.0800684,0.0590054,0.2095893,0.0993038,0.1485717,0.0642718,
256,1e-07,0.1027642,0.1455449,0.0736669,0.0872669,0.1683333,0.09293,0.122851,0.0775165,
257,1e-07,0.102036,0.1134803,0.0495221,0.1047868,0.1257221,0.0822043,0.1333791,0.1510504,
258,1e-07,0.0840048,0.1696149,0.0614247,0.0691619,0.1565093,0.1288241,0.0597753,0.1311497,
259,1e-07,0.0720276,0.1400907,0.105284,0.1221277,0.1417902,0.147496,0.1002559,0.0974453,
260,1e-07,0.0302477,0.1655788,0.1128444,0.0974602,0.1937091,0.1218691,0.1353434,0.0369251,
261,1e-07,0.0267831,0.1381655,0.1357526,0.0701629,0.0856121,0.091045,0.1499334,0.0366669,
262,1e-07,0.0370077,0.1207023,0.1004953,0.085484,0.0837781,0.067764,0.1329972,0.0232807,
263,2e-07,0.0695518,0.1045793,0.0876714,0.0821783,0.1040849,0.1078615,0.0986504,0.0469745,
264,1e-07,0.0435867,0.0582826,0.0773134,0.0435144,0.0459799,0.0902356,0.1106874,0.0349929,
265,1e-07,0.0670625,0.0977756,0.0355859,0.0442715,0.0390064,0.0490959,0.1052551,0.0234292,
266,2e-07,0.0415211,0.1108284,0.0495959,0.0404112,0.0900571,0.0571646,0.1268021,0.0325928,
267,2e-07,0.064796,0.0809902,0.0528146,0.0426623,0.047258,0.1424172,0.1202756,0.0337933,
268,2e-07,0.0554211,0.0859806,0.0307534,0.0245325,0.1204617,0.106077,0.1072344,0.065978,
269,2e-07,0.0197288,0.0998256,0.0495686,0.0620474,0.1292134,0.0981468,0.1659837,0.0610006,
270,2e-07,0.074784,0.124246,0.1476448,0.0525102,0.0935685,0.124847,0.1431349,0.0837697,
271,2e-07,0.0768881,0.1095819,0.1036818,0.0781645,0.1323137,0.0530877,0.0908047,0.1445118,
272,2e-07,0.1246103,0.1673752,0.1196046,0.0352291,0.171811,0.0639975,0.1137925,0.1526325,
273,2e-07,0.1377607,0.1869166,0.1858496,0.0890755,0.129254,0.139067,0.0919159,0.1925559,
274,2e-07,0.173601,0.2239468,0.1707512,0.0939476,0.2207694,0.1744068,0.1552439,0.2022826,
275,2e-07,0.1210837,0.1168278,0.1357824,0.1902278,0.3118702,0.2230632,0.1672736,0.1850197,
276,2e-07,0.0643588,0.0569317,0.071477,0.222508,0.2882193,0.1964083,0.1532602,0.2242553,
277,2e-07,0.1589267,0.1455881,0.2737398,0.2268796,0.2567653,0.205719,0.148238,0.2833356,
278,2e-07,0.1927167,0.070474,0.1767054,0.1782161,0.2829195,0.1366009,0.106029,0.3150595,
279,2e-07,0.064114,0.0404845,0.0673466,0.1369983,0.2320652,0.1907196,0.0941189,0.2240413,
280,2e-07,0.0694056,0.0453343,0.0542635,0.0556744,0.1967421,0.1100273,0.051003,0.1559879,
281,1e-07,0.0659307,0.0512062,0.0512973,0.015882,0.1572715,0.1229211,0.0763057,0.1199777,
282,1e-07,0.0588502,0.072708,0.1192122,0.0339774,0.1640906,0.0792617,0.0958312,0.2112295,
283,1e-07,0.0778575,0.1358803,0.1307403,0.0949481,0.205047,0.1314629,0.1146743,0.2225303,
284,1e-07,0.1151343,0.0803581,0.0353586,0.0327209,0.1968094,0.1102015,0.1034004,0.1771257,
285,2e-07,0.0910794,0.028454,0.0314688,0.0427547,0.2077418,0.1121393,0.0846144,0.1177511,
286,1e-07,0.0465509,0.0773483,0.0309287,0.0311416,0.1265758,0.0981483,0.0712847,0.0516807,
287,1e-07,0.0605171,0.0900428,0.0272856,0.0511282,0.0686857,0.1110176,0.0658533,0.0963121,
288,1e-07,0.0561313,0.0849474,0.0654503,0.0396477,0.0708025,0.0498817,0.0527275,0.0863049,
289,1e-07,0.0411105,0.037214,0.0399588,0.0479158,0.0560329,0.0168261,0.0941429,0.0646281,
290,1e-07,0.0423302,0.0155425,0.034469,0.0370665,0.0483119,0.0500556,0.0396946,0.0639901,
291,1e-07,0.0597969,0.0277975,0.0478457,0.0578071,0.0205324,0.0392386,0.0546264,0.0543115,
292,1e-07,0.0490347,0.0430253,0.0700996,0.062487,0.1205143,0.0548876,0.0443451,0.0270729,
293,1e-07,0.0736865,0.0532619,0.0664604,0.1004023,0.1862172,0.0885302,0.0347881,0.0462886,
294,0.0,0.0366606,0.061799,0.076214,0.1049323,0.1125398,0.0561114,0.0712221,0.0735107,
295,0.0,0.0235465,0.0469303,0.0545127,0.0619588,0.0562446,0.0551199,0.0711844,0.039824,
296,0.0,0.0462826,0.0641227,0.031319,0.0764138,0.0649181,0.0639789,0.0735339,0.046394,
297,0.0,0.0442135,0.077061,0.0875011,0.104459,0.1136928,0.0770181,0.0588452,0.0827716,
298,0.0,0.0756734,0.088437,0.0935003,0.1123022,0.1420751,0.0464315,0.0639737,0.0644025,
299,0.0,0.0623982,0.0640431,0.0562794,0.0722434,0.08248,0.0404229,0.0717556,0.0577364,
300,0.0,0.0487744,0.0965571,0.038549,0.0552791,0.0698595,0.0906859,0.0739717,0.0571442,
301,0.0,0.0260565,0.1024133,0.0495895,0.0499912,0.0724388,0.1059717,0.0723182,0.0364585,
302,0.0,0.0559164,0.0514612,0.0790669,0.0509794,0.0835961,0.0658906,0.0726018,0.035906,
303,0.0,0.0536163,0.1325187,0.1066515,0.0365107,0.0701591,0.0431521,0.0501171,0.0307835,
304,1e-07,0.0621312,0.1188248,0.1349152,0.0274578,0.0753201,0.0873214,0.0364951,0.0256035,
305,1e-07,0.0687743,0.1724882,0.07457,0.041455,0.0847581,0.1138685,0.0802611,0.0611113,
306,1e-07,0.0788933,0.1568374,0.1144255,0.0730035,0.0754128,0.1873316,0.1210829,0.0629482,
307,1e-07,0.0735493,0.0370025,0.0482019,0.0692742,0.0365624,0.0557347,0.0742719,0.0922581,
308,1e-07,0.0629449,0.0469804,0.0432147,0.0653625,0.0634237,0.0653616,0.101222,0.0884967,
309,1e-07,0.0255878,0.0242355,0.0450489,0.0386372,0.0953876,0.0663287,0.062049,0.0817201,
310,1e-07,0.0152093,0.0490621,0.062151,0.0665647,0.0606945,0.0627241,0.0799912,0.0234371,
311,1e-07,0.016236,0.0496072,0.0533848,0.0526147,0.0542941,0.0641187,0.0787526,0.0479046,
312,0.0,0.0473922,0.032701,0.0348975,0.0291365,0.0321013,0.0376506,0.0328751,0.0579183,
313,0.0,0.0440499,0.0113763,0.0144963,0.024381,0.058056,0.0210257,0.0383758,0.0491147,
314,1e-07,0.0175794,0.0428628,0.0274513,0.0668699,0.0575371,0.0093265,0.017987,0.0361337,
315,1e-07,0.0262668,0.0670437,0.058309,0.0567147,0.0372474,0.0485841,0.0575031,0.0267192,
316,1e-07,0.0589158,0.0694861,0.0226905,0.0671516,0.0491958,0.0204554,0.0307015,0.0380258,
317,1e-07,0.0639851,0.0771902,0.0334518,0.0352756,0.0517979,0.0212745,0.0195542,0.0403817,
318,1e-07,0.084893,0.0628553,0.0443548,0.0771703,0.0293562,0.0427823,0.0947417,0.0273183,
319,1e-07,0.063694,0.0546573,0.0289712,0.0328843,0.0296317,0.050193,0.0441597,0.0510748,
320,1e-07,0.0152095,0.0463792,0.0582339,0.0466194,0.0447773,0.0756469,0.0364453,0.0290623,
321,1e-07,0.082446,0.0560891,0.081107,0.0393339,0.0364356,0.0494064,0.0771465,0.1373386,
322,1e-07,0.0251602,0.0625256,0.0746741,0.0315669,0.0538165,0.0312772,0.0480645,0.0584623,
323,1e-07,0.0409107,0.0713599,0.0508621,0.0635233,0.0691007,0.0272812,0.0601085,0.0452923,
324,1e-07,0.0511582,0.063594,0.0473801,0.0313526,0.1067052,0.0177405,0.0855978,0.0818079,
325,1e-07,0.0508564,0.0681982,0.0185301,0.0861496,0.072698,0.0273541,0.0812697,0.0978119,
326,1e-07,0.0256369,0.0566655,0.0167794,0.116561,0.0700775,0.0186617,0.1116869,0.0910416,
327,1e-07,0.0236453,0.0599096,0.0161818,0.105307,0.1335336,0.0527102,0.1325746,0.1059519,
328,1e-07,0.0359599,0.0269427,0.0516147,0.0796546,0.1312151,0.0897895,0.1689968,0.1482081,
329,1e-07,0.0359462,0.0624679,0.0618677,0.1513625,0.1627604,0.1138263,0.2424603,0.2472149,
330,1e-07,0.0719751,0.0503523,0.1155334,0.0987732,0.1119867,0.1290994,0.2693105,0.2554586,
331,1e-07,0.0280413,0.0334502,0.0541454,0.1166497,0.0682751,0.0462411,0.1838264,0.1441326,
332,1e-07,0.0520737,0.0585767,0.0316859,0.0845579,0.0867541,0.0534916,0.1245924,0.1109775,
333,1e-07,0.0481129,0.0319647,0.0347231,0.1194101,0.0585053,0.0391875,0.0783847,0.0518085,
334,1e-07,0.0273307,0.0431148,0.0149951,0.0903674,0.0507247,0.0519271,0.0546091,0.0547327,
335,1e-07,0.0501939,0.0728242,0.0810375,0.0832263,0.0680405,0.0450523,0.0492056,0.068142,
336,1e-07,0.0308165,0.0375516,0.0660907,0.059139,0.0507381,0.0372838,0.0448817,0.042472,
337,1e-07,0.0330828,0.0537068,0.0909626,0.0397016,0.0496073,0.028753,0.0571479,0.0251012,
338,2e-07,0.0434831,0.0590417,0.1247112,0.049155,0.0785072,0.0472838,0.0815395,0.0382151,
339,2e-07,0.0479126,0.0926221,0.1132351,0.0520807,0.0650535,0.0325587,0.141015,0.0397994,
340,2e-07,0.038961,0.0338603,0.1129128,0.0664251,0.1310895,0.0402901,0.1047091,0.0547143,
341,2e-07,0.0241982,0.0169488,0.1151896,0.0613694,0.0998477,0.0405804,0.0987135,0.0508481,
342,1e-07,0.0201281,0.0312096,0.0800832,0.0630667,0.0725495,0.0415071,0.0961679,0.0477856,
343,1e-07,0.0194968,0.0209089,0.0861491,0.0595504,0.0777918,0.0508997,0.0783383,0.0556416,
344,1e-07,0.0692311,0.0150431,0.0588893,0.0659397,0.059386,0.072168,0.0763767,0.0480091,
345,1e-07,0.0748261,0.0430078,0.0582975,0.0621916,0.0479765,0.0459251,0.0789937,0.0476348,
346,1e-07,0.0501485,0.0431322,0.0623934,0.074255,0.0534179,0.0647945,0.0415931,0.0461418,
347,1e-07,0.0874239,0.0410751,0.075647,0.0609643,0.0243998,0.0416602,0.0510236,0.0717919,
348,1e-07,0.0894363,0.0152735,0.0970423,0.1198472,0.0263105,0.0544551,0.1095946,0.078682,
349,1e-07,0.0981265,0.041872,0.1048429,0.157012,0.0304498,0.0259956,0.124681,0.0620835,
350,1e-07,0.1031147,0.0823635,0.0994531,0.1066891,0.0523469,0.0319479,0.0735724,0.0996273,
351,1e-07,0.1145044,0.2082832,0.1597278,0.1139492,0.0350015,0.0977907,0.120118,0.1370197,
352,1e-07,0.1808499,0.3976931,0.2367272,0.1200242,0.0813445,0.1154831,0.1425025,0.1762436,
353,1e-07,0.2010823,0.4247601,0.2675694,0.1140215,0.096147,0.1317929,0.1744767,0.1875686,
354,1e-07,0.1193333,0.2694868,0.1869812,0.0772331,0.0760807,0.0757467,0.1068574,0.1161816,
355,0.0,0.1811505,0.1953845,0.1657327,0.0664931,0.0589974,0.0169596,0.1662208,0.171675,
356,0.0,0.1254338,0.1939098,0.2436769,0.0225455,0.1491547,0.0719548,0.1591949,0.2391026,
357,0.0,0.0690471,0.2082533,0.2213346,0.0600559,0.1978453,0.0750162,0.1142028,0.1746197,
358,0.0,0.0534668,0.1979908,0.2226032,0.0909549,0.2257986,0.0569812,0.1557116,0.1884093,
359,1e-07,0.0478377,0.2240287,0.1957424,0.0666846,0.1827338,0.0553366,0.1340189,0.1399583,
360,1e-07,0.0872446,0.1761388,0.1752603,0.1004944,0.1514387,0.0477018,0.0824964,0.1269058,
361,1e-07,0.1003329,0.2274985,0.1425619,0.1333327,0.1932148,0.0805558,0.2178581,0.11574,
362,1e-07,0.0682816,0.2599286,0.1252227,0.135628,0.1778992,0.1192016,0.229309,0.1149284,
363,1e-07,0.0518738,0.211469,0.1172615,0.072968,0.0974672,0.0829884,0.1274285,0.107121,
364,1e-07,0.0728092,0.1529808,0.1109687,0.1544167,0.1299751,0.1343522,0.1768841,0.1253717,
365,1e-07,0.0751893,0.104717,0.0951643,0.1907725,0.2163801,0.140998,0.1907119,0.1434381,
366,1e-07,0.0540347,0.1360697,0.0334113,0.1851876,0.1461478,0.1414333,0.174496,0.0984564,
367,1e-07,0.0451894,0.1293818,0.0406225,0.1748203,0.1263702,0.1263324,0.2659261,0.0586403,
368,2e-07,0.0761382,0.2202859,0.123378,0.1134014,0.0878666,0.0868525,0.2839543,0.0928218,
369,2e-07,0.012918,0.1196815,0.0779254,0.0910806,0.1125253,0.0410619,0.1063063,0.0444304,
370,2e-07,0.0584391,0.0954651,0.0776806,0.0871447,0.123217,0.0659559,0.138721,0.0271756,
371,2e-07,0.0417464,0.1002925,0.0491218,0.0907201,0.0773851,0.0900836,0.0894479,0.0391344,
372,2e-07,0.0522554,0.0325886,0.0346572,0.1023907,0.1162066,0.0390233,0.1346402,0.0800552,
373,2e-07,0.0695726,0.1033301,0.0688304,0.1514844,0.0875532,0.0328801,0.1852599,0.1169781,
374,2e-07,0.0245724,0.1001621,0.087471,0.1057869,0.1116088,0.0116103,0.1457506,0.1082498,
375,2e-07,0.0291439,0.0698958,0.0886,0.0701901,0.1027092,0.0258342,0.1328132,0.1180578,
376,2e-07,0.0651945,0.0381043,0.1254185,0.0441492,0.1608154,0.1349079,0.1358379,0.0425434,
377,2e-07,0.1142213,0.1313627,0.102461,0.079675,0.194969,0.1873389,0.2401316,0.1289881,
378,2e-07,0.1310622,0.0844999,0.1517613,0.1457203,0.1946164,0.2652477,0.2634507,0.1212307,
379,2e-07,0.0893462,0.0904436,0.1257093,0.0706993,0.1856279,0.0904509,0.232066,0.1555088,
380,2e-07,0.0955519,0.1031052,0.0904345,0.0226182,0.175593,0.025386,0.1762031,0.1938658,
381,2e-07,0.1005443,0.125414,0.0892891,0.0861215,0.1108236,0.0283062,0.1741681,0.1942532,
382,2e-07,0.0814943,0.1074109,0.0692681,0.0569647,0.1296892,0.0698482,0.0974537,0.2025366,
383,2e-07,0.0584807,0.0881971,0.0367557,0.0352449,0.1220774,0.0756304,0.0901112,0.1389652,
384,2e-07,0.058874,0.0851863,0.0612398,0.0469225,0.0943228,0.0644002,0.1283306,0.1123105,
385,2e-07,0.0552844,0.067224,0.0542543,0.0999162,0.1176056,0.0649475,0.0616838,0.0546753,
386,2e-07,0.0875858,0.0487157,0.083301,0.0462399,0.0892708,0.0842524,0.0586142,0.1652934,
387,1e-07,0.1262786,0.0317842,0.0696284,0.0392269,0.0844358,0.1167398,0.0323239,0.1545234,
388,1e-07,0.0660094,0.1093474,0.0372191,0.0548999,0.0768869,0.1114648,0.0393689,0.0791607,
389,1e-07,0.0392158,0.0962383,0.0663518,0.0708454,0.0559436,0.0656221,0.0604765,0.2254098,
390,1e-07,0.034951,0.0792087,0.0221973,0.0902519,0.057079,0.0404049,0.0652761,0.0709927,
391,1e-07,0.0366771,0.0661714,0.0494876,0.0797159,0.0487699,0.0538554,0.0206033,0.0917288,
392,1e-07,0.035564,0.0664702,0.0685344,0.0793267,0.044765,0.0734816,0.0524969,0.0862674,
393,1e-07,0.0315936,0.0632655,0.0751922,0.0745412,0.0733993,0.0971908,0.1332442,0.0640547,
394,1e-07,0.0346761,0.1119693,0.0760406,0.078144,0.0523751,0.067636,0.1312853,0.1274795,
395,2e-07,0.0559431,0.0632663,0.0822171,0.1044707,0.0879046,0.0409503,0.1124318,0.0754725,
396,2e-07,0.0336797,0.0559677,0.0726623,0.0808678,0.1440283,0.0334305,0.1131928,0.0868476,
397,2e-07,0.0286393,0.108668,0.0657301,0.0322048,0.1128688,0.0440811,0.1214111,0.1524719,
398,2e-07,0.0875353,0.1697621,0.0860856,0.046445,0.1182766,0.048969,0.1119108,0.2585297,
399,2e-07,0.084247,0.1730498,0.0989264,0.0802926,0.1173157,0.0480119,0.0989093,0.1987618,
400,2e-07,0.0456182,0.1753331,0.0598225,0.0731722,0.0795331,0.0624897,0.0966099,0.1099525,
401,2e-07,0.0196166,0.1188254,0.0736741,0.0617301,0.07382,0.0329671,0.0940994,0.0976932,
402,2e-07,0.0599078,0.119983,0.1810095,0.1729041,0.0908534,0.0752234,0.1703187,0.0545142,
403,2e-07,0.048532,0.1462153,0.0855594,0.1395444,0.0553114,0.0410956,0.0605489,0.1231077,
404,2e-07,0.0579048,0.096155,0.0910684,0.1058664,0.0372683,0.0261936,0.0748368,0.0523409,
405,1e-07,0.0728672,0.0748803,0.0876969,0.1137235,0.0411166,0.0345921,0.0882862,0.0493059,
406,1e-07,0.0620786,0.0777909,0.0718565,0.0469126,0.041076,0.0614838,0.0880347,0.0587215,
407,1e-07,0.0577616,0.0493423,0.0473573,0.0799138,0.011402,0.0625526,0.0694981,0.0149217,
408,1e-07,0.0419128,0.0675269,0.0878041,0.1311507,0.0312751,0.0563788,0.0123685,0.0640777,
409,1e-07,0.0336825,0.0241247,0.114473,0.0738958,0.0470249,0.0608866,0.050734,0.0693069,
410,1e-07,0.0366503,0.0347193,0.1284391,0.0773072,0.0392025,0.052876,0.0719471,0.051183,
411,0.0,0.0319311,0.0290337,0.0276491,0.055374,0.0583476,0.0519021,0.0595552,0.1366986,
412,0.0,0.0303151,0.0307222,0.0805022,0.0724113,0.0492475,0.0468879,0.1018166,0.1158681,
413,0.0,0.0250139,0.04686,0.1209028,0.0990376,0.0298292,0.0683463,0.0848105,0.1052127,
414,1e-07,0.0365975,0.0709333,0.1068839,0.0826975,0.0122457,0.0645671,0.0785632,0.0532643,
415,1e-07,0.0594362,0.0798839,0.1613734,0.0480149,0.0934237,0.0669543,0.0584479,0.0339202,
416,0.0,0.0161462,0.0664154,0.1129671,0.0638148,0.0538293,0.02986,0.075908,0.0591888,
417,0.0,0.0283559,0.0431392,0.1018829,0.0417324,0.0294122,0.044529,0.0554401,0.0150197,
418,0.0,0.0210368,0.0560971,0.0850828,0.0348643,0.0201764,0.0372684,0.0522821,0.0468851,
419,0.0,0.0320211,0.0424046,0.0657248,0.0312576,0.0243645,0.0343542,0.04082,0.0527518,
420,0.0,0.0275865,0.0521513,0.0738829,0.028897,0.0323804,0.036708,0.0321856,0.031818,
421,1e-07,0.0227538,0.0739762,0.0698455,0.0434163,0.030069,0.0262648,0.0571389,0.0222617,
422,0.0,0.0466621,0.0730704,0.0712179,0.0730303,0.0806318,0.0197651,0.0557389,0.0716452,
423,1e-07,0.0718944,0.0764121,0.0727153,0.0870434,0.0735076,0.0276394,0.0597217,0.0668956,
424,1e-07,0.0153579,0.0615263,0.0668954,0.0538216,0.0493489,0.026839,0.0493987,0.0447905,
425,1e-07,0.0369426,0.0784038,0.1130236,0.1186863,0.0324047,0.0702824,0.0990037,0.0986328,
426,1e-07,0.0552438,0.1204603,0.142513,0.1244536,0.0740819,0.0863128,0.0245465,0.1250241,
427,1e-07,0.0457783,0.1133126,0.0964386,0.0696201,0.1022363,0.0817554,0.0370594,0.077675,
428,1e-07,0.0657289,0.0830876,0.0755995,0.0725705,0.0470656,0.0736732,0.0865506,0.0700615,
429,1e-07,0.0563937,0.0805021,0.1107469,0.046704,0.0409402,0.1088957,0.029135,0.044627,
430,0.0,0.0342068,0.074817,0.0970833,0.041671,0.0376861,0.0140355,0.0619168,0.0639333,
431,0.0,0.0314665,0.0703033,0.0866092,0.0374835,0.0330213,0.0119124,0.0592461,0.0437389,
432,0.0,0.0333278,0.0704411,0.0632546,0.0316611,0.0297281,0.0485705,0.0484508,0.0415325,
433,0.0,0.0303863,0.098789,0.0726744,0.0548777,0.0328184,0.0711462,0.0396609,0.0381737,
434,0.0,0.0958343,0.075537,0.0759644,0.0425281,0.0467794,0.012676,0.0527751,0.0256572,
435,0.0,0.0986387,0.0224441,0.0737255,0.056843,0.0243794,0.0397006,0.0670559,0.0666585,
436,0.0,0.0715788,0.0251507,0.0926948,0.0582189,0.0314398,0.0197004,0.0617558,0.0727175,
437,1e-07,0.0329307,0.039439,0.0644396,0.0172909,0.0807248,0.0541439,0.0255996,0.0744348,
438,1e-07,0.041518,0.0429344,0.0742487,0.0335065,0.067526,0.0309714,0.0551093,0.093186,
439,1e-07,0.0182696,0.0372842,0.0604129,0.0543462,0.0827766,0.0507005,0.0318272,0.0928073,
440,1e-07,0.0400656,0.0505119,0.061959,0.0650172,0.0397316,0.0639275,0.0487789,0.0693538,
441,1e-07,0.0304269,0.0330143,0.0358387,0.0397454,0.0563415,0.0393791,0.0328059,0.0802606,
442,0.0,0.0158606,0.0233907,0.0382508,0.0509304,0.0596114,0.0283387,0.0821449,0.0752455,
443,1e-07,0.0424717,0.0567736,0.065723,0.0508609,0.0543896,0.0198149,0.1068666,0.0418055,
444,0.0,0.0488673,0.0497675,0.04635,0.0320885,0.0624965,0.0282574,0.0912233,0.0146656,
445,0.0,0.0387369,0.0118634,0.0494237,0.0627813,0.0425951,0.0195944,0.0279891,0.0198274,
446,0.0,0.0242428,0.050044,0.0620746,0.0710282,0.0492138,0.0132294,0.0459577,0.0266545,
447,0.0,0.0817047,0.0590744,0.0595433,0.0584579,0.0442097,0.0333733,0.0655207,0.019612,
448,0.0,0.136068,0.051085,0.1069329,0.0641789,0.0396806,0.0254572,0.0788727,0.0947352,
449,1e-07,0.0982302,0.0094727,0.080535,0.1620808,0.0213062,0.0427224,0.1076479,0.0618394,
450,1e-07,0.0734984,0.0642544,0.0669908,0.1039255,0.0244565,0.0487351,0.0798909,0.0360973,
451,1e-07,0.0453057,0.0406178,0.0196121,0.048791,0.0247177,0.0358461,0.0678666,0.042679,
452,1e-07,0.0400688,0.0406325,0.0133274,0.0356,0.0292109,0.0277876,0.056206,0.0746185,
453,1e-07,0.0411622,0.0461467,0.0476088,0.0630257,0.0292486,0.0237796,0.0545121,0.0186282,
454,1e-07,0.051856,0.0605445,0.0410411,0.0245582,0.0230141,0.0304515,0.0538472,0.0498161,
455,1e-07,0.0222902,0.0508755,0.0366503,0.0273452,0.0401031,0.0211094,0.0715329,0.03083,
456,1e-07,0.053368,0.0577792,0.0292465,0.0423618,0.0505113,0.0486441,0.032828,0.0524104,
457,1e-07,0.0334197,0.0553615,0.0804331,0.024136,0.0678063,0.0620156,0.0208494,0.0238967,
458,1e-07,0.0252839,0.0468001,0.0919747,0.0393111,0.0171454,0.0502745,0.0409801,0.0916341,
459,1e-07,0.0453826,0.037103,0.109033,0.0578563,0.0210095,0.0759173,0.0839777,0.077166,
460,1e-07,0.0397801,0.0139446,0.0859673,0.0511598,0.0673027,0.0937868,0.1067835,0.0151371,
461,1e-07,0.0675266,0.0532495,0.0625487,0.0661219,0.0740135,0.155323,0.084388,0.0410621,
462,1e-07,0.0401314,0.0634013,0.0152175,0.0241213,0.0140593,0.1053212,0.0874829,0.0102937,
463,1e-07,0.0690178,0.0534986,0.0050558,0.0551091,0.0298769,0.0421134,0.0520206,0.0321353,
464,1e-07,0.0755661,0.0398062,0.0318199,0.0416479,0.0531132,0.052785,0.0398404,0.0463573,
465,1e-07,0.048534,0.0414164,0.0455579,0.0228597,0.047488,0.074837,0.0087786,0.0886027,
466,1e-07,0.0185697,0.0365261,0.0297889,0.0345175,0.037808,0.0748134,0.0736342,0.0846448,
467,1e-07,0.0181062,0.0381402,0.0369908,0.0155926,0.0238673,0.047638,0.0774063,0.0971576,
468,1e-07,0.0155549,0.036507,0.0359593,0.0207555,0.025566,0.0344625,0.0736871,0.0534773,
469,0.0,0.0633965,0.0459113,0.0352816,0.0503843,0.030237,0.0311509,0.0710092,0.0671951,
470,0.0,0.0211266,0.0396289,0.0333161,0.053451,0.0544491,0.0412949,0.1094028,0.0522576,
471,0.0,0.024605,0.0654202,0.0418696,0.0527053,0.0611052,0.0503513,0.1207318,0.0732874,
472,0.0,0.0101236,0.0589586,0.0450508,0.1209648,0.0957765,0.0399316,0.1084681,0.0849786,
473,1e-07,0.0437559,0.025579,0.0455602,0.1436351,0.0940579,0.0452018,0.0595682,0.0922298,
474,1e-07,0.0694457,0.0937074,0.0638028,0.0979698,0.0988132,0.0940195,0.0790332,0.1006806,
475,1e-07,0.0290658,0.0711835,0.1259787,0.1340777,0.0677146,0.0502219,0.056713,0.1413703,
476,1e-07,0.0367533,0.0684533,0.1082103,0.130729,0.0662711,0.052423,0.0636997,0.1174197,
477,1e-07,0.0327015,0.0251462,0.067097,0.0964003,0.0779351,0.0563708,0.0696963,0.0656112,
478,0.0,0.0165843,0.020066,0.0410381,0.0658053,0.0723755,0.0547909,0.0614906,0.0789934,
479,0.0,0.0420301,0.0372307,0.064192,0.0373605,0.0677172,0.0545688,0.0725778,0.0751955,
480,0.0,0.0737374,0.0347423,0.0481076,0.026897,0.0652549,0.0712818,0.0612364,0.0742713,
481,0.0,0.0325086,0.0140141,0.0324365,0.020711,0.0774827,0.0446681,0.0629674,0.0600821,
482,1e-07,0.0369419,0.0193469,0.068839,0.0536465,0.0695814,0.0555903,0.0868059,0.0556594,
483,1e-07,0.0726196,0.0118985,0.0381686,0.0499182,0.0818552,0.057432,0.0931581,0.0655484,
484,1e-07,0.0120339,0.0290853,0.0801642,0.0623985,0.0795507,0.0683116,0.079712,0.0797481,
485,1e-07,0.0165947,0.0282102,0.0280176,0.0502401,0.0634353,0.0724826,0.0697224,0.0317616,
486,1e-07,0.0449319,0.0275745,0.0541012,0.0121561,0.0473613,0.0595275,0.0685914,0.0681802,
487,0.0,0.047301,0.0124141,0.0610814,0.019744,0.0581953,0.0599801,0.0779298,0.0698903,
488,0.0,0.0438698,0.0249641,0.0578938,0.0336682,0.0450305,0.0645906,0.0775139,0.0567189,
489,0.0,0.0643493,0.0626998,0.0974107,0.037985,0.0552324,0.0837205,0.0410301,0.0881502,
490,0.0,0.0620746,0.0717704,0.0475089,0.136407,0.0325089,0.0214942,0.0649977,0.128668,
491,0.0,0.0170887,0.0557885,0.0420233,0.0924015,0.060519,0.0290553,0.0503916,0.1067467,
492,0.0,0.0899539,0.0091833,0.104067,0.0806968,0.1039,0.0293969,0.0605911,0.0907718,
493,0.0,0.0733989,0.0126014,0.1044087,0.0718263,0.0861652,0.0993941,0.0416156,0.1251842,
494,0.0,0.0480479,0.1518785,0.2099935,0.1197499,0.0912759,0.0163102,0.087072,0.1230929,
495,0.0,0.0662417,0.1503314,0.2401538,0.1250208,0.0725982,0.0795236,0.136798,0.1471211,
496,0.0,0.0311892,0.0479503,0.1771555,0.1059916,0.0500424,0.0824787,0.1422498,0.1662425,
497,1e-07,0.0860799,0.0712752,0.1303893,0.1638676,0.065257,0.0705069,0.1513737,0.1272353,
498,1e-07,0.0524697,0.0535967,0.0895535,0.0589837,0.0669783,0.0730411,0.0870845,0.1657116,
499,1e-07,0.0774315,0.0448791,0.125217,0.0575773,0.0644636,0.077533,0.0659128,0.1268174,
500,1e-07,0.0309701,0.0716312,0.0779905,0.0622758,0.0560789,0.056339,0.1225094,0.1074073,
501,1e-07,0.0249713,0.0625367,0.0599589,0.1377332,0.0625921,0.1034003,0.0779358,0.0863098,
502,1e-07,0.0307218,0.0618298,0.0788796,0.2380267,0.1169515,0.1051748,0.0564401,0.1185837,
503,1e-07,0.0181403,0.0505589,0.0763963,0.1158093,0.086444,0.0568929,0.1233997,0.1009498,
504,1e-07,0.0839884,0.0578927,0.0321949,0.0411632,0.108844,0.116785,0.1308765,0.1010671,
505,1e-07,0.0737556,0.0697152,0.0444031,0.0157538,0.0922236,0.127363,0.1530986,0.0789159,
506,1e-07,0.047563,0.0617089,0.0304361,0.0183718,0.0687341,0.1137083,0.1289145,0.1148214,
507,1e-07,0.0486448,0.084921,0.0770204,0.0584695,0.0765862,0.1108817,0.1090982,0.0694361,
508,1e-07,0.0419287,0.0883098,0.0788862,0.0628255,0.0658805,0.1063398,0.0855332,0.1275697,
509,1e-07,0.0352928,0.0648402,0.0717328,0.0287151,0.0755085,0.0630766,0.061478,0.1080611,
510,1e-07,0.0288504,0.049574,0.0441644,0.0508603,0.0546707,0.0434405,0.0523101,0.095799,
511,1e-07,0.0095397,0.0496764,0.0459011,0.070961,0.0623375,0.0386043,0.0599589,0.1365002,
512,1e-07,0.0101775,0.0866918,0.0679199,0.0559207,0.0693021,0.0304348,0.0521888,0.1673143,
513,1e-07,0.0362869,0.0334613,0.0421226,0.0499809,0.071837,0.0221299,0.0687218,0.1230062,
514,1e-07,0.0454898,0.0354186,0.0633013,0.0520308,0.0723786,0.0107616,0.0855168,0.1518454,
515,1e-07,0.0546223,0.0847005,0.0948844,0.0457601,0.0686274,0.0512899,0.0897174,0.1342781,
516,1e-07,0.0195304,0.1112718,0.075391,0.0318766,0.0932496,0.0689323,0.0892964,0.1424767,
517,1e-07,0.0089358,0.0949981,0.056781,0.0137305,0.080074,0.0744339,0.1119436,0.1439395,
518,1e-07,0.0436354,0.0611862,0.0465681,0.0133591,0.0797574,0.0979716,0.1555911,0.1273086,
519,1e-07,0.0860046,0.0671374,0.0429465,0.0360686,0.0309765,0.0753846,0.154413,0.1512281,
520,1e-07,0.0864184,0.1112284,0.0740588,0.0719721,0.0556545,0.1572113,0.2173659,0.1296042,
521,1e-07,0.0660986,0.1899114,0.1102478,0.0968422,0.0502832,0.1501461,0.2353207,0.1644443,
522,1e-07,0.0819063,0.1793111,0.1497544,0.1135439,0.1011564,0.148141,0.24683,0.1283443,
523,1e-07,0.1104669,0.1107887,0.0715475,0.1116121,0.0912149,0.1686386,0.1926581,0.141822,
524,2e-07,0.1197608,0.0713751,0.0687682,0.1377964,0.1844367,0.1421977,0.1654726,0.107909,
525,2e-07,0.1229946,0.1093034,0.0711147,0.1093229,0.1117454,0.103912,0.1148608,0.0659727,
526,2e-07,0.1426191,0.0738658,0.0438061,0.1240029,0.1376964,0.0908229,0.2221069,0.1367293,
527,2e-07,0.1410601,0.0817193,0.0797028,0.1354919,0.1001731,0.0713282,0.2809306,0.1501042,
528,2e-07,0.1761053,0.1085671,0.0863634,0.2072928,0.1141896,0.0930447,0.3272157,0.0833619,
529,2e-07,0.1555412,0.0999197,0.0625754,0.2033619,0.1472843,0.1502945,0.2911096,0.1134124,
530,2e-07,0.1372447,0.1035939,0.0866518,0.1988608,0.1293196,0.133175,0.2825364,0.1640941,
531,2e-07,0.1058114,0.0491457,0.0762645,0.1592056,0.1154588,0.149357,0.2694383,0.1738619,
532,2e-07,0.1280603,0.0833683,0.1069306,0.1378793,0.101425,0.1680763,0.2533082,0.1800871,
533,2e-07,0.1202004,0.06683,0.1255142,0.1271486,0.1146374,0.2046814,0.2252212,0.1471705,
534,2e-07,0.1189788,0.0900651,0.2017356,0.2101956,0.1448327,0.2839791,0.3374944,0.2243196,
535,2e-07,0.1127313,0.1037788,0.2087841,0.2371503,0.0953153,0.1817479,0.3127761,0.1990503,
536,2e-07,0.0893503,0.0726065,0.1220476,0.152722,0.0739294,0.1602623,0.1884711,0.1573823,
537,2e-07,0.0808618,0.0866994,0.0890043,0.1331761,0.0804842,0.2681365,0.2547104,0.1717276,
538,2e-07,0.0506831,0.0820347,0.1100091,0.1474602,0.0689683,0.3017462,0.2346278,0.1652799,
539,2e-07,0.0384966,0.0541775,0.1374702,0.0906413,0.0793557,0.2593589,0.1081381,0.1525705,
540,2e-07,0.0367883,0.0553024,0.1431517,0.0965522,0.0899882,0.2082993,0.1594902,0.0924071,
541,2e-07,0.1000242,0.1064888,0.1615956,0.088575,0.0927073,0.1252512,0.1147793,0.0714372,
542,2e-07,0.1030438,0.053459,0.0869885,0.0326235,0.0790368,0.1319665,0.111667,0.1921935,
543,2e-07,0.0886362,0.084947,0.1103981,0.0390243,0.0604186,0.1824868,0.1495758,0.1892539,
544,2e-07,0.0517162,0.0363202,0.0672396,0.050176,0.072366,0.1111588,0.1399518,0.0802957,
545,1e-07,0.0305956,0.0331447,0.0701997,0.0786885,0.0856035,0.1271297,0.1402398,0.0655988,
546,1e-07,0.0452971,0.0722824,0.0683633,0.0699219,0.0934859,0.1314646,0.1686084,0.0632226,
547,1e-07,0.0554584,0.0968987,0.1754011,0.1043226,0.1361955,0.1555461,0.1889556,0.0955325,
548,1e-07,0.0596502,0.1038398,0.1069592,0.123311,0.109499,0.1322122,0.1724049,0.1028816,
549,1e-07,0.0468,0.1267528,0.1300915,0.121366,0.1088888,0.113182,0.1642941,0.212977,
550,1e-07,0.0638701,0.1475394,0.1156016,0.200822,0.1333133,0.1286594,0.1733614,0.1899542,
551,1e-07,0.0470797,0.1388241,0.1039491,0.1580351,0.1060722,0.1430837,0.1353469,0.2141703,
552,1e-07,0.1084263,0.1195676,0.1049744,0.1011128,0.0416139,0.10996,0.0449858,0.1838297,
553,1e-07,0.1170393,0.1096927,0.1206461,0.1073212,0.0781632,0.0792906,0.095213,0.191143,
554,1e-07,0.0809488,0.12974,0.1295721,0.1276934,0.1091205,0.0582735,0.077689,0.2300626,
555,1e-07,0.0562684,0.1423536,0.1159552,0.0885376,0.1108982,0.1072184,0.0500266,0.1898978,
556,1e-07,0.0552065,0.1085435,0.0485016,0.070041,0.1768915,0.0969784,0.0840794,0.1882823,
557,1e-07,0.0396917,0.1432111,0.0644858,0.0884846,0.2018119,0.0697796,0.1999922,0.2778198,
558,1e-07,0.0324441,0.1568532,0.0222139,0.0439005,0.2068271,0.1070367,0.2232143,0.3369221,
559,1e-07,0.0363327,0.1199452,0.0785081,0.0560164,0.1769112,0.117381,0.1433975,0.2331221,
560,1e-07,0.0279993,0.1289551,0.0519606,0.0613245,0.077564,0.0999832,0.2208709,0.2158194,
561,1e-07,0.0448905,0.17235,0.1649961,0.0705121,0.1670207,0.0990097,0.2544312,0.3409938,
562,1e-07,0.0401238,0.1390569,0.1890811,0.0834912,0.124654,0.1034041,0.2139313,0.2921435,
563,1e-07,0.0197562,0.138506,0.1654392,0.0972522,0.0559577,0.0850831,0.2199125,0.1381594,
564,1e-07,0.0694856,0.1627061,0.1534799,0.0981442,0.0969796,0.0629496,0.2518508,0.0952033,
565,1e-07,0.0519417,0.1389115,0.0949089,0.1452399,0.0904621,0.0399248,0.2624871,0.0983126,
566,1e-07,0.0557719,0.1197519,0.0709114,0.1449187,0.1012757,0.0498651,0.2544175,0.1225535,
567,1e-07,0.0625437,0.1445384,0.0606873,0.1117029,0.1106185,0.0944214,0.2438957,0.1426424,
568,1e-07,0.0588481,0.1227131,0.0791772,0.1326851,0.0877819,0.1156961,0.2339852,0.1434814,
569,2e-07,0.0607431,0.0883912,0.0857962,0.1367024,0.0960537,0.0983376,0.2324229,0.0996511,
570,1e-07,0.0250829,0.0555326,0.0714379,0.157464,0.1415318,0.0920155,0.1592419,0.0867963,
571,2e-07,0.0158382,0.0701504,0.0653065,0.13974,0.1422893,0.0910628,0.1490615,0.1104366,
572,2e-07,0.0527066,0.0528559,0.0492122,0.1446621,0.0845701,0.0791666,0.1888404,0.1033082,
573,2e-07,0.0584752,0.0397366,0.0818574,0.1397968,0.0964884,0.0811054,0.1754318,0.1003783,
574,2e-07,0.0178283,0.0538463,0.0863704,0.1005629,0.0687486,0.0462121,0.1511271,0.1209162,
575,2e-07,0.0224242,0.0707447,0.0634807,0.0956908,0.028093,0.0787724,0.1640968,0.1465632,
576,2e-07,0.0462976,0.0218497,0.0885397,0.087851,0.1191294,0.0896015,0.1771492,0.155604,
577,2e-07,0.0328054,0.0399055,0.0886733,0.0714184,0.1087206,0.0708401,0.1338865,0.1420275,
578,2e-07,0.0230115,0.080096,0.0835102,0.0623342,0.130616,0.1173675,0.1630635,0.1843138,
579,2e-07,0.0206652,0.1194661,0.1115605,0.1087156,0.0878441,0.2433067,0.23464,0.1795169,
580,2e-07,0.0384333,0.1249215,0.0793591,0.1238101,0.0801842,0.1210262,0.2432954,0.1240381,
581,2e-07,0.0832179,0.0784255,0.1150189,0.1273415,0.1359487,0.0867312,0.167158,0.0869319,
582,2e-07,0.068873,0.049696,0.091172,0.1122676,0.2004707,0.0807693,0.1358802,0.0534801,
583,2e-07,0.0666788,0.0810021,0.1543799,0.1367826,0.1816751,0.1256667,0.1800166,0.0523674,
584,2e-07,0.1575638,0.1119906,0.1381347,0.099978,0.221045,0.0929493,0.1821511,0.1466822,
585,2e-07,0.1233393,0.1199601,0.1011429,0.0724086,0.215173,0.1332544,0.151975,0.092694,
586,2e-07,0.0769774,0.1014522,0.0959846,0.0690493,0.1409321,0.1081673,0.1004409,0.0995633,
587,1e-07,0.043597,0.1252092,0.1266296,0.033724,0.1429731,0.0764299,0.1355776,0.1121121,
588,1e-07,0.0506165,0.1442771,0.1126392,0.1072587,0.1345321,0.0410436,0.1517154,0.1183297,
589,1e-07,0.0716583,0.1958061,0.1725743,0.1166113,0.2048498,0.0625437,0.1592139,0.1262493,
590,1e-07,0.0701266,0.1151765,0.1112911,0.1010858,0.122877,0.0735897,0.0748133,0.1091696,
591,1e-07,0.0362546,0.0350603,0.0884176,0.1320023,0.1426529,0.1144317,0.032623,0.0688888,
592,1e-07,0.0391595,0.048963,0.0479623,0.0914582,0.1079767,0.1046247,0.0553389,0.0787958,
593,1e-07,0.0624018,0.0466676,0.0495443,0.0845638,0.0773491,0.0702291,0.0508918,0.059168,
594,1e-07,0.0725534,0.0211079,0.0209642,0.049324,0.051314,0.0773386,0.0617479,0.1221369,
595,1e-07,0.0316253,0.0341312,0.0432659,0.0429402,0.0141602,0.0806136,0.0571458,0.0954727,
596,1e-07,0.0386287,0.0464156,0.071329,0.0394082,0.0216203,0.0520631,0.0336934,0.0175218,
597,1e-07,0.0570616,0.0478495,0.0954422,0.0266551,0.060636,0.0703463,0.0572435,0.0994621,
598,1e-07,0.0217605,0.0231564,0.1120781,0.035063,0.0435176,0.0706701,0.0389009,0.1070221,
599,1e-07,0.0481088,0.0846363,0.1453166,0.0432874,0.0491986,0.0470329,0.0540177,0.1349937,
600,0.0,0.0278809,0.0941242,0.1198976,0.0402185,0.0591427,0.0967998,0.050828,0.0868148,
601,0.0,0.0514785,0.080891,0.1022734,0.0164353,0.0361792,0.0663869,0.0149298,0.065063,
602,0.0,0.0582587,0.0523281,0.0627502,0.0446317,0.0686102,0.0871578,0.03426,0.0763353,
603,0.0,0.0611171,0.0569263,0.0525244,0.0467819,0.0714494,0.0480985,0.0334718,0.0426994,
604,0.0,0.0290535,0.0990367,0.0604951,0.0354304,0.0374121,0.0452315,0.0556142,0.0599516,
605,0.0,0.0098568,0.0577778,0.0662799,0.0429819,0.0524923,0.0924888,0.0848363,0.0276421,
606,0.0,0.0216857,0.0173776,0.0886253,0.0540505,0.0234257,0.0728138,0.0958816,0.0295067,
607,0.0,0.0789217,0.0463444,0.0959934,0.0443123,0.0396831,0.0659063,0.0986593,0.0640731,
608,0.0,0.0447899,0.1464733,0.0446405,0.1066069,0.0310773,0.1261753,0.1060982,0.1474378,
609,0.0,0.0707385,0.0820334,0.0719597,0.0964512,0.0215354,0.1388604,0.0883648,0.0469088,
610,1e-07,0.0538111,0.0484421,0.1089367,0.0813806,0.1387241,0.0760923,0.0677029,0.1474344,
611,1e-07,0.0158828,0.0457002,0.0724911,0.0528424,0.0999669,0.0291418,0.0489188,0.1574772,
612,1e-07,0.0296936,0.0377691,0.0691716,0.0722033,0.0681593,0.0757296,0.0561454,0.0938531,
