#Time_ps,0,10,20,30,50,100,300,500,1000,
1,1e-07,0.0573692,0.0331397,0.0437619,0.1003456,0.0795358,0.0628219,0.0248192,0.1188533,
2,1e-07,0.0802298,0.0354379,0.0428045,0.0848379,0.0451443,0.0503178,0.0461043,0.0796517,
3,1e-07,0.0770703,0.0351191,0.0503797,0.0634268,0.0322945,0.0820162,0.0568099,0.0706263,
4,0.0,0.0580978,0.053085,0.0297,0.0363175,0.0286993,0.0625646,0.0716586,0.0811331,
5,0.0,0.0587419,0.0230872,0.037958,0.0310831,0.0426633,0.055469,0.0580792,0.075584,
6,0.0,0.028179,0.0172731,0.0303238,0.0218958,0.0592903,0.0468482,0.0420768,0.038615,
7,0.0,0.0416776,0.023846,0.0354097,0.02073,0.05437,0.0748067,0.0469507,0.0595148,
8,0.0,0.0199195,0.0530143,0.0253671,0.0291788,0.0595606,0.0974461,0.0936369,0.0125916,
9,0.0,0.0241011,0.0654205,0.0580108,0.0322227,0.074285,0.0821395,0.0595286,0.0365881,
10,0.0,0.0153699,0.0057727,0.0350429,0.0176831,0.0768728,0.0757053,0.0558258,0.061169,
11,0.0,0.0285901,0.0519438,0.0282129,0.0226631,0.0645495,0.0932217,0.0659059,0.0390394,
12,0.0,0.0631662,0.0664906,0.0328327,0.0422964,0.07776,0.0239186,0.0738798,0.0706421,
13,1e-07,0.0695698,0.0540622,0.0427161,0.0495715,0.0612663,0.067225,0.0916696,0.051525,
14,1e-07,0.0443142,0.0554977,0.056864,0.0514571,0.0888654,0.0636926,0.0844498,0.0268746,
15,1e-07,0.0697523,0.0568833,0.0536761,0.0772629,0.0814292,0.1030596,0.1141139,0.0876173,
16,1e-07,0.0527171,0.0374099,0.0468609,0.0628507,0.065313,0.0953437,0.0782557,0.0597178,
17,1e-07,0.0752141,0.0815397,0.0450263,0.0796236,0.0660271,0.0592892,0.0352541,0.0984117,
18,1e-07,0.0690928,0.0544753,0.0650443,0.0312314,0.0776192,0.0673672,0.0218672,0.0996287,
19,1e-07,0.0768508,0.0191278,0.1292086,0.035044,0.0848057,0.0585518,0.0548853,0.0618422,
20,1e-07,0.0738906,0.0259635,0.1026275,0.0526087,0.0742136,0.0548753,0.0656374,0.0684314,
21,2e-07,0.075455,0.0233429,0.0990784,0.1111909,0.0723284,0.0939197,0.0365615,0.0851515,
22,2e-07,0.127931,0.0324078,0.0209781,0.1145193,0.0627863,0.0759141,0.0427771,0.1605484,
23,2e-07,0.1840174,0.1242002,0.0773623,0.0672567,0.1362208,0.0913908,0.0699661,0.1523429,
24,2e-07,0.1703724,0.0693333,0.0743289,0.0412281,0.2046115,0.1288696,0.1300276,0.1650692,
25,2e-07,0.0864619,0.0487972,0.083471,0.0557333,0.0984593,0.1142437,0.1108554,0.1038429,
26,1e-07,0.0940659,0.0230543,0.1198352,0.054074,0.028765,0.0529615,0.0657984,0.0684908,
27,1e-07,0.0588606,0.0116259,0.0739493,0.0302021,0.0437392,0.0489199,0.0216115,0.0344312,
28,1e-07,0.0573343,0.014878,0.0558779,0.029787,0.0351189,0.045933,0.0509889,0.0461749,
29,1e-07,0.0553077,0.0678251,0.0521426,0.0488915,0.078995,0.0362882,0.0330821,0.0528609,
30,1e-07,0.0905987,0.0869775,0.0286325,0.068553,0.0530164,0.0361717,0.0416453,0.0540447,
31,1e-07,0.0716896,0.052603,0.04907,0.0282795,0.039203,0.0496954,0.0633292,0.0482696,
32,1e-07,0.0719289,0.066983,0.0446017,0.0220331,0.0572828,0.0722521,0.1101129,0.0582682,
33,1e-07,0.0671359,0.0226949,0.0552938,0.0713427,0.0702718,0.0383644,0.0810711,0.068729,
34,1e-07,0.0926178,0.0751869,0.0269114,0.0504888,0.107461,0.0508302,0.1228296,0.0437732,
35,1e-07,0.09653,0.0509584,0.0321985,0.0195627,0.0556687,0.0324249,0.0425977,0.0682761,
36,1e-07,0.0569247,0.042987,0.0338326,0.0317971,0.0650777,0.0140862,0.0539427,0.0716314,
37,1e-07,0.0440039,0.0857344,0.0381677,0.0695955,0.0895796,0.0457004,0.0494544,0.0373641,
38,2e-07,0.0458747,0.0718824,0.0469788,0.052604,0.1019109,0.0501314,0.0705843,0.0117414,
39,2e-07,0.0422603,0.038593,0.0236414,0.0488218,0.1121983,0.0711221,0.0544772,0.0836895,
40,2e-07,0.0913388,0.045192,0.0310967,0.0597771,0.1127449,0.1183851,0.0688389,0.0711048,
41,2e-07,0.0916692,0.0195072,0.0170315,0.0188461,0.0884245,0.1370657,0.0756944,0.0782415,
42,2e-07,0.1000249,0.0392781,0.033306,0.0169651,0.0724183,0.0937631,0.0628353,0.1259673,
43,2e-07,0.0954509,0.0519347,0.0312064,0.0492776,0.0459322,0.1630185,0.1081705,0.1255192,
44,2e-07,0.0965645,0.1092854,0.0279268,0.0366533,0.1571098,0.148338,0.1238108,0.1352564,
45,2e-07,0.1181406,0.0883712,0.0208095,0.0558506,0.1395656,0.128794,0.1652689,0.2038897,
46,2e-07,0.1108657,0.0686624,0.0534031,0.1081429,0.2594062,0.0962364,0.2169035,0.2484937,
47,2e-07,0.0848018,0.1115878,0.0350526,0.1462092,0.3243527,0.1062039,0.2547666,0.2249663,
48,2e-07,0.0941362,0.1137565,0.0362754,0.0657094,0.189353,0.1037395,0.1822137,0.0850875,
49,2e-07,0.1209314,0.104494,0.0724979,0.0666902,0.1973379,0.1163785,0.1828133,0.0798121,
50,2e-07,0.1369229,0.1178131,0.1332818,0.1141762,0.1929466,0.0536896,0.1924562,0.0671642,
51,2e-07,0.1269474,0.1088614,0.1268296,0.1132514,0.178725,0.1325235,0.2185419,0.047235,
52,2e-07,0.0965881,0.1273982,0.117146,0.1354088,0.1429335,0.2048714,0.2225805,0.0459012,
53,2e-07,0.1068025,0.0540779,0.1976728,0.1206259,0.1693088,0.258765,0.1929614,0.0496158,
54,2e-07,0.0826624,0.0299253,0.1832287,0.1000156,0.2119719,0.1799678,0.1060239,0.0911341,
55,2e-07,0.0889572,0.0947757,0.1785772,0.146534,0.2232386,0.2887411,0.1072353,0.1159074,
56,2e-07,0.0640953,0.1555065,0.189439,0.1321372,0.1537848,0.312086,0.1230418,0.1377347,
57,2e-07,0.0744787,0.1365891,0.1500704,0.1189741,0.1618959,0.2963515,0.1134793,0.1206865,
58,2e-07,0.0706174,0.1327795,0.0951235,0.1642909,0.2104333,0.3064213,0.0782024,0.0787992,
59,2e-07,0.1673888,0.1431719,0.1674028,0.2427856,0.1474396,0.287448,0.1255105,0.0677639,
60,2e-07,0.2122378,0.1308104,0.1477797,0.2232182,0.0517965,0.2641912,0.17981,0.1043471,
61,2e-07,0.131464,0.1284095,0.13954,0.2164502,0.0490123,0.194746,0.0519199,0.1279414,
62,2e-07,0.0856937,0.1056531,0.1597647,0.1908275,0.1198275,0.1565218,0.0720121,0.1064737,
63,2e-07,0.0772496,0.0628677,0.0420687,0.123839,0.1625055,0.0703645,0.0632008,0.0958875,
64,2e-07,0.0504158,0.0841586,0.1296273,0.136001,0.1811831,0.0794124,0.0577144,0.0841586,
65,2e-07,0.0327476,0.0742211,0.1779223,0.1443218,0.1348804,0.1308786,0.0537911,0.1155459,
66,2e-07,0.0108303,0.0483235,0.1137954,0.0892666,0.1414541,0.1237095,0.0923183,0.108461,
67,2e-07,0.0914879,0.0281427,0.1372211,0.0789006,0.1028833,0.138118,0.0609005,0.072034,
68,1e-07,0.045197,0.0370947,0.1058621,0.0314534,0.0778786,0.126676,0.041602,0.070502,
69,1e-07,0.0456591,0.0466874,0.1291166,0.045879,0.0851401,0.1036219,0.0531595,0.0524033,
70,1e-07,0.0672207,0.0275504,0.16812,0.0781015,0.1180436,0.0992996,0.0603577,0.0587944,
71,1e-07,0.1246179,0.0441155,0.2320619,0.1415296,0.2048582,0.1030922,0.2183712,0.094925,
72,1e-07,0.1783125,0.0638667,0.1423294,0.1512326,0.2701271,0.1485341,0.0811081,0.1245308,
73,1e-07,0.0777055,0.0458966,0.1757349,0.1444986,0.1456137,0.0849963,0.1138739,0.1020526,
74,1e-07,0.0555328,0.0532629,0.167827,0.1220617,0.0998629,0.0508555,0.1236966,0.063495,
75,1e-07,0.067087,0.0579207,0.1649833,0.1308548,0.0567043,0.0349778,0.0657406,0.0811152,
76,1e-07,0.0191839,0.0386321,0.1321303,0.1185128,0.1087979,0.0500263,0.0823423,0.0544235,
77,2e-07,0.0337534,0.0266458,0.0708933,0.029056,0.1184475,0.0871078,0.0528408,0.0884042,
78,2e-07,0.0543649,0.0326504,0.0581916,0.0444308,0.0636954,0.1006037,0.0762611,0.0652337,
79,2e-07,0.0291214,0.0656307,0.060747,0.0659286,0.161227,0.0967721,0.0387187,0.0677562,
80,2e-07,0.0135587,0.0445583,0.0288139,0.0974739,0.2485421,0.1006913,0.0396274,0.0551763,
81,2e-07,0.0224275,0.0775617,0.0573312,0.0273849,0.1706872,0.1958926,0.1068146,0.1302693,
82,2e-07,0.0288627,0.0422305,0.0473587,0.0342902,0.1095036,0.1322197,0.0874797,0.0535024,
83,2e-07,0.0912862,0.050943,0.0618812,0.0626335,0.1503957,0.1047228,0.0470829,0.0319461,
84,2e-07,0.0876423,0.047508,0.0779378,0.0531162,0.0624282,0.1469929,0.0121329,0.0333592,
85,2e-07,0.0681174,0.0491138,0.0363927,0.0654196,0.0297559,0.1376162,0.0248916,0.0531825,
86,2e-07,0.0482874,0.0539625,0.0426584,0.0632097,0.07386,0.1248576,0.0423377,0.0774123,
87,2e-07,0.0595334,0.0728123,0.0364549,0.0616847,0.0947358,0.0356659,0.0476403,0.1038271,
88,2e-07,0.0431234,0.0912296,0.0218838,0.0398701,0.0784603,0.0497572,0.0463495,0.0942833,
89,2e-07,0.0227439,0.0601968,0.0685159,0.0484223,0.0917068,0.0798322,0.0248486,0.0558368,
90,2e-07,0.050773,0.0493112,0.0645266,0.0613097,0.1169441,0.061465,0.0424425,0.062898,
91,1e-07,0.0506697,0.0604508,0.0230038,0.0630947,0.0786986,0.0312407,0.0304035,0.0823885,
92,1e-07,0.0612243,0.1436934,0.0992563,0.0885757,0.0366957,0.0821039,0.0715736,0.0945995,
93,1e-07,0.0887732,0.0627842,0.1050656,0.0764829,0.0311263,0.0262742,0.0890511,0.0743484,
94,1e-07,0.0846792,0.0107487,0.0752245,0.1001827,0.0354438,0.027539,0.1034166,0.0863149,
95,1e-07,0.0720668,0.0431763,0.0269536,0.0904758,0.097845,0.033664,0.1127431,0.077411,
96,1e-07,0.0568898,0.1402204,0.0247141,0.0815718,0.0981165,0.0359979,0.1082974,0.0454438,
97,1e-07,0.0445573,0.1128065,0.0499429,0.0859068,0.045358,0.0687572,0.0958363,0.0648732,
98,1e-07,0.0428162,0.1292999,0.0467625,0.0927427,0.0446673,0.0659171,0.0668372,0.0687644,
99,1e-07,0.0348285,0.0885451,0.0517723,0.0856086,0.0294244,0.0703209,0.0598886,0.0543937,
100,1e-07,0.0663065,0.090653,0.0766353,0.0957103,0.040178,0.0323399,0.0444309,0.0272535,
101,0.0,0.0509111,0.0574084,0.0677299,0.1255068,0.085428,0.0259229,0.0273743,0.0230639,
102,1e-07,0.0670529,0.0203719,0.0575491,0.0514557,0.0886243,0.0364911,0.0352246,0.0323707,
103,1e-07,0.0451018,0.0243918,0.0398623,0.0595015,0.0679355,0.0577823,0.0357129,0.0843335,
104,1e-07,0.0578662,0.0261274,0.066791,0.0713819,0.0293481,0.0738417,0.0448268,0.0902417,
105,1e-07,0.0857267,0.101161,0.0625035,0.1158704,0.0285304,0.0954,0.0535118,0.0963906,
106,1e-07,0.0623311,0.0539892,0.0513188,0.0904612,0.0760001,0.1228103,0.0682713,0.0874207,
107,1e-07,0.0300168,0.0751875,0.0665211,0.094852,0.0262795,0.1090105,0.1017595,0.0798908,
108,1e-07,0.0397669,0.0966213,0.0758798,0.1035606,0.0677988,0.111555,0.1653072,0.0998951,
109,1e-07,0.0275077,0.0828702,0.0535305,0.0253746,0.0314957,0.0652255,0.1574281,0.1122692,
110,0.0,0.0439386,0.0837562,0.0365004,0.0626902,0.016338,0.0597534,0.0725053,0.0723762,
111,1e-07,0.0481498,0.0321409,0.030147,0.0641189,0.0397127,0.0514592,0.0893889,0.0546184,
112,1e-07,0.0419631,0.0460232,0.0386862,0.050459,0.0373122,0.031812,0.0226231,0.037262,
113,1e-07,0.0539938,0.0094392,0.0550346,0.0545366,0.0321929,0.0313634,0.0185706,0.0446515,
114,1e-07,0.0588163,0.0165387,0.0559733,0.0525267,0.0102381,0.0744606,0.0136628,0.0399049,
115,1e-07,0.0288258,0.0224747,0.0199374,0.0509529,0.0137576,0.0736764,0.0606377,0.0366189,
116,1e-07,0.035497,0.0524136,0.0573248,0.0473779,0.0441736,0.0952009,0.0498368,0.0190718,
117,1e-07,0.0324648,0.0638118,0.0557187,0.0246966,0.059898,0.0810701,0.0606683,0.0135232,
118,1e-07,0.0345339,0.0785557,0.0623151,0.028852,0.0733967,0.115604,0.0448275,0.0280775,
119,1e-07,0.0621464,0.1195703,0.0874261,0.0753846,0.0948537,0.0909623,0.0483284,0.0453553,
120,1e-07,0.0674592,0.1389398,0.0813088,0.0602936,0.0682999,0.0854112,0.0286184,0.0543183,
121,1e-07,0.0721104,0.1176634,0.0657503,0.0231321,0.0734224,0.1069437,0.0404135,0.0411926,
122,1e-07,0.0737901,0.0842448,0.0357911,0.0366849,0.0646512,0.0899055,0.0526701,0.0548907,
123,0.0,0.0595615,0.0630511,0.0474226,0.0636455,0.0531593,0.0499321,0.0208457,0.0781315,
124,0.0,0.0503426,0.0327913,0.0113782,0.0625076,0.0587789,0.0861301,0.0861555,0.0805621,
125,0.0,0.0342758,0.0117521,0.0322433,0.0541584,0.0970678,0.0567145,0.0752583,0.0314714,
126,0.0,0.0456596,0.0197842,0.0712395,0.0277075,0.0814369,0.0333818,0.0296082,0.0353894,
127,0.0,0.0335071,0.0156509,0.0358064,0.0279806,0.0724165,0.0750997,0.0413847,0.0395507,
128,1e-07,0.0469408,0.0303657,0.0360423,0.0557831,0.0607335,0.0666399,0.0140746,0.0184199,
129,1e-07,0.0657091,0.0471825,0.046315,0.0430843,0.0611861,0.0780737,0.1084654,0.0384309,
130,1e-07,0.0646263,0.0706906,0.0541929,0.0701805,0.0724855,0.0965196,0.0782261,0.0987019,
131,1e-07,0.078813,0.0926074,0.0690454,0.0566213,0.0781446,0.062451,0.0474087,0.0955641,
132,1e-07,0.0876274,0.0943278,0.1356994,0.0276326,0.0973286,0.1119313,0.0620958,0.1159877,
133,0.0,0.0781559,0.1026606,0.1368809,0.0312441,0.1207479,0.067074,0.0184033,0.0721989,
134,1e-07,0.0937199,0.1011112,0.102093,0.0415888,0.0531734,0.0682547,0.049159,0.0389761,
135,1e-07,0.1080397,0.0682902,0.0933476,0.0576009,0.1007148,0.0846353,0.0468904,0.1519875,
136,1e-07,0.0991141,0.0971123,0.072858,0.0374993,0.0766448,0.0831255,0.0678003,0.1271609,
137,1e-07,0.0829647,0.1214592,0.0876233,0.0385672,0.0665217,0.0845546,0.0710912,0.0828493,
138,1e-07,0.0703827,0.1208529,0.0760384,0.0167752,0.0898486,0.0888889,0.0607813,0.0683613,
139,1e-07,0.0577639,0.1398147,0.023189,0.1105824,0.0333554,0.0906936,0.0185272,0.0528737,
140,1e-07,0.0471772,0.0950695,0.0182482,0.1533892,0.1207436,0.066431,0.1270845,0.0742799,
141,1e-07,0.0673411,0.0746325,0.0246079,0.1274475,0.0993792,0.0947477,0.0912591,0.0930295,
142,1e-07,0.154138,0.0780724,0.1009624,0.1052313,0.0613108,0.058157,0.042251,0.0979462,
143,1e-07,0.105111,0.0828214,0.0640283,0.152358,0.0518124,0.0179126,0.0494834,0.0767753,
144,1e-07,0.060075,0.0913786,0.0463998,0.0881849,0.0826939,0.0536565,0.0425941,0.0787398,
145,1e-07,0.0515959,0.0607784,0.025135,0.0839344,0.083218,0.0674788,0.0662501,0.0681706,
146,1e-07,0.028688,0.0529965,0.0623017,0.0617213,0.0729505,0.0286975,0.0497618,0.0442258,
147,1e-07,0.046845,0.0426607,0.0564712,0.0688062,0.088227,0.0572745,0.0442224,0.0152764,
148,1e-07,0.0472771,0.0433521,0.0564645,0.0642746,0.0329319,0.0235692,0.037889,0.0314539,
149,1e-07,0.0481456,0.0391635,0.0449335,0.0763143,0.0111319,0.0772115,0.0063945,0.0230228,
150,1e-07,0.0252265,0.039804,0.0401283,0.0556537,0.0255699,0.0226288,0.0160714,0.0363841,
151,1e-07,0.0156495,0.0455555,0.0660539,0.0692928,0.0971574,0.0391536,0.0526326,0.0267416,
152,0.0,0.0474691,0.0460571,0.0559635,0.0931694,0.0865315,0.0328842,0.0924567,0.0487315,
153,0.0,0.0426123,0.0377984,0.0504878,0.1415409,0.0647616,0.0557643,0.1266682,0.0587163,
154,0.0,0.0365978,0.1059704,0.0282712,0.1126584,0.0485393,0.0349014,0.1785926,0.0360878,
155,0.0,0.0676773,0.0646019,0.0298103,0.0927114,0.0631282,0.0398861,0.1283763,0.0606827,
156,0.0,0.0479939,0.0432269,0.0455969,0.0931076,0.0427284,0.0374932,0.0441276,0.0614619,
157,1e-07,0.0736497,0.0309218,0.064977,0.0751595,0.0428054,0.0333269,0.0415194,0.0265952,
158,0.0,0.0275761,0.0134372,0.0579275,0.0369166,0.0705285,0.0528029,0.0424664,0.0158256,
159,1e-07,0.0321001,0.0430968,0.0406358,0.0732252,0.0230843,0.0478177,0.0443829,0.0702305,
160,1e-07,0.0356165,0.0922689,0.0453467,0.0750103,0.0381349,0.0831038,0.037202,0.0481779,
161,1e-07,0.051526,0.0247543,0.0615559,0.0302686,0.0517382,0.0906325,0.0260547,0.0229897,
162,1e-07,0.0143277,0.044822,0.0407312,0.0623027,0.0332484,0.0801793,0.0348229,0.0545206,
163,1e-07,0.043464,0.0540492,0.0273534,0.064919,0.0154242,0.0732767,0.0275639,0.0455954,
164,2e-07,0.0312215,0.0205435,0.0338796,0.0400432,0.0779773,0.0776172,0.0241092,0.0370127,
165,2e-07,0.0270367,0.0900829,0.0445231,0.0662333,0.0623866,0.0838615,0.0246385,0.07562,
166,1e-07,0.0262738,0.0510763,0.0723946,0.0816853,0.1028023,0.0718846,0.0726894,0.0519059,
167,2e-07,0.1113288,0.1043975,0.1043291,0.103186,0.0919834,0.0814032,0.0721996,0.0763722,
168,2e-07,0.1323177,0.1918321,0.1367178,0.0931782,0.112496,0.0805473,0.0798277,0.1611146,
169,1e-07,0.1541467,0.1495892,0.1353185,0.1331655,0.2126631,0.1985771,0.1092629,0.1219345,
170,1e-07,0.1359811,0.1225896,0.0905988,0.1211883,0.1844646,0.2145765,0.0855545,0.043399,
171,1e-07,0.1340899,0.0846645,0.0851156,0.0223887,0.0789394,0.1120292,0.088369,0.0622433,
172,1e-07,0.0959715,0.089473,0.0784617,0.0312265,0.1012828,0.083349,0.0668609,0.0800366,
173,1e-07,0.1006274,0.0856185,0.0712575,0.0537156,0.019539,0.0812245,0.0354642,0.1037334,
174,1e-07,0.0717884,0.0468779,0.0667786,0.0649945,0.0477494,0.1448334,0.0402263,0.1314995,
175,2e-07,0.0523746,0.0500995,0.0534431,0.0456359,0.0220723,0.0976508,0.0350586,0.0908194,
176,1e-07,0.060322,0.0416158,0.0725592,0.0460095,0.0333448,0.0662618,0.0288197,0.1105325,
177,0.0,0.0354975,0.0506963,0.1160744,0.0851891,0.047061,0.108389,0.040675,0.0979439,
178,2e-07,0.031252,0.0868527,0.1272151,0.0738347,0.0660519,0.1248381,0.0631217,0.1315655,
179,2e-07,0.0370493,0.0719094,0.0754227,0.0660521,0.0555308,0.107156,0.0492374,0.0574618,
180,2e-07,0.0768476,0.0425411,0.0934829,0.0500131,0.0281881,0.1305787,0.0570055,0.0419609,
181,2e-07,0.060754,0.04933,0.0664025,0.0267178,0.0452853,0.1439214,0.0548549,0.0405946,
182,2e-07,0.0434474,0.06384,0.0328266,0.0366778,0.0465103,0.1444222,0.0559317,0.0537156,
183,2e-07,0.034735,0.0826246,0.0563798,0.0800104,0.0650926,0.1800317,0.0817637,0.0998764,
184,2e-07,0.0543246,0.1276042,0.0726478,0.0900567,0.0851457,0.0366873,0.0869137,0.0369331,
185,2e-07,0.1250945,0.155321,0.0692603,0.1061658,0.0609255,0.1081315,0.0138401,0.0905899,
186,2e-07,0.0846944,0.1412786,0.0597714,0.0948936,0.0482667,0.1085277,0.0647304,0.0761461,
187,2e-07,0.0853408,0.1139713,0.0799453,0.084076,0.0488713,0.0968049,0.0566953,0.0354761,
188,2e-07,0.1174374,0.09718,0.0764237,0.0693173,0.1032403,0.105359,0.0812175,0.0298191,
189,2e-07,0.1810191,0.1661224,0.0981491,0.1877994,0.211343,0.1139509,0.1136046,0.0226415,
190,2e-07,0.1888139,0.2251548,0.0817993,0.2437353,0.1028708,0.1326873,0.1707878,0.0616499,
191,2e-07,0.1953638,0.263715,0.1264045,0.2604787,0.1872767,0.1093966,0.1011062,0.0788047,
192,2e-07,0.0861271,0.1797778,0.1128227,0.185041,0.2474972,0.129596,0.1771498,0.1607835,
193,2e-07,0.1437773,0.1963625,0.1206473,0.1954662,0.4526763,0.2093177,0.4096027,0.1358944,
194,2e-07,0.1046876,0.1392286,0.093738,0.1076078,0.2882137,0.2316302,0.2840928,0.1206255,
195,2e-07,0.0949454,0.2269008,0.1017217,0.1115689,0.2211051,0.1880489,0.2141251,0.0384918,
196,2e-07,0.0715417,0.0609191,0.1087943,0.0991909,0.2547916,0.0546272,0.0279202,0.1179427,
197,1e-07,0.0943307,0.0162451,0.1186623,0.1212135,0.1872,0.08071,0.048406,0.0711254,
198,1e-07,0.0885759,0.0241613,0.0859032,0.094716,0.1349699,0.1186376,0.0477095,0.0853513,
199,1e-07,0.0753122,0.0140316,0.0339572,0.074388,0.1402065,0.1325517,0.0747062,0.1168531,
200,0.0,0.0684504,0.0546982,0.0106833,0.078394,0.1376398,0.119479,0.092348,0.0745735,
201,1e-07,0.0470234,0.0591153,0.0277605,0.0749257,0.1116873,0.1043486,0.1009252,0.0757337,
202,1e-07,0.0418889,0.0651113,0.0252965,0.1041652,0.1108846,0.071803,0.0660819,0.0459919,
203,0.0,0.0304779,0.0576516,0.0370756,0.0678553,0.0974995,0.0209121,0.0446927,0.0431347,
204,0.0,0.0275168,0.0508663,0.0405751,0.0551224,0.1071734,0.0286687,0.0528111,0.0386346,
205,0.0,0.0344904,0.0581479,0.0519974,0.0639951,0.1128718,0.0449972,0.0620037,0.0729911,
206,0.0,0.0678988,0.0388036,0.0295239,0.0650874,0.0677923,0.0356385,0.0486467,0.0828232,
207,0.0,0.0630426,0.0726115,0.0357532,0.0224038,0.0599208,0.0121889,0.0432695,0.0464825,
208,0.0,0.0700691,0.0775033,0.0477787,0.0451596,0.0807183,0.048802,0.0577721,0.0520532,
209,0.0,0.0886802,0.053588,0.0338732,0.0848045,0.0269698,0.0675141,0.0502766,0.0368012,
210,0.0,0.0870472,0.0583679,0.0401758,0.0753466,0.0485638,0.066431,0.0704581,0.0471409,
211,1e-07,0.0694217,0.055452,0.027972,0.0538435,0.0435188,0.0746828,0.0609854,0.0809529,
212,1e-07,0.0754258,0.0516238,0.0217215,0.0099197,0.0804012,0.061392,0.0558319,0.080989,
213,1e-07,0.1150072,0.0433675,0.0389862,0.0413662,0.1223512,0.0680081,0.0686808,0.0854549,
214,1e-07,0.1034444,0.0612105,0.0386484,0.0928934,0.0841032,0.0888215,0.0846456,0.1091778,
215,1e-07,0.1037059,0.0763542,0.0442835,0.1019372,0.097158,0.1750164,0.1088697,0.0207355,
216,1e-07,0.135247,0.1261754,0.03815,0.0704016,0.0963215,0.1341807,0.0867613,0.1660242,
217,1e-07,0.1266347,0.1320213,0.0639659,0.080079,0.0987295,0.1231328,0.0877623,0.1767375,
218,1e-07,0.165095,0.1067677,0.0706673,0.1095899,0.1176147,0.1354288,0.0515623,0.1888305,
219,0.0,0.1735605,0.0946572,0.0509293,0.1149477,0.084236,0.1506105,0.0239761,0.1254817,
220,0.0,0.1514775,0.0904631,0.0382873,0.066796,0.1031222,0.1659956,0.0606134,0.1111626,
221,0.0,0.1788503,0.0938983,0.0314778,0.0833278,0.1240917,0.1444422,0.0110931,0.0603582,
222,0.0,0.2377118,0.1458747,0.0635496,0.1050824,0.115548,0.1513627,0.1078016,0.068584,
223,0.0,0.2101284,0.1322082,0.0679579,0.0867379,0.1103773,0.1159845,0.0851736,0.0751761,
224,0.0,0.2250635,0.1631749,0.0594907,0.0931334,0.0359682,0.1328175,0.0812537,0.1118968,
225,0.0,0.1707703,0.1425618,0.0832415,0.1158659,0.13518,0.1443894,0.0792542,0.0820818,
226,1e-07,0.1593361,0.0758446,0.0864898,0.106364,0.1711739,0.1186277,0.1231666,0.1104011,
227,0.0,0.0950002,0.0779461,0.0764798,0.1147496,0.0672112,0.1662992,0.1145384,0.1323761,
228,1e-07,0.1087808,0.0752677,0.0550212,0.0895844,0.0991741,0.1905708,0.13697,0.1404402,
229,0.0,0.0754536,0.0745882,0.0553674,0.027847,0.1025871,0.1762048,0.1208292,0.1131834,
230,0.0,0.0764965,0.0389615,0.0811648,0.07345,0.1018574,0.1953555,0.1248117,0.1189548,
231,1e-07,0.0516153,0.0591417,0.1193428,0.0810006,0.1068883,0.2430024,0.1469509,0.1321612,
232,1e-07,0.1090317,0.064989,0.1035333,0.1096205,0.1135807,0.2948865,0.1411592,0.1745571,
233,1e-07,0.1094033,0.0647756,0.0951924,0.099567,0.0773816,0.2649325,0.1308455,0.1782699,
234,1e-07,0.0628949,0.0695946,0.0800233,0.102223,0.0886701,0.2240243,0.1041765,0.1774191,
235,1e-07,0.1118739,0.1500285,0.1508283,0.0957999,0.1643821,0.2493352,0.1516254,0.2070985,
236,1e-07,0.1175454,0.1868624,0.1536469,0.0831697,0.1897746,0.2897918,0.1606595,0.2175835,
237,1e-07,0.0204684,0.1452588,0.0910546,0.1045225,0.1709491,0.1984263,0.1711839,0.1951365,
238,1e-07,0.062287,0.0486116,0.0460682,0.1209097,0.1136451,0.1914909,0.0830648,0.1475199,
239,1e-07,0.035979,0.0172316,0.0087725,0.094696,0.093371,0.1700888,0.0948605,0.1737921,
240,1e-07,0.06687,0.0112618,0.0366574,0.1005762,0.1162051,0.1567969,0.1327414,0.132615,
241,1e-07,0.0649482,0.0335501,0.0631891,0.0866509,0.1178933,0.1603656,0.1727771,0.119417,
242,1e-07,0.0629533,0.1044883,0.0503533,0.1058331,0.0924719,0.1056632,0.1573664,0.10477,
243,1e-07,0.0534906,0.1138973,0.0784919,0.2238991,0.2438153,0.1256387,0.1754319,0.0700216,
244,0.0,0.0768737,0.103269,0.0576509,0.2176052,0.1794223,0.094883,0.1873836,0.1268694,
245,0.0,0.0923421,0.111906,0.0479375,0.2184988,0.2664768,0.1805986,0.1443818,0.1132743,
246,0.0,0.0417877,0.0703587,0.0798322,0.227494,0.2129876,0.181977,0.0761061,0.1377624,
247,0.0,0.0711386,0.0638489,0.0688535,0.2307171,0.1886487,0.167374,0.0929435,0.1534775,
248,0.0,0.0722624,0.0683264,0.1179659,0.2325632,0.0954196,0.1940804,0.0944903,0.0641693,
249,0.0,0.0103345,0.0671712,0.0666063,0.181579,0.0998366,0.1451546,0.038154,0.0643641,
250,0.0,0.0335402,0.0508699,0.0607261,0.1347645,0.1384092,0.096381,0.0735588,0.0563049,
251,0.0,0.0528843,0.0426681,0.1085045,0.1251501,0.1420633,0.1780013,0.088545,0.1069193,
252,0.0,0.0303086,0.1000302,0.10073,0.1544045,0.1515361,0.2036617,0.1086693,0.1328727,
253,0.0,0.0426708,0.0849874,0.0644368,0.1251523,0.1046559,0.1434741,0.0577611,0.0856822,
254,0.0,0.0656397,0.098891,0.0665503,0.1328193,0.0612534,0.1567258,0.0670867,0.1031836,
255,1e-07,0.0676709,0.1191157,0.1534283,0.1329048,0.1288849,0.2652332,0.0389391,0.1256099,
256,1e-07,0.0776611,0.0999008,0.1630184,0.0975159,0.1002074,0.2765727,0.082569,0.1217539,
257,1e-07,0.1006455,0.1242215,0.1356388,0.1291838,0.084113,0.2025221,0.0275023,0.093791,
258,1e-07,0.1479526,0.0826196,0.1343241,0.1318138,0.051813,0.1940153,0.0345709,0.0595599,
259,0.0,0.1128696,0.087994,0.1154136,0.1368109,0.0532105,0.1147959,0.0784611,0.0464867,
260,0.0,0.1087128,0.1146642,0.0741366,0.1443135,0.062299,0.1165597,0.0927906,0.0932969,
261,0.0,0.0943213,0.118739,0.086909,0.1743949,0.0881654,0.1066809,0.0624608,0.0815713,
262,0.0,0.1354229,0.1295437,0.0601323,0.137431,0.0909511,0.0990472,0.0418859,0.100067,
263,0.0,0.1737291,0.0808318,0.0453132,0.0719237,0.0438099,0.0801228,0.0303836,0.117584,
264,0.0,0.1131271,0.0702939,0.0534916,0.1040474,0.0736291,0.0857522,0.0266647,0.1087176,
265,0.0,0.1212792,0.106463,0.0323411,0.1271612,0.0609426,0.1141778,0.0484699,0.1080561,
266,0.0,0.1298116,0.125245,0.0363631,0.0550635,0.062803,0.1404721,0.0347794,0.0980616,
267,0.0,0.1209656,0.0787909,0.0397337,0.0370184,0.057159,0.1473801,0.0365339,0.0850512,
268,0.0,0.0714377,0.0808149,0.0702495,0.0563823,0.0242064,0.1524587,0.0365225,0.0812646,
269,0.0,0.0996689,0.0849078,0.0538327,0.0443691,0.0531535,0.1994076,0.0588778,0.0871839,
270,0.0,0.1262566,0.0774413,0.0866642,0.0580218,0.0650403,0.2196755,0.0804416,0.1189316,
271,0.0,0.1322978,0.0726031,0.0452949,0.0641594,0.0369145,0.1764298,0.0490928,0.0830019,
272,1e-07,0.1065619,0.0720333,0.0707512,0.0489798,0.034181,0.1759238,0.0952873,0.1558781,
273,0.0,0.1410089,0.1020786,0.1278931,0.0717914,0.0592581,0.2275214,0.1542995,0.1565457,
274,0.0,0.1739638,0.1138513,0.1166763,0.03541,0.0493342,0.2418749,0.1468551,0.2358128,
275,0.0,0.1659004,0.1142254,0.0998565,0.1058504,0.0593299,0.1883044,0.1614334,0.2091297,
276,0.0,0.1690539,0.1225525,0.1044512,0.1411203,0.0713113,0.2476793,0.1609087,0.1671351,
277,0.0,0.1426659,0.1259573,0.1021307,0.1088635,0.0671962,0.3343352,0.1421194,0.1423436,
278,0.0,0.1351169,0.1318423,0.0417744,0.1550023,0.1014909,0.3728097,0.2000323,0.1482484,
279,1e-07,0.1731998,0.0846392,0.0118284,0.1115382,0.1263357,0.1717791,0.1151285,0.1590098,
280,1e-07,0.1237701,0.0741028,0.0948679,0.0629049,0.0935701,0.0664802,0.1004877,0.1527888,
281,0.0,0.0867452,0.09813,0.0698105,0.0338023,0.0661083,0.0646445,0.0988873,0.1420086,
282,1e-07,0.1024333,0.0797144,0.0589842,0.0264739,0.0783789,0.0834306,0.1024202,0.1615118,
283,1e-07,0.0708889,0.1399657,0.1205816,0.0353903,0.1156421,0.0935979,0.1137705,0.1071183,
284,0.0,0.0690679,0.0971277,0.0838191,0.0428478,0.1000431,0.0900641,0.0843145,0.1413475,
285,0.0,0.0738984,0.0994712,0.0878156,0.0363965,0.1328019,0.0983504,0.0931863,0.140102,
286,0.0,0.1034329,0.1212199,0.0959837,0.0386267,0.1100977,0.0339319,0.0940504,0.0714699,
287,0.0,0.1028921,0.1102962,0.0819075,0.0471489,0.1212949,0.0165489,0.0487496,0.115927,
288,0.0,0.059098,0.0524839,0.0508707,0.0528157,0.1241222,0.0491592,0.1065939,0.0892032,
289,1e-07,0.058714,0.0397889,0.0411706,0.0592671,0.1299518,0.0155602,0.0575203,0.0682578,
290,0.0,0.0551329,0.0330718,0.0476852,0.0962915,0.0843298,0.0461171,0.0470207,0.051823,
291,0.0,0.0396294,0.0557867,0.0256213,0.0746861,0.0828017,0.0248301,0.0675285,0.0536572,
292,0.0,0.0242152,0.0388516,0.0215273,0.0632621,0.1021037,0.0568142,0.0939478,0.0757083,
293,0.0,0.016956,0.0568979,0.0405311,0.0440942,0.103328,0.041091,0.0728311,0.0909124,
294,0.0,0.0427176,0.064967,0.0413052,0.0526311,0.1592641,0.0491183,0.0934147,0.0805514,
295,0.0,0.0587981,0.0423663,0.0204429,0.0387686,0.0491759,0.0421869,0.1010682,0.0902918,
296,0.0,0.0596049,0.0374633,0.0409356,0.0677174,0.0687626,0.0325611,0.0869822,0.0888115,
297,0.0,0.0448134,0.0576912,0.0374817,0.077269,0.0775651,0.0578075,0.1255851,0.0577516,
298,0.0,0.0415186,0.0477887,0.0515592,0.0956032,0.1206352,0.070741,0.1248681,0.0845419,
299,1e-07,0.0572236,0.0300288,0.0506864,0.0713965,0.0802183,0.0859295,0.0693384,0.0851718,
300,1e-07,0.0640856,0.0357388,0.0384417,0.0473714,0.0556747,0.0796398,0.0891742,0.1247099,
301,1e-07,0.0581818,0.0485613,0.0711179,0.0460118,0.0494098,0.1017811,0.1413812,0.0971698,
302,1e-07,0.1250819,0.1091618,0.0740727,0.0617852,0.0594675,0.0743656,0.1202111,0.0752675,
303,1e-07,0.048535,0.0588183,0.0661005,0.0440682,0.0558415,0.1282927,0.1326054,0.0614193,
304,0.0,0.036749,0.0335081,0.0629282,0.0664153,0.041373,0.1038455,0.1110448,0.0591368,
305,0.0,0.0439601,0.0600008,0.0154268,0.0170054,0.0453132,0.0580425,0.1339176,0.051326,
306,0.0,0.0251642,0.0486739,0.0232095,0.0554369,0.0781869,0.0606372,0.1595027,0.0998019,
307,1e-07,0.0757624,0.0682253,0.031434,0.1003995,0.0608834,0.0743462,0.0401393,0.0884458,
308,1e-07,0.1023923,0.1070469,0.0682123,0.0743101,0.0290874,0.0709219,0.0355914,0.145335,
309,1e-07,0.1001534,0.0735775,0.0418152,0.0315203,0.025721,0.1040142,0.0502092,0.1186367,
310,0.0,0.0570377,0.0519562,0.0375416,0.0579477,0.050442,0.0990435,0.0550932,0.0493325,
311,0.0,0.0480662,0.0565086,0.0386054,0.0482649,0.0714102,0.1298113,0.059386,0.0494812,
312,0.0,0.0254156,0.0529553,0.0512854,0.054439,0.0646442,0.083656,0.0784606,0.0366073,
313,0.0,0.0269306,0.0349501,0.0157168,0.0636501,0.0612103,0.0514294,0.0852683,0.0413449,
314,0.0,0.0218821,0.0116899,0.0571587,0.0329928,0.029392,0.0649805,0.0274485,0.0340919,
315,0.0,0.0470276,0.0415696,0.0410538,0.0386899,0.0759337,0.0604367,0.0471113,0.0409479,
316,0.0,0.0427549,0.0205419,0.0357882,0.0425844,0.0653208,0.0670547,0.0494315,0.0466347,
317,0.0,0.0405221,0.0149375,0.0573008,0.0489715,0.0328749,0.0615137,0.066226,0.0613485,
318,0.0,0.0390498,0.0380214,0.0824534,0.0407786,0.0338209,0.0419043,0.1313976,0.0866503,
319,1e-07,0.0577722,0.0164679,0.0877863,0.0532683,0.0314065,0.082886,0.0724471,0.081416,
320,1e-07,0.0154209,0.039709,0.0189225,0.0699909,0.0214384,0.0885635,0.030002,0.0524399,
321,1e-07,0.0106558,0.1036998,0.0770757,0.0529805,0.0317193,0.0527681,0.0427687,0.0096101,
322,1e-07,0.0293571,0.0218022,0.0300635,0.0245665,0.0132018,0.0677847,0.0231393,0.0411804,
323,1e-07,0.0481827,0.0299489,0.0162308,0.0363748,0.0235783,0.0759536,0.0549549,0.0472394,
324,1e-07,0.0584057,0.0503161,0.0191685,0.0212325,0.0205812,0.0900689,0.0263123,0.0473464,
325,1e-07,0.0545893,0.065642,0.0226145,0.0646826,0.0324159,0.0898427,0.024082,0.0331556,
326,1e-07,0.0574724,0.0799796,0.0330771,0.0785871,0.0271939,0.0591192,0.0510139,0.0235006,
327,2e-07,0.0819886,0.0732101,0.0339651,0.1270927,0.0204548,0.0705305,0.069845,0.0169013,
328,2e-07,0.0874461,0.0645379,0.0228432,0.0960649,0.0238821,0.0815662,0.147405,0.0470695,
329,2e-07,0.0857681,0.1183604,0.0446551,0.1112263,0.0529289,0.058485,0.2572758,0.0695971,
330,2e-07,0.101436,0.1227258,0.0436428,0.1377574,0.0428805,0.1052831,0.1289128,0.0897562,
331,2e-07,0.0574492,0.09264,0.0358176,0.1137404,0.0472035,0.1044724,0.0923752,0.0479339,
332,2e-07,0.0726515,0.0741854,0.0663809,0.1182466,0.0470275,0.096675,0.0833364,0.0319039,
333,1e-07,0.0285215,0.0751837,0.0488171,0.074323,0.0517065,0.0864665,0.0340555,0.0287,
334,1e-07,0.037648,0.0519485,0.0577926,0.0729873,0.0475944,0.0774918,0.0325421,0.0467486,
335,1e-07,0.0352729,0.05062,0.0506662,0.0383465,0.0944358,0.0445719,0.0855534,0.0649895,
336,1e-07,0.0463185,0.0347651,0.045634,0.0366916,0.0448788,0.0481831,0.0449369,0.0305625,
337,1e-07,0.0597069,0.045167,0.0291904,0.0400724,0.0781751,0.0746001,0.0404369,0.0705045,
338,1e-07,0.0328948,0.0634384,0.0574196,0.0496188,0.086988,0.0984302,0.0498425,0.0496952,
339,1e-07,0.0478199,0.0510589,0.0816977,0.0745671,0.1488649,0.1830086,0.0467113,0.1060507,
340,1e-07,0.0535722,0.1036364,0.0606447,0.0365007,0.1140881,0.0697899,0.0618734,0.0673647,
341,1e-07,0.0423456,0.0534184,0.0149888,0.0678465,0.1334581,0.0393907,0.0353823,0.0739102,
342,1e-07,0.062688,0.064816,0.0347298,0.053615,0.0549767,0.0339596,0.0167986,0.0694759,
343,1e-07,0.0439628,0.0668285,0.04303,0.0765277,0.0528385,0.0150974,0.0236182,0.0734284,
344,2e-07,0.0486447,0.0503785,0.0533564,0.0606865,0.0524096,0.0359851,0.0778289,0.0802021,
345,2e-07,0.0330664,0.0381492,0.0396863,0.0769711,0.0375818,0.0380136,0.051381,0.0674642,
346,2e-07,0.0520019,0.0119941,0.016488,0.068863,0.0738553,0.056618,0.0677421,0.0220028,
347,2e-07,0.0246271,0.0294244,0.050622,0.0927372,0.0883924,0.0803313,0.0722423,0.0191707,
348,2e-07,0.0245064,0.0314165,0.0390639,0.0922749,0.0990019,0.0699601,0.0487025,0.0185974,
349,2e-07,0.0748964,0.0247094,0.0401556,0.0873602,0.0963563,0.0955769,0.1248058,0.0438865,
350,2e-07,0.0524381,0.0539974,0.0399637,0.0819521,0.1089996,0.1326788,0.1204962,0.0739566,
351,2e-07,0.0944504,0.0893537,0.0889721,0.0710162,0.0985305,0.0920778,0.2165982,0.1211557,
352,2e-07,0.1024343,0.0912513,0.1167912,0.1189022,0.1013157,0.1287251,0.3055605,0.1646657,
353,2e-07,0.061278,0.1100786,0.1128544,0.1729761,0.1267449,0.0856897,0.3088259,0.212457,
354,2e-07,0.0509474,0.0518966,0.0476082,0.1299237,0.1537706,0.07453,0.0735171,0.1126649,
355,2e-07,0.0428309,0.0540144,0.1010477,0.1413367,0.1173038,0.096799,0.0536544,0.0913526,
356,2e-07,0.0432555,0.0674012,0.1221436,0.1682053,0.1774804,0.0291966,0.0911727,0.157731,
357,2e-07,0.0506358,0.0841905,0.1149924,0.1601213,0.225026,0.1179113,0.1126298,0.2567316,
358,2e-07,0.0980335,0.0875497,0.1436309,0.1047269,0.0934991,0.1818193,0.1256363,0.1305159,
359,2e-07,0.0851959,0.0836308,0.0218234,0.1107404,0.1460641,0.1767181,0.1299262,0.1196345,
360,2e-07,0.0730814,0.0417265,0.0909113,0.1071698,0.1078325,0.148029,0.0524549,0.0893288,
361,2e-07,0.0638094,0.0282218,0.1122023,0.1624346,0.1145298,0.1842552,0.0620728,0.1289624,
362,2e-07,0.1075699,0.0437692,0.1499741,0.2107739,0.0976082,0.2290542,0.1244924,0.1818175,
363,2e-07,0.0643258,0.0447808,0.0595883,0.2137711,0.1217493,0.1818527,0.0664388,0.1601892,
364,2e-07,0.0803574,0.0450036,0.0364091,0.1608579,0.133497,0.1318025,0.1000252,0.1613316,
365,2e-07,0.1300514,0.0154865,0.065858,0.2053368,0.1388049,0.0862711,0.1565639,0.2253035,
366,2e-07,0.0885252,0.0433893,0.0433706,0.2342519,0.1127218,0.1556472,0.2695971,0.2400253,
367,2e-07,0.1062874,0.050845,0.0543748,0.2555757,0.1274559,0.1509315,0.1484656,0.1695154,
368,2e-07,0.1000711,0.1140905,0.0822881,0.2271174,0.165493,0.1633939,0.1553798,0.1326691,
369,2e-07,0.0957528,0.0794135,0.0829872,0.1609293,0.1492403,0.1651291,0.1817149,0.0770359,
370,2e-07,0.0871861,0.0544595,0.0938862,0.1158375,0.1367682,0.1355117,0.1360485,0.0398489,
371,2e-07,0.0908728,0.0488468,0.1037952,0.1871516,0.0707443,0.0548675,0.0530993,0.0322752,
372,2e-07,0.0939327,0.0867421,0.0421955,0.071865,0.0466697,0.0530064,0.0788164,0.0552262,
373,2e-07,0.0840918,0.090479,0.0475427,0.0795211,0.0437825,0.0537674,0.0743483,0.046424,
374,1e-07,0.0922633,0.0792427,0.0417931,0.0425129,0.056345,0.0541962,0.0589006,0.0254048,
375,1e-07,0.095319,0.0922601,0.0486274,0.069389,0.0624674,0.0929879,0.0528138,0.083507,
376,1e-07,0.0861208,0.0911982,0.0255018,0.0673379,0.0911298,0.1461408,0.037738,0.0755598,
377,1e-07,0.1001299,0.2790096,0.0735499,0.1514942,0.1575864,0.1404638,0.0947453,0.101742,
378,1e-07,0.0925032,0.1889766,0.0891266,0.0588837,0.1712476,0.1651236,0.0382047,0.3902594,
379,1e-07,0.1320594,0.1518528,0.0594621,0.0178534,0.1764714,0.2283016,0.0872573,0.4637712,
380,1e-07,0.1390159,0.090586,0.0422291,0.0934217,0.1273374,0.0800894,0.1306227,0.3695408,
381,1e-07,0.0959539,0.0926296,0.0486641,0.0824914,0.0764316,0.0647626,0.0722341,0.1546087,
382,2e-07,0.1003031,0.0907515,0.0489538,0.0802564,0.1257047,0.1350144,0.0537306,0.1770829,
383,2e-07,0.0705941,0.0831415,0.0184913,0.0847824,0.1001263,0.0684815,0.0643187,0.1158495,
384,2e-07,0.0717323,0.1062706,0.0278158,0.0932096,0.0950755,0.0336667,0.019465,0.0623827,
385,2e-07,0.0937604,0.0857181,0.0570475,0.089906,0.1068123,0.0284783,0.0565885,0.0590808,
386,2e-07,0.0276811,0.0731242,0.0446125,0.102028,0.0579446,0.0292755,0.0296386,0.0476794,
387,2e-07,0.0407208,0.0842178,0.0138299,0.0816589,0.0575736,0.0461359,0.0536803,0.0278141,
388,2e-07,0.0888238,0.0853485,0.0241822,0.0816156,0.0581776,0.089946,0.0579984,0.0250891,
389,2e-07,0.0747248,0.0394264,0.0417565,0.0652251,0.0863822,0.0872836,0.0680456,0.1063019,
390,2e-07,0.0276371,0.0501624,0.0499349,0.0942186,0.0931169,0.1394856,0.0661218,0.0445763,
391,2e-07,0.0453011,0.0195615,0.0687731,0.0863085,0.0732866,0.0720569,0.0827481,0.0395409,
392,2e-07,0.0592683,0.0323332,0.0575022,0.0619192,0.0409739,0.0566113,0.114168,0.0959849,
393,2e-07,0.0660198,0.0280683,0.0658317,0.0513323,0.0714506,0.0685748,0.0760236,0.0767184,
394,2e-07,0.0739706,0.0574403,0.0380821,0.0881863,0.0417015,0.0510586,0.0952697,0.0687132,
395,2e-07,0.0372946,0.0543561,0.0312246,0.0575524,0.0672981,0.0369051,0.0142762,0.0390401,
396,2e-07,0.0516485,0.0863868,0.0388678,0.0579919,0.1018709,0.0427767,0.0705951,0.0766799,
397,1e-07,0.0664244,0.0938251,0.0414569,0.072517,0.1274178,0.0847936,0.0969337,0.0890814,
398,1e-07,0.0866949,0.1005526,0.0561422,0.0799181,0.1134267,0.1579739,0.0357613,0.13569,
399,1e-07,0.0692782,0.1005243,0.0773293,0.0700641,0.1507658,0.219033,0.0189344,0.0597894,
400,1e-07,0.0704569,0.0936945,0.0784579,0.0708215,0.1418094,0.1654059,0.0344956,0.073568,
401,1e-07,0.0725883,0.0727235,0.0361786,0.0386687,0.0844886,0.1128977,0.0303096,0.0303649,
402,1e-07,0.1439617,0.117171,0.1250931,0.1260125,0.0659648,0.2911283,0.0705106,0.038821,
403,1e-07,0.1382691,0.1695334,0.1392495,0.0691625,0.0278342,0.1362058,0.0770259,0.0459187,
404,1e-07,0.1049409,0.0598414,0.0755197,0.0707283,0.0482617,0.1197286,0.0458953,0.0707081,
405,1e-07,0.0996699,0.0769659,0.0594244,0.0693723,0.0399037,0.1000905,0.0462058,0.035838,
406,1e-07,0.0845651,0.0532042,0.0609469,0.0558993,0.0737273,0.1101787,0.0439309,0.0196724,
407,0.0,0.0810337,0.0840811,0.0647438,0.0444237,0.0396512,0.0635282,0.0578994,0.0166958,
408,1e-07,0.086135,0.0738348,0.0516584,0.0590633,0.0318919,0.063843,0.0365814,0.0370961,
409,1e-07,0.0516947,0.0822237,0.0640593,0.0848032,0.0454325,0.0343434,0.0666307,0.0715103,
410,1e-07,0.0732604,0.0776892,0.0589905,0.0454783,0.0675013,0.0675672,0.0573435,0.0394612,
411,1e-07,0.0784794,0.0814656,0.0591592,0.0410505,0.0839505,0.1396265,0.0516871,0.0626803,
412,1e-07,0.1087528,0.0646662,0.0213365,0.0761412,0.1104862,0.1585965,0.0487921,0.0480214,
413,1e-07,0.1297339,0.0644102,0.0981309,0.1089639,0.1420633,0.107724,0.0659869,0.029697,
414,1e-07,0.1005901,0.0522166,0.0675389,0.0655244,0.0707043,0.0838647,0.099062,0.0560098,
415,1e-07,0.0716447,0.0658079,0.0601805,0.0626411,0.0698676,0.0648896,0.0798717,0.0525646,
416,0.0,0.013915,0.0554159,0.036179,0.0320832,0.0703325,0.0530565,0.0634325,0.0701169,
417,1e-07,0.0768828,0.0275332,0.0209685,0.0228472,0.0786371,0.0721243,0.0725765,0.0634917,
418,1e-07,0.0643393,0.0202475,0.0175216,0.0488826,0.0265704,0.0463467,0.0687226,0.0257688,
419,1e-07,0.039639,0.0209041,0.0182198,0.0420282,0.0362339,0.0546992,0.0687111,0.04632,
420,1e-07,0.0525142,0.0266466,0.0193019,0.0441686,0.0335393,0.0561771,0.0607106,0.0354348,
421,1e-07,0.0555322,0.034768,0.0076211,0.0385894,0.028092,0.0774889,0.0589891,0.0735871,
422,1e-07,0.0180185,0.0311348,0.0222499,0.0398884,0.0388547,0.1032344,0.0658481,0.0642899,
423,1e-07,0.0180437,0.0322838,0.0449195,0.0440653,0.0433114,0.0962616,0.066402,0.0785548,
424,1e-07,0.0489726,0.0299827,0.0230017,0.0765272,0.0647689,0.0959627,0.0629455,0.0947433,
425,1e-07,0.0476814,0.0301395,0.0187732,0.0963861,0.0299274,0.113439,0.0738607,0.1458477,
426,1e-07,0.0564759,0.0366486,0.0511114,0.0628709,0.0459838,0.0564642,0.0759505,0.1158597,
427,1e-07,0.0783276,0.089537,0.0395572,0.0569481,0.0595451,0.102673,0.0751613,0.0770362,
428,1e-07,0.0519667,0.0740179,0.0530122,0.025616,0.0446669,0.0935926,0.0488849,0.0307471,
429,0.0,0.0540697,0.0741366,0.0340685,0.0348552,0.0532015,0.0815296,0.0567057,0.032513,
430,0.0,0.0461285,0.0225373,0.0421389,0.0086312,0.0401002,0.070695,0.0467018,0.0416307,
431,0.0,0.0350351,0.0282983,0.0149449,0.0191062,0.0345837,0.0689798,0.0599982,0.0347676,
432,0.0,0.0675374,0.0276338,0.0297567,0.0193369,0.0407183,0.0464008,0.0595253,0.0456174,
433,0.0,0.0254797,0.016175,0.0409145,0.0235329,0.0629632,0.039243,0.1023604,0.0457907,
434,1e-07,0.0457826,0.0128142,0.04254,0.0346109,0.0310963,0.0425668,0.0780684,0.0379519,
435,0.0,0.0438819,0.0707949,0.0261042,0.0414252,0.062287,0.0826187,0.0844125,0.0679996,
436,1e-07,0.0164871,0.0461615,0.0243997,0.0340185,0.0554854,0.0957525,0.0757345,0.0292337,
437,1e-07,0.0234888,0.0215374,0.0704917,0.0568561,0.0353836,0.0764642,0.0387816,0.0467706,
438,1e-07,0.0198088,0.0319465,0.083639,0.0242844,0.0490875,0.0913972,0.0388712,0.0513438,
439,0.0,0.0235726,0.0409053,0.0712571,0.0318527,0.0661651,0.0721769,0.0710198,0.0189615,
440,1e-07,0.0256538,0.0244437,0.0878006,0.0130451,0.0676966,0.0326029,0.0878346,0.0388843,
441,1e-07,0.03373,0.0344624,0.016252,0.0448392,0.0655354,0.0448923,0.0737413,0.0434492,
442,1e-07,0.0363744,0.0537895,0.0394655,0.0500395,0.0470032,0.0257328,0.0677767,0.0721011,
443,1e-07,0.0510752,0.0948407,0.0338872,0.063051,0.1201564,0.0998966,0.0677256,0.0997824,
444,1e-07,0.0502175,0.0541896,0.0734367,0.0906718,0.0813863,0.0980245,0.031857,0.0846354,
445,1e-07,0.0446102,0.0172661,0.0429072,0.1041237,0.0660182,0.0995001,0.0575056,0.0567377,
446,1e-07,0.0466313,0.0548932,0.0511832,0.0366594,0.0467573,0.086201,0.0691704,0.114673,
447,1e-07,0.0609576,0.0274034,0.0828901,0.1064227,0.0221173,0.0834423,0.1072526,0.1165304,
448,1e-07,0.0542051,0.0741305,0.0583818,0.1017319,0.053419,0.0998138,0.1027742,0.1198631,
449,1e-07,0.0243366,0.0488508,0.0459449,0.1142823,0.0373754,0.1206971,0.0553872,0.0887823,
450,1e-07,0.0225934,0.0555463,0.0604144,0.0862763,0.0559805,0.1072189,0.0390851,0.0534613,
451,1e-07,0.0367676,0.0701238,0.0783201,0.0503441,0.0492354,0.0312611,0.0389514,0.0338101,
452,1e-07,0.0443032,0.0407324,0.0670704,0.0456811,0.0341226,0.04117,0.0272874,0.0237222,
453,1e-07,0.0137444,0.0450749,0.0755586,0.0521423,0.0451917,0.0461049,0.0175411,0.0243041,
454,1e-07,0.0226793,0.0484415,0.0625791,0.021798,0.0548092,0.0700912,0.0317125,0.0513114,
455,1e-07,0.0492681,0.0254116,0.0797732,0.0425465,0.050372,0.0994883,0.0573287,0.0582624,
456,1e-07,0.0492162,0.0525296,0.0301437,0.0131377,0.0049987,0.0542911,0.022718,0.0490816,
457,1e-07,0.0601392,0.04369,0.0227874,0.0733736,0.036258,0.0629697,0.0258115,0.0580343,
458,0.0,0.0616845,0.0405995,0.0173724,0.0464698,0.0632874,0.0614238,0.0398201,0.0553783,
459,0.0,0.096767,0.0548381,0.0260278,0.1274172,0.1158894,0.0704695,0.0804193,0.0517486,
460,0.0,0.0999747,0.1105326,0.0394389,0.1618253,0.1647973,0.0369363,0.1435006,0.022979,
461,0.0,0.0977294,0.1061423,0.0888445,0.1611948,0.1652686,0.0558231,0.0937721,0.0401454,
462,0.0,0.1049887,0.0871014,0.0374272,0.1022425,0.0906811,0.0679777,0.1167689,0.0308915,
463,1e-07,0.0685963,0.0670031,0.0315756,0.0753049,0.0836284,0.0624704,0.0534714,0.0314281,
464,0.0,0.0602328,0.0336763,0.065213,0.0422662,0.0854063,0.06421,0.025034,0.056246,
465,1e-07,0.0564232,0.0399014,0.056519,0.0157329,0.0327889,0.047734,0.0200935,0.065406,
466,1e-07,0.0295941,0.0263145,0.0535258,0.0364371,0.0421228,0.0621099,0.0364444,0.0276386,
467,1e-07,0.0296121,0.0113913,0.0564163,0.0331868,0.0606314,0.0690582,0.0280532,0.0331787,
468,1e-07,0.0284427,0.0718633,0.0352244,0.0229177,0.0719742,0.0542799,0.0272559,0.0233596,
469,1e-07,0.0248466,0.0466192,0.0261827,0.0567864,0.064161,0.0598327,0.0260404,0.0326621,
470,2e-07,0.0410663,0.0644629,0.0272999,0.0366886,0.0235632,0.047112,0.0320062,0.0461443,
471,2e-07,0.0307506,0.057981,0.0471309,0.0311064,0.0583141,0.0229627,0.0311296,0.0129556,
472,2e-07,0.0375997,0.032317,0.0624766,0.0632992,0.0682742,0.0266223,0.0334853,0.0669732,
473,2e-07,0.0399358,0.0449212,0.0616582,0.0952566,0.0698416,0.0597772,0.0354459,0.0700961,
474,2e-07,0.0392313,0.057777,0.1851703,0.1205973,0.0753352,0.0845066,0.1294161,0.172106,
475,1e-07,0.0800816,0.0529077,0.065855,0.0746537,0.0569657,0.0990925,0.0606631,0.1840672,
476,1e-07,0.0815263,0.0458502,0.0888619,0.0749635,0.0980089,0.07134,0.0725804,0.094441,
477,1e-07,0.0270224,0.0704865,0.0247378,0.0258341,0.0845522,0.082031,0.0097311,0.0481004,
478,1e-07,0.0374864,0.0854818,0.0154691,0.0375682,0.067621,0.0781247,0.0292716,0.0163177,
479,1e-07,0.0322366,0.0544306,0.0174843,0.0258676,0.0729487,0.0248319,0.0286748,0.0289846,
480,2e-07,0.0537724,0.046484,0.028023,0.0794575,0.0904237,0.0529054,0.0940068,0.0109157,
481,2e-07,0.0384527,0.0259146,0.0297603,0.0177485,0.0778973,0.0497171,0.0502994,0.0138865,
482,1e-07,0.0613065,0.051082,0.0281805,0.0462358,0.0839032,0.0468312,0.070699,0.0433433,
483,1e-07,0.0844701,0.0493208,0.0192189,0.0520668,0.0697186,0.0456161,0.103228,0.0217372,
484,2e-07,0.0574542,0.0788975,0.1149644,0.0650946,0.1254843,0.032314,0.1673786,0.0521542,
485,2e-07,0.023666,0.062601,0.117012,0.027486,0.1187632,0.0369788,0.1140391,0.0637742,
486,2e-07,0.0381537,0.0640391,0.0162066,0.0381584,0.0564824,0.0744469,0.0341685,0.0577404,
487,2e-07,0.0585548,0.0827456,0.0239615,0.0686282,0.0663858,0.0624124,0.0375203,0.0340095,
488,2e-07,0.0436044,0.0577651,0.0425483,0.0665284,0.0732567,0.0550475,0.0226626,0.0402779,
489,2e-07,0.0334302,0.0241968,0.0596908,0.0895362,0.120008,0.0292248,0.0318394,0.0295494,
490,2e-07,0.0245352,0.1023329,0.0895276,0.14837,0.0743062,0.0649809,0.0449103,0.0070073,
491,2e-07,0.0948118,0.110701,0.1334277,0.0898652,0.0534887,0.0598708,0.0261521,0.0520556,
492,2e-07,0.0927727,0.0919397,0.1599488,0.0582816,0.069359,0.0633978,0.0465825,0.1098845,
493,2e-07,0.0594468,0.0801622,0.1064452,0.0735434,0.0633226,0.0481354,0.0421952,0.1100884,
494,2e-07,0.0508086,0.0710748,0.205069,0.0962993,0.074647,0.0411895,0.0130605,0.1461296,
495,2e-07,0.0468155,0.0765948,0.2544749,0.1378361,0.1307711,0.0815902,0.0497481,0.1323444,
496,2e-07,0.0924338,0.1103579,0.3168854,0.1122336,0.0942057,0.1111531,0.0668593,0.1481076,
497,2e-07,0.0837626,0.0803228,0.313833,0.0690434,0.1207222,0.164336,0.1467735,0.1950923,
498,2e-07,0.0599767,0.0979467,0.2252448,0.0848133,0.1157765,0.0573004,0.0722926,0.0865559,
499,2e-07,0.0762546,0.0695718,0.0825215,0.0755024,0.088902,0.0483445,0.0850287,0.1137648,
500,2e-07,0.1607893,0.0559215,0.150283,0.0375015,0.0581787,0.0148716,0.0314549,0.0897458,
501,2e-07,0.1519321,0.0540474,0.0901751,0.0514508,0.0176848,0.0453128,0.0348865,0.0334723,
502,0.0,0.0830327,0.0695294,0.0704044,0.029354,0.0429071,0.0481702,0.0597984,0.082806,
503,1e-07,0.035953,0.0643997,0.0472769,0.0591269,0.0446517,0.0309631,0.0354972,0.050276,
504,1e-07,0.0326367,0.0365107,0.0752537,0.0586258,0.058626,0.0768598,0.0522132,0.045613,
505,0.0,0.031102,0.0494745,0.0322703,0.0419008,0.0630157,0.078895,0.0656116,0.0871818,
506,0.0,0.0185372,0.0360922,0.0354705,0.0323307,0.0414998,0.0947028,0.055631,0.1216003,
507,1e-07,0.0414028,0.0268971,0.0365634,0.0506825,0.0593087,0.108486,0.0483317,0.0928787,
508,1e-07,0.024304,0.0582894,0.0318635,0.0434048,0.0696257,0.1103633,0.0497144,0.084008,
509,0.0,0.0298877,0.0361038,0.0342442,0.0461388,0.0424171,0.0877256,0.0340333,0.1011236,
510,0.0,0.0292163,0.0431304,0.0282877,0.0503923,0.0444426,0.1041077,0.0593484,0.1068565,
511,0.0,0.0395005,0.039602,0.0320293,0.0491729,0.0507452,0.0912009,0.0318264,0.112005,
512,0.0,0.038365,0.0379279,0.0214689,0.04287,0.0221043,0.0696762,0.0376164,0.0940173,
513,0.0,0.0427915,0.0410071,0.0281037,0.0410145,0.0294605,0.0965639,0.0127677,0.1017635,
514,0.0,0.0561251,0.0570888,0.0194479,0.0362134,0.0501061,0.0998684,0.0170678,0.1145519,
515,0.0,0.0230906,0.0577118,0.0083984,0.060377,0.0641723,0.0803429,0.0508876,0.101434,
516,0.0,0.0406022,0.0790326,0.0209834,0.0531738,0.0422917,0.0735355,0.0753046,0.0911034,
517,1e-07,0.0449379,0.1126322,0.0322085,0.0180374,0.0390883,0.1148531,0.0492037,0.1095281,
518,1e-07,0.0516471,0.1461417,0.0451698,0.0357558,0.0323999,0.1482906,0.0816409,0.1025312,
519,1e-07,0.0406734,0.1136066,0.0465921,0.0371924,0.05467,0.1417453,0.1353169,0.1095596,
520,1e-07,0.0673816,0.0952137,0.0673775,0.0647027,0.0243702,0.1519205,0.1116673,0.0935101,
521,1e-07,0.054496,0.1144348,0.0323952,0.0449935,0.0972243,0.2495744,0.0860909,0.2658995,
522,1e-07,0.0517208,0.1285532,0.0344141,0.0214623,0.107138,0.1423735,0.0959583,0.1695208,
523,1e-07,0.0543581,0.1222657,0.0439261,0.0387574,0.1141818,0.1858709,0.0854012,0.1786566,
524,1e-07,0.0526197,0.1606523,0.0316837,0.0343048,0.1171488,0.1759592,0.1348358,0.1838655,
525,1e-07,0.0646654,0.0684201,0.037282,0.0210549,0.1464763,0.1303058,0.1259427,0.1668523,
526,1e-07,0.0468185,0.0915097,0.0710941,0.0560177,0.1703784,0.1541125,0.1024943,0.1707494,
527,1e-07,0.07382,0.0746744,0.1390532,0.037171,0.1766473,0.1393449,0.1827434,0.1645041,
528,1e-07,0.0836135,0.0870538,0.2179475,0.0677891,0.1837553,0.2012704,0.1381926,0.3097656,
529,0.0,0.0578892,0.0941913,0.1328894,0.0876849,0.1552071,0.1972878,0.0975428,0.0668003,
530,0.0,0.0553489,0.0910541,0.0505686,0.0376039,0.1204862,0.1634873,0.0634786,0.0361362,
531,0.0,0.0627053,0.053892,0.0501935,0.0657827,0.0432852,0.149709,0.0749182,0.0393666,
532,1e-07,0.1223373,0.0925584,0.0894948,0.0703662,0.0332451,0.1361267,0.0961958,0.1002537,
533,0.0,0.1253672,0.0986482,0.0540569,0.1037365,0.044771,0.1039366,0.1032922,0.1139323,
534,1e-07,0.1481631,0.0873715,0.083092,0.0987596,0.0180269,0.1143389,0.0776774,0.1008581,
535,0.0,0.1178929,0.0791317,0.0947559,0.0399362,0.0187814,0.1067704,0.0985439,0.0844768,
536,0.0,0.0677125,0.0951794,0.0530323,0.0445629,0.0254567,0.1058126,0.086738,0.0714217,
537,1e-07,0.0975388,0.0921354,0.0621963,0.0914887,0.0737998,0.0843711,0.1255081,0.0829838,
538,1e-07,0.1072263,0.0392954,0.0507167,0.1076672,0.1352131,0.13337,0.1734536,0.1281213,
539,1e-07,0.1053394,0.0456546,0.0547494,0.0683189,0.0906842,0.130649,0.127696,0.1061941,
540,1e-07,0.0635022,0.0965604,0.0898502,0.0566231,0.0816772,0.0791725,0.0465505,0.0333297,
541,1e-07,0.0904722,0.061666,0.1033369,0.1224276,0.2025814,0.0791301,0.1254157,0.0311766,
542,1e-07,0.1435561,0.1137746,0.0578104,0.1031058,0.2431286,0.0216172,0.1339751,0.0539962,
543,0.0,0.1035137,0.0744371,0.0493785,0.0806052,0.1657406,0.0876394,0.120219,0.0415775,
544,1e-07,0.0802546,0.049674,0.0432285,0.0783381,0.0964524,0.0446289,0.0835168,0.0279209,
545,0.0,0.0922792,0.0457535,0.023436,0.0569234,0.0841746,0.0568998,0.0708876,0.0226219,
546,1e-07,0.0899251,0.0280329,0.0363797,0.0524932,0.0674834,0.0658496,0.0586898,0.0658746,
547,1e-07,0.0566366,0.0415966,0.037231,0.0881671,0.067606,0.1047469,0.0581224,0.0652545,
548,1e-07,0.0468759,0.0296457,0.0346086,0.0500198,0.0514629,0.1621473,0.0498271,0.0869939,
549,1e-07,0.0964092,0.0696261,0.0304438,0.0918692,0.0727761,0.2435482,0.0431511,0.1171006,
550,1e-07,0.1027838,0.0493033,0.0688556,0.0939385,0.0905523,0.1798565,0.0698054,0.161425,
551,1e-07,0.1120237,0.1357687,0.0642965,0.1334155,0.0546389,0.1439437,0.0696778,0.1810355,
552,0.0,0.0597963,0.1453494,0.0631231,0.173721,0.0538535,0.1769589,0.0719362,0.1299694,
553,1e-07,0.092251,0.1330207,0.0628656,0.1706901,0.0420259,0.1715664,0.0933596,0.1387786,
554,0.0,0.080667,0.124013,0.0879847,0.1520656,0.0847827,0.1397675,0.1006066,0.1411765,
555,1e-07,0.0853488,0.1520788,0.0983427,0.1033178,0.0811714,0.0384196,0.1231773,0.1436631,
556,0.0,0.0539816,0.0887396,0.0982836,0.0743539,0.0736736,0.0376465,0.1328465,0.1206756,
557,0.0,0.0515229,0.1033983,0.0919261,0.0697494,0.0776151,0.1253951,0.2075516,0.1274129,
558,0.0,0.0703617,0.1618687,0.0762491,0.096204,0.1445078,0.1764814,0.1708028,0.1172669,
559,0.0,0.060097,0.1067223,0.0586418,0.0751035,0.0623455,0.1627669,0.1253107,0.1262716,
560,0.0,0.0741591,0.1119667,0.0532926,0.0425285,0.063651,0.131843,0.1199771,0.0825193,
561,0.0,0.0856517,0.224328,0.0284765,0.1065117,0.1437704,0.1991756,0.0361139,0.1212293,
562,0.0,0.0989872,0.2227245,0.0358779,0.0793848,0.1039549,0.2053321,0.0217279,0.1160893,
563,1e-07,0.0538061,0.1593422,0.0548442,0.0574041,0.0486883,0.1825458,0.0661961,0.1184628,
564,1e-07,0.0538028,0.1429139,0.069619,0.060519,0.0664718,0.246945,0.0584039,0.0964749,
565,0.0,0.0446579,0.0871178,0.0325414,0.0846692,0.054232,0.1677027,0.0922378,0.0587107,
566,0.0,0.0698516,0.0822382,0.0230393,0.0901859,0.0841637,0.159847,0.1134175,0.0516501,
567,0.0,0.0857816,0.0677292,0.0341503,0.0910187,0.0469392,0.1139844,0.0887172,0.0605011,
568,0.0,0.081382,0.0591535,0.0361654,0.070089,0.0761799,0.1396704,0.0822554,0.04116,
569,0.0,0.0317198,0.0386679,0.0424009,0.0789667,0.1246709,0.136282,0.09845,0.0499308,
570,0.0,0.0204817,0.0349055,0.0357155,0.0708594,0.0947935,0.1198789,0.0843449,0.0527648,
571,0.0,0.0659472,0.0388969,0.020958,0.0838818,0.0613581,0.1240494,0.0759557,0.0428715,
572,0.0,0.0229377,0.0422659,0.0267268,0.0322772,0.0915033,0.1181874,0.0985669,0.050958,
573,0.0,0.0362461,0.0433735,0.0324962,0.0423868,0.1265281,0.1244761,0.0730431,0.0934237,
574,0.0,0.0712301,0.044074,0.0279384,0.0547755,0.0981684,0.1037304,0.0692037,0.0776527,
575,0.0,0.0497469,0.0335287,0.0353488,0.054795,0.1255484,0.1568715,0.105532,0.0568358,
576,0.0,0.0393653,0.0111255,0.0548515,0.0569017,0.1286243,0.147963,0.0596997,0.0896303,
577,0.0,0.0516418,0.0573866,0.0642579,0.0350822,0.1619957,0.1383832,0.0667209,0.0776577,
578,0.0,0.0450369,0.0532732,0.0355593,0.0489111,0.1464677,0.1161299,0.1046932,0.0893076,
579,0.0,0.0376936,0.0966864,0.0487518,0.0487096,0.1612204,0.2467651,0.1982492,0.0784901,
580,0.0,0.0697027,0.1033736,0.1590489,0.072643,0.1600137,0.277094,0.2701752,0.0980509,
581,0.0,0.0825574,0.1421149,0.2168118,0.1107603,0.1103767,0.2773557,0.2752477,0.0936514,
582,0.0,0.0793439,0.1528164,0.1331331,0.1214047,0.0437277,0.2865916,0.1939767,0.0791943,
583,1e-07,0.1120554,0.116795,0.1662912,0.2242857,0.0556417,0.2234295,0.227148,0.1708632,
584,1e-07,0.1102042,0.1715045,0.113341,0.2307657,0.0475347,0.3492817,0.0981023,0.1758116,
585,1e-07,0.0663243,0.1270663,0.064725,0.1793565,0.0616329,0.1974265,0.1597933,0.1375279,
586,1e-07,0.0851067,0.1350355,0.1057105,0.0982397,0.1011196,0.1397783,0.1564323,0.1476628,
587,1e-07,0.0754873,0.1072132,0.0557734,0.0193119,0.0443777,0.1471142,0.1453298,0.1057639,
588,1e-07,0.0832929,0.1246673,0.0340408,0.0454889,0.0923942,0.1352592,0.1327443,0.1364669,
589,1e-07,0.100938,0.160115,0.0738699,0.0202785,0.0914092,0.2031073,0.226963,0.1512679,
590,1e-07,0.1043635,0.1412555,0.0672891,0.0347271,0.0840362,0.1324376,0.1511442,0.1547119,
591,1e-07,0.0915544,0.1306148,0.0285197,0.0711377,0.1298158,0.1498123,0.1738714,0.1167875,
592,0.0,0.0667166,0.0597023,0.0455783,0.0807508,0.1212531,0.1374543,0.1583227,0.0947787,
593,0.0,0.0782379,0.063319,0.0116719,0.0650718,0.0687467,0.0849954,0.1141,0.1126662,
594,0.0,0.0732122,0.0630147,0.0252955,0.0689595,0.0429513,0.0503557,0.1624614,0.0794027,
595,0.0,0.0343577,0.0567871,0.0332255,0.0417471,0.0512595,0.0461146,0.0761877,0.0698813,
596,0.0,0.0429175,0.0791764,0.0511176,0.0281958,0.068219,0.0372288,0.0343425,0.0446062,
597,0.0,0.0456125,0.0425475,0.0453728,0.0305034,0.0950201,0.0656208,0.0315832,0.0441714,
598,0.0,0.0434408,0.0719817,0.043138,0.0381697,0.0344644,0.0628915,0.0738853,0.055256,
599,0.0,0.0392199,0.0895537,0.0395507,0.066577,0.0373553,0.0353197,0.0667549,0.0809698,
600,0.0,0.0590421,0.1495668,0.025953,0.0721392,0.0620623,0.0316021,0.0196811,0.0490138,
601,0.0,0.0494609,0.0548242,0.0397969,0.0386776,0.084306,0.0470238,0.0351271,0.0920252,
602,0.0,0.0552965,0.0505899,0.0385207,0.0241514,0.0435215,0.0410514,0.0410627,0.1430832,
603,0.0,0.0086718,0.0765112,0.0538001,0.0391962,0.0344197,0.0478333,0.0450858,0.1270577,
604,0.0,0.0340057,0.0577179,0.0458118,0.0381838,0.0865972,0.0430379,0.100408,0.0762643,
605,0.0,0.0326422,0.1235891,0.0229669,0.0319721,0.0490346,0.0834917,0.122372,0.0627407,
606,1e-07,0.03954,0.1312577,0.0670583,0.0552423,0.0892029,0.1048819,0.1605845,0.0733748,
607,1e-07,0.0631198,0.0572361,0.0732921,0.138594,0.1321363,0.1232943,0.1309394,0.1118247,
608,1e-07,0.0739859,0.0489365,0.0896443,0.109096,0.1501013,0.1782832,0.0678511,0.0539506,
609,0.0,0.0503233,0.0496057,0.0594816,0.0202785,0.072033,0.0684866,0.0831466,0.0656811,
610,0.0,0.0317865,0.0714829,0.0567244,0.0121482,0.0431086,0.082469,0.0694693,0.0503382,
611,0.0,0.0146105,0.0712882,0.0759188,0.065082,0.0431392,0.089118,0.0678739,0.0305263,
612,0.0,0.0749111,0.1568479,0.1653704,0.1048349,0.0580522,0.0801251,0.0626549,0.1020691,
