#Time_ps,0,10,20,30,50,100,300,500,1000,
1,0.0,0.0578143,0.0714254,0.0582172,0.0582292,0.0628861,0.028974,0.0548029,0.090254,
2,0.0,0.0715797,0.0239892,0.0512548,0.0704037,0.0630685,0.0298154,0.0298952,0.1341824,
3,0.0,0.061307,0.0223982,0.0270317,0.0632265,0.0757276,0.0480266,0.0522414,0.0557658,
4,0.0,0.0500214,0.0292256,0.0587738,0.0327158,0.0559937,0.01573,0.042036,0.0746025,
5,0.0,0.0325077,0.0351022,0.0260815,0.0193897,0.0786067,0.0406001,0.0366398,0.0648538,
6,0.0,0.0471255,0.0381991,0.0390349,0.0406772,0.0754729,0.0472692,0.0788083,0.0793467,
7,0.0,0.047207,0.0237554,0.0848755,0.0338835,0.0412845,0.0337431,0.060434,0.0753731,
8,0.0,0.0293399,0.0251853,0.0933493,0.0373151,0.0228767,0.0450292,0.0410363,0.0297476,
9,0.0,0.021038,0.0186362,0.0846872,0.0416655,0.0671244,0.0387274,0.0587668,0.0546571,
10,0.0,0.0138295,0.042979,0.1122343,0.027075,0.0869149,0.0162115,0.0349072,0.0593802,
11,0.0,0.0196999,0.042286,0.1869601,0.0557345,0.1366777,0.0629174,0.034212,0.041075,
12,0.0,0.0587154,0.0695663,0.1597735,0.064675,0.1113983,0.0593457,0.0449287,0.0440006,
13,0.0,0.0145412,0.0911908,0.0956577,0.0410632,0.1445843,0.0940411,0.0994848,0.0346697,
14,0.0,0.0334656,0.0848388,0.1071099,0.0489125,0.2050349,0.1425284,0.1759243,0.057231,
15,0.0,0.0516654,0.0660423,0.0804275,0.0142904,0.1545254,0.0260136,0.1003582,0.0659694,
16,0.0,0.0503273,0.0547958,0.0792374,0.0304213,0.0787059,0.0544236,0.1139946,0.0445065,
17,0.0,0.0634606,0.0411512,0.0332494,0.0701427,0.088329,0.0791051,0.1500625,0.075099,
18,0.0,0.0293183,0.0385683,0.0431621,0.0698384,0.0609961,0.0686103,0.136853,0.067289,
19,0.0,0.0483611,0.0544659,0.0524977,0.0476624,0.031168,0.0456196,0.1384346,0.1095729,
20,0.0,0.0859075,0.0517004,0.0528831,0.0100836,0.0351596,0.0531627,0.0991844,0.0662832,
21,0.0,0.0824855,0.0308795,0.1000353,0.0397577,0.0646769,0.0394946,0.0935764,0.0399005,
22,0.0,0.1247605,0.04296,0.112177,0.1195571,0.0662975,0.0724035,0.0849175,0.0998687,
23,0.0,0.1431232,0.1167008,0.1351194,0.2314092,0.1171905,0.0419449,0.1729786,0.2074609,
24,0.0,0.1858757,0.1922071,0.1434425,0.1619285,0.1099984,0.0416288,0.1212497,0.1764535,
25,0.0,0.1310653,0.0488037,0.0519134,0.0683564,0.0244858,0.0516628,0.1388038,0.0813224,
26,0.0,0.1180396,0.0380851,0.0494147,0.0342955,0.0508247,0.0651483,0.1057438,0.0396402,
27,0.0,0.0865569,0.043496,0.0436613,0.0588405,0.0530405,0.0382267,0.0806558,0.0483446,
28,0.0,0.0502713,0.052324,0.030811,0.0326725,0.0462931,0.0605556,0.0751232,0.0413044,
29,0.0,0.0974291,0.0418169,0.0323639,0.0211889,0.033389,0.0651238,0.0876973,0.0447656,
30,0.0,0.1148657,0.0424681,0.1102338,0.0682339,0.049054,0.0274742,0.0727924,0.0303298,
31,0.0,0.0569836,0.0789171,0.0981273,0.0752168,0.069564,0.0355001,0.0719958,0.0419093,
32,0.0,0.0435196,0.0710228,0.0679289,0.0691387,0.1099225,0.0318103,0.0657861,0.0582749,
33,0.0,0.043558,0.1469358,0.1283248,0.1797558,0.0287148,0.0201431,0.038734,0.0923373,
34,0.0,0.088508,0.0990578,0.0756581,0.0802664,0.0787092,0.0699576,0.0219804,0.1320875,
35,0.0,0.0298363,0.0974893,0.0438355,0.0321544,0.0701576,0.0186466,0.0253416,0.0998436,
36,0.0,0.06702,0.0164551,0.0385029,0.045261,0.0338023,0.0295553,0.0399155,0.0907323,
37,0.0,0.0809982,0.0251982,0.0408337,0.0772509,0.0481948,0.0607125,0.0609762,0.0588841,
38,0.0,0.0794372,0.0224482,0.0394415,0.0641127,0.028946,0.062955,0.0442588,0.0430162,
39,0.0,0.0436214,0.0297021,0.1048572,0.0195022,0.0311195,0.0443618,0.0268441,0.0447068,
40,0.0,0.0490496,0.0446148,0.1313038,0.0228024,0.0396034,0.0313733,0.0543836,0.0612315,
41,0.0,0.0482445,0.0553103,0.1260892,0.0451023,0.043467,0.057901,0.0587048,0.0605404,
42,0.0,0.0891146,0.0222373,0.1036407,0.1091787,0.0211976,0.062737,0.0809941,0.0551258,
43,0.0,0.1095303,0.0449989,0.07962,0.0894442,0.0300914,0.0799929,0.0929136,0.0665386,
44,0.0,0.0942181,0.0471186,0.0935642,0.0824172,0.0863217,0.0591146,0.1502121,0.1371083,
45,0.0,0.0758686,0.0150084,0.075609,0.2032067,0.2257051,0.0506702,0.1906432,0.0897404,
46,0.0,0.1160371,0.0767116,0.0769315,0.1978781,0.2816406,0.1571767,0.1760141,0.0856808,
47,0.0,0.2288864,0.1377146,0.1641863,0.1540628,0.3363442,0.1840961,0.1410041,0.0841552,
48,0.0,0.1336002,0.1110605,0.1581239,0.1682332,0.2292727,0.1040441,0.0950882,0.0434876,
49,0.0,0.097977,0.0949322,0.1593557,0.1627852,0.1326347,0.0811163,0.0878928,0.0545257,
50,0.0,0.1621509,0.1108628,0.2173541,0.2117731,0.215507,0.1025666,0.0899647,0.082039,
51,0.0,0.2189692,0.0724188,0.1841055,0.206094,0.2372636,0.0897919,0.1294843,0.0759021,
52,0.0,0.143677,0.0881178,0.1478504,0.1185009,0.2213309,0.0906064,0.0725131,0.0705648,
53,0.0,0.1455205,0.088428,0.1510609,0.1360625,0.1758684,0.0998346,0.0277389,0.0939912,
54,0.0,0.113072,0.0810931,0.1235696,0.2096719,0.1978832,0.0794664,0.0301051,0.1579521,
55,0.0,0.110412,0.105437,0.1551411,0.1964318,0.2347727,0.1182618,0.076686,0.188281,
56,0.0,0.1411441,0.0944674,0.1428456,0.2058114,0.1784883,0.0728777,0.1115673,0.1540352,
57,0.0,0.1614293,0.0461501,0.1397722,0.100039,0.132175,0.0523481,0.1304971,0.1293541,
58,0.0,0.1626841,0.069755,0.1501343,0.0965073,0.1771228,0.0810183,0.1423839,0.0939575,
59,0.0,0.1386347,0.0668926,0.1649752,0.1803256,0.2349631,0.0736809,0.1990985,0.0526114,
60,0.0,0.1324798,0.0384314,0.1522466,0.1492179,0.1619447,0.0579005,0.1917016,0.068899,
61,0.0,0.1049549,0.0546178,0.1521741,0.1491196,0.1649255,0.0768713,0.0977806,0.1136416,
62,0.0,0.1219814,0.125646,0.2182787,0.1637078,0.2241051,0.150632,0.0709519,0.0666742,
63,0.0,0.1237861,0.1756337,0.1773019,0.1700909,0.226364,0.0376315,0.0730191,0.0548662,
64,0.0,0.0970334,0.1971814,0.1874745,0.1914799,0.2399745,0.116275,0.0848981,0.0903146,
65,0.0,0.1127245,0.1250441,0.1678593,0.1504024,0.1827461,0.1657392,0.1075193,0.0373825,
66,0.0,0.137032,0.062753,0.1295095,0.1005029,0.1094947,0.0904326,0.1197147,0.050903,
67,0.0,0.0874162,0.0384616,0.1385692,0.0598404,0.0634563,0.07715,0.1707996,0.0508426,
68,0.0,0.0663022,0.0595597,0.0992292,0.0259227,0.051562,0.0774771,0.1516499,0.1189147,
69,0.0,0.0780015,0.0723588,0.0956577,0.0513086,0.0565818,0.0897654,0.1774893,0.1393003,
70,0.0,0.1147707,0.0277548,0.1644038,0.1235404,0.0872977,0.1316869,0.2151547,0.112529,
71,0.0,0.111915,0.1535733,0.1850284,0.1400043,0.1391923,0.1309299,0.5187128,0.1815648,
72,0.0,0.1905522,0.0601016,0.113272,0.1314449,0.1701598,0.269992,0.4066188,0.2806537,
73,0.0,0.0535891,0.0785203,0.0844193,0.0718145,0.1303903,0.1912265,0.3319153,0.1752598,
74,0.0,0.0702844,0.0779406,0.0721168,0.113008,0.0882743,0.1821821,0.2312721,0.2083867,
75,0.0,0.1096322,0.0912824,0.107929,0.1539539,0.0719472,0.1518275,0.1201885,0.2034403,
76,0.0,0.1006633,0.1209861,0.0977413,0.1635445,0.1003131,0.1463753,0.1493993,0.2042403,
77,0.0,0.1255979,0.1122298,0.0654248,0.1264834,0.12307,0.1022232,0.108979,0.1736353,
78,0.0,0.0992464,0.1002406,0.0719319,0.1180186,0.163581,0.0905507,0.0975822,0.1849363,
79,0.0,0.0761786,0.1087798,0.0898229,0.1082726,0.1760415,0.0737273,0.0718895,0.1653379,
80,0.0,0.0782512,0.1009639,0.063047,0.1184344,0.1386747,0.0409045,0.0737586,0.1114579,
81,0.0,0.0574786,0.0928011,0.1127852,0.115623,0.1332822,0.0202146,0.0453054,0.0854653,
82,0.0,0.0203733,0.0859235,0.08238,0.0586989,0.1018144,0.071919,0.0547661,0.074403,
83,0.0,0.0328552,0.1855046,0.0920319,0.0760781,0.1244043,0.0616349,0.0971138,0.0781844,
84,0.0,0.0464712,0.1647101,0.1185774,0.0727488,0.1039648,0.0355828,0.0356639,0.0830723,
85,0.0,0.0378739,0.0928936,0.1276599,0.0235011,0.0556886,0.0447926,0.0427509,0.0413646,
86,0.0,0.0793013,0.0596174,0.1361384,0.014957,0.0573521,0.0484816,0.0416604,0.0264826,
87,0.0,0.0770389,0.0568368,0.0924882,0.0297672,0.0453325,0.0539299,0.0204737,0.054737,
88,0.0,0.0488069,0.0848541,0.0639321,0.040024,0.0746148,0.054118,0.0143776,0.0869379,
89,0.0,0.0501318,0.0733896,0.0233701,0.0277777,0.0928108,0.0534516,0.0129299,0.1280977,
90,0.0,0.0343855,0.1029358,0.0349504,0.0427531,0.0722944,0.1049483,0.0321518,0.1766305,
91,0.0,0.0589197,0.0930411,0.0935907,0.0806319,0.0663454,0.1021092,0.0765105,0.2115895,
92,0.0,0.1511871,0.1225549,0.0775452,0.1067364,0.0353077,0.1303303,0.0776733,0.2367795,
93,0.0,0.1281144,0.1830307,0.0790385,0.1526768,0.0183344,0.1213776,0.0510682,0.168161,
94,0.0,0.0997028,0.0976663,0.0855641,0.1297768,0.0449077,0.0402481,0.0835426,0.0526373,
95,0.0,0.0927819,0.0562075,0.1128063,0.1009666,0.0642966,0.0517089,0.0661638,0.0673627,
96,0.0,0.1347394,0.0771007,0.0947383,0.0807366,0.1365239,0.0524882,0.0767767,0.064332,
97,0.0,0.0943206,0.1088252,0.0994951,0.0479538,0.0983516,0.0636063,0.0566748,0.0938921,
98,0.0,0.0348517,0.0936593,0.0776506,0.0934457,0.0641322,0.0409263,0.0466239,0.0983136,
99,0.0,0.0313799,0.0710902,0.1520188,0.068286,0.0619219,0.0674706,0.0625985,0.0804318,
100,0.0,0.0683536,0.0717779,0.1451285,0.069169,0.0411865,0.0663281,0.0706905,0.1205001,
101,0.0,0.0329119,0.0700801,0.1474558,0.0887093,0.0287747,0.0727624,0.0323119,0.093388,
102,0.0,0.0414295,0.070737,0.1218354,0.0445344,0.0799741,0.0842786,0.026164,0.1128719,
103,0.0,0.0710481,0.0976865,0.1149892,0.0350096,0.0578233,0.081115,0.0803355,0.0536669,
104,0.0,0.0801479,0.0744066,0.1325974,0.0910513,0.076135,0.0511229,0.0384619,0.0767641,
105,0.0,0.0596266,0.0923838,0.1525813,0.0980733,0.0483539,0.0357353,0.0694071,0.0926051,
106,0.0,0.084051,0.1076124,0.1178883,0.0351334,0.0576981,0.0583923,0.0332995,0.0985255,
107,0.0,0.1230117,0.1066977,0.0694273,0.0421469,0.0612088,0.0776849,0.030695,0.0762706,
108,0.0,0.1144229,0.0853628,0.0574541,0.0607437,0.0367378,0.0710697,0.0610213,0.0904889,
109,0.0,0.073287,0.0728757,0.0458729,0.0414327,0.039726,0.0876133,0.0180754,0.106223,
110,0.0,0.0524908,0.0490958,0.0292696,0.0211805,0.0652837,0.0683756,0.0135857,0.0963764,
111,0.0,0.0298064,0.0298067,0.0344145,0.0441384,0.055787,0.0253094,0.0336685,0.1045165,
112,0.0,0.0524386,0.0148173,0.0503981,0.0548474,0.0518556,0.0176029,0.0213493,0.0703479,
113,0.0,0.0538029,0.0175454,0.0146295,0.033356,0.049608,0.0601229,0.0211916,0.0196067,
114,0.0,0.0616696,0.0261351,0.0355124,0.0448903,0.0756653,0.0552614,0.0131308,0.0217593,
115,0.0,0.0512614,0.0485807,0.0485344,0.0258377,0.0692069,0.0845261,0.0820048,0.0328788,
116,0.0,0.04778,0.0461527,0.0560218,0.0265844,0.083384,0.0543527,0.0785969,0.1141962,
117,0.0,0.0622845,0.0465901,0.0339702,0.0711114,0.0614734,0.0660113,0.0502334,0.0454042,
118,0.0,0.0530287,0.0839038,0.0744196,0.0887628,0.0941844,0.0578672,0.0529261,0.0245895,
119,0.0,0.0754656,0.0938814,0.0967926,0.0889349,0.113931,0.0276514,0.046398,0.0628067,
120,0.0,0.1049022,0.042819,0.0709198,0.0651265,0.1056708,0.036587,0.0461189,0.0320179,
121,0.0,0.091263,0.0436913,0.0642053,0.096101,0.123073,0.0533287,0.0940895,0.0622806,
122,0.0,0.0772134,0.0497313,0.0762513,0.0778696,0.1032902,0.0595572,0.0815903,0.0642478,
123,0.0,0.0537228,0.0809828,0.1362473,0.0804266,0.0610736,0.0648244,0.0876108,0.030053,
124,0.0,0.075422,0.0607325,0.0613091,0.0209266,0.0761082,0.0663704,0.0826267,0.0389725,
125,0.0,0.0747759,0.0428978,0.0715235,0.0167195,0.0549977,0.0504055,0.0708751,0.0578121,
126,0.0,0.0806581,0.0402681,0.0513424,0.0116929,0.0635808,0.0415285,0.0521583,0.0485138,
127,0.0,0.0598,0.030099,0.0439495,0.0213821,0.0622485,0.0387623,0.0491877,0.0759725,
128,0.0,0.054559,0.052045,0.0600824,0.0216715,0.0486242,0.0347718,0.0389575,0.0914138,
129,0.0,0.0630522,0.0488028,0.0248645,0.0329842,0.0645711,0.0553515,0.0304948,0.1374472,
130,0.0,0.0625071,0.0378719,0.038966,0.0444582,0.090748,0.0402432,0.0328532,0.0629204,
131,0.0,0.0767668,0.0321377,0.05316,0.0668797,0.0824307,0.0230409,0.0428922,0.0808556,
132,0.0,0.1311615,0.043938,0.0376837,0.0701939,0.1141167,0.0576523,0.0713523,0.1125458,
133,0.0,0.1204043,0.0752793,0.0452366,0.1055372,0.1049704,0.0469184,0.0693189,0.1902225,
134,0.0,0.0806245,0.0799259,0.0423322,0.1145625,0.0943334,0.0235824,0.0983433,0.1410404,
135,0.0,0.0911221,0.0706857,0.1084627,0.0913016,0.0852521,0.0565277,0.0849291,0.1111728,
136,0.0,0.0750769,0.0825635,0.0877255,0.0255261,0.0544412,0.0184497,0.0721937,0.137957,
137,0.0,0.0852117,0.0815875,0.0535675,0.0338855,0.0580653,0.0141683,0.0804836,0.1585279,
138,0.0,0.0804079,0.0851155,0.0714468,0.0325943,0.0351273,0.0274428,0.0847542,0.1246228,
139,0.0,0.0770133,0.0880716,0.0314125,0.0370699,0.0510506,0.0393864,0.0639745,0.0790687,
140,0.0,0.0538394,0.0730047,0.0742918,0.0306774,0.074219,0.0992491,0.0606462,0.059703,
141,0.0,0.0376808,0.0628909,0.0466216,0.0455679,0.119587,0.124088,0.1658695,0.0546113,
142,0.0,0.0872925,0.0880875,0.0962136,0.0686153,0.075091,0.1681659,0.0992784,0.0861784,
143,0.0,0.1830415,0.0903899,0.086048,0.1046864,0.1003906,0.1412005,0.0625856,0.0977636,
144,0.0,0.0365155,0.0589305,0.0693402,0.0734176,0.1024216,0.1079245,0.0467921,0.0441381,
145,0.0,0.07113,0.0390814,0.062848,0.0584732,0.0771606,0.0873426,0.0774902,0.0452869,
146,0.0,0.0328635,0.0432218,0.07525,0.0615547,0.0768978,0.0625409,0.0752925,0.0371872,
147,0.0,0.0413679,0.0516312,0.034742,0.0230172,0.0968699,0.0511895,0.0536783,0.0342592,
148,0.0,0.0593499,0.0079698,0.0231734,0.0508801,0.0605124,0.0406153,0.0557139,0.0270117,
149,0.0,0.0602378,0.0294921,0.0508267,0.05042,0.0781051,0.0517123,0.0511328,0.0306156,
150,0.0,0.0620475,0.047944,0.0711708,0.049913,0.0655815,0.0612303,0.0239264,0.0460147,
151,0.0,0.0256592,0.0552197,0.1167428,0.1041423,0.0477748,0.0466815,0.0514273,0.0737903,
152,0.0,0.0615545,0.0640884,0.1306054,0.1539541,0.0477066,0.0386193,0.0742358,0.0794382,
153,0.0,0.0486949,0.081794,0.139238,0.1110045,0.0638564,0.0263307,0.1071504,0.1451227,
154,0.0,0.0527658,0.0727274,0.1742268,0.1210534,0.0893968,0.0661097,0.1570471,0.1776467,
155,0.0,0.0426141,0.0311461,0.1126828,0.1153334,0.0649218,0.1457825,0.1398354,0.1887523,
156,0.0,0.0401489,0.0504577,0.078316,0.0972641,0.0395333,0.0972693,0.10162,0.1418989,
157,0.0,0.0198738,0.0997154,0.1303241,0.0908652,0.060351,0.0805764,0.0915215,0.1040574,
158,0.0,0.028664,0.0946944,0.1418722,0.0751821,0.0474846,0.0501017,0.0857927,0.1014103,
159,0.0,0.0523682,0.0915183,0.0822521,0.0155659,0.0437587,0.0694179,0.0499104,0.0800084,
160,0.0,0.0598782,0.0832153,0.0443894,0.065949,0.0325897,0.0782976,0.043391,0.0901342,
161,0.0,0.0579958,0.0448212,0.0129904,0.0352596,0.0402849,0.0547034,0.046794,0.0467744,
162,0.0,0.0525352,0.0405552,0.0235172,0.0356448,0.0435307,0.0293359,0.030821,0.0463951,
163,0.0,0.0776258,0.0561907,0.0268864,0.03011,0.0475148,0.044465,0.0712649,0.0514888,
164,0.0,0.0554831,0.029596,0.1017427,0.0638305,0.0268014,0.0546533,0.0743828,0.0934655,
165,0.0,0.0568374,0.0580025,0.0806598,0.0449113,0.023199,0.0853162,0.0717124,0.090489,
166,0.0,0.0697922,0.0460363,0.1058252,0.1175755,0.0386291,0.1038519,0.0688637,0.0977615,
167,0.0,0.0494166,0.1081717,0.1070353,0.0762481,0.1083881,0.0596321,0.0565189,0.1366202,
168,0.0,0.0545964,0.0975425,0.0918774,0.0296089,0.169002,0.0539804,0.0973944,0.1974441,
169,0.0,0.0614425,0.0575789,0.0793684,0.1499549,0.109091,0.1429781,0.095041,0.1082058,
170,0.0,0.0929977,0.1350622,0.1953137,0.1241879,0.0850653,0.0887805,0.0863325,0.1809583,
171,0.0,0.0335531,0.0614285,0.0930649,0.0233242,0.08991,0.0291987,0.0794278,0.1075685,
172,0.0,0.0671025,0.066097,0.0854885,0.0271248,0.0595513,0.020119,0.0454844,0.1290819,
173,0.0,0.0619231,0.0743184,0.0882672,0.0383882,0.073227,0.0132431,0.0434439,0.1299273,
174,0.0,0.074247,0.067772,0.1194606,0.0568489,0.0674016,0.0307161,0.0594504,0.1098997,
175,0.0,0.0722057,0.085911,0.0953622,0.0340031,0.0697728,0.0170486,0.0408712,0.105374,
176,0.0,0.0477993,0.0894512,0.0862682,0.0324656,0.046212,0.0302744,0.0563094,0.109099,
177,0.0,0.0546039,0.0954979,0.0812993,0.0509215,0.0603304,0.0387646,0.1161917,0.0721807,
178,0.0,0.075668,0.1171602,0.0740556,0.0717577,0.0640426,0.046988,0.1286002,0.1351299,
179,0.0,0.0866609,0.0974827,0.0599363,0.0515562,0.0742263,0.0074909,0.067407,0.0962503,
180,0.0,0.0884125,0.1083924,0.1868975,0.0652411,0.1178324,0.0832465,0.1031618,0.0972312,
181,0.0,0.0904008,0.0868555,0.1499277,0.0650657,0.0829202,0.0763197,0.0994204,0.1107549,
182,0.0,0.0980489,0.0842996,0.0706802,0.0780975,0.0822887,0.0236088,0.105724,0.0961778,
183,0.0,0.1431115,0.0987266,0.0555426,0.0760543,0.1105794,0.0342573,0.0930686,0.0863942,
184,0.0,0.0997923,0.0582488,0.0711882,0.0426865,0.0883353,0.061084,0.0637832,0.0386032,
185,0.0,0.1204614,0.1030887,0.0663432,0.1541393,0.1105102,0.0734556,0.0763519,0.0764222,
186,0.0,0.1148758,0.1285397,0.0758348,0.1491258,0.1192755,0.0981683,0.1513994,0.082633,
187,0.0,0.1356372,0.0807366,0.1342766,0.1393603,0.1210662,0.0600929,0.0787778,0.0709071,
188,0.0,0.1421,0.113258,0.1669814,0.150891,0.1460136,0.0569595,0.1171022,0.0685139,
189,0.0,0.1294931,0.1865838,0.2467101,0.2183455,0.3249644,0.0605983,0.1053664,0.0645001,
190,0.0,0.1362787,0.1589372,0.2461556,0.2048611,0.3883413,0.1025454,0.099785,0.107001,
191,0.0,0.2339702,0.2006231,0.3632464,0.2907442,0.3949344,0.1051587,0.0912719,0.1067259,
192,0.0,0.1605471,0.0838405,0.2418702,0.2595374,0.1851045,0.1442705,0.1152095,0.1612077,
193,0.0,0.1294135,0.0684366,0.2517759,0.3242824,0.0738266,0.2491609,0.1280973,0.1096709,
194,0.0,0.161349,0.0272962,0.1530963,0.1474486,0.1799104,0.3437079,0.0740801,0.1668873,
195,0.0,0.1080788,0.0751561,0.0704947,0.2606511,0.2994637,0.1862255,0.0680838,0.318442,
196,0.0,0.0598106,0.1485981,0.0656731,0.1205616,0.3702646,0.0312524,0.0583399,0.3464638,
197,0.0,0.044563,0.136956,0.079895,0.0784879,0.1863697,0.0754268,0.0552386,0.1734747,
198,0.0,0.0691431,0.1301568,0.0720956,0.0573761,0.1149616,0.0435287,0.0663095,0.1251163,
199,0.0,0.0180777,0.1056434,0.0390495,0.0429535,0.0719786,0.0325721,0.0522052,0.1073041,
200,0.0,0.013201,0.0557526,0.0492678,0.0908451,0.0794012,0.0333065,0.0462322,0.1116659,
201,0.0,0.0494048,0.0476441,0.035082,0.0763422,0.1036338,0.0579328,0.062906,0.0603597,
202,0.0,0.0543906,0.0589902,0.033662,0.052324,0.0776291,0.0780722,0.0716973,0.0852361,
203,0.0,0.0334254,0.0237072,0.0467333,0.0459623,0.0683835,0.0610154,0.0468178,0.0497474,
204,0.0,0.0368427,0.0479688,0.0425443,0.0321824,0.0499306,0.0532969,0.047826,0.0268443,
205,0.0,0.0408879,0.036931,0.0357635,0.0730561,0.0552186,0.0793737,0.048939,0.0411839,
206,0.0,0.0197573,0.0547022,0.0405307,0.0856326,0.0400283,0.0778565,0.017013,0.0457296,
207,0.0,0.0345605,0.0453117,0.0105757,0.0798279,0.049189,0.0798557,0.0490827,0.0312395,
208,0.0,0.0349635,0.0506393,0.0296681,0.0675028,0.0206791,0.0814467,0.0449702,0.0130286,
209,0.0,0.0320881,0.0919603,0.0282696,0.0534306,0.0419825,0.0694941,0.0527462,0.034088,
210,0.0,0.0224534,0.0950561,0.0565643,0.0591878,0.0645572,0.074249,0.0299896,0.0492839,
211,0.0,0.0416829,0.1057594,0.0367393,0.0580749,0.0805258,0.0596229,0.0238398,0.0172584,
212,0.0,0.0292986,0.1211873,0.0407671,0.0536628,0.0666803,0.094566,0.0298579,0.0447672,
213,0.0,0.0488713,0.1080297,0.0356594,0.0480087,0.1007609,0.0345118,0.0783049,0.0247833,
214,0.0,0.1223194,0.1111124,0.0385255,0.0509148,0.1175367,0.0412729,0.1596189,0.0267801,
215,0.0,0.2150494,0.1037038,0.04014,0.0633863,0.2015256,0.0445919,0.1730029,0.0281546,
216,0.0,0.1109416,0.0956911,0.0489745,0.0700616,0.0950371,0.131607,0.1284451,0.0609588,
217,0.0,0.0881634,0.0660364,0.0338239,0.1003821,0.0874626,0.1528066,0.1271587,0.2051518,
218,0.0,0.0509038,0.0686885,0.0662169,0.0897447,0.076617,0.147987,0.142212,0.2258759,
219,0.0,0.0524373,0.0519102,0.092861,0.1449892,0.049081,0.1100777,0.1107103,0.0914838,
220,0.0,0.0516155,0.0384126,0.0683735,0.1724571,0.0879785,0.0554432,0.1357199,0.0837134,
221,0.0,0.0305535,0.025134,0.0931474,0.1299092,0.1011849,0.0596652,0.0906329,0.0876962,
222,0.0,0.0228684,0.0479769,0.1058069,0.1380142,0.1092722,0.0707566,0.0496715,0.1072472,
223,0.0,0.0388653,0.069443,0.117711,0.1352082,0.1337313,0.0557202,0.0856524,0.1026037,
224,0.0,0.0813817,0.0406968,0.1155928,0.1669239,0.1506952,0.0544276,0.0885445,0.1037748,
225,0.0,0.1250688,0.088195,0.1097015,0.1785159,0.1258814,0.0961877,0.070016,0.1111254,
226,0.0,0.1092383,0.0882375,0.0916084,0.1947055,0.1523537,0.1378319,0.0997543,0.0724284,
227,0.0,0.1007569,0.0678914,0.0982066,0.0913431,0.114898,0.1385997,0.1304335,0.0828365,
228,0.0,0.1146578,0.0830033,0.0809886,0.099183,0.1371208,0.1790475,0.1122032,0.1326743,
229,0.0,0.0885348,0.1131655,0.0818727,0.1839422,0.0747574,0.1207131,0.0768727,0.1691215,
230,0.0,0.0537529,0.0840837,0.0814576,0.120019,0.0576627,0.1487406,0.1403713,0.1335294,
231,0.0,0.1058102,0.0976265,0.0673241,0.1208694,0.1385455,0.1866255,0.2366857,0.146531,
232,0.0,0.0677101,0.1079262,0.0812037,0.3137828,0.0931328,0.153465,0.2762081,0.2841876,
233,0.0,0.0340568,0.0783563,0.0690447,0.2924413,0.0556444,0.0822569,0.2081437,0.2408439,
234,0.0,0.084948,0.0421988,0.0925387,0.0552507,0.080059,0.0950923,0.1158096,0.1731142,
235,0.0,0.1369914,0.0608969,0.1426138,0.2785716,0.1359862,0.0934013,0.1858099,0.1358491,
236,0.0,0.0644521,0.0116588,0.1702054,0.2542217,0.1179942,0.0917687,0.215102,0.1351805,
237,0.0,0.0982248,0.0892861,0.1449841,0.0975249,0.0961179,0.1053273,0.1748498,0.156066,
238,0.0,0.1022327,0.1057368,0.1497308,0.0886481,0.1159722,0.1168076,0.0984672,0.1218048,
239,0.0,0.0512023,0.0773378,0.0674228,0.0762495,0.0958774,0.0791863,0.0648402,0.0653653,
240,0.0,0.0634036,0.0519327,0.1095294,0.0902915,0.0830689,0.0965084,0.0963973,0.0671442,
241,0.0,0.0662971,0.0394129,0.0935276,0.060961,0.1117314,0.1038289,0.1027041,0.0235677,
242,0.0,0.0296822,0.071328,0.0603608,0.0616046,0.1167823,0.1127087,0.1110783,0.0752845,
243,0.0,0.0176781,0.0507058,0.1221208,0.1309145,0.1177367,0.1447337,0.0991691,0.0929351,
244,0.0,0.0697194,0.0532895,0.1200099,0.0910255,0.141025,0.1536921,0.1173229,0.0560756,
245,0.0,0.0946217,0.0406386,0.1017906,0.0919846,0.1879616,0.1647852,0.0802184,0.0615294,
246,0.0,0.0613593,0.0882737,0.0480419,0.067564,0.1305191,0.1697704,0.058651,0.0919351,
247,0.0,0.0460221,0.1006495,0.0349158,0.0984364,0.0825222,0.1940795,0.0774469,0.0986705,
248,0.0,0.0474418,0.0801631,0.0351599,0.1265697,0.1223399,0.2067834,0.1232973,0.092934,
249,0.0,0.0299961,0.0837929,0.0394286,0.0944894,0.1186257,0.1385713,0.098671,0.1044124,
250,0.0,0.1108758,0.1060894,0.0305044,0.0536215,0.0745306,0.0583403,0.0693864,0.1131431,
251,0.0,0.1704057,0.1470643,0.0563611,0.0647197,0.1239439,0.0913632,0.1416069,0.1145832,
252,0.0,0.1496769,0.1196101,0.1131138,0.0759516,0.0942775,0.0554139,0.1468143,0.1134365,
253,0.0,0.0953806,0.1011864,0.084173,0.0379985,0.0893608,0.0801095,0.0919667,0.1332654,
254,0.0,0.062895,0.152462,0.1332921,0.0924176,0.1069843,0.1141062,0.0950615,0.1144424,
255,0.0,0.0354565,0.1779642,0.1655284,0.147582,0.1067315,0.1275744,0.1621566,0.1129171,
256,0.0,0.0947191,0.1724735,0.1254911,0.1614134,0.0993394,0.1026011,0.1315956,0.1383799,
257,0.0,0.0787973,0.1672278,0.0943726,0.1451256,0.0751753,0.0563952,0.0571373,0.1219483,
258,0.0,0.0850871,0.1636676,0.1315225,0.0932261,0.099029,0.0605133,0.1164712,0.1250635,
259,0.0,0.0582759,0.1196778,0.1083577,0.095794,0.1005593,0.0493056,0.0723797,0.0906947,
260,0.0,0.072881,0.0879628,0.0796253,0.1537488,0.1074077,0.0928351,0.0694722,0.1136966,
261,0.0,0.0391314,0.0825576,0.0811102,0.0936959,0.1069733,0.0884703,0.0707928,0.089319,
262,0.0,0.0718853,0.0569054,0.0712265,0.0906967,0.112331,0.0845617,0.1058272,0.0997356,
263,0.0,0.0797288,0.0494942,0.0669523,0.1160162,0.1008751,0.08597,0.1119888,0.1015295,
264,0.0,0.0602701,0.0756116,0.0282873,0.0847645,0.094941,0.0475317,0.0628924,0.0614869,
265,0.0,0.0492687,0.071765,0.0417088,0.0997061,0.0982526,0.035433,0.0878291,0.0186383,
266,0.0,0.0583008,0.0440935,0.0742598,0.1148197,0.1080859,0.0649052,0.1233697,0.0665457,
267,0.0,0.0609003,0.0201574,0.066172,0.0930334,0.0850694,0.0131805,0.0915926,0.0579771,
268,0.0,0.0640534,0.0283325,0.0423314,0.0566045,0.0558735,0.0379819,0.1054144,0.0380761,
269,0.0,0.0837074,0.0469452,0.0649977,0.1103951,0.0417548,0.0374456,0.1102347,0.0892452,
270,0.0,0.0851836,0.03798,0.0816226,0.132959,0.0684579,0.0552394,0.1024521,0.1461545,
271,0.0,0.0899134,0.0406397,0.0494641,0.0677677,0.1048435,0.0932832,0.0955981,0.1669497,
272,0.0,0.0809132,0.0289564,0.0722899,0.0624919,0.0758952,0.1018267,0.1416654,0.1948257,
273,0.0,0.081563,0.0444594,0.1338122,0.1070757,0.092021,0.0762844,0.1961432,0.2328591,
274,0.0,0.0741697,0.0803738,0.1309592,0.1006263,0.0988756,0.103931,0.2388664,0.2351116,
275,0.0,0.0800262,0.0763149,0.0524186,0.077144,0.0953276,0.0828218,0.305377,0.2032633,
276,0.0,0.0551004,0.0875403,0.0502272,0.1308602,0.0841179,0.066683,0.242817,0.1949102,
277,0.0,0.0953274,0.1424197,0.160709,0.1752252,0.0596684,0.1248555,0.2458569,0.149481,
278,0.0,0.0886226,0.1176409,0.1899963,0.3040965,0.121807,0.0913052,0.23913,0.1544544,
279,0.0,0.0698323,0.1521891,0.0490946,0.1181839,0.1040361,0.102916,0.1215343,0.1893377,
280,0.0,0.1389716,0.1354419,0.0698419,0.0673095,0.0494107,0.0820094,0.0797567,0.1439594,
281,0.0,0.0698729,0.103729,0.0326878,0.0260626,0.0754549,0.1190044,0.061194,0.0796159,
282,0.0,0.1335438,0.1061024,0.0452792,0.0334321,0.0685467,0.1585027,0.0812566,0.0442474,
283,0.0,0.1053761,0.1229979,0.0886648,0.118716,0.117027,0.1965187,0.1467894,0.0643412,
284,0.0,0.0580199,0.1208312,0.0483452,0.0479738,0.1038504,0.1355375,0.0631394,0.043677,
285,0.0,0.0514214,0.1257643,0.0364064,0.0505827,0.0726028,0.060773,0.0684179,0.0871469,
286,0.0,0.0440462,0.1125399,0.0932006,0.0627324,0.0511678,0.0343662,0.0734368,0.0664721,
287,0.0,0.0660039,0.092337,0.0689502,0.055731,0.0786245,0.0555592,0.07663,0.1058167,
288,0.0,0.0387391,0.0785062,0.0626549,0.0556436,0.0416677,0.0598867,0.0679148,0.1023321,
289,0.0,0.0647579,0.0469017,0.0804706,0.0582976,0.0502334,0.0527162,0.0659054,0.0963433,
290,0.0,0.0760001,0.0405178,0.0740233,0.0807502,0.0570673,0.0670248,0.0449586,0.0788935,
291,0.0,0.0512822,0.0218882,0.0642702,0.0638076,0.0717452,0.0868556,0.049396,0.039792,
292,0.0,0.0350546,0.0369935,0.0632052,0.0503972,0.07465,0.0626554,0.0839447,0.0327367,
293,0.0,0.0506948,0.0400518,0.0705169,0.0589601,0.0686029,0.1077299,0.1087401,0.0567125,
294,0.0,0.0441912,0.0170237,0.0825643,0.0466484,0.1477143,0.121227,0.1057297,0.1016639,
295,0.0,0.0188824,0.0289167,0.0359517,0.0280712,0.0710185,0.0771896,0.1081542,0.1278854,
296,0.0,0.0329607,0.0678177,0.0065895,0.0326044,0.0540356,0.0610235,0.1039655,0.1252546,
297,0.0,0.0345151,0.0703061,0.0358644,0.0525741,0.1063914,0.0471637,0.1042184,0.1593958,
298,0.0,0.0268681,0.0358195,0.0453883,0.0529231,0.0853335,0.0519111,0.0304843,0.1733955,
299,0.0,0.0092445,0.0378059,0.0607765,0.0397472,0.0983914,0.0400622,0.0967415,0.0664506,
300,0.0,0.0268946,0.0687049,0.0442412,0.0619102,0.0531553,0.0591252,0.100429,0.0921524,
301,0.0,0.047034,0.048318,0.042321,0.0274477,0.1138437,0.0466865,0.0752971,0.1208995,
302,0.0,0.0450113,0.0278908,0.0748886,0.0296708,0.0501247,0.0669621,0.0376835,0.0962956,
303,0.0,0.043768,0.0378797,0.0413591,0.039901,0.0540264,0.0345883,0.03413,0.0604805,
304,0.0,0.037518,0.0642987,0.0752452,0.0703099,0.038513,0.0174089,0.0377841,0.0692232,
305,0.0,0.0616626,0.0924056,0.0593324,0.0702601,0.0861833,0.0748126,0.04161,0.0665725,
306,0.0,0.0799248,0.0471397,0.1132746,0.0675407,0.112633,0.0580663,0.0858061,0.0530981,
307,0.0,0.0264146,0.0850926,0.0485149,0.048589,0.139713,0.0823325,0.0934756,0.1496837,
308,0.0,0.0335048,0.1115292,0.0397052,0.103517,0.0646253,0.0950406,0.0533561,0.1009688,
309,0.0,0.0235566,0.0239493,0.0374648,0.0704852,0.047317,0.1013713,0.086506,0.0862788,
310,0.0,0.0232928,0.0042423,0.0413688,0.0767247,0.0431419,0.0820101,0.1078896,0.0866379,
311,0.0,0.0368193,0.017485,0.1029365,0.0286535,0.0304505,0.0922375,0.1076951,0.1067487,
312,0.0,0.0342988,0.0198692,0.0879832,0.0158087,0.0430114,0.0599433,0.0851398,0.1078636,
313,0.0,0.0423486,0.028753,0.0597039,0.0044338,0.0504264,0.0262665,0.059214,0.0486418,
314,0.0,0.0225614,0.0367964,0.0663791,0.0176241,0.0344725,0.0353557,0.0912399,0.0595782,
315,0.0,0.0568823,0.0364995,0.1200399,0.035682,0.0306838,0.0612723,0.0854148,0.1084328,
316,0.0,0.0234571,0.0323228,0.1318297,0.0426514,0.04612,0.0751955,0.0612348,0.0579377,
317,0.0,0.0295759,0.0356887,0.1678991,0.0939285,0.1063723,0.0812656,0.0356121,0.0443558,
318,0.0,0.0137393,0.0769397,0.1100444,0.0531569,0.068105,0.0728418,0.0661986,0.0988054,
319,0.0,0.0265675,0.0516287,0.0892057,0.0455845,0.0641766,0.0574794,0.0684096,0.0682205,
320,0.0,0.0119523,0.0403595,0.1135638,0.0355641,0.0433027,0.0593496,0.0684142,0.0911704,
321,0.0,0.1140189,0.0461984,0.0918024,0.1787031,0.0823203,0.0406031,0.0830961,0.0633983,
322,0.0,0.0176175,0.015628,0.0649066,0.0685084,0.0603245,0.0430424,0.0764664,0.0681326,
323,0.0,0.0753688,0.0429448,0.0502559,0.0378404,0.027378,0.0565734,0.0680143,0.043571,
324,0.0,0.0505135,0.069592,0.0156538,0.0063278,0.0572845,0.0342622,0.0666309,0.0372825,
325,0.0,0.0365835,0.1136438,0.0807498,0.0427793,0.0747518,0.0159935,0.0406965,0.0523799,
326,0.0,0.0415465,0.1069849,0.0658146,0.0791078,0.048552,0.0237107,0.0259694,0.049822,
327,0.0,0.0665686,0.0751764,0.0723197,0.1009781,0.0521169,0.0369855,0.0411461,0.0767365,
328,0.0,0.1020007,0.0960682,0.0858673,0.0906199,0.0876278,0.0375139,0.1079061,0.0769817,
329,0.0,0.1942627,0.0938921,0.1431319,0.1402255,0.1181796,0.0227913,0.114051,0.084218,
330,0.0,0.1925318,0.0903047,0.1269356,0.1352127,0.1181229,0.1107738,0.1021533,0.0568484,
331,0.0,0.1051259,0.0675619,0.0198814,0.1040109,0.0675514,0.0610092,0.0687148,0.036688,
332,0.0,0.0951376,0.0783809,0.0226138,0.0922045,0.0360778,0.0212837,0.0501751,0.031925,
333,0.0,0.0120825,0.0722278,0.0331764,0.0662021,0.0372901,0.029293,0.0337308,0.0434862,
334,0.0,0.0444134,0.0672242,0.0496815,0.013704,0.0288278,0.012535,0.0216737,0.0226299,
335,0.0,0.0219456,0.0834389,0.0592629,0.0267526,0.0436143,0.0283384,0.0328148,0.0613165,
336,0.0,0.0325607,0.0352341,0.0410469,0.0208615,0.0258972,0.0336738,0.0213848,0.0373321,
337,0.0,0.0590386,0.0691542,0.0448232,0.0148768,0.0135842,0.0155393,0.0214104,0.0496971,
338,0.0,0.059322,0.0634602,0.0695224,0.0601399,0.0715434,0.0364728,0.0352539,0.0481325,
339,0.0,0.079488,0.037955,0.0676699,0.0561849,0.0613418,0.139329,0.0419099,0.0608432,
340,0.0,0.0638016,0.0453676,0.065523,0.0545197,0.0795508,0.0570835,0.057186,0.0780812,
341,0.0,0.0577283,0.077713,0.0360547,0.0489621,0.0572839,0.0219708,0.1141977,0.0279695,
342,0.0,0.0615133,0.0780878,0.0574563,0.0284589,0.0585648,0.0288843,0.0449007,0.0439031,
343,0.0,0.0433681,0.0599905,0.0399168,0.0182771,0.0906109,0.0434109,0.0570823,0.050951,
344,0.0,0.0159351,0.061608,0.0171724,0.0169216,0.0925765,0.0389204,0.0530136,0.0422905,
345,0.0,0.0447724,0.0685115,0.0247702,0.0272639,0.0337478,0.0505054,0.0367525,0.0526063,
346,0.0,0.0202346,0.0493731,0.0269828,0.0152312,0.0554978,0.0632914,0.0430091,0.0858169,
347,0.0,0.0533008,0.0629308,0.0489793,0.0086222,0.0451915,0.091578,0.0608188,0.0746423,
348,0.0,0.0440486,0.0225019,0.0539814,0.0281064,0.0538708,0.1007218,0.0453379,0.0596707,
349,0.0,0.0796455,0.0545941,0.036597,0.0322063,0.0388185,0.1420227,0.0634688,0.0429248,
350,0.0,0.0961992,0.1418522,0.0610089,0.0110195,0.0490421,0.1570462,0.1028175,0.0356442,
351,0.0,0.1575515,0.0688455,0.0280852,0.1963012,0.0403449,0.1644917,0.1464875,0.0484363,
352,0.0,0.1971687,0.07765,0.0581471,0.2647161,0.1311761,0.1870349,0.1723007,0.1117196,
353,0.0,0.1222014,0.0862964,0.0066854,0.1328224,0.1419373,0.193595,0.2346721,0.0556541,
354,0.0,0.1124483,0.088143,0.0328394,0.0923916,0.1138758,0.1937474,0.2094335,0.0639328,
355,0.0,0.0851541,0.0842147,0.0536344,0.0801861,0.1102843,0.1737677,0.1325116,0.109974,
356,0.0,0.0553415,0.0929849,0.0628743,0.0617702,0.1308555,0.1202438,0.1586868,0.1193806,
357,0.0,0.087532,0.0628196,0.0410197,0.109547,0.0915369,0.0950435,0.1455815,0.1388254,
358,0.0,0.0452933,0.073286,0.0436608,0.0657303,0.0664236,0.1270878,0.118062,0.1020804,
359,0.0,0.08247,0.0656033,0.1100899,0.0257796,0.074768,0.1244661,0.1404552,0.1068888,
360,0.0,0.1007819,0.1346277,0.0747704,0.0152729,0.1098004,0.1406558,0.082735,0.0226806,
361,0.0,0.1563308,0.1490117,0.1181278,0.0403061,0.0864498,0.1948816,0.0591,0.0771289,
362,0.0,0.1401906,0.0526266,0.0752498,0.0759688,0.0671075,0.0814173,0.0604543,0.0749903,
363,0.0,0.1046406,0.0482255,0.0622979,0.0553769,0.0454269,0.1448618,0.0811297,0.0757695,
364,0.0,0.0921569,0.1039145,0.046021,0.0646967,0.0707282,0.1295289,0.0533885,0.0812264,
365,0.0,0.111223,0.0700111,0.0294533,0.0843514,0.0834967,0.116628,0.0504612,0.1795447,
366,0.0,0.1316479,0.0475607,0.047457,0.0772913,0.1008654,0.0820081,0.1805557,0.3060621,
367,0.0,0.1294198,0.0951509,0.0738422,0.141957,0.1377627,0.0741805,0.1142556,0.2087017,
368,0.0,0.1253534,0.1377558,0.1117449,0.1358732,0.192404,0.089193,0.1053372,0.1270449,
369,0.0,0.0701086,0.0468722,0.0739863,0.1023908,0.2073614,0.096495,0.0838651,0.0771922,
370,0.0,0.1106269,0.0882333,0.1269961,0.0715753,0.2055896,0.1121486,0.0898753,0.0626197,
371,0.0,0.1070006,0.1057629,0.109334,0.0827644,0.1365103,0.1319727,0.0590299,0.1370318,
372,0.0,0.0686614,0.1172509,0.1179831,0.0745858,0.089778,0.1218306,0.0677737,0.1080573,
373,0.0,0.0666674,0.1204454,0.0972305,0.1036593,0.0981538,0.086747,0.0393961,0.1014013,
374,0.0,0.0561967,0.1007485,0.0759905,0.0735465,0.1116648,0.0232411,0.047021,0.093451,
375,0.0,0.0605879,0.1088246,0.0653303,0.0752138,0.1124613,0.0358022,0.0538134,0.0954488,
376,0.0,0.0932809,0.1163754,0.1190537,0.0933416,0.0191855,0.0607034,0.0654389,0.1176834,
377,0.0,0.199836,0.2098191,0.1257298,0.0962387,0.0683198,0.0691977,0.0908085,0.0937567,
378,0.0,0.1134405,0.1913625,0.0825378,0.0484538,0.2242953,0.1980505,0.1449573,0.1005624,
379,0.0,0.1264986,0.1913509,0.081317,0.0286506,0.0691658,0.1075981,0.1325858,0.1229263,
380,0.0,0.1175547,0.1895078,0.0918027,0.0624254,0.0935029,0.1274008,0.0838744,0.1051802,
381,0.0,0.1035979,0.1569795,0.1133114,0.0919599,0.1033171,0.1054127,0.0540582,0.0414672,
382,0.0,0.0831306,0.133688,0.069787,0.1034455,0.1027454,0.0941763,0.0424425,0.0467529,
383,0.0,0.066237,0.1245161,0.0636198,0.0934831,0.1067255,0.1028204,0.051064,0.0459897,
384,0.0,0.0726145,0.1252521,0.0583936,0.0876675,0.0999893,0.0846102,0.0709214,0.0904756,
385,0.0,0.0480321,0.0896674,0.0622116,0.0547336,0.1234963,0.1150186,0.0440747,0.0545423,
386,0.0,0.0489079,0.0699349,0.0605157,0.0385547,0.1208649,0.1762073,0.0737105,0.0837843,
387,0.0,0.0339389,0.0633699,0.0574043,0.043434,0.0875279,0.2247917,0.089632,0.0642568,
388,0.0,0.039573,0.0599294,0.0739505,0.0714069,0.0468291,0.1406171,0.0803371,0.072758,
389,0.0,0.0572633,0.0971572,0.055627,0.06289,0.0191335,0.0666224,0.0769059,0.0565084,
390,0.0,0.0374819,0.0955089,0.0421344,0.0584152,0.0277162,0.0551452,0.099514,0.050054,
391,0.0,0.0475046,0.0655308,0.052555,0.017538,0.085213,0.0403452,0.0666954,0.0497607,
392,0.0,0.0392462,0.0621956,0.038985,0.0357554,0.0879995,0.0298743,0.0438515,0.0780142,
393,0.0,0.0545995,0.0408646,0.0607083,0.0561117,0.0812322,0.05834,0.03832,0.0696904,
394,0.0,0.0658819,0.0793559,0.0713101,0.0270033,0.0453012,0.0590112,0.0941423,0.0451653,
395,0.0,0.0526788,0.0808343,0.0356427,0.083111,0.0770781,0.050837,0.0956099,0.0384002,
396,0.0,0.0409351,0.0546553,0.0374161,0.0900536,0.1173702,0.086447,0.0866454,0.0413227,
397,0.0,0.0875043,0.122084,0.0327449,0.0779892,0.0986952,0.0582324,0.0630709,0.03231,
398,0.0,0.0700243,0.092077,0.0397393,0.0963411,0.0408244,0.0648754,0.0462272,0.0694248,
399,0.0,0.0591044,0.1194385,0.0745189,0.0732337,0.1162018,0.1337052,0.0442795,0.0581243,
400,0.0,0.061391,0.08676,0.083498,0.0599958,0.0771726,0.1030443,0.056456,0.0498888,
401,0.0,0.0643464,0.0673533,0.0688558,0.048165,0.0611132,0.0749111,0.079299,0.0317448,
402,0.0,0.0714049,0.0813848,0.0755493,0.1141136,0.0865488,0.0955389,0.0710949,0.0505579,
403,0.0,0.0431683,0.0849394,0.0664744,0.0601908,0.034187,0.0843054,0.069948,0.0635693,
404,0.0,0.0755723,0.066982,0.0445525,0.0338366,0.0548166,0.0570387,0.030276,0.0786383,
405,0.0,0.0664241,0.0798249,0.03506,0.0110712,0.058298,0.0675535,0.0426785,0.1048916,
406,0.0,0.0434268,0.0544891,0.0273479,0.0251308,0.0732461,0.0444442,0.0460595,0.1048399,
407,0.0,0.0424208,0.0524437,0.0262388,0.033158,0.1405771,0.0873314,0.1094211,0.1384524,
408,0.0,0.0515767,0.0610046,0.0430586,0.0538094,0.0811713,0.0498686,0.0334583,0.0502113,
409,0.0,0.0345909,0.0548691,0.0439884,0.0690736,0.0660938,0.0310019,0.0295069,0.0445346,
410,0.0,0.0532763,0.0500044,0.0889087,0.0746141,0.0458396,0.0156207,0.0384853,0.0359901,
411,0.0,0.0457131,0.0548877,0.1058502,0.1120645,0.0287642,0.0229247,0.0416604,0.0316741,
412,0.0,0.0419892,0.0710004,0.1608752,0.0556998,0.0544453,0.0464229,0.0686077,0.0575542,
413,0.0,0.0573179,0.0635215,0.1048843,0.0829231,0.0626236,0.1013481,0.1156437,0.1234258,
414,0.0,0.1208654,0.038744,0.0799525,0.0564602,0.065318,0.0859385,0.1011211,0.1070823,
415,0.0,0.1472741,0.0533922,0.0454675,0.0329444,0.0687207,0.03874,0.0690751,0.0700515,
416,0.0,0.1039472,0.0191132,0.0280012,0.0417724,0.0553099,0.0344661,0.0336804,0.0611996,
417,0.0,0.0468958,0.0192056,0.0172242,0.0346394,0.0569404,0.0626609,0.0312528,0.0808068,
418,0.0,0.0388126,0.0683718,0.0220005,0.0397751,0.0241441,0.0412736,0.0348684,0.0701822,
419,0.0,0.0425729,0.0237188,0.0587354,0.0307077,0.0416237,0.0434474,0.0332615,0.0598831,
420,0.0,0.0431437,0.0166403,0.0629305,0.0560909,0.0295637,0.0483535,0.0209974,0.0547356,
421,0.0,0.0211197,0.0477068,0.0819802,0.013726,0.0229589,0.0605543,0.0365164,0.0392059,
422,0.0,0.0449468,0.0448071,0.0505718,0.0682084,0.0697794,0.07114,0.0100938,0.0407265,
423,0.0,0.0345551,0.0769308,0.0321831,0.0664709,0.0516204,0.0526415,0.017332,0.0311368,
424,0.0,0.0378357,0.0796052,0.0393014,0.0337168,0.0463822,0.052795,0.0254702,0.0235435,
425,0.0,0.0834492,0.1338424,0.1057564,0.0718186,0.0888934,0.07024,0.0619516,0.0738171,
426,0.0,0.0399404,0.1165505,0.0638713,0.0299397,0.0412898,0.0984176,0.0272662,0.0420763,
427,0.0,0.0329908,0.0740657,0.0301962,0.0421135,0.0753282,0.0635964,0.0349862,0.0343662,
428,0.0,0.0368945,0.0556783,0.0723952,0.0331228,0.0843394,0.073147,0.0152305,0.0293198,
429,0.0,0.0388575,0.0604774,0.0602242,0.0460663,0.0703432,0.1115978,0.0208021,0.0201883,
430,0.0,0.0412157,0.0366216,0.0709972,0.0625174,0.0772534,0.0324421,0.0361282,0.0262117,
431,0.0,0.0249774,0.0367262,0.0625804,0.0767011,0.0463496,0.02447,0.0166519,0.0612649,
432,0.0,0.0349042,0.0286376,0.0522529,0.0506914,0.0789848,0.0206063,0.0418385,0.0649682,
433,0.0,0.0537672,0.0399061,0.0607674,0.0353659,0.0597352,0.040885,0.0324457,0.0891641,
434,0.0,0.0543347,0.0608646,0.0505156,0.0394736,0.0782157,0.074997,0.0689401,0.0695484,
435,0.0,0.0667167,0.0911999,0.0453352,0.0488877,0.1037525,0.0270388,0.0493092,0.0690147,
436,0.0,0.0954108,0.0490304,0.0420334,0.0467823,0.0941699,0.0564518,0.0280063,0.0634502,
437,0.0,0.0781028,0.0329131,0.0565077,0.0494318,0.0548151,0.0559507,0.0242256,0.0627061,
438,0.0,0.0702671,0.0540727,0.0391807,0.0560373,0.0954551,0.1068738,0.0557391,0.1046147,
439,0.0,0.0824085,0.049222,0.068284,0.0927249,0.082907,0.0558245,0.0880125,0.0736543,
440,0.0,0.0824796,0.0389844,0.1053866,0.0420018,0.0705267,0.0263025,0.0746038,0.0521755,
441,0.0,0.0442214,0.0385011,0.0707267,0.03248,0.1120856,0.0552306,0.0575363,0.0399359,
442,0.0,0.0427782,0.0880573,0.060807,0.0741279,0.1327537,0.0619327,0.0385615,0.0588508,
443,0.0,0.0502119,0.1009622,0.1301856,0.0668384,0.1382957,0.052014,0.0707737,0.1224528,
444,0.0,0.0617043,0.0462768,0.1319865,0.107031,0.0909291,0.0555704,0.0514228,0.124685,
445,0.0,0.0314768,0.0509083,0.0453352,0.030382,0.048905,0.0552401,0.0537705,0.1499154,
446,0.0,0.0384435,0.1189904,0.0632518,0.0596427,0.0634804,0.0497205,0.0586809,0.1014964,
447,0.0,0.0266046,0.1236791,0.0692204,0.0755862,0.0477051,0.0575104,0.0880989,0.0883674,
448,0.0,0.1036684,0.1277017,0.0128349,0.0540065,0.0256307,0.0857231,0.1256059,0.0881678,
449,0.0,0.1112217,0.0869737,0.0121101,0.0681371,0.0181316,0.1472923,0.0982602,0.0845099,
450,0.0,0.0404235,0.1070311,0.0426814,0.0293213,0.0621482,0.0342464,0.0537345,0.074524,
451,0.0,0.0687115,0.0657151,0.0472946,0.0200408,0.0542999,0.0728437,0.0851788,0.0284072,
452,0.0,0.0580528,0.0462723,0.0482653,0.0542661,0.0469681,0.0175379,0.0862818,0.0174379,
453,0.0,0.0446672,0.0645682,0.0880963,0.0392657,0.0582403,0.0191109,0.0508901,0.0609974,
454,0.0,0.0450005,0.0524232,0.0980601,0.0340871,0.0541711,0.0409675,0.0416868,0.050573,
455,0.0,0.0511506,0.0371393,0.0833198,0.0249473,0.0369552,0.0545901,0.0300924,0.049268,
456,0.0,0.0208989,0.0202216,0.0741949,0.0422016,0.0282171,0.0521631,0.0614521,0.0753361,
457,0.0,0.0686613,0.0233101,0.0582275,0.0262734,0.0747644,0.0515809,0.0598448,0.0731866,
458,0.0,0.0918931,0.041735,0.0312737,0.0621907,0.0627494,0.0314939,0.0550599,0.067905,
459,0.0,0.0464829,0.0784425,0.1139304,0.0987421,0.10929,0.0081895,0.0610349,0.1897163,
460,0.0,0.0350418,0.0637539,0.0812984,0.049656,0.1152832,0.0485377,0.0434091,0.1075616,
461,0.0,0.0522941,0.0427121,0.0777298,0.0731381,0.0721234,0.0859997,0.0432815,0.1044422,
462,0.0,0.064169,0.0648309,0.0758093,0.0869127,0.0691525,0.0579746,0.0592982,0.103778,
463,0.0,0.071169,0.0833397,0.1010245,0.0608167,0.0486412,0.0634943,0.0188457,0.116947,
464,0.0,0.0504351,0.053221,0.0536394,0.0647284,0.0806251,0.0528893,0.0545036,0.0601892,
465,0.0,0.0558088,0.0500688,0.0655421,0.0444945,0.0293463,0.0474834,0.0829873,0.0666775,
466,0.0,0.0478048,0.0577298,0.0605141,0.0326895,0.0474377,0.0365618,0.0973627,0.0763952,
467,0.0,0.0381639,0.0657297,0.0571185,0.0369095,0.0572759,0.012318,0.056312,0.0198316,
468,0.0,0.028491,0.0235164,0.0413378,0.0403827,0.0589603,0.0332384,0.0600541,0.0389954,
469,0.0,0.0343519,0.033407,0.0326101,0.0533855,0.0718305,0.0370927,0.0685158,0.0481917,
470,0.0,0.0362417,0.0243825,0.02962,0.0341096,0.0653686,0.0236073,0.0538102,0.0373141,
471,0.0,0.0471771,0.0450204,0.0193987,0.0232626,0.0438199,0.0146702,0.0263049,0.0384877,
472,0.0,0.0321122,0.0073478,0.029129,0.0566425,0.1061613,0.0504121,0.0181449,0.0427836,
473,0.0,0.0555814,0.0608869,0.0923527,0.0387965,0.087766,0.0739624,0.0649752,0.0714374,
474,0.0,0.0226957,0.1218231,0.209714,0.0894888,0.0719756,0.0478661,0.0709557,0.1188856,
475,0.0,0.0833024,0.112263,0.1459378,0.0446054,0.0348245,0.082428,0.0760244,0.075701,
476,0.0,0.0627181,0.1075664,0.0627358,0.0274273,0.0502101,0.0784194,0.0934463,0.0653913,
477,0.0,0.0385774,0.0752196,0.0948759,0.024915,0.1047662,0.0217522,0.0476281,0.05294,
478,0.0,0.0283161,0.081603,0.0342776,0.0666647,0.058531,0.030365,0.0282443,0.0345379,
479,0.0,0.0449609,0.0822667,0.0512944,0.0323304,0.0684324,0.044434,0.0663432,0.036235,
480,0.0,0.041882,0.0121761,0.0268261,0.0445957,0.0652227,0.0347623,0.0475929,0.0427934,
481,0.0,0.019149,0.0279708,0.0482642,0.0438707,0.0320108,0.0375597,0.0659833,0.0507903,
482,0.0,0.0668382,0.0312576,0.0693531,0.0455091,0.0384298,0.0293292,0.0857035,0.0465862,
483,0.0,0.0477227,0.0949381,0.0888973,0.0482373,0.0350372,0.0379499,0.0649492,0.076605,
484,0.0,0.0414873,0.0839053,0.1160422,0.0879282,0.0645841,0.0524431,0.1007994,0.096626,
485,0.0,0.0176259,0.060182,0.0777883,0.0583687,0.0691357,0.0515539,0.0556939,0.0932177,
486,0.0,0.0158609,0.039373,0.0927646,0.0372693,0.0459452,0.040492,0.0652443,0.0315744,
487,0.0,0.0122161,0.0167995,0.0716055,0.0675631,0.0535045,0.0209106,0.0507506,0.0158819,
488,0.0,0.0525033,0.0177407,0.0273081,0.1034566,0.063735,0.036375,0.0566543,0.0195578,
489,0.0,0.0937782,0.0330141,0.073791,0.1016713,0.069516,0.0503443,0.0745217,0.0642653,
490,0.0,0.0888621,0.0680509,0.0440558,0.1251306,0.0692977,0.0191633,0.1032501,0.0794753,
491,0.0,0.0404026,0.0348226,0.0575277,0.0549086,0.0784008,0.0533243,0.0386139,0.0822427,
492,0.0,0.0437534,0.0958733,0.0365157,0.0272828,0.1177888,0.0217907,0.0299525,0.112162,
493,0.0,0.0694329,0.0802722,0.0289826,0.0344332,0.0727708,0.0284006,0.0293873,0.1098637,
494,0.0,0.0417892,0.0830539,0.0766198,0.0290214,0.0894411,0.027393,0.0248205,0.0598297,
495,0.0,0.0636355,0.1042421,0.0607517,0.0331719,0.1128126,0.0641951,0.0980064,0.0660526,
496,0.0,0.0297163,0.03761,0.0468181,0.0851861,0.2178938,0.0577053,0.140307,0.1019663,
497,0.0,0.1352683,0.038958,0.0496326,0.1019919,0.1911267,0.07655,0.1438498,0.0989109,
498,0.0,0.1801792,0.0536598,0.0924387,0.1301253,0.1884595,0.1081391,0.0588241,0.0972576,
499,0.0,0.2089055,0.0651976,0.0708918,0.1737521,0.1880253,0.0694986,0.1108709,0.0619613,
500,0.0,0.1981815,0.051365,0.0601937,0.2487747,0.1364026,0.0922545,0.1857723,0.0538154,
501,0.0,0.2138468,0.037496,0.1402808,0.2654736,0.159822,0.0711608,0.1381473,0.0540467,
502,0.0,0.1410882,0.0967514,0.1280872,0.1583715,0.1372485,0.0624735,0.1881601,0.0667255,
503,0.0,0.103297,0.0841945,0.0710204,0.1335775,0.1037171,0.0730381,0.0854766,0.0847842,
504,0.0,0.0276123,0.0397611,0.0187505,0.1434421,0.0669932,0.1034784,0.0957687,0.061797,
505,0.0,0.0356161,0.0098099,0.0528982,0.1010224,0.0227156,0.09207,0.0441632,0.0688165,
506,0.0,0.0242269,0.0211237,0.0305295,0.0370635,0.0358418,0.0438956,0.0227579,0.0956654,
507,0.0,0.0553817,0.0313237,0.0560739,0.0461553,0.0327505,0.0486266,0.0249113,0.0765657,
508,0.0,0.0263608,0.0342356,0.0456123,0.0507006,0.0439704,0.0500034,0.0352496,0.0874564,
509,0.0,0.0082009,0.0482306,0.0586699,0.0650554,0.0269741,0.0542152,0.040569,0.0646086,
510,0.0,0.0356793,0.0191885,0.0513656,0.0650583,0.0367603,0.0733828,0.0345114,0.0245975,
511,0.0,0.0433582,0.0286991,0.0363753,0.0725679,0.0342246,0.0827359,0.0411289,0.0472164,
512,0.0,0.0366936,0.0356753,0.0273807,0.1166436,0.0102201,0.0754474,0.0576391,0.0362919,
513,0.0,0.0291497,0.0652196,0.0279276,0.1571694,0.0229324,0.0964687,0.0393846,0.050573,
514,0.0,0.0728308,0.0549032,0.0280049,0.1165359,0.0524431,0.104689,0.0857408,0.0487165,
515,0.0,0.0725834,0.0531615,0.0610986,0.1109224,0.0569495,0.0861365,0.0873699,0.025415,
516,0.0,0.0844333,0.0840465,0.0439676,0.1744601,0.075543,0.0835582,0.0753528,0.0457552,
517,0.0,0.1198626,0.1147323,0.0459141,0.2017482,0.0853103,0.1270904,0.0501942,0.0066712,
518,0.0,0.103267,0.1170362,0.0491326,0.2111774,0.0652828,0.1293573,0.0293979,0.0221638,
519,0.0,0.077484,0.1251204,0.0073338,0.2419295,0.0580535,0.0958513,0.048309,0.047687,
520,0.0,0.0785292,0.1467944,0.1328667,0.2283137,0.0667154,0.2092215,0.0505677,0.0670359,
521,0.0,0.0899876,0.0899994,0.1060371,0.3394834,0.0721356,0.4683915,0.0468939,0.0603278,
522,0.0,0.1024467,0.0909803,0.0931377,0.2482234,0.0851999,0.1091238,0.0978829,0.0770361,
523,0.0,0.0906434,0.1182529,0.0552282,0.2364989,0.096189,0.1002534,0.0889373,0.0686891,
524,0.0,0.1007903,0.1184898,0.0716076,0.2508922,0.1209418,0.0638348,0.0929369,0.1103203,
525,0.0,0.1074856,0.0952479,0.0407997,0.1997088,0.1090622,0.079912,0.0932527,0.1071612,
526,0.0,0.1062211,0.106046,0.022301,0.1274765,0.1006668,0.0808311,0.087033,0.1132211,
527,0.0,0.1110037,0.1045419,0.0262275,0.2133043,0.1898581,0.0525404,0.0965818,0.1831854,
528,0.0,0.1365533,0.0800187,0.0341773,0.1957026,0.1930284,0.0746376,0.1704361,0.2119832,
529,0.0,0.0520837,0.0701836,0.0494143,0.1453604,0.1894094,0.052244,0.1103096,0.1901403,
530,0.0,0.0345061,0.0426394,0.0740054,0.1304613,0.2176015,0.0708543,0.1054618,0.1901381,
531,0.0,0.0712621,0.0607348,0.0470104,0.0883216,0.1077064,0.0352546,0.0797986,0.1806875,
532,0.0,0.1344276,0.0783855,0.0374023,0.0609163,0.0270373,0.116013,0.126963,0.1461615,
533,0.0,0.0621152,0.0484224,0.1074753,0.033028,0.0248227,0.1427389,0.1353217,0.1027413,
534,0.0,0.0800587,0.06854,0.1279857,0.0272729,0.0722887,0.1510851,0.12306,0.1277413,
535,0.0,0.0391206,0.0601192,0.0421792,0.0355196,0.1051946,0.1208036,0.1108396,0.1500402,
536,0.0,0.0651901,0.0587931,0.0801508,0.0259738,0.0901419,0.0489673,0.1199544,0.086574,
537,0.0,0.0399195,0.0097276,0.1045398,0.0253413,0.0938785,0.0297983,0.1019239,0.0646455,
538,0.0,0.0404801,0.0601161,0.0770364,0.0503286,0.0474888,0.0905675,0.0690574,0.0628387,
539,0.0,0.0429923,0.1224774,0.1009179,0.0673366,0.0392519,0.1059004,0.0870134,0.0189224,
540,0.0,0.062083,0.071147,0.0633151,0.0878936,0.0429452,0.0707953,0.165638,0.0451545,
541,0.0,0.0652393,0.1529204,0.0530092,0.1719145,0.0634381,0.1336037,0.2954485,0.0691311,
542,0.0,0.0434105,0.0788249,0.0661965,0.2292941,0.08192,0.1667374,0.2064217,0.0831056,
543,0.0,0.1232541,0.0893854,0.0838521,0.2418914,0.0964648,0.1322427,0.1347295,0.0226756,
544,0.0,0.1353557,0.1093968,0.0955822,0.1968982,0.0919205,0.0966596,0.1386953,0.0397506,
545,0.0,0.0670704,0.061595,0.0799045,0.0545796,0.0211511,0.0813767,0.0820926,0.0411545,
546,0.0,0.0689833,0.0493705,0.0620274,0.0363155,0.0109813,0.0800215,0.0554845,0.0410752,
547,0.0,0.0436196,0.0373213,0.078616,0.0316787,0.0247687,0.0872395,0.0607193,0.0760515,
548,0.0,0.0407173,0.022188,0.1253608,0.0464749,0.0078559,0.0621433,0.0188978,0.1088739,
549,0.0,0.0614367,0.0933364,0.131096,0.0920486,0.0384784,0.1055421,0.0758278,0.0838644,
550,0.0,0.0656389,0.1010731,0.1268418,0.1011724,0.0689761,0.0967184,0.0373505,0.0920133,
551,0.0,0.0101675,0.0702619,0.0797069,0.0902281,0.1143613,0.0469523,0.0199419,0.1435841,
552,0.0,0.0225258,0.0509293,0.0482548,0.0748167,0.101377,0.029718,0.0553834,0.066392,
553,0.0,0.0235172,0.0628105,0.027719,0.0943839,0.1093512,0.0701397,0.0460283,0.0778115,
554,0.0,0.0420555,0.0739697,0.0148325,0.1182417,0.0773934,0.0797024,0.0842553,0.1161363,
555,0.0,0.0352775,0.0810511,0.0734614,0.0379693,0.0492923,0.0659782,0.0770126,0.0827234,
556,0.0,0.0470126,0.0648288,0.0503339,0.0507395,0.047003,0.0865172,0.084232,0.1061465,
557,0.0,0.0927581,0.0960171,0.1309834,0.111706,0.1009557,0.102845,0.1223996,0.1122143,
558,0.0,0.109973,0.0720082,0.1127402,0.1452979,0.1049381,0.1091522,0.1587909,0.1443324,
559,0.0,0.0946905,0.0643411,0.0810998,0.1129074,0.0449159,0.1003497,0.1433519,0.1206711,
560,0.0,0.0985488,0.0511763,0.1155605,0.1186617,0.0805962,0.0908926,0.1117039,0.1188391,
561,0.0,0.1116494,0.0784735,0.1256405,0.1483434,0.0946169,0.0743636,0.135286,0.0930799,
562,0.0,0.1100957,0.0997038,0.1047505,0.1820305,0.091955,0.1037242,0.167915,0.0789808,
563,0.0,0.0877277,0.082785,0.0620619,0.1519891,0.0379766,0.0999986,0.1183158,0.0881408,
564,0.0,0.064064,0.0511281,0.0822534,0.1159171,0.0852277,0.126573,0.0852892,0.1129693,
565,0.0,0.0941347,0.0398068,0.1029862,0.1346159,0.0544633,0.1425996,0.0898471,0.1463275,
566,0.0,0.0481615,0.0488268,0.0515519,0.1166341,0.0708361,0.0824118,0.1124041,0.1851858,
567,0.0,0.0496509,0.0599535,0.0568243,0.1329657,0.0727613,0.0638797,0.0442509,0.1598311,
568,0.0,0.0633714,0.0704492,0.0364712,0.0992254,0.0698438,0.0367643,0.0593967,0.1679573,
569,0.0,0.0854636,0.0701435,0.0413015,0.0388373,0.0578615,0.0330586,0.1054544,0.1711906,
570,0.0,0.0577399,0.063768,0.0477113,0.0881853,0.0377314,0.0266247,0.0684373,0.1070102,
571,0.0,0.0863557,0.0743802,0.0575725,0.1062155,0.0474346,0.015367,0.053855,0.1256883,
572,0.0,0.0598644,0.0724989,0.0485962,0.094772,0.0488501,0.0187913,0.0846182,0.1148906,
573,0.0,0.0897012,0.0631301,0.0306133,0.0510387,0.0563446,0.0488213,0.109435,0.0990091,
574,0.0,0.084677,0.0720997,0.0547461,0.0782161,0.0870381,0.049136,0.0978404,0.0759492,
575,0.0,0.0886926,0.0715795,0.0372128,0.091599,0.0797881,0.0883821,0.1082034,0.1102817,
576,0.0,0.1287905,0.1088085,0.0441627,0.221146,0.1123649,0.200765,0.1262003,0.1603473,
577,0.0,0.0791199,0.0985973,0.0563764,0.1715817,0.1516203,0.1687659,0.1340074,0.1404044,
578,0.0,0.077745,0.0325129,0.051442,0.1451501,0.1666843,0.1504255,0.197434,0.0586761,
579,0.0,0.1328586,0.0874082,0.0391696,0.2391156,0.1866916,0.2479291,0.2569963,0.0786038,
580,0.0,0.177378,0.0694606,0.0597148,0.2418012,0.0804154,0.3871473,0.304661,0.0844248,
581,0.0,0.1052388,0.0998288,0.0564833,0.2086571,0.0916443,0.2083024,0.1850667,0.0814283,
582,0.0,0.1229327,0.11637,0.0033151,0.206806,0.1085007,0.0842928,0.1316714,0.0881107,
583,0.0,0.1970256,0.1941534,0.0941044,0.275106,0.1298526,0.2490775,0.113416,0.2754636,
584,0.0,0.1743342,0.2178753,0.0379668,0.3362671,0.0679109,0.3910751,0.190846,0.1008515,
585,0.0,0.1924597,0.1673081,0.0435177,0.3037098,0.0806508,0.2675495,0.0994909,0.1077552,
586,0.0,0.1609035,0.1305685,0.0793001,0.2382966,0.0282543,0.110037,0.1227576,0.1079568,
587,0.0,0.1358852,0.0790122,0.0703957,0.2288398,0.0627898,0.0942349,0.1058364,0.0573732,
588,0.0,0.1600576,0.0637273,0.0931023,0.2197733,0.0648379,0.1214669,0.0871986,0.0757457,
589,0.0,0.1297456,0.0703373,0.0686354,0.2129423,0.0778622,0.1768173,0.1026007,0.1433401,
590,0.0,0.0873173,0.0643357,0.0640154,0.187337,0.0593733,0.0870477,0.0914126,0.1011494,
591,0.0,0.0767941,0.0726541,0.0550182,0.2278075,0.0249238,0.0335733,0.0956294,0.0318309,
592,0.0,0.0910634,0.0489595,0.0287137,0.1723692,0.0124411,0.0405595,0.0293596,0.0446671,
593,0.0,0.0392225,0.0312992,0.0532451,0.1714254,0.0608974,0.0601056,0.0705598,0.0267784,
594,0.0,0.056439,0.0346072,0.0490946,0.1561902,0.0434063,0.0659946,0.0748135,0.0165858,
595,0.0,0.031698,0.0250139,0.0480391,0.0794391,0.0466424,0.0516672,0.0641348,0.0440911,
596,0.0,0.0146938,0.0488677,0.0460195,0.0320848,0.0490372,0.0709644,0.0536994,0.0523425,
597,0.0,0.0631733,0.0117703,0.0391828,0.0769779,0.0627098,0.0463677,0.0712651,0.0640305,
598,0.0,0.0427229,0.0208948,0.0355722,0.0571073,0.0640335,0.0589856,0.0514571,0.0702942,
599,0.0,0.069913,0.0130542,0.0474367,0.0727959,0.0660603,0.1127771,0.1366606,0.0743918,
600,0.0,0.0836699,0.0394528,0.0329755,0.0590127,0.0848555,0.0761453,0.0580964,0.0775881,
601,0.0,0.0501106,0.0216696,0.0466437,0.0885587,0.0703328,0.0757396,0.0398566,0.0536394,
602,0.0,0.0989569,0.0184963,0.0327934,0.0507863,0.069771,0.0839993,0.0760972,0.0792816,
603,0.0,0.1161945,0.0268943,0.048355,0.0128787,0.0448675,0.0576014,0.0566139,0.0776622,
604,0.0,0.0493671,0.0990865,0.0445671,0.0714576,0.0678198,0.0634706,0.0955052,0.1240177,
605,0.0,0.0664029,0.1269247,0.0318331,0.0763254,0.0683078,0.1333979,0.1213272,0.1483309,
606,0.0,0.0468901,0.0835535,0.0211948,0.0466025,0.0857192,0.0522008,0.074439,0.1396991,
607,0.0,0.0469095,0.0661353,0.0219279,0.0908229,0.1178084,0.0645953,0.0557034,0.1226809,
608,0.0,0.0535823,0.0352228,0.074772,0.0870779,0.043239,0.0608117,0.1113166,0.1194141,
609,0.0,0.0760089,0.1403234,0.0806824,0.0806699,0.0871651,0.0957237,0.0920743,0.1126617,
610,0.0,0.0828985,0.2097877,0.2140638,0.0784436,0.1022348,0.0778455,0.0629842,0.1343124,
611,0.0,0.0269646,0.1146376,0.1269726,0.0762309,0.1063129,0.0349918,0.0705832,0.1293498,
612,0.0,0.0631344,0.0668454,0.0921836,0.0758438,0.108831,0.0823703,0.0408322,0.1661599,
