#Time_ps,0,10,20,30,50,100,300,500,1000,
1,0.0,0.0193237,0.0591276,0.049326,0.0266515,0.011718,0.0530787,0.1352038,0.0948314,
2,0.0,0.035753,0.012202,0.0927722,0.0281355,0.0456579,0.071232,0.1348154,0.1063996,
3,0.0,0.0343204,0.0414709,0.0790933,0.0297871,0.0435173,0.0888823,0.103499,0.0960915,
4,0.0,0.0284708,0.044782,0.0576288,0.0248332,0.059758,0.0461878,0.0781545,0.0936464,
5,0.0,0.0327808,0.035038,0.0583144,0.0128504,0.0709702,0.0753265,0.0636329,0.0595711,
6,0.0,0.0339251,0.0474833,0.0354286,0.0259091,0.0707394,0.0569638,0.0758469,0.0506754,
7,0.0,0.0460172,0.0612881,0.0673229,0.0517186,0.0610052,0.0465486,0.0844696,0.0237655,
8,0.0,0.0449627,0.0178589,0.0480168,0.0334082,0.0634544,0.093567,0.0613914,0.0595378,
9,0.0,0.0640025,0.0277466,0.0517109,0.0276662,0.053211,0.0801967,0.0892367,0.0950373,
10,0.0,0.0517229,0.0283127,0.0543363,0.033587,0.0232135,0.0815995,0.086448,0.0960561,
11,0.0,0.069794,0.0135444,0.0657872,0.0372257,0.0774086,0.0935726,0.077229,0.0893309,
12,0.0,0.0705772,0.0318664,0.0279965,0.0340254,0.0831634,0.1126205,0.1189326,0.0950152,
13,0.0,0.0572599,0.0128743,0.0414017,0.046264,0.0326195,0.1004177,0.0937175,0.1080458,
14,0.0,0.0848768,0.0195748,0.0469357,0.022296,0.0658873,0.096599,0.1057311,0.1068901,
15,0.0,0.0859479,0.0361609,0.0297817,0.0312415,0.0709927,0.0976397,0.1265627,0.0888829,
16,0.0,0.0364642,0.063956,0.0807582,0.0467182,0.0254838,0.0527771,0.0735996,0.1014435,
17,0.0,0.030965,0.0658039,0.0858814,0.0484688,0.0784094,0.0506321,0.0980264,0.0957019,
18,0.0,0.0343036,0.0660566,0.0917026,0.0522041,0.0601418,0.0540885,0.0957082,0.044989,
19,0.0,0.0288294,0.0459086,0.0931972,0.0512935,0.0786176,0.0677961,0.1021388,0.0458068,
20,0.0,0.0345081,0.0769194,0.0730258,0.0634722,0.0301464,0.0999291,0.0835224,0.0863239,
21,0.0,0.0563222,0.0699957,0.0549711,0.0686784,0.1158068,0.0867061,0.1212634,0.108147,
22,0.0,0.1223348,0.1190169,0.0613034,0.0960748,0.0772999,0.0745262,0.1304933,0.1534152,
23,0.0,0.1860979,0.1321504,0.0411956,0.2026642,0.0947671,0.1343117,0.1773788,0.2398468,
24,0.0,0.1800594,0.115487,0.0789375,0.2511611,0.1228582,0.0669789,0.1469155,0.1810177,
25,0.0,0.1069305,0.0657591,0.0632981,0.1157548,0.0874169,0.0703818,0.1103231,0.1133704,
26,0.0,0.0416075,0.0660658,0.0894957,0.0898047,0.0589297,0.0497499,0.1061352,0.0817135,
27,0.0,0.0264614,0.0487849,0.078816,0.0515637,0.0135005,0.0256094,0.093456,0.0768396,
28,0.0,0.0436301,0.0643929,0.0842729,0.0323716,0.0202863,0.0387391,0.0624577,0.0715071,
29,0.0,0.0340731,0.0677014,0.0938468,0.0144716,0.0152174,0.0826186,0.0743415,0.0615057,
30,0.0,0.0308688,0.0780487,0.0753131,0.0463665,0.0283808,0.0347996,0.0892644,0.0706689,
31,0.0,0.0199006,0.0649203,0.0958505,0.0642384,0.0224199,0.0321841,0.0728361,0.0731712,
32,0.0,0.0222982,0.0475464,0.0794005,0.0301781,0.058993,0.0739131,0.0381677,0.0679587,
33,0.0,0.0417153,0.0794088,0.0729465,0.0298837,0.0609596,0.0466781,0.0282434,0.04552,
34,0.0,0.0584931,0.0825086,0.1000827,0.0433741,0.0735155,0.1273475,0.1073684,0.0585505,
35,0.0,0.0496937,0.0423998,0.1043003,0.0418599,0.0631795,0.0669115,0.0876861,0.0774697,
36,0.0,0.0556991,0.059989,0.1120332,0.0277997,0.0480237,0.0426245,0.0975363,0.0660714,
37,0.0,0.0267691,0.0800362,0.0824519,0.029034,0.0616837,0.0266926,0.0998161,0.0341862,
38,0.0,0.0345529,0.0637558,0.0581935,0.057388,0.049266,0.0614339,0.0862146,0.0218975,
39,0.0,0.0448486,0.0590306,0.0758229,0.0498766,0.049524,0.0817483,0.0691331,0.0658103,
40,0.0,0.0202475,0.0440365,0.0650793,0.0338045,0.0702782,0.0556799,0.037703,0.0545615,
41,0.0,0.0558868,0.0441102,0.0658982,0.0647238,0.0829977,0.0486752,0.0631634,0.0699792,
42,0.0,0.0450828,0.0525909,0.063393,0.0470155,0.0862131,0.0617333,0.0906397,0.0909581,
43,0.0,0.0898206,0.0449426,0.0646706,0.0428854,0.0400617,0.0777945,0.0952575,0.1099303,
44,0.0,0.0989152,0.0608413,0.0714605,0.106797,0.0520791,0.0873098,0.0864128,0.1142599,
45,0.0,0.1177151,0.0738949,0.1286132,0.1587621,0.0445693,0.090208,0.1329807,0.1458057,
46,0.0,0.1831601,0.0720064,0.2206005,0.2320629,0.067586,0.1452683,0.1395845,0.1886695,
47,0.0,0.2198419,0.0757526,0.2211056,0.2776102,0.0646435,0.1544559,0.1347129,0.1341701,
48,0.0,0.1642068,0.0979509,0.1343832,0.209362,0.0864081,0.0942947,0.1089556,0.1368267,
49,0.0,0.1681721,0.0643297,0.1525483,0.1709383,0.1230758,0.1464519,0.0812679,0.0529887,
50,0.0,0.1592688,0.1081847,0.1731978,0.2664932,0.1323365,0.124135,0.1419253,0.0328348,
51,0.0,0.1921892,0.0907949,0.16448,0.2415382,0.1359458,0.1393742,0.116603,0.0673862,
52,0.0,0.2199337,0.0783924,0.1872318,0.2099681,0.0773871,0.1204966,0.1045,0.0680973,
53,0.0,0.1398872,0.1078875,0.1542264,0.1758116,0.0353545,0.0756196,0.1198651,0.0984105,
54,0.0,0.1069538,0.0897696,0.1380037,0.1388827,0.0409774,0.1208544,0.1046593,0.0982016,
55,0.0,0.1684385,0.1436102,0.1051856,0.1230638,0.0226038,0.1700796,0.0881316,0.0837802,
56,0.0,0.1991257,0.151797,0.1180485,0.1574865,0.0492442,0.1074786,0.1769663,0.0748186,
57,0.0,0.1496509,0.1414187,0.0994396,0.1355398,0.0349892,0.0704665,0.1476856,0.1328461,
58,0.0,0.0965122,0.0760127,0.0327362,0.1096067,0.0213374,0.0403991,0.1436294,0.154615,
59,0.0,0.0992289,0.0659444,0.0889764,0.098777,0.0574353,0.0854075,0.2011743,0.1274946,
60,0.0,0.1136553,0.210718,0.1056601,0.1179408,0.0964134,0.061814,0.1738399,0.080237,
61,0.0,0.0960289,0.1359744,0.0925667,0.0971118,0.1617134,0.0625032,0.1691307,0.1533016,
62,0.0,0.1059093,0.1360272,0.0798557,0.1332355,0.1675616,0.1272601,0.1915976,0.1467472,
63,0.0,0.0777881,0.1242324,0.0862705,0.1277328,0.0937616,0.042049,0.1365948,0.0622084,
64,0.0,0.0972961,0.1680484,0.0925865,0.1205805,0.1223366,0.0953546,0.2018302,0.1372782,
65,0.0,0.0687481,0.1437526,0.0318481,0.1193657,0.1036262,0.088745,0.1795013,0.1391306,
66,0.0,0.059827,0.1001354,0.0567307,0.0919129,0.0947443,0.0451925,0.1581928,0.1798466,
67,0.0,0.0665961,0.0669305,0.0969935,0.0922421,0.1284938,0.0712366,0.1460373,0.1652794,
68,0.0,0.0279782,0.0382117,0.0794576,0.0535073,0.0954623,0.0434345,0.1372625,0.1006517,
69,0.0,0.0364765,0.0434397,0.0193343,0.0301704,0.0968321,0.1059287,0.1448375,0.1777665,
70,0.0,0.0582189,0.0339058,0.1194065,0.0416183,0.1054424,0.0384326,0.1756883,0.1350205,
71,0.0,0.126654,0.1356662,0.0628555,0.1034349,0.1801504,0.1053576,0.1982561,0.1299207,
72,0.0,0.1011624,0.1053135,0.0380372,0.0700014,0.3165427,0.1400224,0.220426,0.0348272,
73,0.0,0.0697343,0.1083394,0.1366191,0.0456835,0.149998,0.0492845,0.2101062,0.0499955,
74,0.0,0.0494131,0.1100959,0.1186173,0.0516362,0.0862205,0.0684969,0.1971475,0.1192171,
75,0.0,0.0415321,0.0908473,0.0764538,0.0448752,0.044213,0.0657759,0.1439754,0.1360462,
76,0.0,0.0312106,0.119905,0.0669305,0.0503856,0.0318935,0.1130806,0.1529946,0.1342325,
77,0.0,0.0302504,0.1262374,0.0441965,0.0362015,0.0329286,0.0891773,0.1551673,0.0774749,
78,0.0,0.0434514,0.077706,0.0702988,0.0272778,0.0229046,0.1098072,0.1377436,0.0415807,
79,0.0,0.0686012,0.0652428,0.0890092,0.0282051,0.0135463,0.0869073,0.1091,0.0367467,
80,0.0,0.1029661,0.0776802,0.0867509,0.0824406,0.0487389,0.0372736,0.1188332,0.0605218,
81,0.0,0.0944983,0.0940841,0.0989184,0.0817278,0.0401162,0.0554502,0.1172613,0.0484317,
82,0.0,0.0415213,0.0704475,0.0829775,0.0318489,0.0429295,0.0751384,0.0633474,0.0699359,
83,0.0,0.0600914,0.0575196,0.1046214,0.0935891,0.0769774,0.0765336,0.0647918,0.1203735,
84,0.0,0.0802639,0.0549663,0.0597864,0.0841705,0.0341392,0.0455248,0.0690819,0.0757126,
85,0.0,0.0575497,0.0568322,0.0545071,0.0598282,0.0237635,0.0556511,0.08239,0.0501349,
86,0.0,0.0284454,0.0631012,0.0579969,0.0526778,0.0430321,0.0559448,0.0568628,0.0759898,
87,0.0,0.0219516,0.085495,0.0584413,0.0948839,0.0529959,0.0500286,0.0844822,0.0291591,
88,0.0,0.0493856,0.1409211,0.0579314,0.0853919,0.0452401,0.0955025,0.0833836,0.0505832,
89,0.0,0.0719447,0.1436246,0.0458024,0.0509927,0.0148871,0.066133,0.0842372,0.0662725,
90,0.0,0.0466574,0.1430513,0.0731114,0.0698699,0.0105438,0.0680212,0.0736528,0.0578948,
91,0.0,0.0507808,0.1530285,0.0628009,0.0640223,0.029985,0.0802348,0.0900274,0.1181672,
92,0.0,0.0439576,0.1067463,0.0509331,0.0499679,0.0440475,0.0730563,0.0846007,0.1676861,
93,0.0,0.0178235,0.0154497,0.0730008,0.0504068,0.0683485,0.04947,0.0932611,0.1460461,
94,0.0,0.0085396,0.0457373,0.0768509,0.0483905,0.0431555,0.0455041,0.0791639,0.1181278,
95,0.0,0.0238279,0.0523486,0.0730521,0.0626057,0.0677831,0.0139219,0.1052692,0.0887741,
96,0.0,0.0271639,0.0543218,0.0664394,0.1437058,0.0477803,0.0436291,0.1983286,0.1522384,
97,0.0,0.0879616,0.078495,0.06581,0.0292562,0.0371692,0.0578059,0.106549,0.0992265,
98,0.0,0.0514836,0.0740445,0.0534141,0.0368823,0.0326319,0.0722612,0.0747166,0.0803548,
99,0.0,0.0694288,0.0892431,0.1214698,0.0835895,0.0864304,0.0826913,0.0754981,0.1011023,
100,0.0,0.084558,0.0909658,0.0789104,0.0742295,0.1083781,0.0884758,0.0598729,0.1010292,
101,0.0,0.0687305,0.0588471,0.0528054,0.0170949,0.0685467,0.0901048,0.0395419,0.1187397,
102,0.0,0.0578522,0.0470504,0.0274823,0.0307983,0.0807913,0.0899595,0.0263066,0.1524069,
103,0.0,0.0445111,0.0330791,0.0260045,0.0533137,0.0636833,0.0790552,0.0896749,0.0806888,
104,0.0,0.0556031,0.0272332,0.0231668,0.0614659,0.0903645,0.0521198,0.1001948,0.0689936,
105,0.0,0.065905,0.0531464,0.0357351,0.0435859,0.0874936,0.0738347,0.0802511,0.0675933,
106,0.0,0.0895879,0.0547128,0.0495481,0.0808266,0.0605784,0.0316562,0.066903,0.0749455,
107,0.0,0.1410894,0.0379695,0.0774627,0.0857446,0.0944064,0.0856099,0.1030396,0.1603113,
108,0.0,0.1062143,0.0539882,0.0860919,0.0271818,0.0695126,0.0910569,0.0793699,0.2112986,
109,0.0,0.055763,0.0542038,0.0572744,0.05049,0.0696828,0.0326723,0.1303129,0.1063406,
110,0.0,0.0429478,0.0484864,0.0470235,0.0292868,0.0743758,0.0260491,0.0908438,0.0638497,
111,0.0,0.0450608,0.0519164,0.0349835,0.0497406,0.0497495,0.0320877,0.0224458,0.0678988,
112,0.0,0.0392464,0.0275135,0.0211155,0.0414385,0.0366174,0.0249213,0.0565404,0.0627673,
113,0.0,0.0515703,0.0368074,0.026555,0.0454275,0.044673,0.0432331,0.046641,0.0582883,
114,0.0,0.0651397,0.0364417,0.0511208,0.0317519,0.0423437,0.0315894,0.0292499,0.0397888,
115,0.0,0.0667843,0.0671835,0.0423139,0.0272434,0.0363466,0.0084394,0.1091668,0.0851223,
116,0.0,0.0542697,0.0722446,0.0456719,0.029092,0.0391439,0.0593606,0.117218,0.1003647,
117,0.0,0.046045,0.0762764,0.0728093,0.0350032,0.034939,0.0347043,0.0734414,0.083683,
118,0.0,0.0282568,0.0520928,0.0551947,0.0242273,0.0351027,0.0154465,0.0737107,0.0947322,
119,0.0,0.0318159,0.0598264,0.0813715,0.0879188,0.0665476,0.0522156,0.0850583,0.1096201,
120,0.0,0.0567821,0.0519904,0.0456398,0.0375399,0.1087423,0.0239597,0.0576758,0.0759404,
121,0.0,0.0561801,0.0196474,0.0315744,0.073662,0.1021312,0.0344678,0.123144,0.1784034,
122,0.0,0.0575806,0.0346625,0.0500288,0.0554905,0.0968063,0.0721631,0.1096201,0.1011813,
123,0.0,0.0686157,0.0232062,0.0584576,0.0377344,0.0265812,0.057228,0.092337,0.0815722,
124,0.0,0.0621027,0.0303499,0.0489004,0.0346588,0.0603995,0.0375879,0.0416251,0.0410525,
125,0.0,0.0624198,0.0168971,0.0430712,0.0219763,0.0627329,0.0152909,0.0270316,0.0377661,
126,0.0,0.0594275,0.036581,0.0309316,0.0301028,0.045126,0.0192294,0.0271836,0.0466614,
127,0.0,0.0681097,0.050851,0.0728065,0.0411342,0.0551652,0.0612802,0.0564323,0.0576736,
128,0.0,0.0571097,0.0736312,0.0704203,0.1000004,0.0525771,0.0599574,0.0444082,0.0580385,
129,0.0,0.0553544,0.0800014,0.0648377,0.0802964,0.0835643,0.0571237,0.0671963,0.0997179,
130,0.0,0.0910591,0.0508024,0.0632814,0.0282011,0.0781626,0.0528518,0.1711546,0.1450926,
131,0.0,0.099712,0.0530636,0.0659911,0.0493016,0.093345,0.0775093,0.1110795,0.1291961,
132,0.0,0.0955548,0.0484776,0.0789683,0.0857143,0.0982058,0.0967296,0.0864586,0.167988,
133,0.0,0.1100272,0.0462346,0.0325126,0.0600943,0.040822,0.0696253,0.0540366,0.1107663,
134,0.0,0.0977387,0.0700994,0.0385699,0.043124,0.0342178,0.0456886,0.0347925,0.0801265,
135,0.0,0.1114327,0.0829499,0.0264417,0.0233354,0.0820042,0.0626821,0.0295229,0.0640003,
136,0.0,0.1056172,0.0787314,0.0574361,0.0569983,0.0977791,0.0680725,0.0375797,0.0533653,
137,0.0,0.1129723,0.0759883,0.0395887,0.0919475,0.1297941,0.1044289,0.0288158,0.0672246,
138,0.0,0.0818068,0.0703866,0.0729792,0.0358546,0.060423,0.0441691,0.0443571,0.057567,
139,0.0,0.0983434,0.0633405,0.0338583,0.0333902,0.0325534,0.0278566,0.0401081,0.0506497,
140,0.0,0.1060133,0.0215379,0.038694,0.0472092,0.0343443,0.0460935,0.0374769,0.0302296,
141,0.0,0.0662683,0.0206991,0.0669531,0.0427191,0.0361512,0.1416928,0.0546878,0.071767,
142,0.0,0.1910828,0.1327836,0.1912811,0.0842614,0.0496033,0.129096,0.0403079,0.1010395,
143,0.0,0.1942005,0.1519144,0.2184379,0.1577153,0.0773953,0.0734487,0.0516729,0.1250913,
144,0.0,0.066731,0.1165922,0.0871732,0.05941,0.0163295,0.0570882,0.0459348,0.0733132,
145,0.0,0.027624,0.0651949,0.0967213,0.0587872,0.0246282,0.0662257,0.1056032,0.0915135,
146,0.0,0.0624765,0.0425685,0.0858127,0.0347661,0.0124879,0.035006,0.0830488,0.0986965,
147,0.0,0.0492592,0.0355809,0.0491238,0.0418414,0.0285453,0.0538035,0.0832025,0.0630913,
148,0.0,0.0460372,0.0513762,0.0363412,0.018849,0.0335875,0.0583557,0.0742001,0.0585954,
149,0.0,0.0554218,0.0410903,0.0856699,0.040722,0.0348144,0.0571915,0.0840543,0.07004,
150,0.0,0.0551911,0.0781115,0.0275143,0.0115238,0.0331891,0.0233683,0.0784071,0.0457502,
151,0.0,0.0650544,0.0538274,0.0429607,0.0228979,0.0302576,0.0607085,0.0662302,0.0724187,
152,0.0,0.0504785,0.0210891,0.0483726,0.0208147,0.035531,0.0481807,0.0576081,0.0441176,
153,0.0,0.0754316,0.0277214,0.0705279,0.0443547,0.0883779,0.031297,0.1387432,0.0940543,
154,0.0,0.0654682,0.0500828,0.0274488,0.0806702,0.1140095,0.0620301,0.1730286,0.0887452,
155,0.0,0.1168424,0.0988249,0.1007428,0.1178512,0.1363727,0.1144478,0.2313403,0.0532061,
156,0.0,0.0367833,0.0485754,0.0510275,0.0387133,0.0756487,0.103553,0.0931548,0.0731231,
157,0.0,0.0671257,0.0533577,0.0549514,0.0374918,0.0653757,0.0661335,0.0452658,0.0964941,
158,0.0,0.0713114,0.0538604,0.026683,0.0180824,0.0262583,0.0505181,0.0986335,0.0840551,
159,0.0,0.0288717,0.0371723,0.0098965,0.0484434,0.0499352,0.0316726,0.1057238,0.0808325,
160,0.0,0.0454239,0.0452466,0.0200192,0.0309514,0.0593601,0.0133991,0.0698293,0.0634852,
161,0.0,0.053988,0.0221011,0.0652466,0.0618566,0.0625563,0.0373328,0.0915869,0.0519186,
162,0.0,0.0699108,0.048297,0.048922,0.0312938,0.0489414,0.0204985,0.082762,0.0314103,
163,0.0,0.0781499,0.0423375,0.0262688,0.0324245,0.0327372,0.0475027,0.0731164,0.0307038,
164,0.0,0.1190429,0.0625497,0.0541854,0.0274489,0.0423832,0.0301672,0.0509826,0.0583278,
165,0.0,0.0981468,0.0545005,0.0578125,0.0624264,0.1037549,0.0379062,0.0701861,0.0688606,
166,0.0,0.1177765,0.0614222,0.054356,0.0532995,0.1170049,0.0706098,0.0530232,0.0862184,
167,0.0,0.1038828,0.0980151,0.0761003,0.0667685,0.1242845,0.0712015,0.0896902,0.0636551,
168,0.0,0.086238,0.1206744,0.1128174,0.0906012,0.1697759,0.1593402,0.1529706,0.0591042,
169,0.0,0.1520304,0.0862283,0.0847357,0.0570773,0.1568433,0.1510503,0.1462866,0.076047,
170,0.0,0.1199985,0.0477375,0.0737987,0.0515529,0.1658896,0.1035852,0.1437156,0.0969945,
171,0.0,0.1028024,0.0523706,0.0440077,0.0553584,0.0875178,0.04743,0.0618112,0.1142204,
172,0.0,0.0849943,0.0716769,0.0472556,0.0607915,0.0943703,0.0166805,0.0422892,0.0431052,
173,0.0,0.0920691,0.084005,0.0369424,0.070735,0.0743228,0.0773254,0.0510319,0.0522762,
174,0.0,0.0914733,0.0323522,0.062191,0.0519416,0.0283013,0.0402354,0.0932963,0.0968567,
175,0.0,0.0858249,0.0616152,0.0375966,0.0490245,0.046942,0.0449914,0.0817843,0.0641031,
176,0.0,0.0807802,0.105125,0.0486578,0.0804165,0.0269303,0.0632824,0.0450818,0.0834948,
177,0.0,0.0498217,0.0469228,0.0710279,0.0683171,0.0395479,0.0173406,0.051984,0.0359016,
178,0.0,0.0894887,0.0442706,0.0426118,0.0677544,0.1143616,0.0924504,0.0299854,0.0520878,
179,0.0,0.0797745,0.0320078,0.0531719,0.0815794,0.1289921,0.0707461,0.0727151,0.0145436,
180,0.0,0.0924027,0.0530413,0.0710154,0.0797696,0.0743133,0.0148013,0.0427715,0.0239814,
181,0.0,0.1133737,0.0469269,0.0621319,0.0580866,0.0721639,0.0188499,0.0572799,0.0469466,
182,0.0,0.1216725,0.0254293,0.0540443,0.0730041,0.0704307,0.0262796,0.0661443,0.0265443,
183,0.0,0.0744707,0.0512582,0.0553984,0.0780308,0.0801254,0.070339,0.105969,0.0240788,
184,0.0,0.0727192,0.0371954,0.1008836,0.050633,0.0285521,0.0702198,0.1514281,0.079211,
185,0.0,0.1021898,0.0796053,0.0945302,0.026045,0.0438557,0.0287854,0.1371451,0.049611,
186,0.0,0.0921791,0.079228,0.0911098,0.0370333,0.0175217,0.0532044,0.1382271,0.0734808,
187,0.0,0.0571641,0.0649873,0.0863284,0.0819307,0.0433,0.0782366,0.0981967,0.0874877,
188,0.0,0.0400684,0.0564873,0.0856872,0.1085028,0.0786048,0.0788789,0.0866238,0.216414,
189,0.0,0.2386109,0.1237203,0.1887611,0.161022,0.1332534,0.0850867,0.0794385,0.1731395,
190,0.0,0.263102,0.113337,0.1847425,0.1506779,0.0818751,0.0645611,0.1022774,0.0777165,
191,0.0,0.2608995,0.157858,0.2772425,0.2331696,0.1043155,0.1342751,0.1748968,0.08254,
192,0.0,0.0694592,0.0433993,0.1301572,0.1022146,0.0343595,0.1517352,0.1681448,0.1594056,
193,0.0,0.1210851,0.1250403,0.170128,0.0360847,0.0974743,0.1851516,0.1333241,0.2227351,
194,0.0,0.2085661,0.0479501,0.1083338,0.0211792,0.0378128,0.1290136,0.110075,0.0969882,
195,0.0,0.1798829,0.0689582,0.1281421,0.0720634,0.0530103,0.0857032,0.1086041,0.1023327,
196,0.0,0.158136,0.1349575,0.1728643,0.1186478,0.0775391,0.2088875,0.0802789,0.2089561,
197,0.0,0.0961049,0.0708938,0.0865622,0.0967488,0.0824036,0.1788708,0.1024975,0.1998613,
198,0.0,0.0595756,0.0413882,0.0882941,0.1211666,0.1286426,0.1580039,0.0852219,0.1432704,
199,0.0,0.0336085,0.0784323,0.0813948,0.123172,0.1302046,0.1414956,0.0757076,0.085637,
200,0.0,0.0387008,0.0377768,0.0735749,0.1410186,0.1123542,0.1382467,0.0684862,0.0823904,
201,0.0,0.0538394,0.0652042,0.0391425,0.1014579,0.1051408,0.1142524,0.0371057,0.0721675,
202,0.0,0.0441058,0.0500206,0.0401484,0.0866435,0.1040573,0.0727954,0.0386098,0.0782073,
203,0.0,0.0567697,0.0661761,0.0441256,0.0792168,0.0917704,0.0874979,0.057579,0.0728179,
204,0.0,0.0772973,0.0598224,0.034711,0.0610041,0.1043028,0.078012,0.0572073,0.0786662,
205,0.0,0.0472282,0.0694918,0.0362751,0.0515609,0.0425366,0.0542999,0.0409789,0.0657572,
206,0.0,0.1170738,0.0604369,0.0454099,0.0655859,0.0663849,0.0977593,0.0315221,0.0512056,
207,0.0,0.1414329,0.0549867,0.0175024,0.0499527,0.0398149,0.1123409,0.0561709,0.0479575,
208,0.0,0.0604184,0.0596584,0.0469121,0.0373079,0.0545717,0.1113802,0.0507379,0.0469452,
209,0.0,0.045772,0.0691788,0.0333861,0.0426575,0.0345576,0.1112104,0.0398836,0.0951347,
210,0.0,0.0497077,0.0276887,0.034196,0.0648704,0.0386478,0.1356311,0.0473906,0.0881142,
211,0.0,0.0326277,0.0582711,0.0607932,0.0192319,0.0412254,0.1490168,0.0343605,0.1009729,
212,0.0,0.0207937,0.0836224,0.0360876,0.0215139,0.0664249,0.1476644,0.0536585,0.1158135,
213,0.0,0.0291644,0.0611781,0.0207054,0.0614637,0.05344,0.1593675,0.0333983,0.1073882,
214,0.0,0.0219173,0.060359,0.0564927,0.0420236,0.077266,0.1902881,0.0283538,0.1278348,
215,0.0,0.0340224,0.1061981,0.0465024,0.1857402,0.0822632,0.2300561,0.0272687,0.1711199,
216,0.0,0.0438151,0.0634132,0.1145109,0.2013874,0.0675117,0.291874,0.0560568,0.1867921,
217,0.0,0.0657165,0.1049174,0.1337928,0.1868948,0.1231647,0.2647013,0.057594,0.1760309,
218,0.0,0.050532,0.0829862,0.1057872,0.1406346,0.1573886,0.2414179,0.0506776,0.1397241,
219,0.0,0.0766019,0.083412,0.0627925,0.0894275,0.1374657,0.1864794,0.0654042,0.0951288,
220,0.0,0.054241,0.1032605,0.1085525,0.0489626,0.1117356,0.1590094,0.0641223,0.10962,
221,0.0,0.0973401,0.0868667,0.1275808,0.073756,0.0435811,0.1601537,0.1126956,0.1147874,
222,0.0,0.0830594,0.0858622,0.1116533,0.0884461,0.0684412,0.198685,0.2307502,0.1916952,
223,0.0,0.0967511,0.0624609,0.1264523,0.1169446,0.077135,0.1716116,0.1119972,0.1363931,
224,0.0,0.0833075,0.0494187,0.0694653,0.1321256,0.0788922,0.147992,0.1282937,0.1684991,
225,0.0,0.0860901,0.0557786,0.0685517,0.1155546,0.0658849,0.0898923,0.1321348,0.1552265,
226,0.0,0.0666847,0.0603395,0.0992146,0.1473314,0.1036536,0.1429363,0.1105362,0.1300643,
227,0.0,0.0948476,0.0454199,0.0640021,0.1480902,0.182202,0.1034967,0.1265333,0.1006104,
228,0.0,0.0676144,0.0961758,0.0784925,0.1456816,0.1417845,0.0768451,0.1255631,0.1066944,
229,0.0,0.0358396,0.095816,0.0777517,0.1362873,0.1211156,0.1163469,0.0894818,0.0643523,
230,0.0,0.0452702,0.0639503,0.0396146,0.1200404,0.1351875,0.074564,0.11208,0.1297766,
231,0.0,0.0590281,0.0293855,0.0771676,0.1238172,0.1185292,0.1056565,0.1248678,0.1327262,
232,0.0,0.0659564,0.088809,0.0926849,0.0667257,0.0778745,0.0827782,0.129348,0.165406,
233,0.0,0.0758778,0.0537258,0.0933918,0.0347791,0.1244619,0.0735718,0.116276,0.1426126,
234,0.0,0.0357986,0.0441085,0.1021526,0.0646317,0.1529404,0.1154939,0.1225462,0.0910794,
235,0.0,0.0433146,0.1660202,0.1264839,0.0739,0.1688468,0.118962,0.17276,0.1083273,
236,0.0,0.0934528,0.1716269,0.1282321,0.0614533,0.2023296,0.0558963,0.1506786,0.043509,
237,0.0,0.0921849,0.0578932,0.1074278,0.1049038,0.1689639,0.0978327,0.104251,0.0735215,
238,0.0,0.0868538,0.060077,0.1374293,0.1386369,0.1212762,0.1249105,0.0910447,0.0874663,
239,0.0,0.0395287,0.056297,0.0705544,0.106218,0.1243378,0.1111987,0.0842006,0.070651,
240,0.0,0.0496534,0.0471773,0.0803266,0.1279359,0.0998834,0.1275197,0.1138995,0.1448192,
241,0.0,0.0324729,0.1449918,0.1122158,0.1213237,0.1142894,0.142114,0.1404962,0.1127258,
242,0.0,0.0556247,0.0938672,0.1157193,0.1343173,0.0826999,0.0931127,0.124078,0.1273675,
243,0.0,0.0490495,0.0525521,0.1030143,0.1574367,0.0919597,0.0933939,0.1868697,0.1136931,
244,0.0,0.0669777,0.0685505,0.0999325,0.147947,0.082445,0.1028197,0.1934973,0.1531555,
245,0.0,0.0586448,0.0515033,0.0749703,0.127166,0.2122856,0.1242643,0.1577647,0.197486,
246,0.0,0.0402558,0.0546187,0.0341149,0.1234585,0.1208391,0.0841318,0.1311815,0.1371804,
247,0.0,0.0403982,0.0576914,0.0440071,0.1226783,0.0967487,0.1033117,0.1353061,0.1176298,
248,0.0,0.0280374,0.0612097,0.0814112,0.1430974,0.1314944,0.1811987,0.1654506,0.0780263,
249,0.0,0.0385424,0.0731338,0.0575924,0.1244432,0.088066,0.0739437,0.1424195,0.0861192,
250,0.0,0.0295557,0.0975002,0.0345043,0.1151692,0.0423892,0.0704419,0.0905195,0.0501396,
251,0.0,0.0773774,0.0645062,0.0554022,0.090073,0.1174532,0.146199,0.1139981,0.0690897,
252,0.0,0.0546216,0.081617,0.0353036,0.0894515,0.1060031,0.147976,0.1288866,0.0666029,
253,0.0,0.034136,0.0722065,0.0178919,0.0535464,0.1019897,0.1134976,0.0846485,0.0480515,
254,0.0,0.0251406,0.0507475,0.0343713,0.0766015,0.1079657,0.1356151,0.0948239,0.0960365,
255,0.0,0.0561653,0.0494565,0.0499725,0.0920729,0.1077401,0.1689722,0.1342265,0.1239104,
256,0.0,0.0789615,0.0762824,0.0567285,0.0989973,0.1195034,0.1748805,0.1244195,0.1080705,
257,0.0,0.0268827,0.0687338,0.0455685,0.0816973,0.1086257,0.1180835,0.0911075,0.0890101,
258,0.0,0.0568109,0.0732964,0.0298089,0.0756817,0.1091805,0.1145065,0.0307887,0.0749999,
259,0.0,0.0708624,0.0426597,0.0297375,0.1093382,0.0951319,0.1185046,0.0811329,0.1125404,
260,0.0,0.0645084,0.0924593,0.0451973,0.1176945,0.0837804,0.0906427,0.1348596,0.1224168,
261,0.0,0.0513479,0.0681858,0.0366436,0.0817982,0.0276022,0.0862474,0.1072065,0.0989283,
262,0.0,0.0636372,0.0642483,0.0588343,0.0782633,0.04072,0.0895946,0.1127764,0.0881369,
263,0.0,0.0634587,0.0978081,0.0627875,0.074071,0.0702039,0.1532533,0.0792178,0.0785204,
264,0.0,0.053256,0.1005198,0.0836346,0.0853477,0.0669757,0.1395374,0.0758931,0.0438461,
265,0.0,0.07465,0.0808365,0.0608133,0.088116,0.0617943,0.0974347,0.0939753,0.0696702,
266,0.0,0.0588604,0.0663701,0.0611062,0.047735,0.0715567,0.1193649,0.0749415,0.0913568,
267,0.0,0.0479982,0.0993879,0.0540446,0.0964217,0.0993322,0.1357379,0.0653626,0.0673307,
268,0.0,0.053907,0.1361275,0.0593069,0.0618806,0.0907923,0.0939387,0.0763893,0.0727738,
269,0.0,0.0362295,0.1307651,0.0564179,0.0692809,0.133963,0.0912176,0.0649194,0.0916237,
270,0.0,0.0571501,0.1319629,0.056152,0.0693456,0.1849284,0.1162622,0.0821022,0.1054464,
271,0.0,0.0682121,0.1158539,0.0799162,0.0848367,0.1858071,0.1160526,0.0693545,0.0986954,
272,0.0,0.0668433,0.1227249,0.0961071,0.0685058,0.1515413,0.1080266,0.080946,0.0412124,
273,0.0,0.0481621,0.1558143,0.1095986,0.1415196,0.1305564,0.0929847,0.1267178,0.0249022,
274,0.0,0.0631615,0.0921159,0.1765908,0.0843593,0.1400618,0.2136227,0.1250681,0.0503031,
275,0.0,0.0638206,0.1828714,0.110683,0.0761037,0.2172357,0.261408,0.1016034,0.0804382,
276,0.0,0.0441011,0.152932,0.1092868,0.2285282,0.2205795,0.2715634,0.1025181,0.1315449,
277,0.0,0.0767444,0.1262118,0.2280233,0.2495068,0.1277428,0.2987283,0.1430371,0.1255614,
278,0.0,0.0770201,0.0746354,0.0503173,0.1082105,0.0867499,0.1812906,0.1157132,0.1012509,
279,0.0,0.0332192,0.0723437,0.0889989,0.026257,0.1556117,0.0991785,0.1274307,0.1215096,
280,0.0,0.053103,0.0343878,0.1330306,0.0633507,0.1110003,0.0784294,0.131373,0.0945677,
281,0.0,0.0717651,0.054463,0.0965517,0.1238991,0.1282771,0.0816823,0.1272477,0.0680891,
282,0.0,0.0437384,0.0942048,0.0990406,0.087533,0.0985553,0.0696201,0.1439742,0.0947916,
283,0.0,0.0929332,0.1575491,0.2252731,0.0963422,0.0984302,0.0699713,0.3182268,0.1996268,
284,0.0,0.0914211,0.0468936,0.0872285,0.0207692,0.0829153,0.0795466,0.1323002,0.0995271,
285,0.0,0.1059088,0.0243814,0.0509928,0.0596683,0.1175143,0.0479193,0.0503257,0.0438144,
286,0.0,0.101163,0.0140631,0.0512421,0.093616,0.0719029,0.0862552,0.0611721,0.0858393,
287,0.0,0.100972,0.0348576,0.0553216,0.0350248,0.0911255,0.0703853,0.0512211,0.1911667,
288,0.0,0.0954864,0.0600132,0.0378636,0.0842761,0.0876686,0.1043885,0.0749264,0.1323942,
289,0.0,0.0427059,0.0440608,0.0369062,0.0917823,0.0868843,0.1289502,0.0360507,0.0971687,
290,0.0,0.0502302,0.0364889,0.077713,0.0688233,0.0651214,0.1678866,0.0524637,0.092427,
291,0.0,0.0334826,0.056372,0.0512069,0.0581372,0.0585779,0.1230577,0.0314997,0.0714241,
292,0.0,0.038386,0.0444743,0.0412963,0.0788164,0.0570631,0.0750671,0.0638376,0.0571936,
293,0.0,0.0430719,0.0719823,0.0240448,0.0766856,0.0892783,0.0581306,0.0533739,0.0532631,
294,0.0,0.0462979,0.0933001,0.0675254,0.0745447,0.1253217,0.1216819,0.059752,0.1149527,
295,0.0,0.0132595,0.068535,0.0693646,0.070412,0.0839149,0.1112394,0.0523482,0.0583449,
296,0.0,0.0094844,0.0594965,0.0697364,0.0526031,0.0899123,0.1266461,0.0523636,0.0542609,
297,0.0,0.0470183,0.0608997,0.0869894,0.0136517,0.1028459,0.1340312,0.0746763,0.1238642,
298,0.0,0.0488243,0.0541493,0.0686987,0.028005,0.0808539,0.1444085,0.0364126,0.1013128,
299,0.0,0.0677274,0.1050251,0.0347445,0.0341377,0.0853649,0.131186,0.0767477,0.1264399,
300,0.0,0.0829607,0.1110534,0.0422597,0.0752344,0.1368614,0.1426721,0.1145923,0.1569917,
301,0.0,0.0994967,0.0983339,0.0657306,0.1072139,0.1854415,0.1357215,0.1210522,0.1666092,
302,0.0,0.1028341,0.0811267,0.0812631,0.1225021,0.0629782,0.1367668,0.0975297,0.1831063,
303,0.0,0.0599942,0.040577,0.0879595,0.1769066,0.0837265,0.1136912,0.1124136,0.1811527,
304,0.0,0.0539721,0.0657788,0.06577,0.1764536,0.1165986,0.1547626,0.1532839,0.2050389,
305,0.0,0.1134863,0.0346097,0.0645245,0.1349357,0.1443188,0.1773456,0.1747949,0.0726132,
306,0.0,0.1656887,0.062813,0.1479943,0.117015,0.2385948,0.2342224,0.2922781,0.045377,
307,0.0,0.107956,0.1052279,0.0486424,0.0880042,0.0999873,0.0736138,0.0689796,0.0697065,
308,0.0,0.1147254,0.0896678,0.021742,0.0729984,0.051189,0.0707515,0.0701677,0.0479929,
309,0.0,0.1309725,0.0895791,0.0327292,0.028277,0.0396791,0.0793253,0.0519557,0.0613572,
310,0.0,0.0651946,0.074163,0.02508,0.0426989,0.0369491,0.0525859,0.0502977,0.0369644,
311,0.0,0.0394606,0.1030681,0.054433,0.0353432,0.0214807,0.0437783,0.0454367,0.0607731,
312,0.0,0.0417747,0.1007448,0.0643871,0.0520317,0.0337725,0.0464273,0.0388762,0.0576018,
313,0.0,0.0385791,0.0728582,0.0503982,0.0602379,0.0415348,0.0362557,0.0176058,0.0363056,
314,0.0,0.0669265,0.0750942,0.027128,0.0367037,0.0179472,0.0467358,0.0357036,0.0536615,
315,0.0,0.0615624,0.0167264,0.0392198,0.0339255,0.0301246,0.06123,0.0444716,0.0512239,
316,0.0,0.0580394,0.0409764,0.0302735,0.051315,0.0268817,0.0696644,0.0556932,0.0338378,
317,0.0,0.0567377,0.0381546,0.0898105,0.0568847,0.0214112,0.0980165,0.0625394,0.063481,
318,0.0,0.0543274,0.05871,0.0991182,0.0209942,0.0263559,0.0839218,0.1117044,0.0471247,
319,0.0,0.0488655,0.0698859,0.0815977,0.0213107,0.0334122,0.0907859,0.0611313,0.0434191,
320,0.0,0.0579685,0.0584003,0.0597046,0.0179496,0.026354,0.0856782,0.0575188,0.0587914,
321,0.0,0.0530022,0.0446519,0.0652616,0.0269738,0.0490334,0.0451551,0.0455137,0.0286112,
322,0.0,0.0402726,0.0426181,0.1284552,0.0395905,0.0527728,0.0786675,0.0779778,0.0344554,
323,0.0,0.0430525,0.0773126,0.0853845,0.0547312,0.0721245,0.0699251,0.0890211,0.0201788,
324,0.0,0.0355071,0.0518733,0.0912399,0.0602353,0.0721981,0.0945765,0.1311441,0.0412224,
325,0.0,0.0453233,0.0494131,0.0788906,0.0573124,0.0715666,0.0763111,0.1295395,0.0246487,
326,0.0,0.0334136,0.0473422,0.0600242,0.0341075,0.0534514,0.0689299,0.0936775,0.0723776,
327,0.0,0.0499379,0.0916015,0.0628268,0.0346459,0.0485739,0.0780771,0.1051085,0.1136555,
328,0.0,0.1296552,0.0830179,0.0637169,0.077227,0.0332663,0.0741067,0.0889827,0.1839349,
329,0.0,0.1876963,0.1877751,0.1076245,0.146685,0.1155603,0.1908001,0.1103422,0.2205618,
330,0.0,0.2025218,0.2223523,0.1584343,0.1631594,0.1405223,0.1603801,0.1128759,0.1852152,
331,0.0,0.1142669,0.0863589,0.1027932,0.0972342,0.0906064,0.0675002,0.0834988,0.1419027,
332,0.0,0.0513594,0.0875801,0.0813614,0.0328986,0.079904,0.0764243,0.0847355,0.1250142,
333,0.0,0.0297154,0.0546625,0.060311,0.0424538,0.06917,0.0580933,0.094386,0.0723438,
334,0.0,0.0191244,0.0078887,0.0200162,0.0316188,0.0610104,0.0653318,0.0739622,0.0360483,
335,0.0,0.0892697,0.0369084,0.0179269,0.0573884,0.0778179,0.0628083,0.1675475,0.0279694,
336,0.0,0.0455178,0.0368325,0.0787075,0.0271444,0.0735436,0.0927821,0.0433432,0.0459744,
337,0.0,0.0557481,0.0723208,0.0900548,0.0155207,0.0858298,0.1068016,0.0688331,0.0275997,
338,0.0,0.0378952,0.051379,0.073777,0.0210029,0.0723451,0.0984021,0.0463875,0.0555675,
339,0.0,0.032553,0.1204735,0.077189,0.0283114,0.1058592,0.0613067,0.0319848,0.0737745,
340,0.0,0.0767985,0.0873314,0.0563724,0.0432703,0.0871735,0.1144618,0.0566129,0.0744813,
341,0.0,0.1091928,0.0703793,0.075568,0.0483856,0.0816116,0.1828987,0.0533119,0.0895451,
342,0.0,0.061671,0.0499825,0.0389181,0.0454614,0.0542433,0.1308521,0.0581251,0.0933391,
343,0.0,0.0571414,0.052374,0.0471232,0.045821,0.0758702,0.0816611,0.0666335,0.0866882,
344,0.0,0.0325484,0.0445546,0.0452351,0.020939,0.0682826,0.0395361,0.0776227,0.0536762,
345,0.0,0.0404796,0.0422914,0.0712596,0.0262609,0.0814485,0.0480224,0.0821297,0.0496463,
346,0.0,0.0428995,0.0578133,0.0657496,0.0161414,0.0700537,0.056889,0.0782135,0.0542845,
347,0.0,0.033322,0.0680407,0.088787,0.0379583,0.0557232,0.0963735,0.1020525,0.0623965,
348,0.0,0.0316782,0.0640857,0.0683676,0.0533963,0.0608659,0.0803524,0.1251682,0.0954563,
349,0.0,0.0225094,0.0687193,0.0591879,0.0798765,0.0715943,0.0852063,0.0764451,0.1054336,
350,0.0,0.0887458,0.0906413,0.1371594,0.1038077,0.0781693,0.1139654,0.0905169,0.0990895,
351,0.0,0.0985337,0.075114,0.1214501,0.0776577,0.0463613,0.1116315,0.1316916,0.0896898,
352,0.0,0.1074232,0.0824905,0.0918915,0.1118912,0.0388984,0.1952659,0.1271278,0.1969208,
353,0.0,0.1498582,0.0594179,0.1263811,0.0638226,0.0542867,0.2320823,0.1031372,0.1807811,
354,0.0,0.0946439,0.0552635,0.1320272,0.0357627,0.0440203,0.181931,0.0574491,0.1456109,
355,0.0,0.0955066,0.0502757,0.1150854,0.0363026,0.0335533,0.1547167,0.0844564,0.2085872,
356,0.0,0.1297245,0.0510693,0.0789058,0.054199,0.0391719,0.174052,0.0935903,0.2129606,
357,0.0,0.1436708,0.0971262,0.1080305,0.0722767,0.0277982,0.1721117,0.1101489,0.2131588,
358,0.0,0.1417572,0.0560129,0.1115799,0.1669712,0.0906225,0.1876869,0.1430496,0.2109539,
359,0.0,0.1180028,0.0728989,0.1217104,0.1250775,0.0823331,0.1527635,0.1064358,0.2370558,
360,0.0,0.1152547,0.0869323,0.1403626,0.0338132,0.0823838,0.1400422,0.057079,0.1857941,
361,0.0,0.0705808,0.0756162,0.1369705,0.0580077,0.0958302,0.1326649,0.1840505,0.2109508,
362,0.0,0.0740256,0.0881598,0.1154855,0.0637375,0.072307,0.1650132,0.0922421,0.2327446,
363,0.0,0.0763045,0.1053353,0.0812971,0.0840739,0.0651762,0.1420632,0.1227143,0.1249707,
364,0.0,0.0464385,0.0650809,0.0619416,0.0780481,0.0622125,0.1043313,0.1367743,0.1293964,
365,0.0,0.0460219,0.0835274,0.0369369,0.0948535,0.0378674,0.0959618,0.1336765,0.1409063,
366,0.0,0.1227734,0.0865494,0.047956,0.1095739,0.1044057,0.0895795,0.1264414,0.090744,
367,0.0,0.0541248,0.1259018,0.0524052,0.1224702,0.0653527,0.0556417,0.1427339,0.1024797,
368,0.0,0.0669947,0.0922025,0.0499857,0.1382252,0.0746525,0.0451155,0.1287751,0.1085157,
369,0.0,0.110131,0.0975549,0.0530078,0.1260079,0.1296205,0.0872518,0.0717896,0.140973,
370,0.0,0.0826128,0.1120451,0.0620126,0.0731652,0.1222282,0.0963221,0.0812455,0.1121598,
371,0.0,0.0921806,0.1186622,0.051855,0.0307601,0.0709558,0.1027563,0.090654,0.1304541,
372,0.0,0.079559,0.1332644,0.0587897,0.0781684,0.0614521,0.12191,0.079087,0.1459484,
373,0.0,0.0526068,0.1697327,0.0499154,0.061162,0.0590359,0.1770846,0.0886206,0.135492,
374,0.0,0.0713712,0.1057139,0.0429655,0.0693299,0.0455638,0.1727789,0.0884817,0.0943546,
375,0.0,0.0829378,0.0982061,0.0104642,0.105258,0.0524835,0.1917778,0.0912308,0.0799441,
376,0.0,0.1745729,0.1008567,0.0590774,0.0355942,0.0838102,0.1352201,0.1306781,0.0936069,
377,0.0,0.1881052,0.1504296,0.0548998,0.0863207,0.2002041,0.0836018,0.3303193,0.0938423,
378,0.0,0.2236658,0.0929211,0.0748881,0.1131239,0.2236074,0.1471748,0.268887,0.099077,
379,0.0,0.154954,0.1455505,0.0711858,0.1012179,0.0784446,0.1701844,0.1874472,0.1109788,
380,0.0,0.1077895,0.1490833,0.0678343,0.1101295,0.0669371,0.1373923,0.0931691,0.1027811,
381,0.0,0.1143019,0.1137406,0.0660379,0.1075512,0.0609587,0.1362293,0.0997323,0.1461008,
382,0.0,0.1081328,0.1306116,0.0689102,0.0831116,0.0741716,0.1357819,0.0443764,0.1025306,
383,0.0,0.1030018,0.0669752,0.0538968,0.0772302,0.0723883,0.1468706,0.0697987,0.0444156,
384,0.0,0.1116784,0.1120608,0.0926133,0.06584,0.0318131,0.1565805,0.0423247,0.0358873,
385,0.0,0.0969855,0.0564613,0.0688594,0.068272,0.0967352,0.1251353,0.0575538,0.0303165,
386,0.0,0.0159623,0.0802958,0.0441565,0.0561637,0.0966967,0.091238,0.0645511,0.0656145,
387,0.0,0.0723014,0.1278519,0.0547961,0.0311032,0.1194654,0.1381074,0.0418361,0.0600941,
388,0.0,0.1031315,0.112794,0.0602405,0.0227728,0.0337216,0.1152423,0.1145076,0.0353127,
389,0.0,0.0738823,0.1088185,0.1021806,0.0313846,0.0477921,0.1108068,0.1484229,0.0549769,
390,0.0,0.0290555,0.072852,0.0561933,0.0330064,0.0533513,0.083533,0.0317589,0.064791,
391,0.0,0.0381361,0.0437229,0.0365181,0.01272,0.0573952,0.060586,0.0421779,0.0657879,
392,0.0,0.0255918,0.0230191,0.048657,0.0377406,0.066991,0.0495847,0.0654401,0.0550628,
393,0.0,0.0097841,0.0255804,0.086569,0.0307591,0.0689081,0.071977,0.0756179,0.0927726,
394,0.0,0.0434755,0.0568478,0.0675195,0.0251331,0.0933335,0.110154,0.0794693,0.0751426,
395,0.0,0.0623755,0.081663,0.055736,0.0275895,0.0843143,0.1043167,0.085004,0.0598521,
396,0.0,0.0981127,0.078876,0.0476265,0.0481231,0.0833871,0.1453272,0.0423068,0.0629736,
397,0.0,0.0890253,0.1169361,0.0847317,0.0541982,0.0722899,0.1326888,0.0513456,0.0765755,
398,0.0,0.0990815,0.14524,0.05745,0.0563956,0.0853882,0.1127624,0.0573994,0.0633597,
399,0.0,0.1110096,0.1340148,0.0655091,0.0192906,0.0862582,0.0997173,0.129103,0.0492553,
400,0.0,0.0681596,0.0980483,0.0803777,0.0241222,0.0657524,0.0588243,0.0307701,0.0646189,
401,0.0,0.0460955,0.0547645,0.0735375,0.024176,0.0822212,0.0870971,0.0226725,0.0566592,
402,0.0,0.0630073,0.0752096,0.0513016,0.0836394,0.0741067,0.0484934,0.0630432,0.0576983,
403,0.0,0.0540612,0.0864699,0.091508,0.0631448,0.0620743,0.0587847,0.0710107,0.0301807,
404,0.0,0.0141671,0.0785988,0.0854644,0.0261377,0.0612172,0.0741845,0.0389832,0.0374769,
405,0.0,0.0321313,0.1188572,0.0937766,0.0459995,0.0384059,0.082808,0.0106197,0.0623186,
406,0.0,0.0391018,0.0850046,0.0862077,0.0396765,0.0498358,0.0613484,0.0652307,0.0661953,
407,0.0,0.0452928,0.0338818,0.1221462,0.0342853,0.0409073,0.066721,0.0701,0.048742,
408,0.0,0.0346516,0.0586023,0.1200174,0.0589217,0.0481769,0.0598827,0.1099449,0.0718307,
409,0.0,0.0310186,0.0305014,0.0706913,0.070537,0.029009,0.0780271,0.0603704,0.0559188,
410,0.0,0.0155615,0.0368087,0.0553602,0.070054,0.032609,0.0581979,0.0790063,0.0937546,
411,0.0,0.0890522,0.0495076,0.064526,0.0380909,0.073874,0.0658182,0.0763523,0.0686146,
412,0.0,0.053668,0.0535764,0.0556739,0.0291466,0.1017613,0.0889106,0.0525379,0.05399,
413,0.0,0.0439589,0.0209277,0.0214942,0.0370223,0.0354977,0.0700957,0.0591842,0.031643,
414,0.0,0.0417933,0.0329893,0.0413314,0.1154294,0.049187,0.0526929,0.0549296,0.0610791,
415,0.0,0.0599387,0.0348629,0.0550748,0.0635269,0.0460655,0.1497164,0.0644173,0.0487094,
416,0.0,0.058272,0.0248267,0.0267462,0.0559441,0.0267466,0.0425002,0.0420232,0.0267727,
417,0.0,0.069645,0.0317687,0.0350076,0.0185003,0.057635,0.0395826,0.0810307,0.0272154,
418,0.0,0.0268075,0.0639762,0.0337883,0.0298217,0.0452815,0.0571026,0.0704726,0.0397411,
419,0.0,0.014714,0.0390426,0.0693393,0.0487234,0.0336093,0.0375552,0.0586249,0.0343286,
420,0.0,0.0188483,0.0427053,0.0544459,0.016035,0.0461827,0.0360101,0.0976103,0.020662,
421,0.0,0.0354714,0.0376413,0.0319722,0.0604873,0.0366772,0.0922639,0.1249734,0.0598619,
422,0.0,0.0344805,0.0142721,0.0527161,0.0467134,0.0473462,0.0997853,0.1527363,0.0526475,
423,0.0,0.0490296,0.0395526,0.0213202,0.033754,0.0324982,0.0616358,0.1081494,0.0384876,
424,0.0,0.040669,0.0503171,0.0171569,0.0441425,0.0611647,0.049688,0.1225711,0.0465534,
425,0.0,0.0328468,0.0712691,0.0451674,0.0868256,0.0218117,0.0661767,0.1594108,0.0214591,
426,0.0,0.0179178,0.0577286,0.0547477,0.0765652,0.0806276,0.0748897,0.1594155,0.0365939,
427,0.0,0.053692,0.0481255,0.0527368,0.0796508,0.1078799,0.095134,0.1614802,0.0578914,
428,0.0,0.0471612,0.0789138,0.0839592,0.0400251,0.0368634,0.0869827,0.175669,0.0861808,
429,0.0,0.049466,0.0651965,0.0708531,0.0350637,0.0344118,0.0683374,0.1723503,0.0918298,
430,0.0,0.0350307,0.0398492,0.0674719,0.0588344,0.0301832,0.043995,0.1355772,0.062819,
431,0.0,0.0339367,0.0282655,0.0859881,0.040347,0.0321366,0.042638,0.0836573,0.0526696,
432,0.0,0.0325959,0.0526585,0.069006,0.0426718,0.0475794,0.0232137,0.0870401,0.0121165,
433,0.0,0.0272814,0.0712453,0.0531749,0.0462659,0.027763,0.0431796,0.0741317,0.0204691,
434,0.0,0.0361961,0.0575203,0.0510249,0.0501322,0.068972,0.0391125,0.075825,0.0212086,
435,0.0,0.0190381,0.0443098,0.0403272,0.0456508,0.0733152,0.0748748,0.0757545,0.0179793,
436,0.0,0.0399928,0.031891,0.0434765,0.0774941,0.0481362,0.0875532,0.0604234,0.0278248,
437,0.0,0.0159638,0.0726409,0.0558207,0.0823972,0.0421033,0.0422171,0.0808276,0.0436294,
438,0.0,0.0211482,0.0807892,0.1002811,0.0552159,0.0231803,0.0364358,0.0692768,0.0811534,
439,0.0,0.0370362,0.0735715,0.1356507,0.0531539,0.0223914,0.0642251,0.0930778,0.0724392,
440,0.0,0.0241605,0.0202751,0.0800149,0.0532361,0.0377081,0.073351,0.1191822,0.0466951,
441,0.0,0.0280198,0.0511453,0.1042309,0.0621444,0.0321571,0.067911,0.0636872,0.0276854,
442,0.0,0.0285301,0.0356729,0.0867313,0.0903784,0.0297381,0.0766502,0.0705798,0.1006677,
443,0.0,0.0382209,0.0421606,0.0607832,0.0642424,0.065731,0.0274258,0.056385,0.135316,
444,0.0,0.0502672,0.031902,0.0636839,0.0144613,0.0578087,0.0637519,0.0722105,0.1020557,
445,0.0,0.035572,0.0402939,0.0458052,0.0255729,0.022582,0.062433,0.0837362,0.1057997,
446,0.0,0.0085996,0.0444686,0.0422842,0.0281866,0.012385,0.048118,0.0737345,0.0785118,
447,0.0,0.0175612,0.0722387,0.012177,0.0262462,0.0082292,0.0278608,0.0853964,0.0891361,
448,0.0,0.0408265,0.1405682,0.041251,0.0374185,0.1007532,0.0968445,0.0796941,0.0651755,
449,0.0,0.0653519,0.1143088,0.0695848,0.0277633,0.0508883,0.11707,0.1118607,0.0393859,
450,0.0,0.0034694,0.0408147,0.0412035,0.0269008,0.0574296,0.052869,0.1049962,0.0501149,
451,0.0,0.0404782,0.0191467,0.058383,0.0289012,0.0456027,0.0806322,0.1164721,0.0514447,
452,0.0,0.0418363,0.0072386,0.0795315,0.0316135,0.0145942,0.1032404,0.0786387,0.0453553,
453,0.0,0.0404903,0.0141992,0.0655598,0.0270165,0.0561804,0.0827587,0.0620214,0.0463593,
454,0.0,0.035348,0.0447622,0.0640239,0.019081,0.0855241,0.0746958,0.0806053,0.0352286,
455,0.0,0.0601841,0.0841966,0.0709343,0.037446,0.0693297,0.0639447,0.0928757,0.0425162,
456,0.0,0.0362601,0.0509701,0.0751821,0.0429667,0.0816399,0.0745415,0.0611683,0.031559,
457,0.0,0.0738113,0.0236838,0.0590805,0.0481271,0.0962392,0.0616235,0.0578581,0.0138956,
458,0.0,0.0598869,0.0367518,0.0687261,0.0436792,0.0592372,0.0660712,0.0607616,0.0634973,
459,0.0,0.0568981,0.0216862,0.0624974,0.0280218,0.0514018,0.0780411,0.0892897,0.1346233,
460,0.0,0.0193665,0.0411942,0.0794332,0.0368575,0.0423683,0.0626503,0.1080071,0.0321586,
461,0.0,0.0532731,0.0945787,0.0776137,0.023731,0.0484621,0.0811532,0.0876876,0.0209852,
462,0.0,0.0764424,0.0851391,0.0535739,0.0325131,0.0080319,0.0587115,0.078218,0.0607026,
463,0.0,0.0387004,0.0930252,0.1211822,0.0394224,0.0134142,0.0561321,0.0539102,0.0673226,
464,0.0,0.0535486,0.0512769,0.1265765,0.0594008,0.0317844,0.0583175,0.0439561,0.0359101,
465,0.0,0.0463493,0.0158622,0.0468904,0.0509456,0.0294601,0.0927903,0.0611455,0.0134823,
466,0.0,0.0423684,0.0194365,0.0326208,0.0720327,0.0608057,0.0568531,0.1124579,0.0509951,
467,0.0,0.0110977,0.064196,0.0432521,0.0492477,0.068322,0.0474682,0.1169379,0.0450883,
468,0.0,0.0058583,0.0497126,0.0278183,0.0464341,0.0826612,0.0587961,0.1053952,0.0739975,
469,0.0,0.035262,0.0549196,0.0297855,0.0466595,0.091313,0.0701272,0.0986747,0.0695382,
470,0.0,0.0249792,0.0243688,0.0328608,0.0760885,0.0900526,0.0622027,0.1130146,0.0984911,
471,0.0,0.0530011,0.0811648,0.0388597,0.0887934,0.0935855,0.0376278,0.1071869,0.090275,
472,0.0,0.0467478,0.0711731,0.0534544,0.0619747,0.0685862,0.0474127,0.1060808,0.0769092,
473,0.0,0.0301512,0.0751314,0.0571053,0.119408,0.0868252,0.049165,0.0734382,0.131476,
474,0.0,0.0375558,0.0801435,0.0826873,0.1669367,0.1047538,0.1176815,0.0892896,0.1472859,
475,0.0,0.0290292,0.0623602,0.0861008,0.1260141,0.1113052,0.0838549,0.1008084,0.1214549,
476,0.0,0.0263226,0.0790796,0.0644312,0.1230689,0.0540124,0.079953,0.0888084,0.1236808,
477,0.0,0.0360477,0.04967,0.0746507,0.0714972,0.0520492,0.0862983,0.054207,0.0906411,
478,0.0,0.0338538,0.0381616,0.0498886,0.0675592,0.0912426,0.1005752,0.0591731,0.0497659,
479,0.0,0.0654134,0.0362078,0.0185883,0.0612613,0.0564875,0.0631891,0.0587926,0.0747188,
480,0.0,0.0655902,0.0729954,0.0308238,0.0550709,0.0314608,0.0452186,0.0985815,0.0467743,
481,0.0,0.0331595,0.0483517,0.0320594,0.0367943,0.0456834,0.0204688,0.0703896,0.0463886,
482,0.0,0.0409969,0.0437979,0.0203958,0.0561772,0.0391081,0.0438462,0.0853302,0.0576977,
483,0.0,0.0313073,0.0194706,0.0215813,0.0596212,0.0420542,0.0689238,0.0662672,0.0704894,
484,0.0,0.0351138,0.0704595,0.0198629,0.0426438,0.0480132,0.0987629,0.0395436,0.0597093,
485,0.0,0.0425836,0.0954927,0.0471545,0.0190065,0.0254223,0.0662947,0.0317759,0.0202266,
486,0.0,0.0481354,0.0549459,0.0350186,0.0491545,0.0224014,0.0784733,0.0455543,0.0621164,
487,0.0,0.0618281,0.0407099,0.0831627,0.0474865,0.0421564,0.0824123,0.0627711,0.0559759,
488,0.0,0.0952366,0.065509,0.0888878,0.056584,0.0301653,0.0648721,0.0647463,0.0357211,
489,0.0,0.101859,0.0589768,0.0417803,0.0718051,0.0448138,0.0709518,0.0208783,0.1188143,
490,0.0,0.0484111,0.0422634,0.0939579,0.0797259,0.03173,0.0872812,0.0743817,0.1362702,
491,0.0,0.0639624,0.0804231,0.0921948,0.0595093,0.0146883,0.0777481,0.0708539,0.1148652,
492,0.0,0.0842885,0.0623696,0.1221277,0.0717799,0.0475022,0.118482,0.0882018,0.1104774,
493,0.0,0.0453237,0.0639548,0.1000338,0.0491686,0.0625045,0.133799,0.1303384,0.1052181,
494,0.0,0.0905568,0.0629606,0.099573,0.0598172,0.072136,0.181005,0.1256223,0.1823722,
495,0.0,0.1006742,0.0806615,0.1925589,0.0550604,0.0466582,0.1750776,0.0811987,0.1976619,
496,0.0,0.1133313,0.1333664,0.2266568,0.0711817,0.0587721,0.1516668,0.0406724,0.2082388,
497,0.0,0.1057202,0.1269214,0.1900463,0.2123971,0.052619,0.163591,0.0511119,0.2066394,
498,0.0,0.0842134,0.1436218,0.1341962,0.0569911,0.0805404,0.0975341,0.0483186,0.1955752,
499,0.0,0.0676951,0.148885,0.1128433,0.1031303,0.0985534,0.0997534,0.0849859,0.21747,
500,0.0,0.0747792,0.1948271,0.1194961,0.1436952,0.147781,0.0771552,0.1272282,0.1468382,
501,0.0,0.0890596,0.1126785,0.1473075,0.1868649,0.0567226,0.2142822,0.0966485,0.3676879,
502,0.0,0.1136338,0.1126589,0.1133463,0.0718838,0.0904555,0.1838804,0.0822706,0.2739976,
503,0.0,0.0464007,0.0833445,0.0759575,0.0421268,0.0673264,0.0610402,0.0562325,0.0905624,
504,0.0,0.0340043,0.0500223,0.0611529,0.045288,0.0368447,0.0195893,0.0361279,0.0710534,
505,0.0,0.040781,0.0491821,0.0727575,0.0604016,0.0237193,0.043216,0.0485044,0.0778488,
506,0.0,0.0586212,0.0520641,0.0639146,0.0718429,0.0157409,0.0506949,0.0805453,0.1304473,
507,0.0,0.0512332,0.057842,0.0689273,0.0428435,0.0357156,0.0501555,0.0877507,0.1132564,
508,0.0,0.0604528,0.046887,0.0519762,0.0906952,0.0376943,0.0528036,0.0661601,0.0994573,
509,0.0,0.0386077,0.022894,0.0625572,0.075973,0.018419,0.0315756,0.0290288,0.0698958,
510,0.0,0.0579281,0.0476849,0.0589797,0.0417467,0.062347,0.0552086,0.0254694,0.0705155,
511,0.0,0.0517996,0.0524365,0.0688998,0.0164764,0.0868208,0.0525806,0.0683112,0.0709939,
512,0.0,0.0397831,0.0355244,0.0497526,0.0402968,0.0646263,0.0404418,0.0320392,0.0690441,
513,0.0,0.0467763,0.040249,0.0954377,0.0240987,0.094636,0.0614212,0.0403587,0.1095476,
514,0.0,0.0502562,0.0446917,0.0860019,0.0228165,0.0956048,0.0484305,0.0421694,0.099203,
515,0.0,0.0286492,0.0304263,0.0719276,0.0333316,0.0780847,0.0352038,0.0727,0.0572722,
516,0.0,0.0394117,0.0523881,0.064344,0.0165721,0.0770115,0.0647887,0.0694509,0.0658514,
517,0.0,0.0289039,0.078271,0.0754012,0.0197766,0.0628085,0.0639917,0.0753479,0.0483392,
518,0.0,0.0271572,0.0403443,0.0518091,0.0351054,0.0879118,0.06641,0.0832757,0.0499454,
519,0.0,0.0377163,0.0720753,0.0918604,0.0400551,0.0859476,0.0943475,0.0518814,0.0422542,
520,0.0,0.0408518,0.0895269,0.1115479,0.0828931,0.0754048,0.1203728,0.0667405,0.0902485,
521,0.0,0.0641979,0.0489341,0.0956256,0.0811878,0.089483,0.0867535,0.0923052,0.0576242,
522,0.0,0.0278054,0.0810565,0.0856575,0.1142967,0.1171036,0.0882389,0.1320711,0.1144072,
523,0.0,0.1012425,0.1092373,0.0715966,0.1339062,0.1113668,0.1183822,0.1409385,0.1270009,
524,0.0,0.0923731,0.1207718,0.0569634,0.0754734,0.11407,0.1563479,0.0990135,0.1181865,
525,0.0,0.0966453,0.103357,0.0415792,0.0928196,0.1118081,0.1159077,0.0633958,0.1116406,
526,0.0,0.0949774,0.0687441,0.0570293,0.1093548,0.0887165,0.0843274,0.0983855,0.0536523,
527,0.0,0.0878081,0.0458541,0.0616767,0.0382861,0.1134079,0.102301,0.0904374,0.0791872,
528,0.0,0.0746943,0.2217767,0.1337389,0.028713,0.1559374,0.1441923,0.0748253,0.2001536,
529,0.0,0.0584408,0.0973809,0.04795,0.1236528,0.1530797,0.0998809,0.1167943,0.13116,
530,0.0,0.0475666,0.0976343,0.0649677,0.2121094,0.1737945,0.1054655,0.1520417,0.1176482,
531,0.0,0.0436762,0.0788774,0.0580983,0.1109854,0.1256297,0.0954749,0.1434934,0.1636282,
532,0.0,0.0818811,0.0723003,0.0842839,0.0858993,0.1225158,0.0847758,0.1272008,0.159881,
533,0.0,0.0196494,0.0620303,0.1194471,0.0443331,0.152737,0.1262307,0.1220424,0.1250646,
534,0.0,0.1683692,0.0761629,0.0971827,0.0444616,0.1683327,0.1034825,0.1134857,0.0964309,
535,0.0,0.1191585,0.0837165,0.0755371,0.0904853,0.1702854,0.1060708,0.1086387,0.1060508,
536,0.0,0.0759772,0.0689027,0.0995859,0.0537529,0.1129925,0.0942618,0.1042794,0.1006628,
537,0.0,0.0601966,0.064524,0.1303357,0.0884819,0.1177706,0.1276273,0.1282336,0.1616756,
538,0.0,0.1169162,0.09735,0.1129444,0.1008378,0.0796438,0.1327849,0.1683405,0.1675617,
539,0.0,0.0749795,0.0863595,0.0692389,0.1155415,0.0663682,0.0741898,0.142224,0.1393467,
540,0.0,0.1099936,0.0504203,0.1412959,0.0953515,0.0877635,0.0700075,0.1310666,0.1510857,
541,0.0,0.1308048,0.1475911,0.168195,0.0288485,0.0779331,0.1030988,0.191278,0.1771841,
542,0.0,0.0485041,0.1366393,0.0904341,0.0624229,0.0285995,0.0903565,0.131513,0.1722443,
543,0.0,0.050891,0.121766,0.0544379,0.049911,0.074771,0.0996099,0.0520984,0.1181699,
544,0.0,0.0780945,0.0253813,0.058974,0.0686934,0.0816304,0.0716971,0.0382208,0.0888374,
545,0.0,0.0719263,0.0560137,0.0898203,0.0437751,0.0663267,0.1120909,0.070646,0.1214822,
546,0.0,0.0537221,0.0623845,0.0775871,0.0431109,0.0479387,0.11439,0.0876067,0.1362216,
547,0.0,0.0539402,0.0589589,0.0791689,0.0579088,0.096425,0.1720755,0.1553223,0.1601611,
548,0.0,0.0540975,0.1149636,0.0914579,0.0748538,0.1039101,0.1269558,0.1627282,0.1506211,
549,0.0,0.0655062,0.1095032,0.0606861,0.1132804,0.1744763,0.1310287,0.1449139,0.1309331,
550,0.0,0.0634994,0.0834794,0.068048,0.1157373,0.1388811,0.1449732,0.0878324,0.1592362,
551,0.0,0.0344276,0.0423499,0.0542174,0.1214118,0.0588076,0.1221341,0.1083626,0.1624433,
552,0.0,0.0174245,0.0917466,0.0444747,0.0861889,0.0277628,0.0841201,0.1530969,0.1590887,
553,0.0,0.0547026,0.0848157,0.0829068,0.0889382,0.0841713,0.0877131,0.1540579,0.1300016,
554,0.0,0.0946986,0.0549633,0.0999181,0.0971266,0.0787158,0.0971803,0.0838624,0.1491539,
555,0.0,0.0674153,0.085229,0.1009569,0.134103,0.0732997,0.0915567,0.1080796,0.143682,
556,0.0,0.073466,0.0797742,0.0769398,0.09112,0.0809133,0.0398661,0.128082,0.132074,
557,0.0,0.1108944,0.0835101,0.0693038,0.0882739,0.1377407,0.0297356,0.1489545,0.1356573,
558,0.0,0.1095546,0.0790618,0.0382508,0.1443846,0.1381667,0.0672006,0.1151047,0.1629093,
559,0.0,0.0832627,0.0283863,0.0216619,0.0795921,0.0882556,0.0576584,0.0551889,0.0809444,
560,0.0,0.0897773,0.0340277,0.0225167,0.1055222,0.0797832,0.0342288,0.0709773,0.095092,
561,0.0,0.0932921,0.0672538,0.0192792,0.1950681,0.1023011,0.0868014,0.1523158,0.1332582,
562,0.0,0.078123,0.0937411,0.0464909,0.1490989,0.0868041,0.0229336,0.1457654,0.1165889,
563,0.0,0.0854631,0.0931552,0.0518521,0.1181148,0.1140477,0.0975072,0.0786107,0.0932717,
564,0.0,0.0410422,0.0971471,0.0349534,0.1388955,0.132069,0.1246695,0.0928886,0.0902557,
565,0.0,0.0591469,0.1023074,0.0479715,0.1333377,0.0958802,0.1051433,0.1492593,0.0967172,
566,0.0,0.0683871,0.0478374,0.0580071,0.1510502,0.0895242,0.0874761,0.1673815,0.1165718,
567,0.0,0.054929,0.0626256,0.0351853,0.1235358,0.0860803,0.0665283,0.1443355,0.1354006,
568,0.0,0.0531896,0.0439394,0.0256855,0.1041794,0.0713606,0.0651221,0.156396,0.1238561,
569,0.0,0.0879405,0.0291518,0.0298895,0.1160166,0.0926723,0.0491151,0.1543248,0.1149346,
570,0.0,0.0548756,0.0550624,0.0308991,0.0885914,0.0598792,0.0538896,0.1108753,0.1085417,
571,0.0,0.0816843,0.0514697,0.0505077,0.1084025,0.0718289,0.0854617,0.1137202,0.1003743,
572,0.0,0.1073112,0.0488266,0.0367002,0.1320881,0.0915834,0.0989865,0.0949743,0.1042867,
573,0.0,0.0965609,0.04896,0.0648844,0.1076152,0.0812499,0.1047698,0.0842223,0.0650073,
574,0.0,0.0862133,0.0563954,0.0777713,0.0525699,0.0676802,0.1020027,0.0575528,0.0896847,
575,0.0,0.0619231,0.0580815,0.0894089,0.1123411,0.0761756,0.080929,0.044117,0.0812995,
576,0.0,0.1192969,0.0899313,0.0923174,0.1414238,0.0659204,0.0881759,0.0977241,0.1021825,
577,0.0,0.1114236,0.095513,0.1064723,0.0891952,0.0614247,0.0721182,0.0870495,0.0489401,
578,0.0,0.0947814,0.0665671,0.0962591,0.0905556,0.041751,0.1034106,0.1283551,0.0848246,
579,0.0,0.1188111,0.1270765,0.0695954,0.1909522,0.0594217,0.1103691,0.2058957,0.0704819,
580,0.0,0.1334437,0.1305168,0.0635945,0.1813383,0.0889073,0.1587162,0.2383283,0.1249766,
581,0.0,0.1323805,0.1119463,0.0789753,0.1382638,0.0786515,0.1287386,0.2020534,0.0545568,
582,0.0,0.1238889,0.0951414,0.0758782,0.0868749,0.0836993,0.071774,0.1530277,0.1992384,
583,0.0,0.0935735,0.1378986,0.0977349,0.194657,0.1204383,0.1519895,0.2097093,0.1507844,
584,0.0,0.0798724,0.1265952,0.1590405,0.1881536,0.0539841,0.129897,0.1818275,0.2885816,
585,0.0,0.0884093,0.1289881,0.0970821,0.0825101,0.0859768,0.0839619,0.0830857,0.2207056,
586,0.0,0.1004383,0.105585,0.0949582,0.0620919,0.1117485,0.1045687,0.1072925,0.1825457,
587,0.0,0.0863756,0.1211709,0.1016891,0.0425047,0.1065899,0.0895955,0.0942847,0.1461637,
588,0.0,0.0848926,0.1337356,0.0479481,0.0569057,0.1113772,0.1084221,0.124199,0.1837528,
589,0.0,0.1007635,0.2346286,0.0822338,0.0751844,0.2205653,0.1059108,0.1700693,0.2590752,
590,0.0,0.0965685,0.0824647,0.0629013,0.0811515,0.1357454,0.1006701,0.1068448,0.211518,
591,0.0,0.1584999,0.0727885,0.0326661,0.0952354,0.092875,0.1249339,0.0578984,0.2099343,
592,0.0,0.1416662,0.0706498,0.0456643,0.1090418,0.0997347,0.0760611,0.058496,0.0704839,
593,0.0,0.1154687,0.039203,0.1028521,0.0577396,0.0653881,0.0382526,0.0711416,0.011955,
594,0.0,0.0212198,0.0470887,0.1117179,0.0619456,0.0414012,0.0556848,0.0606294,0.0259182,
595,0.0,0.0199654,0.04027,0.0564971,0.0804631,0.0322851,0.0403079,0.0241885,0.0126434,
596,0.0,0.0667778,0.037318,0.0663407,0.0431257,0.0280104,0.0693808,0.0895191,0.0234797,
597,0.0,0.0388069,0.0636651,0.0431393,0.0541429,0.0472117,0.0428601,0.0379665,0.0307836,
598,0.0,0.0570952,0.0755485,0.0345278,0.0417742,0.0523426,0.0189753,0.0508911,0.0765865,
599,0.0,0.0517349,0.0980689,0.0563871,0.0594546,0.0701342,0.0781558,0.0484727,0.0822107,
600,0.0,0.0175878,0.0846122,0.023971,0.0790342,0.0245594,0.0899585,0.0908197,0.0801601,
601,0.0,0.0432305,0.0844254,0.0116232,0.0383983,0.0434899,0.0441694,0.0475306,0.0560986,
602,0.0,0.0932693,0.0913788,0.0241474,0.0268366,0.0460811,0.0399696,0.0568595,0.0609213,
603,0.0,0.0855128,0.0936809,0.0365563,0.0379959,0.0671736,0.056831,0.0436896,0.0456224,
604,0.0,0.0849366,0.0877463,0.044488,0.0346821,0.062093,0.0703518,0.056839,0.0624704,
605,0.0,0.0646691,0.0823579,0.0694436,0.0435005,0.075796,0.1183505,0.0568011,0.0697433,
606,0.0,0.0696261,0.0308508,0.0659622,0.0523299,0.0698844,0.1556,0.1074188,0.076189,
607,0.0,0.1085946,0.0426523,0.0500329,0.043754,0.0803164,0.0843904,0.1221846,0.1095859,
608,0.0,0.1535063,0.0978591,0.1039704,0.0413867,0.087086,0.1858381,0.1188108,0.0689673,
609,0.0,0.0923314,0.0484444,0.0391103,0.0547942,0.0655671,0.0896458,0.1443475,0.1385111,
610,0.0,0.0540245,0.0406217,0.0923057,0.0872963,0.0728191,0.1769338,0.1896328,0.1922363,
611,0.0,0.0557071,0.0277279,0.0956013,0.0745287,0.0574404,0.0313756,0.1400742,0.1252933,
612,0.0,0.0274483,0.0160966,0.0948892,0.0699913,0.1492994,0.0755189,0.0789791,0.069783,
