#Time_ps,0,10,20,30,50,100,300,500,1000,
1,0.0,0.0138161,0.0521161,0.0661933,0.0772846,0.1583854,0.0601666,0.0911214,0.04076,
2,0.0,0.0392531,0.0402245,0.075381,0.0350498,0.0967992,0.0141709,0.0652047,0.064338,
3,0.0,0.031485,0.0275128,0.0676335,0.0368016,0.0228651,0.0250761,0.0569954,0.0330039,
4,0.0,0.0440468,0.0385592,0.0523196,0.0433421,0.0178715,0.0215547,0.0233365,0.0554044,
5,0.0,0.0653131,0.0319536,0.0619492,0.0317256,0.0184327,0.0197717,0.0335197,0.0529381,
6,0.0,0.0728926,0.0228407,0.092396,0.027966,0.0145547,0.0524067,0.1009135,0.0495674,
7,0.0,0.0519828,0.0288547,0.0276507,0.0195116,0.0243765,0.0257031,0.0898885,0.0177948,
8,0.0,0.0315658,0.0346874,0.0489935,0.0082467,0.0318205,0.0639094,0.0666236,0.0354076,
9,0.0,0.0241996,0.0314841,0.0377341,0.0090069,0.0622118,0.0841543,0.0697116,0.0619448,
10,0.0,0.0068688,0.0374935,0.0399663,0.028462,0.0656517,0.0489088,0.052786,0.042493,
11,0.0,0.0469346,0.0482473,0.0376106,0.0306499,0.0667639,0.034231,0.0414492,0.0457827,
12,0.0,0.081533,0.0458684,0.0362654,0.0605612,0.061956,0.0744889,0.0460097,0.0958158,
13,0.0,0.0839476,0.0491231,0.0392631,0.0770433,0.0491118,0.0802974,0.0168732,0.0334811,
14,0.0,0.0817486,0.0551453,0.0410115,0.0667516,0.0719959,0.0630983,0.0205382,0.0675013,
15,0.0,0.0891932,0.0491665,0.0404448,0.0798352,0.0533065,0.0714139,0.021816,0.0970695,
16,0.0,0.1009772,0.0173091,0.0309187,0.055397,0.0674947,0.1094248,0.0595606,0.0874633,
17,0.0,0.1043814,0.0190903,0.0341414,0.0889356,0.0210131,0.0879038,0.0586162,0.0707869,
18,0.0,0.1106601,0.0339207,0.0415126,0.0674059,0.0364649,0.0924229,0.0554352,0.0928787,
19,0.0,0.1169731,0.0308968,0.0365342,0.0561454,0.0615843,0.0431489,0.0777813,0.0965216,
20,0.0,0.0925413,0.0170234,0.0208429,0.0153369,0.0614957,0.038527,0.062949,0.068708,
21,0.0,0.1293245,0.0388524,0.0487538,0.049195,0.0655499,0.0602197,0.1248612,0.0820461,
22,0.0,0.1223022,0.0467113,0.0839148,0.0673284,0.0660152,0.0393356,0.1214533,0.081848,
23,0.0,0.1853052,0.1564045,0.1447191,0.1346279,0.0407961,0.0899127,0.1001375,0.1906992,
24,0.0,0.1362289,0.1305312,0.0990999,0.1550225,0.0741077,0.1029686,0.2650361,0.1654558,
25,0.0,0.1658847,0.0645814,0.0913735,0.1177685,0.118582,0.0700896,0.1316823,0.1038074,
26,0.0,0.1502158,0.0331542,0.0983941,0.0793719,0.1315239,0.052986,0.1269815,0.0964242,
27,0.0,0.1191378,0.0482587,0.0865387,0.0675813,0.1200305,0.0431055,0.0943802,0.1171472,
28,0.0,0.0979534,0.0440927,0.0432522,0.0561149,0.071582,0.0361175,0.0723922,0.0897111,
29,0.0,0.0851465,0.0985592,0.112484,0.0366076,0.0294412,0.1002021,0.067958,0.0869819,
30,0.0,0.0810681,0.0851669,0.0634408,0.07805,0.0358922,0.109504,0.068783,0.0595646,
31,0.0,0.0430484,0.0426446,0.069681,0.0743248,0.0355368,0.1126454,0.0578998,0.0502454,
32,0.0,0.0389494,0.0309662,0.0621767,0.0681452,0.0274969,0.065853,0.0508021,0.045073,
33,0.0,0.0597222,0.0398441,0.0389827,0.0676374,0.0597115,0.0491501,0.0351844,0.0542436,
34,0.0,0.0569105,0.0385264,0.0423139,0.1061082,0.0547199,0.0865357,0.0228474,0.041162,
35,0.0,0.0721405,0.0535027,0.0540364,0.0170281,0.0263513,0.0861588,0.0345217,0.0595056,
36,0.0,0.060662,0.0356149,0.0051575,0.0297445,0.0624275,0.0843179,0.0564192,0.0623688,
37,0.0,0.0438579,0.078292,0.0335269,0.0744084,0.0656462,0.0966993,0.0567242,0.0838923,
38,0.0,0.0686593,0.0832416,0.0210335,0.054568,0.0573385,0.0701479,0.0696544,0.0466856,
39,0.0,0.0447629,0.05682,0.0281198,0.0326981,0.0376913,0.0533613,0.0840276,0.0676326,
40,0.0,0.0312395,0.0617718,0.0779912,0.0452358,0.0165804,0.0478827,0.062597,0.0229434,
41,0.0,0.1003234,0.033185,0.0957611,0.0906521,0.0608412,0.0471408,0.0771722,0.0429611,
42,0.0,0.1182473,0.0963646,0.085998,0.0767041,0.0873553,0.0536571,0.0817614,0.0442518,
43,0.0,0.1234672,0.0891383,0.0815289,0.1103883,0.1110883,0.095568,0.087839,0.0683264,
44,0.0,0.1842067,0.0908883,0.1012498,0.1259008,0.1257879,0.1290518,0.1255201,0.1191511,
45,0.0,0.2138071,0.0336058,0.1037758,0.0679072,0.1524293,0.1314409,0.1556258,0.1796129,
46,0.0,0.1695058,0.0424385,0.114193,0.1186017,0.1697872,0.1828736,0.2511413,0.3309957,
47,0.0,0.114327,0.0473985,0.1601847,0.0854747,0.1250223,0.2096289,0.1752755,0.2969217,
48,0.0,0.1540299,0.0472934,0.1400292,0.1128789,0.0944369,0.1667946,0.1598138,0.2563297,
49,0.0,0.1301706,0.0791563,0.1364779,0.1184834,0.0619017,0.1949636,0.252696,0.2992811,
50,0.0,0.1480364,0.1358336,0.1833922,0.1013408,0.0933158,0.2017954,0.1908891,0.2703297,
51,0.0,0.1271406,0.131314,0.1401171,0.095781,0.1367511,0.1788173,0.1798549,0.2398115,
52,0.0,0.1405455,0.117391,0.0779882,0.0492954,0.1189075,0.1950347,0.1540604,0.1904081,
53,0.0,0.0868662,0.1024018,0.0930096,0.0788292,0.0664548,0.1519365,0.1233176,0.1272633,
54,0.0,0.0679416,0.0926192,0.0892274,0.1521084,0.0891906,0.1841296,0.130058,0.1160705,
55,0.0,0.0579284,0.1003261,0.1052589,0.1863486,0.0856473,0.2449928,0.1861808,0.1237094,
56,0.0,0.0925616,0.0872877,0.117232,0.1616879,0.0626734,0.2437006,0.185012,0.105754,
57,0.0,0.1106921,0.0888097,0.1101061,0.1357488,0.0428654,0.1786279,0.1264371,0.1476834,
58,0.0,0.0862104,0.0563067,0.082445,0.1449851,0.0566573,0.1039052,0.0573025,0.1175769,
59,0.0,0.1265095,0.1290982,0.1804945,0.1873448,0.0480135,0.2080535,0.0908104,0.1400976,
60,0.0,0.1855311,0.1782728,0.2242695,0.1828439,0.1368754,0.2457528,0.0926173,0.1904602,
61,0.0,0.1491879,0.1642887,0.1719869,0.1251314,0.157199,0.114439,0.1761147,0.1230632,
62,0.0,0.1155221,0.1408082,0.1539024,0.0778796,0.1568938,0.0218478,0.158374,0.1722762,
63,0.0,0.117566,0.125462,0.2018877,0.0469713,0.0854916,0.0541726,0.0727989,0.1400507,
64,0.0,0.0996524,0.0923231,0.1894608,0.1066525,0.0648412,0.0399482,0.1018604,0.1389144,
65,0.0,0.1171401,0.0915426,0.1367418,0.0469035,0.060197,0.0444508,0.0943056,0.170084,
66,0.0,0.1368993,0.0788727,0.0584849,0.0460451,0.0699632,0.067729,0.0668375,0.1749536,
67,0.0,0.1116692,0.0132796,0.0445929,0.021674,0.0818933,0.1029156,0.0812769,0.0949031,
68,0.0,0.0919454,0.0560046,0.0140197,0.042526,0.0774881,0.0793495,0.061987,0.047568,
69,0.0,0.0941153,0.0982303,0.0567607,0.0270948,0.0879158,0.0733549,0.1143931,0.0812494,
70,0.0,0.084462,0.0637956,0.0836271,0.0649547,0.0818838,0.0943572,0.0904535,0.1105826,
71,0.0,0.1112957,0.0756159,0.151667,0.0791505,0.1511796,0.0964215,0.0492344,0.1579112,
72,0.0,0.1493793,0.1353681,0.2133905,0.157923,0.1038078,0.0719229,0.0957077,0.2584487,
73,0.0,0.0871096,0.0748244,0.1279805,0.0338042,0.1020978,0.0496164,0.1126883,0.1904121,
74,0.0,0.0839799,0.0562951,0.0871477,0.0492047,0.0500841,0.076777,0.1211805,0.1450695,
75,0.0,0.0634749,0.054821,0.0643393,0.0897957,0.070386,0.0562158,0.1075036,0.141352,
76,0.0,0.0641154,0.0758384,0.0742488,0.1178473,0.0798073,0.0194236,0.1337943,0.1380753,
77,0.0,0.0747343,0.058582,0.0764103,0.0797318,0.061258,0.0337164,0.1135554,0.0774199,
78,0.0,0.0468839,0.0330303,0.0091131,0.0333329,0.0115185,0.0273648,0.0761926,0.1489516,
79,0.0,0.0492945,0.0938974,0.0649869,0.0424742,0.0234777,0.0384346,0.0451465,0.1886605,
80,0.0,0.0883252,0.0888348,0.1930197,0.0691053,0.0321666,0.134929,0.0920623,0.2143962,
81,0.0,0.0672565,0.0539834,0.1647579,0.0659628,0.0308919,0.1570759,0.0725004,0.1212117,
82,0.0,0.0841106,0.0556637,0.1110712,0.0708744,0.0381091,0.1735628,0.0687119,0.0782045,
83,0.0,0.0515636,0.0507504,0.0870918,0.0177304,0.0494966,0.1459199,0.0879155,0.071009,
84,0.0,0.0404923,0.0644903,0.0626854,0.0090536,0.0797296,0.1307918,0.0784985,0.0769023,
85,0.0,0.054956,0.068034,0.0423779,0.0211184,0.054427,0.0991725,0.0815854,0.0672785,
86,0.0,0.0566151,0.0537623,0.0630057,0.0358225,0.0152734,0.0895496,0.0860548,0.020791,
87,0.0,0.0754843,0.0740108,0.0644756,0.0568356,0.0147823,0.0355639,0.0875867,0.0178128,
88,0.0,0.0878797,0.054211,0.0839933,0.0683689,0.0172878,0.0356798,0.0825843,0.1226912,
89,0.0,0.0991698,0.0400202,0.0659347,0.0440814,0.0190897,0.0825186,0.070369,0.1361262,
90,0.0,0.0153062,0.0155901,0.028181,0.0422213,0.0356542,0.0410645,0.0575418,0.1516906,
91,0.0,0.0493874,0.0386941,0.0496943,0.083189,0.0441173,0.1029143,0.0728099,0.1821573,
92,0.0,0.0571761,0.0617422,0.1160123,0.1165616,0.0640361,0.1303404,0.1287007,0.2529238,
93,0.0,0.0428091,0.1139633,0.1814229,0.0894217,0.0755745,0.1230404,0.1454883,0.1099278,
94,0.0,0.028438,0.0789954,0.0953938,0.0766851,0.0504024,0.0918493,0.0363642,0.0590482,
95,0.0,0.0183173,0.0833616,0.0527405,0.0700868,0.072806,0.0970721,0.044323,0.0348142,
96,0.0,0.0517579,0.1173036,0.078533,0.0717628,0.1597628,0.0997893,0.1512849,0.0107913,
97,0.0,0.0532855,0.0615614,0.0755042,0.0410058,0.1454328,0.0449342,0.0830389,0.1050986,
98,0.0,0.068841,0.0473604,0.05904,0.0386936,0.1299812,0.0274601,0.0872564,0.0918878,
99,0.0,0.058945,0.0570072,0.0680286,0.0678706,0.1061183,0.0370934,0.0334194,0.0661587,
100,0.0,0.0644318,0.0697172,0.0265482,0.0652723,0.1181115,0.0269962,0.0729231,0.0583052,
101,0.0,0.0602971,0.0559862,0.0451495,0.0518201,0.080806,0.0464215,0.0254446,0.0720614,
102,0.0,0.0642292,0.0649279,0.0608146,0.0678844,0.0354154,0.0405288,0.0660562,0.0523535,
103,0.0,0.0486504,0.0665743,0.080073,0.0539122,0.0363997,0.0725695,0.0732954,0.0600813,
104,0.0,0.0620323,0.0360546,0.0877202,0.0749832,0.0889173,0.083559,0.073227,0.0726403,
105,0.0,0.058898,0.081196,0.0807537,0.0769735,0.0882805,0.0495962,0.0759887,0.0634465,
106,0.0,0.1075013,0.0959083,0.0725761,0.0702765,0.1101954,0.0656502,0.0395098,0.0756668,
107,0.0,0.0910562,0.0517828,0.0609467,0.0575196,0.0764577,0.0894895,0.0334281,0.0735667,
108,0.0,0.0758014,0.0579868,0.0744159,0.0537394,0.0467986,0.095489,0.0339957,0.0452791,
109,0.0,0.0558815,0.0408582,0.1072041,0.0361154,0.0439896,0.0785488,0.0604886,0.0896712,
110,0.0,0.053438,0.0162574,0.0713708,0.0285818,0.0261165,0.0253346,0.051644,0.0189542,
111,0.0,0.040331,0.026958,0.0431757,0.0345617,0.051383,0.0231044,0.0642461,0.0101624,
112,0.0,0.0341765,0.0155853,0.0398525,0.0371202,0.0458968,0.043513,0.0630426,0.0372711,
113,0.0,0.0320083,0.0241911,0.038763,0.0230957,0.0276761,0.0308928,0.0751962,0.016165,
114,0.0,0.0354598,0.016751,0.0330797,0.0426304,0.0242611,0.0523209,0.0707632,0.0377414,
115,0.0,0.0338241,0.0315693,0.0276615,0.0423851,0.0377652,0.0646685,0.0256603,0.0359275,
116,0.0,0.0426116,0.0157588,0.0372864,0.0530358,0.040201,0.0750569,0.012172,0.0374938,
117,0.0,0.0793187,0.0294437,0.0287954,0.0669882,0.0348449,0.0399046,0.0206868,0.0788512,
118,0.0,0.066282,0.0436097,0.0605047,0.0635172,0.0454068,0.0483851,0.0592831,0.0847644,
119,0.0,0.0704231,0.0426653,0.0275346,0.0473531,0.0452111,0.0441154,0.0938619,0.070413,
120,0.0,0.0364763,0.0417128,0.0293648,0.0798629,0.0274317,0.0549704,0.0899482,0.078438,
121,0.0,0.0441067,0.0559455,0.0607249,0.0553066,0.0227992,0.0362439,0.0541082,0.1122276,
122,0.0,0.0302002,0.0394523,0.0423367,0.0444569,0.0430532,0.0389248,0.03724,0.0845681,
123,0.0,0.0123721,0.042278,0.0309573,0.06387,0.0500866,0.0470592,0.046051,0.0260893,
124,0.0,0.0203319,0.0268026,0.0400152,0.0869218,0.0313677,0.0236537,0.0652406,0.0128557,
125,0.0,0.0286718,0.0161142,0.0349156,0.0452754,0.0519846,0.0847673,0.0565737,0.0271768,
126,0.0,0.0263952,0.0191593,0.0260253,0.0302582,0.0215548,0.0481386,0.0408499,0.06485,
127,0.0,0.0401921,0.0710418,0.0351352,0.0414517,0.0494284,0.0412011,0.0422939,0.0219178,
128,0.0,0.0481388,0.060552,0.0498582,0.0253391,0.0554562,0.0367562,0.072106,0.0651112,
129,0.0,0.0570508,0.0414463,0.0484847,0.0231104,0.0410411,0.0411072,0.087369,0.0287477,
130,0.0,0.0263613,0.0594498,0.0476698,0.0348522,0.0372663,0.0608889,0.0922307,0.0273184,
131,0.0,0.0208117,0.0650535,0.0654026,0.0193476,0.0535721,0.1016098,0.1005571,0.0300964,
132,0.0,0.0695197,0.0361374,0.060696,0.0232802,0.0587337,0.1077566,0.0915102,0.0471295,
133,0.0,0.0849343,0.0489695,0.028201,0.0265079,0.0579269,0.1427961,0.0891301,0.029495,
134,0.0,0.0930755,0.0534385,0.0362312,0.0390813,0.0225171,0.0954597,0.0822001,0.0236725,
135,0.0,0.0650645,0.0368501,0.0276839,0.0650288,0.0657085,0.0885879,0.0787963,0.0273247,
136,0.0,0.0036979,0.0226155,0.0395187,0.077325,0.0669814,0.0904201,0.0935479,0.0371112,
137,0.0,0.035629,0.0224263,0.0370223,0.0530752,0.0761524,0.058419,0.1010825,0.0504957,
138,0.0,0.0372267,0.0480334,0.0358479,0.0345625,0.1039663,0.0920958,0.0862506,0.0719035,
139,0.0,0.0249206,0.0415724,0.0326987,0.0501205,0.0584337,0.1046025,0.0504115,0.0477415,
140,0.0,0.038324,0.044279,0.0264657,0.0571307,0.0485145,0.0354692,0.0294685,0.0713031,
141,0.0,0.0398765,0.0527703,0.0149663,0.0301196,0.0642028,0.0311434,0.0139323,0.1129089,
142,0.0,0.0438143,0.0811738,0.0440484,0.0400747,0.0578222,0.0415795,0.0132349,0.1135521,
143,0.0,0.0776677,0.0513783,0.0375439,0.0363147,0.0410754,0.1375071,0.0325335,0.0727077,
144,0.0,0.0768523,0.0279222,0.0473125,0.0112359,0.0452157,0.0702863,0.0448451,0.0639036,
145,0.0,0.0491149,0.0395766,0.0948063,0.0229987,0.0322454,0.05731,0.104228,0.082081,
146,0.0,0.0476221,0.0423606,0.090369,0.0372164,0.0404031,0.0857931,0.0834254,0.0640982,
147,0.0,0.0559573,0.0633345,0.0585399,0.0682071,0.0099397,0.0526689,0.0315549,0.057181,
148,0.0,0.0546596,0.0413347,0.0419945,0.0707287,0.0270863,0.0668655,0.0248929,0.0394426,
149,0.0,0.0514746,0.0376022,0.0242188,0.0841088,0.0553922,0.0580595,0.0537804,0.0322102,
150,0.0,0.0363937,0.038369,0.0663447,0.02412,0.0383149,0.033515,0.0769324,0.0717943,
151,0.0,0.0288446,0.0700928,0.033744,0.03762,0.0251163,0.0258034,0.0822658,0.0741852,
152,0.0,0.043474,0.0687211,0.0321669,0.0471877,0.0225195,0.0308004,0.0759451,0.0655906,
153,0.0,0.0176339,0.0233754,0.0319351,0.0675952,0.0417877,0.0895025,0.0736483,0.0771618,
154,0.0,0.0589624,0.0350585,0.0287696,0.0637864,0.0795575,0.0890643,0.1037956,0.0976333,
155,0.0,0.0593872,0.0568858,0.0646763,0.0537326,0.0682004,0.1402237,0.123576,0.1212516,
156,0.0,0.0619469,0.0486558,0.0431173,0.0810687,0.0748857,0.0801614,0.0666754,0.0855787,
157,0.0,0.0437154,0.0351641,0.0457635,0.0193105,0.0910655,0.0344186,0.0718498,0.0407665,
158,0.0,0.0541368,0.0436999,0.0231381,0.0466188,0.0648067,0.0320494,0.0702877,0.0191761,
159,0.0,0.0125706,0.0336516,0.0435535,0.033105,0.0639964,0.04606,0.040235,0.0253058,
160,0.0,0.0446821,0.0281559,0.0294733,0.0397872,0.0573822,0.0682643,0.0429254,0.0402674,
161,0.0,0.0487193,0.0410089,0.0101735,0.0538805,0.0466321,0.0675377,0.0390081,0.0744324,
162,0.0,0.0510159,0.0284907,0.0325912,0.0552319,0.0268003,0.0620567,0.0269075,0.0776097,
163,0.0,0.0562169,0.0352222,0.0441008,0.0421309,0.0268285,0.0698152,0.0422019,0.0354175,
164,0.0,0.0544084,0.0426828,0.0411824,0.0748697,0.0437794,0.0833347,0.0911183,0.0468448,
165,0.0,0.0476974,0.0312138,0.0925259,0.0608496,0.0611564,0.0910216,0.1064338,0.038175,
166,0.0,0.0530583,0.0437172,0.068632,0.0707692,0.0785741,0.0969695,0.0925685,0.0335629,
167,0.0,0.0745107,0.0550019,0.1471169,0.1287738,0.0546957,0.0921465,0.066313,0.0737082,
168,0.0,0.1198462,0.0873424,0.1987341,0.2577344,0.0887702,0.0572628,0.0654671,0.1362323,
169,0.0,0.0859144,0.1491528,0.1867696,0.2287443,0.1149096,0.0181806,0.0781925,0.1207854,
170,0.0,0.0950884,0.0897526,0.1072367,0.1933434,0.116766,0.0898976,0.0516198,0.1059454,
171,0.0,0.0962037,0.0271664,0.0500455,0.0830259,0.1053235,0.1326153,0.0869408,0.0548197,
172,0.0,0.0452263,0.0189658,0.0437208,0.0181796,0.0482867,0.0699259,0.0849664,0.0235899,
173,0.0,0.0479047,0.0162678,0.0303467,0.0059705,0.052232,0.0580003,0.0640669,0.0368225,
174,0.0,0.0585803,0.0259066,0.0454292,0.0169303,0.0812609,0.0922702,0.0503168,0.0501385,
175,0.0,0.0643078,0.0683533,0.0312563,0.0568865,0.0606515,0.0825643,0.0488879,0.0438307,
176,0.0,0.0895498,0.0814562,0.0635729,0.0350537,0.1203725,0.0910898,0.0318153,0.0073134,
177,0.0,0.0981035,0.0929814,0.0775702,0.0428699,0.1149052,0.1195276,0.094235,0.0343502,
178,0.0,0.0974909,0.0722228,0.0932412,0.0469356,0.0913401,0.1734253,0.1220728,0.0312977,
179,0.0,0.0467555,0.1038759,0.0449792,0.0312534,0.0678488,0.12964,0.0825187,0.0470529,
180,0.0,0.0333377,0.0775743,0.0364231,0.0402243,0.1151014,0.117567,0.0768919,0.0269102,
181,0.0,0.0386221,0.0405227,0.0559365,0.0389569,0.1188388,0.066182,0.0612305,0.0289063,
182,0.0,0.0787529,0.0448059,0.104949,0.0459821,0.077752,0.0732726,0.0556638,0.0228651,
183,0.0,0.0357785,0.047413,0.1219679,0.0163389,0.1175186,0.0549094,0.0942546,0.0366749,
184,0.0,0.1422068,0.1625015,0.0603198,0.0530683,0.2084518,0.0693609,0.0732625,0.1057456,
185,0.0,0.1501601,0.1944292,0.0636584,0.0721056,0.1566766,0.0422897,0.0610007,0.1332064,
186,0.0,0.1788695,0.1761822,0.0891709,0.1228451,0.1578816,0.0704196,0.0970303,0.1403188,
187,0.0,0.153023,0.1179068,0.0807656,0.0847653,0.0882358,0.0753736,0.1100142,0.121392,
188,0.0,0.1621481,0.1450422,0.168364,0.0762142,0.1438727,0.2084004,0.1521281,0.15787,
189,0.0,0.2267931,0.1792096,0.1999604,0.1155128,0.1737132,0.22678,0.1995558,0.2352276,
190,0.0,0.2716964,0.2613854,0.2046137,0.1329066,0.191193,0.2830932,0.1727314,0.2354537,
191,0.0,0.2942804,0.3170619,0.1386919,0.160938,0.2613465,0.2812505,0.1549385,0.253906,
192,0.0,0.2044843,0.210331,0.0877188,0.150502,0.1799913,0.1725112,0.1597729,0.1786034,
193,0.0,0.1470897,0.0829826,0.0286938,0.1122,0.1646065,0.1330013,0.161034,0.2950056,
194,0.0,0.0538455,0.1081584,0.0465389,0.0555712,0.1278519,0.1296745,0.0904916,0.1234236,
195,0.0,0.0324386,0.0889656,0.0756979,0.0610303,0.0557292,0.0623218,0.1172591,0.0752618,
196,0.0,0.012344,0.1221081,0.0608822,0.0912864,0.1122758,0.2143118,0.1233265,0.1597216,
197,0.0,0.0352308,0.0562805,0.0608468,0.0542127,0.0502283,0.2303991,0.0859384,0.1095915,
198,0.0,0.0704035,0.0594059,0.0860346,0.0493893,0.0503136,0.1703976,0.0949147,0.0844735,
199,0.0,0.0405106,0.0607529,0.0675785,0.060783,0.0543127,0.0665068,0.0589524,0.0465988,
200,0.0,0.0556783,0.0659349,0.1037836,0.098972,0.0638745,0.1423886,0.0420918,0.0599964,
201,0.0,0.046714,0.0831152,0.1039767,0.0621571,0.0635647,0.1651241,0.0291757,0.0658339,
202,0.0,0.0390823,0.0610938,0.0889898,0.0522989,0.0586865,0.0919531,0.1050736,0.0402403,
203,0.0,0.0358832,0.03514,0.091854,0.0617563,0.0326252,0.0773961,0.0444436,0.0478964,
204,0.0,0.0178998,0.0345015,0.0650738,0.0358528,0.0393395,0.0642896,0.049951,0.066135,
205,0.0,0.0267753,0.0539841,0.0535171,0.0526981,0.0382463,0.0763133,0.0831659,0.0917256,
206,0.0,0.0266809,0.0891762,0.0597333,0.0704338,0.027117,0.068031,0.0871741,0.0840962,
207,0.0,0.0590052,0.0788904,0.0645778,0.0905254,0.0420508,0.0354015,0.0353168,0.0784677,
208,0.0,0.0465783,0.045663,0.0557945,0.0478291,0.052306,0.0801999,0.0913098,0.1184283,
209,0.0,0.0231227,0.0639487,0.059225,0.0390771,0.0260511,0.0548224,0.090151,0.08864,
210,0.0,0.0490797,0.0700942,0.0778622,0.0655648,0.0360499,0.0609028,0.0768739,0.0779952,
211,0.0,0.0542346,0.0706653,0.1024555,0.0164491,0.018487,0.075468,0.0803705,0.1391903,
212,0.0,0.0376214,0.0393617,0.100748,0.0496088,0.0443886,0.1078418,0.1029401,0.1824175,
213,0.0,0.0579979,0.0501532,0.1333925,0.0416889,0.0603384,0.1285848,0.0989329,0.120003,
214,0.0,0.0553908,0.101199,0.1523136,0.041264,0.0280104,0.124045,0.0416365,0.148316,
215,0.0,0.0667139,0.0934641,0.153313,0.020122,0.0763671,0.1541558,0.1099679,0.1367864,
216,0.0,0.0467207,0.0461901,0.1121881,0.0856815,0.0569072,0.1518125,0.1503496,0.2150554,
217,0.0,0.0443642,0.1090576,0.1477981,0.1709617,0.0622524,0.1328914,0.1650792,0.2298099,
218,0.0,0.0674047,0.0904251,0.1441417,0.1448592,0.0628218,0.1653608,0.1708416,0.2078584,
219,0.0,0.0678734,0.0957012,0.12382,0.1540687,0.0235512,0.1604744,0.1283057,0.1832806,
220,0.0,0.0792822,0.0645185,0.1255152,0.0585517,0.0429436,0.1966751,0.1485009,0.1657302,
221,0.0,0.0677748,0.0440692,0.148079,0.0767415,0.0754789,0.2165957,0.1350582,0.1387933,
222,0.0,0.1105569,0.1015652,0.1354775,0.1362987,0.08319,0.1482373,0.2238433,0.2143716,
223,0.0,0.1044066,0.0732124,0.0888201,0.0877892,0.0940486,0.1305002,0.1913394,0.3114403,
224,0.0,0.123477,0.0768718,0.0759426,0.0998051,0.0727013,0.0459433,0.1926555,0.3134858,
225,0.0,0.1267009,0.0602565,0.1683766,0.1023472,0.0316891,0.0803113,0.1417028,0.2269984,
226,0.0,0.1251163,0.0443568,0.1544836,0.0934877,0.0688191,0.0335057,0.1391155,0.2117903,
227,0.0,0.102042,0.0092552,0.1568385,0.1393889,0.0981301,0.106082,0.1038565,0.115561,
228,0.0,0.100647,0.0369344,0.1696037,0.1266419,0.1294289,0.0923443,0.0870146,0.2313221,
229,0.0,0.1155633,0.0482684,0.1586869,0.133356,0.0714646,0.0792496,0.0924598,0.1899073,
230,0.0,0.0693513,0.069893,0.1662876,0.1182715,0.0450886,0.1159917,0.0459967,0.116079,
231,0.0,0.0636284,0.0973353,0.1813703,0.1147184,0.115476,0.0865087,0.0539578,0.1133021,
232,0.0,0.0667219,0.1578066,0.1583212,0.116736,0.1596759,0.0677032,0.1099204,0.0838747,
233,0.0,0.0771496,0.1803566,0.1785785,0.1232138,0.1566508,0.1005096,0.0616313,0.1132858,
234,0.0,0.0779349,0.0644018,0.0949377,0.0872247,0.1176723,0.084169,0.0614596,0.1179172,
235,0.0,0.0961542,0.0323335,0.1254309,0.1385872,0.2095651,0.126334,0.1046386,0.1172364,
236,0.0,0.1119057,0.097369,0.0796719,0.1178251,0.2134022,0.1173812,0.0288789,0.1284331,
237,0.0,0.1126246,0.0598085,0.0925908,0.1230768,0.1292656,0.1244919,0.0339831,0.1396023,
238,0.0,0.0827011,0.0533235,0.0937685,0.0895932,0.043821,0.1097471,0.0962914,0.0962965,
239,0.0,0.0476505,0.0365154,0.0740077,0.0679551,0.0479954,0.0744146,0.0782943,0.1209628,
240,0.0,0.068625,0.0532032,0.1695447,0.0616092,0.0592073,0.1232512,0.1120826,0.1143834,
241,0.0,0.0901797,0.0432355,0.1879345,0.0525155,0.1197914,0.0954313,0.1055732,0.1206109,
242,0.0,0.0617437,0.0252142,0.1816091,0.0867756,0.1361406,0.0912325,0.1987299,0.1242278,
243,0.0,0.0956929,0.0392514,0.1966529,0.0790987,0.1189435,0.1088772,0.1373974,0.0824442,
244,0.0,0.0988438,0.0401824,0.0980747,0.0989582,0.0980502,0.1404463,0.1125414,0.0528689,
245,0.0,0.0810395,0.0435109,0.1716957,0.0499095,0.0968292,0.1882962,0.2506948,0.2057628,
246,0.0,0.1158419,0.0350728,0.1104125,0.0513578,0.1098978,0.2433648,0.3613976,0.3081341,
247,0.0,0.1047235,0.0583047,0.0462415,0.0910075,0.1235038,0.2543916,0.2761173,0.2526048,
248,0.0,0.0830537,0.0693601,0.0660033,0.0473675,0.1175251,0.1235671,0.1435985,0.1502683,
249,0.0,0.0502268,0.0417164,0.079767,0.0406735,0.0303112,0.0768472,0.1348767,0.146366,
250,0.0,0.0699556,0.0510949,0.0462208,0.0210668,0.0242744,0.0613072,0.1572399,0.1475925,
251,0.0,0.0404667,0.072291,0.0442186,0.064315,0.0742948,0.1162673,0.2158038,0.168816,
252,0.0,0.0551169,0.039413,0.0766267,0.0369385,0.0776646,0.0998519,0.2399098,0.1140014,
253,0.0,0.0448238,0.060223,0.0706361,0.035755,0.0414343,0.1074287,0.1435823,0.0909459,
254,0.0,0.0458922,0.0581475,0.0595265,0.0467994,0.0407439,0.0803619,0.1738735,0.1475529,
255,0.0,0.0337807,0.0730215,0.0828042,0.0463732,0.1026781,0.0812575,0.2480938,0.1823341,
256,0.0,0.0351767,0.0770681,0.0954333,0.0644965,0.0735626,0.1000981,0.1197304,0.1620456,
257,0.0,0.0385783,0.0651889,0.1417066,0.0562955,0.0934072,0.1051002,0.0733702,0.1550008,
258,0.0,0.0787704,0.0758754,0.1326583,0.0306009,0.1047286,0.0738428,0.1644101,0.2254147,
259,0.0,0.0407436,0.0748851,0.0499992,0.0369099,0.0816202,0.113383,0.1460859,0.1956252,
260,0.0,0.0723751,0.0813488,0.0550022,0.0181405,0.0524035,0.0994948,0.1323108,0.1759323,
261,0.0,0.0648222,0.0840698,0.0288298,0.0343779,0.0271043,0.1358638,0.1461609,0.1760433,
262,0.0,0.0826318,0.078188,0.075488,0.0630366,0.0557046,0.0845518,0.1567355,0.2030925,
263,0.0,0.1158702,0.0854961,0.060715,0.0869497,0.0700461,0.0717041,0.1606283,0.2228723,
264,0.0,0.0700744,0.0766634,0.0948921,0.0892472,0.0671087,0.0955392,0.1262928,0.1837218,
265,0.0,0.0534763,0.0919297,0.1038764,0.0702014,0.0383745,0.0869271,0.1036146,0.1841167,
266,0.0,0.0875005,0.0716164,0.1085302,0.0971725,0.0169007,0.053065,0.1371116,0.2384728,
267,0.0,0.0676511,0.0747002,0.127177,0.1122997,0.0250298,0.0977607,0.1338095,0.2301972,
268,0.0,0.069157,0.0634161,0.1108515,0.1224003,0.033705,0.0891533,0.1183899,0.1590651,
269,0.0,0.0677287,0.0599959,0.1496195,0.1220028,0.0349955,0.0692414,0.1428142,0.1807257,
270,0.0,0.0882847,0.0728606,0.2007871,0.1176877,0.0329469,0.0576529,0.1287866,0.26782,
271,0.0,0.0658998,0.0658383,0.1496599,0.1343099,0.0313712,0.100308,0.1540343,0.2509786,
272,0.0,0.0469044,0.0802088,0.1438733,0.1861893,0.0386731,0.0996973,0.1566376,0.1052099,
273,0.0,0.0577548,0.0402714,0.1560622,0.1551081,0.0557989,0.1066987,0.1037558,0.0841434,
274,0.0,0.1297415,0.0654029,0.1278093,0.1513135,0.0503312,0.1421593,0.1296603,0.1203296,
275,0.0,0.0798518,0.0851832,0.1142918,0.2037382,0.0829482,0.1260893,0.1890392,0.1246258,
276,0.0,0.0225691,0.1182702,0.1123138,0.2109161,0.1136691,0.1769793,0.1633475,0.1359945,
277,0.0,0.0548037,0.2417888,0.1714194,0.2664907,0.1363373,0.1936035,0.2006395,0.253469,
278,0.0,0.0664421,0.1365979,0.1828647,0.1568169,0.1400589,0.1548955,0.1845494,0.0658269,
279,0.0,0.0528321,0.0517903,0.0860893,0.1590883,0.0364314,0.168947,0.1337256,0.172376,
280,0.0,0.0332001,0.0842478,0.087081,0.1036167,0.0586323,0.1225395,0.0701419,0.1658192,
281,0.0,0.0376896,0.0652397,0.0982329,0.071519,0.0339263,0.0978513,0.0885119,0.1459814,
282,0.0,0.0704712,0.0282992,0.1045928,0.0810672,0.0199748,0.0793724,0.0873146,0.1970291,
283,0.0,0.0653955,0.0785639,0.0943764,0.0738933,0.1139938,0.0959462,0.1629108,0.1687645,
284,0.0,0.0340066,0.0712234,0.0949838,0.0888126,0.1069343,0.1140497,0.128272,0.1709913,
285,0.0,0.0431087,0.0681254,0.1030796,0.0605324,0.0886048,0.1483164,0.0908622,0.1415712,
286,0.0,0.0866917,0.0553085,0.0562627,0.0425133,0.0628592,0.0616921,0.0563358,0.1505541,
287,0.0,0.0427601,0.0775872,0.0494995,0.0430357,0.0162516,0.0556842,0.0579672,0.0943522,
288,0.0,0.0525171,0.0718009,0.0821185,0.1208983,0.0244077,0.042191,0.0650936,0.0427636,
289,0.0,0.0789375,0.0436239,0.0843059,0.0607173,0.0514758,0.0330757,0.0337688,0.0071933,
290,0.0,0.0652557,0.0357275,0.0623208,0.0539394,0.0149506,0.0402703,0.044585,0.0203448,
291,0.0,0.0577921,0.045988,0.0539168,0.0760243,0.0317288,0.0447167,0.02199,0.0433487,
292,0.0,0.0658459,0.0384119,0.0647447,0.0477481,0.0405911,0.0502636,0.0536097,0.0589146,
293,0.0,0.0538903,0.0614537,0.0595525,0.05061,0.0397898,0.0604764,0.0627118,0.090878,
294,0.0,0.0676371,0.0380565,0.0818755,0.0692146,0.0522271,0.0536914,0.0855748,0.1248814,
295,0.0,0.0700107,0.0449781,0.0660111,0.0415126,0.0405102,0.0449348,0.0627298,0.0618966,
296,0.0,0.0328923,0.0352071,0.0629031,0.0625302,0.0554783,0.047722,0.0713184,0.0581189,
297,0.0,0.0264083,0.0290895,0.0798181,0.0746387,0.0865128,0.0507485,0.0698328,0.0590422,
298,0.0,0.0368214,0.0318945,0.0785116,0.0925452,0.0800217,0.0337062,0.079127,0.0550441,
299,0.0,0.0335405,0.049649,0.0653605,0.0478504,0.0715792,0.02106,0.036166,0.0454017,
300,0.0,0.0622281,0.1151113,0.0404708,0.0344919,0.0786212,0.0139667,0.0800627,0.022522,
301,0.0,0.0503837,0.1361496,0.0650098,0.0624021,0.0901699,0.0463298,0.1277352,0.0330184,
302,0.0,0.0503401,0.1399661,0.0750118,0.0954164,0.0697944,0.1009654,0.1346377,0.0400728,
303,0.0,0.0602465,0.1659136,0.0803207,0.1684475,0.0714915,0.0397529,0.1465732,0.0700221,
304,0.0,0.0448622,0.0932079,0.0312624,0.1592516,0.0689162,0.0547977,0.1107691,0.0507541,
305,0.0,0.0395147,0.0711241,0.0458497,0.0602385,0.066205,0.0459232,0.2177948,0.0931576,
306,0.0,0.0396184,0.0770973,0.0649356,0.0376313,0.0688958,0.0651202,0.3149223,0.0811587,
307,0.0,0.0904343,0.0619346,0.0309953,0.0494346,0.1040077,0.1068095,0.0751934,0.0680163,
308,0.0,0.0981413,0.1021145,0.0611703,0.0528432,0.1003977,0.0419094,0.1049623,0.0180269,
309,0.0,0.0909989,0.0517152,0.0842806,0.0606948,0.0836548,0.1073993,0.0861135,0.0789783,
310,0.0,0.0538968,0.0327454,0.0501527,0.0387289,0.0474636,0.0621156,0.0688399,0.0778654,
311,0.0,0.0418968,0.0476285,0.075349,0.0597971,0.0764604,0.0428564,0.0827808,0.040169,
312,0.0,0.0447538,0.0358183,0.042288,0.0406949,0.0742632,0.0605816,0.0715136,0.0224891,
313,0.0,0.0361121,0.0410731,0.0692978,0.078668,0.0239586,0.0486583,0.0629587,0.0391767,
314,0.0,0.0312469,0.0640871,0.0278415,0.0473077,0.0185714,0.0475745,0.0533471,0.0690053,
315,0.0,0.0243547,0.0301218,0.0488698,0.0483843,0.0063371,0.0680437,0.0452199,0.0648068,
316,0.0,0.041109,0.0143273,0.0600197,0.0683121,0.0369328,0.0418032,0.0554216,0.0620645,
317,0.0,0.042294,0.0581654,0.0444202,0.0486514,0.0452016,0.0256466,0.0200715,0.0198781,
318,0.0,0.0655142,0.0437953,0.0537267,0.018985,0.1027603,0.0578293,0.0210645,0.0546797,
319,0.0,0.0879898,0.0310688,0.0760758,0.0199332,0.0490002,0.0333405,0.0398063,0.083175,
320,0.0,0.0885412,0.0346138,0.0849327,0.0090238,0.0236694,0.0204043,0.0181793,0.0746393,
321,0.0,0.0775978,0.052316,0.1062222,0.0313306,0.0377666,0.0202236,0.0568698,0.1155924,
322,0.0,0.0743119,0.0255523,0.081768,0.0200734,0.0420891,0.0092803,0.027839,0.1056959,
323,0.0,0.0112569,0.0304313,0.0656461,0.0127834,0.0244431,0.0319931,0.0394779,0.0766119,
324,0.0,0.014222,0.0350133,0.0532038,0.0284517,0.0169582,0.0362642,0.0256637,0.0629013,
325,0.0,0.0218871,0.0404985,0.0443789,0.0417701,0.0259983,0.0235565,0.0391291,0.0334286,
326,0.0,0.0412238,0.0421128,0.0284765,0.0317174,0.0322809,0.0497847,0.059627,0.0727153,
327,0.0,0.0449972,0.0481069,0.0385089,0.05504,0.0483403,0.0152897,0.0664107,0.0690814,
328,0.0,0.0702959,0.0507594,0.064238,0.0562983,0.0700918,0.0563368,0.0556533,0.0574678,
329,0.0,0.1285374,0.0776811,0.0855985,0.1371715,0.1572347,0.0756235,0.058858,0.0732416,
330,0.0,0.1183201,0.0707567,0.0741223,0.129668,0.0612194,0.0798444,0.0697709,0.0637846,
331,0.0,0.090263,0.0426572,0.0336355,0.0453843,0.0180681,0.0555298,0.1017259,0.0240593,
332,0.0,0.1046451,0.0491902,0.0322621,0.0552957,0.0215175,0.0513908,0.0804076,0.0490775,
333,0.0,0.0327252,0.0470552,0.0422618,0.0336312,0.0268446,0.0590597,0.0468478,0.0142333,
334,0.0,0.0336768,0.0318772,0.037619,0.0364261,0.0314826,0.0304074,0.0455171,0.0506058,
335,0.0,0.0256856,0.0161825,0.0328131,0.0483207,0.0067374,0.0433551,0.0147566,0.0220245,
336,0.0,0.0184146,0.0433707,0.0223603,0.0442752,0.0405082,0.0626715,0.0505709,0.0454334,
337,0.0,0.0237559,0.0286882,0.0403706,0.0096811,0.0421608,0.0431743,0.0404062,0.0544629,
338,0.0,0.053369,0.0305085,0.0367613,0.0409101,0.0335774,0.0561328,0.0646194,0.0575223,
339,0.0,0.0580709,0.0474328,0.0474345,0.0916669,0.0762417,0.0335996,0.0917058,0.0754757,
340,0.0,0.0581085,0.0719343,0.0331898,0.049399,0.0466296,0.0494725,0.078666,0.0913814,
341,0.0,0.0376842,0.0218412,0.0307393,0.0167862,0.0276592,0.0664096,0.0596327,0.0436611,
342,0.0,0.0325282,0.0314633,0.0299936,0.0433568,0.0578505,0.0761923,0.0498451,0.0431679,
343,0.0,0.0350198,0.036612,0.0486264,0.0496122,0.0488583,0.0774593,0.0779783,0.0455963,
344,0.0,0.0587296,0.0296576,0.0321749,0.054464,0.060132,0.065678,0.0531507,0.0821798,
345,0.0,0.0491726,0.0614407,0.0384933,0.0702565,0.0525091,0.0609033,0.038119,0.0704117,
346,0.0,0.0350924,0.0658808,0.0571966,0.0562918,0.0579503,0.0410398,0.0642527,0.0401887,
347,0.0,0.0536841,0.0464517,0.0418953,0.0755682,0.0360196,0.0675132,0.0581599,0.0355753,
348,0.0,0.058779,0.0471699,0.0487301,0.0266454,0.0440377,0.0791966,0.0107781,0.0296507,
349,0.0,0.0671594,0.0451973,0.0666035,0.036823,0.0707209,0.0817089,0.0778879,0.0261965,
350,0.0,0.1044441,0.0473141,0.0636444,0.0555264,0.0774172,0.0657738,0.1567608,0.0615051,
351,0.0,0.1070178,0.098616,0.0568831,0.0701514,0.0779058,0.0596619,0.2064519,0.1154189,
352,0.0,0.102894,0.0949568,0.1441989,0.1135202,0.1213795,0.05641,0.1716711,0.2344847,
353,0.0,0.1045216,0.0444478,0.1540828,0.1183628,0.170923,0.1340412,0.2529199,0.2652518,
354,0.0,0.0905185,0.0626835,0.0673773,0.0784857,0.1523267,0.0775561,0.2277761,0.2211334,
355,0.0,0.0677499,0.0972375,0.1013439,0.1107007,0.1375104,0.067546,0.1036806,0.0835717,
356,0.0,0.0649758,0.1108443,0.108792,0.1344951,0.1288412,0.0766738,0.074761,0.0797508,
357,0.0,0.0999622,0.0944886,0.0813284,0.1370317,0.121468,0.067196,0.0766683,0.0844085,
358,0.0,0.0896529,0.0641385,0.0808224,0.0920867,0.1864303,0.0789322,0.1626234,0.1994299,
359,0.0,0.0781628,0.0297232,0.0861021,0.1482167,0.1205834,0.0708693,0.076023,0.0702021,
360,0.0,0.0775341,0.0311003,0.0499992,0.1116111,0.104076,0.061777,0.0814522,0.0583632,
361,0.0,0.0844178,0.0353608,0.0596166,0.0926585,0.1058309,0.0286131,0.0854971,0.0593279,
362,0.0,0.0903649,0.0901055,0.0641452,0.135125,0.0403974,0.0877861,0.0711063,0.0916542,
363,0.0,0.0745462,0.1043154,0.0493775,0.10701,0.048171,0.0824159,0.0593836,0.0537089,
364,0.0,0.0738351,0.1660097,0.045753,0.0339416,0.039618,0.0822519,0.0774173,0.0639705,
365,0.0,0.1375691,0.1236743,0.0130482,0.0557268,0.071848,0.0704736,0.0493586,0.1398444,
366,0.0,0.1458345,0.0806458,0.0402251,0.1027851,0.1040743,0.0390269,0.0825387,0.1661787,
367,0.0,0.1486505,0.0725469,0.0594621,0.0437068,0.0702917,0.0519182,0.0769047,0.1335296,
368,0.0,0.1337059,0.1009791,0.0623238,0.0581486,0.0701707,0.0734299,0.1093748,0.0944975,
369,0.0,0.093968,0.0713573,0.1058269,0.0686251,0.0948552,0.0751462,0.0957469,0.0262439,
370,0.0,0.0421581,0.0491644,0.1361273,0.0679535,0.0482096,0.0725726,0.1212005,0.0942432,
371,0.0,0.0560143,0.0465298,0.072438,0.0426738,0.046623,0.0282948,0.1189694,0.0542966,
372,0.0,0.0545202,0.0677982,0.0871001,0.0929068,0.0300646,0.039238,0.0714461,0.1155497,
373,0.0,0.0439556,0.0159259,0.0673148,0.0583179,0.0232231,0.0231588,0.0385179,0.0949677,
374,0.0,0.0539363,0.0357195,0.0278126,0.0471232,0.0235757,0.0165123,0.0295277,0.0297236,
375,0.0,0.0660256,0.0293452,0.0335446,0.0880321,0.0039755,0.0503984,0.023577,0.0567975,
376,0.0,0.0570668,0.0412761,0.0881396,0.092658,0.0358861,0.1219496,0.0128236,0.0902449,
377,0.0,0.1061605,0.2124791,0.2162033,0.1264315,0.0583183,0.0778259,0.0622188,0.2079344,
378,0.0,0.1422753,0.2895508,0.109154,0.2413193,0.0799926,0.0519656,0.1048497,0.1631432,
379,0.0,0.055462,0.0509254,0.0560902,0.219591,0.0702795,0.1782822,0.1019559,0.0921393,
380,0.0,0.0659116,0.0468367,0.0466487,0.0858212,0.0222605,0.1134671,0.116864,0.0720772,
381,0.0,0.0707389,0.0907802,0.0826556,0.0131452,0.0389069,0.0439365,0.1543686,0.0914695,
382,0.0,0.0392933,0.0735532,0.0811735,0.0800767,0.0586995,0.0937811,0.1712995,0.1229236,
383,0.0,0.0450781,0.039227,0.0916344,0.0549125,0.0577852,0.08689,0.0820568,0.0157246,
384,0.0,0.0578075,0.0265013,0.1041363,0.0401067,0.0586586,0.0911677,0.1192908,0.0240936,
385,0.0,0.0827513,0.0545485,0.1030418,0.0349533,0.0489102,0.0945188,0.1236147,0.0276309,
386,0.0,0.0825517,0.0718143,0.0527964,0.0528911,0.0500179,0.0934941,0.1058877,0.0438359,
387,0.0,0.0767,0.055626,0.0535313,0.0860358,0.0896308,0.0963339,0.1157507,0.0332956,
388,0.0,0.0286508,0.0680673,0.062622,0.1009087,0.0506715,0.092398,0.1372965,0.0125809,
389,0.0,0.034002,0.0317635,0.0716731,0.0793094,0.0503418,0.0465501,0.1040265,0.0334112,
390,0.0,0.022865,0.0139486,0.0729316,0.074721,0.0347908,0.0652891,0.085266,0.0498514,
391,0.0,0.0784711,0.013637,0.0915508,0.0810022,0.037683,0.0482097,0.0809552,0.0688764,
392,0.0,0.0670717,0.055193,0.0499013,0.0771438,0.0417658,0.0629281,0.0768953,0.0675664,
393,0.0,0.0664753,0.0345156,0.0706166,0.0744757,0.0514968,0.0587834,0.0425549,0.0414769,
394,0.0,0.0521915,0.0415066,0.0421674,0.0457417,0.0548638,0.0675232,0.0405008,0.0380385,
395,0.0,0.0593884,0.0534276,0.0652035,0.0436027,0.0620642,0.0587745,0.055475,0.0678419,
396,0.0,0.0698179,0.060216,0.0814736,0.0486771,0.0434371,0.0590492,0.1181666,0.0470212,
397,0.0,0.0573293,0.0248155,0.0755038,0.0870149,0.0588205,0.0706111,0.1243616,0.1007569,
398,0.0,0.0968469,0.0325845,0.0406923,0.1251183,0.1061485,0.0795207,0.2357019,0.1553205,
399,0.0,0.0854448,0.1185411,0.0486023,0.1237749,0.0912378,0.1031239,0.1696969,0.1063511,
400,0.0,0.1067792,0.1013549,0.0605197,0.0853762,0.0943765,0.0499051,0.1766633,0.0902158,
401,0.0,0.0606797,0.0658424,0.0500977,0.0323657,0.1247843,0.0450426,0.060709,0.0947556,
402,0.0,0.0860926,0.0725413,0.0978277,0.0847832,0.1473101,0.0116848,0.1781709,0.1959198,
403,0.0,0.1027698,0.0189816,0.0830007,0.0958703,0.0911725,0.0523818,0.1245569,0.0599199,
404,0.0,0.0578861,0.0318795,0.0333266,0.0699256,0.0061966,0.017691,0.0857955,0.0780104,
405,0.0,0.0541733,0.0286379,0.0718273,0.0590482,0.0228962,0.0423606,0.0996812,0.0476803,
406,0.0,0.0311347,0.0446193,0.0491013,0.0520632,0.0398013,0.0152112,0.0635976,0.0650103,
407,0.0,0.052407,0.0449099,0.0490008,0.0559065,0.0270785,0.0199751,0.0262275,0.0497714,
408,0.0,0.0293022,0.0407596,0.0918009,0.0502413,0.057107,0.0208679,0.0246293,0.0418007,
409,0.0,0.0569981,0.0336006,0.1025993,0.0783097,0.057691,0.0436741,0.0811029,0.0727986,
410,0.0,0.059888,0.0422746,0.0640274,0.0765856,0.0276779,0.0670346,0.0891216,0.0713375,
411,0.0,0.0479595,0.0419641,0.0508941,0.0716278,0.0232295,0.0973782,0.0316487,0.0607258,
412,0.0,0.0396852,0.0453455,0.0165163,0.0647414,0.0756818,0.0727205,0.102365,0.0480193,
413,0.0,0.0290865,0.0472121,0.0542951,0.0816589,0.1094543,0.0773696,0.1075798,0.0631503,
414,0.0,0.0710778,0.0485633,0.0369548,0.0408847,0.1111041,0.0411683,0.0723856,0.0713188,
415,0.0,0.0720187,0.0431063,0.0512688,0.0302474,0.0717677,0.0336122,0.1201626,0.0679782,
416,0.0,0.0149009,0.0586893,0.0473391,0.0120114,0.0571012,0.0525276,0.0542063,0.0213571,
417,0.0,0.0549086,0.0525218,0.0365354,0.0521971,0.0815236,0.0566318,0.0519833,0.0508398,
418,0.0,0.0246464,0.0315887,0.0263806,0.0448342,0.0588783,0.060685,0.068243,0.0461721,
419,0.0,0.0229763,0.0631947,0.0401607,0.0488251,0.023493,0.0627602,0.0524525,0.0099783,
420,0.0,0.0150993,0.0690969,0.0439969,0.0398579,0.0060941,0.0479025,0.062105,0.018352,
421,0.0,0.0045708,0.0473567,0.0575161,0.0793641,0.0371497,0.0404778,0.0841701,0.0679407,
422,0.0,0.0238714,0.048594,0.0648907,0.0698004,0.0218636,0.0273287,0.038997,0.069256,
423,0.0,0.0371339,0.0448751,0.0355615,0.0455267,0.0113373,0.0276401,0.0541372,0.0728721,
424,0.0,0.0155653,0.0264466,0.0483739,0.0563918,0.055018,0.0448855,0.0621783,0.1287919,
425,0.0,0.0398413,0.02915,0.0798639,0.0845993,0.0802531,0.063649,0.135271,0.1797122,
426,0.0,0.0331684,0.0386487,0.0641104,0.0667804,0.034356,0.0560181,0.0758765,0.0384394,
427,0.0,0.0540142,0.0175734,0.0554285,0.0328464,0.0392516,0.0200788,0.0640599,0.0890364,
428,0.0,0.0456398,0.0533664,0.0448843,0.0349009,0.0482509,0.0107428,0.0503822,0.0166956,
429,0.0,0.0182237,0.0710407,0.0423984,0.0477254,0.081311,0.0115835,0.07044,0.0815545,
430,0.0,0.0148165,0.0631879,0.0478522,0.0508636,0.0649422,0.04603,0.0656673,0.0311981,
431,0.0,0.0153592,0.0408339,0.0539204,0.0449,0.0147167,0.0316809,0.0755417,0.0409125,
432,0.0,0.0336259,0.0214757,0.035312,0.0517449,0.0170975,0.0350373,0.0643479,0.0375544,
433,0.0,0.0210572,0.0500598,0.0465862,0.047512,0.0215002,0.0644021,0.0574465,0.0145194,
434,0.0,0.0563514,0.062419,0.0360277,0.0160172,0.0158737,0.0776195,0.0644483,0.0501825,
435,0.0,0.0316871,0.0677396,0.0374888,0.0086078,0.0696184,0.0512016,0.0740511,0.0721855,
436,0.0,0.0034188,0.0526189,0.0296215,0.0271719,0.0601748,0.0510331,0.0744202,0.0542821,
437,0.0,0.0158997,0.0507266,0.0307119,0.0582756,0.0614032,0.0881233,0.0523172,0.0524074,
438,0.0,0.0225432,0.0705307,0.0335076,0.0673738,0.1139136,0.0989424,0.036214,0.0534759,
439,0.0,0.0349408,0.0270044,0.0261864,0.05045,0.0650485,0.0718572,0.0603881,0.056896,
440,0.0,0.0724882,0.0464067,0.0288292,0.0254613,0.0410217,0.1022826,0.077093,0.0606417,
441,0.0,0.0566712,0.0446876,0.0160162,0.0161519,0.0805313,0.0819758,0.0770958,0.0671091,
442,0.0,0.0448646,0.0343061,0.0490652,0.0537505,0.0585938,0.068488,0.1085608,0.0628525,
443,0.0,0.0639319,0.0334371,0.0540763,0.0482011,0.0394649,0.0501078,0.0995263,0.0779202,
444,0.0,0.0661388,0.0530608,0.1447074,0.046088,0.0463691,0.0692211,0.055977,0.0699603,
445,0.0,0.0394379,0.0284198,0.0506797,0.0456552,0.0630154,0.0432386,0.0446383,0.0876931,
446,0.0,0.0244925,0.0842141,0.075011,0.0599931,0.0505487,0.0072811,0.0641274,0.0761951,
447,0.0,0.0875753,0.071598,0.0767003,0.0855946,0.0660569,0.0274442,0.1178431,0.0624583,
448,0.0,0.096347,0.0269063,0.0306729,0.0661844,0.0592814,0.0271263,0.1095836,0.1692147,
449,0.0,0.0620244,0.0324285,0.0508288,0.0439806,0.0745924,0.01787,0.1015042,0.096449,
450,0.0,0.0462166,0.0325666,0.0396124,0.0584509,0.0270984,0.0400572,0.0701687,0.0999951,
451,0.0,0.0353001,0.0453802,0.0501811,0.0414164,0.0301736,0.0381629,0.0073923,0.0783901,
452,0.0,0.0292545,0.056958,0.0608506,0.0646038,0.0330757,0.0394922,0.0401814,0.0427707,
453,0.0,0.0204533,0.045806,0.0801413,0.0650792,0.0383782,0.0556492,0.0576924,0.1051082,
454,0.0,0.0147438,0.0450838,0.0173258,0.0377246,0.0600557,0.0636228,0.0660734,0.1277143,
455,0.0,0.05886,0.0610494,0.0434971,0.0638811,0.066893,0.0611431,0.0696939,0.1760654,
456,0.0,0.0360571,0.0491934,0.0444657,0.0637406,0.0462976,0.0253614,0.043318,0.041501,
457,0.0,0.0385307,0.046503,0.028159,0.0489985,0.0492988,0.0766824,0.080755,0.0327154,
458,0.0,0.0734073,0.0620456,0.0238444,0.0618815,0.0535525,0.0733745,0.059129,0.04869,
459,0.0,0.0825685,0.0177379,0.0229774,0.070883,0.0659605,0.1146726,0.0416762,0.1173382,
460,0.0,0.0831904,0.0426436,0.013377,0.1018325,0.0269776,0.0685526,0.0714039,0.0836519,
461,0.0,0.0564225,0.0758037,0.020521,0.0711977,0.0983049,0.0675583,0.0471066,0.101566,
462,0.0,0.0587596,0.0502141,0.0333209,0.0399673,0.0706949,0.055417,0.0384036,0.0621486,
463,0.0,0.0198445,0.0418398,0.0590672,0.0240841,0.0648109,0.0352771,0.0336502,0.0505945,
464,0.0,0.0460087,0.0163009,0.0489773,0.0555455,0.0376698,0.03834,0.0732827,0.0360562,
465,0.0,0.0474879,0.037161,0.0263606,0.0455548,0.0268288,0.0371843,0.0757864,0.0334748,
466,0.0,0.0674055,0.039145,0.0244501,0.0440211,0.0297129,0.0543971,0.0972915,0.0546655,
467,0.0,0.0641651,0.0507473,0.0492254,0.0356241,0.0250333,0.079624,0.0559787,0.080162,
468,0.0,0.0376566,0.0183254,0.0625711,0.0479403,0.0344544,0.0674764,0.0737806,0.0822663,
469,0.0,0.0425274,0.0156992,0.0397714,0.0513513,0.0284708,0.0405606,0.071802,0.06194,
470,0.0,0.0252749,0.0540998,0.0931123,0.0424085,0.0463886,0.0543564,0.0770724,0.060065,
471,0.0,0.024302,0.0845075,0.0888631,0.0513942,0.0903332,0.038697,0.0779476,0.0820019,
472,0.0,0.0465214,0.1059495,0.111901,0.031879,0.0972838,0.0476475,0.1205423,0.1254485,
473,0.0,0.051364,0.1329827,0.1003805,0.0860253,0.0497557,0.0547939,0.0739166,0.0754242,
474,0.0,0.0403712,0.1115294,0.1306994,0.0980065,0.0323356,0.1290355,0.04131,0.093652,
475,0.0,0.038684,0.1301864,0.1301125,0.1436895,0.0610128,0.1246043,0.0699017,0.0885374,
476,0.0,0.0472459,0.1248658,0.1472265,0.0939972,0.1046877,0.0976187,0.0615522,0.073181,
477,0.0,0.0126936,0.1050629,0.0770944,0.0444955,0.1076802,0.0198206,0.0934773,0.071063,
478,0.0,0.0480004,0.0455821,0.0828139,0.0417758,0.0841314,0.028415,0.081777,0.0924011,
479,0.0,0.0550763,0.0348305,0.0597976,0.0700689,0.0287444,0.0647438,0.0907919,0.0889993,
480,0.0,0.0570294,0.0124775,0.0525175,0.0487485,0.0202884,0.1057059,0.0698565,0.0842331,
481,0.0,0.0516318,0.0378752,0.0480787,0.0710389,0.0500694,0.0451916,0.0731095,0.0618642,
482,0.0,0.0289042,0.0383084,0.0476057,0.0556373,0.0224355,0.0576159,0.0816787,0.0331301,
483,0.0,0.0519703,0.0364327,0.037771,0.0686518,0.029641,0.0404517,0.0388218,0.0788211,
484,0.0,0.0447196,0.0351743,0.0396019,0.0769067,0.0650904,0.1411742,0.069204,0.0278322,
485,0.0,0.045258,0.0418648,0.0414125,0.0732024,0.0419599,0.1259298,0.0581955,0.032745,
486,0.0,0.036593,0.0347341,0.0365819,0.1078309,0.0313546,0.0324463,0.082971,0.051707,
487,0.0,0.0438978,0.0185021,0.0154255,0.0824445,0.0279838,0.060487,0.0832111,0.0764477,
488,0.0,0.0463731,0.043875,0.0101776,0.0428446,0.0398722,0.0758618,0.0746391,0.0502111,
489,0.0,0.0470301,0.0446592,0.0435916,0.0309663,0.0456035,0.0402377,0.0431548,0.0669033,
490,0.0,0.0762232,0.0416565,0.0586835,0.0439066,0.0377328,0.0209054,0.0792719,0.0726209,
491,0.0,0.057536,0.0366256,0.0773397,0.1173135,0.083092,0.0603225,0.0738167,0.0873562,
492,0.0,0.0746889,0.0759891,0.0156534,0.1283504,0.1210162,0.0442098,0.1269376,0.0883065,
493,0.0,0.0737568,0.0991432,0.023313,0.1572005,0.058982,0.0581241,0.1286242,0.0753312,
494,0.0,0.1402001,0.1080625,0.0287371,0.1215594,0.0538481,0.0782427,0.1360285,0.0744372,
495,0.0,0.1384289,0.1461418,0.0401417,0.1437343,0.0406688,0.0744836,0.2191654,0.0454186,
496,0.0,0.1475935,0.1703914,0.0708539,0.1278384,0.0814824,0.0654986,0.2725264,0.0800635,
497,0.0,0.1119334,0.2316085,0.0515163,0.1612533,0.0981377,0.0648025,0.2320392,0.1197771,
498,0.0,0.0502125,0.068324,0.0458753,0.1265435,0.0364717,0.084181,0.1244788,0.0762663,
499,0.0,0.0531107,0.0728298,0.0430497,0.1168957,0.0361729,0.0424342,0.1930797,0.2659712,
500,0.0,0.09602,0.2470115,0.1382931,0.1299993,0.071674,0.0507227,0.1109588,0.1646834,
501,0.0,0.0325756,0.149118,0.1214301,0.0839177,0.0432291,0.0507999,0.069808,0.1977223,
502,0.0,0.020962,0.1241597,0.0612944,0.0587735,0.0457528,0.0443512,0.0764355,0.228485,
503,0.0,0.0532738,0.1241385,0.0305222,0.0814014,0.0208461,0.0630928,0.0695717,0.1143092,
504,0.0,0.0669712,0.058628,0.0448366,0.0538066,0.0810825,0.0763418,0.0604484,0.1041629,
505,0.0,0.0631621,0.0495087,0.0637632,0.0533388,0.0480764,0.0763035,0.0580665,0.1412366,
506,0.0,0.0526562,0.0484645,0.0624043,0.0293283,0.0328709,0.1143393,0.061737,0.0566383,
507,0.0,0.0454889,0.0496048,0.0362632,0.0304416,0.0389266,0.1104852,0.0480716,0.0702091,
508,0.0,0.0365641,0.0341895,0.0456251,0.0213976,0.0170452,0.1125276,0.0561364,0.0338631,
509,0.0,0.0274782,0.0743987,0.0765764,0.0403716,0.0368588,0.0854026,0.0605346,0.0468625,
510,0.0,0.0339521,0.0758152,0.067966,0.0348896,0.008429,0.069836,0.0631781,0.0625156,
511,0.0,0.027665,0.0772655,0.0582774,0.0556975,0.0290436,0.0795146,0.0740596,0.0201863,
512,0.0,0.0376291,0.0673129,0.060061,0.0441197,0.0376403,0.0667219,0.0648811,0.0280554,
513,0.0,0.0650752,0.0847609,0.0135145,0.0440759,0.0343478,0.1186414,0.0547885,0.0250632,
514,0.0,0.014676,0.0762221,0.0201735,0.0570623,0.0359646,0.1034133,0.075011,0.0684586,
515,0.0,0.0588947,0.0651233,0.0428337,0.071448,0.0199602,0.0883509,0.0809839,0.060449,
516,0.0,0.0706805,0.0669008,0.0484226,0.0913354,0.0577476,0.0778963,0.1005157,0.0488204,
517,0.0,0.0644035,0.0631624,0.0473477,0.1006588,0.0957481,0.0858107,0.093612,0.0523542,
518,0.0,0.084019,0.0836596,0.0689593,0.1120543,0.0848665,0.0857054,0.0779982,0.0448984,
519,0.0,0.1233324,0.0584477,0.0572476,0.0887943,0.0423416,0.0860253,0.0823653,0.0477099,
520,0.0,0.1272591,0.0544658,0.0867324,0.1268137,0.0627603,0.1042524,0.0994857,0.1018185,
521,0.0,0.1169422,0.1070484,0.0882204,0.1118482,0.1044659,0.1524097,0.0729321,0.1069083,
522,0.0,0.1112493,0.0853886,0.0940812,0.1444011,0.1398972,0.1306421,0.0881699,0.0896349,
523,0.0,0.1058123,0.0798642,0.0724376,0.1461661,0.1057646,0.1594638,0.0562625,0.0848543,
524,0.0,0.1120997,0.0495521,0.0809492,0.1413289,0.0655708,0.1654701,0.0407225,0.1173952,
525,0.0,0.098905,0.0302602,0.072873,0.1388851,0.0740493,0.1243064,0.0948671,0.1054724,
526,0.0,0.0787991,0.0606818,0.083888,0.1326871,0.1215442,0.1377666,0.0890739,0.0838723,
527,0.0,0.0307781,0.0973589,0.0878384,0.1116955,0.1246356,0.1889084,0.0660387,0.0838844,
528,0.0,0.0542102,0.1559126,0.0539911,0.2041033,0.0706938,0.1145372,0.0894559,0.0980211,
529,0.0,0.0825789,0.1804677,0.0471819,0.1638867,0.0631083,0.0482616,0.0208988,0.0799775,
530,0.0,0.0991258,0.1326779,0.0812925,0.1375538,0.0565984,0.1009491,0.0461012,0.0647889,
531,0.0,0.0837306,0.1574688,0.0516873,0.0982827,0.0547713,0.073172,0.079814,0.1213405,
532,0.0,0.0942388,0.1247064,0.0599722,0.0902415,0.0559587,0.1206549,0.1008378,0.2239122,
533,0.0,0.0775411,0.0984809,0.0626008,0.0962039,0.0377201,0.0818052,0.0810968,0.2557538,
534,0.0,0.0734978,0.0847037,0.047058,0.1172515,0.1018431,0.1527449,0.0233447,0.3171991,
535,0.0,0.115224,0.1324218,0.0211569,0.1176459,0.0311182,0.1525488,0.0205168,0.259381,
536,0.0,0.0753932,0.1099461,0.0935665,0.0972672,0.0943344,0.1500713,0.0711404,0.1693207,
537,0.0,0.0797214,0.0978845,0.0895594,0.0953788,0.1437442,0.1184056,0.0673122,0.1921738,
538,0.0,0.0772853,0.1483497,0.1245268,0.1218863,0.118029,0.1024832,0.1030111,0.2747567,
539,0.0,0.0783264,0.1556336,0.0983491,0.1047268,0.111921,0.0607428,0.1313997,0.2300301,
540,0.0,0.1013154,0.1667625,0.0617465,0.038652,0.1233891,0.0886925,0.1068958,0.2073322,
541,0.0,0.1293172,0.1647027,0.0570055,0.1479253,0.1367933,0.1487211,0.097656,0.2686463,
542,0.0,0.1300508,0.1674935,0.0478382,0.0955665,0.1164341,0.1486951,0.1162948,0.3247637,
543,0.0,0.0920354,0.1082228,0.0494219,0.0866846,0.1074881,0.1521401,0.0605654,0.3152351,
544,0.0,0.0950422,0.0753294,0.0639479,0.0457562,0.0622164,0.1361478,0.0466141,0.2306333,
545,0.0,0.048536,0.0761835,0.0537779,0.047378,0.0597589,0.0930133,0.064078,0.1834093,
546,0.0,0.0559516,0.0525491,0.0549448,0.070792,0.0547635,0.1075422,0.0686922,0.1555852,
547,0.0,0.0858679,0.0484265,0.034075,0.091914,0.0295085,0.0954677,0.0689237,0.2074543,
548,0.0,0.1012753,0.0821267,0.045681,0.0675515,0.0818404,0.0955785,0.0668599,0.1670461,
549,0.0,0.1178295,0.0649548,0.140995,0.1642756,0.0461854,0.0885373,0.0844185,0.2052515,
550,0.0,0.1825973,0.0588066,0.1879666,0.1914638,0.0890148,0.1111566,0.1139038,0.1835064,
551,0.0,0.1569945,0.0301653,0.0513117,0.1628734,0.106657,0.1186548,0.1492338,0.1936208,
552,0.0,0.0736673,0.0339824,0.0561079,0.1133082,0.1117576,0.1109844,0.1289488,0.227302,
553,0.0,0.0489646,0.0406704,0.1099838,0.0605571,0.0979544,0.1054211,0.1214151,0.2220857,
554,0.0,0.0604829,0.03899,0.0311029,0.1415561,0.0793686,0.1833358,0.1272368,0.1774313,
555,0.0,0.0428373,0.0721535,0.1143465,0.1389123,0.0835456,0.1639815,0.1037013,0.1809391,
556,0.0,0.0853427,0.0531884,0.110463,0.0493671,0.0924195,0.0773448,0.0831375,0.1248858,
557,0.0,0.1110169,0.0590508,0.1365042,0.0279217,0.0845174,0.1349071,0.0945168,0.150641,
558,0.0,0.0949891,0.0872009,0.1221069,0.07566,0.0811625,0.1079136,0.0886453,0.1457079,
559,0.0,0.071832,0.0598873,0.0706873,0.0927595,0.0449001,0.0627376,0.0768673,0.0876784,
560,0.0,0.0465634,0.0461172,0.079454,0.0752004,0.0666751,0.0753968,0.018315,0.1548135,
561,0.0,0.1225307,0.0921346,0.1004543,0.1033799,0.1007459,0.1031492,0.049455,0.2700944,
562,0.0,0.0854257,0.0562673,0.0836171,0.1243713,0.0735298,0.0889591,0.062111,0.2377356,
563,0.0,0.0788505,0.0698825,0.0664588,0.029148,0.0773254,0.0893868,0.0509617,0.0945259,
564,0.0,0.0969252,0.0420215,0.0538384,0.0192922,0.1194023,0.1656552,0.0793534,0.0703708,
565,0.0,0.0887308,0.0694295,0.0467266,0.018379,0.058762,0.105702,0.0401324,0.0502473,
566,0.0,0.0945682,0.0772213,0.0437072,0.0331811,0.0871426,0.062843,0.0577771,0.095743,
567,0.0,0.0787567,0.0672719,0.0776277,0.0976071,0.0882037,0.0652321,0.0699253,0.1024312,
568,0.0,0.0517104,0.0670279,0.0784477,0.0912349,0.0870721,0.0814632,0.0603574,0.1217171,
569,0.0,0.0592818,0.0816733,0.0729577,0.0849525,0.0865198,0.0542649,0.0828283,0.0820249,
570,0.0,0.0720882,0.0968711,0.0378564,0.0720698,0.0862979,0.0543818,0.0643172,0.0907043,
571,0.0,0.0611233,0.0890336,0.0558171,0.0882873,0.0823901,0.069323,0.0297518,0.1402417,
572,0.0,0.0339461,0.0676373,0.0724569,0.1034909,0.0877196,0.0539554,0.0597532,0.1553328,
573,0.0,0.0664086,0.0489839,0.071805,0.0786137,0.0998382,0.075202,0.0680121,0.1317064,
574,0.0,0.0604592,0.0565532,0.0499401,0.0453369,0.0639155,0.1033818,0.0788726,0.1610591,
575,0.0,0.0328909,0.043447,0.0723377,0.0634046,0.0614054,0.1152342,0.0426686,0.1913082,
576,0.0,0.0544314,0.053657,0.0399282,0.10825,0.0582196,0.1514383,0.0686007,0.1989429,
577,0.0,0.0596034,0.0861374,0.0553194,0.0979224,0.079283,0.1456933,0.1043786,0.1862165,
578,0.0,0.0290233,0.0629148,0.0510427,0.0623108,0.068096,0.1417487,0.0679999,0.1723987,
579,0.0,0.0518281,0.0393392,0.0541733,0.0974395,0.0669755,0.1685927,0.0653134,0.2662101,
580,0.0,0.0631692,0.0278519,0.0593734,0.1840098,0.0927782,0.2176127,0.0976539,0.2917201,
581,0.0,0.0604837,0.0444366,0.1184096,0.2098636,0.101827,0.2039068,0.1198058,0.3263834,
582,0.0,0.0864352,0.0521896,0.0926349,0.1313049,0.0858926,0.2235161,0.2424738,0.3204567,
583,0.0,0.1413474,0.1669941,0.142475,0.1053605,0.1413035,0.166014,0.4219756,0.4423031,
584,0.0,0.1473676,0.1148628,0.1504787,0.1111079,0.1769995,0.2737117,0.2494152,0.4566188,
585,0.0,0.0712422,0.0569033,0.0191986,0.0988709,0.0924374,0.1966137,0.0880748,0.3475796,
586,0.0,0.0459017,0.0489,0.0488582,0.0663101,0.1056703,0.1744276,0.0604687,0.1915544,
587,0.0,0.0845913,0.0533101,0.0464513,0.0584448,0.1137207,0.1836322,0.0669585,0.1316553,
588,0.0,0.0753125,0.0661591,0.066046,0.0271808,0.1231693,0.1698637,0.1169427,0.1617835,
589,0.0,0.0969759,0.0594657,0.0785089,0.0952453,0.185377,0.148305,0.1009612,0.1739282,
590,0.0,0.0430576,0.0544543,0.060779,0.0309289,0.0759045,0.1395725,0.0768051,0.1784412,
591,0.0,0.0612283,0.0879074,0.109735,0.0613049,0.0447621,0.14907,0.0939971,0.1603897,
592,0.0,0.0600104,0.0838018,0.1091596,0.0675401,0.0392427,0.1090778,0.100692,0.1531783,
593,0.0,0.0325359,0.0450524,0.0275431,0.0519379,0.0449566,0.094056,0.0932012,0.1152044,
594,0.0,0.039474,0.0491702,0.0656999,0.0692757,0.0757203,0.05931,0.083871,0.0980953,
595,0.0,0.0368578,0.0628099,0.0555693,0.0300046,0.0288437,0.0540766,0.0829063,0.1034658,
596,0.0,0.0386393,0.0376688,0.0496889,0.0398934,0.0273854,0.0511106,0.0405447,0.1516464,
597,0.0,0.0198323,0.0531278,0.0362731,0.0392308,0.023842,0.0843109,0.0427096,0.1450549,
598,0.0,0.0328658,0.0532291,0.0567134,0.0695289,0.0432509,0.0751135,0.0591749,0.1281938,
599,0.0,0.0326399,0.0578051,0.1126792,0.0711144,0.039629,0.0748592,0.0636765,0.1235539,
600,0.0,0.0481086,0.0414697,0.0546602,0.0559051,0.0484357,0.0408715,0.0850361,0.1583119,
601,0.0,0.0342162,0.0425022,0.0423779,0.0510821,0.0511089,0.0723822,0.0688753,0.1080379,
602,0.0,0.0443762,0.0255169,0.0276898,0.089794,0.04337,0.0701323,0.0514824,0.0566699,
603,0.0,0.0638902,0.0214086,0.022244,0.1179972,0.0493848,0.1050632,0.05602,0.1118237,
604,0.0,0.0693126,0.0391947,0.0446371,0.0979113,0.0721994,0.1057429,0.0917197,0.0857225,
605,0.0,0.0662198,0.0807298,0.0771391,0.0839484,0.0476524,0.0939172,0.108953,0.031815,
606,0.0,0.1051171,0.0766147,0.0712809,0.0724146,0.0301051,0.06896,0.1124398,0.0687554,
607,0.0,0.1120558,0.0419026,0.0337771,0.0940158,0.0263571,0.0623226,0.088861,0.1572501,
608,0.0,0.0985905,0.0342698,0.0406452,0.0785525,0.0890818,0.0904808,0.0551106,0.095283,
609,0.0,0.0540948,0.0580181,0.0395771,0.0791473,0.0779882,0.1095818,0.078853,0.0750866,
610,0.0,0.0565611,0.0500256,0.0273285,0.0516245,0.0226302,0.0404317,0.0590167,0.0548806,
611,0.0,0.0561437,0.0842516,0.0279111,0.0646636,0.0193829,0.0535485,0.0151337,0.0280534,
612,0.0,0.0433324,0.0758977,0.014673,0.0639446,0.0236008,0.068771,0.0921847,0.0896546,
