#Time_ps,0,10,20,30,50,100,300,500,1000,
1,1e-07,0.0804197,0.1661533,0.0638098,0.0765707,0.0584377,0.1180289,0.0453595,0.0938818,
2,1e-07,0.0801273,0.1135319,0.0626769,0.0485974,0.037062,0.0903614,0.0140731,0.1245384,
3,1e-07,0.061781,0.0979954,0.0771868,0.0301887,0.0345259,0.0394422,0.0379269,0.067328,
4,1e-07,0.0697643,0.0961573,0.0655335,0.0421068,0.0410124,0.0705735,0.1410257,0.0740278,
5,0.0,0.049947,0.0952864,0.0707178,0.0567189,0.0544905,0.0682489,0.0743794,0.0464783,
6,0.0,0.0582976,0.0836159,0.0585832,0.0694531,0.0500873,0.0614687,0.0517872,0.0881606,
7,0.0,0.0862833,0.0402425,0.0348629,0.0269016,0.0395529,0.0683793,0.0377547,0.069416,
8,1e-07,0.0362554,0.034608,0.0325226,0.0203685,0.0285747,0.0641927,0.056151,0.0710207,
9,1e-07,0.0515257,0.0546401,0.0607794,0.020222,0.0612147,0.0425825,0.0286675,0.095236,
10,1e-07,0.0136943,0.0511145,0.0654958,0.0260502,0.0623424,0.0436393,0.0838617,0.0906612,
11,1e-07,0.0187389,0.0538327,0.0249845,0.0325125,0.1393827,0.0517529,0.0979371,0.0622765,
12,1e-07,0.0514326,0.0857585,0.0416672,0.0418443,0.1590456,0.0349263,0.077743,0.0874259,
13,1e-07,0.0384824,0.0327766,0.0975568,0.0331914,0.1298727,0.0826421,0.078623,0.0633447,
14,1e-07,0.0466891,0.0508826,0.090092,0.0435132,0.1098489,0.08345,0.0610821,0.0860874,
15,1e-07,0.033758,0.0342628,0.1102957,0.1624572,0.0501545,0.104009,0.0858425,0.0546804,
16,1e-07,0.0356232,0.0251806,0.077632,0.0500263,0.0719917,0.0808735,0.0777234,0.0379479,
17,1e-07,0.0387648,0.0766316,0.0765569,0.0404629,0.0566995,0.0810871,0.0554553,0.0511914,
18,1e-07,0.0632424,0.0698293,0.0812726,0.0500164,0.0817837,0.0761543,0.0411873,0.0765496,
19,1e-07,0.063627,0.0512386,0.0859253,0.0509957,0.0966016,0.0974953,0.021271,0.1213416,
20,1e-07,0.055124,0.0644389,0.0668926,0.0686308,0.0920198,0.0903996,0.0574315,0.1226954,
21,1e-07,0.0367945,0.0655438,0.0839019,0.0576897,0.0868693,0.1032666,0.0692877,0.1645612,
22,1e-07,0.0497384,0.1021222,0.1105722,0.1160069,0.1132315,0.1080586,0.1003627,0.1769937,
23,1e-07,0.1626799,0.1547341,0.1228866,0.0884965,0.0716356,0.2168852,0.124815,0.3002697,
24,1e-07,0.134615,0.132559,0.189862,0.0856759,0.0966972,0.1477906,0.115909,0.1997923,
25,1e-07,0.0439504,0.0905254,0.0784055,0.0393482,0.0811063,0.1209265,0.1052658,0.1629632,
26,1e-07,0.0287744,0.0935058,0.0696193,0.0372574,0.0861072,0.116589,0.0246674,0.1435542,
27,1e-07,0.0358968,0.0814099,0.1057512,0.040448,0.0837855,0.0996109,0.0500769,0.1152853,
28,1e-07,0.0402179,0.0627972,0.1025774,0.0603511,0.0775105,0.0765526,0.0383038,0.1015253,
29,1e-07,0.016948,0.0715232,0.1060394,0.0489889,0.0819817,0.0586302,0.0279246,0.0995442,
30,1e-07,0.0146357,0.064817,0.0768513,0.0226526,0.0889346,0.0466129,0.0350124,0.0708156,
31,1e-07,0.0361583,0.0533697,0.082268,0.0495065,0.1056271,0.0807726,0.0561762,0.0753685,
32,2e-07,0.0351919,0.0397123,0.113856,0.0580422,0.0942093,0.0694275,0.0955462,0.0893554,
33,2e-07,0.0413722,0.0234449,0.1170666,0.0973526,0.0974329,0.0528685,0.108669,0.095502,
34,2e-07,0.0996564,0.0462331,0.1171515,0.1075768,0.1289596,0.0644959,0.090906,0.0686316,
35,2e-07,0.073827,0.0333917,0.1087919,0.0936536,0.1069289,0.0675436,0.0545752,0.0788615,
36,1e-07,0.0354733,0.0570706,0.0874837,0.065569,0.098039,0.0816928,0.0420813,0.0565688,
37,1e-07,0.0182734,0.0266964,0.0493738,0.0203643,0.0781215,0.0642878,0.0371273,0.0615795,
38,1e-07,0.0424461,0.0350652,0.0783781,0.0285397,0.0767148,0.0602972,0.0234329,0.1160298,
39,1e-07,0.0565589,0.0530857,0.0476454,0.0424121,0.0846875,0.0422978,0.0637827,0.062727,
40,1e-07,0.075707,0.0519002,0.0651305,0.0293612,0.1045436,0.037344,0.0688799,0.0962006,
41,1e-07,0.068532,0.1044012,0.0664646,0.0504896,0.0998405,0.0279155,0.0955519,0.0992588,
42,1e-07,0.0425088,0.0919187,0.0739516,0.0403065,0.0837412,0.0796872,0.1540917,0.1238377,
43,1e-07,0.0720107,0.0675614,0.1036676,0.0584565,0.1051159,0.0819359,0.1153054,0.144463,
44,1e-07,0.0823524,0.0655675,0.1162694,0.0740985,0.1423443,0.0738718,0.1348309,0.1727857,
45,1e-07,0.0817336,0.1426512,0.1646101,0.0816268,0.1470358,0.111025,0.1161357,0.1343918,
46,0.0,0.0991002,0.1382075,0.2194141,0.095982,0.150506,0.129733,0.1380288,0.0917123,
47,0.0,0.1416792,0.159829,0.1990314,0.0813169,0.144296,0.1136481,0.1993594,0.0977603,
48,1e-07,0.0665198,0.1112985,0.1255911,0.062494,0.2091811,0.0632396,0.1477738,0.1567494,
49,0.0,0.067614,0.0871211,0.1165214,0.0774231,0.1458309,0.0207855,0.1063503,0.1419634,
50,0.0,0.0589789,0.1088417,0.1543472,0.1354074,0.1780751,0.0819625,0.1746306,0.1519134,
51,0.0,0.0608972,0.0714344,0.1404137,0.1534273,0.2531987,0.1088737,0.241981,0.1660948,
52,0.0,0.0390924,0.0574522,0.0932303,0.1553334,0.3415164,0.0241141,0.1945183,0.1888626,
53,1e-07,0.0240812,0.0451023,0.0781257,0.1256267,0.3514968,0.0370514,0.2165601,0.1939642,
54,1e-07,0.0298264,0.0677993,0.0578653,0.0567306,0.2074243,0.0855039,0.090361,0.2202839,
55,1e-07,0.0669927,0.0212046,0.0673707,0.0913737,0.1465466,0.1545397,0.166046,0.2312447,
56,1e-07,0.0524038,0.0506618,0.0630006,0.1115431,0.222577,0.0929856,0.1790672,0.2511289,
57,1e-07,0.0333543,0.071942,0.0499439,0.0933989,0.283503,0.1298195,0.1573252,0.1802517,
58,1e-07,0.0499865,0.0201384,0.0363524,0.0858888,0.2615228,0.1823371,0.0755946,0.1745963,
59,1e-07,0.0667265,0.0811288,0.0495547,0.1302625,0.2967866,0.1268895,0.1010513,0.111169,
60,1e-07,0.0297415,0.0875116,0.1646469,0.1745857,0.282452,0.1345689,0.0720742,0.180422,
61,0.0,0.0223809,0.049501,0.175207,0.1644333,0.1484782,0.0912893,0.0881017,0.1909083,
62,2e-07,0.0284674,0.0178486,0.2193345,0.154156,0.1617085,0.0644681,0.0951634,0.166034,
63,2e-07,0.0177849,0.0447486,0.1756237,0.1595747,0.1479887,0.1407095,0.1216448,0.1434497,
64,2e-07,0.0274108,0.0749045,0.0897613,0.1654553,0.138922,0.1074235,0.1423516,0.1508412,
65,2e-07,0.0182562,0.0494547,0.1169677,0.1428085,0.1500442,0.1233794,0.1010181,0.190327,
66,2e-07,0.0810803,0.0871462,0.1465856,0.095725,0.1354372,0.2088075,0.1007528,0.2869717,
67,2e-07,0.0891048,0.0667417,0.1194337,0.0804499,0.1139965,0.1907888,0.1056682,0.2656407,
68,2e-07,0.0773812,0.0648181,0.0902278,0.0893933,0.0989673,0.1317583,0.0526262,0.1307216,
69,0.0,0.0501843,0.0576166,0.0712439,0.0854827,0.0758118,0.1483917,0.0412974,0.1244852,
70,1e-07,0.0571426,0.0986448,0.0786274,0.0654605,0.0623721,0.1516,0.0715841,0.1852674,
71,1e-07,0.1771587,0.1334312,0.1652879,0.1189803,0.0844245,0.2607669,0.2495926,0.1885387,
72,2e-07,0.1006725,0.1616652,0.1855058,0.2697341,0.0701417,0.3202123,0.0244859,0.1818632,
73,2e-07,0.0430207,0.1388683,0.0806107,0.0896131,0.0654802,0.2851489,0.1087347,0.1913864,
74,2e-07,0.0494725,0.1171458,0.0787144,0.0484211,0.1050377,0.2586879,0.0727036,0.1560957,
75,2e-07,0.0819313,0.0779724,0.1145942,0.1014433,0.0876406,0.1344045,0.0771284,0.0785796,
76,2e-07,0.1089506,0.1053239,0.1543989,0.071729,0.0978749,0.1664982,0.1029706,0.0599171,
77,2e-07,0.1188561,0.043764,0.1566083,0.1036333,0.0808078,0.1382531,0.1298363,0.058142,
78,2e-07,0.1183964,0.0297956,0.0928199,0.1067147,0.124573,0.1549869,0.1376761,0.0522206,
79,2e-07,0.0907788,0.0554341,0.1072568,0.0988745,0.1555918,0.1538194,0.1206338,0.0695795,
80,2e-07,0.1112868,0.0714226,0.1422453,0.0801217,0.1220347,0.1604578,0.090509,0.0748242,
81,1e-07,0.0870858,0.0543291,0.0373129,0.0486219,0.1103806,0.1339228,0.0592141,0.0817666,
82,1e-07,0.0843225,0.0391806,0.0449922,0.0454837,0.0633391,0.0806068,0.0463232,0.1083767,
83,1e-07,0.0796093,0.0391476,0.0596974,0.1005462,0.0401972,0.102554,0.0632168,0.0684097,
84,1e-07,0.1023988,0.0354283,0.1084236,0.0871984,0.0391538,0.0795436,0.0760672,0.0789248,
85,1e-07,0.0828314,0.0385595,0.1131601,0.0425976,0.0936762,0.035535,0.1020896,0.0917917,
86,1e-07,0.077332,0.0289414,0.0670347,0.0317105,0.0929876,0.0110693,0.0579775,0.0830612,
87,1e-07,0.0832338,0.0422222,0.053872,0.0356511,0.0679852,0.0556404,0.0732329,0.0944941,
88,1e-07,0.0691536,0.0526249,0.0515612,0.0513168,0.0730446,0.0614243,0.0468882,0.0563578,
89,2e-07,0.0609616,0.0474652,0.0936001,0.0719102,0.0674639,0.0913665,0.0504672,0.0666861,
90,2e-07,0.1071318,0.0400721,0.0986006,0.0813822,0.0826335,0.0777338,0.1329848,0.073155,
91,2e-07,0.1129527,0.0557627,0.1180751,0.0790184,0.0705276,0.1376221,0.1202742,0.0754452,
92,2e-07,0.1632051,0.098108,0.1623864,0.0804864,0.0960453,0.2193829,0.1587824,0.0674963,
93,2e-07,0.1370877,0.0697642,0.1616617,0.073628,0.0995003,0.1547719,0.1214749,0.0659394,
94,2e-07,0.1103489,0.0429725,0.1409287,0.0825175,0.1455553,0.086603,0.1137913,0.0657908,
95,2e-07,0.0737407,0.049482,0.0858282,0.0653711,0.1347273,0.0735844,0.1075777,0.0679052,
96,2e-07,0.0982451,0.1162375,0.0914418,0.0847432,0.1483229,0.0833897,0.1408254,0.107693,
97,2e-07,0.0880032,0.1149352,0.0910457,0.0728544,0.1134803,0.0829105,0.1200121,0.080494,
98,2e-07,0.0628208,0.118173,0.0957575,0.0641583,0.0624741,0.0870416,0.1116362,0.0969179,
99,1e-07,0.0631489,0.0989313,0.0798356,0.0786387,0.0994569,0.0805015,0.1019777,0.1171684,
100,1e-07,0.0380543,0.0851486,0.0707238,0.0627733,0.1418122,0.0726154,0.0857163,0.1183364,
101,1e-07,0.0418361,0.0732926,0.0529078,0.0720214,0.119482,0.0965878,0.0770529,0.0818558,
102,1e-07,0.0196362,0.079086,0.0333423,0.0435174,0.105328,0.0953029,0.0655959,0.0827634,
103,1e-07,0.008603,0.0897898,0.0381614,0.0347698,0.0810039,0.0984696,0.06181,0.0550959,
104,1e-07,0.0643183,0.0694869,0.0553876,0.0759182,0.0826865,0.0646521,0.1324968,0.0696422,
105,0.0,0.0624516,0.0572933,0.1130968,0.0871081,0.0707662,0.0521813,0.1399319,0.0628438,
106,0.0,0.0613005,0.0182886,0.0483157,0.0901106,0.0870776,0.0932492,0.0615894,0.091768,
107,0.0,0.068411,0.0982193,0.0611781,0.1037925,0.1520245,0.0624599,0.058262,0.0825461,
108,1e-07,0.0898159,0.0920882,0.0652222,0.0968735,0.1276868,0.0594022,0.0865423,0.0470973,
109,1e-07,0.0928032,0.079293,0.0863168,0.1140716,0.114875,0.0629564,0.1202465,0.0626344,
110,0.0,0.0879803,0.0388412,0.0673391,0.0675605,0.1282628,0.0290795,0.0620625,0.020711,
111,0.0,0.0766398,0.0353489,0.0349011,0.0578121,0.1286975,0.0466239,0.0607205,0.0831981,
112,0.0,0.0340046,0.0398829,0.0441516,0.0317792,0.0657364,0.0763631,0.0416224,0.0947597,
113,0.0,0.035841,0.0632472,0.0362703,0.0239916,0.0556423,0.0379165,0.0387063,0.0681762,
114,0.0,0.0122234,0.0859615,0.0479575,0.0279541,0.0418712,0.0705155,0.0376996,0.1004201,
115,1e-07,0.027958,0.087869,0.0490045,0.0662623,0.0573557,0.041487,0.0428401,0.0872702,
116,0.0,0.0563223,0.074237,0.0344053,0.0791061,0.0663858,0.0480302,0.0514304,0.1006402,
117,1e-07,0.0491174,0.0799706,0.0424186,0.0949747,0.0775944,0.063529,0.0641453,0.0928243,
118,1e-07,0.0578432,0.0816358,0.0643806,0.0955568,0.0436745,0.1350337,0.0391912,0.1310532,
119,1e-07,0.032025,0.0904425,0.0849342,0.0967696,0.0147606,0.1569555,0.1073391,0.1518581,
120,1e-07,0.0341128,0.0997125,0.0798631,0.1199898,0.0336908,0.1204191,0.1857143,0.0886957,
121,1e-07,0.0286811,0.1094886,0.0561564,0.0873151,0.0273085,0.1220206,0.168434,0.1305341,
122,0.0,0.0332364,0.1189305,0.0571217,0.0780542,0.0206018,0.1222205,0.0805864,0.140638,
123,1e-07,0.0470756,0.0939737,0.0271741,0.0811979,0.0787912,0.0499426,0.0900961,0.0831937,
124,0.0,0.0376238,0.1107759,0.0302071,0.0517932,0.0785166,0.0622997,0.0593226,0.0959786,
125,0.0,0.0544854,0.0829785,0.0365523,0.0553554,0.0717007,0.0520783,0.0544618,0.0822977,
126,0.0,0.0608982,0.0785128,0.0339549,0.0656252,0.0651514,0.0440231,0.0311447,0.0719698,
127,0.0,0.0247849,0.084584,0.0603312,0.0780936,0.041691,0.0567769,0.0405021,0.0631038,
128,0.0,0.0190401,0.0345102,0.0518776,0.0914167,0.0577977,0.0612162,0.0928182,0.1372339,
129,0.0,0.1136368,0.0703634,0.0378585,0.0702388,0.0829943,0.0617452,0.0549151,0.0868808,
130,0.0,0.0977782,0.05299,0.0344363,0.0834063,0.0848726,0.0646272,0.0939343,0.0578776,
131,1e-07,0.0651437,0.054742,0.0439121,0.1101951,0.0597939,0.0573088,0.1132668,0.0424187,
132,1e-07,0.08307,0.0330615,0.0487461,0.1001275,0.1136904,0.0641333,0.1224001,0.0775756,
133,1e-07,0.0616334,0.039443,0.0777784,0.0671913,0.1033188,0.0927356,0.1326375,0.0649694,
134,1e-07,0.0771291,0.0666611,0.0784469,0.0562529,0.0459438,0.0702631,0.0539868,0.0592835,
135,1e-07,0.0955428,0.0791872,0.0766626,0.0497901,0.0662019,0.0702915,0.0871158,0.0535712,
136,0.0,0.092879,0.0816741,0.0758743,0.0287416,0.0607663,0.0796824,0.0720599,0.0713796,
137,1e-07,0.1151759,0.1138678,0.0488699,0.0489666,0.0454818,0.0750646,0.0260996,0.0820501,
138,0.0,0.1578235,0.146819,0.1357034,0.0530746,0.0470564,0.0571429,0.0618583,0.0626886,
139,0.0,0.046013,0.060181,0.0646045,0.075727,0.0276289,0.0241849,0.0496666,0.1007838,
140,0.0,0.0469041,0.0536824,0.1039918,0.0339791,0.0369997,0.0417057,0.0242054,0.10513,
141,0.0,0.0187849,0.0989694,0.0872377,0.0544943,0.0904319,0.0651765,0.0223362,0.1331628,
142,0.0,0.0282054,0.1266893,0.0498918,0.0717153,0.0532894,0.0656195,0.108603,0.1764915,
143,1e-07,0.0237854,0.1433614,0.1506592,0.072938,0.0744387,0.0698917,0.0558488,0.1060356,
144,0.0,0.0268814,0.0796787,0.0571443,0.0263652,0.0383841,0.0433174,0.0420771,0.0901895,
145,1e-07,0.0679162,0.0593064,0.069305,0.032089,0.0692596,0.0337011,0.0386441,0.0731218,
146,1e-07,0.0539712,0.0885345,0.0670644,0.0445152,0.0518642,0.072408,0.0789122,0.0830487,
147,1e-07,0.0754353,0.0755031,0.0255793,0.0673583,0.0478379,0.0469244,0.079584,0.0747707,
148,1e-07,0.0424197,0.1055665,0.0292363,0.0254692,0.0549233,0.0343557,0.0755352,0.0632076,
149,1e-07,0.0510959,0.0771609,0.04465,0.0119189,0.0713325,0.0546519,0.0301548,0.0746841,
150,1e-07,0.0258971,0.0629202,0.0297916,0.0549757,0.0624548,0.0713855,0.0436874,0.0240037,
151,1e-07,0.0214391,0.0572402,0.0366494,0.0374236,0.088461,0.0366045,0.0278715,0.0259825,
152,1e-07,0.0278681,0.0492412,0.0306573,0.0598876,0.0543168,0.0394877,0.0650403,0.0946007,
153,1e-07,0.0284871,0.0253016,0.0995399,0.0920532,0.0766085,0.0774173,0.1388872,0.1035454,
154,1e-07,0.0445184,0.0200137,0.1051017,0.0663588,0.0787254,0.0733666,0.3143837,0.1382046,
155,1e-07,0.0351276,0.0522302,0.1173594,0.0530576,0.108063,0.0817724,0.2235322,0.1196613,
156,1e-07,0.028728,0.0329281,0.1262775,0.07592,0.0981487,0.050908,0.1092407,0.1451282,
157,1e-07,0.0139796,0.0426418,0.0417437,0.0665759,0.0890129,0.041224,0.0720764,0.0991489,
158,1e-07,0.0249009,0.0316967,0.0234604,0.0267875,0.0971063,0.0404829,0.0607605,0.0887758,
159,1e-07,0.0323538,0.024254,0.020116,0.0517258,0.0730091,0.0146123,0.0647844,0.0942943,
160,1e-07,0.0467961,0.0500032,0.0779082,0.0383847,0.0618311,0.0318957,0.0695502,0.0836059,
161,1e-07,0.0667195,0.0413776,0.066082,0.0145471,0.0556824,0.0516477,0.0716963,0.107358,
162,1e-07,0.0709293,0.0530456,0.0624566,0.0434716,0.0639549,0.0446794,0.074647,0.1140831,
163,0.0,0.0631304,0.0553663,0.030514,0.0525302,0.0672194,0.075805,0.0999291,0.0915266,
164,0.0,0.0538101,0.0558074,0.0735631,0.0626279,0.1206658,0.0747733,0.0936743,0.0949651,
165,0.0,0.0580733,0.0874797,0.0864411,0.0691526,0.1192699,0.0822424,0.1000276,0.0784261,
166,0.0,0.0754058,0.0440021,0.1477117,0.0496401,0.1072674,0.1627064,0.0961541,0.0600348,
167,1e-07,0.0573198,0.0556687,0.1106217,0.0424896,0.1411603,0.2163033,0.1010652,0.0176902,
168,1e-07,0.071597,0.0976075,0.0367841,0.0717933,0.17607,0.2842411,0.1398515,0.0190956,
169,1e-07,0.0950373,0.1443397,0.1095467,0.0944431,0.1510326,0.1523911,0.0808882,0.093552,
170,1e-07,0.0751127,0.0927803,0.1011685,0.0616744,0.1809938,0.1807984,0.0743604,0.0989735,
171,1e-07,0.0739569,0.0985893,0.0835212,0.0203242,0.1054336,0.082858,0.060482,0.0872492,
172,0.0,0.0660076,0.0744246,0.077014,0.04859,0.069961,0.062722,0.1073872,0.102914,
173,0.0,0.0538518,0.0471688,0.0712654,0.072674,0.1045608,0.0854432,0.1103371,0.0999488,
174,0.0,0.0673695,0.0428906,0.0698825,0.0537695,0.1175479,0.0532512,0.13512,0.0943285,
175,0.0,0.0653479,0.033472,0.0654615,0.0525183,0.1063164,0.052468,0.1096018,0.0716996,
176,1e-07,0.0920928,0.0405339,0.0746215,0.061638,0.053008,0.0396253,0.0849567,0.0700015,
177,1e-07,0.1133616,0.0454212,0.0798385,0.1002192,0.0769909,0.0262768,0.0499033,0.0788006,
178,1e-07,0.1167415,0.0586634,0.1228844,0.1023998,0.0846891,0.0413384,0.0774436,0.0785402,
179,1e-07,0.1085945,0.0773997,0.1034516,0.0788117,0.1080852,0.0528635,0.1046164,0.0880553,
180,1e-07,0.0974932,0.0632191,0.158289,0.0730046,0.0977887,0.0793051,0.0963702,0.0558288,
181,0.0,0.0895926,0.0638569,0.1309263,0.0580156,0.1130511,0.0824192,0.1209518,0.0670012,
182,0.0,0.0521098,0.0441997,0.0881706,0.0613929,0.0901645,0.0886742,0.1128006,0.0439142,
183,0.0,0.1158264,0.1033783,0.228275,0.0956608,0.0663877,0.154418,0.1192333,0.0359607,
184,0.0,0.060729,0.114888,0.1867604,0.1055899,0.100225,0.1978363,0.098916,0.0424261,
185,0.0,0.0733624,0.0685743,0.1570356,0.1035522,0.1091169,0.1552015,0.1147061,0.0864214,
186,0.0,0.0997866,0.0689388,0.1508808,0.0790722,0.1232277,0.0634085,0.1304792,0.0857953,
187,0.0,0.0502784,0.0965618,0.1404286,0.1079736,0.1207488,0.090452,0.1007669,0.0630758,
188,0.0,0.0233447,0.1348602,0.1455902,0.1262843,0.2240423,0.0830963,0.1611792,0.1041122,
189,0.0,0.0708911,0.0939681,0.1481137,0.1855363,0.310305,0.1114264,0.1970787,0.2182015,
190,0.0,0.0783772,0.1565246,0.1011654,0.1432546,0.3410348,0.1124379,0.1989134,0.2865273,
191,1e-07,0.1508266,0.1957291,0.175197,0.1347784,0.37553,0.1489065,0.3181145,0.3858392,
192,1e-07,0.0583872,0.1931745,0.1586865,0.0901226,0.3020792,0.0564544,0.175646,0.2373518,
193,1e-07,0.1058047,0.3616446,0.239382,0.0487798,0.2577624,0.183285,0.0961522,0.1576991,
194,1e-07,0.0553093,0.1610874,0.0674284,0.1129446,0.1507738,0.1798715,0.1297135,0.1416938,
195,1e-07,0.1338684,0.1718105,0.0975786,0.1603704,0.1668875,0.1813706,0.13904,0.0845649,
196,1e-07,0.1122764,0.1062228,0.0945962,0.1968358,0.151384,0.1219885,0.1561318,0.0717845,
197,1e-07,0.050925,0.0882326,0.0527858,0.200735,0.1601967,0.1041626,0.0210737,0.1942891,
198,1e-07,0.0703978,0.0599268,0.0064858,0.0948538,0.140546,0.0659541,0.0597902,0.0729363,
199,1e-07,0.0921487,0.0555875,0.0184953,0.0780963,0.1143958,0.0835181,0.044238,0.0335857,
200,1e-07,0.0830958,0.0885341,0.0210612,0.0831907,0.1233465,0.0777078,0.0281399,0.0356346,
201,1e-07,0.068052,0.077112,0.0429836,0.0443043,0.1103297,0.0466546,0.0459618,0.0389461,
202,1e-07,0.0409898,0.0328988,0.0519836,0.081109,0.0894903,0.0480309,0.0532499,0.0551389,
203,1e-07,0.0507687,0.0289082,0.0616333,0.0905508,0.0795023,0.0671837,0.0498267,0.0625103,
204,1e-07,0.050695,0.041645,0.0529008,0.0525297,0.0721643,0.0709597,0.0677406,0.0453739,
205,1e-07,0.0404881,0.0646433,0.0735626,0.0214836,0.0844528,0.0615884,0.0690293,0.0578594,
206,1e-07,0.0324274,0.0629038,0.0519948,0.0226623,0.0746526,0.0812015,0.0549719,0.0890577,
207,1e-07,0.0246093,0.0669309,0.0630348,0.0235689,0.0628215,0.1076354,0.0975063,0.0662851,
208,1e-07,0.0423122,0.0681491,0.0585865,0.0229819,0.0476074,0.0699122,0.0782369,0.0509341,
209,1e-07,0.0523628,0.0963065,0.0925451,0.0459541,0.0512729,0.0929012,0.0673904,0.0523082,
210,1e-07,0.0383181,0.0925183,0.075943,0.0384292,0.0699629,0.09939,0.0797885,0.0555688,
211,1e-07,0.0412259,0.0734684,0.0566084,0.0460333,0.0676994,0.0838992,0.1057325,0.0376987,
212,1e-07,0.0607904,0.0474338,0.0441639,0.0591614,0.0276172,0.0999221,0.1261306,0.0563632,
213,1e-07,0.0587168,0.0290919,0.0529889,0.041589,0.0201296,0.078298,0.1347957,0.049551,
214,1e-07,0.0464237,0.0817065,0.0597923,0.0645081,0.0255215,0.0571937,0.1455708,0.0509441,
215,1e-07,0.0835235,0.0743703,0.0705532,0.1618373,0.0362221,0.0708953,0.1422734,0.0674857,
216,1e-07,0.0573792,0.083767,0.0216801,0.0535014,0.0538995,0.0802188,0.1139976,0.0607695,
217,2e-07,0.0378719,0.0884779,0.0374865,0.0693581,0.0802327,0.0527301,0.1566048,0.0374735,
218,2e-07,0.0569908,0.0979861,0.0406513,0.0850936,0.1207143,0.0433645,0.1892123,0.0548279,
219,2e-07,0.0885463,0.1013877,0.0394667,0.112463,0.1344735,0.0294422,0.1866541,0.039461,
220,2e-07,0.0302573,0.1118212,0.0598564,0.1136616,0.1172214,0.0252606,0.1727329,0.0930979,
221,2e-07,0.0725475,0.0832937,0.0745906,0.095546,0.133128,0.047506,0.0701508,0.1054975,
222,2e-07,0.0735616,0.0778345,0.098987,0.0722767,0.1415581,0.0371908,0.0831891,0.0992549,
223,2e-07,0.1151204,0.0647773,0.1231057,0.0612092,0.1407304,0.0490067,0.0735415,0.1299202,
224,2e-07,0.0937497,0.0720043,0.0534402,0.0497014,0.1134229,0.0245564,0.0700533,0.0765783,
225,2e-07,0.0659947,0.061736,0.0344066,0.0663831,0.1534992,0.0223446,0.0711645,0.0762747,
226,2e-07,0.1007524,0.15627,0.0456288,0.1029593,0.1755224,0.0339438,0.0777785,0.1139188,
227,1e-07,0.0526408,0.1551272,0.0693375,0.1240399,0.2000923,0.0486068,0.0649055,0.1350132,
228,2e-07,0.1363306,0.1382441,0.0640464,0.1413644,0.1704758,0.0696163,0.1088032,0.1544818,
229,2e-07,0.0827318,0.2010105,0.0430332,0.1052534,0.1654159,0.0252205,0.0287833,0.1576989,
230,2e-07,0.0483009,0.1088217,0.0649923,0.0733329,0.1722046,0.0450322,0.0173952,0.1063708,
231,2e-07,0.1057806,0.0962351,0.088922,0.0829667,0.135545,0.0519139,0.0693456,0.1323664,
232,2e-07,0.0722989,0.1443844,0.0784945,0.1199618,0.1324501,0.0613671,0.0667846,0.1732782,
233,2e-07,0.1164833,0.143921,0.071348,0.1503456,0.101206,0.1055808,0.0380661,0.1302506,
234,2e-07,0.0906501,0.0525082,0.0729498,0.1496893,0.0877912,0.0950268,0.0519174,0.0957038,
235,2e-07,0.0755022,0.0858381,0.0647634,0.1299707,0.1308826,0.0909517,0.0989581,0.1737585,
236,2e-07,0.1348616,0.1185842,0.0964813,0.1485598,0.0848101,0.1056252,0.1019641,0.2004264,
237,2e-07,0.0922863,0.0329305,0.0489042,0.115731,0.0948402,0.0887082,0.0626972,0.0633369,
238,2e-07,0.0979026,0.0324183,0.0473837,0.1082253,0.1033651,0.0868183,0.0562965,0.1207642,
239,1e-07,0.0593476,0.0823588,0.0460707,0.1010978,0.1155306,0.0761772,0.044043,0.0286174,
240,1e-07,0.0463859,0.0779893,0.0458424,0.1065918,0.1298536,0.0867175,0.0536162,0.0289916,
241,1e-07,0.0308249,0.0938899,0.0493202,0.1279607,0.1328338,0.0357585,0.0409766,0.0592425,
242,1e-07,0.0329674,0.0625943,0.0439155,0.0852581,0.1549222,0.0608453,0.0563414,0.0730909,
243,1e-07,0.0914754,0.0345004,0.0525088,0.1377278,0.25635,0.036473,0.0499754,0.0819567,
244,1e-07,0.0517488,0.1010074,0.1572387,0.244849,0.3009349,0.0856009,0.0344384,0.1492492,
245,1e-07,0.1721346,0.151864,0.1742606,0.3114172,0.3027605,0.1206711,0.0270013,0.1693379,
246,1e-07,0.1599681,0.1350647,0.1740994,0.2408959,0.2526884,0.0881551,0.0241776,0.0892394,
247,0.0,0.0839503,0.09509,0.1404833,0.1268492,0.1217499,0.0687077,0.0191408,0.1267665,
248,1e-07,0.0877703,0.0474849,0.2060015,0.0733435,0.1241653,0.1580168,0.0405739,0.1824061,
249,1e-07,0.0408031,0.0600838,0.193057,0.0609891,0.1098059,0.1186313,0.0282415,0.1823977,
250,1e-07,0.0084617,0.0751627,0.0982601,0.0619601,0.0944445,0.0999544,0.0384985,0.1657436,
251,1e-07,0.0296883,0.059139,0.1395117,0.0750144,0.0713238,0.0805868,0.0861953,0.2150838,
252,0.0,0.0435689,0.0663645,0.1457351,0.0632273,0.0824762,0.0731029,0.0637458,0.1461836,
253,1e-07,0.0407498,0.0555385,0.0592245,0.0659843,0.0734361,0.0939022,0.0586724,0.0699628,
254,1e-07,0.0678872,0.0946557,0.0748695,0.0757986,0.0587314,0.1151099,0.0445082,0.1096461,
255,1e-07,0.0813625,0.067194,0.065792,0.0979564,0.070225,0.0993808,0.0423419,0.174591,
256,1e-07,0.0458173,0.0668221,0.0484299,0.0832576,0.0325254,0.0352761,0.0703728,0.1129614,
257,1e-07,0.0420044,0.0381878,0.08046,0.0908961,0.0437462,0.0919742,0.0673897,0.0695218,
258,1e-07,0.0716796,0.0481515,0.1083756,0.1381051,0.0772004,0.1245359,0.0918103,0.1399096,
259,1e-07,0.0706772,0.0427274,0.0580366,0.0864526,0.0717458,0.1154314,0.0857796,0.14173,
260,1e-07,0.0594713,0.0402257,0.1030396,0.0448835,0.0822715,0.1441461,0.0696134,0.1262754,
261,1e-07,0.0551321,0.0657824,0.0889651,0.0642672,0.0974211,0.1392629,0.076031,0.0931579,
262,1e-07,0.0456314,0.0764938,0.0562533,0.0653564,0.1153063,0.0487573,0.0756164,0.0714159,
263,2e-07,0.044583,0.0727763,0.0375318,0.0844265,0.1138085,0.0370463,0.0583882,0.0675016,
264,1e-07,0.0416441,0.0589943,0.0395777,0.0933486,0.0655203,0.0681701,0.0800058,0.0849828,
265,1e-07,0.0548898,0.0390358,0.0084749,0.1068201,0.0784466,0.0715403,0.0731659,0.0733079,
266,2e-07,0.0459667,0.0859528,0.0346901,0.1137015,0.1094072,0.0471775,0.072106,0.0608319,
267,2e-07,0.0614234,0.0496533,0.0559796,0.0706073,0.0768934,0.0388695,0.098503,0.0524619,
268,2e-07,0.0532605,0.048989,0.0496984,0.0670549,0.0643403,0.042824,0.0942242,0.0956967,
269,2e-07,0.0905328,0.0508382,0.0535797,0.1140874,0.0884932,0.0560016,0.1033616,0.0670198,
270,2e-07,0.0710704,0.0543382,0.0636724,0.0988827,0.099636,0.0462012,0.0984347,0.0814937,
271,2e-07,0.0769396,0.0265361,0.0766299,0.0734117,0.1055168,0.0190505,0.0699039,0.1763457,
272,2e-07,0.0963874,0.0836131,0.0779014,0.0471543,0.0639615,0.1498265,0.1779606,0.1768036,
273,2e-07,0.0995166,0.1301944,0.0872143,0.0173335,0.0570489,0.1745761,0.2346025,0.3595299,
274,2e-07,0.0772319,0.1109685,0.0807178,0.1036429,0.1127904,0.1698578,0.154747,0.4379752,
275,2e-07,0.0643261,0.1002809,0.089623,0.1130156,0.1010798,0.0516922,0.1543292,0.2457959,
276,2e-07,0.0600869,0.1148168,0.101385,0.1432859,0.1035498,0.1004071,0.1315373,0.0472577,
277,2e-07,0.0948042,0.1272339,0.1138609,0.2256324,0.132209,0.2020189,0.102063,0.3194801,
278,2e-07,0.0638331,0.1165704,0.119849,0.1805623,0.0956845,0.1081306,0.1432958,0.0644991,
279,2e-07,0.0562551,0.046715,0.061084,0.1443084,0.0996689,0.0354919,0.0953897,0.1075045,
280,2e-07,0.0223493,0.0404925,0.0361269,0.0984259,0.0470847,0.0399947,0.1171719,0.0668811,
281,1e-07,0.0438926,0.0707085,0.0394874,0.0583636,0.0535307,0.0496286,0.0984704,0.0726645,
282,1e-07,0.0995543,0.1139892,0.04007,0.0752172,0.0405504,0.0597583,0.1094816,0.0305243,
283,1e-07,0.1242537,0.1396369,0.0786261,0.1061545,0.0515276,0.0966603,0.1247456,0.057181,
284,1e-07,0.0945751,0.0946929,0.0773429,0.0921895,0.0179492,0.0701011,0.1184223,0.0810675,
285,2e-07,0.0535904,0.0599413,0.0572392,0.1223739,0.0509484,0.0640939,0.1307135,0.1174102,
286,1e-07,0.0869148,0.089518,0.0616711,0.1129595,0.0288167,0.0649296,0.1150115,0.1351542,
287,1e-07,0.0947512,0.0761339,0.1046386,0.1268462,0.0343252,0.0216719,0.0945011,0.0911061,
288,1e-07,0.0686902,0.0408825,0.0839497,0.0631309,0.0543946,0.0465336,0.0200503,0.1458363,
289,1e-07,0.068804,0.0494259,0.0538812,0.0642376,0.067882,0.0738006,0.0372529,0.0959027,
290,1e-07,0.0827375,0.0527064,0.0487967,0.0412989,0.0739669,0.0684082,0.0561983,0.0920466,
291,1e-07,0.0697218,0.0483289,0.0760048,0.0457971,0.0968895,0.0715219,0.1041426,0.0987206,
292,1e-07,0.0575419,0.0393446,0.1004464,0.0435384,0.1234696,0.060438,0.0614355,0.1066335,
293,1e-07,0.0608514,0.0362997,0.0936645,0.0825783,0.1560941,0.0600401,0.0434045,0.1307089,
294,0.0,0.0468573,0.0698239,0.1010499,0.0623114,0.1720923,0.0772484,0.0687449,0.187,
295,0.0,0.0363898,0.0511409,0.0972931,0.0528253,0.1657969,0.0720634,0.0374251,0.1374834,
296,0.0,0.0166697,0.0326957,0.0720124,0.0477973,0.0884951,0.0834658,0.0418978,0.0949167,
297,0.0,0.0449119,0.0550189,0.0792884,0.0547478,0.1019457,0.0684943,0.1028493,0.0769435,
298,0.0,0.0673021,0.0273969,0.0650232,0.0564614,0.1352516,0.0523857,0.1189002,0.0575293,
299,0.0,0.0388553,0.0230175,0.0684719,0.0572101,0.0902862,0.0219342,0.0855258,0.0875617,
300,0.0,0.023928,0.0693114,0.0550209,0.0546795,0.1009422,0.0822227,0.0861165,0.1156034,
301,0.0,0.0467479,0.059599,0.102951,0.0453765,0.1399553,0.07801,0.0536864,0.1076357,
302,0.0,0.0181566,0.0440732,0.0974336,0.0545849,0.1246047,0.0836486,0.0198492,0.1586768,
303,0.0,0.0354585,0.0284828,0.0692644,0.0410494,0.0195903,0.0812958,0.0493835,0.1135742,
304,1e-07,0.0427057,0.0602093,0.0213897,0.0198898,0.0392226,0.0537868,0.0578314,0.1584999,
305,1e-07,0.0507578,0.0907425,0.0100116,0.0322572,0.0448361,0.0866933,0.0805271,0.1615923,
306,1e-07,0.0496803,0.1253382,0.0713488,0.0719384,0.113493,0.1141068,0.0826104,0.156032,
307,1e-07,0.0985179,0.0698516,0.0629338,0.1108927,0.0606191,0.0963283,0.0801061,0.044843,
308,1e-07,0.0990551,0.0443402,0.0907315,0.1347731,0.0821454,0.108709,0.0748208,0.0600406,
309,1e-07,0.0627364,0.0543411,0.0443,0.1249423,0.0592077,0.1015151,0.0964057,0.0583004,
310,1e-07,0.036901,0.0155333,0.0352521,0.1371024,0.0872298,0.105397,0.0930102,0.1046561,
311,1e-07,0.0427414,0.0223707,0.0506717,0.1448937,0.0562182,0.1011968,0.0618262,0.0648203,
312,0.0,0.0177897,0.019623,0.0469827,0.1060465,0.0935415,0.0661404,0.0321793,0.0709269,
313,0.0,0.0478422,0.0330984,0.029347,0.0904784,0.1111442,0.0732563,0.0589489,0.0345416,
314,1e-07,0.0467281,0.0519725,0.0285707,0.0817833,0.0904988,0.0538984,0.0785231,0.0167803,
315,1e-07,0.0537803,0.043555,0.0444596,0.0674149,0.0548075,0.0251191,0.0703187,0.0711107,
316,1e-07,0.0100096,0.0133941,0.0216438,0.0771988,0.0384801,0.0230927,0.0365258,0.0863169,
317,1e-07,0.0118777,0.0287605,0.0222916,0.0982829,0.0694242,0.0480357,0.0321758,0.0632963,
318,1e-07,0.0326868,0.0181127,0.0373369,0.0797146,0.053749,0.0429716,0.0467928,0.0435088,
319,1e-07,0.0406546,0.0050083,0.0490991,0.1079545,0.0457891,0.0263178,0.0580222,0.0489267,
320,1e-07,0.0358484,0.0121874,0.0466488,0.0769972,0.0337373,0.0346305,0.0583586,0.0842693,
321,1e-07,0.0329103,0.0488413,0.0658216,0.0702812,0.0602851,0.0730658,0.0895321,0.1201839,
322,1e-07,0.0337941,0.0215218,0.0483235,0.0655255,0.1062695,0.0639152,0.1043432,0.1414571,
323,1e-07,0.0793721,0.0345079,0.1064247,0.0875082,0.1195803,0.0678326,0.0773686,0.1011549,
324,1e-07,0.0893867,0.0550486,0.0840244,0.0472481,0.0941746,0.0766226,0.0863924,0.0898863,
325,1e-07,0.1247127,0.0502868,0.0630864,0.0244915,0.0912474,0.0950419,0.0353224,0.1275429,
326,1e-07,0.1098151,0.0440989,0.0495179,0.0466077,0.1303856,0.0359365,0.0529457,0.1147542,
327,1e-07,0.1086427,0.0756731,0.0607909,0.0336892,0.1396972,0.0371667,0.0634291,0.2193838,
328,1e-07,0.0491631,0.0975021,0.0522127,0.0230775,0.1358079,0.0791771,0.1095575,0.2276938,
329,1e-07,0.0772065,0.1062297,0.0922571,0.0661629,0.1972708,0.0980233,0.1306718,0.2562102,
330,1e-07,0.0641795,0.1453685,0.1310781,0.0817907,0.2635993,0.1145097,0.0514073,0.2865953,
331,1e-07,0.0799421,0.0774137,0.0704031,0.0802941,0.1325866,0.0536599,0.1038164,0.268959,
332,1e-07,0.1211603,0.0572734,0.0687283,0.0781793,0.0986554,0.0586891,0.0642706,0.2511039,
333,1e-07,0.1485858,0.0932341,0.0571897,0.0535837,0.0924387,0.0773346,0.0711573,0.1160959,
334,1e-07,0.0797472,0.0414853,0.0535058,0.0707917,0.0858003,0.0663568,0.0454012,0.0868672,
335,1e-07,0.1199196,0.0785007,0.0671042,0.059071,0.085524,0.0261609,0.0559282,0.080235,
336,1e-07,0.1102259,0.0399714,0.0763321,0.0060735,0.0833314,0.0256171,0.0874775,0.0789241,
337,1e-07,0.0767151,0.076838,0.042794,0.0215003,0.0856687,0.0400975,0.1162919,0.1306389,
338,1e-07,0.0721663,0.0544703,0.0570515,0.0331929,0.0853023,0.0851026,0.107662,0.0851142,
339,2e-07,0.0294905,0.0482553,0.0629892,0.0582691,0.1805728,0.0768279,0.0928792,0.0695111,
340,2e-07,0.0599849,0.0727212,0.062729,0.0650826,0.1287819,0.1125943,0.1022801,0.118865,
341,2e-07,0.0800118,0.0573577,0.0904572,0.0628806,0.0812816,0.1008005,0.0938653,0.1162216,
342,1e-07,0.0820208,0.1004739,0.0894897,0.0496279,0.0829806,0.0521376,0.0789454,0.0705099,
343,1e-07,0.0889487,0.1010298,0.1141149,0.0500646,0.0495124,0.0573895,0.0860442,0.095962,
344,1e-07,0.0756856,0.0668408,0.0632052,0.0554625,0.0285126,0.067483,0.0171618,0.11953,
345,1e-07,0.1011645,0.0911045,0.0625287,0.0735192,0.0219034,0.0614877,0.0492433,0.1043638,
346,1e-07,0.0743593,0.0943355,0.0927145,0.0923295,0.0474496,0.0403048,0.0420244,0.0589298,
347,1e-07,0.042807,0.1086363,0.1022426,0.1069814,0.0741766,0.0592742,0.0543295,0.0546306,
348,1e-07,0.0442356,0.1000568,0.1076412,0.0532813,0.084846,0.0557813,0.0706008,0.1248934,
349,1e-07,0.069987,0.122574,0.135405,0.0963617,0.0980304,0.0652593,0.0478448,0.1276782,
350,1e-07,0.0999585,0.1631029,0.1582453,0.1292486,0.1434826,0.052766,0.0927388,0.1083818,
351,1e-07,0.1326828,0.1541295,0.174009,0.2073472,0.1651493,0.1249855,0.1195722,0.0891801,
352,1e-07,0.1131132,0.2210607,0.2454465,0.3054782,0.179428,0.1657032,0.1608953,0.1125243,
353,1e-07,0.089053,0.2731924,0.3130795,0.3131667,0.1733584,0.160174,0.1344973,0.1041887,
354,1e-07,0.0927205,0.1916261,0.2687768,0.2329702,0.1444999,0.1530727,0.1400001,0.1168593,
355,0.0,0.1344892,0.1735951,0.2295699,0.1993299,0.1314636,0.1740794,0.1675622,0.1435915,
356,0.0,0.14448,0.2147854,0.2759255,0.1423456,0.1464012,0.1741695,0.1843389,0.1590763,
357,0.0,0.1362676,0.1868475,0.2183048,0.1401434,0.1040311,0.2527539,0.1089728,0.1691608,
358,1e-07,0.130001,0.2061554,0.2398468,0.1528279,0.1096574,0.1454164,0.0456732,0.0916872,
359,1e-07,0.1548456,0.2157311,0.2222909,0.2099531,0.172822,0.1830426,0.0712015,0.1772075,
360,1e-07,0.0920707,0.1993216,0.1861715,0.2046946,0.1678047,0.2026545,0.0543925,0.1804596,
361,1e-07,0.0969006,0.1899151,0.2280698,0.1913602,0.1514554,0.1993055,0.0767907,0.2357279,
362,1e-07,0.1181404,0.1840844,0.158842,0.1570365,0.1159618,0.1582781,0.0747931,0.15913,
363,1e-07,0.0770395,0.1623477,0.1155222,0.1514467,0.1146037,0.1264666,0.0634615,0.0913742,
364,1e-07,0.0383869,0.120561,0.0950233,0.1176855,0.1276138,0.1365865,0.0833343,0.2288088,
365,1e-07,0.0479395,0.1587832,0.1135001,0.1264329,0.1243192,0.1297485,0.1298227,0.1998298,
366,2e-07,0.0691472,0.0635307,0.1025949,0.1381745,0.0998577,0.0175565,0.1336595,0.1825403,
367,2e-07,0.0208609,0.0685407,0.1005332,0.103094,0.1221545,0.0636695,0.1253808,0.1923559,
368,2e-07,0.0173572,0.0314575,0.0976208,0.0943412,0.1270299,0.0455289,0.1093572,0.1909659,
369,2e-07,0.0660946,0.0838992,0.0953223,0.06621,0.1417576,0.074716,0.0930006,0.206788,
370,2e-07,0.0452903,0.1448969,0.0825393,0.0939643,0.1653381,0.0522386,0.0887757,0.1975593,
371,2e-07,0.0190227,0.0838123,0.0658014,0.0863857,0.1625473,0.0331859,0.087311,0.2107241,
372,2e-07,0.0790835,0.0929807,0.0904794,0.0486336,0.1350932,0.0583371,0.1143197,0.2294079,
373,2e-07,0.1002578,0.1014833,0.0960234,0.0408971,0.2109119,0.0498019,0.0607411,0.2142389,
374,2e-07,0.0760476,0.1070738,0.080207,0.051099,0.1673957,0.0669944,0.0599874,0.1222603,
375,2e-07,0.0863629,0.0748671,0.0744669,0.0628047,0.1719127,0.0711596,0.078804,0.1715107,
376,2e-07,0.1224499,0.1025992,0.1467007,0.0305549,0.156716,0.1014794,0.1692105,0.1844333,
377,1e-07,0.1828488,0.1302732,0.2418642,0.117478,0.2106851,0.2046306,0.1700528,0.2575363,
378,2e-07,0.2804667,0.0812892,0.1686697,0.1248727,0.1208609,0.115021,0.1777623,0.1505841,
379,2e-07,0.1753638,0.0859587,0.1306791,0.0825877,0.1746445,0.064437,0.1088438,0.2115713,
380,2e-07,0.1015298,0.0570559,0.062769,0.0261784,0.1984462,0.0440231,0.1139563,0.2172208,
381,2e-07,0.0631364,0.0355248,0.1326683,0.0759306,0.1533187,0.0432643,0.097794,0.1537335,
382,2e-07,0.0831684,0.0989761,0.1268913,0.0618681,0.1372804,0.0805224,0.0690915,0.0971609,
383,2e-07,0.0527055,0.0919596,0.1148967,0.0882999,0.1122937,0.0674929,0.071281,0.0992886,
384,2e-07,0.058379,0.0920883,0.1425638,0.1108333,0.1540458,0.065773,0.0726476,0.1017993,
385,2e-07,0.0580947,0.0880328,0.1461801,0.0687956,0.0929781,0.0690327,0.0686988,0.1583137,
386,2e-07,0.056632,0.1026631,0.1607534,0.0357461,0.0581659,0.0734025,0.0543246,0.2257754,
387,1e-07,0.0398931,0.1311212,0.0856365,0.0610223,0.0602425,0.055922,0.1242861,0.251335,
388,1e-07,0.0385019,0.1046565,0.1306363,0.1066712,0.0186309,0.0561154,0.0631528,0.2330565,
389,1e-07,0.0484226,0.0775079,0.100056,0.1091278,0.0706512,0.0447545,0.0541315,0.1391776,
390,0.0,0.0584241,0.0587794,0.1043772,0.0917449,0.0585941,0.0206302,0.0486106,0.0796492,
391,1e-07,0.085709,0.0840489,0.0664361,0.0818977,0.0667931,0.0266828,0.0512638,0.1110825,
392,1e-07,0.0901695,0.113446,0.0776666,0.0955999,0.0529283,0.0293932,0.0414079,0.1571344,
393,1e-07,0.0882062,0.0993155,0.0837008,0.0329214,0.0491017,0.0589002,0.0791327,0.1286621,
394,1e-07,0.0810681,0.1125308,0.089244,0.0575708,0.0263771,0.063876,0.0994349,0.1123263,
395,2e-07,0.0800213,0.057626,0.0943768,0.035024,0.0538925,0.0678534,0.0812387,0.1244531,
396,2e-07,0.0496347,0.0957918,0.0908259,0.0867136,0.131491,0.0746437,0.1074459,0.1224983,
397,2e-07,0.0622867,0.1042864,0.1036564,0.118271,0.1362623,0.1028739,0.0789176,0.0648908,
398,2e-07,0.0482234,0.1227831,0.128352,0.1109656,0.1537288,0.1196196,0.087096,0.0795038,
399,2e-07,0.0568578,0.0953821,0.1004992,0.1266267,0.1781265,0.1192027,0.0855121,0.1721888,
400,2e-07,0.0649905,0.0724534,0.0693896,0.1132015,0.190898,0.0969797,0.079213,0.1319592,
401,2e-07,0.0478598,0.0408648,0.0774283,0.0619126,0.1214137,0.0762752,0.1118434,0.1316083,
402,2e-07,0.0185004,0.0791418,0.086,0.1143341,0.0495778,0.0789069,0.199873,0.1610385,
403,2e-07,0.0263249,0.034912,0.1357051,0.0768618,0.1036121,0.0998404,0.1400161,0.0776571,
404,2e-07,0.0540711,0.0486162,0.0755376,0.076615,0.078298,0.0545327,0.1266025,0.0920286,
405,1e-07,0.0852853,0.0370455,0.0648367,0.0384787,0.0842959,0.0724227,0.1170569,0.1083407,
406,1e-07,0.0546322,0.0384266,0.0620524,0.0656263,0.096854,0.0389187,0.101935,0.1205605,
407,1e-07,0.0594844,0.0636973,0.0734381,0.0421344,0.1305605,0.0712928,0.1105503,0.0952028,
408,1e-07,0.055851,0.0524681,0.0839493,0.0584607,0.0900935,0.0839921,0.146646,0.1097063,
409,1e-07,0.03857,0.054526,0.0831364,0.0595797,0.0535373,0.1198339,0.0791659,0.1062335,
410,1e-07,0.0628386,0.0260882,0.0703729,0.0423631,0.0907999,0.1049403,0.07341,0.0711251,
411,0.0,0.0980217,0.0446691,0.1043607,0.0474,0.0762024,0.0888817,0.0708249,0.085854,
412,0.0,0.0560228,0.0661822,0.1009649,0.0443596,0.0849162,0.0340255,0.0682888,0.0715674,
413,0.0,0.0162635,0.0580385,0.0960382,0.0515468,0.110312,0.0388038,0.0534215,0.0631105,
414,1e-07,0.0110571,0.0551965,0.1021568,0.0524506,0.0889966,0.0296318,0.0365602,0.0403444,
415,1e-07,0.0116875,0.0489644,0.0859708,0.103847,0.0854425,0.0587981,0.0552719,0.0723818,
416,0.0,0.0317692,0.0117753,0.0660272,0.0418211,0.0359171,0.0338235,0.0578202,0.0360914,
417,0.0,0.0321679,0.0204305,0.0478579,0.0936695,0.1163784,0.037955,0.0702223,0.0429713,
418,0.0,0.0231111,0.0302141,0.0370422,0.1006422,0.098666,0.0078614,0.063073,0.0329085,
419,0.0,0.0316458,0.0634363,0.0336254,0.0756293,0.0485805,0.0340076,0.0618493,0.0284228,
420,0.0,0.0429198,0.0668887,0.0216769,0.0314369,0.0337301,0.0398511,0.0775772,0.0205508,
421,1e-07,0.014332,0.0589881,0.033969,0.0299404,0.0356022,0.0195602,0.1211865,0.0321607,
422,0.0,0.043773,0.0719824,0.040901,0.0442231,0.0480554,0.0372821,0.112661,0.0691844,
423,1e-07,0.0423706,0.0417425,0.0436106,0.0659769,0.0748258,0.0340695,0.0439999,0.0873138,
424,1e-07,0.0406048,0.0409595,0.0403963,0.0563249,0.0586283,0.0397815,0.0446745,0.1203423,
425,1e-07,0.0647295,0.0719299,0.0570154,0.1212606,0.1045827,0.0487,0.1058365,0.1828907,
426,1e-07,0.0545101,0.043517,0.0592954,0.0195232,0.0789167,0.0997072,0.1109117,0.1263877,
427,1e-07,0.0479341,0.04973,0.052749,0.0661479,0.0249584,0.0936835,0.0539357,0.0863731,
428,1e-07,0.0216798,0.0506642,0.0306221,0.0451089,0.0376828,0.079911,0.0351312,0.1590776,
429,1e-07,0.0593619,0.0960402,0.0408451,0.0117591,0.0401663,0.0672532,0.0215185,0.1541837,
430,0.0,0.0431266,0.0873317,0.059077,0.0651054,0.0680828,0.0429646,0.0438628,0.064506,
431,0.0,0.0201003,0.075243,0.0170958,0.0514062,0.0285564,0.042869,0.0529731,0.0535485,
432,0.0,0.0052681,0.1000593,0.0343732,0.0555294,0.033699,0.0565123,0.0901142,0.0362501,
433,0.0,0.0299262,0.0363057,0.0456542,0.0506586,0.0873049,0.0314931,0.0416086,0.0553347,
434,0.0,0.0390246,0.0290564,0.0435714,0.0416816,0.0558648,0.0309965,0.0490931,0.0530381,
435,0.0,0.0164976,0.039747,0.0329105,0.0336961,0.0494853,0.0282386,0.0444033,0.0664274,
436,0.0,0.041943,0.0788966,0.0525012,0.0501413,0.0616646,0.0359776,0.0498788,0.0495837,
437,1e-07,0.0454568,0.0600564,0.0529534,0.0670439,0.0662523,0.0751571,0.0291336,0.0483532,
438,1e-07,0.0331733,0.069692,0.0874184,0.091616,0.0933562,0.0545296,0.0605731,0.0323133,
439,1e-07,0.0506464,0.0502034,0.0779165,0.0609365,0.0599312,0.0781064,0.0340478,0.0551518,
440,1e-07,0.0389261,0.0284332,0.077718,0.0691182,0.0176902,0.0425942,0.0392233,0.0445085,
441,1e-07,0.0441001,0.0643605,0.0703979,0.0756771,0.0619102,0.0593015,0.0404765,0.0500249,
442,0.0,0.0442876,0.0829517,0.1093569,0.0381981,0.051914,0.0671242,0.0396654,0.0578762,
443,1e-07,0.0256093,0.0656391,0.0754454,0.0590344,0.0099389,0.0132059,0.0370761,0.0706788,
444,0.0,0.0829238,0.0458734,0.0499429,0.069456,0.0164609,0.0363884,0.0427245,0.0830404,
445,0.0,0.0243963,0.088837,0.014967,0.0715231,0.0233978,0.0363672,0.0385116,0.0843488,
446,0.0,0.070286,0.0722153,0.0224123,0.014815,0.0447446,0.0626971,0.0460415,0.0766562,
447,0.0,0.0670906,0.0532209,0.0191051,0.0265399,0.0495851,0.0323742,0.0356153,0.1247959,
448,0.0,0.0996082,0.0419646,0.0332131,0.0309098,0.086474,0.0580488,0.0667238,0.1966848,
449,0.0,0.0840935,0.0446767,0.0563566,0.1113621,0.1145098,0.0988243,0.0918025,0.1352107,
450,0.0,0.0736757,0.0626372,0.0299706,0.0562259,0.0489561,0.0783506,0.090445,0.0896739,
451,1e-07,0.0765308,0.0912924,0.0445356,0.0413974,0.0451273,0.0752784,0.0425327,0.0871626,
452,1e-07,0.0500205,0.0608563,0.0416873,0.0707569,0.0419161,0.0556112,0.0540284,0.0490247,
453,1e-07,0.0545866,0.0559863,0.0242949,0.0694711,0.0190157,0.0556567,0.0450107,0.0717112,
454,1e-07,0.0412392,0.0504677,0.0288305,0.0966526,0.035219,0.0394699,0.0399458,0.0493125,
455,1e-07,0.0659402,0.0492908,0.011811,0.1331512,0.0723822,0.0296626,0.052512,0.029386,
456,1e-07,0.0414684,0.0415481,0.0631252,0.0676169,0.0623574,0.0290755,0.0613768,0.0637855,
457,1e-07,0.0446332,0.0660081,0.0732656,0.0692896,0.0599162,0.0707565,0.0575857,0.0620828,
458,1e-07,0.0213385,0.0644798,0.1087032,0.0593025,0.0656872,0.0886603,0.0680722,0.0574374,
459,1e-07,0.0671037,0.0446451,0.1319187,0.0434992,0.2016131,0.0639503,0.1040996,0.1553857,
460,1e-07,0.0830353,0.0713039,0.1138303,0.0147085,0.0937093,0.0942465,0.1338798,0.091739,
461,1e-07,0.0533183,0.0576387,0.0645332,0.0415698,0.0875529,0.0979557,0.099002,0.1060902,
462,1e-07,0.0474301,0.0336232,0.09217,0.0241364,0.0966138,0.07674,0.1212309,0.09887,
463,1e-07,0.0340749,0.0303683,0.0599199,0.0739461,0.096852,0.0785104,0.079479,0.0444522,
464,1e-07,0.0584172,0.0277145,0.0723982,0.0371672,0.075689,0.0252745,0.0716927,0.0433849,
465,1e-07,0.0489001,0.026327,0.0525917,0.0534366,0.0686187,0.0403488,0.0635529,0.065033,
466,1e-07,0.0554764,0.0152352,0.060136,0.0502448,0.0532194,0.032761,0.0474936,0.0743397,
467,0.0,0.0541072,0.0208958,0.0268222,0.0951676,0.0388832,0.0523822,0.04881,0.0515663,
468,1e-07,0.0421112,0.0204561,0.0277833,0.0732767,0.0412576,0.0421533,0.0397396,0.0540763,
469,0.0,0.0336799,0.0561442,0.0161311,0.0490249,0.0315103,0.0404538,0.046285,0.0776333,
470,0.0,0.0649171,0.0355042,0.0510091,0.051816,0.0659904,0.0425903,0.033984,0.0457404,
471,0.0,0.0842404,0.0246709,0.0580242,0.0673596,0.0628314,0.0706726,0.0415483,0.085756,
472,0.0,0.0389033,0.0737758,0.0203262,0.0909565,0.0433714,0.1009197,0.0356887,0.0504502,
473,1e-07,0.0547974,0.0592385,0.0511917,0.0773037,0.0689449,0.0875673,0.051307,0.0908277,
474,1e-07,0.0486897,0.0656792,0.0654069,0.0892163,0.0427533,0.0794583,0.0284793,0.09282,
475,1e-07,0.0379538,0.102263,0.0564149,0.0772091,0.0123496,0.0984243,0.0519054,0.1186707,
476,1e-07,0.0482007,0.0943079,0.0431743,0.048654,0.063949,0.0880414,0.0734315,0.104535,
477,1e-07,0.0340497,0.0818751,0.0338609,0.0432393,0.0733229,0.0960242,0.0611326,0.0726124,
478,0.0,0.0396466,0.0357314,0.0391732,0.0255703,0.044465,0.0778026,0.033568,0.0387132,
479,0.0,0.0675657,0.0226184,0.0468698,0.0107827,0.0476951,0.0993193,0.0435847,0.0572543,
480,0.0,0.0430242,0.0079009,0.054587,0.0239777,0.0550169,0.0550509,0.0233262,0.0368388,
481,0.0,0.0510376,0.0130456,0.0227952,0.0408465,0.0570635,0.0188843,0.0245561,0.0199886,
482,1e-07,0.0374185,0.0449662,0.076565,0.0681838,0.0766408,0.0698457,0.047735,0.0270713,
483,1e-07,0.050459,0.0596468,0.0959563,0.0434126,0.0556828,0.0852301,0.1120653,0.0259164,
484,1e-07,0.0509531,0.0303332,0.099643,0.0353705,0.0722935,0.0784755,0.0973605,0.0502136,
485,1e-07,0.1127269,0.0489558,0.1000821,0.0357967,0.0340534,0.0661044,0.0968418,0.0260301,
486,1e-07,0.0884845,0.0367611,0.067907,0.0193446,0.0522873,0.040079,0.0586826,0.0383865,
487,0.0,0.0562802,0.0357276,0.0408122,0.030251,0.0559033,0.0525822,0.0602732,0.0404677,
488,0.0,0.0323105,0.0338322,0.0354178,0.020349,0.0798211,0.0823103,0.0704923,0.0463664,
489,0.0,0.0663422,0.0799433,0.059248,0.0834725,0.0725799,0.1854043,0.0771386,0.0743458,
490,0.0,0.1129862,0.0533953,0.0491776,0.1426438,0.1248634,0.1390418,0.0788153,0.076812,
491,0.0,0.0676571,0.0640231,0.1229807,0.0711858,0.0339858,0.0666928,0.0501368,0.0879859,
492,0.0,0.0649058,0.0896593,0.1712176,0.0670713,0.0762757,0.0699099,0.0438843,0.0846833,
493,0.0,0.1135948,0.0996706,0.1747257,0.1126511,0.0629779,0.0719449,0.0777376,0.0627298,
494,0.0,0.140652,0.1569539,0.2350124,0.0686926,0.0772463,0.1463971,0.1493073,0.1032896,
495,0.0,0.1270466,0.1650048,0.2526157,0.1052051,0.0898566,0.2174449,0.1106875,0.1854208,
496,0.0,0.1805695,0.0927362,0.1950262,0.1056077,0.1094675,0.1184127,0.0497037,0.103228,
497,1e-07,0.1364058,0.1230235,0.1488853,0.0853937,0.1202023,0.0903501,0.077869,0.0903463,
498,1e-07,0.0767618,0.040344,0.0631408,0.1324878,0.0332065,0.0569084,0.0309225,0.1012112,
499,1e-07,0.0580516,0.0654707,0.0518699,0.1638402,0.0595413,0.0491056,0.0839709,0.088826,
500,1e-07,0.0690077,0.0628534,0.1053653,0.1696754,0.0774997,0.0787494,0.0803079,0.0777861,
501,1e-07,0.078122,0.076052,0.1079842,0.1477823,0.0989722,0.0667666,0.055527,0.1009065,
502,1e-07,0.068732,0.0457472,0.1168864,0.1636949,0.1031656,0.0829177,0.138576,0.106341,
503,1e-07,0.1153879,0.0975488,0.114884,0.0967842,0.1150058,0.080963,0.0904393,0.0639377,
504,1e-07,0.0549724,0.0441055,0.0851736,0.0380758,0.0830026,0.0775445,0.0222297,0.0627756,
505,1e-07,0.01668,0.0402269,0.0402246,0.0248513,0.1198604,0.0377611,0.048576,0.05454,
506,1e-07,0.0144251,0.0279832,0.0428056,0.0294958,0.0820803,0.033782,0.0425964,0.0333485,
507,1e-07,0.0150492,0.0394244,0.0763149,0.063116,0.0918526,0.0275585,0.0644092,0.0424968,
508,1e-07,0.0261937,0.0159624,0.0657639,0.0577068,0.0879263,0.0255089,0.0414081,0.0303907,
509,1e-07,0.0453374,0.0104633,0.0516365,0.054373,0.053119,0.0291533,0.0379245,0.0395995,
510,1e-07,0.0362157,0.013389,0.0580023,0.0271233,0.0550578,0.0423058,0.0341045,0.0431844,
511,1e-07,0.0539022,0.0297517,0.0585,0.064855,0.0606261,0.0399695,0.0278316,0.0395525,
512,1e-07,0.0684037,0.0407883,0.0462735,0.0834722,0.0596295,0.0069382,0.0278579,0.0365711,
513,1e-07,0.0507502,0.0194507,0.065488,0.043451,0.0324134,0.0461698,0.0236159,0.0575323,
514,1e-07,0.0373258,0.0604744,0.101007,0.0787609,0.0730356,0.0480157,0.0364031,0.0713768,
515,1e-07,0.0526364,0.0484603,0.0524174,0.0705259,0.0607974,0.058741,0.0483164,0.0774309,
516,1e-07,0.090707,0.0505282,0.0739507,0.0837732,0.033575,0.0650539,0.0640367,0.0555441,
517,1e-07,0.0917726,0.0543313,0.05971,0.0862086,0.0304728,0.0804163,0.06304,0.0665015,
518,1e-07,0.095798,0.0569664,0.0608114,0.0782502,0.0736077,0.0609497,0.0627424,0.0802287,
519,1e-07,0.1044284,0.0562245,0.0533547,0.0826628,0.0573085,0.0434412,0.1000371,0.0773586,
520,1e-07,0.1132352,0.0470555,0.0738088,0.1301655,0.0406756,0.0814924,0.1344345,0.0707701,
521,1e-07,0.0814221,0.0636225,0.0435077,0.1721066,0.0744484,0.1959008,0.1801441,0.1196566,
522,1e-07,0.0563547,0.0493149,0.0636877,0.0747474,0.0680425,0.1257758,0.1640197,0.0993762,
523,2e-07,0.0375922,0.0598519,0.0384619,0.0476256,0.114669,0.0343181,0.0861956,0.0838917,
524,2e-07,0.0302616,0.0595289,0.0339359,0.074013,0.0995824,0.0482785,0.0937674,0.0903204,
525,2e-07,0.0211885,0.029636,0.0440433,0.0549718,0.0902209,0.0414358,0.075861,0.0571173,
526,2e-07,0.0288039,0.0602842,0.0563694,0.0689602,0.1378067,0.0377433,0.0661073,0.0379811,
527,2e-07,0.064364,0.0735809,0.12871,0.1134771,0.1157775,0.0414703,0.1341364,0.0837251,
528,2e-07,0.1284559,0.1230491,0.1984471,0.1622524,0.115061,0.0661031,0.2109513,0.1696177,
529,2e-07,0.0879669,0.0757141,0.0869298,0.1122908,0.1083625,0.0577144,0.1492911,0.0803329,
530,2e-07,0.1067138,0.0796131,0.0808922,0.1353114,0.1134413,0.033713,0.061749,0.0699899,
531,2e-07,0.1133697,0.064909,0.1087536,0.1093652,0.0980742,0.0225913,0.0806256,0.121729,
532,2e-07,0.0764192,0.0925593,0.1007326,0.1238719,0.1111882,0.0245036,0.0616929,0.1114888,
533,1e-07,0.0638091,0.0836877,0.0575101,0.1253929,0.1189213,0.048446,0.1378543,0.117609,
534,2e-07,0.1008554,0.0903029,0.040356,0.1155151,0.1254738,0.1007662,0.2028259,0.09621,
535,2e-07,0.1182699,0.099952,0.0954825,0.0681266,0.1688562,0.080698,0.1673732,0.082181,
536,2e-07,0.079683,0.096658,0.1114076,0.0677499,0.1391628,0.0389646,0.1335583,0.0923968,
537,2e-07,0.073186,0.0804776,0.0499605,0.0462396,0.0960118,0.1091947,0.152649,0.0472692,
538,2e-07,0.0616379,0.1456723,0.0180964,0.0693408,0.1695538,0.1376564,0.1806267,0.1311809,
539,2e-07,0.1141262,0.0939476,0.0021465,0.1362149,0.1146054,0.0850896,0.130903,0.1584583,
540,2e-07,0.0909063,0.0697163,0.0252986,0.1112145,0.0513265,0.0877263,0.1050022,0.0667378,
541,2e-07,0.0657973,0.0820144,0.0207994,0.132243,0.0803635,0.131371,0.1094099,0.1402055,
542,2e-07,0.0631937,0.0790321,0.023737,0.0850762,0.0826757,0.0932042,0.0701909,0.1252979,
543,2e-07,0.0111401,0.0606475,0.0249898,0.0504063,0.1100203,0.0749766,0.1091765,0.0960371,
544,2e-07,0.087668,0.0688159,0.0476432,0.0728379,0.1024896,0.080138,0.098594,0.107285,
545,1e-07,0.0705304,0.0426216,0.0603202,0.0455183,0.0898483,0.0727527,0.1023791,0.0586842,
546,1e-07,0.0608519,0.0445837,0.065872,0.0968235,0.1300701,0.0195351,0.129252,0.0656531,
547,1e-07,0.0430177,0.0413031,0.0689847,0.0942282,0.0785596,0.0546364,0.1249226,0.0426536,
548,1e-07,0.1046164,0.0466929,0.0725366,0.075575,0.0724502,0.1051303,0.1224919,0.071442,
549,1e-07,0.0761144,0.0404764,0.0550902,0.1635378,0.0893254,0.0866704,0.0797031,0.0362941,
550,1e-07,0.0661857,0.06447,0.0634687,0.1950547,0.0946406,0.1073858,0.0538727,0.064492,
551,1e-07,0.0916867,0.0678958,0.0704576,0.1132951,0.051693,0.0723439,0.0918227,0.0162113,
552,1e-07,0.0487746,0.0511053,0.0769633,0.1380444,0.0866501,0.1263115,0.0614412,0.1213203,
553,1e-07,0.0750989,0.0426516,0.0696169,0.1479346,0.1172753,0.0798211,0.1405311,0.1512597,
554,1e-07,0.085501,0.0706079,0.1325002,0.1197839,0.0902902,0.0857702,0.1012684,0.1260336,
555,1e-07,0.1075072,0.0949129,0.1718577,0.1282049,0.1557154,0.0937088,0.0894389,0.0481994,
556,1e-07,0.0795745,0.0760852,0.1472923,0.1152242,0.1353488,0.0757091,0.1334317,0.0552081,
557,1e-07,0.1094667,0.0827209,0.1464246,0.125384,0.1469133,0.0949814,0.1607016,0.0807495,
558,1e-07,0.0505292,0.123781,0.1290212,0.1577425,0.1368942,0.1110463,0.1735454,0.1152289,
559,1e-07,0.0216687,0.1012318,0.097957,0.0973776,0.1696489,0.0642426,0.1137223,0.0842477,
560,1e-07,0.0475688,0.0853827,0.0824118,0.1041443,0.1241831,0.0985644,0.1059465,0.0740823,
561,1e-07,0.0774662,0.1083177,0.1074299,0.1165578,0.1368728,0.131684,0.1704278,0.1329465,
562,1e-07,0.0573834,0.0835093,0.0597161,0.0944433,0.138311,0.0989675,0.1584792,0.138698,
563,1e-07,0.0707479,0.0706494,0.0177851,0.1001224,0.0957076,0.0979382,0.102807,0.147836,
564,1e-07,0.0566796,0.0638889,0.0393221,0.1384994,0.1295918,0.0983365,0.1061871,0.1201425,
565,1e-07,0.0502265,0.0701143,0.0253329,0.0730968,0.1108036,0.0855966,0.0283363,0.081321,
566,1e-07,0.0376524,0.0944122,0.0682001,0.0911517,0.0620957,0.0904268,0.0622246,0.0656398,
567,1e-07,0.0483708,0.0349049,0.0703558,0.0767832,0.0782311,0.0722653,0.0476689,0.0323167,
568,1e-07,0.0703837,0.0375872,0.0775237,0.0915948,0.0838048,0.0624914,0.0496561,0.0545055,
569,2e-07,0.0551443,0.0693347,0.0718643,0.0940157,0.1028386,0.0678925,0.0622418,0.020412,
570,1e-07,0.0343477,0.0380831,0.0771404,0.0996554,0.0710586,0.0635561,0.0717916,0.0336778,
571,2e-07,0.0628756,0.0286158,0.0627571,0.1079671,0.053091,0.0617108,0.0730544,0.0148453,
572,2e-07,0.0379314,0.0766642,0.0585611,0.1255837,0.0650809,0.0700509,0.0816966,0.0382412,
573,2e-07,0.0279612,0.0642149,0.0443958,0.1281423,0.069902,0.0459993,0.082571,0.0556393,
574,2e-07,0.0317751,0.0610437,0.0592535,0.1276789,0.0757415,0.0585538,0.0797386,0.0865671,
575,2e-07,0.0201317,0.0739492,0.068478,0.107631,0.0937093,0.0598655,0.0571916,0.1007659,
576,2e-07,0.0376893,0.1130992,0.0432291,0.0515921,0.0656019,0.0963883,0.0859213,0.0698018,
577,2e-07,0.0559848,0.0721881,0.0542904,0.0902983,0.1325846,0.0744536,0.0844494,0.0993407,
578,2e-07,0.0530328,0.0964783,0.0937691,0.0848947,0.1293819,0.059735,0.1216237,0.096894,
579,2e-07,0.051276,0.0748209,0.0756439,0.0632129,0.2082697,0.131288,0.1174438,0.0954608,
580,2e-07,0.0409259,0.0578997,0.094671,0.0734351,0.2288793,0.2131965,0.0809215,0.0418913,
581,2e-07,0.0315373,0.0600608,0.1404211,0.1252621,0.2125542,0.1380583,0.0736498,0.1053412,
582,2e-07,0.125674,0.077833,0.0584268,0.110586,0.198964,0.0577371,0.0609645,0.1646056,
583,2e-07,0.0943067,0.101364,0.09004,0.1368074,0.2130293,0.2456789,0.376961,0.1605339,
584,2e-07,0.0757729,0.0131032,0.0884137,0.0812175,0.270174,0.1155484,0.3578245,0.1853409,
585,2e-07,0.1045771,0.0480844,0.0905315,0.0983336,0.1252441,0.0715022,0.2245814,0.1249565,
586,2e-07,0.116644,0.0578952,0.0843036,0.0458899,0.0807471,0.0371361,0.213438,0.0616385,
587,1e-07,0.0859303,0.0467167,0.0720742,0.0384765,0.0352056,0.0386784,0.1725638,0.0628054,
588,1e-07,0.0978747,0.0394815,0.0636728,0.0856123,0.0576112,0.0802894,0.2103332,0.0923639,
589,1e-07,0.1007518,0.0728746,0.0759289,0.105325,0.0550101,0.1267023,0.3421575,0.0773633,
590,1e-07,0.1086694,0.0807024,0.0921552,0.1061408,0.0239943,0.0639729,0.1773502,0.0930051,
591,2e-07,0.0641291,0.0728715,0.0614852,0.1017376,0.0420283,0.0667337,0.0886819,0.0816136,
592,1e-07,0.1124775,0.052396,0.0564989,0.0735592,0.0511744,0.0655413,0.1882842,0.0523483,
593,1e-07,0.1236523,0.0572841,0.0519527,0.0469925,0.0710432,0.0785173,0.1557392,0.0213532,
594,1e-07,0.1364086,0.0572187,0.0425233,0.0393062,0.0348276,0.0634997,0.1301082,0.0598103,
595,1e-07,0.0191872,0.0139393,0.0626978,0.0325672,0.0448708,0.0415099,0.0493164,0.0805173,
596,1e-07,0.0454632,0.0405752,0.0472457,0.061217,0.0597192,0.0313149,0.120012,0.0795229,
597,1e-07,0.0486803,0.0373919,0.0565757,0.0793762,0.0416904,0.0271335,0.0258641,0.0508605,
598,1e-07,0.0446206,0.0193788,0.042844,0.1135576,0.0337726,0.0440301,0.0189886,0.0410776,
599,1e-07,0.0520159,0.0331287,0.0399082,0.0885268,0.0365671,0.0746192,0.0408829,0.0139774,
600,0.0,0.0748805,0.0224243,0.0322821,0.0607043,0.0523603,0.1018582,0.0880888,0.0364168,
601,0.0,0.0722702,0.0230095,0.0235384,0.1236831,0.0662213,0.0903925,0.0528728,0.0172992,
602,1e-07,0.0723617,0.0463337,0.0204748,0.1358392,0.0714409,0.048624,0.0737928,0.013509,
603,0.0,0.0540659,0.0445397,0.0400892,0.0784377,0.0396572,0.0645392,0.0559793,0.0217106,
604,0.0,0.0401128,0.0507614,0.0441586,0.0796063,0.0408057,0.0699326,0.034952,0.0639008,
605,0.0,0.0358624,0.0610171,0.0510741,0.0822581,0.0390622,0.0567243,0.0557442,0.0822103,
606,0.0,0.0476033,0.0755117,0.0384817,0.0842382,0.0772327,0.0720391,0.0680278,0.059464,
607,0.0,0.0584035,0.1244652,0.0212264,0.0678821,0.1092418,0.0478903,0.1183363,0.1052147,
608,0.0,0.0925813,0.0987991,0.0269355,0.0887591,0.0687591,0.085284,0.0685451,0.1030055,
609,0.0,0.0706975,0.0733665,0.0290768,0.0521557,0.0507032,0.1131083,0.0964275,0.0594427,
610,1e-07,0.0605895,0.1287294,0.0564146,0.0322352,0.1167335,0.1131797,0.2060495,0.0618297,
611,1e-07,0.0537995,0.1062324,0.0490126,0.0481017,0.1376676,0.0850133,0.1560271,0.0780736,
612,1e-07,0.0752182,0.073468,0.0258141,0.0900752,0.1272494,0.0842012,0.1904961,0.0693665,
