#Time_ps,0,10,20,30,50,100,300,500,1000,
1,1e-07,0.0621478,0.0524073,0.0482141,0.0397388,0.0904257,0.1109468,0.0412022,0.0924186,
2,1e-07,0.0486005,0.0069212,0.0291547,0.0676261,0.0868579,0.0894855,0.0715638,0.0940015,
3,1e-07,0.0255364,0.0159837,0.0359722,0.0540513,0.0677793,0.0700462,0.0427641,0.071683,
4,0.0,0.057426,0.0456592,0.0315087,0.0360449,0.0476778,0.0763927,0.0425455,0.0620797,
5,0.0,0.0713755,0.069071,0.0520931,0.02669,0.0542041,0.083115,0.0366435,0.0497697,
6,0.0,0.0794101,0.0676966,0.0770816,0.0404,0.0394388,0.032656,0.0383916,0.0403369,
7,0.0,0.0959894,0.0354776,0.047088,0.0494165,0.0394131,0.0366844,0.0512824,0.0451613,
8,1e-07,0.1041221,0.0346961,0.0226044,0.0403506,0.0569568,0.0714628,0.0619874,0.0259554,
9,0.0,0.1153639,0.030556,0.029488,0.0663539,0.0587523,0.0257907,0.0271132,0.098184,
10,0.0,0.0824416,0.0505361,0.0506868,0.0508254,0.0912133,0.0253665,0.0165764,0.0726818,
11,0.0,0.065462,0.0482463,0.0465577,0.0431644,0.1188491,0.0392206,0.0392678,0.0631474,
12,0.0,0.0505231,0.063611,0.0350724,0.0377798,0.0900308,0.0816088,0.0519171,0.0489086,
13,0.0,0.0583897,0.1030364,0.0556868,0.0548799,0.0739549,0.0720179,0.0577353,0.0591675,
14,0.0,0.0739637,0.1155458,0.0645661,0.0395864,0.0657129,0.0379279,0.0559541,0.0534799,
15,0.0,0.1088811,0.115205,0.0480424,0.0603638,0.1051562,0.0210217,0.0667463,0.0896015,
16,0.0,0.0814509,0.0679952,0.0539408,0.0270101,0.085134,0.0415934,0.0514522,0.0393761,
17,0.0,0.0509174,0.043686,0.0408197,0.0274622,0.0634394,0.0498631,0.0405638,0.0354152,
18,1e-07,0.0380604,0.045055,0.0563314,0.0514137,0.0446662,0.0560951,0.0231136,0.05101,
19,1e-07,0.0416016,0.0686103,0.0506234,0.0637752,0.045919,0.0595064,0.0395906,0.0432879,
20,1e-07,0.0459329,0.0810686,0.0652261,0.0681905,0.0461591,0.0792455,0.044267,0.0653599,
21,1e-07,0.0290965,0.0871208,0.0605987,0.062592,0.093801,0.0975979,0.0537854,0.0646221,
22,1e-07,0.0383733,0.0910049,0.0309507,0.0495814,0.0811157,0.0995336,0.0354002,0.0670903,
23,1e-07,0.0526909,0.0809084,0.058052,0.0855743,0.1273935,0.1415717,0.0693634,0.1555164,
24,1e-07,0.2198219,0.2323003,0.0086038,0.1871603,0.1185514,0.1735424,0.0559945,0.1781378,
25,1e-07,0.077722,0.059514,0.0344319,0.0956369,0.0518153,0.1247046,0.0609769,0.0453462,
26,1e-07,0.0724231,0.0298583,0.0455798,0.0820169,0.0548363,0.0996661,0.0813168,0.0564336,
27,1e-07,0.0616146,0.0384882,0.0452216,0.0814619,0.0442483,0.0952361,0.0559426,0.0650414,
28,1e-07,0.0522242,0.013851,0.0459759,0.0558545,0.0327967,0.0838199,0.0333598,0.0259453,
29,0.0,0.071552,0.0676142,0.0591491,0.0797069,0.0478987,0.0526362,0.0231075,0.0278625,
30,0.0,0.0388383,0.0499988,0.0398418,0.0817115,0.0578798,0.0523404,0.0180299,0.0139007,
31,0.0,0.041046,0.0491753,0.0523388,0.0338183,0.0745952,0.0584504,0.0074828,0.045069,
32,1e-07,0.0603192,0.041313,0.053158,0.034722,0.0938538,0.0481019,0.0622532,0.054423,
33,1e-07,0.0551925,0.0485399,0.0494656,0.0408426,0.1192561,0.1333769,0.0939451,0.0511962,
34,0.0,0.0610079,0.0528242,0.0629095,0.0492992,0.09434,0.054323,0.110455,0.0692715,
35,0.0,0.0797105,0.0086792,0.0548013,0.0512724,0.0665215,0.0312811,0.0516427,0.0679182,
36,0.0,0.0588561,0.0236419,0.0376694,0.0608143,0.0243003,0.0421582,0.04622,0.0648507,
37,0.0,0.041499,0.0686913,0.0845595,0.0516002,0.0356403,0.0400855,0.0529699,0.0584548,
38,0.0,0.0311196,0.0675676,0.0695204,0.0596483,0.0296,0.0685666,0.0371775,0.0365102,
39,0.0,0.008873,0.0654806,0.0680728,0.095248,0.0354705,0.060052,0.0347977,0.0674991,
40,0.0,0.0653476,0.1084736,0.0851646,0.0990267,0.0514163,0.0353906,0.0203116,0.0817761,
41,0.0,0.1036491,0.1347962,0.1124739,0.1148723,0.0487485,0.0501004,0.0628067,0.0651282,
42,0.0,0.0835964,0.092069,0.0687699,0.0403523,0.0562609,0.0603552,0.0709843,0.0907341,
43,0.0,0.0802378,0.1127939,0.0950776,0.0742022,0.0907741,0.0823074,0.0980488,0.0715291,
44,1e-07,0.0986213,0.1221003,0.1027758,0.088028,0.1020881,0.10258,0.0844606,0.0797843,
45,1e-07,0.1245935,0.183716,0.1267192,0.1830407,0.1095537,0.1714411,0.0911167,0.0547621,
46,1e-07,0.1352504,0.1956177,0.1337568,0.2645623,0.1158477,0.2379038,0.0539159,0.1620404,
47,1e-07,0.1281853,0.2419474,0.1044834,0.3264436,0.0702577,0.1629411,0.1161498,0.1521192,
48,1e-07,0.1025233,0.1909594,0.065996,0.2027169,0.0493497,0.0905982,0.0745542,0.0370394,
49,1e-07,0.1287186,0.1692486,0.1001582,0.1426515,0.0835579,0.1306333,0.094331,0.0440965,
50,1e-07,0.208976,0.2518042,0.1719056,0.2558707,0.1087763,0.201612,0.096428,0.0660626,
51,0.0,0.2024669,0.2660567,0.1646338,0.2559244,0.1082224,0.167801,0.1120787,0.1048173,
52,0.0,0.1397309,0.228665,0.1616792,0.3375742,0.06299,0.2087187,0.1617068,0.1422659,
53,0.0,0.1494253,0.2089619,0.1567517,0.2638023,0.0499052,0.177274,0.0805799,0.1443463,
54,0.0,0.1457511,0.1861138,0.1388698,0.2314918,0.0952073,0.1162684,0.1022925,0.1161071,
55,0.0,0.1487578,0.2649117,0.1562384,0.2360123,0.0975047,0.1700971,0.116461,0.1045429,
56,0.0,0.1297691,0.2731224,0.145758,0.2021133,0.1044602,0.1893289,0.1696609,0.1277304,
57,0.0,0.1587576,0.2144798,0.0555639,0.1423904,0.1107664,0.1357059,0.1240064,0.1439867,
58,0.0,0.1639816,0.1945002,0.1064016,0.1301378,0.1591512,0.1575562,0.123979,0.1100362,
59,0.0,0.1318614,0.2425376,0.1995919,0.1697343,0.1298086,0.2212254,0.1002399,0.1193863,
60,1e-07,0.1335768,0.2064224,0.1459354,0.1508361,0.1088806,0.1984344,0.110677,0.0847044,
61,1e-07,0.1235534,0.2458461,0.0862021,0.0805287,0.0817806,0.1773831,0.0523313,0.0185832,
62,0.0,0.166792,0.2249528,0.1029711,0.1321653,0.0856061,0.1017974,0.125766,0.1053235,
63,0.0,0.1115928,0.1383012,0.0742773,0.0996419,0.0783129,0.0738431,0.0317692,0.0996062,
64,1e-07,0.0323157,0.1050256,0.0965368,0.1354485,0.0641141,0.1364907,0.1113703,0.0976588,
65,1e-07,0.0321991,0.122369,0.0783952,0.039142,0.0702643,0.1113941,0.0463946,0.0497448,
66,1e-07,0.0109176,0.0913303,0.0651519,0.0370423,0.0637791,0.0834871,0.0537494,0.0341125,
67,1e-07,0.0146561,0.0860223,0.0785359,0.0311157,0.069951,0.1120597,0.0674652,0.1029551,
68,1e-07,0.0329517,0.0594386,0.0779543,0.0396557,0.0624725,0.1076422,0.0660598,0.0930412,
69,1e-07,0.0072443,0.0642174,0.100179,0.0497355,0.0779096,0.0810441,0.046456,0.0475695,
70,1e-07,0.0898501,0.1407219,0.1417233,0.0714747,0.1128458,0.0604008,0.0608662,0.0548098,
71,1e-07,0.0912481,0.1371394,0.1264479,0.1290879,0.1953983,0.0693969,0.0595185,0.2211408,
72,1e-07,0.031007,0.0438535,0.1401787,0.1767504,0.2114957,0.2138319,0.079717,0.2782596,
73,1e-07,0.0776161,0.1183991,0.1704204,0.1966759,0.1622737,0.0941238,0.0387302,0.1726899,
74,1e-07,0.0841907,0.1130702,0.1397935,0.1030708,0.1134282,0.0806926,0.061599,0.1377866,
75,1e-07,0.1101137,0.0909975,0.083069,0.0726887,0.1117645,0.0614478,0.0620677,0.0539484,
76,0.0,0.0988627,0.0853895,0.0813376,0.0967682,0.1615467,0.0843557,0.0922899,0.032102,
77,0.0,0.0993649,0.1370194,0.0980787,0.1068366,0.092383,0.0678609,0.0982769,0.0393132,
78,0.0,0.078909,0.1552833,0.067685,0.1463104,0.0705419,0.0762005,0.0938705,0.0593451,
79,0.0,0.0899974,0.1324089,0.0555423,0.1577526,0.0670628,0.0048963,0.1080921,0.0896769,
80,0.0,0.1011719,0.1378509,0.0912392,0.064256,0.0614973,0.010543,0.0760508,0.1463381,
81,1e-07,0.1053732,0.1268498,0.1059457,0.1163134,0.0477035,0.048873,0.0502481,0.1672074,
82,1e-07,0.0951597,0.1405561,0.0827984,0.1205082,0.0377266,0.1168101,0.0453443,0.1268609,
83,1e-07,0.0869356,0.1163259,0.0780923,0.1109824,0.0850174,0.1267817,0.0672931,0.1293123,
84,1e-07,0.0730488,0.1706717,0.1033052,0.1180428,0.0545802,0.0661185,0.1183695,0.0940655,
85,1e-07,0.0254874,0.1004779,0.0742556,0.0793783,0.0469823,0.0393293,0.1034104,0.0910058,
86,0.0,0.028371,0.1195384,0.0713579,0.0224415,0.0914032,0.0361656,0.0841469,0.0879071,
87,0.0,0.0520241,0.124516,0.1064464,0.0627091,0.0251498,0.0380192,0.0551672,0.0813147,
88,0.0,0.0413323,0.1080989,0.1160052,0.094364,0.0238239,0.0428708,0.0904017,0.0953826,
89,0.0,0.0784253,0.0721824,0.0878396,0.0515358,0.0626948,0.0346683,0.0826995,0.1257443,
90,0.0,0.0983559,0.0677377,0.0946382,0.0894846,0.0697073,0.03176,0.0758511,0.0456848,
91,0.0,0.1018984,0.076818,0.0891606,0.0893709,0.0506228,0.0583532,0.0391419,0.0334302,
92,0.0,0.0832087,0.1117252,0.1002329,0.0984951,0.1775588,0.0522063,0.0592917,0.022059,
93,0.0,0.0786516,0.0993773,0.1060352,0.029294,0.1042218,0.0287795,0.0379162,0.0945094,
94,0.0,0.0565313,0.0878435,0.0747096,0.0474788,0.10628,0.0176593,0.078304,0.0768632,
95,0.0,0.0205367,0.0834704,0.0753041,0.0136772,0.0894756,0.070906,0.085815,0.0535798,
96,0.0,0.0447993,0.1057194,0.1074823,0.1033591,0.082124,0.1486376,0.1558965,0.0715655,
97,0.0,0.0625108,0.0755412,0.0971549,0.0841133,0.081808,0.0560487,0.0677904,0.058893,
98,0.0,0.0621773,0.0344182,0.1010864,0.1028,0.1037949,0.0376016,0.0699321,0.0581645,
99,1e-07,0.0821372,0.0691204,0.1254446,0.0895952,0.096878,0.0457017,0.0703972,0.0623157,
100,1e-07,0.0789953,0.06411,0.1335844,0.0814386,0.0810401,0.0505559,0.0536094,0.0324009,
101,1e-07,0.0826378,0.0165087,0.0891776,0.0865063,0.0770486,0.0447667,0.0461323,0.0608898,
102,1e-07,0.0662119,0.0256012,0.0665231,0.1136943,0.0303198,0.0873267,0.0246454,0.0547111,
103,1e-07,0.0997937,0.0354221,0.0622628,0.138315,0.0316073,0.084093,0.0296784,0.0844935,
104,1e-07,0.0771779,0.0238058,0.0433805,0.0991793,0.0311257,0.0768389,0.0545063,0.1487937,
105,1e-07,0.0849814,0.0392304,0.0445012,0.0422789,0.0430837,0.0654055,0.0550954,0.0599858,
106,1e-07,0.0744089,0.0482376,0.0370063,0.0493713,0.0445881,0.0647353,0.0674148,0.0609047,
107,1e-07,0.0690654,0.076759,0.0320747,0.0140314,0.0735651,0.0542657,0.08226,0.0591643,
108,1e-07,0.0801727,0.0382918,0.0539551,0.0219098,0.0694825,0.0567676,0.0746933,0.0427342,
109,1e-07,0.0493112,0.0401913,0.0339048,0.0643507,0.0611396,0.0710194,0.0380285,0.0682525,
110,1e-07,0.055355,0.077365,0.0356578,0.0863691,0.0504438,0.0510329,0.0585876,0.0395063,
111,1e-07,0.0916497,0.0778356,0.0356616,0.0813088,0.0665261,0.0275798,0.0509415,0.0329913,
112,1e-07,0.0562044,0.0570941,0.0294466,0.0660964,0.0231636,0.0410858,0.0362691,0.0245005,
113,0.0,0.0776463,0.0467905,0.0457897,0.0773556,0.0328943,0.0538709,0.0465863,0.0307807,
114,0.0,0.0870943,0.0339859,0.0541508,0.0303758,0.0546165,0.0544863,0.0725061,0.0336346,
115,0.0,0.0717691,0.0265293,0.0632173,0.0374897,0.0646894,0.0840572,0.0816787,0.0480352,
116,0.0,0.0742806,0.0324551,0.0540966,0.0512034,0.0655374,0.0675441,0.0442193,0.0633209,
117,1e-07,0.0673347,0.0410011,0.0302574,0.0298095,0.0223624,0.0573433,0.0575728,0.0585607,
118,1e-07,0.063849,0.0477569,0.036883,0.0697258,0.0543351,0.0708737,0.0573203,0.0435408,
119,1e-07,0.0402319,0.0673783,0.0366631,0.0773908,0.0926978,0.0548668,0.0838922,0.0584405,
120,1e-07,0.0271119,0.0378049,0.0860307,0.0914324,0.0450789,0.03031,0.1013314,0.0601456,
121,1e-07,0.0262321,0.0930729,0.0159012,0.0565874,0.0477647,0.0397614,0.0876626,0.0951307,
122,1e-07,0.02365,0.0512527,0.0610079,0.0247068,0.060176,0.0554459,0.0651154,0.0952919,
123,1e-07,0.0389021,0.0354707,0.0513348,0.0445702,0.0423345,0.0393032,0.0340448,0.0748851,
124,1e-07,0.0466219,0.0639217,0.0661255,0.0499018,0.0897205,0.015087,0.0926363,0.0489639,
125,0.0,0.0436346,0.0564533,0.0859913,0.0104274,0.0315021,0.0202683,0.0669911,0.0461969,
126,0.0,0.0666611,0.0372514,0.0630357,0.0370915,0.0644018,0.031629,0.0252831,0.0392742,
127,0.0,0.0453489,0.0665328,0.0502488,0.0560423,0.0665081,0.0419402,0.0441703,0.0619153,
128,0.0,0.0729198,0.0850569,0.0499155,0.0607108,0.0329596,0.0320868,0.0378862,0.0582608,
129,1e-07,0.1251334,0.0855963,0.0400688,0.0867336,0.032988,0.0080449,0.0440178,0.047632,
130,1e-07,0.0562822,0.0942045,0.0427827,0.0722643,0.0345654,0.0359232,0.0682025,0.0869269,
131,1e-07,0.0469477,0.1455599,0.0807185,0.0298412,0.0866368,0.0084404,0.0351809,0.1487643,
132,1e-07,0.0530206,0.0722958,0.0503804,0.0204093,0.067455,0.0186974,0.1082041,0.0917323,
133,1e-07,0.0363658,0.0103951,0.0189757,0.0170803,0.0594074,0.0290244,0.048312,0.04868,
134,1e-07,0.0141086,0.0241449,0.0205873,0.0231646,0.0375482,0.0431535,0.0324553,0.0510318,
135,0.0,0.0295594,0.0076993,0.0133266,0.0399658,0.0579223,0.0446279,0.0586035,0.0756043,
136,0.0,0.0556844,0.0685737,0.0251974,0.0328465,0.0491266,0.0098621,0.0614524,0.0646794,
137,0.0,0.0866599,0.0714852,0.0332028,0.045963,0.0724635,0.0599637,0.0544098,0.0845749,
138,0.0,0.0741543,0.0757077,0.0415012,0.0308145,0.0516035,0.0971619,0.058377,0.0985616,
139,1e-07,0.0746747,0.0723964,0.0229207,0.0184534,0.044375,0.0653197,0.1107117,0.0542079,
140,1e-07,0.0877692,0.032847,0.0088863,0.03136,0.0286845,0.0695924,0.0607855,0.024959,
141,1e-07,0.097116,0.0819868,0.04109,0.0879795,0.0438591,0.0664702,0.0674845,0.0266635,
142,1e-07,0.0939717,0.0786921,0.0751121,0.0726032,0.1185424,0.0997128,0.056611,0.0384071,
143,1e-07,0.0890517,0.067646,0.1393457,0.0236752,0.1651531,0.097198,0.0627865,0.0619736,
144,1e-07,0.0715547,0.0481737,0.0585071,0.0524987,0.101433,0.0777309,0.0349136,0.0576161,
145,1e-07,0.0804197,0.0343739,0.025972,0.0264541,0.0738684,0.0354328,0.0319646,0.0358176,
146,0.0,0.0763261,0.0267938,0.0214885,0.0511706,0.0514329,0.0609537,0.0545634,0.038751,
147,0.0,0.0966316,0.0189125,0.0212442,0.0360661,0.0194083,0.0753484,0.0374251,0.0596594,
148,0.0,0.103949,0.048822,0.0539253,0.0349182,0.0322033,0.0701482,0.0841704,0.0709225,
149,1e-07,0.0715904,0.0544224,0.0601817,0.0574092,0.0326322,0.0732253,0.055515,0.0411703,
150,1e-07,0.0671485,0.0868795,0.0229625,0.0694167,0.0216253,0.0784625,0.0339949,0.072567,
151,1e-07,0.0552619,0.0584568,0.0297874,0.1115981,0.0668922,0.0541372,0.0234675,0.0827605,
152,1e-07,0.0759037,0.0441312,0.048724,0.0582456,0.0368342,0.0535205,0.0244221,0.0315849,
153,1e-07,0.1209348,0.0842001,0.0803315,0.0448225,0.0292531,0.0457889,0.0241071,0.0680352,
154,1e-07,0.0845628,0.0304261,0.0900228,0.1158744,0.0750929,0.0577593,0.0164797,0.0580719,
155,1e-07,0.0980717,0.0822359,0.1095835,0.0879251,0.122645,0.0563218,0.0677994,0.071078,
156,1e-07,0.0523678,0.1082416,0.0769487,0.0334419,0.0458444,0.0379865,0.0201659,0.055845,
157,1e-07,0.0398886,0.0589624,0.0726446,0.0822684,0.0237811,0.0577764,0.0586645,0.0449942,
158,1e-07,0.0495677,0.0608358,0.0466565,0.1129183,0.0250167,0.0711157,0.0699773,0.0807554,
159,1e-07,0.0749753,0.0495158,0.0635022,0.0824496,0.0162579,0.0813,0.0141367,0.0831683,
160,1e-07,0.0536688,0.0408413,0.0352398,0.0545609,0.0413852,0.0654295,0.0413268,0.1170665,
161,1e-07,0.0580811,0.0403431,0.0116409,0.0551428,0.0311851,0.0548109,0.0482966,0.0530956,
162,0.0,0.068689,0.0451741,0.0370518,0.0367918,0.0351267,0.0561748,0.0090244,0.0274517,
163,0.0,0.0560503,0.0335517,0.0378592,0.0194556,0.0230179,0.0427698,0.0238446,0.0389249,
164,0.0,0.0922089,0.0238454,0.0446024,0.0346974,0.0498672,0.0467515,0.0276183,0.0418781,
165,0.0,0.0513687,0.027984,0.0517392,0.068225,0.0291713,0.0157724,0.0628629,0.0340876,
166,0.0,0.0879791,0.0424521,0.0511973,0.0516695,0.064987,0.0227634,0.0727482,0.041031,
167,0.0,0.0886022,0.0913608,0.0568978,0.083775,0.0523203,0.0315332,0.036807,0.0646732,
168,0.0,0.0670172,0.0947197,0.0733554,0.1023481,0.1090947,0.0173215,0.0605836,0.1035019,
169,0.0,0.1314931,0.064469,0.0589087,0.084326,0.0616814,0.0927789,0.0456047,0.0977065,
170,1e-07,0.1400539,0.1051083,0.0573273,0.0833503,0.0363712,0.1098953,0.0398041,0.0450508,
171,0.0,0.1019031,0.0691476,0.0576007,0.0643296,0.013706,0.0189401,0.0168166,0.028478,
172,0.0,0.0492164,0.0266359,0.030955,0.0560912,0.0438506,0.0281007,0.0569497,0.0515976,
173,0.0,0.075328,0.0587133,0.0350055,0.0300198,0.0354519,0.05214,0.0543224,0.0350115,
174,0.0,0.094618,0.0688717,0.0752753,0.0671477,0.0341701,0.0738156,0.0303861,0.0313931,
175,1e-07,0.0756857,0.0558632,0.0317294,0.0454954,0.0427153,0.0658523,0.0263017,0.1063982,
176,1e-07,0.0909005,0.0821421,0.0239019,0.0310335,0.0825942,0.0437516,0.0267312,0.1042865,
177,1e-07,0.0825372,0.072166,0.0516921,0.0217495,0.1013636,0.0448325,0.0904785,0.0889419,
178,1e-07,0.0754288,0.0814672,0.0554413,0.021911,0.1115378,0.138459,0.0950542,0.064906,
179,1e-07,0.1271274,0.0704271,0.0431999,0.0158556,0.1474084,0.1105625,0.0575816,0.0573735,
180,1e-07,0.059155,0.0634029,0.0850386,0.0400184,0.0269393,0.0311206,0.0387078,0.0931073,
181,1e-07,0.0596079,0.0672541,0.0926677,0.0257306,0.0458822,0.0343517,0.0316195,0.1010799,
182,1e-07,0.0742866,0.0332812,0.0741504,0.0256376,0.0482105,0.0417838,0.0221371,0.108982,
183,1e-07,0.039879,0.063558,0.1300059,0.0223073,0.0504722,0.0473721,0.0191927,0.0595543,
184,1e-07,0.0560152,0.0297935,0.0877455,0.0346406,0.0617473,0.0828943,0.0615318,0.0349517,
185,0.0,0.0587921,0.058656,0.0693802,0.0658795,0.1151226,0.0745626,0.0463038,0.1099947,
186,0.0,0.0442571,0.0968309,0.0597915,0.1387866,0.1449347,0.1332919,0.0394749,0.1486897,
187,0.0,0.0695418,0.0888238,0.0721008,0.1786564,0.0769552,0.1252926,0.0813606,0.1345082,
188,0.0,0.0943605,0.1290559,0.074009,0.1035974,0.1215128,0.1312434,0.1071116,0.0879076,
189,1e-07,0.2008181,0.2174606,0.0940153,0.1583055,0.1813072,0.1203206,0.1353203,0.065768,
190,0.0,0.2184379,0.2308786,0.1234597,0.1916948,0.2468489,0.097343,0.1747631,0.0674011,
191,0.0,0.2699373,0.2054674,0.2041493,0.1986392,0.379054,0.1387839,0.251108,0.1296222,
192,0.0,0.1405889,0.1549069,0.1230389,0.0946854,0.214748,0.213499,0.1889842,0.1912105,
193,0.0,0.085075,0.0843159,0.0771712,0.0529135,0.0840741,0.1711995,0.0836233,0.1917287,
194,0.0,0.053276,0.055561,0.1059099,0.0745675,0.042231,0.1070455,0.0303477,0.207331,
195,1e-07,0.128116,0.1517121,0.0291838,0.0875523,0.1849665,0.1755499,0.0904653,0.1859944,
196,1e-07,0.1148277,0.2474678,0.0348583,0.0564141,0.1786419,0.0678227,0.0990474,0.0699807,
197,1e-07,0.0369542,0.1020332,0.0566571,0.0351123,0.0334027,0.1309187,0.0697619,0.0619278,
198,1e-07,0.0410963,0.0904515,0.0550076,0.0261136,0.0224504,0.1003859,0.123992,0.0323688,
199,1e-07,0.0406901,0.089152,0.0471813,0.0365889,0.0377763,0.0631078,0.1183473,0.0417438,
200,1e-07,0.0647404,0.0267327,0.0668714,0.0158024,0.0647218,0.0606649,0.0740067,0.0208579,
201,1e-07,0.0496621,0.0475559,0.0917557,0.0490563,0.0759246,0.053245,0.0379178,0.0455599,
202,1e-07,0.018462,0.0424425,0.0945981,0.0459091,0.0545504,0.0851733,0.0199885,0.0623907,
203,1e-07,0.0614068,0.0353701,0.0535387,0.0325442,0.064871,0.0571307,0.0153288,0.0561664,
204,1e-07,0.0765851,0.0355961,0.02409,0.0456775,0.0533037,0.0685888,0.0421372,0.0451547,
205,1e-07,0.0682912,0.035308,0.0352864,0.0118769,0.0509596,0.0442714,0.0328512,0.0426885,
206,1e-07,0.0624939,0.0319204,0.0711962,0.0446415,0.0763701,0.0523182,0.0684834,0.0793568,
207,1e-07,0.0981985,0.0128644,0.0425272,0.1102286,0.0865474,0.0367409,0.0599868,0.0940286,
208,1e-07,0.0355199,0.0199661,0.0350533,0.070252,0.0849869,0.0204409,0.0623756,0.0538336,
209,1e-07,0.0575266,0.0445522,0.0662992,0.0427203,0.0631782,0.0633599,0.0559939,0.075973,
210,1e-07,0.0735954,0.051951,0.0750575,0.0673823,0.0811707,0.0560341,0.040205,0.1134359,
211,1e-07,0.0389332,0.0350979,0.0500497,0.0441919,0.0736398,0.0366057,0.0495354,0.1129422,
212,1e-07,0.0708389,0.0287276,0.0530304,0.0780475,0.0527639,0.0397615,0.0593678,0.1185118,
213,1e-07,0.0660756,0.0174177,0.0811786,0.0337985,0.0313247,0.0339269,0.0938853,0.1325275,
214,1e-07,0.0867425,0.0965377,0.1240872,0.079422,0.0545213,0.0509244,0.1348942,0.1567937,
215,1e-07,0.1620964,0.1527762,0.136923,0.1710902,0.074218,0.0834628,0.1372236,0.124307,
216,1e-07,0.0328211,0.0283941,0.053085,0.0841416,0.0685573,0.0107225,0.1181567,0.0994347,
217,1e-07,0.1469962,0.0377137,0.0237041,0.1826037,0.0913177,0.0517899,0.1167863,0.0656675,
218,1e-07,0.1355895,0.0581206,0.0539378,0.195519,0.1165376,0.0647927,0.0676402,0.0731849,
219,1e-07,0.0784623,0.0933718,0.0554847,0.1794591,0.1186122,0.076372,0.0911437,0.0818359,
220,1e-07,0.071096,0.0789308,0.0224602,0.0945245,0.0952168,0.0890922,0.0710585,0.0408457,
221,2e-07,0.060275,0.1120408,0.0247109,0.0966523,0.1007164,0.0765848,0.0804868,0.0754226,
222,2e-07,0.1014537,0.144513,0.043836,0.1323295,0.1241273,0.1125472,0.1428456,0.0576392,
223,2e-07,0.1127059,0.1774592,0.0564553,0.1396556,0.1216866,0.1412975,0.1299377,0.0716785,
224,2e-07,0.2260311,0.2585591,0.0739223,0.1810968,0.1548495,0.1376135,0.0443666,0.0577857,
225,2e-07,0.1966229,0.1856326,0.0531035,0.1464442,0.1463973,0.1341729,0.061853,0.0962778,
226,2e-07,0.0735223,0.1074896,0.0913393,0.1465414,0.0681196,0.1325987,0.0944582,0.0949818,
227,2e-07,0.0500948,0.1077311,0.0738047,0.1560336,0.0387593,0.1193287,0.1193357,0.108002,
228,2e-07,0.039855,0.1134403,0.0800671,0.1756845,0.0814611,0.1497152,0.0901432,0.1261511,
229,2e-07,0.0624175,0.0854561,0.0820735,0.1613994,0.1210335,0.1428033,0.0534249,0.1145462,
230,2e-07,0.0324673,0.0574067,0.0865081,0.1490921,0.0787519,0.1263577,0.0683034,0.1447885,
231,2e-07,0.0950535,0.0611134,0.1914717,0.1392787,0.0670772,0.1069811,0.0629794,0.1661194,
232,2e-07,0.1397271,0.075192,0.2207519,0.1615557,0.0835913,0.0659175,0.0477894,0.1703148,
233,1e-07,0.0445842,0.1257876,0.1335733,0.125172,0.0900044,0.10574,0.1258945,0.1874358,
234,1e-07,0.0790282,0.1058187,0.040846,0.1115142,0.0465391,0.1430289,0.1555317,0.1886677,
235,1e-07,0.0723058,0.0992472,0.0668523,0.1189578,0.0476291,0.1085939,0.2437299,0.1438134,
236,1e-07,0.0725056,0.0848788,0.0783259,0.1400389,0.0554021,0.1197114,0.2114917,0.0984947,
237,1e-07,0.0825814,0.0658722,0.0349454,0.0982355,0.0437515,0.0668257,0.1593168,0.0824363,
238,1e-07,0.0801985,0.0681469,0.0287529,0.0572103,0.034216,0.047193,0.1306282,0.0395733,
239,1e-07,0.1130307,0.0792299,0.0349539,0.0655378,0.0347704,0.0121023,0.0474369,0.0766733,
240,1e-07,0.1103154,0.0989821,0.0822165,0.0783725,0.0720218,0.0566885,0.0320417,0.0635849,
241,1e-07,0.0761507,0.0772952,0.1423097,0.1196672,0.079823,0.0514238,0.0896341,0.0655177,
242,2e-07,0.0781075,0.0854176,0.1624206,0.0851456,0.0333423,0.1190463,0.0861056,0.041913,
243,2e-07,0.0334734,0.0948057,0.1752793,0.1054914,0.071275,0.059732,0.1411071,0.0880315,
244,2e-07,0.0753748,0.1357326,0.1318295,0.1572574,0.0755109,0.112614,0.1978019,0.1160408,
245,2e-07,0.0772631,0.1861304,0.1798217,0.1306097,0.0771574,0.141878,0.2648837,0.1593456,
246,2e-07,0.0628471,0.1701608,0.2067034,0.1141491,0.092044,0.0964099,0.1902453,0.1175823,
247,2e-07,0.0908769,0.1359046,0.1148758,0.0607361,0.0467029,0.0992312,0.1507679,0.1000812,
248,2e-07,0.090345,0.1357744,0.1321604,0.04699,0.0484431,0.1222253,0.1889911,0.1082511,
249,2e-07,0.1085815,0.0952518,0.1393354,0.0356457,0.0606254,0.0707939,0.0892269,0.1466924,
250,2e-07,0.102421,0.1019414,0.1079247,0.036612,0.1057332,0.0549359,0.0718358,0.1294806,
251,2e-07,0.11667,0.1405041,0.1255113,0.0548952,0.1337361,0.0635226,0.1025049,0.1480252,
252,2e-07,0.0874633,0.1205193,0.0747089,0.0417792,0.110705,0.0522076,0.0433073,0.1229766,
253,2e-07,0.0428644,0.0908317,0.0919082,0.0424503,0.1096496,0.0546478,0.0377912,0.1104381,
254,2e-07,0.0912683,0.1040063,0.0553461,0.0334888,0.1205174,0.0538359,0.0686497,0.1508653,
255,2e-07,0.105242,0.1236553,0.1089222,0.0332949,0.1189602,0.0493015,0.0419466,0.2152731,
256,2e-07,0.0866543,0.1312635,0.0780132,0.0518908,0.0557911,0.0671895,0.0444651,0.208218,
257,2e-07,0.0967706,0.1050202,0.0495407,0.0456978,0.0391786,0.0690398,0.0619216,0.1410221,
258,2e-07,0.1121399,0.158323,0.126599,0.0441441,0.0661277,0.0629229,0.0778387,0.1455248,
259,2e-07,0.0890128,0.0707731,0.0668897,0.0410648,0.0445906,0.074012,0.0975008,0.0777963,
260,2e-07,0.076108,0.0302071,0.0919085,0.0928519,0.0455756,0.0801531,0.1214965,0.0779915,
261,2e-07,0.0924125,0.0339814,0.0695538,0.0837668,0.0509488,0.0878764,0.0989615,0.0785328,
262,2e-07,0.0754463,0.034927,0.0785972,0.0945876,0.0692386,0.1032179,0.0559015,0.0727805,
263,2e-07,0.0782767,0.0312357,0.0673189,0.0775656,0.0594598,0.0831332,0.070921,0.0673163,
264,2e-07,0.0732673,0.0273099,0.0581656,0.0402968,0.0751353,0.0772783,0.0798954,0.0696992,
265,2e-07,0.0640474,0.0331837,0.0624449,0.0701898,0.06518,0.0800572,0.0326447,0.0747928,
266,2e-07,0.0580368,0.0307823,0.076509,0.1198103,0.0961555,0.1086968,0.0844381,0.077087,
267,1e-07,0.0623013,0.0378632,0.0827164,0.1009056,0.1030602,0.0225204,0.0835507,0.0753903,
268,1e-07,0.0200128,0.0588182,0.0793786,0.0848083,0.0819672,0.0466857,0.071868,0.0934908,
269,1e-07,0.0504593,0.0646992,0.0704154,0.1342963,0.0699759,0.0951174,0.0826703,0.0761361,
270,1e-07,0.0441092,0.0791309,0.0702367,0.1561191,0.040601,0.0193472,0.1149642,0.0888337,
271,1e-07,0.0386766,0.0702099,0.060009,0.152395,0.0462106,0.0447085,0.0994976,0.0896528,
272,1e-07,0.0977352,0.0901864,0.0543722,0.1739077,0.0632135,0.050267,0.0826776,0.0907064,
273,1e-07,0.1021191,0.0853651,0.0920752,0.181897,0.0727347,0.0888749,0.129054,0.0730976,
274,1e-07,0.0893028,0.077236,0.1083343,0.1627625,0.0671223,0.0888642,0.0784234,0.1528522,
275,1e-07,0.126978,0.0578729,0.1003915,0.158202,0.0817723,0.0974827,0.0367301,0.144463,
276,1e-07,0.1226706,0.0347351,0.0798981,0.1496095,0.0724225,0.0791526,0.0992112,0.117081,
277,1e-07,0.1573832,0.0612423,0.0931537,0.1361514,0.045163,0.1161022,0.1916645,0.1059224,
278,0.0,0.1405527,0.1217847,0.0904008,0.1198685,0.0908228,0.159099,0.0776093,0.0631039,
279,1e-07,0.0838694,0.0864318,0.0843851,0.1343799,0.0741989,0.0852398,0.0637537,0.0940555,
280,0.0,0.0388981,0.0660176,0.0561656,0.0980909,0.0855492,0.1185423,0.0755043,0.0837845,
281,1e-07,0.0585155,0.0359947,0.0599267,0.1069617,0.1015432,0.0625623,0.0756433,0.0576315,
282,1e-07,0.0730183,0.0283246,0.0718302,0.1087404,0.1108701,0.0856362,0.0804774,0.0606691,
283,0.0,0.0827691,0.0517723,0.0753489,0.1514243,0.0984154,0.0310511,0.1228678,0.0350187,
284,0.0,0.053727,0.0663122,0.0579983,0.1091931,0.0343171,0.0553046,0.0957911,0.1227749,
285,0.0,0.0285526,0.0544818,0.042601,0.1212966,0.0657785,0.0875017,0.0792466,0.1006825,
286,0.0,0.0862511,0.0561662,0.0330646,0.0801456,0.0508274,0.1325004,0.0467211,0.0324651,
287,1e-07,0.1150263,0.0719471,0.0675254,0.0676126,0.0838191,0.0756473,0.0815084,0.0486589,
288,1e-07,0.1169973,0.0571108,0.0605236,0.0574386,0.0748652,0.0704971,0.0841063,0.0426576,
289,1e-07,0.0606397,0.0525735,0.0388904,0.0529686,0.0446539,0.0614192,0.0485654,0.0545365,
290,1e-07,0.0690316,0.0567948,0.0397071,0.0537094,0.0507882,0.0327627,0.027901,0.0567776,
291,1e-07,0.0673361,0.0808247,0.0814574,0.037552,0.0693383,0.0151327,0.0210825,0.0615815,
292,1e-07,0.0739883,0.0834647,0.0602369,0.0391067,0.0684021,0.0774247,0.039967,0.0579014,
293,1e-07,0.0517502,0.0231949,0.0253662,0.052838,0.0255674,0.0895253,0.0301021,0.0915875,
294,1e-07,0.0680066,0.0464365,0.0313947,0.0502886,0.0580342,0.0923628,0.0414768,0.0678611,
295,1e-07,0.0922317,0.0638147,0.0139703,0.0288719,0.0491843,0.0489987,0.0151538,0.0642347,
296,1e-07,0.0640076,0.0579315,0.0324392,0.0443822,0.0573499,0.0328209,0.0279154,0.0777691,
297,1e-07,0.0755849,0.0465522,0.0389872,0.0673162,0.0398809,0.0714369,0.030386,0.1230568,
298,1e-07,0.0556776,0.0138368,0.0463247,0.0785687,0.0271021,0.0405108,0.0158905,0.0429909,
299,1e-07,0.0564208,0.0330374,0.0069068,0.076295,0.063124,0.0358205,0.0286105,0.1159127,
300,1e-07,0.0146845,0.0291628,0.0214624,0.0370817,0.0590369,0.0576013,0.0314863,0.1726032,
301,1e-07,0.0413392,0.081488,0.0415147,0.0529846,0.0521131,0.0420045,0.0336345,0.1981602,
302,1e-07,0.0591199,0.0402069,0.0492589,0.0700236,0.0375513,0.0240991,0.0287719,0.2355923,
303,1e-07,0.0491664,0.0807994,0.0384822,0.0611934,0.0395318,0.0560779,0.0126568,0.0688521,
304,1e-07,0.0318708,0.0510864,0.0273137,0.0818867,0.067247,0.0492773,0.0252422,0.0134709,
305,1e-07,0.025994,0.0650213,0.042082,0.1239734,0.065084,0.0737891,0.0243554,0.0943357,
306,1e-07,0.0599581,0.0963439,0.0486985,0.1441909,0.0857709,0.0997793,0.0362358,0.1767186,
307,1e-07,0.0537436,0.0388879,0.0206669,0.0643268,0.0415114,0.0558684,0.0457184,0.0131037,
308,1e-07,0.051226,0.0543683,0.0819605,0.0438244,0.0323296,0.0690599,0.0317617,0.028537,
309,1e-07,0.0434382,0.0903429,0.0743237,0.0661191,0.0149701,0.0507516,0.0092374,0.0549459,
310,0.0,0.0505694,0.0649805,0.0747475,0.0455054,0.0267577,0.1138403,0.0680792,0.0700452,
311,0.0,0.054657,0.0380141,0.0862771,0.0400994,0.0442899,0.0657658,0.0511226,0.0724622,
312,0.0,0.0602133,0.1073076,0.0686874,0.0259446,0.0496072,0.0317579,0.037723,0.0731097,
313,0.0,0.042452,0.1084866,0.063173,0.0218238,0.0460577,0.0476978,0.0560844,0.0443382,
314,1e-07,0.0488882,0.034533,0.0488023,0.0269868,0.0394731,0.0435385,0.0600406,0.0506101,
315,0.0,0.0202631,0.0243278,0.0560895,0.0605078,0.0779473,0.0471063,0.061137,0.0811617,
316,0.0,0.0393879,0.025237,0.0334885,0.0369461,0.0943906,0.0348371,0.0675194,0.0619299,
317,0.0,0.039105,0.020513,0.0367474,0.0408294,0.096664,0.0508212,0.0465975,0.0199819,
318,0.0,0.0455124,0.0615337,0.0305465,0.0433222,0.0584456,0.0733959,0.0827306,0.0629991,
319,0.0,0.0174038,0.0523719,0.024573,0.0408209,0.0537739,0.0159653,0.0614977,0.0318019,
320,0.0,0.0250591,0.0184599,0.0183102,0.0407907,0.0413696,0.0374738,0.0626602,0.0537542,
321,0.0,0.027062,0.0089348,0.0483645,0.0487013,0.0593633,0.0531281,0.0579427,0.1295544,
322,0.0,0.0179174,0.0379016,0.0457642,0.046066,0.0591813,0.0658307,0.0603891,0.0488851,
323,0.0,0.0364488,0.0437887,0.0552853,0.0335329,0.0365328,0.0411332,0.0550026,0.034965,
324,1e-07,0.0416014,0.0452904,0.056313,0.019937,0.0671833,0.0351442,0.0658127,0.0240283,
325,1e-07,0.0327676,0.0242518,0.0404402,0.0629848,0.0482463,0.0486453,0.0945806,0.0233924,
326,1e-07,0.0335755,0.0258115,0.0528507,0.0447652,0.0511478,0.0207809,0.0598599,0.0204943,
327,1e-07,0.1069253,0.049593,0.0604439,0.0412891,0.0825177,0.0695668,0.0685594,0.0299065,
328,1e-07,0.0975136,0.0599455,0.0362585,0.0369226,0.096174,0.0314457,0.0493733,0.1183208,
329,1e-07,0.1310494,0.0462219,0.0928436,0.0605446,0.120311,0.0365788,0.0570315,0.2369352,
330,1e-07,0.1789873,0.0709542,0.0894459,0.0842663,0.1031296,0.0955494,0.1059043,0.2552045,
331,1e-07,0.0567541,0.0347747,0.0631853,0.0613708,0.1088643,0.0555169,0.0531105,0.1027718,
332,1e-07,0.0671092,0.0251346,0.0944282,0.036771,0.0840165,0.0978201,0.0541801,0.0391095,
333,1e-07,0.0994548,0.0352393,0.077118,0.0425446,0.0663072,0.124888,0.0697966,0.0391638,
334,1e-07,0.0520808,0.0547916,0.0713772,0.0207373,0.0544745,0.0653394,0.0543726,0.0239641,
335,0.0,0.0395734,0.0465219,0.1010288,0.0761229,0.025768,0.0598971,0.0416386,0.0281398,
336,0.0,0.0389309,0.0314457,0.0647377,0.0181867,0.0336727,0.0584734,0.0445838,0.0387206,
337,0.0,0.0281633,0.0283135,0.0746847,0.0577579,0.0381313,0.0467416,0.0310218,0.058719,
338,1e-07,0.0348988,0.0414651,0.0708901,0.0672244,0.0552974,0.0864535,0.0634973,0.0803299,
339,1e-07,0.024662,0.059982,0.0601461,0.1079572,0.0762089,0.0725698,0.0706891,0.1387639,
340,0.0,0.023592,0.0699316,0.0441683,0.1112529,0.0296905,0.0501003,0.0950245,0.0844964,
341,0.0,0.0666073,0.0583507,0.0557981,0.0729255,0.0425592,0.0150486,0.042853,0.0794016,
342,0.0,0.0360431,0.0535937,0.0649797,0.0346366,0.0536312,0.03843,0.0261166,0.0544039,
343,0.0,0.0142322,0.0421484,0.0791287,0.0489189,0.0374513,0.0563608,0.0475618,0.061149,
344,0.0,0.0422178,0.0240649,0.0712696,0.0323345,0.0372751,0.047122,0.0305936,0.0609817,
345,0.0,0.0133231,0.029235,0.0670532,0.038915,0.0975513,0.0550362,0.023291,0.0611803,
346,0.0,0.0355958,0.0448971,0.0853609,0.0612745,0.0885585,0.0591622,0.0532581,0.0980416,
347,0.0,0.0513684,0.0419555,0.1004734,0.0816601,0.1047491,0.0551039,0.0335345,0.0944286,
348,0.0,0.074521,0.0210441,0.0817169,0.0508245,0.0802533,0.036704,0.0395006,0.0734468,
349,0.0,0.0727124,0.069175,0.102528,0.0517627,0.1077044,0.0347649,0.0727214,0.0950275,
350,1e-07,0.0742873,0.031853,0.11336,0.0591305,0.1106072,0.0364691,0.0966045,0.0916141,
351,1e-07,0.0180355,0.0488339,0.1440266,0.0801949,0.1202517,0.0319095,0.0951866,0.1153773,
352,1e-07,0.053087,0.1404552,0.1393502,0.162279,0.1352796,0.0509198,0.0752599,0.1216289,
353,1e-07,0.0669929,0.1371607,0.1768666,0.1480049,0.1404809,0.0997512,0.1124858,0.0869462,
354,1e-07,0.0535506,0.0689664,0.1711103,0.0868316,0.1495711,0.0856558,0.0790145,0.071642,
355,1e-07,0.0579405,0.0560277,0.1678325,0.0536425,0.1454017,0.1115735,0.0477249,0.0677308,
356,1e-07,0.1099092,0.0242802,0.1094246,0.0582393,0.1042035,0.1809923,0.0603184,0.0845993,
357,0.0,0.0976481,0.0059036,0.088548,0.0320541,0.129473,0.1942746,0.1178487,0.0842066,
358,0.0,0.0975405,0.0566418,0.0546175,0.1315321,0.1221007,0.1489653,0.1201509,0.0489576,
359,0.0,0.1034321,0.0445088,0.1148424,0.167548,0.1180504,0.1622121,0.183463,0.0356313,
360,0.0,0.058475,0.0406781,0.1197044,0.085092,0.1495925,0.1540208,0.1177548,0.09069,
361,0.0,0.1071316,0.070652,0.1050843,0.0686189,0.1217587,0.1296112,0.2005917,0.0767321,
362,0.0,0.0790751,0.0850377,0.1227942,0.1018844,0.0652864,0.1164523,0.1621168,0.0806058,
363,0.0,0.04858,0.0467399,0.1248899,0.1065345,0.1221371,0.1452357,0.1027201,0.1077608,
364,0.0,0.034312,0.070366,0.1676399,0.1032414,0.111636,0.0749048,0.1147286,0.1130686,
365,0.0,0.0397178,0.1126108,0.1386983,0.1447698,0.0778219,0.0160648,0.1343392,0.1879252,
366,1e-07,0.0438661,0.0683681,0.0418011,0.0886954,0.0897702,0.1058084,0.0947488,0.2086725,
367,1e-07,0.0668795,0.032468,0.1342006,0.0447298,0.1059752,0.0426665,0.0998146,0.157872,
368,0.0,0.1090254,0.0873358,0.1591813,0.0881716,0.1341014,0.046204,0.1197034,0.116144,
369,0.0,0.0797046,0.1013368,0.0767338,0.0895379,0.1112031,0.0272699,0.0915413,0.0431774,
370,1e-07,0.0938027,0.0822453,0.0793527,0.11676,0.1128392,0.0493592,0.0899378,0.0926452,
371,1e-07,0.0750439,0.0809353,0.096015,0.1193346,0.0814227,0.0647504,0.0318215,0.1000986,
372,1e-07,0.1471511,0.0528512,0.0506882,0.0306776,0.05197,0.0355607,0.0285733,0.0477435,
373,1e-07,0.099424,0.0605243,0.0611781,0.0820706,0.0579307,0.0555091,0.0205333,0.0316835,
374,1e-07,0.0524382,0.0415468,0.0396239,0.0802772,0.0513648,0.0724623,0.0617642,0.0294765,
375,1e-07,0.0680005,0.0563756,0.0247673,0.1086562,0.0950138,0.0552078,0.0611546,0.0552566,
376,1e-07,0.0739493,0.0893978,0.0790115,0.0572931,0.1528028,0.0848842,0.0899507,0.0641419,
377,1e-07,0.0679961,0.0852883,0.059132,0.0866523,0.1693499,0.0981274,0.097998,0.1464235,
378,1e-07,0.118401,0.1143277,0.2724164,0.0987121,0.1400002,0.1830997,0.1450537,0.1038544,
379,1e-07,0.0937666,0.0908775,0.1682119,0.0707409,0.1097412,0.1084757,0.0632587,0.1208503,
380,1e-07,0.0331231,0.0620774,0.1291387,0.0926385,0.0542029,0.0770555,0.0653648,0.1209047,
381,1e-07,0.0327979,0.0615178,0.0475623,0.0895303,0.0719322,0.1269722,0.0291348,0.0813664,
382,0.0,0.0422027,0.0302195,0.0237391,0.0768046,0.0695825,0.1114532,0.0435122,0.0301148,
383,0.0,0.0975307,0.0379409,0.0192839,0.071843,0.0486896,0.055723,0.0332142,0.0552048,
384,0.0,0.0944332,0.0635388,0.0563371,0.081324,0.0992534,0.0697171,0.0400695,0.0603168,
385,0.0,0.0839894,0.1107432,0.1166085,0.0675392,0.1170205,0.0637832,0.0746779,0.0462247,
386,0.0,0.0792719,0.0332492,0.0943471,0.0686284,0.0932014,0.0364764,0.0475926,0.0972678,
387,0.0,0.0572032,0.073941,0.1027076,0.066899,0.1053113,0.0293868,0.0579667,0.0875716,
388,1e-07,0.031665,0.064176,0.0809294,0.0664549,0.1174903,0.0569379,0.112949,0.0787389,
389,1e-07,0.0448588,0.0530436,0.0398014,0.0584026,0.1555549,0.0743527,0.0595224,0.0840727,
390,1e-07,0.0300229,0.0400925,0.0774486,0.0505841,0.2009927,0.0984855,0.0665298,0.0555061,
391,1e-07,0.0344931,0.058818,0.0206456,0.0377773,0.1881675,0.0422552,0.0505063,0.0761013,
392,0.0,0.0317281,0.056483,0.0139415,0.0421794,0.102604,0.0537213,0.0416385,0.0865444,
393,0.0,0.0560097,0.0434601,0.0849811,0.0188782,0.0837929,0.0475295,0.0690884,0.0942553,
394,0.0,0.0568818,0.0399129,0.0820292,0.0392599,0.0647337,0.0369084,0.0672495,0.0535513,
395,0.0,0.050474,0.0473842,0.0575499,0.0667095,0.0701327,0.0576962,0.0638842,0.0435965,
396,0.0,0.0465128,0.0492954,0.058568,0.0709475,0.0797499,0.0569692,0.0414426,0.0368436,
397,0.0,0.0706572,0.0390566,0.0669783,0.0843835,0.0706453,0.0483897,0.0483755,0.0251368,
398,0.0,0.077815,0.0755066,0.0788805,0.113764,0.0635259,0.0778849,0.0884983,0.0807184,
399,0.0,0.0701916,0.0443768,0.1438494,0.0913559,0.1071598,0.053683,0.0878957,0.1311592,
400,0.0,0.0262068,0.0621376,0.1049191,0.053911,0.1041184,0.0198836,0.1026741,0.151065,
401,0.0,0.0281347,0.0838347,0.0883403,0.0783418,0.0810906,0.0308125,0.100674,0.1035285,
402,0.0,0.0591548,0.1082309,0.1411729,0.1279719,0.0489262,0.0601734,0.1469733,0.1306414,
403,0.0,0.0599578,0.054609,0.0813717,0.1223083,0.0627136,0.0741898,0.1300553,0.0785802,
404,0.0,0.0694461,0.0788044,0.0733244,0.0900486,0.0417726,0.0942359,0.0773083,0.0775948,
405,1e-07,0.0146636,0.0869209,0.0783229,0.054277,0.0323393,0.0947301,0.0502122,0.063915,
406,1e-07,0.0255314,0.0787604,0.0953854,0.0582828,0.0864394,0.0867208,0.068387,0.0332768,
407,1e-07,0.0398025,0.0902088,0.0986833,0.1034298,0.054543,0.0989112,0.0444421,0.0471315,
408,1e-07,0.049452,0.116197,0.1056841,0.0495481,0.0337008,0.0937074,0.0645146,0.0340286,
409,1e-07,0.017934,0.0991335,0.0561133,0.0685692,0.0952339,0.0777936,0.0466281,0.0204874,
410,1e-07,0.0494385,0.1125629,0.0496844,0.0615532,0.10847,0.0906584,0.0440309,0.031404,
411,1e-07,0.076269,0.0817844,0.0363373,0.0894749,0.0725431,0.0819641,0.0348527,0.0137452,
412,1e-07,0.0757641,0.0955075,0.0568449,0.0947413,0.0809703,0.0873108,0.0675212,0.0247719,
413,1e-07,0.0443644,0.0850557,0.0370539,0.0643859,0.052913,0.0742179,0.0913496,0.0769685,
414,1e-07,0.0607149,0.0855788,0.0347242,0.0512253,0.0395641,0.0473899,0.0613716,0.069838,
415,1e-07,0.0588095,0.0486337,0.0402824,0.0221991,0.0279059,0.0385527,0.0337383,0.1030048,
416,1e-07,0.0360649,0.0560124,0.0484469,0.028482,0.0986245,0.0334186,0.05817,0.0935695,
417,1e-07,0.036447,0.0838988,0.0541581,0.0301587,0.0574994,0.0273701,0.0799817,0.0735602,
418,1e-07,0.0308876,0.1074602,0.0647121,0.049223,0.0456611,0.0774008,0.0331689,0.0616918,
419,0.0,0.0196411,0.0759757,0.0603128,0.0432325,0.0446723,0.0619922,0.0319167,0.0513481,
420,0.0,0.0183577,0.0773743,0.0585376,0.0541912,0.049671,0.0470269,0.0304855,0.0242754,
421,0.0,0.04209,0.0700444,0.0595437,0.0315867,0.0573361,0.0440759,0.0424181,0.0453377,
422,1e-07,0.0383107,0.0272305,0.0370757,0.0374018,0.0279432,0.0295234,0.0156867,0.0666415,
423,1e-07,0.0543182,0.0252622,0.0421243,0.0676096,0.0432747,0.032545,0.0273202,0.0479722,
424,1e-07,0.0482331,0.0542777,0.0281614,0.0906969,0.0555152,0.0433167,0.0186225,0.0615009,
425,1e-07,0.0556735,0.0924411,0.059709,0.0901765,0.0827157,0.1038008,0.0650688,0.018333,
426,1e-07,0.0507402,0.0632101,0.0472556,0.0906478,0.0836866,0.1192062,0.0848825,0.0315676,
427,1e-07,0.0197718,0.0913562,0.0415809,0.0817008,0.0703502,0.063651,0.0527696,0.036003,
428,1e-07,0.0352568,0.0565829,0.0398877,0.1140343,0.0598401,0.0796693,0.0472526,0.0166208,
429,1e-07,0.0472252,0.0518711,0.0321164,0.0368013,0.0672278,0.088435,0.0416181,0.0274597,
430,1e-07,0.0338968,0.0398307,0.0313862,0.0517738,0.0589885,0.0280221,0.0573421,0.0408766,
431,0.0,0.0238952,0.0484377,0.0453521,0.027013,0.0411611,0.0478792,0.0290201,0.059649,
432,0.0,0.0090418,0.0188094,0.0329438,0.0036216,0.0355871,0.0431504,0.0251881,0.0458729,
433,0.0,0.0371352,0.06012,0.0308274,0.0387287,0.0316347,0.0539634,0.0098243,0.0512301,
434,0.0,0.0352557,0.0567412,0.0138006,0.0531678,0.0352639,0.0418702,0.0288034,0.0619548,
435,1e-07,0.0594066,0.072882,0.0182472,0.0580883,0.0576116,0.048707,0.024269,0.0500306,
436,1e-07,0.0231954,0.0579206,0.0143973,0.0681774,0.0332856,0.0649664,0.0266405,0.0334971,
437,1e-07,0.0444761,0.0567013,0.0627235,0.0577467,0.0637572,0.0747046,0.060897,0.0364344,
438,1e-07,0.0821736,0.0454913,0.1058169,0.0746599,0.0762204,0.0747737,0.0999431,0.0874043,
439,1e-07,0.055938,0.066219,0.0907782,0.0856869,0.0810797,0.0535539,0.0774239,0.1057912,
440,1e-07,0.0636577,0.0353564,0.0657025,0.0607373,0.0822205,0.0650329,0.0135828,0.0758294,
441,0.0,0.0254498,0.0562105,0.0542793,0.0411354,0.066122,0.0653778,0.0166497,0.0217434,
442,0.0,0.0269751,0.0533081,0.032226,0.065173,0.0501529,0.0561595,0.032911,0.0237682,
443,0.0,0.0571671,0.0407373,0.0158688,0.0835821,0.0409141,0.0167165,0.0413996,0.071828,
444,0.0,0.042251,0.0171959,0.0031849,0.0535653,0.0339024,0.0367274,0.0441466,0.0943778,
445,1e-07,0.0425504,0.036432,0.0466755,0.0510739,0.0880232,0.0217513,0.0283708,0.0269473,
446,1e-07,0.0236005,0.024605,0.0594128,0.0261309,0.0953202,0.0424303,0.0161857,0.0781965,
447,1e-07,0.0682372,0.0205539,0.1048071,0.0480223,0.0993305,0.0506319,0.031784,0.1430185,
448,1e-07,0.1048299,0.0795197,0.069756,0.0487917,0.1075334,0.0579366,0.0498107,0.1290516,
449,1e-07,0.0423667,0.0638517,0.0807802,0.1564124,0.1099423,0.0527206,0.0599074,0.159815,
450,1e-07,0.0322527,0.0563689,0.0763654,0.0907242,0.0350882,0.0351727,0.0663126,0.0655441,
451,1e-07,0.0654045,0.0584632,0.016557,0.0837261,0.0369427,0.0568245,0.0237439,0.0412464,
452,0.0,0.0543092,0.0549525,0.0350839,0.0527349,0.0592571,0.0445049,0.0116619,0.011843,
453,0.0,0.0448745,0.043243,0.0449537,0.0445856,0.0588881,0.0354588,0.0234705,0.0537372,
454,0.0,0.0201106,0.0463015,0.057955,0.0331018,0.0267956,0.0624406,0.0313861,0.0414984,
455,1e-07,0.0151237,0.0591874,0.0780327,0.0187715,0.0391542,0.1144979,0.0349768,0.0483744,
456,1e-07,0.018557,0.0406678,0.0315872,0.0287577,0.054461,0.0630775,0.0064488,0.0289073,
457,1e-07,0.0617227,0.0701469,0.0590975,0.0406919,0.0664154,0.0350015,0.0582072,0.0319702,
458,1e-07,0.0294176,0.0299725,0.0446832,0.0373915,0.0237387,0.0384893,0.1049556,0.0589219,
459,1e-07,0.0836845,0.0664238,0.1052026,0.0582355,0.047325,0.0829419,0.1497877,0.0857595,
460,1e-07,0.0674956,0.1178597,0.1353241,0.1043302,0.0798446,0.058593,0.1471655,0.0691616,
461,1e-07,0.1245025,0.1322405,0.1376438,0.1431374,0.0624443,0.0751475,0.1596175,0.0444544,
462,1e-07,0.0351252,0.1063669,0.1227577,0.0777271,0.0446475,0.0861716,0.0524013,0.0687368,
463,1e-07,0.0199887,0.0498314,0.07124,0.0552235,0.0532735,0.0973634,0.033576,0.0262877,
464,1e-07,0.0181712,0.0850914,0.0444788,0.0360985,0.0526679,0.0994828,0.0378277,0.0434234,
465,1e-07,0.0391351,0.0743998,0.0355577,0.0384618,0.0699404,0.0886744,0.0471462,0.0436309,
466,1e-07,0.049413,0.0937081,0.0259309,0.0474794,0.0797727,0.1177242,0.0647773,0.0178368,
467,1e-07,0.028571,0.0840754,0.0428755,0.040761,0.0755042,0.0931734,0.0586263,0.0273624,
468,0.0,0.0313247,0.0852175,0.0331512,0.0225039,0.0322462,0.0748142,0.0557073,0.0192806,
469,0.0,0.0311851,0.077435,0.024684,0.0591985,0.0595639,0.0546778,0.0331763,0.0431867,
470,0.0,0.0378722,0.0289961,0.0277587,0.0784529,0.0626461,0.0512658,0.059389,0.024504,
471,0.0,0.0322406,0.0338817,0.0256358,0.0471435,0.0654193,0.0454134,0.0520458,0.0108071,
472,0.0,0.0574631,0.0709662,0.0632746,0.0570813,0.0542751,0.04999,0.0759299,0.0557686,
473,0.0,0.048649,0.0547786,0.0925826,0.0386201,0.0269771,0.0588356,0.0616222,0.09316,
474,0.0,0.0568175,0.0786998,0.1642696,0.0603094,0.1070474,0.0695559,0.1209207,0.1089646,
475,1e-07,0.0500259,0.131731,0.1714314,0.0843676,0.1086815,0.0144513,0.069997,0.057433,
476,1e-07,0.0465104,0.0838054,0.1416369,0.1060125,0.0933848,0.0662365,0.0907568,0.070388,
477,0.0,0.0233362,0.0467592,0.105996,0.0707946,0.0869079,0.0659161,0.0923219,0.1064836,
478,0.0,0.0324998,0.0464559,0.0521255,0.0810145,0.0739004,0.022885,0.0462664,0.0090127,
479,0.0,0.0147541,0.0395355,0.0533219,0.0773793,0.0664712,0.064296,0.0429422,0.0114154,
480,0.0,0.050445,0.0397488,0.0437787,0.1111571,0.0821794,0.0839662,0.0362865,0.0409985,
481,1e-07,0.0123527,0.0355001,0.0251068,0.0631149,0.0726613,0.1048103,0.0395314,0.0188115,
482,1e-07,0.0367722,0.0585371,0.015145,0.0719037,0.0952868,0.0834007,0.04082,0.0295482,
483,1e-07,0.0252954,0.0947071,0.0269058,0.0406549,0.1018058,0.1361672,0.0504333,0.0177257,
484,1e-07,0.0611954,0.0805312,0.0503657,0.0565074,0.1057609,0.1263593,0.0352179,0.0331449,
485,1e-07,0.0396052,0.0654856,0.0769432,0.0505742,0.1057538,0.1162449,0.0559952,0.0748561,
486,1e-07,0.046529,0.0397194,0.0390335,0.0511681,0.0749951,0.1090019,0.0381394,0.0783364,
487,1e-07,0.0162981,0.0442537,0.0443899,0.0908992,0.0674443,0.0827029,0.0094168,0.0322681,
488,1e-07,0.0299631,0.0514675,0.0418946,0.1316574,0.0879073,0.0501105,0.0334577,0.0202985,
489,1e-07,0.069187,0.0534477,0.0843795,0.1344165,0.060452,0.0992736,0.0299247,0.0659727,
490,1e-07,0.0575397,0.0678537,0.0781693,0.1055449,0.0666303,0.1134973,0.0947694,0.0675522,
491,1e-07,0.059683,0.0611397,0.0851222,0.0965785,0.0718648,0.1129536,0.1186904,0.0326905,
492,0.0,0.0729534,0.0614953,0.0689936,0.1187656,0.0762226,0.0687918,0.1449407,0.0196534,
493,0.0,0.07731,0.0634333,0.0678719,0.0988868,0.0627931,0.0340106,0.0942079,0.0260275,
494,0.0,0.0812479,0.0544685,0.121473,0.0778317,0.0540959,0.0573173,0.0525323,0.0269775,
495,0.0,0.0888962,0.0706008,0.173559,0.1485585,0.1086233,0.1387022,0.0593431,0.0590785,
496,0.0,0.1212779,0.0447835,0.1725809,0.13217,0.1518944,0.1446357,0.0693026,0.1307011,
497,0.0,0.1182572,0.0713875,0.196371,0.0803434,0.1353349,0.0751722,0.0721373,0.1260482,
498,0.0,0.0780586,0.073265,0.1131695,0.0890609,0.0723823,0.0032956,0.0712194,0.095115,
499,0.0,0.0593116,0.0850562,0.0748409,0.0996623,0.0438913,0.0447993,0.0959469,0.0527864,
500,0.0,0.0583612,0.0553446,0.0764994,0.1194295,0.0645024,0.0700646,0.0399463,0.1029752,
501,0.0,0.0565974,0.0888418,0.1008538,0.1643901,0.0611124,0.0698531,0.0610559,0.3129186,
502,1e-07,0.0859748,0.1112214,0.0591985,0.0856333,0.0459558,0.1242606,0.1052573,0.2848594,
503,1e-07,0.0581822,0.0500855,0.0663579,0.0850867,0.1004979,0.0773191,0.0961694,0.0722896,
504,1e-07,0.113294,0.0417879,0.0714401,0.0472063,0.0573632,0.0642122,0.0943767,0.0888712,
505,1e-07,0.0867977,0.0252724,0.0493855,0.0515904,0.0425985,0.0416133,0.0838349,0.0542199,
506,1e-07,0.0538667,0.0228926,0.04876,0.0553513,0.0756693,0.0253973,0.062608,0.0378722,
507,1e-07,0.0176627,0.0705645,0.0259762,0.0366314,0.0683871,0.021929,0.0694444,0.0131838,
508,1e-07,0.0243953,0.0846321,0.0526571,0.0815922,0.0691432,0.0300791,0.0741121,0.0491533,
509,1e-07,0.0155418,0.0382762,0.0578275,0.0498505,0.0601378,0.0541364,0.0463931,0.0384095,
510,1e-07,0.0289755,0.0339583,0.0467855,0.0561708,0.0741962,0.0405793,0.0362993,0.0175379,
511,1e-07,0.0300447,0.0441818,0.0280592,0.0543563,0.0604664,0.0595358,0.0259556,0.0178121,
512,1e-07,0.0398302,0.0477464,0.0243338,0.0894118,0.0458965,0.0762105,0.0506925,0.0446333,
513,1e-07,0.0543208,0.0701954,0.029302,0.0581414,0.0298898,0.0650142,0.0647985,0.0553828,
514,1e-07,0.06384,0.0781104,0.0348738,0.0477956,0.0460506,0.0546794,0.0253442,0.046337,
515,1e-07,0.0571773,0.126856,0.0247132,0.0683383,0.0686213,0.0613896,0.0282949,0.0604085,
516,1e-07,0.0347409,0.1323498,0.0367077,0.0429487,0.054788,0.0397111,0.0179166,0.07144,
517,1e-07,0.0394208,0.0895015,0.032638,0.0451577,0.0473472,0.0826874,0.0101813,0.0673314,
518,1e-07,0.0439471,0.06755,0.0628728,0.0486085,0.0337365,0.1072931,0.0337912,0.0822747,
519,1e-07,0.0497913,0.1083913,0.0780702,0.1009717,0.0238038,0.1144018,0.0896001,0.0947935,
520,1e-07,0.035571,0.1314595,0.0556435,0.1111171,0.0600809,0.1117495,0.0606163,0.0791197,
521,1e-07,0.060965,0.230487,0.0894672,0.044887,0.1338849,0.1174461,0.0450731,0.0820647,
522,1e-07,0.039652,0.1841803,0.1192164,0.0548673,0.0371816,0.1372228,0.0443439,0.0197486,
523,1e-07,0.1153299,0.2330737,0.1750569,0.0724909,0.033738,0.1096794,0.0696218,0.0235177,
524,1e-07,0.1553654,0.2613629,0.1495771,0.0848722,0.0431486,0.1202428,0.0691272,0.0352586,
525,1e-07,0.1129752,0.1918576,0.1324707,0.0698485,0.0370727,0.111152,0.0395157,0.0573933,
526,1e-07,0.1282249,0.1789984,0.0695986,0.0491342,0.0763842,0.0967777,0.0439569,0.0899447,
527,2e-07,0.0957469,0.1666451,0.0802724,0.0313773,0.0641871,0.113206,0.0766152,0.0937575,
528,2e-07,0.0380149,0.1909382,0.1147596,0.0554625,0.1098453,0.1475601,0.1972229,0.1369699,
529,2e-07,0.035195,0.2058816,0.1122396,0.0549996,0.0675877,0.0902032,0.2628198,0.1630061,
530,2e-07,0.1060682,0.1978439,0.1683866,0.1006113,0.0402031,0.194946,0.2329141,0.1414574,
531,2e-07,0.0605932,0.1866684,0.121647,0.0463998,0.040398,0.1710387,0.1121183,0.0908276,
532,2e-07,0.1026646,0.1701487,0.0919845,0.0440166,0.0849806,0.1906355,0.0529779,0.0689347,
533,2e-07,0.0580795,0.1874204,0.0921652,0.074275,0.1196535,0.1695936,0.0659174,0.1368532,
534,2e-07,0.0960704,0.1678786,0.0371014,0.0795757,0.1164053,0.1755036,0.1141301,0.1115963,
535,2e-07,0.1089598,0.1258879,0.0523189,0.0926199,0.0595318,0.1669518,0.107134,0.1183436,
536,2e-07,0.0734252,0.105415,0.0564892,0.1161203,0.0423383,0.1431535,0.0590077,0.0713849,
537,2e-07,0.056639,0.1075279,0.0644988,0.1136689,0.0916109,0.1090537,0.06833,0.0571781,
538,1e-07,0.0545991,0.1685876,0.0708333,0.1262924,0.0595274,0.0997999,0.0836685,0.1541203,
539,1e-07,0.0739898,0.1389637,0.0784507,0.0611636,0.07452,0.0971606,0.0752143,0.1099845,
540,1e-07,0.053729,0.0889761,0.0627406,0.0588319,0.0829503,0.0434744,0.1282109,0.0740341,
541,1e-07,0.1350657,0.1555347,0.041099,0.0649306,0.0805248,0.1999821,0.1618624,0.1569781,
542,1e-07,0.1460912,0.189263,0.0077804,0.0633121,0.0779814,0.1545479,0.1084745,0.1564624,
543,1e-07,0.1340169,0.1448476,0.0721566,0.0680806,0.0350614,0.17843,0.1133767,0.1082963,
544,1e-07,0.1372951,0.0962436,0.0795771,0.0383473,0.0505248,0.1912488,0.1335412,0.0318564,
545,1e-07,0.06592,0.0527608,0.0475635,0.010132,0.017889,0.0520196,0.1180892,0.0355975,
546,1e-07,0.0747516,0.0531862,0.0687271,0.0557669,0.0747818,0.0193558,0.1178812,0.0447134,
547,1e-07,0.042985,0.0949583,0.068445,0.0713448,0.0506857,0.0471042,0.0842264,0.0736416,
548,2e-07,0.054626,0.0834828,0.0657812,0.0480957,0.0589233,0.0679409,0.0846473,0.062683,
549,2e-07,0.0608248,0.1294968,0.0868774,0.0770024,0.0912924,0.130432,0.092344,0.0919537,
550,2e-07,0.0643678,0.1323931,0.0529526,0.1083965,0.1166357,0.1091692,0.0664866,0.0966174,
551,2e-07,0.057555,0.155147,0.0308886,0.0619836,0.1062144,0.1079159,0.1519106,0.0868292,
552,2e-07,0.034622,0.0728026,0.0434766,0.0913051,0.0401792,0.1167636,0.0792528,0.1013824,
553,2e-07,0.0523007,0.0943709,0.0478181,0.0948754,0.0304357,0.1291032,0.0509715,0.117503,
554,2e-07,0.0413098,0.0964258,0.0566794,0.0843769,0.0333043,0.1467235,0.0916178,0.1191745,
555,2e-07,0.0482916,0.0939031,0.0579427,0.086112,0.0510003,0.1327776,0.1134665,0.1203993,
556,2e-07,0.0553378,0.1334418,0.0843995,0.0804607,0.0806175,0.064383,0.0902147,0.1403478,
557,2e-07,0.0943044,0.2009622,0.0884309,0.0557196,0.1265915,0.0388421,0.1305611,0.1018003,
558,2e-07,0.0798995,0.2251683,0.089029,0.0474653,0.131688,0.0420284,0.1478096,0.1298542,
559,2e-07,0.0946523,0.1473409,0.088815,0.0664146,0.1424586,0.0627381,0.0480192,0.1046382,
560,2e-07,0.1063439,0.132256,0.1104122,0.1133016,0.1299611,0.0356621,0.0500969,0.1267053,
561,2e-07,0.1225977,0.1061746,0.1886487,0.1272378,0.023218,0.0581012,0.1459744,0.1344333,
562,2e-07,0.0700895,0.0972007,0.1673438,0.1163937,0.0760827,0.0314513,0.1237993,0.1029835,
563,2e-07,0.127603,0.1121246,0.1294477,0.115905,0.1238269,0.0580746,0.0841714,0.0853912,
564,2e-07,0.1172836,0.1421357,0.118981,0.1201064,0.1372443,0.0829591,0.0965407,0.1094451,
565,2e-07,0.08218,0.1376122,0.0658724,0.097362,0.1028602,0.0494404,0.0759432,0.0596802,
566,2e-07,0.0771419,0.1613266,0.1251633,0.1164818,0.099698,0.0363501,0.0815395,0.0785567,
567,2e-07,0.0096845,0.1009348,0.0984197,0.1077881,0.0557967,0.0531197,0.0563322,0.0891325,
568,2e-07,0.0645552,0.1305866,0.0809626,0.0973391,0.0572941,0.0679417,0.0681783,0.0871353,
569,2e-07,0.0832461,0.1353806,0.1160788,0.0915739,0.0512549,0.0670818,0.0677903,0.0742926,
570,2e-07,0.0425012,0.1345428,0.0822656,0.082249,0.0467609,0.0759937,0.0617228,0.0534072,
571,2e-07,0.0546942,0.1297054,0.0519261,0.0913663,0.0482326,0.0744116,0.0592159,0.0393486,
572,2e-07,0.0839853,0.1290184,0.0883541,0.0675029,0.0651096,0.0916903,0.0669598,0.0581482,
573,1e-07,0.077531,0.1310552,0.1220383,0.0489753,0.0365032,0.096192,0.0842348,0.0543616,
574,1e-07,0.0630011,0.1138547,0.0599355,0.0696034,0.0807998,0.08545,0.071533,0.0431027,
575,1e-07,0.0826717,0.1283456,0.0597213,0.0838519,0.0690561,0.1042,0.0564291,0.0805323,
576,1e-07,0.066082,0.1373178,0.0741232,0.0979949,0.1168201,0.1371159,0.0116867,0.0738419,
577,1e-07,0.0752569,0.1610785,0.0514581,0.0416403,0.067419,0.136856,0.0745532,0.0550419,
578,1e-07,0.073014,0.1828351,0.0431667,0.0327837,0.071858,0.1500572,0.0713261,0.0973345,
579,1e-07,0.0586565,0.1854346,0.0990102,0.0698412,0.1882713,0.2167526,0.1762252,0.1443984,
580,1e-07,0.0629503,0.2013519,0.1136149,0.1333936,0.1911676,0.1986052,0.1342582,0.1173833,
581,1e-07,0.0962106,0.178383,0.1318073,0.1279319,0.1094194,0.1288918,0.1261268,0.1247233,
582,1e-07,0.1042218,0.1263095,0.0862132,0.0918286,0.09442,0.162088,0.1078889,0.1099396,
583,1e-07,0.0955505,0.1262837,0.0336614,0.1000858,0.0807501,0.2449228,0.1273266,0.3175644,
584,0.0,0.1239966,0.1022551,0.0358622,0.1447904,0.1562237,0.2915655,0.15859,0.3354708,
585,1e-07,0.0597148,0.1048017,0.0996188,0.1000578,0.1406206,0.1212175,0.0696691,0.198308,
586,1e-07,0.0320779,0.0643731,0.0434642,0.0559724,0.0469748,0.0814222,0.0593216,0.1057486,
587,1e-07,0.0339413,0.0772124,0.0633851,0.0372996,0.0480483,0.0731658,0.0344283,0.0510787,
588,1e-07,0.078661,0.1098749,0.0292813,0.0248613,0.0377872,0.0788408,0.014321,0.0568858,
589,0.0,0.1217101,0.0394152,0.0438525,0.0941777,0.0458743,0.0691678,0.0484989,0.0807613,
590,0.0,0.0676301,0.0652276,0.0492593,0.1152938,0.0542802,0.0651494,0.0578908,0.1022629,
591,0.0,0.0816935,0.0333114,0.0822406,0.0876253,0.1215582,0.0948978,0.1094995,0.1110819,
592,0.0,0.0905777,0.0705543,0.079765,0.1081563,0.0734766,0.0873512,0.1082206,0.0644041,
593,1e-07,0.0746851,0.0779684,0.0372638,0.102933,0.1020636,0.076854,0.0621962,0.042922,
594,1e-07,0.0396392,0.0652389,0.0351165,0.0288309,0.0759507,0.0710375,0.0370164,0.054227,
595,1e-07,0.0532574,0.0312782,0.0356561,0.0519159,0.0311942,0.0755945,0.005276,0.0585187,
596,1e-07,0.0219513,0.0427039,0.0101184,0.0450552,0.058958,0.0696314,0.0416031,0.0766116,
597,1e-07,0.0217143,0.0358975,0.0445121,0.0494905,0.0601721,0.0629481,0.0699608,0.0771303,
598,1e-07,0.0200303,0.02032,0.0502642,0.0332831,0.0851485,0.0370881,0.0619549,0.1164163,
599,1e-07,0.0224512,0.0531173,0.0957021,0.0488485,0.0505154,0.0436055,0.0487215,0.1512212,
600,1e-07,0.0729533,0.0499687,0.0652874,0.0424597,0.0353462,0.0287897,0.0524838,0.109415,
601,1e-07,0.054984,0.0934395,0.056313,0.0356704,0.0476551,0.0454861,0.0564942,0.0946795,
602,1e-07,0.0489366,0.0772545,0.0719177,0.0675323,0.0535841,0.0497226,0.0476351,0.0876014,
603,1e-07,0.077764,0.0633526,0.0850361,0.0857302,0.0665034,0.0355209,0.076897,0.0892954,
604,1e-07,0.0854224,0.0860591,0.0633363,0.0577687,0.0707686,0.0198296,0.070361,0.1166428,
605,1e-07,0.1025738,0.065323,0.0562663,0.0559689,0.0848391,0.0225841,0.0418321,0.113766,
606,1e-07,0.1154633,0.1076637,0.0888737,0.0533596,0.0611892,0.017831,0.1180731,0.1091543,
607,1e-07,0.0931009,0.1033065,0.0459123,0.1245037,0.0444749,0.1473588,0.1573645,0.087564,
608,1e-07,0.0588629,0.1773223,0.0690239,0.2857326,0.0778243,0.1995455,0.2386611,0.1422457,
609,1e-07,0.0588247,0.0566274,0.0659961,0.1397453,0.0885679,0.0951635,0.2117396,0.1908088,
610,1e-07,0.0445065,0.0837339,0.036424,0.0692664,0.0490297,0.0315769,0.241671,0.2220537,
611,1e-07,0.0526527,0.0737101,0.0459318,0.0307152,0.085148,0.024509,0.1806203,0.0611432,
612,1e-07,0.1543772,0.1675524,0.1159834,0.0639649,0.075238,0.0346337,0.1535295,0.1344438,
