#Time_ps,0,10,20,30,50,100,300,500,1000,
1,2e-07,0.085708,0.0816616,0.0408729,0.0769599,0.0394541,0.0809525,0.1019605,0.0914065,
2,2e-07,0.074845,0.0914097,0.0656748,0.0625622,0.0252018,0.062482,0.0813647,0.0276741,
3,1e-07,0.0699687,0.0632645,0.0481885,0.0350892,0.0322891,0.0519316,0.0517977,0.040209,
4,1e-07,0.0600192,0.0339507,0.0569233,0.0289378,0.0396063,0.0802545,0.0548351,0.0290231,
5,1e-07,0.0365225,0.0332246,0.0631625,0.0417815,0.0309198,0.0631089,0.048802,0.0388149,
6,1e-07,0.0635121,0.0657409,0.0497935,0.0170188,0.0385944,0.0151527,0.0238259,0.0558651,
7,1e-07,0.0549909,0.0591357,0.0613028,0.0217672,0.0633473,0.036151,0.0471538,0.019624,
8,1e-07,0.0653051,0.0361379,0.0421655,0.0326211,0.0745096,0.054014,0.0437471,0.0796964,
9,1e-07,0.0728344,0.0948445,0.0842156,0.0501152,0.1064581,0.0760002,0.0573347,0.0627747,
10,0.0,0.0383799,0.0641932,0.0371171,0.0609244,0.0629607,0.0634928,0.0646264,0.0800584,
11,0.0,0.0470164,0.032093,0.0547251,0.0261612,0.050513,0.0367602,0.0662272,0.0502645,
12,1e-07,0.0448684,0.0424093,0.0504053,0.0390862,0.0458414,0.0530421,0.0689815,0.1175329,
13,1e-07,0.0284472,0.0770232,0.0384062,0.0193781,0.0675907,0.0591389,0.0586183,0.0784084,
14,1e-07,0.0513408,0.0304595,0.0432753,0.0431431,0.0725174,0.0376094,0.0503595,0.0757648,
15,1e-07,0.0705671,0.0326845,0.044347,0.0970731,0.0987484,0.0627331,0.0668529,0.114345,
16,1e-07,0.060842,0.076672,0.0474591,0.0190429,0.0430734,0.0387295,0.0534948,0.0572367,
17,1e-07,0.0934366,0.0696639,0.0542235,0.0770622,0.0259783,0.0509025,0.0798718,0.0548019,
18,1e-07,0.0489806,0.0621534,0.0560273,0.0948621,0.0421723,0.0389168,0.0926246,0.0559951,
19,2e-07,0.0487901,0.0893199,0.0514227,0.0803074,0.0942153,0.0539743,0.1037414,0.0862334,
20,3e-07,0.0439928,0.0782765,0.0855214,0.0802598,0.1033577,0.0660541,0.1074228,0.095579,
21,3e-07,0.0271107,0.0751372,0.0985835,0.0686483,0.137457,0.0726306,0.0952095,0.1147925,
22,3e-07,0.0559936,0.0958452,0.1144045,0.0661619,0.1121607,0.1092316,0.0832557,0.1060484,
23,3e-07,0.1118519,0.1254329,0.1343505,0.1465084,0.1117759,0.1507668,0.0517104,0.1382406,
24,3e-07,0.1427172,0.2852423,0.2324866,0.1507276,0.0437293,0.1797754,0.1244963,0.134566,
25,3e-07,0.0311719,0.1022699,0.1311566,0.0970602,0.0663591,0.0683158,0.074418,0.1264138,
26,3e-07,0.034396,0.107285,0.0751854,0.1085305,0.0995884,0.0394833,0.0636354,0.116093,
27,3e-07,0.0550133,0.1097996,0.0592941,0.1024566,0.06176,0.0436741,0.0672886,0.0796156,
28,1e-07,0.0517979,0.0619953,0.0301627,0.0808316,0.0358434,0.0431869,0.0650876,0.0827332,
29,2e-07,0.0676956,0.1007315,0.0679277,0.0699857,0.0295867,0.066951,0.0735282,0.0803331,
30,1e-07,0.0394669,0.0889186,0.0478112,0.0635901,0.0387788,0.040986,0.054618,0.0670837,
31,1e-07,0.0786099,0.05368,0.0793988,0.0474391,0.0432933,0.0498748,0.0636952,0.0646454,
32,1e-07,0.0254523,0.0798777,0.0809088,0.0413625,0.0948629,0.0598255,0.1196508,0.0938426,
33,1e-07,0.0902564,0.0555244,0.1344054,0.1058537,0.0771255,0.0807251,0.1547223,0.1344614,
34,2e-07,0.0714285,0.0563953,0.1001433,0.0679417,0.0592666,0.1081803,0.168058,0.1298504,
35,2e-07,0.0765623,0.0918415,0.1054794,0.0573597,0.0669074,0.0724797,0.1268303,0.0739074,
36,2e-07,0.0921284,0.0714625,0.083716,0.0656176,0.0537652,0.0624926,0.0926707,0.0579344,
37,2e-07,0.0810064,0.0565453,0.1021139,0.0731077,0.0591819,0.0446622,0.067057,0.0369444,
38,2e-07,0.0433894,0.0702951,0.0327517,0.0910745,0.0513823,0.0346772,0.0518811,0.0300416,
39,2e-07,0.0348713,0.0323711,0.0758144,0.084401,0.0631509,0.0249705,0.0767032,0.0510857,
40,2e-07,0.0490846,0.0389791,0.1232183,0.0487525,0.0738271,0.0341012,0.0683288,0.0586889,
41,2e-07,0.0572999,0.0419555,0.1198184,0.0317873,0.0784887,0.036491,0.0836228,0.0705819,
42,2e-07,0.0861128,0.064628,0.1558979,0.07183,0.0706585,0.0574008,0.0868263,0.0977377,
43,3e-07,0.0461484,0.1136833,0.1380465,0.0872637,0.0718631,0.0410323,0.1114181,0.1078562,
44,3e-07,0.0582822,0.1258217,0.1588597,0.0641926,0.0756794,0.0681401,0.1132074,0.1150387,
45,3e-07,0.0484321,0.1560137,0.1825959,0.0928279,0.1196025,0.1445509,0.075574,0.1065847,
46,3e-07,0.0959328,0.1095374,0.1693582,0.0685648,0.1992525,0.2713206,0.0416378,0.1351283,
47,5e-07,0.1000509,0.0908325,0.1705397,0.047474,0.1716119,0.244403,0.1171257,0.1314816,
48,5e-07,0.0726169,0.0575329,0.179185,0.0620561,0.1717901,0.1944777,0.1732965,0.0606567,
49,3e-07,0.0692288,0.0718334,0.08458,0.0400576,0.1810966,0.2567955,0.0930333,0.1523114,
50,5e-07,0.0594968,0.1516366,0.0696441,0.0496238,0.2362209,0.2492747,0.1621312,0.2003494,
51,5e-07,0.1852746,0.2390951,0.0930344,0.1002128,0.1846939,0.2407192,0.2961081,0.2809876,
52,5e-07,0.1848329,0.1694712,0.097173,0.0991365,0.1078043,0.203624,0.0972692,0.273786,
53,5e-07,0.1954519,0.0829112,0.103904,0.0503099,0.1925236,0.2158178,0.1128428,0.1601948,
54,5e-07,0.1225172,0.0341939,0.1041927,0.0516928,0.0843671,0.1304151,0.0525687,0.095644,
55,5e-07,0.1140842,0.0370063,0.1118936,0.1250105,0.1131512,0.1201586,0.1561965,0.1036292,
56,5e-07,0.1182759,0.0574541,0.1197676,0.1383156,0.1353936,0.2179127,0.1822919,0.2252454,
57,5e-07,0.1497019,0.0840985,0.1683466,0.1334431,0.082784,0.2219106,0.1675991,0.1531269,
58,5e-07,0.0976858,0.0675476,0.1205261,0.0492052,0.0925678,0.1303094,0.1469049,0.1025051,
59,5e-07,0.1365399,0.0639796,0.1215889,0.0772906,0.1049208,0.216754,0.2172783,0.1830197,
60,5e-07,0.1928971,0.1070623,0.1896409,0.0622963,0.1403293,0.259531,0.2517544,0.214843,
61,5e-07,0.1213893,0.1172964,0.1751078,0.0756273,0.1318196,0.2115241,0.196656,0.1102241,
62,2e-07,0.1207164,0.1126961,0.248118,0.0507175,0.1244875,0.1081936,0.1701572,0.1031529,
63,2e-07,0.1383708,0.0825764,0.1905143,0.0590599,0.1215025,0.0385896,0.214847,0.0753702,
64,3e-07,0.0804382,0.0907612,0.1313574,0.060064,0.1203186,0.1562552,0.1736988,0.1218011,
65,3e-07,0.0530947,0.0905965,0.1578806,0.053093,0.0795217,0.1470978,0.1450355,0.1029427,
66,3e-07,0.0755032,0.1022904,0.128429,0.0433598,0.0771393,0.0941591,0.1180501,0.0854671,
67,3e-07,0.0938494,0.0689788,0.1039628,0.0669421,0.0846818,0.0977257,0.1307961,0.0882301,
68,3e-07,0.0731465,0.0573692,0.0938945,0.0723348,0.0842253,0.0382816,0.1174693,0.0749385,
69,2e-07,0.0717387,0.1118332,0.0204283,0.0875143,0.0843452,0.1148277,0.0543291,0.0596469,
70,2e-07,0.0812523,0.1028308,0.047057,0.0889526,0.0765348,0.0959102,0.0656904,0.082107,
71,1e-07,0.1604118,0.0862111,0.0899831,0.16495,0.185251,0.1070522,0.0788523,0.1210256,
72,1e-07,0.0761105,0.076906,0.0723841,0.1252234,0.1661226,0.126676,0.0941212,0.2012675,
73,2e-07,0.0561683,0.0895201,0.0592047,0.0404923,0.1161078,0.0646257,0.0793688,0.1797932,
74,2e-07,0.0531549,0.0804036,0.0642339,0.0508396,0.0857352,0.1423106,0.0724559,0.1720834,
75,3e-07,0.0590669,0.0718592,0.0973499,0.0343671,0.100336,0.1861733,0.1190939,0.1521631,
76,3e-07,0.1125853,0.0437613,0.1030466,0.0599823,0.1240263,0.1252421,0.1438809,0.1138575,
77,2e-07,0.10772,0.0591025,0.1236448,0.0249186,0.0870657,0.0892728,0.1403129,0.1470205,
78,2e-07,0.1474247,0.0798007,0.1426164,0.0558186,0.0615214,0.0673741,0.1034741,0.069478,
79,2e-07,0.1340133,0.0591798,0.1954673,0.0765961,0.1043668,0.064339,0.1048472,0.0487171,
80,2e-07,0.1612879,0.0284834,0.1366411,0.0769703,0.1263813,0.0559173,0.1040652,0.0843493,
81,2e-07,0.0632176,0.0269868,0.1855519,0.075443,0.0882253,0.0852411,0.0910891,0.0656861,
82,2e-07,0.0859188,0.0682244,0.1431657,0.0680703,0.0378015,0.078458,0.0807736,0.0462321,
83,2e-07,0.0780431,0.0624226,0.0876542,0.0712411,0.0757466,0.062214,0.1416038,0.0464254,
84,2e-07,0.0851236,0.0925635,0.1366217,0.051585,0.0447758,0.0533137,0.0505783,0.0929084,
85,2e-07,0.1026322,0.0356234,0.0408901,0.0113523,0.0456979,0.0691349,0.0495474,0.0723042,
86,2e-07,0.1024555,0.0389216,0.0128595,0.0784975,0.0321547,0.0748699,0.1182045,0.0677737,
87,2e-07,0.1013363,0.0143712,0.0708445,0.0596079,0.0289623,0.0772431,0.0898186,0.0787448,
88,2e-07,0.0884376,0.0202489,0.124941,0.0180922,0.0199481,0.0712024,0.1134722,0.0677745,
89,2e-07,0.0881582,0.0758177,0.1103776,0.0436748,0.0284844,0.0908064,0.1362681,0.1096,
90,2e-07,0.1128509,0.0754872,0.1282731,0.0671108,0.0409335,0.0983966,0.0989397,0.0931269,
91,2e-07,0.1163216,0.0880079,0.0968594,0.1012339,0.0635782,0.0696925,0.0907455,0.0965337,
92,2e-07,0.1348686,0.0625587,0.134835,0.1187891,0.0927881,0.0595157,0.1082451,0.0893509,
93,1e-07,0.0995426,0.077757,0.1467905,0.1458709,0.0724979,0.119267,0.1238478,0.0632338,
94,1e-07,0.0875917,0.1151526,0.1082259,0.0709688,0.1169441,0.094861,0.1183032,0.0531982,
95,1e-07,0.0774754,0.0995347,0.0925459,0.0233079,0.108851,0.0858681,0.1162358,0.097517,
96,1e-07,0.1304305,0.0493466,0.1367094,0.07191,0.118776,0.0455106,0.1214095,0.1690808,
97,1e-07,0.0756694,0.0421733,0.1051164,0.0506603,0.1372085,0.0848012,0.1185877,0.1549991,
98,1e-07,0.0871036,0.075779,0.0955352,0.039286,0.112886,0.0739619,0.1195481,0.1154574,
99,1e-07,0.0535097,0.1033816,0.0554716,0.0186475,0.0807987,0.0432455,0.1071975,0.1158073,
100,2e-07,0.0462551,0.0768582,0.0717976,0.0620265,0.0612653,0.0358642,0.101897,0.1334523,
101,2e-07,0.0349033,0.098397,0.0723326,0.0182149,0.0943721,0.0298027,0.0922227,0.099548,
102,2e-07,0.0155696,0.1002267,0.0919452,0.0315176,0.0660132,0.0545294,0.0999631,0.0970342,
103,3e-07,0.0478867,0.148362,0.1203602,0.0412293,0.0713219,0.0537583,0.0710358,0.0557845,
104,3e-07,0.0530835,0.1217618,0.0701354,0.0766022,0.0908275,0.0734046,0.0678019,0.0293124,
105,3e-07,0.0260156,0.0747042,0.0622263,0.0745877,0.0571995,0.0636528,0.0650418,0.071913,
106,3e-07,0.060338,0.0941379,0.0663145,0.0880994,0.0375454,0.0603666,0.0595266,0.0541804,
107,3e-07,0.1366666,0.0940663,0.0293993,0.1086518,0.0229701,0.0850627,0.0551183,0.0718386,
108,3e-07,0.1020348,0.0768977,0.0204339,0.068245,0.0218533,0.0681342,0.0476582,0.1020623,
109,2e-07,0.0202447,0.0915412,0.053577,0.0302768,0.0633749,0.0220121,0.0876315,0.1037792,
110,2e-07,0.0209727,0.0829382,0.0607964,0.0236995,0.0159299,0.0621413,0.0645157,0.0905725,
111,2e-07,0.026759,0.0595428,0.0536164,0.0349247,0.031346,0.064478,0.0673424,0.0501368,
112,1e-07,0.0225297,0.0666588,0.0526338,0.0411291,0.0497685,0.0559192,0.0558884,0.0287099,
113,1e-07,0.0391789,0.0584472,0.0279206,0.0219515,0.0387186,0.0488888,0.0594575,0.0382252,
114,1e-07,0.0449328,0.040967,0.0450745,0.0402331,0.0308883,0.0757504,0.067522,0.0477092,
115,1e-07,0.0562873,0.0463549,0.0335141,0.0175735,0.0386828,0.0535395,0.0383459,0.0510523,
116,1e-07,0.0657872,0.0187022,0.0522292,0.0530633,0.0359352,0.0471,0.0334755,0.0299971,
117,1e-07,0.0554111,0.030349,0.0512171,0.0565176,0.0364156,0.0637843,0.0308245,0.0566699,
118,2e-07,0.0565202,0.0396196,0.0528975,0.0487627,0.0139584,0.1068079,0.1053498,0.042504,
119,2e-07,0.0684381,0.0188885,0.0650245,0.0805366,0.0645642,0.1461938,0.1304197,0.102477,
120,2e-07,0.1209734,0.0518931,0.0608739,0.0983475,0.0255923,0.1015689,0.1126235,0.1087578,
121,1e-07,0.1337423,0.0781953,0.0472567,0.0789288,0.008516,0.062085,0.1355068,0.1004967,
122,1e-07,0.0911282,0.0773159,0.0480976,0.0476725,0.0045297,0.0353933,0.0879214,0.0337516,
123,1e-07,0.0274811,0.0540338,0.0692032,0.037957,0.0190206,0.0545006,0.0829323,0.0335695,
124,1e-07,0.0441102,0.0335394,0.1117214,0.091703,0.0447892,0.0707425,0.0535658,0.0343272,
125,0.0,0.0266821,0.031059,0.0424732,0.0449649,0.033611,0.061393,0.0452031,0.0756888,
126,1e-07,0.0586674,0.0449673,0.0654928,0.0336726,0.0471641,0.0592934,0.0339465,0.078705,
127,1e-07,0.0523923,0.0570511,0.0463182,0.0263493,0.0216431,0.055052,0.0450598,0.0286804,
128,1e-07,0.0242893,0.0614093,0.0454527,0.0261478,0.0303407,0.0496537,0.0437069,0.0371886,
129,1e-07,0.042344,0.0759895,0.0493984,0.0655643,0.0562975,0.0487855,0.0399651,0.0416764,
130,2e-07,0.0517887,0.0834812,0.0341005,0.0359874,0.043687,0.0587504,0.0552229,0.0223473,
131,2e-07,0.0362501,0.0807927,0.0388896,0.0273669,0.0494256,0.0625678,0.0681494,0.0309292,
132,3e-07,0.0719186,0.0704772,0.036725,0.0322481,0.0501566,0.0370344,0.0519707,0.0829802,
133,2e-07,0.0639662,0.0410915,0.0936003,0.0622698,0.0277671,0.0508345,0.1119508,0.0860404,
134,2e-07,0.0530747,0.0403241,0.0679778,0.0635306,0.0300497,0.0419923,0.1055741,0.0997605,
135,2e-07,0.0547796,0.0364941,0.0871521,0.0426778,0.0336698,0.0483147,0.0456144,0.1016837,
136,1e-07,0.0497455,0.0356881,0.0722701,0.0458396,0.0327751,0.0415418,0.0634488,0.0625195,
137,1e-07,0.0536925,0.0228413,0.0727111,0.0497144,0.0269016,0.0896186,0.1113967,0.0665085,
138,1e-07,0.0313517,0.0410712,0.0817737,0.0554524,0.0415012,0.0803615,0.1110376,0.0950123,
139,1e-07,0.0376021,0.0809197,0.0769915,0.027392,0.0674212,0.0578459,0.1065703,0.0464448,
140,2e-07,0.0702656,0.0619801,0.0822229,0.0176205,0.0701378,0.0543246,0.1146874,0.0515623,
141,2e-07,0.0607584,0.0574916,0.0667545,0.0493271,0.055657,0.0627213,0.1220396,0.0749721,
142,2e-07,0.0616976,0.0088684,0.0503189,0.066424,0.0624427,0.0741148,0.1560024,0.0840025,
143,2e-07,0.0192389,0.0389905,0.0406924,0.1174177,0.0704859,0.0380994,0.0656236,0.1631,
144,2e-07,0.0383802,0.0217022,0.0289881,0.0519233,0.0812171,0.0685837,0.0553395,0.1052897,
145,2e-07,0.0510729,0.0317865,0.0544675,0.031852,0.0368445,0.0559309,0.0380577,0.0913897,
146,2e-07,0.0389485,0.0916364,0.0103469,0.0649579,0.0355969,0.0505606,0.018688,0.073304,
147,1e-07,0.0435627,0.0671404,0.0102242,0.0413106,0.0374286,0.0563972,0.0367311,0.0642464,
148,1e-07,0.0336547,0.0239416,0.0286178,0.0348843,0.053361,0.0467712,0.043678,0.05336,
149,1e-07,0.0313985,0.0343657,0.0197282,0.0412304,0.0216186,0.0698282,0.0571575,0.0379885,
150,1e-07,0.0567035,0.0757641,0.0643099,0.0232388,0.1039072,0.1125874,0.0227285,0.0552128,
151,2e-07,0.045984,0.0439902,0.0170789,0.0399835,0.0600299,0.0584341,0.0656968,0.086008,
152,1e-07,0.0646763,0.0809688,0.0179573,0.015368,0.0892053,0.0440983,0.036241,0.0797756,
153,1e-07,0.0593398,0.0699625,0.1053303,0.095462,0.0858854,0.1433133,0.1007266,0.0760192,
154,2e-07,0.0912028,0.0633819,0.1118332,0.0759903,0.0417513,0.2161113,0.1127891,0.0732105,
155,1e-07,0.0812073,0.0689056,0.1016202,0.0876548,0.0356309,0.1920975,0.1251862,0.0807612,
156,2e-07,0.0360653,0.0761174,0.0534247,0.0743744,0.0510667,0.1272324,0.1197567,0.0945009,
157,2e-07,0.0315052,0.0591762,0.0448815,0.0272423,0.0987632,0.06506,0.0270338,0.0794762,
158,2e-07,0.044634,0.0534782,0.0222382,0.0480175,0.0925243,0.0633513,0.0518139,0.0765303,
159,2e-07,0.0352938,0.0400033,0.0255396,0.0463796,0.0622662,0.0581047,0.0736572,0.0600482,
160,3e-07,0.0288185,0.0717567,0.0484318,0.0487834,0.0685415,0.045926,0.0599358,0.019147,
161,3e-07,0.0411895,0.0600391,0.0581005,0.0490817,0.0333188,0.0494819,0.0500914,0.0619719,
162,2e-07,0.0428715,0.0617895,0.0438918,0.0451845,0.0343379,0.025491,0.0590076,0.0649144,
163,2e-07,0.0668656,0.0919029,0.0530901,0.0331278,0.0501532,0.0582578,0.0638105,0.0601444,
164,2e-07,0.0664456,0.0365874,0.0662811,0.0284319,0.0647661,0.0716994,0.0353646,0.0794922,
165,2e-07,0.0767435,0.0196746,0.1246222,0.0314983,0.07856,0.0462966,0.053228,0.0912944,
166,2e-07,0.1257675,0.0288292,0.1360522,0.0427792,0.0785632,0.0439587,0.0519261,0.0778714,
167,2e-07,0.136076,0.0483005,0.0421473,0.0294483,0.0598921,0.0423586,0.0810086,0.075597,
168,3e-07,0.1008068,0.0611773,0.0368868,0.0558178,0.1020027,0.0624134,0.2142881,0.0891731,
169,2e-07,0.0695556,0.0628541,0.088483,0.0165315,0.1012166,0.0349244,0.1762389,0.0835143,
170,1e-07,0.0666027,0.0713965,0.0898103,0.0510798,0.1304279,0.0447617,0.1739652,0.0745863,
171,2e-07,0.0614838,0.021769,0.0858553,0.0540403,0.0287852,0.0301353,0.1376885,0.1157655,
172,2e-07,0.0352971,0.0363071,0.0758557,0.0543376,0.0370686,0.0509992,0.0664129,0.0789732,
173,2e-07,0.0262911,0.0176509,0.0755792,0.0113196,0.0317097,0.0325886,0.0598365,0.100554,
174,2e-07,0.0283073,0.0647937,0.079349,0.0377499,0.0138421,0.0589994,0.0489627,0.0666603,
175,2e-07,0.0351342,0.0655702,0.0676394,0.0472152,0.0176028,0.0483928,0.0481755,0.0782798,
176,2e-07,0.0552096,0.0541588,0.0726992,0.0422686,0.0206545,0.0518319,0.0602944,0.1114099,
177,2e-07,0.0414878,0.0743625,0.0633482,0.030103,0.028951,0.0267467,0.069432,0.1167526,
178,2e-07,0.0451959,0.0993265,0.0617434,0.0856089,0.0372346,0.0520988,0.0580114,0.1316655,
179,3e-07,0.0414378,0.1049493,0.0690465,0.0893875,0.0287048,0.062353,0.0940374,0.0901043,
180,3e-07,0.0526057,0.0789091,0.0417701,0.0604821,0.0294287,0.0347994,0.094482,0.0979068,
181,3e-07,0.0250464,0.0516223,0.0779307,0.0559936,0.0118945,0.0474466,0.0863147,0.0835431,
182,2e-07,0.0228681,0.047739,0.0756278,0.0700986,0.0170554,0.0780696,0.087642,0.0849364,
183,3e-07,0.0610736,0.0760905,0.0409076,0.0918222,0.0508681,0.1064691,0.1018451,0.0358801,
184,3e-07,0.1458839,0.082178,0.0735628,0.1079037,0.0648768,0.0673424,0.071118,0.0394805,
185,2e-07,0.1295579,0.0603727,0.0553768,0.0698056,0.0927118,0.0900297,0.1230672,0.0577213,
186,2e-07,0.1455894,0.0753161,0.0244378,0.0488219,0.0938389,0.0857321,0.0848914,0.0550277,
187,2e-07,0.0860005,0.0962169,0.1060714,0.0442399,0.1021301,0.1026416,0.0853278,0.0457081,
188,2e-07,0.0544072,0.0760461,0.0850217,0.0624716,0.1410249,0.1949224,0.0612077,0.0565633,
189,3e-07,0.0976733,0.1079124,0.0973697,0.073837,0.2247017,0.3306069,0.0960092,0.126145,
190,2e-07,0.0574345,0.0858659,0.0735799,0.112239,0.2572619,0.4351946,0.1261582,0.1318456,
191,2e-07,0.063774,0.1865309,0.089942,0.0610528,0.3996668,0.318907,0.4816024,0.0927094,
192,2e-07,0.0995074,0.0220136,0.0708843,0.0510059,0.1347858,0.1338612,0.2296745,0.0800542,
193,2e-07,0.0809394,0.059249,0.1359437,0.0379852,0.0968225,0.0694917,0.1898836,0.178023,
194,2e-07,0.036222,0.1096241,0.167074,0.0215089,0.1054753,0.1079581,0.0711915,0.1219348,
195,2e-07,0.0294498,0.0790589,0.1433248,0.0754031,0.0706442,0.1097944,0.1969806,0.1079497,
196,3e-07,0.0372202,0.0583855,0.088578,0.0907286,0.0791349,0.1393736,0.2162076,0.1030682,
197,3e-07,0.0532852,0.0613544,0.0353688,0.0695912,0.0261442,0.0633537,0.0961524,0.0373266,
198,3e-07,0.03789,0.08318,0.0436933,0.0835931,0.0560916,0.0665576,0.0886585,0.0935441,
199,2e-07,0.0647125,0.0792085,0.0376444,0.0685311,0.030291,0.0316984,0.0362544,0.1169661,
200,2e-07,0.0665317,0.1033854,0.025836,0.0604503,0.0426298,0.0207497,0.0462572,0.0670537,
201,2e-07,0.0314473,0.0867865,0.0205806,0.0513995,0.0397067,0.0406818,0.0570781,0.0713242,
202,3e-07,0.0287695,0.0693898,0.0562175,0.0231432,0.0968663,0.0267785,0.0477791,0.0767975,
203,2e-07,0.0368786,0.0730189,0.0393107,0.0279796,0.052037,0.0372382,0.0377892,0.0492914,
204,1e-07,0.0338743,0.07297,0.0459671,0.0346052,0.0453647,0.0375316,0.0457916,0.038757,
205,2e-07,0.0423829,0.0663136,0.0282672,0.0355655,0.0505271,0.0323279,0.0375885,0.0593705,
206,2e-07,0.025659,0.0845924,0.0567013,0.0493914,0.0384032,0.0574804,0.0253037,0.0990603,
207,1e-07,0.0477701,0.0785035,0.0520943,0.0608626,0.0249306,0.0705553,0.0441355,0.1104541,
208,1e-07,0.0618276,0.1019609,0.036489,0.0831377,0.0220258,0.0548988,0.0727444,0.0672533,
209,2e-07,0.0260853,0.0696694,0.0278655,0.0516371,0.0443262,0.0560857,0.1114889,0.0535999,
210,1e-07,0.0791186,0.0882364,0.0440131,0.0595854,0.0356168,0.0518774,0.0502159,0.0311558,
211,1e-07,0.0175129,0.0611027,0.0637084,0.0748352,0.0298381,0.0605273,0.0730742,0.0600649,
212,2e-07,0.0460854,0.0688444,0.0544534,0.0535583,0.018146,0.0898649,0.1425013,0.0689892,
213,3e-07,0.0733687,0.0877517,0.0536523,0.0890939,0.0055284,0.0545688,0.0761229,0.1086012,
214,2e-07,0.0771313,0.0758875,0.050011,0.0679837,0.0325532,0.0934804,0.0549201,0.1405083,
215,2e-07,0.0517028,0.0666059,0.0534119,0.0517301,0.0740286,0.0608914,0.1779529,0.0951421,
216,3e-07,0.0789354,0.0666517,0.0385392,0.077275,0.0322404,0.0658996,0.084711,0.0954331,
217,2e-07,0.0321665,0.0841062,0.0225383,0.1067527,0.0549523,0.0726518,0.1183956,0.0808087,
218,2e-07,0.0279667,0.0842959,0.0243548,0.0995981,0.1120766,0.0699592,0.1138837,0.0498853,
219,2e-07,0.0576581,0.0419056,0.0203187,0.0598065,0.1182671,0.0722054,0.0978344,0.022407,
220,2e-07,0.0679115,0.059723,0.0580656,0.0517567,0.0795193,0.0674499,0.0798642,0.0500489,
221,2e-07,0.1000083,0.0917225,0.0732877,0.1017943,0.0459327,0.049566,0.0741614,0.0929442,
222,2e-07,0.1065389,0.0906828,0.1165091,0.1455218,0.1334395,0.2025328,0.1109518,0.0985093,
223,2e-07,0.1347145,0.0848979,0.1148925,0.1572659,0.1103337,0.1871672,0.0337874,0.0813222,
224,3e-07,0.0959147,0.0489395,0.1249917,0.088295,0.0609714,0.1322989,0.0327959,0.1153679,
225,3e-07,0.0523156,0.0666014,0.0599467,0.053192,0.0423823,0.1126805,0.1010959,0.0906385,
226,3e-07,0.0635771,0.0673309,0.0281082,0.0586344,0.0596008,0.0431837,0.1069428,0.0933533,
227,3e-07,0.0472992,0.1350059,0.0388209,0.0528299,0.0632383,0.0554936,0.0555627,0.0843859,
228,3e-07,0.0196961,0.1311763,0.0719849,0.0433127,0.0907171,0.0674465,0.0473412,0.0845145,
229,3e-07,0.0264312,0.1070633,0.0796834,0.0521965,0.0751488,0.0628033,0.0605945,0.1012998,
230,3e-07,0.0671087,0.0884943,0.0439257,0.0779656,0.0627908,0.0799896,0.0440384,0.0663469,
231,3e-07,0.0226098,0.06853,0.056033,0.0666537,0.0734909,0.0812819,0.042155,0.1299474,
232,3e-07,0.0347142,0.1046962,0.0451968,0.0581768,0.0759287,0.0727476,0.0951105,0.1013777,
233,3e-07,0.0566079,0.0428024,0.0541433,0.0686388,0.0734248,0.1118681,0.1453052,0.0849525,
234,3e-07,0.0332392,0.0659655,0.0678623,0.0533341,0.0627969,0.0831576,0.1004698,0.0731898,
235,3e-07,0.0341555,0.1068113,0.0997472,0.0546509,0.0628261,0.0984041,0.0866769,0.140351,
236,3e-07,0.0481236,0.088978,0.0725314,0.1072635,0.0523048,0.1461461,0.0850299,0.1179406,
237,2e-07,0.0351364,0.0769263,0.06851,0.0431486,0.0512754,0.1186991,0.0489627,0.0190566,
238,3e-07,0.0516265,0.0648612,0.0503617,0.039365,0.0667862,0.0514708,0.0520336,0.0678737,
239,2e-07,0.0754112,0.0737695,0.0473806,0.0333616,0.0733524,0.0589657,0.060907,0.0742858,
240,3e-07,0.0744619,0.1003741,0.0476722,0.0465244,0.0663945,0.0454468,0.0784094,0.1401238,
241,3e-07,0.030377,0.10265,0.0437829,0.0380186,0.0593286,0.0177577,0.0403452,0.1204451,
242,3e-07,0.0275718,0.1321993,0.039831,0.0373754,0.0480776,0.0249204,0.0737011,0.1259544,
243,3e-07,0.0148467,0.1204868,0.0989282,0.0743531,0.0936429,0.0891902,0.075021,0.1396211,
244,3e-07,0.0658671,0.1460337,0.1571887,0.0638635,0.1171379,0.0461553,0.0477943,0.1010812,
245,3e-07,0.05268,0.1330587,0.1805198,0.0585475,0.1357666,0.0532861,0.0610497,0.1145656,
246,3e-07,0.0296391,0.0874535,0.0849811,0.0736439,0.0758575,0.0598496,0.1158825,0.1104944,
247,3e-07,0.0180232,0.0902889,0.0534999,0.0510314,0.0868146,0.0524087,0.1116098,0.1142532,
248,3e-07,0.0760524,0.1166445,0.0886779,0.0408602,0.133059,0.0462289,0.0486753,0.0894313,
249,3e-07,0.0632751,0.1204661,0.0523047,0.0702164,0.132724,0.093958,0.0530601,0.0372561,
250,3e-07,0.0811378,0.0900436,0.114399,0.0773989,0.1220232,0.0352691,0.0635969,0.0462998,
251,2e-07,0.1064209,0.1070043,0.1309622,0.0946885,0.1444983,0.0934349,0.0835371,0.0958809,
252,2e-07,0.0951996,0.1336899,0.1270542,0.1271069,0.1818024,0.061647,0.0924676,0.0825736,
253,2e-07,0.0642845,0.0655573,0.1026102,0.1111601,0.1360721,0.0422917,0.075179,0.1065968,
254,2e-07,0.0678443,0.0586671,0.1051561,0.0977974,0.138425,0.0267915,0.0924506,0.1187293,
255,2e-07,0.0705609,0.0993412,0.0669426,0.1551188,0.1542538,0.028993,0.1576198,0.1162952,
256,2e-07,0.0591666,0.0898638,0.0523496,0.1282898,0.2091516,0.0613474,0.1130495,0.1368891,
257,2e-07,0.0455778,0.0797015,0.0563497,0.1032814,0.1689656,0.0327442,0.1213621,0.1342229,
258,2e-07,0.0368033,0.0947826,0.0672257,0.1410876,0.1391834,0.0360569,0.1511313,0.1503252,
259,2e-07,0.0178559,0.0442424,0.0412759,0.0826438,0.1118604,0.0286292,0.0903401,0.136927,
260,2e-07,0.0641391,0.0379732,0.0326698,0.0655141,0.1006354,0.0304608,0.1049631,0.133625,
261,2e-07,0.0831505,0.0381973,0.0422939,0.0499948,0.0855584,0.0434387,0.1129364,0.0794557,
262,3e-07,0.0989338,0.0409209,0.0552262,0.1085835,0.1068006,0.035493,0.1388493,0.0905715,
263,2e-07,0.0672382,0.0376569,0.0320971,0.1041775,0.0934,0.0246438,0.1355657,0.0681436,
264,2e-07,0.0689463,0.0347964,0.0206461,0.0711517,0.0811243,0.0294048,0.1048334,0.0497798,
265,3e-07,0.0715871,0.0264613,0.0261453,0.0305561,0.0765091,0.0478009,0.0828754,0.0401319,
266,3e-07,0.0732606,0.0520372,0.0445969,0.0722746,0.0616566,0.0594127,0.0499333,0.0244007,
267,2e-07,0.0878226,0.0276956,0.0741979,0.0790587,0.0803496,0.0553852,0.0811106,0.0240426,
268,2e-07,0.0442325,0.0334974,0.0720171,0.0432891,0.082296,0.0758816,0.0595139,0.0343635,
269,3e-07,0.05713,0.0442469,0.0515685,0.020656,0.0797016,0.0706969,0.0592321,0.0507392,
270,2e-07,0.0577411,0.108455,0.0613606,0.0922284,0.062279,0.0562427,0.0554659,0.0359418,
271,1e-07,0.0429794,0.0893497,0.0553353,0.088372,0.0704162,0.0484637,0.0794569,0.0643208,
272,1e-07,0.0463313,0.1054652,0.0884266,0.068271,0.0464371,0.0268059,0.0800367,0.0478018,
273,1e-07,0.0583211,0.0932034,0.093372,0.1163695,0.0394525,0.0893095,0.0859458,0.1060068,
274,1e-07,0.0769249,0.1598956,0.040366,0.1466822,0.0487461,0.0687096,0.1020547,0.1186718,
275,1e-07,0.0352509,0.1388751,0.0637794,0.1583471,0.0804253,0.1250646,0.1040187,0.0897142,
276,1e-07,0.0302329,0.0660764,0.092045,0.1801516,0.0682738,0.1484512,0.1064444,0.1036752,
277,1e-07,0.0817502,0.0540556,0.134468,0.1257214,0.1094461,0.1702331,0.187275,0.1014451,
278,1e-07,0.0605956,0.0294597,0.1223145,0.0571338,0.0976473,0.1249648,0.1189114,0.0923941,
279,1e-07,0.0459509,0.0537245,0.0711115,0.07744,0.0560938,0.1176478,0.0714962,0.0364894,
280,1e-07,0.1166626,0.0495111,0.0692734,0.0691794,0.093251,0.0912814,0.0563103,0.0334776,
281,1e-07,0.1176754,0.0379845,0.1013082,0.0953303,0.0955551,0.0834487,0.087965,0.0588878,
282,1e-07,0.0847304,0.0722334,0.0985821,0.0580734,0.0882169,0.1106186,0.0939262,0.1313112,
283,1e-07,0.1855716,0.1476351,0.0969005,0.0615018,0.1059896,0.1640514,0.1512071,0.1468931,
284,1e-07,0.1339069,0.0522369,0.1177902,0.0645625,0.1061435,0.0598775,0.0502273,0.0890256,
285,1e-07,0.08239,0.0330855,0.1046527,0.0671377,0.1201741,0.0721078,0.0582415,0.0575753,
286,1e-07,0.0549959,0.0775416,0.0901393,0.0511027,0.0980645,0.0625966,0.116894,0.0654357,
287,1e-07,0.0242138,0.0940641,0.0275363,0.1079706,0.0462443,0.0545898,0.0388742,0.028987,
288,1e-07,0.0169562,0.1217965,0.0667563,0.113293,0.03139,0.0413202,0.0384818,0.0565121,
289,2e-07,0.0292238,0.0665044,0.0606051,0.0371975,0.0422418,0.0314617,0.048106,0.0452281,
290,1e-07,0.0248107,0.0461062,0.0656564,0.0294238,0.0248408,0.0385871,0.0489442,0.0408491,
291,1e-07,0.0239078,0.0724163,0.0408163,0.0429742,0.0151729,0.0761325,0.0261644,0.0522747,
292,1e-07,0.0314692,0.0890759,0.0724116,0.0490914,0.0229382,0.0673306,0.0556223,0.0336635,
293,2e-07,0.0488123,0.0816311,0.071614,0.0861655,0.0196165,0.0414291,0.0381262,0.0506681,
294,1e-07,0.0443141,0.1177418,0.0992595,0.0822999,0.0122993,0.0437822,0.030994,0.0433855,
295,1e-07,0.0521808,0.0730142,0.0461001,0.0794333,0.004473,0.0395907,0.0435516,0.0324358,
296,1e-07,0.0703501,0.0589386,0.0345598,0.0435712,0.0353113,0.0311524,0.0346588,0.0109213,
297,2e-07,0.1023617,0.1409295,0.0816327,0.0768337,0.055488,0.0500463,0.0918345,0.0328697,
298,1e-07,0.0843641,0.1161686,0.0940755,0.0787289,0.0476372,0.0582764,0.0817073,0.0275071,
299,1e-07,0.0818062,0.0386976,0.0507391,0.0771359,0.0563136,0.0535158,0.0896392,0.0455242,
300,2e-07,0.0750835,0.0713234,0.0651257,0.0855123,0.0775432,0.0702137,0.0957979,0.0414697,
301,2e-07,0.1251126,0.0828819,0.0320295,0.0952489,0.1030228,0.0426897,0.0961492,0.0880814,
302,1e-07,0.1009413,0.100407,0.1489668,0.2385125,0.2139816,0.105981,0.105652,0.0689208,
303,2e-07,0.0708653,0.0989262,0.0673011,0.0622966,0.0552726,0.101605,0.0951896,0.0388642,
304,1e-07,0.023749,0.0813422,0.0261946,0.0776824,0.0494765,0.0136443,0.0256914,0.0275794,
305,1e-07,0.0577268,0.0734173,0.028419,0.1326466,0.0262857,0.0242602,0.0480939,0.0637508,
306,1e-07,0.0798161,0.0816355,0.0724013,0.1246727,0.1896841,0.0706783,0.0329474,0.074282,
307,2e-07,0.0502814,0.063537,0.1045385,0.025326,0.0524094,0.0151183,0.108546,0.0870652,
308,2e-07,0.0377305,0.0537279,0.0988047,0.0595188,0.0383607,0.0501598,0.0719205,0.0770691,
309,1e-07,0.0343871,0.0628342,0.1035405,0.0678467,0.0235645,0.0243542,0.080625,0.0513405,
310,1e-07,0.0517507,0.0224647,0.0635119,0.0741444,0.0311283,0.0882194,0.0501905,0.0423495,
311,1e-07,0.0683307,0.0195272,0.0797902,0.0923287,0.0194721,0.0882182,0.0503923,0.0577401,
312,1e-07,0.0460513,0.0250644,0.0603483,0.0863491,0.0149579,0.0582782,0.0280033,0.048508,
313,0.0,0.0636715,0.0360627,0.0606787,0.081111,0.0488879,0.0266913,0.0122424,0.0344027,
314,1e-07,0.0620367,0.0449664,0.0724612,0.0638391,0.0451715,0.0342878,0.0173545,0.0321715,
315,0.0,0.0431299,0.0625157,0.0475673,0.0399284,0.0428834,0.0306919,0.0564881,0.0537547,
316,0.0,0.0485406,0.0706619,0.0701205,0.0653602,0.0717952,0.0377804,0.0632522,0.0604115,
317,0.0,0.0518721,0.0501341,0.071195,0.0149336,0.0775604,0.0884725,0.0833893,0.0916086,
318,1e-07,0.0632389,0.0182337,0.0553512,0.0297467,0.0469424,0.1737588,0.0853274,0.0770224,
319,1e-07,0.0754727,0.0256633,0.0273349,0.0275855,0.0558876,0.1421998,0.0692362,0.0566577,
320,1e-07,0.058933,0.0253109,0.0346982,0.0136248,0.0674429,0.1327218,0.0905615,0.0440319,
321,1e-07,0.1127652,0.0807298,0.0566404,0.0292334,0.0746958,0.1189422,0.1050231,0.0565428,
322,1e-07,0.0838546,0.0594192,0.0441384,0.0692846,0.0594598,0.0929029,0.048512,0.0468653,
323,1e-07,0.0547179,0.0529401,0.078711,0.0667174,0.007912,0.0712965,0.0261449,0.0313309,
324,1e-07,0.0570699,0.040478,0.0619906,0.0526929,0.0152254,0.0729004,0.0391766,0.0621837,
325,2e-07,0.0535972,0.0809285,0.0412822,0.0328665,0.0339365,0.0419443,0.034552,0.0958479,
326,3e-07,0.0602483,0.0843337,0.0625519,0.0608459,0.0489801,0.0553727,0.058063,0.0756695,
327,3e-07,0.0474457,0.1100452,0.0793898,0.0775789,0.0482301,0.0892499,0.1171603,0.0863857,
328,3e-07,0.0546451,0.0628899,0.0828401,0.044139,0.1054529,0.0685355,0.0899381,0.0727833,
329,3e-07,0.0987183,0.0975967,0.1449164,0.1275874,0.0528101,0.1051499,0.1063813,0.1068939,
330,3e-07,0.1164965,0.0784642,0.0787756,0.1158681,0.0673752,0.3262163,0.1284601,0.213901,
331,3e-07,0.0751757,0.0656629,0.0653913,0.0641241,0.0536653,0.171562,0.1300639,0.1350437,
332,3e-07,0.0423588,0.0868558,0.0772358,0.0372998,0.0208436,0.1499616,0.1131811,0.1066749,
333,3e-07,0.0266845,0.0934842,0.0451127,0.0334412,0.0578609,0.1218526,0.0519704,0.071372,
334,2e-07,0.0363099,0.0618056,0.0735466,0.0580475,0.0342688,0.0734013,0.0468502,0.0380222,
335,2e-07,0.0404037,0.0417877,0.0935611,0.0468131,0.0463354,0.0417105,0.0707568,0.0422196,
336,1e-07,0.0509986,0.0345905,0.0760245,0.0471127,0.0647652,0.0413317,0.0657959,0.0428362,
337,1e-07,0.0750529,0.0641534,0.064729,0.0391464,0.0716224,0.0796601,0.0355836,0.0800886,
338,1e-07,0.0597825,0.0650253,0.0827897,0.0595242,0.095727,0.0893762,0.0621864,0.0837863,
339,1e-07,0.0704243,0.1641148,0.1411788,0.0861719,0.0754584,0.0359402,0.0767481,0.14182,
340,2e-07,0.0651462,0.0716878,0.0994265,0.0955563,0.1293212,0.0765134,0.1009524,0.0776183,
341,2e-07,0.0769842,0.0758996,0.0659905,0.0440444,0.0842295,0.0878827,0.0777304,0.0506224,
342,2e-07,0.0727335,0.0736783,0.086856,0.0633123,0.0676235,0.0700819,0.0696469,0.0386995,
343,2e-07,0.0702862,0.0743814,0.0731172,0.0650585,0.0891132,0.0623799,0.0464367,0.0298986,
344,2e-07,0.0702429,0.0767783,0.0801086,0.0606617,0.0424513,0.0621694,0.0308152,0.0425668,
345,2e-07,0.0705671,0.070043,0.0914489,0.0483071,0.0448382,0.1010323,0.0601614,0.0635424,
346,2e-07,0.0606811,0.0960039,0.1067875,0.0267436,0.0278254,0.0915594,0.0688051,0.0746963,
347,2e-07,0.0527819,0.0721427,0.0916897,0.0312991,0.0393176,0.1174062,0.0997972,0.0905109,
348,2e-07,0.0544856,0.0787035,0.0851534,0.0233442,0.0552083,0.1404052,0.1094144,0.107272,
349,2e-07,0.0547547,0.1112012,0.0814477,0.0293005,0.0616722,0.1348073,0.1202354,0.1302834,
350,3e-07,0.0775493,0.1290024,0.0563184,0.0833898,0.079361,0.2453802,0.2197407,0.1874767,
351,3e-07,0.1150373,0.1784641,0.0795585,0.1163683,0.0882546,0.3351609,0.2905934,0.2339882,
352,3e-07,0.2634173,0.2580446,0.0735502,0.2189152,0.0492488,0.4348607,0.4425604,0.226096,
353,5e-07,0.2429172,0.2955766,0.1564947,0.2399878,0.0615972,0.299266,0.3058335,0.200293,
354,5e-07,0.1776672,0.2427976,0.2364138,0.1999591,0.1205604,0.2316123,0.293309,0.2605918,
355,5e-07,0.2078401,0.2861737,0.2413781,0.2753416,0.1987432,0.3353694,0.3553299,0.3506364,
356,5e-07,0.3018223,0.2640273,0.3557834,0.2429133,0.2759516,0.3487908,0.4471204,0.3771685,
357,5e-07,0.1759048,0.1898837,0.2506836,0.2055078,0.1904453,0.2525362,0.2549711,0.2536846,
358,5e-07,0.2092921,0.2421184,0.275284,0.2496094,0.2687649,0.3682709,0.3291289,0.2520469,
359,5e-07,0.1808387,0.2558216,0.2105484,0.1871283,0.2345405,0.3250534,0.2773727,0.1798138,
360,5e-07,0.1358286,0.1890198,0.1484922,0.1433837,0.1467254,0.2233954,0.089374,0.1016966,
361,5e-07,0.1500297,0.100634,0.1570529,0.1595768,0.1134116,0.146615,0.0720795,0.0929903,
362,5e-07,0.1242344,0.1288658,0.164485,0.1480942,0.16414,0.1633919,0.0310706,0.1415954,
363,5e-07,0.0988286,0.0967947,0.1450461,0.1367314,0.1216234,0.1204721,0.0617291,0.137481,
364,5e-07,0.0897734,0.0957034,0.1692314,0.0632583,0.0906028,0.0588621,0.0724455,0.1111362,
365,5e-07,0.0692762,0.0766367,0.0905889,0.0612896,0.0855858,0.0941803,0.112091,0.1253308,
366,5e-07,0.0723522,0.0993102,0.1399575,0.0465125,0.0920071,0.0653818,0.1356361,0.0757048,
367,5e-07,0.0736572,0.1459141,0.1601791,0.0320352,0.0951478,0.155347,0.1522209,0.114277,
368,5e-07,0.04911,0.1106993,0.1026107,0.0847656,0.1024198,0.1799948,0.2195818,0.0914236,
369,2e-07,0.1269716,0.0787759,0.1106181,0.1548894,0.0750494,0.1285613,0.205068,0.1070615,
370,3e-07,0.1373514,0.0356652,0.1176279,0.1136761,0.0832585,0.0754579,0.2107161,0.1046209,
371,3e-07,0.0476083,0.0590783,0.0850714,0.0412256,0.0819942,0.0966392,0.1970889,0.1058674,
372,3e-07,0.0662858,0.0779888,0.0410398,0.0581496,0.046027,0.1384559,0.1269585,0.092785,
373,3e-07,0.0754096,0.0888281,0.0912673,0.0262865,0.015701,0.2140128,0.1111663,0.0971824,
374,3e-07,0.0743105,0.0905513,0.0407223,0.0375397,0.0453026,0.0915697,0.049281,0.0942639,
375,2e-07,0.0793996,0.0856079,0.0586091,0.0827471,0.0274622,0.0676655,0.0705716,0.1335466,
376,2e-07,0.0201815,0.0961789,0.0494172,0.176091,0.048765,0.0983346,0.0711005,0.1218012,
377,1e-07,0.0354916,0.1042817,0.1366087,0.2443888,0.0743697,0.147821,0.078897,0.1912607,
378,1e-07,0.0565837,0.055855,0.1830043,0.2099313,0.1322489,0.1130597,0.1068977,0.1300609,
379,2e-07,0.0549416,0.1189577,0.1139543,0.0924895,0.0568329,0.0916743,0.0710737,0.1356831,
380,2e-07,0.0546963,0.0908733,0.0846369,0.0346203,0.0858418,0.0645484,0.0809069,0.1671809,
381,3e-07,0.075327,0.0738357,0.1115098,0.0602118,0.0696814,0.0886999,0.0699382,0.1521006,
382,3e-07,0.0595751,0.1599713,0.0770935,0.0863455,0.0421476,0.1296373,0.1007238,0.105533,
383,2e-07,0.0420177,0.091646,0.0790493,0.0996997,0.0270958,0.1019767,0.1179708,0.0866809,
384,2e-07,0.1162495,0.1205748,0.1199875,0.0603292,0.0342153,0.1112102,0.1440441,0.0439907,
385,2e-07,0.0920514,0.1014971,0.1178119,0.0782984,0.0373623,0.0778794,0.1684977,0.0314464,
386,2e-07,0.1093364,0.0614604,0.048809,0.1069505,0.0179848,0.1313316,0.1683154,0.078746,
387,2e-07,0.1051262,0.0728692,0.0954718,0.0549908,0.0172178,0.0519407,0.1241984,0.0434155,
388,2e-07,0.0954156,0.0803453,0.0897886,0.0700752,0.0502892,0.0742374,0.1075467,0.0543803,
389,3e-07,0.1303743,0.0881038,0.023275,0.0557163,0.0485276,0.0499523,0.1184091,0.041493,
390,5e-07,0.1167021,0.0570311,0.0537526,0.0637183,0.0626519,0.1018063,0.0773634,0.055686,
391,2e-07,0.0971689,0.0189738,0.0789236,0.0390483,0.0530888,0.1114931,0.0562179,0.0639904,
392,2e-07,0.0767094,0.0307501,0.0686421,0.0231959,0.0611991,0.0463856,0.0443152,0.036203,
393,2e-07,0.0687465,0.0701559,0.0619307,0.0344659,0.0103051,0.0582017,0.0669803,0.0182629,
394,2e-07,0.0853383,0.0742036,0.094163,0.0327603,0.0714674,0.0206118,0.0938561,0.0682452,
395,2e-07,0.1068211,0.0470601,0.084748,0.0424848,0.0522344,0.0581067,0.0838995,0.0416902,
396,2e-07,0.0604369,0.0608435,0.0748082,0.0694212,0.0495818,0.0542651,0.1168092,0.0544281,
397,2e-07,0.0529709,0.0714535,0.0643406,0.0764865,0.0517412,0.0680614,0.0801164,0.1000763,
398,2e-07,0.122213,0.0970069,0.108828,0.1604343,0.107258,0.0603464,0.1382833,0.1310373,
399,1e-07,0.1248435,0.0984692,0.1786481,0.1087508,0.0885757,0.1625989,0.1195304,0.1356765,
400,1e-07,0.0686284,0.1174467,0.1849163,0.1164368,0.12634,0.1099228,0.1413028,0.1339402,
401,1e-07,0.0823334,0.0880257,0.1002489,0.1134926,0.1030131,0.0641359,0.0832981,0.1217631,
402,1e-07,0.0526101,0.1251705,0.0756026,0.1633088,0.0891954,0.1994579,0.1300541,0.150775,
403,1e-07,0.103193,0.1093055,0.085663,0.0839227,0.0843388,0.1199306,0.092656,0.1808082,
404,1e-07,0.0574601,0.0814481,0.1099438,0.0710831,0.0514438,0.0941444,0.047413,0.1493877,
405,1e-07,0.043963,0.0751765,0.1046121,0.0723874,0.023295,0.0740977,0.0239408,0.1286671,
406,2e-07,0.0557897,0.0842309,0.0795473,0.0881219,0.0421497,0.0617059,0.0292323,0.1241473,
407,2e-07,0.0377051,0.0481011,0.047832,0.0913572,0.0653141,0.0728074,0.0341844,0.0988776,
408,2e-07,0.0510187,0.0606865,0.0219371,0.0788397,0.0649963,0.0557618,0.0150358,0.0682235,
409,3e-07,0.060791,0.0496989,0.0356524,0.0437352,0.053256,0.0435799,0.0470815,0.0941961,
410,3e-07,0.0547209,0.0288916,0.0521069,0.0467864,0.0404895,0.0519635,0.0930411,0.0638561,
411,3e-07,0.0427449,0.028515,0.0440588,0.0726306,0.0633356,0.0732994,0.0713853,0.0605524,
412,3e-07,0.06706,0.0234293,0.043597,0.0777929,0.0727842,0.0680922,0.0638597,0.0718317,
413,3e-07,0.057541,0.0402409,0.0610612,0.076283,0.0747519,0.0744179,0.0657498,0.0787144,
414,3e-07,0.0484372,0.0161986,0.0703961,0.0923541,0.0625422,0.077803,0.0615731,0.0572106,
415,2e-07,0.0484977,0.0898712,0.0580617,0.1004353,0.0645633,0.1105621,0.0818257,0.073199,
416,2e-07,0.0255201,0.022111,0.0202366,0.0983537,0.0608482,0.1091263,0.1224633,0.0705264,
417,2e-07,0.0437897,0.0224217,0.0109888,0.0420943,0.0242281,0.0330165,0.1010713,0.0650648,
418,1e-07,0.0488118,0.0314096,0.0155642,0.0495267,0.0548986,0.0184478,0.0642912,0.051063,
419,1e-07,0.0448222,0.0311695,0.0551056,0.0297405,0.0478954,0.0161621,0.0404408,0.0359328,
420,1e-07,0.0493855,0.0363803,0.0510268,0.0329874,0.0275471,0.0272409,0.0155195,0.0323326,
421,1e-07,0.0560399,0.0263393,0.0528302,0.0331342,0.0417412,0.0517729,0.0633296,0.0559203,
422,1e-07,0.041922,0.0653979,0.0255759,0.0445036,0.0501509,0.0398058,0.0885831,0.051209,
423,2e-07,0.068134,0.0859285,0.0358851,0.019735,0.0399297,0.0540758,0.0693653,0.0707042,
424,2e-07,0.0426661,0.0496447,0.0473027,0.0401305,0.0405217,0.080597,0.0691136,0.0484552,
425,2e-07,0.0628012,0.0612465,0.0192045,0.0579676,0.0362719,0.0926566,0.0640309,0.054028,
426,2e-07,0.0477078,0.048055,0.0721227,0.0991413,0.0443082,0.0621905,0.0809162,0.0621231,
427,1e-07,0.0381263,0.0625804,0.0474067,0.0422426,0.0342412,0.0699483,0.0852141,0.0669033,
428,1e-07,0.0321516,0.093775,0.0780355,0.0307827,0.0641392,0.0810515,0.0701114,0.0463259,
429,1e-07,0.0334611,0.0885217,0.0715797,0.0298866,0.056099,0.0879565,0.0636691,0.0340061,
430,1e-07,0.0443688,0.0402004,0.0636464,0.0258611,0.0803744,0.1177824,0.0450627,0.0135291,
431,0.0,0.0733021,0.037652,0.0266043,0.026331,0.0626933,0.037641,0.048871,0.0120637,
432,1e-07,0.0598246,0.0615659,0.0167618,0.0195975,0.0655762,0.0267609,0.038801,0.0122633,
433,1e-07,0.0590893,0.0504005,0.044413,0.0259331,0.0675287,0.0154282,0.0422473,0.0493648,
434,1e-07,0.0352493,0.0446787,0.0182187,0.044188,0.0610434,0.0581359,0.0991598,0.0507672,
435,1e-07,0.0254345,0.0187305,0.0160908,0.0316183,0.0728203,0.0665036,0.0982888,0.0322169,
436,2e-07,0.0412536,0.0382965,0.0137821,0.0904184,0.034931,0.0793293,0.0876913,0.0198751,
437,2e-07,0.0397723,0.0566466,0.0238292,0.0740813,0.0356098,0.0530605,0.0568473,0.0171933,
438,3e-07,0.0262253,0.058635,0.0233447,0.0945114,0.0588811,0.0902546,0.0225244,0.033644,
439,2e-07,0.0133337,0.0991953,0.0652533,0.0908958,0.0403442,0.1195684,0.0235285,0.0726932,
440,2e-07,0.0444848,0.0794004,0.0918984,0.069877,0.0113059,0.0987829,0.0644135,0.0539614,
441,2e-07,0.0382435,0.038718,0.0419307,0.0501995,0.0428701,0.1096577,0.0486728,0.037963,
442,1e-07,0.0508591,0.0444472,0.0297125,0.0669453,0.0437985,0.1063496,0.1122307,0.0228586,
443,1e-07,0.0300041,0.0583697,0.0507254,0.021569,0.0215875,0.0961283,0.1162586,0.0708887,
444,1e-07,0.0214724,0.0553815,0.0687453,0.01271,0.0260398,0.0427081,0.0512035,0.086623,
445,1e-07,0.0202393,0.0655496,0.0570551,0.050885,0.0326733,0.0453154,0.0181816,0.0695842,
446,2e-07,0.0428558,0.0348033,0.062222,0.051749,0.0613062,0.0572511,0.0571461,0.0558358,
447,2e-07,0.0762824,0.0512458,0.0757184,0.0681113,0.0274019,0.0898643,0.0591048,0.0717011,
448,2e-07,0.0911219,0.0540465,0.0866375,0.0968118,0.0329884,0.0946252,0.0633854,0.0984912,
449,3e-07,0.0934511,0.1216854,0.0971437,0.0619628,0.0745576,0.1077296,0.045901,0.0533493,
450,2e-07,0.1024627,0.0802675,0.0961039,0.0245207,0.0621642,0.0716531,0.0436178,0.0249615,
451,2e-07,0.0481009,0.0202506,0.1220951,0.0235777,0.0394916,0.0801472,0.0491318,0.0282232,
452,2e-07,0.0704733,0.0304977,0.0881079,0.0194258,0.0305197,0.0801302,0.0416605,0.0190192,
453,1e-07,0.040007,0.0342022,0.1022062,0.0464186,0.0382384,0.0473349,0.0645372,0.0230348,
454,1e-07,0.0427499,0.0405625,0.081882,0.0274368,0.0777246,0.0225193,0.068413,0.0352903,
455,1e-07,0.0400784,0.062024,0.0479533,0.0545489,0.0490322,0.0687233,0.0434082,0.0447231,
456,1e-07,0.0484744,0.0323395,0.0474646,0.0475984,0.0557393,0.0064203,0.0429552,0.0311603,
457,2e-07,0.0347318,0.0203566,0.0496256,0.0638684,0.0617245,0.0168269,0.060165,0.021402,
458,1e-07,0.0436807,0.0277369,0.0343052,0.1144858,0.0636112,0.0675409,0.0539967,0.0436697,
459,2e-07,0.0476452,0.0381843,0.0457533,0.1548536,0.0415406,0.0597095,0.074987,0.0742785,
460,1e-07,0.029372,0.0698397,0.0386388,0.163063,0.0407541,0.0525032,0.0852143,0.059742,
461,1e-07,0.0334391,0.0508119,0.0360431,0.1512675,0.0483563,0.0279693,0.0959824,0.0903381,
462,2e-07,0.0460429,0.045547,0.0361678,0.1453907,0.0411911,0.0633302,0.0537646,0.0948905,
463,2e-07,0.0074892,0.0319032,0.0513802,0.0885226,0.0397295,0.1043287,0.0209939,0.0899682,
464,2e-07,0.040563,0.0103911,0.0454854,0.0821997,0.0405494,0.0772813,0.0077459,0.0398173,
465,1e-07,0.0518412,0.0291676,0.0270153,0.0718538,0.0372823,0.0405008,0.0200931,0.0629102,
466,3e-07,0.0425643,0.0184103,0.0266841,0.0542656,0.0361292,0.0551404,0.0540779,0.0724372,
467,3e-07,0.0606661,0.0255947,0.0665551,0.0669667,0.0158633,0.0547778,0.0441134,0.0622211,
468,2e-07,0.0701398,0.041164,0.0840713,0.0478384,0.080122,0.0531984,0.0336027,0.0276143,
469,2e-07,0.0428719,0.0450145,0.0900271,0.043512,0.0723892,0.0260282,0.0375224,0.0166413,
470,2e-07,0.0416493,0.0545343,0.0538364,0.0356332,0.0476179,0.068342,0.060703,0.019243,
471,2e-07,0.0839759,0.0801055,0.0539229,0.040377,0.0550634,0.0653478,0.0614329,0.0822097,
472,2e-07,0.079682,0.070967,0.0580914,0.082522,0.0354317,0.0899617,0.0704558,0.0386488,
473,2e-07,0.0231314,0.0451348,0.0738709,0.0812473,0.0246908,0.0995188,0.0660782,0.0786587,
474,3e-07,0.0420489,0.0517509,0.0998638,0.085235,0.0125084,0.1660784,0.0804322,0.0994128,
475,2e-07,0.0991008,0.0585522,0.1099503,0.0548055,0.0672545,0.1772013,0.0719203,0.0808569,
476,3e-07,0.0652398,0.0827099,0.114697,0.0219524,0.0738459,0.1352621,0.0810594,0.049609,
477,2e-07,0.0652324,0.0353344,0.0777119,0.0394962,0.0457254,0.059901,0.0603539,0.0638205,
478,2e-07,0.0414705,0.0537252,0.0940276,0.0642638,0.0362201,0.0348244,0.050831,0.0476637,
479,2e-07,0.0213933,0.0816888,0.0793199,0.045771,0.0164357,0.0568245,0.0563649,0.0564048,
480,2e-07,0.0916139,0.0467641,0.1010379,0.0113171,0.0503834,0.0565713,0.0722487,0.0496316,
481,2e-07,0.0596655,0.054769,0.0707746,0.050627,0.0120519,0.1105126,0.0540689,0.052191,
482,2e-07,0.0833211,0.0442602,0.0634027,0.0936014,0.0207531,0.0775177,0.0589558,0.0677091,
483,2e-07,0.0832088,0.0692515,0.0564438,0.1298789,0.0520745,0.0708945,0.0908218,0.0691062,
484,3e-07,0.0925984,0.0663034,0.070705,0.0957573,0.0428592,0.1436515,0.0668572,0.0847497,
485,3e-07,0.0847483,0.0501271,0.0805452,0.04987,0.0832832,0.1575425,0.0681816,0.0218293,
486,3e-07,0.0688762,0.065565,0.0825069,0.0398475,0.0364644,0.1132059,0.0853732,0.0465562,
487,3e-07,0.080795,0.0717498,0.0675877,0.0246133,0.0353006,0.1031874,0.0626444,0.059719,
488,2e-07,0.0473226,0.0727898,0.0535317,0.0434625,0.0419159,0.1069329,0.0733329,0.065113,
489,3e-07,0.0853089,0.0936606,0.0886841,0.0532229,0.045603,0.104407,0.0679387,0.0373193,
490,3e-07,0.1638735,0.0975846,0.0830591,0.1393535,0.0384757,0.1111364,0.0692938,0.1172863,
491,2e-07,0.1251715,0.1489419,0.0986951,0.0464541,0.0856853,0.1483283,0.0616101,0.0635229,
492,2e-07,0.098833,0.140973,0.1443794,0.0347275,0.0741862,0.1028119,0.0208583,0.0437772,
493,2e-07,0.0950505,0.1046116,0.1564782,0.0735461,0.0900028,0.1348418,0.108599,0.0668245,
494,2e-07,0.0944152,0.0493327,0.1839447,0.0982189,0.1023121,0.2158254,0.1373924,0.0419805,
495,2e-07,0.1081578,0.0237355,0.1962567,0.1133018,0.1328409,0.3673751,0.0978954,0.0175322,
496,2e-07,0.0912752,0.0688056,0.2449345,0.0512896,0.0769327,0.3294567,0.1297402,0.0435618,
497,2e-07,0.0844913,0.1137156,0.1698013,0.0672709,0.0802698,0.2070404,0.0986604,0.0995041,
498,2e-07,0.0940931,0.1120036,0.1651875,0.0287846,0.1566704,0.1021274,0.0960054,0.0978344,
499,2e-07,0.121633,0.1141583,0.0368608,0.0350645,0.2457128,0.1181823,0.0893123,0.0867512,
500,2e-07,0.1235592,0.0898154,0.024838,0.0998517,0.1361735,0.0955241,0.0674275,0.1213691,
501,3e-07,0.0475625,0.1057669,0.089521,0.1422139,0.0763721,0.0825158,0.0515635,0.0925848,
502,2e-07,0.1525179,0.1376594,0.1214175,0.148156,0.1027007,0.0656643,0.0648708,0.0810244,
503,2e-07,0.0888616,0.0631751,0.061227,0.1315747,0.0377327,0.0300099,0.0371569,0.0946044,
504,3e-07,0.059381,0.0574687,0.0358508,0.0931755,0.1024992,0.1048978,0.0618371,0.0493451,
505,2e-07,0.0281415,0.0521664,0.0590959,0.0995522,0.0849705,0.1541614,0.0524515,0.0163846,
506,2e-07,0.0797989,0.0824574,0.0438065,0.0860653,0.018964,0.1029255,0.0395028,0.0282832,
507,3e-07,0.0937821,0.1052034,0.0692016,0.0655014,0.0175004,0.0739045,0.0357867,0.0297297,
508,3e-07,0.086679,0.0815283,0.0700658,0.0268142,0.0263094,0.0833476,0.0512038,0.0339313,
509,2e-07,0.021208,0.05341,0.0707443,0.0124197,0.0060226,0.0955224,0.0720514,0.0283989,
510,1e-07,0.0339808,0.0658359,0.066914,0.0332953,0.0212685,0.0954311,0.0657773,0.0325068,
511,2e-07,0.0303847,0.0868033,0.096519,0.0468995,0.0092243,0.0660418,0.0492263,0.0100401,
512,2e-07,0.0353035,0.0893273,0.0871391,0.0256012,0.0468801,0.0681082,0.0505435,0.0257092,
513,1e-07,0.0593373,0.0645937,0.0840118,0.0351986,0.0555664,0.0405573,0.0777857,0.0920999,
514,1e-07,0.0355534,0.0462304,0.0713098,0.0250574,0.0219142,0.0723256,0.0548553,0.0571554,
515,2e-07,0.0624531,0.0690312,0.1164538,0.0270478,0.0386833,0.0933226,0.038121,0.0630919,
516,1e-07,0.094313,0.0947506,0.0972427,0.0123804,0.0425706,0.0813472,0.0817271,0.0495333,
517,1e-07,0.0908685,0.065904,0.1060883,0.0487636,0.0791701,0.0733925,0.0776964,0.0308874,
518,2e-07,0.1353357,0.1022627,0.0945338,0.0442091,0.0804607,0.0741481,0.0405837,0.0415822,
519,3e-07,0.1659843,0.0893243,0.0823296,0.0695999,0.0554357,0.110685,0.1223231,0.0506869,
520,2e-07,0.1140074,0.0761367,0.0965107,0.0377394,0.0482488,0.137721,0.1213762,0.0271471,
521,2e-07,0.1214319,0.0505532,0.1492509,0.1020358,0.0867263,0.12143,0.1946201,0.100997,
522,2e-07,0.0714333,0.0772494,0.228696,0.0756442,0.0984031,0.1271189,0.1359323,0.100407,
523,1e-07,0.0954175,0.0769983,0.2141706,0.0291763,0.0677471,0.1832322,0.087966,0.0708373,
524,1e-07,0.1105427,0.0522821,0.1442248,0.0366649,0.0415708,0.2202446,0.1053573,0.0895598,
525,1e-07,0.0957431,0.049281,0.1089425,0.0709905,0.0768438,0.2001486,0.0804325,0.072956,
526,2e-07,0.0851553,0.060017,0.1672535,0.1089765,0.0820809,0.155095,0.1000891,0.0668678,
527,2e-07,0.0400181,0.01537,0.1873167,0.180471,0.1033896,0.2743614,0.2038262,0.13785,
528,2e-07,0.059215,0.0197157,0.1963461,0.2452496,0.0898735,0.3859301,0.3144006,0.1356642,
529,2e-07,0.11394,0.073252,0.2128931,0.2340137,0.1143296,0.29303,0.2504949,0.1947222,
530,2e-07,0.0830616,0.0977096,0.1906608,0.2006716,0.0725096,0.1988021,0.205559,0.1481923,
531,3e-07,0.0790592,0.1263877,0.1736038,0.1416053,0.0865128,0.0882045,0.239145,0.1114681,
532,3e-07,0.1350806,0.1252498,0.1615104,0.1559117,0.0286046,0.0336129,0.2551496,0.1334495,
533,3e-07,0.1327001,0.1273691,0.1630196,0.1240975,0.0311465,0.033403,0.1941629,0.2336317,
534,3e-07,0.1400408,0.1219273,0.1475582,0.1554456,0.0680911,0.0891026,0.2191317,0.1506,
535,3e-07,0.0739202,0.129107,0.0809759,0.1328073,0.036009,0.0483379,0.2015062,0.0781131,
536,3e-07,0.0911592,0.0833752,0.1078141,0.1020801,0.0411048,0.033395,0.1444569,0.072793,
537,3e-07,0.0887129,0.1252157,0.1299399,0.122475,0.0497804,0.0484328,0.1445543,0.0770421,
538,3e-07,0.0767559,0.1337161,0.091482,0.1587329,0.0532812,0.0780975,0.12926,0.1704951,
539,3e-07,0.0664351,0.1310238,0.1319982,0.1527495,0.0497728,0.065444,0.1160222,0.1618191,
540,3e-07,0.0756582,0.0764456,0.0709458,0.081544,0.0593177,0.0808779,0.1291623,0.0951013,
541,3e-07,0.1074717,0.1065809,0.1046802,0.1081189,0.1278526,0.0803037,0.0448857,0.2056501,
542,3e-07,0.1074589,0.1559837,0.1384193,0.1371475,0.1270256,0.1634271,0.0962017,0.1494643,
543,2e-07,0.1000865,0.0887262,0.0836771,0.1681261,0.1092851,0.180206,0.0901381,0.0862061,
544,3e-07,0.0929803,0.097931,0.0213297,0.1407185,0.1180906,0.161786,0.0756161,0.0430009,
545,2e-07,0.087294,0.0560744,0.049274,0.0504559,0.03687,0.0915811,0.0496216,0.0403641,
546,3e-07,0.1203859,0.1098769,0.0450321,0.0467297,0.0422717,0.0557258,0.0687283,0.00324,
547,3e-07,0.1015144,0.1276964,0.0919998,0.0403801,0.040227,0.0385941,0.0840376,0.0187183,
548,3e-07,0.0984788,0.1321751,0.099983,0.0472483,0.0411542,0.0653543,0.1384808,0.0316725,
549,3e-07,0.1643346,0.1274072,0.1160734,0.0683239,0.0429013,0.0671594,0.1290115,0.0273219,
550,3e-07,0.155665,0.1284128,0.1263342,0.0888729,0.0903933,0.0551942,0.1114592,0.0742898,
551,3e-07,0.0445103,0.1399279,0.1531517,0.0682348,0.0687382,0.0967689,0.1241866,0.0496443,
552,3e-07,0.0798345,0.1211673,0.1309571,0.0415298,0.0672695,0.0910588,0.090465,0.0659185,
553,3e-07,0.0868222,0.1050211,0.1414346,0.0425845,0.0602287,0.0455247,0.1041348,0.1122779,
554,3e-07,0.0720227,0.1321525,0.187289,0.0267799,0.0369884,0.0668663,0.1630432,0.0980352,
555,3e-07,0.0705973,0.1345347,0.1648096,0.0637203,0.0233194,0.1074186,0.1295284,0.0706379,
556,2e-07,0.0910385,0.1297438,0.1339217,0.070743,0.0429945,0.0624746,0.0779229,0.0346216,
557,2e-07,0.1225925,0.1469264,0.1569753,0.075041,0.0626499,0.0548937,0.1136775,0.0691712,
558,2e-07,0.110986,0.143314,0.1212434,0.0547781,0.0580228,0.0850107,0.1177018,0.0957972,
559,2e-07,0.0996882,0.1369321,0.084111,0.0543836,0.0578848,0.0523488,0.0745935,0.06219,
560,2e-07,0.0543914,0.1804454,0.1050929,0.0558839,0.070565,0.0497124,0.0887921,0.0750411,
561,2e-07,0.0416897,0.1497532,0.1430918,0.0360406,0.0693412,0.1309137,0.1361573,0.1347697,
562,2e-07,0.0566477,0.13915,0.1273111,0.0506426,0.0681986,0.1437431,0.116637,0.0895042,
563,2e-07,0.0421867,0.184442,0.1624637,0.0500895,0.0974488,0.061317,0.070237,0.0665479,
564,2e-07,0.0620282,0.1489085,0.1838923,0.0758752,0.0592785,0.054544,0.0738168,0.1388689,
565,2e-07,0.0629978,0.1382724,0.1546398,0.0319762,0.0721273,0.1184053,0.0907445,0.1007957,
566,2e-07,0.0619648,0.1584963,0.1635475,0.1023553,0.0803009,0.1018608,0.0925786,0.0467189,
567,2e-07,0.0328862,0.154986,0.1588697,0.104994,0.0968385,0.0640811,0.0782682,0.0382986,
568,2e-07,0.0542642,0.1668778,0.186997,0.1100487,0.0790301,0.0479776,0.1346423,0.045114,
569,2e-07,0.0417855,0.1099338,0.1943463,0.1060671,0.0552055,0.0819275,0.1211538,0.0669263,
570,2e-07,0.0305797,0.14473,0.1622402,0.1134598,0.0375746,0.1012464,0.0728202,0.0164875,
571,3e-07,0.0189673,0.1610244,0.1529434,0.1184207,0.0595141,0.0657388,0.0775535,0.0819585,
572,2e-07,0.0526817,0.09899,0.1538273,0.121958,0.0388276,0.058083,0.093405,0.1029725,
573,2e-07,0.0371351,0.042726,0.1594121,0.0973662,0.026819,0.0826542,0.1193517,0.0652314,
574,2e-07,0.0733276,0.0828461,0.1011877,0.0905815,0.0092912,0.0975466,0.0654325,0.0813931,
575,3e-07,0.0455635,0.1220513,0.1189305,0.1341618,0.0236832,0.1348483,0.0949593,0.1012279,
576,2e-07,0.0229885,0.0557332,0.1521613,0.1340202,0.0296587,0.2286714,0.1870972,0.1087272,
577,1e-07,0.0416418,0.0765418,0.133982,0.099859,0.0571637,0.2274125,0.2210427,0.0979012,
578,2e-07,0.0803154,0.0861366,0.1019138,0.1432897,0.0498174,0.266165,0.1787249,0.0943369,
579,2e-07,0.069044,0.1381541,0.1377901,0.2418589,0.0525676,0.3399121,0.2326123,0.1804361,
580,1e-07,0.0704775,0.1821405,0.1926892,0.2360257,0.0749521,0.3894462,0.2826213,0.2123716,
581,1e-07,0.0569422,0.2014533,0.1993035,0.2058066,0.0374656,0.3071809,0.2490686,0.1363711,
582,1e-07,0.0796479,0.0981118,0.1545945,0.1512656,0.0673931,0.2522399,0.168631,0.1569154,
583,1e-07,0.108037,0.2339332,0.1222863,0.2030192,0.0534408,0.2896678,0.2254508,0.1444674,
584,0.0,0.0940704,0.2430665,0.1972964,0.2663084,0.050119,0.2828546,0.1610232,0.240858,
585,1e-07,0.0797555,0.1345298,0.1341334,0.1230041,0.0562873,0.1844056,0.1441844,0.1517162,
586,1e-07,0.0786958,0.1015737,0.0745304,0.0461972,0.0715195,0.1338225,0.1365342,0.1397445,
587,1e-07,0.051792,0.0860084,0.109505,0.0265525,0.0950319,0.0990873,0.1279464,0.0929199,
588,1e-07,0.1095154,0.0829621,0.1269871,0.0390305,0.1383868,0.0794836,0.102083,0.0698137,
589,1e-07,0.1057743,0.0864741,0.1387161,0.051754,0.2744208,0.1152114,0.1047035,0.1618122,
590,0.0,0.0641485,0.0699563,0.0411456,0.0538067,0.1346179,0.1114924,0.1584189,0.0838867,
591,0.0,0.0371344,0.0778558,0.0288705,0.0148505,0.0804853,0.1165442,0.1782743,0.0292548,
592,1e-07,0.0689807,0.0340649,0.0210863,0.0595026,0.0847796,0.1321167,0.144103,0.0383259,
593,1e-07,0.0348875,0.0200681,0.0375588,0.0667306,0.0549083,0.0927818,0.0926339,0.0217959,
594,1e-07,0.0182312,0.055288,0.026739,0.0359356,0.0299626,0.0646416,0.0771654,0.070854,
595,2e-07,0.0262842,0.0257183,0.0460566,0.0237744,0.0340811,0.088182,0.0850731,0.0549431,
596,1e-07,0.0284678,0.0182672,0.0523619,0.0528075,0.0572344,0.0852334,0.0804149,0.0713671,
597,1e-07,0.0585477,0.0510799,0.0649651,0.0644002,0.0082317,0.0747315,0.1191515,0.0581167,
598,1e-07,0.0364604,0.0351107,0.0563295,0.011764,0.0167521,0.077053,0.1150335,0.0246265,
599,2e-07,0.0391118,0.0262451,0.0463868,0.044942,0.0449681,0.0726539,0.0627577,0.0811727,
600,2e-07,0.0308846,0.063304,0.0393208,0.0554131,0.0711384,0.0943718,0.1064992,0.0936738,
601,1e-07,0.0539673,0.038525,0.0489588,0.0422955,0.0398153,0.0724854,0.1214575,0.0650092,
602,1e-07,0.0479932,0.033686,0.0382956,0.0293697,0.0443403,0.0461723,0.0846026,0.0533334,
603,2e-07,0.0566093,0.0689618,0.0652552,0.0338878,0.0491549,0.0956456,0.0799484,0.0890801,
604,1e-07,0.0368179,0.0479674,0.0388859,0.0341963,0.066557,0.087,0.0719028,0.1131031,
605,1e-07,0.0736483,0.0450775,0.0661527,0.0148137,0.068221,0.1017746,0.1247989,0.0948875,
606,2e-07,0.0815854,0.035027,0.0412997,0.0548783,0.0496407,0.1549538,0.14802,0.1977123,
607,2e-07,0.0662069,0.0518401,0.0689292,0.0951676,0.0290675,0.0567723,0.3189095,0.2156029,
608,1e-07,0.038479,0.0538101,0.0787161,0.0865557,0.0492904,0.0455976,0.3875523,0.1655677,
609,1e-07,0.0651064,0.0275328,0.0692633,0.0937558,0.0491486,0.0411912,0.1696156,0.107601,
610,1e-07,0.0739356,0.0178237,0.0322695,0.0690168,0.0447618,0.0197799,0.1705865,0.075555,
611,1e-07,0.0443745,0.0286564,0.0160406,0.1484429,0.0272616,0.0385157,0.1325518,0.0464123,
612,1e-07,0.0548912,0.022824,0.0409789,0.1760805,0.0281539,0.1136765,0.1342241,0.0773634,
