#Time_ps,0,10,20,30,50,100,300,500,1000,
1,0.0,0.0598065,0.1017026,0.109036,0.0417495,0.0533646,0.0963746,0.1321283,0.1293262,
2,0.0,0.0820746,0.0756938,0.0576255,0.0133625,0.0624262,0.0649329,0.1220397,0.1206979,
3,0.0,0.059004,0.0360691,0.0749528,0.0385713,0.0580029,0.0648278,0.0887538,0.0531627,
4,0.0,0.07237,0.0527401,0.0568322,0.0376731,0.0652843,0.0655102,0.0747409,0.0529115,
5,0.0,0.0916642,0.0579449,0.0780678,0.0605659,0.0149076,0.1226021,0.0534107,0.0285097,
6,0.0,0.0694866,0.0824785,0.0472937,0.0497801,0.0379298,0.0982842,0.0286764,0.0501916,
7,0.0,0.0633798,0.0719674,0.0706587,0.0343356,0.075458,0.077749,0.0474599,0.0397641,
8,0.0,0.0683401,0.0782524,0.075893,0.0434661,0.0697905,0.0690977,0.0777472,0.0379808,
9,0.0,0.0482913,0.0515758,0.0497966,0.0599091,0.0413348,0.0920646,0.0350211,0.0685974,
10,0.0,0.0694379,0.0514693,0.0470882,0.0397112,0.0787568,0.0530515,0.0487593,0.0509312,
11,0.0,0.0711125,0.0580275,0.0576992,0.0734908,0.122839,0.0601768,0.0492648,0.0418017,
12,0.0,0.0635824,0.0263217,0.0546171,0.1045575,0.1117469,0.0516131,0.0638265,0.0769629,
13,0.0,0.0534744,0.0588285,0.0658067,0.0801484,0.1231767,0.0496637,0.0684352,0.098034,
14,0.0,0.0540997,0.0608892,0.0583956,0.0457535,0.1102953,0.0491999,0.0702761,0.08832,
15,0.0,0.0611845,0.0717162,0.0367003,0.0693261,0.1013557,0.0687541,0.0657023,0.103261,
16,0.0,0.0481041,0.1134297,0.0348378,0.0741141,0.0786121,0.0505642,0.0769675,0.1001589,
17,0.0,0.0787882,0.0229569,0.0370255,0.0426352,0.0340155,0.0710197,0.0707337,0.0644191,
18,0.0,0.0710202,0.0381236,0.0386907,0.0329393,0.0176351,0.0787595,0.0767822,0.0799393,
19,0.0,0.0459625,0.0731238,0.0286616,0.026299,0.0220272,0.0750016,0.0784134,0.0709569,
20,0.0,0.0385321,0.029334,0.0276766,0.0149207,0.0262238,0.0509925,0.0747154,0.0614118,
21,0.0,0.0521579,0.0291941,0.0306259,0.0123226,0.0821506,0.0552409,0.104258,0.0388615,
22,0.0,0.0509585,0.021092,0.0262572,0.0191398,0.0982148,0.0547905,0.1039697,0.0274275,
23,0.0,0.0720036,0.030135,0.0156081,0.1530997,0.0471078,0.243507,0.0969622,0.0375441,
24,0.0,0.0177563,0.0258003,0.0472264,0.1700469,0.1213636,0.3568366,0.1323884,0.0797929,
25,0.0,0.0254743,0.0433277,0.0164167,0.0548711,0.075812,0.0799142,0.1197522,0.0606798,
26,0.0,0.0197148,0.0370187,0.0445374,0.0521233,0.074468,0.0247659,0.1082246,0.0281463,
27,0.0,0.0451283,0.0274156,0.0241389,0.0569466,0.0575645,0.0456866,0.0929319,0.0137965,
28,0.0,0.0418859,0.0096901,0.0169538,0.0256514,0.0316049,0.0562573,0.048701,0.0424612,
29,0.0,0.0498685,0.0483403,0.0467154,0.0247822,0.0277726,0.0419638,0.0571057,0.0602908,
30,0.0,0.037059,0.0199314,0.0341649,0.0701834,0.0319151,0.0527332,0.0617487,0.0675737,
31,0.0,0.0255082,0.0319322,0.0474909,0.0564625,0.0547607,0.0462202,0.0776828,0.0770044,
32,0.0,0.0439346,0.0586761,0.0621461,0.0467095,0.0642754,0.0508754,0.0673359,0.0826901,
33,0.0,0.0613632,0.1204756,0.0552525,0.0712005,0.0519079,0.0343082,0.1073146,0.0416205,
34,0.0,0.0589667,0.096118,0.0686828,0.1074617,0.0377384,0.052112,0.1128107,0.0622301,
35,0.0,0.0935844,0.0500878,0.0510324,0.0661472,0.0480874,0.0523842,0.0743707,0.0751389,
36,0.0,0.0527574,0.0180635,0.0528787,0.0646117,0.0296769,0.0451889,0.0659238,0.0628555,
37,0.0,0.0717033,0.0088881,0.0510761,0.0840257,0.0324936,0.0531918,0.0616371,0.0651381,
38,0.0,0.0217631,0.0205716,0.0351817,0.0829732,0.032951,0.0605229,0.0508117,0.0385885,
39,0.0,0.036798,0.0346271,0.0336815,0.0851764,0.0428133,0.0420592,0.0543698,0.0417166,
40,0.0,0.0445944,0.0483194,0.0443482,0.1051124,0.0758288,0.081726,0.0735393,0.053407,
41,0.0,0.0306121,0.03475,0.0596177,0.079073,0.056678,0.0815215,0.0710091,0.0504864,
42,0.0,0.0160076,0.0656437,0.0402147,0.0460735,0.0781278,0.1126878,0.0676689,0.0790613,
43,0.0,0.0748477,0.0548135,0.0134398,0.0589513,0.1287066,0.0942392,0.0388414,0.0754555,
44,0.0,0.0750334,0.0529862,0.0656158,0.0576481,0.1483949,0.1273436,0.0408564,0.1242899,
45,0.0,0.0817459,0.0438432,0.0329682,0.0409851,0.1792699,0.1185947,0.0850976,0.1265326,
46,0.0,0.1536864,0.1140763,0.1283251,0.1167355,0.1685306,0.0773805,0.0808247,0.1991587,
47,0.0,0.18749,0.1618669,0.1580374,0.1883488,0.1047328,0.0666058,0.0842062,0.1285121,
48,0.0,0.1636766,0.0716672,0.0966794,0.0921233,0.095708,0.0677863,0.0643997,0.1132639,
49,0.0,0.1370413,0.065957,0.1037768,0.0565131,0.1364703,0.0592071,0.0299615,0.1124848,
50,0.0,0.1655684,0.0850665,0.1015779,0.1197228,0.1482936,0.0516976,0.066044,0.0873782,
51,0.0,0.2059243,0.1938227,0.1407854,0.1032786,0.1860914,0.0798691,0.1838402,0.1810308,
52,0.0,0.1144928,0.0697517,0.0468692,0.1413005,0.2023266,0.1035175,0.1590165,0.2843919,
53,0.0,0.1447242,0.107073,0.053408,0.1411315,0.1869083,0.0270226,0.1402064,0.0689441,
54,0.0,0.1111977,0.1287263,0.0504973,0.1425122,0.1851317,0.0432082,0.1375545,0.1547504,
55,0.0,0.1250102,0.1601442,0.0894916,0.1223946,0.2221625,0.0464726,0.1970052,0.2097797,
56,0.0,0.2103031,0.2441677,0.1657033,0.2003642,0.1564679,0.0668283,0.103577,0.1603371,
57,0.0,0.1614073,0.1505444,0.1113219,0.1182334,0.1534397,0.0852579,0.1055734,0.1277617,
58,0.0,0.1832426,0.1667486,0.0889352,0.1393536,0.1384912,0.1666216,0.1644884,0.1290943,
59,0.0,0.2253269,0.229208,0.1781431,0.1372332,0.1788412,0.1691114,0.0785998,0.1558086,
60,0.0,0.1986308,0.1975093,0.1463347,0.106995,0.1808214,0.0828558,0.1378441,0.1612478,
61,0.0,0.1335521,0.0948139,0.0565226,0.0590031,0.1679596,0.072875,0.1589525,0.11005,
62,0.0,0.1172242,0.0717346,0.1028547,0.0653002,0.1527935,0.1023295,0.1140466,0.122277,
63,0.0,0.1341958,0.048853,0.0851886,0.0751335,0.089934,0.1106358,0.121095,0.1234423,
64,0.0,0.1263392,0.0565835,0.0640508,0.0756564,0.0884906,0.1272438,0.1710596,0.1116769,
65,0.0,0.1047483,0.054276,0.0715593,0.0856809,0.0948592,0.1111263,0.155622,0.0704613,
66,0.0,0.0714089,0.0375001,0.0612054,0.0411987,0.0818238,0.0740313,0.1364572,0.0821195,
67,0.0,0.0764161,0.0476525,0.0379739,0.0401647,0.0321006,0.067882,0.1539053,0.0404842,
68,0.0,0.0581236,0.0498488,0.0560257,0.0663671,0.0184981,0.0692593,0.1485314,0.0451484,
69,0.0,0.0884601,0.059004,0.0352281,0.0564285,0.04606,0.0898338,0.1079254,0.0474281,
70,0.0,0.0991104,0.0902432,0.0494809,0.1062349,0.0755874,0.0941741,0.1730779,0.1321742,
71,0.0,0.1421969,0.2208792,0.1264493,0.113661,0.0613992,0.0889938,0.1540909,0.1235545,
72,0.0,0.2052639,0.221482,0.2742107,0.1204554,0.1611585,0.2106145,0.3329392,0.1194579,
73,0.0,0.1117312,0.211779,0.2752552,0.0949184,0.141304,0.2004972,0.410374,0.1143803,
74,0.0,0.0881365,0.1743248,0.1574778,0.1355422,0.0875153,0.1728072,0.3297144,0.1163677,
75,0.0,0.075375,0.147258,0.0404546,0.13355,0.0646911,0.091567,0.2015885,0.1184522,
76,0.0,0.0897175,0.0831204,0.059231,0.1138744,0.0903679,0.0829414,0.1586691,0.0732612,
77,0.0,0.1123352,0.0718069,0.0688334,0.0940266,0.0831582,0.0672897,0.1424555,0.0726491,
78,0.0,0.0365341,0.0586196,0.0482962,0.1137564,0.1114798,0.1333271,0.1545609,0.1079038,
79,0.0,0.1036755,0.0729071,0.1064644,0.1001027,0.1113991,0.1237325,0.0503405,0.1195638,
80,0.0,0.0784656,0.0395268,0.1247288,0.0821348,0.1105378,0.1404804,0.067488,0.1066556,
81,0.0,0.0723631,0.0675559,0.104481,0.0732604,0.2078671,0.1652979,0.0590793,0.12294,
82,0.0,0.029514,0.0595569,0.0227748,0.0620703,0.225063,0.0725734,0.1294612,0.1016936,
83,0.0,0.0350209,0.0672567,0.0386904,0.0982316,0.1096728,0.0792847,0.2145322,0.0792448,
84,0.0,0.0445372,0.073446,0.0299322,0.1154625,0.0975565,0.0808577,0.0234435,0.0773601,
85,0.0,0.038771,0.0534974,0.029401,0.0873004,0.0816118,0.0481757,0.0163172,0.0782239,
86,0.0,0.0388552,0.0472781,0.0667673,0.0934675,0.0715985,0.0533865,0.0256326,0.0724905,
87,0.0,0.060475,0.0268009,0.0639089,0.063634,0.0793818,0.0909932,0.0364756,0.041336,
88,0.0,0.0805977,0.0653551,0.0731719,0.0753082,0.0746039,0.0908778,0.0479451,0.0634238,
89,0.0,0.0671936,0.0617462,0.0448535,0.0888928,0.0458944,0.0676112,0.073363,0.0570052,
90,0.0,0.0747532,0.0558747,0.0577409,0.1220152,0.0796397,0.0769947,0.0959053,0.1335197,
91,0.0,0.0421617,0.0740252,0.0641212,0.1257661,0.0718848,0.0914065,0.1641654,0.0990531,
92,0.0,0.0987638,0.0837728,0.0528809,0.156092,0.0860533,0.1400999,0.1691908,0.1011511,
93,0.0,0.1171816,0.1223779,0.0291882,0.1139538,0.1251344,0.1374318,0.2090887,0.0939967,
94,0.0,0.0853194,0.1015575,0.076453,0.0857715,0.0584277,0.1041092,0.0782502,0.0692641,
95,0.0,0.0555241,0.1266773,0.0948282,0.0633112,0.055393,0.0544405,0.0952153,0.0663014,
96,0.0,0.0476867,0.0765476,0.1053397,0.0609949,0.059442,0.0958613,0.1092674,0.0619509,
97,0.0,0.0361398,0.0431005,0.0546044,0.0835669,0.055734,0.0667084,0.109093,0.075002,
98,0.0,0.0526971,0.0356245,0.0306023,0.0885029,0.058586,0.0793342,0.1023495,0.0774111,
99,0.0,0.0383069,0.0422834,0.0433327,0.0885299,0.0600166,0.0833117,0.1234827,0.0549183,
100,0.0,0.0592861,0.0579592,0.0348512,0.0811195,0.0810776,0.0845888,0.1168468,0.0604404,
101,0.0,0.0798604,0.059035,0.051849,0.0664955,0.0679147,0.096484,0.1006104,0.0849429,
102,0.0,0.0712913,0.0310513,0.04968,0.0958152,0.0821049,0.130067,0.070695,0.0711303,
103,0.0,0.0524102,0.0262501,0.0196589,0.0759859,0.0403051,0.0797801,0.0601934,0.0680839,
104,0.0,0.0641616,0.011015,0.0559219,0.1090887,0.0217586,0.1339147,0.0869305,0.0660592,
105,0.0,0.1090924,0.0570486,0.0381646,0.1296501,0.0352514,0.0784028,0.0972822,0.0519764,
106,0.0,0.095785,0.0874471,0.0400133,0.1438893,0.0411234,0.0533014,0.0581011,0.0421222,
107,0.0,0.0450354,0.1280372,0.0395612,0.0719098,0.0140564,0.0764015,0.1015519,0.0517754,
108,0.0,0.0551462,0.1274185,0.0447623,0.0640526,0.0606045,0.0588099,0.1354602,0.0925143,
109,0.0,0.0667898,0.1258396,0.0409721,0.0552055,0.032359,0.0419725,0.0791709,0.0955205,
110,0.0,0.0349195,0.0401118,0.0416026,0.0546915,0.0240157,0.0526005,0.087306,0.0753247,
111,0.0,0.0202589,0.0425778,0.023628,0.0356279,0.0337461,0.0648873,0.0193536,0.0655544,
112,0.0,0.0311563,0.0329499,0.0309371,0.0549672,0.0544872,0.0361594,0.0468611,0.0572359,
113,0.0,0.0588183,0.0352032,0.0502535,0.0436844,0.0572135,0.0750877,0.0765963,0.040805,
114,0.0,0.0524131,0.0469579,0.0387902,0.0236698,0.030139,0.0824031,0.0683962,0.0211665,
115,0.0,0.0427953,0.0306979,0.0363496,0.002595,0.0597341,0.0427238,0.0896627,0.0254158,
116,0.0,0.0296295,0.0416198,0.059664,0.0285901,0.0442478,0.0514535,0.1075405,0.0079239,
117,0.0,0.0299752,0.0467739,0.0520217,0.0568374,0.0582908,0.0347435,0.0461174,0.0557842,
118,0.0,0.0315061,0.056742,0.0391587,0.064131,0.0558784,0.045007,0.0442801,0.0826394,
119,0.0,0.0753837,0.0292458,0.0699084,0.0871545,0.0891545,0.0541012,0.0618116,0.1051564,
120,0.0,0.0508231,0.0887281,0.0774182,0.0600202,0.0376931,0.065386,0.0633415,0.0959993,
121,0.0,0.0319923,0.0875989,0.0878865,0.0691288,0.0808896,0.0588749,0.0309056,0.0547143,
122,0.0,0.0591674,0.0303444,0.1269978,0.1123711,0.1298879,0.0861062,0.1419804,0.1141789,
123,0.0,0.0443215,0.0377477,0.0790355,0.0610316,0.1123859,0.0523048,0.1155599,0.1138894,
124,0.0,0.0592351,0.0362855,0.0185715,0.0303291,0.0566205,0.0234577,0.0456357,0.0986473,
125,0.0,0.0446217,0.0278448,0.0303082,0.0367255,0.0671986,0.0314747,0.047377,0.0289829,
126,0.0,0.0551219,0.0527538,0.0358804,0.046561,0.0395395,0.0442067,0.0366335,0.0362171,
127,0.0,0.0714263,0.0834022,0.0244455,0.0341833,0.0380674,0.0280357,0.041696,0.0419815,
128,0.0,0.0645875,0.0455112,0.0211225,0.0449751,0.0379733,0.0345183,0.0407888,0.0479787,
129,0.0,0.0512707,0.0658502,0.0376197,0.0333003,0.0312558,0.074695,0.1185144,0.0503135,
130,0.0,0.0428578,0.0794612,0.0219814,0.0196086,0.0172604,0.073343,0.10295,0.0393803,
131,0.0,0.0384181,0.0948887,0.05,0.0199763,0.0134345,0.0431013,0.0770377,0.0203555,
132,0.0,0.0362133,0.154999,0.0656241,0.034839,0.074214,0.0495301,0.0576866,0.051639,
133,0.0,0.0527624,0.1228267,0.0311988,0.0605987,0.0335594,0.0701239,0.0495584,0.0583603,
134,0.0,0.0480248,0.0872238,0.0430188,0.0539309,0.0241729,0.0870345,0.0428388,0.0525204,
135,0.0,0.0379286,0.0956272,0.0210523,0.0413076,0.0155285,0.0137993,0.0227523,0.0464874,
136,0.0,0.0723792,0.0526275,0.0180076,0.0594639,0.0362654,0.0242259,0.0354052,0.0375341,
137,0.0,0.061098,0.0094218,0.0119675,0.0690675,0.0898867,0.0438729,0.0389571,0.0820277,
138,0.0,0.0677532,0.0299254,0.1156721,0.0774276,0.0756805,0.0478062,0.0452764,0.0417529,
139,0.0,0.0566145,0.0607893,0.030187,0.0324327,0.0812288,0.0458249,0.0166919,0.0812948,
140,0.0,0.0698342,0.0452368,0.0531777,0.0335411,0.063796,0.040942,0.016144,0.0596094,
141,0.0,0.0627614,0.0446765,0.0350743,0.0604042,0.0620334,0.0204472,0.0254015,0.0759165,
142,0.0,0.0676382,0.0344394,0.0345217,0.0525476,0.0735686,0.0069462,0.0902879,0.1022917,
143,0.0,0.0348705,0.0721178,0.0604822,0.0834833,0.0884465,0.0765002,0.0447526,0.1014265,
144,0.0,0.0160575,0.059283,0.0126488,0.0570971,0.0547056,0.0502172,0.0373074,0.0281317,
145,0.0,0.018042,0.0514305,0.0302099,0.0193015,0.0421836,0.0734462,0.0198722,0.0508621,
146,0.0,0.062537,0.0953217,0.0255897,0.0472206,0.0304635,0.0894791,0.0258107,0.0354658,
147,0.0,0.0257814,0.0896103,0.0246017,0.0446759,0.014944,0.0491258,0.0428894,0.0444988,
148,0.0,0.0682475,0.0842934,0.0142883,0.033209,0.0260794,0.133505,0.0465556,0.0318907,
149,0.0,0.0551072,0.0774983,0.0186574,0.0200623,0.0431898,0.1212697,0.0453423,0.0532047,
150,0.0,0.0542497,0.066626,0.0168094,0.0278862,0.0551595,0.034988,0.05525,0.0259078,
151,0.0,0.049168,0.0554847,0.074323,0.0541538,0.0414431,0.0381941,0.0636086,0.0337792,
152,0.0,0.0613925,0.0571706,0.0852187,0.0446944,0.0481688,0.0978597,0.0876932,0.0421632,
153,0.0,0.0618809,0.1144906,0.1045357,0.0608505,0.1344216,0.1195643,0.1680588,0.084012,
154,0.0,0.0612641,0.1119145,0.108171,0.0598693,0.1196059,0.165287,0.1597444,0.0723059,
155,0.0,0.0934541,0.1037507,0.0635807,0.0526575,0.0666417,0.1617718,0.0938949,0.0359599,
156,0.0,0.0336834,0.0475879,0.0260541,0.0599439,0.087718,0.1177078,0.0872035,0.0443599,
157,0.0,0.0469473,0.0397892,0.037512,0.0451667,0.0773278,0.0879356,0.1016184,0.0660508,
158,0.0,0.0425209,0.0438589,0.0230369,0.0843672,0.0489819,0.0687731,0.0512231,0.056083,
159,0.0,0.0245852,0.0594363,0.0508373,0.0784613,0.0589648,0.0688828,0.0619253,0.0436123,
160,0.0,0.0416268,0.0461173,0.0433722,0.083187,0.0259428,0.0656665,0.0541936,0.0518245,
161,0.0,0.074038,0.0174123,0.038733,0.0540646,0.0321078,0.0961383,0.0328026,0.0632808,
162,0.0,0.0317136,0.0440248,0.0193976,0.0438235,0.0264517,0.0883053,0.0459674,0.0281606,
163,0.0,0.0515121,0.0691488,0.0160361,0.0599023,0.0040711,0.040635,0.0669344,0.0747245,
164,0.0,0.1056726,0.0600417,0.0205874,0.0486361,0.0609668,0.0659706,0.0547824,0.0685686,
165,0.0,0.1156957,0.0330541,0.0227658,0.006695,0.0588005,0.0968206,0.0663598,0.0566892,
166,0.0,0.116988,0.0741263,0.0418181,0.0604332,0.0540524,0.0991443,0.055513,0.0578161,
167,0.0,0.1165099,0.0425219,0.0541941,0.0778075,0.0895218,0.0734657,0.0889117,0.0467109,
168,0.0,0.1448672,0.0725283,0.0757952,0.0598225,0.1482832,0.1241769,0.1219939,0.0784715,
169,0.0,0.1495146,0.0902711,0.1020937,0.0480932,0.1429899,0.0596311,0.1321999,0.0637121,
170,0.0,0.1342467,0.1162755,0.0400527,0.0594084,0.0470542,0.015033,0.1129592,0.0110912,
171,0.0,0.1446093,0.0871931,0.0498213,0.1290243,0.0359255,0.0260574,0.0850714,0.0237741,
172,0.0,0.1079119,0.0436387,0.0829517,0.0248854,0.0330039,0.0458579,0.054318,0.0401142,
173,0.0,0.0620874,0.0266864,0.0543348,0.0452623,0.0269319,0.0594008,0.0402261,0.037946,
174,0.0,0.0494328,0.0485319,0.0600905,0.0775377,0.0650463,0.0450645,0.0436033,0.0183276,
175,0.0,0.0530032,0.0542887,0.0406521,0.0547035,0.030936,0.0280788,0.0393461,0.0250443,
176,0.0,0.0556818,0.0547783,0.0296513,0.0651278,0.0299288,0.0819422,0.0451766,0.0457342,
177,0.0,0.0621313,0.0308473,0.0474206,0.0324651,0.0847329,0.1138605,0.0635447,0.0583549,
178,0.0,0.058192,0.0375034,0.020662,0.0449371,0.0458583,0.094011,0.0943513,0.0662091,
179,0.0,0.0427994,0.0730813,0.0233187,0.072938,0.0591103,0.024883,0.0728632,0.0364146,
180,0.0,0.053779,0.0299985,0.0255933,0.0250321,0.0746761,0.0584588,0.0479189,0.0276528,
181,0.0,0.0611335,0.0190303,0.0679213,0.0681683,0.0430819,0.035983,0.0583098,0.042155,
182,0.0,0.0542474,0.0681464,0.0809343,0.0704715,0.0353334,0.0632099,0.0436146,0.0280505,
183,0.0,0.0372302,0.1587328,0.0880104,0.0865385,0.0540028,0.0716682,0.1183193,0.0378068,
184,0.0,0.0686197,0.1035394,0.1781087,0.1345234,0.0264644,0.0610572,0.039359,0.0488021,
185,0.0,0.0369904,0.1226493,0.1129187,0.1232056,0.0405119,0.0861545,0.0295005,0.1033993,
186,0.0,0.0434052,0.1089544,0.0740842,0.0895736,0.1074768,0.0661943,0.0312545,0.1251808,
187,0.0,0.0197115,0.0622682,0.0957835,0.0857252,0.0902209,0.0329664,0.0473655,0.0633809,
188,0.0,0.0609474,0.1080372,0.0767444,0.0618623,0.1496082,0.0264862,0.0851415,0.0688135,
189,0.0,0.1265255,0.0953057,0.1480244,0.0728429,0.1742802,0.0583161,0.0664159,0.0833477,
190,0.0,0.1278317,0.1492568,0.0963605,0.1089007,0.1763305,0.0638407,0.088866,0.0842543,
191,0.0,0.1432787,0.1909964,0.1724399,0.1196059,0.170084,0.0858891,0.1196863,0.0828559,
192,0.0,0.0162961,0.1131708,0.0697579,0.0682665,0.0929574,0.1083796,0.0579873,0.1322336,
193,0.0,0.1146824,0.0724396,0.0361661,0.0487054,0.0905112,0.1595953,0.0565066,0.1519543,
194,0.0,0.1046739,0.0730243,0.0337189,0.0443131,0.0668037,0.1417403,0.0515177,0.1259732,
195,0.0,0.0494939,0.1682385,0.0887274,0.0542275,0.0932249,0.1465449,0.0405448,0.0562844,
196,0.0,0.092774,0.2594952,0.1161648,0.1144979,0.0443428,0.1559486,0.0718061,0.0919387,
197,0.0,0.1125301,0.1660579,0.1259228,0.1460449,0.051738,0.1107924,0.041953,0.0915342,
198,0.0,0.0791492,0.1478283,0.1332871,0.1439783,0.0619612,0.0811248,0.0443629,0.1562808,
199,0.0,0.0970813,0.112167,0.1135168,0.1389001,0.0578941,0.06417,0.0467192,0.1210454,
200,0.0,0.1010193,0.109236,0.1141528,0.1584333,0.0498813,0.0760302,0.0630324,0.0825256,
201,0.0,0.0961265,0.0727569,0.0977392,0.0925455,0.0381396,0.0655624,0.0721599,0.1158813,
202,0.0,0.0897853,0.1028032,0.1029033,0.0682588,0.0471842,0.0692813,0.0705819,0.0725819,
203,0.0,0.0662546,0.0867926,0.0958437,0.0496188,0.032505,0.0799905,0.0461293,0.0095666,
204,0.0,0.0598913,0.0595123,0.0709239,0.038739,0.0274462,0.0560278,0.0360659,0.0385896,
205,0.0,0.0551336,0.0630804,0.0891041,0.0256552,0.0260155,0.0694108,0.0260229,0.0177783,
206,0.0,0.0441755,0.0578297,0.0686208,0.0196348,0.0276485,0.0925041,0.0205437,0.0217576,
207,0.0,0.0353384,0.0416851,0.0595424,0.0244362,0.0300468,0.0791586,0.0117227,0.0808338,
208,0.0,0.0672951,0.050327,0.0685561,0.0206677,0.0306337,0.0684911,0.0162097,0.0708281,
209,0.0,0.0616275,0.061684,0.0882679,0.0129206,0.0368716,0.0991742,0.015541,0.0487961,
210,0.0,0.0514262,0.0559742,0.0888015,0.0492209,0.0573107,0.0768136,0.0254136,0.0570863,
211,0.0,0.0419442,0.0422316,0.0578222,0.0585168,0.0644126,0.0280571,0.0579922,0.0721539,
212,0.0,0.0543462,0.0332213,0.0297319,0.0522278,0.0762341,0.0450693,0.0760064,0.0909188,
213,0.0,0.0607828,0.0961256,0.074709,0.046426,0.1285142,0.0365919,0.0465121,0.1149078,
214,0.0,0.0811739,0.0771076,0.0608913,0.0423055,0.1347676,0.0745956,0.0856445,0.1359452,
215,0.0,0.0819733,0.0585663,0.0795358,0.0607243,0.1502063,0.0539276,0.1131922,0.1495397,
216,0.0,0.0818858,0.0608532,0.0751753,0.0647931,0.1832843,0.1073201,0.1815023,0.1453919,
217,0.0,0.0329592,0.0464613,0.0507761,0.0487802,0.1796573,0.1272593,0.1527786,0.1060018,
218,0.0,0.0388066,0.0849096,0.0085506,0.0726146,0.1632664,0.1283932,0.1301082,0.1033949,
219,0.0,0.059933,0.0661449,0.0435857,0.0272397,0.0970977,0.0950487,0.1766358,0.073508,
220,0.0,0.0376691,0.0564373,0.0822997,0.069957,0.1256751,0.0725966,0.1713371,0.0711519,
221,0.0,0.0417104,0.1081181,0.1323484,0.0898444,0.1036809,0.0695114,0.1665465,0.0929704,
222,0.0,0.0428996,0.1453766,0.0856415,0.0791787,0.1086208,0.1543605,0.1569275,0.1906565,
223,0.0,0.173807,0.1677126,0.1295402,0.0847707,0.0871023,0.1633581,0.1557162,0.1139435,
224,0.0,0.1533981,0.1519984,0.0934581,0.1146398,0.0640269,0.0192534,0.1146496,0.1203603,
225,0.0,0.0707457,0.0876196,0.115557,0.1186627,0.1140753,0.0541559,0.0985248,0.1440343,
226,0.0,0.1284208,0.0606495,0.1490237,0.1270654,0.1088917,0.1023585,0.095292,0.1204554,
227,0.0,0.1453017,0.122773,0.1518603,0.10671,0.100116,0.0693734,0.0802609,0.1409419,
228,0.0,0.1528033,0.0948429,0.1867209,0.0962675,0.0904063,0.1041487,0.0475932,0.1035035,
229,0.0,0.1499703,0.0992112,0.1536422,0.0900088,0.090768,0.1443461,0.1055821,0.1369331,
230,0.0,0.1037576,0.0648062,0.1806865,0.1214874,0.0408269,0.1288185,0.0766232,0.1291564,
231,0.0,0.1491609,0.090515,0.1902769,0.1204103,0.0722551,0.1244874,0.0517502,0.1262288,
232,0.0,0.1222772,0.0944185,0.2347663,0.1181795,0.1085784,0.1168504,0.0433703,0.1170075,
233,0.0,0.1441166,0.0908173,0.190112,0.130404,0.0786919,0.1223522,0.0537649,0.1231911,
234,0.0,0.1450185,0.0849171,0.1788114,0.1652184,0.0683195,0.0744036,0.1174025,0.1247541,
235,0.0,0.0921384,0.1191546,0.1802805,0.2497884,0.1110749,0.120219,0.1094561,0.1045411,
236,0.0,0.1986914,0.1291931,0.2080947,0.1832916,0.1770542,0.160362,0.066688,0.0921007,
237,0.0,0.1197334,0.0711616,0.1279841,0.1072668,0.1632658,0.1527587,0.1184229,0.0839243,
238,0.0,0.0793415,0.1232121,0.168534,0.1568219,0.1209708,0.1061683,0.1186581,0.165961,
239,0.0,0.0776129,0.1235322,0.1360086,0.1013952,0.0937592,0.0976598,0.1008699,0.1651745,
240,0.0,0.0740702,0.1200583,0.1419774,0.1392435,0.0257804,0.1157067,0.0875246,0.1633837,
241,0.0,0.0756607,0.1275775,0.1517908,0.1636564,0.0547272,0.1009993,0.1172865,0.1668932,
242,0.0,0.0779973,0.1031045,0.1645779,0.1605586,0.0674913,0.0645178,0.0842671,0.1006666,
243,0.0,0.0818709,0.1185526,0.2093233,0.1482149,0.1090721,0.1246137,0.0804488,0.120818,
244,0.0,0.0794957,0.1231784,0.2034506,0.1675991,0.0671195,0.1046404,0.1176664,0.1238045,
245,0.0,0.1314152,0.1713677,0.1352328,0.1761803,0.078273,0.0700969,0.1222694,0.1283954,
246,0.0,0.0863952,0.1217346,0.1387875,0.1707467,0.0673079,0.1038186,0.0369388,0.201408,
247,0.0,0.0847104,0.0966471,0.1703337,0.1827822,0.0596819,0.1067902,0.0909471,0.2327504,
248,0.0,0.1411876,0.1226701,0.1464783,0.1554902,0.0515755,0.1017629,0.1074352,0.1926682,
249,0.0,0.0966792,0.0635225,0.1691362,0.0559823,0.0519801,0.094166,0.0496037,0.0531622,
250,0.0,0.0874413,0.0654437,0.147837,0.0642806,0.0388083,0.1608977,0.0606479,0.0593054,
251,0.0,0.1313084,0.0867033,0.1747008,0.0483508,0.0954342,0.2614107,0.0857406,0.1057322,
252,0.0,0.1771632,0.0815839,0.1399446,0.0546639,0.0846196,0.2222179,0.1217504,0.1027307,
253,0.0,0.1038912,0.0827041,0.1494893,0.0487121,0.0903218,0.1315951,0.0863325,0.0766804,
254,0.0,0.1015914,0.0811205,0.1734951,0.0784173,0.081651,0.1140057,0.0935287,0.0814579,
255,0.0,0.1553212,0.0964194,0.1698785,0.098708,0.103423,0.0686441,0.1479668,0.126138,
256,0.0,0.1428431,0.018246,0.1604005,0.0747531,0.0876811,0.1056989,0.1460737,0.1220886,
257,0.0,0.1104164,0.0951691,0.1856131,0.0760451,0.092763,0.0802142,0.1168615,0.1447306,
258,0.0,0.0955762,0.0915369,0.1282987,0.1121784,0.0989235,0.1804455,0.1424454,0.1765658,
259,0.0,0.1031918,0.0696005,0.15252,0.0734052,0.0666094,0.1077243,0.1328947,0.0902295,
260,0.0,0.0986587,0.11164,0.1708925,0.0847442,0.0236277,0.0733457,0.1010591,0.0995822,
261,0.0,0.0692551,0.1067066,0.1671834,0.0751025,0.0258872,0.0422011,0.0751291,0.0526853,
262,0.0,0.0673629,0.0928085,0.1710173,0.1088125,0.0382946,0.0364198,0.0946598,0.091481,
263,0.0,0.0536006,0.1090183,0.1006122,0.1117458,0.0336361,0.0448877,0.1164557,0.0419156,
264,0.0,0.0594118,0.079177,0.121425,0.0389161,0.0559139,0.0477983,0.1065498,0.0357983,
265,0.0,0.0537341,0.0621811,0.1374992,0.0888972,0.0641586,0.0418825,0.0920108,0.0433562,
266,0.0,0.0215416,0.0889892,0.1176203,0.0590422,0.079075,0.0350578,0.109205,0.068966,
267,0.0,0.0141185,0.08788,0.0779848,0.050977,0.0721103,0.0459444,0.1347737,0.0533191,
268,0.0,0.0333806,0.044137,0.0876329,0.0594929,0.0732834,0.0674513,0.1136473,0.0553715,
269,0.0,0.0287094,0.0385475,0.1140587,0.0948741,0.0723403,0.084563,0.1262605,0.0610845,
270,0.0,0.0348116,0.0833731,0.1098218,0.0699049,0.0611748,0.1362592,0.1313204,0.0707729,
271,0.0,0.1066715,0.0505981,0.0738551,0.0697238,0.1054965,0.1293912,0.1343062,0.0626957,
272,0.0,0.1619669,0.0295143,0.099563,0.0314816,0.125493,0.109855,0.1558722,0.0424019,
273,0.0,0.1227305,0.1472799,0.1366853,0.0924568,0.0970635,0.1117504,0.2148471,0.0580858,
274,0.0,0.1184802,0.1785936,0.0923871,0.1566779,0.0859916,0.0535708,0.1781579,0.1386528,
275,0.0,0.1163043,0.1720436,0.1066245,0.1025508,0.1179067,0.0732533,0.195811,0.1544118,
276,0.0,0.119746,0.1585827,0.0546432,0.1065417,0.1611975,0.1719487,0.177032,0.1564026,
277,0.0,0.0609089,0.1124633,0.0544847,0.1255514,0.1053426,0.1261468,0.1514236,0.2337999,
278,0.0,0.0700071,0.1605514,0.0684708,0.1839076,0.1174579,0.1412012,0.1036829,0.2433997,
279,0.0,0.0547273,0.1115783,0.0713745,0.1208403,0.0795699,0.0790078,0.0665793,0.1802602,
280,0.0,0.1261902,0.0579339,0.007047,0.1190527,0.0805799,0.0938789,0.0787911,0.0984086,
281,0.0,0.1372753,0.0489969,0.0200295,0.0764963,0.101386,0.0668959,0.0568242,0.0553825,
282,0.0,0.1351168,0.0922902,0.0478553,0.0792152,0.1221032,0.098274,0.1162692,0.0848498,
283,0.0,0.1091528,0.1055243,0.0499195,0.0572911,0.164414,0.1343391,0.2072744,0.1402393,
284,0.0,0.0979513,0.1037298,0.0272851,0.0576064,0.0916679,0.0936756,0.0848167,0.1309254,
285,0.0,0.0549778,0.0433752,0.0372418,0.0923026,0.0666938,0.1248002,0.0344334,0.0587742,
286,0.0,0.0688056,0.0734551,0.0399999,0.1028568,0.0573549,0.1377383,0.0381905,0.0834911,
287,0.0,0.0395653,0.0737705,0.0576275,0.0275431,0.0461175,0.0510024,0.0313187,0.0715311,
288,0.0,0.0568205,0.0658349,0.1197782,0.0741376,0.0376765,0.0343436,0.0303042,0.0578539,
289,0.0,0.092538,0.0633613,0.0789942,0.0938979,0.0398518,0.0492769,0.0335577,0.0537102,
290,0.0,0.0499315,0.0495569,0.0556972,0.0697755,0.0676457,0.0681866,0.030054,0.0512279,
291,0.0,0.0625212,0.0206073,0.0716337,0.0742919,0.0607818,0.1102734,0.0776975,0.0224374,
292,0.0,0.0513037,0.0628213,0.0584566,0.0825612,0.0494516,0.1125364,0.0642078,0.102872,
293,0.0,0.0536133,0.0722737,0.0876917,0.0430828,0.0908111,0.0803505,0.0199912,0.1130734,
294,0.0,0.0771548,0.0752829,0.0588385,0.0513515,0.1212514,0.1251923,0.0375528,0.1304416,
295,0.0,0.0631338,0.0598617,0.042956,0.073998,0.1129678,0.1339738,0.0314225,0.0728841,
296,0.0,0.0234131,0.0469168,0.0283249,0.0623659,0.0870986,0.1204167,0.0611922,0.0631072,
297,0.0,0.0448222,0.111016,0.033291,0.0377301,0.0692365,0.0698814,0.0625338,0.0331893,
298,0.0,0.0459446,0.1268947,0.0314701,0.0414941,0.0695345,0.0143178,0.0693583,0.061099,
299,0.0,0.0486649,0.1305423,0.0525961,0.070949,0.0673797,0.0595704,0.0777967,0.0467511,
300,0.0,0.0435552,0.0945558,0.0293779,0.0648406,0.0935161,0.1191202,0.1796714,0.0724772,
301,0.0,0.0322172,0.0513528,0.0362063,0.0569439,0.1106562,0.0501495,0.2130029,0.131139,
302,0.0,0.0253232,0.0739041,0.0346596,0.0673621,0.064798,0.1767405,0.2138121,0.2015111,
303,0.0,0.0610556,0.0622913,0.0624935,0.0838028,0.0350157,0.1058737,0.0925688,0.0117201,
304,0.0,0.0539583,0.0674969,0.0564685,0.0960667,0.0370157,0.0460985,0.0268853,0.0544053,
305,0.0,0.076846,0.0466882,0.0647732,0.0702406,0.0272333,0.0838114,0.0897723,0.0493335,
306,0.0,0.1063076,0.1063493,0.0807192,0.0721682,0.0297929,0.1238128,0.1235028,0.0411099,
307,0.0,0.0600721,0.0550202,0.0550371,0.0417248,0.081731,0.0287619,0.1954336,0.0581624,
308,0.0,0.0489463,0.0565203,0.0589271,0.0636437,0.0787167,0.0307356,0.1679335,0.0720291,
309,0.0,0.0351703,0.0376318,0.028626,0.0259106,0.0857701,0.0531839,0.0993628,0.0510623,
310,0.0,0.0223239,0.0578165,0.0506009,0.0238422,0.0567321,0.0605561,0.0398238,0.0610922,
311,0.0,0.0280382,0.0540005,0.0360759,0.0283991,0.0952566,0.0517955,0.0304895,0.0598711,
312,0.0,0.0633124,0.0692543,0.0363604,0.0207281,0.1363026,0.0376351,0.0036434,0.0401573,
313,0.0,0.0364449,0.0394918,0.0463088,0.0213184,0.1018903,0.0406005,0.0183174,0.0524022,
314,0.0,0.0238297,0.0670149,0.0616365,0.0090732,0.0788634,0.0273303,0.0316626,0.0798672,
315,0.0,0.0540087,0.0435377,0.0823002,0.018502,0.088528,0.0409577,0.0312388,0.0719748,
316,0.0,0.0830783,0.0456205,0.0606675,0.0496245,0.0332619,0.046437,0.0606893,0.05589,
317,0.0,0.0831449,0.0602637,0.0907927,0.0332748,0.0570975,0.0483147,0.0549407,0.0842014,
318,0.0,0.0848092,0.0707665,0.0687522,0.0754394,0.0350924,0.0509909,0.0978076,0.1176658,
319,0.0,0.0518272,0.0302918,0.0292299,0.0634773,0.0396879,0.037049,0.0807137,0.0505103,
320,0.0,0.0845014,0.0305878,0.0707524,0.0148853,0.0575596,0.0292615,0.0437348,0.0636959,
321,0.0,0.1238369,0.0325043,0.1405868,0.0365772,0.0766552,0.0312041,0.0449542,0.0411522,
322,0.0,0.0316872,0.0641913,0.0456928,0.0380972,0.1123366,0.0233803,0.0624005,0.0377617,
323,0.0,0.0362279,0.0702403,0.0817652,0.0375319,0.068122,0.0614396,0.0685372,0.0268576,
324,0.0,0.0420656,0.0806725,0.076642,0.0437705,0.0928672,0.0835709,0.0646619,0.0431863,
325,0.0,0.0620288,0.0831686,0.0877011,0.073269,0.1010212,0.0587499,0.072569,0.1016116,
326,0.0,0.0529242,0.0846213,0.0737675,0.0975398,0.0786188,0.0731297,0.0722793,0.1196338,
327,0.0,0.0542595,0.1011917,0.0782313,0.0947621,0.1094484,0.0850317,0.085579,0.0580571,
328,0.0,0.0885643,0.0687096,0.1223306,0.1130622,0.0684092,0.0805715,0.1291511,0.0625963,
329,0.0,0.0657376,0.0943038,0.1606027,0.119799,0.1704625,0.1290973,0.1717673,0.2216423,
330,0.0,0.0618203,0.0936354,0.2094275,0.1186729,0.1579925,0.200657,0.1040897,0.3706859,
331,0.0,0.0566608,0.0759366,0.1559708,0.0653084,0.0884238,0.0439469,0.1015603,0.1692864,
332,0.0,0.0761892,0.0884071,0.1117554,0.0802777,0.0249468,0.0771631,0.0449543,0.0806271,
333,0.0,0.0737843,0.0730941,0.068,0.089954,0.0229787,0.0726649,0.0336256,0.0864848,
334,0.0,0.074329,0.0431055,0.0498153,0.0347737,0.0718453,0.0545892,0.0543032,0.0523603,
335,0.0,0.0773956,0.0280421,0.0582769,0.0542983,0.1171385,0.0381828,0.0499406,0.0666771,
336,0.0,0.0952605,0.0249056,0.0359149,0.0469934,0.1302378,0.0306587,0.0570048,0.0380833,
337,0.0,0.0761055,0.0423085,0.037564,0.0729039,0.1363385,0.0255039,0.0997436,0.0421967,
338,0.0,0.0679075,0.038588,0.027343,0.076556,0.1224772,0.0299992,0.0878126,0.0541454,
339,0.0,0.090784,0.0588647,0.0729762,0.0565934,0.1268514,0.0624357,0.1151069,0.0433818,
340,0.0,0.0913589,0.1083257,0.0750679,0.0802432,0.1327256,0.1057963,0.096663,0.0614274,
341,0.0,0.0577843,0.0830722,0.0544214,0.0888387,0.1328948,0.1142494,0.1009308,0.0323795,
342,0.0,0.0781371,0.0510232,0.0590258,0.0656926,0.1125568,0.0880177,0.0600779,0.0044546,
343,0.0,0.1239409,0.036309,0.0414742,0.0741372,0.1067169,0.048237,0.0410689,0.0328769,
344,0.0,0.1345305,0.0245734,0.0569837,0.0915841,0.069157,0.0677439,0.0447738,0.0436844,
345,0.0,0.0988478,0.0635252,0.0698938,0.1144532,0.0567459,0.0318575,0.0370291,0.0712853,
346,0.0,0.0765857,0.0572112,0.0846774,0.1039987,0.0647466,0.0360021,0.0785507,0.1336872,
347,0.0,0.0742553,0.0741893,0.0740938,0.1324208,0.0311835,0.052507,0.0458755,0.083928,
348,0.0,0.106776,0.0796372,0.1074745,0.1274012,0.0556805,0.0428599,0.0640334,0.0597935,
349,0.0,0.0850305,0.0986233,0.1189096,0.1749266,0.0782907,0.0298302,0.0958393,0.1257207,
350,0.0,0.1017087,0.1226638,0.1327911,0.1960443,0.117005,0.0426665,0.103397,0.1614556,
351,0.0,0.1063166,0.1317623,0.1947261,0.1551842,0.1340195,0.0539059,0.140933,0.155651,
352,0.0,0.0907632,0.1003164,0.2363642,0.1429766,0.0572116,0.1499179,0.2068396,0.29103,
353,0.0,0.1326581,0.1407127,0.2834185,0.1379844,0.0793665,0.1657082,0.1310292,0.3244816,
354,0.0,0.0195302,0.1300766,0.1886709,0.0732951,0.048077,0.0836733,0.0670428,0.2075158,
355,0.0,0.0469095,0.1010383,0.1198176,0.0536502,0.0984524,0.067526,0.155769,0.2338178,
356,0.0,0.0560803,0.1608557,0.134188,0.0686383,0.1026902,0.0892842,0.0706627,0.2457216,
357,0.0,0.1312696,0.1905774,0.1295611,0.1330187,0.1265914,0.086064,0.1341613,0.2376446,
358,0.0,0.0909052,0.1536683,0.1451679,0.1508748,0.0844981,0.0775743,0.1310561,0.1590717,
359,0.0,0.1010794,0.1468659,0.1314226,0.1443703,0.0814923,0.1344473,0.1429629,0.1840451,
360,0.0,0.0773085,0.1065537,0.1274744,0.1548152,0.0923503,0.1392917,0.1092643,0.1730037,
361,0.0,0.0488398,0.131098,0.1357693,0.1450554,0.0581791,0.1585686,0.228893,0.1868035,
362,0.0,0.0590973,0.1568467,0.1568968,0.171281,0.0754713,0.14257,0.1947403,0.2321692,
363,0.0,0.1062375,0.0920996,0.1528088,0.1659072,0.091806,0.1107751,0.1518116,0.1421807,
364,0.0,0.1063908,0.0616236,0.1238428,0.1519171,0.1084013,0.0983647,0.1230801,0.1711595,
365,0.0,0.1063457,0.1095678,0.21167,0.2300219,0.0929531,0.1273487,0.1776952,0.1725882,
366,0.0,0.1399767,0.0691908,0.2224985,0.1958604,0.1001162,0.1447171,0.1436444,0.1122582,
367,0.0,0.1127929,0.0560071,0.1772557,0.1333329,0.0728655,0.0740759,0.1576695,0.0800384,
368,0.0,0.1070547,0.0902059,0.2090254,0.0857216,0.0718559,0.0795591,0.1913163,0.129912,
369,0.0,0.1089283,0.0604755,0.143822,0.1021172,0.1265175,0.047364,0.1708293,0.1175719,
370,0.0,0.1285579,0.0755232,0.1174341,0.0697065,0.128347,0.0933122,0.182414,0.1028242,
371,0.0,0.1039232,0.0970714,0.1869802,0.0460007,0.1107503,0.0822386,0.1826451,0.0550241,
372,0.0,0.0476629,0.1172243,0.1129652,0.0989828,0.0693418,0.0596927,0.1607397,0.0750911,
373,0.0,0.0614279,0.1126337,0.0994223,0.1661146,0.0796563,0.0670603,0.1194901,0.1350937,
374,0.0,0.0557288,0.0733414,0.1142168,0.1005798,0.071697,0.0469581,0.1201214,0.1033797,
375,0.0,0.0248826,0.0612743,0.152515,0.0915681,0.0969986,0.0787066,0.1399503,0.0816819,
376,0.0,0.0625677,0.0705535,0.173888,0.1112651,0.1294161,0.0264747,0.1078879,0.0503333,
377,0.0,0.1690895,0.2477333,0.177273,0.2232058,0.1460387,0.1256647,0.0752832,0.1179165,
378,0.0,0.1925996,0.222757,0.1777379,0.267597,0.1126554,0.1674342,0.1253408,0.067166,
379,0.0,0.1249203,0.1158991,0.1719845,0.1454793,0.0910469,0.1385509,0.1236671,0.0417421,
380,0.0,0.0695405,0.0541913,0.1793245,0.1144562,0.0733958,0.1799374,0.1563178,0.1061192,
381,0.0,0.0661223,0.0689381,0.1825315,0.1431349,0.0952567,0.1521561,0.1953197,0.0890065,
382,0.0,0.0832907,0.0303718,0.1594804,0.1721872,0.081713,0.154957,0.160497,0.0790896,
383,0.0,0.0655041,0.0420069,0.1958097,0.1154438,0.060086,0.0821873,0.1288784,0.1243845,
384,0.0,0.1237545,0.068135,0.2143384,0.1048102,0.0563298,0.0962129,0.12343,0.1590991,
385,0.0,0.0632085,0.0645888,0.1287019,0.1015251,0.0354004,0.0833567,0.1371293,0.1165875,
386,0.0,0.0977954,0.0770288,0.1062117,0.0893723,0.0520785,0.0963924,0.1357653,0.1420346,
387,0.0,0.0432708,0.1037206,0.0987,0.0991435,0.0898694,0.0966979,0.1142503,0.1586777,
388,0.0,0.0750588,0.1088974,0.0842121,0.0831715,0.0841271,0.0901717,0.0666423,0.1335362,
389,0.0,0.0797916,0.0914254,0.0798666,0.1363324,0.1133859,0.0723972,0.0746133,0.0707859,
390,0.0,0.1304559,0.1135355,0.0848082,0.1313088,0.1015276,0.0851501,0.0253702,0.1022876,
391,0.0,0.1152553,0.1118874,0.0674176,0.0745753,0.0941308,0.1109164,0.0334129,0.1254619,
392,0.0,0.0892711,0.0995156,0.035197,0.0810507,0.1052337,0.1054473,0.0124157,0.1147322,
393,0.0,0.1014498,0.0707412,0.0532991,0.0709324,0.0649421,0.1369923,0.049668,0.1024143,
394,0.0,0.0715939,0.0737354,0.05802,0.0761482,0.0710692,0.0820363,0.0419195,0.0561992,
395,0.0,0.0611359,0.068697,0.0837086,0.0667801,0.0550384,0.0721068,0.0591565,0.086177,
396,0.0,0.0597697,0.0728544,0.1092222,0.0627252,0.1029492,0.0996372,0.0969543,0.1076624,
397,0.0,0.0501748,0.053343,0.1281627,0.0753514,0.1171336,0.1430103,0.1198355,0.108578,
398,0.0,0.0515464,0.1237858,0.1410649,0.1158763,0.1131782,0.1183771,0.1567265,0.1015098,
399,0.0,0.0799251,0.0984814,0.0492354,0.0963182,0.1722803,0.1628885,0.1470749,0.0862105,
400,0.0,0.0518068,0.113494,0.0538992,0.0443666,0.1672538,0.1137976,0.1352223,0.0615567,
401,0.0,0.047877,0.064407,0.0200165,0.0442694,0.1126553,0.0586629,0.1042058,0.0677447,
402,0.0,0.0741717,0.147197,0.0563928,0.0242054,0.0933169,0.0607204,0.1128798,0.0661901,
403,0.0,0.0591671,0.0649561,0.0220115,0.0495738,0.0722838,0.0875201,0.1336878,0.0538942,
404,0.0,0.0462652,0.0575087,0.0718253,0.0699994,0.0684435,0.0502804,0.1311371,0.037444,
405,0.0,0.0465356,0.0519753,0.0195019,0.0843232,0.071698,0.0397299,0.1422123,0.1127569,
406,0.0,0.0307748,0.045412,0.0268597,0.0528385,0.0457518,0.029919,0.1315204,0.1474235,
407,0.0,0.0575206,0.0337721,0.0300433,0.0461399,0.0521405,0.0289058,0.0973708,0.1375653,
408,0.0,0.0275029,0.0387959,0.0446747,0.038542,0.0593213,0.0474925,0.1120917,0.1250523,
409,0.0,0.0359206,0.0334207,0.0469485,0.0418621,0.0573585,0.0589244,0.1113737,0.121345,
410,0.0,0.0439698,0.0221099,0.0440131,0.0916714,0.055781,0.0647953,0.1101611,0.0961744,
411,0.0,0.0366635,0.0079763,0.0620589,0.0819665,0.0559915,0.0528263,0.0869841,0.1032978,
412,0.0,0.0323201,0.032487,0.0409867,0.0530766,0.0282906,0.0419817,0.0794448,0.1241061,
413,0.0,0.0376707,0.0446896,0.0479409,0.0627895,0.0544643,0.0601873,0.0785598,0.1232722,
414,0.0,0.0456338,0.0354358,0.0967818,0.0988336,0.0528411,0.0477268,0.0790074,0.1007715,
415,0.0,0.0496477,0.078028,0.0505128,0.0580051,0.0385648,0.0402945,0.1104699,0.0916046,
416,0.0,0.0520184,0.0365602,0.0614947,0.0713748,0.0300858,0.0236513,0.0793901,0.0930401,
417,0.0,0.0363303,0.0332946,0.0646966,0.0470874,0.0502455,0.0460476,0.0403433,0.0815899,
418,0.0,0.0373536,0.0516708,0.0532917,0.0524261,0.0475481,0.0859213,0.0263275,0.0860411,
419,0.0,0.0537636,0.0108136,0.059169,0.0531618,0.043091,0.0813449,0.0267663,0.0657394,
420,0.0,0.0332623,0.023254,0.0694055,0.0366549,0.0494291,0.0741619,0.024162,0.0299821,
421,0.0,0.0340956,0.0466155,0.057364,0.0629184,0.0620043,0.0260871,0.0125527,0.0324565,
422,0.0,0.0444096,0.0526322,0.0799594,0.0602014,0.0926071,0.0289305,0.0406198,0.0198884,
423,0.0,0.0744262,0.0589971,0.0804111,0.0483477,0.0859298,0.0506613,0.0771588,0.0096835,
424,0.0,0.0645925,0.0580504,0.0960597,0.0497249,0.1289788,0.0199654,0.0716057,0.0366684,
425,0.0,0.0861762,0.0632782,0.1060365,0.0950391,0.1416698,0.0900327,0.1952834,0.0899373,
426,0.0,0.0761296,0.0308625,0.0467254,0.0846985,0.0601442,0.1444336,0.1285043,0.0878333,
427,0.0,0.106107,0.0955183,0.0948893,0.08014,0.0474212,0.0967405,0.1042136,0.0429079,
428,0.0,0.0922894,0.0687527,0.0950042,0.0857836,0.07802,0.1032437,0.0939886,0.0493651,
429,0.0,0.0868098,0.0481094,0.0742521,0.0736901,0.0738829,0.1002332,0.0555224,0.0540608,
430,0.0,0.0307479,0.0578689,0.0796003,0.0313206,0.0712692,0.0970701,0.0582009,0.037339,
431,0.0,0.0535523,0.0151169,0.0851576,0.0516493,0.0566922,0.0448759,0.0423822,0.0371552,
432,0.0,0.0668441,0.0350686,0.0913915,0.0497632,0.0559476,0.0764225,0.0161913,0.0586808,
433,0.0,0.052839,0.0267665,0.1004594,0.0338814,0.0568865,0.0730997,0.0595931,0.094538,
434,0.0,0.0319204,0.0446048,0.1018573,0.0499778,0.0364237,0.0438969,0.0644909,0.1150939,
435,0.0,0.044469,0.0580599,0.107816,0.0655817,0.0253146,0.0810971,0.0515639,0.1309159,
436,0.0,0.0793921,0.0565979,0.0787146,0.0410132,0.050897,0.073438,0.0369881,0.0440424,
437,0.0,0.0765147,0.0236018,0.0324284,0.0232687,0.0736374,0.0755839,0.0377113,0.0556257,
438,0.0,0.0529066,0.0139038,0.0449462,0.0311716,0.0724744,0.090944,0.0701851,0.0901332,
439,0.0,0.0219238,0.0122078,0.0340806,0.037382,0.0556673,0.0643418,0.1084928,0.0892481,
440,0.0,0.0134027,0.0205444,0.0369611,0.0353078,0.0413577,0.02823,0.1044526,0.1045506,
441,0.0,0.0336869,0.052423,0.0371009,0.0488637,0.0327361,0.0521417,0.0814076,0.0855807,
442,0.0,0.0656191,0.0605803,0.0519369,0.0148951,0.0613765,0.0618543,0.0128161,0.1011979,
443,0.0,0.0720457,0.1068622,0.030218,0.0316027,0.0810446,0.0250987,0.0707673,0.1053019,
444,0.0,0.0736063,0.1175287,0.0335711,0.0221192,0.0736758,0.0241815,0.0755348,0.1216157,
445,0.0,0.0735765,0.1008655,0.0715637,0.0188917,0.0808787,0.0448207,0.0642013,0.0505381,
446,0.0,0.0754401,0.0860684,0.0768897,0.0243249,0.0803147,0.037816,0.0664188,0.104854,
447,0.0,0.0876896,0.1113807,0.0504329,0.0445953,0.0990686,0.0737779,0.079474,0.1277684,
448,0.0,0.1359985,0.1321645,0.0552277,0.0440038,0.1103164,0.076529,0.0983914,0.1369008,
449,0.0,0.133553,0.1397249,0.0761433,0.1319088,0.1187769,0.016027,0.1015147,0.0920034,
450,0.0,0.0506403,0.0702801,0.0997219,0.0663729,0.0903064,0.0500142,0.0813802,0.0739866,
451,0.0,0.0221407,0.0676847,0.0566177,0.0901338,0.0475022,0.0335454,0.0632397,0.0709401,
452,0.0,0.0399653,0.0431938,0.0408854,0.0638116,0.0211782,0.0255065,0.050192,0.073736,
453,0.0,0.0335064,0.0501257,0.0382178,0.0699911,0.0590255,0.0514719,0.0448852,0.0400308,
454,0.0,0.0335981,0.020371,0.0666734,0.0517224,0.0528738,0.0340731,0.0574724,0.0220967,
455,0.0,0.0381764,0.0142896,0.0836097,0.0263755,0.0396313,0.0623243,0.007738,0.078691,
456,0.0,0.0330915,0.0412165,0.0458173,0.0412596,0.0626585,0.0417518,0.0326059,0.1100717,
457,0.0,0.0191115,0.036384,0.0267585,0.0572227,0.0804639,0.0571552,0.0438755,0.1074027,
458,0.0,0.0379154,0.0936676,0.0345443,0.0602957,0.0258481,0.072367,0.0685642,0.0882362,
459,0.0,0.0688585,0.0864719,0.0786892,0.068016,0.048202,0.0647704,0.1385402,0.0730786,
460,0.0,0.0363192,0.0810192,0.0912292,0.0920066,0.0746758,0.058279,0.096788,0.085901,
461,0.0,0.0250018,0.1133071,0.0571418,0.0778,0.0601778,0.0433753,0.0947697,0.1959451,
462,0.0,0.0477866,0.0559279,0.0288096,0.046374,0.0640132,0.0537853,0.121124,0.1016111,
463,0.0,0.0297303,0.0574096,0.0158487,0.0634083,0.0510313,0.0452093,0.0939052,0.1102101,
464,0.0,0.0459205,0.0423451,0.0288151,0.0896268,0.0206748,0.051232,0.0822606,0.110644,
465,0.0,0.0178079,0.0476785,0.0399991,0.0763858,0.0204613,0.0491788,0.0748214,0.0800478,
466,0.0,0.036356,0.0342557,0.0360045,0.0909307,0.0455129,0.0504122,0.0721314,0.07005,
467,0.0,0.0555058,0.0151106,0.0703829,0.066637,0.0396926,0.0224854,0.0274976,0.0366833,
468,0.0,0.0517937,0.0095068,0.0500477,0.0845547,0.0363455,0.0215393,0.0296284,0.0623737,
469,0.0,0.0663463,0.0348546,0.0830108,0.0696674,0.022655,0.0523606,0.0366446,0.0742746,
470,0.0,0.0663381,0.1157394,0.0578065,0.0919976,0.0503031,0.0556644,0.0604909,0.0868924,
471,0.0,0.0641828,0.1267879,0.0509939,0.083146,0.0528778,0.0721705,0.0426198,0.1306137,
472,0.0,0.0685222,0.1132601,0.0649063,0.0933132,0.035733,0.0808865,0.0386473,0.1381312,
473,0.0,0.0645192,0.1012845,0.0327106,0.0649548,0.012269,0.0146512,0.0430378,0.1024143,
474,0.0,0.0652921,0.0875022,0.0475619,0.0533744,0.0161854,0.0420709,0.1064956,0.1144226,
475,0.0,0.0645926,0.1443392,0.0994658,0.0566803,0.0298234,0.0800909,0.1074104,0.0861942,
476,0.0,0.0849137,0.0663362,0.0377597,0.0376639,0.0556353,0.0771367,0.1037626,0.1030272,
477,0.0,0.0859111,0.0742164,0.0474545,0.0353056,0.0806906,0.0698997,0.0427392,0.1172189,
478,0.0,0.078298,0.0719457,0.0502684,0.0461394,0.0521998,0.0742795,0.0311738,0.0856546,
479,0.0,0.0525688,0.0659966,0.0471308,0.0621773,0.0680468,0.0356799,0.0582849,0.0892842,
480,0.0,0.0804515,0.0776853,0.0432668,0.0413661,0.0562473,0.098618,0.0795737,0.0917716,
481,0.0,0.0695183,0.0532164,0.0571591,0.1091858,0.0243187,0.0663243,0.040169,0.0930559,
482,0.0,0.0666063,0.0549068,0.0415249,0.0642681,0.0338691,0.0695936,0.0285989,0.081673,
483,0.0,0.0498215,0.0664171,0.0511843,0.0908478,0.0316985,0.1126157,0.0261675,0.0577951,
484,0.0,0.0890987,0.0556781,0.0790233,0.0698273,0.0376836,0.1424517,0.0726478,0.0766586,
485,0.0,0.107684,0.0652246,0.0565009,0.1052907,0.0846369,0.1083708,0.0354495,0.0579259,
486,0.0,0.0810815,0.0972614,0.0507958,0.0793756,0.028407,0.1123648,0.0886231,0.1264129,
487,0.0,0.0650721,0.0995109,0.0326902,0.1176854,0.0152916,0.0740251,0.0642139,0.1014206,
488,0.0,0.0519485,0.0521188,0.0399757,0.0644736,0.0607699,0.0299021,0.0528651,0.0671389,
489,0.0,0.0684792,0.0147408,0.0383949,0.0310094,0.1000034,0.0658234,0.1056798,0.0776806,
490,0.0,0.0355939,0.0465346,0.021225,0.0875903,0.0449404,0.071173,0.0843791,0.0951109,
491,0.0,0.0669159,0.0641882,0.0628131,0.0721907,0.07165,0.0640608,0.1055191,0.1151956,
492,0.0,0.0625393,0.0637292,0.0608014,0.0891153,0.0556946,0.0926749,0.1143938,0.1123307,
493,0.0,0.0565093,0.0779351,0.0694367,0.0753565,0.0658178,0.0530149,0.0980017,0.1738541,
494,0.0,0.035186,0.0757402,0.1029937,0.1561414,0.0503525,0.0266713,0.1680887,0.2285681,
495,0.0,0.0420307,0.1279287,0.1076092,0.1333414,0.0312845,0.0222683,0.1524071,0.212132,
496,0.0,0.0568156,0.1403404,0.0937872,0.131642,0.0782681,0.0646827,0.1761902,0.1875732,
497,0.0,0.0604515,0.1425655,0.1289291,0.1443069,0.1313538,0.0735432,0.1320855,0.2105886,
498,0.0,0.0961127,0.0720322,0.0619812,0.1096889,0.0362101,0.0878891,0.1358081,0.1770363,
499,0.0,0.0949466,0.0756625,0.0587479,0.1221351,0.0563831,0.0600217,0.1447203,0.1663657,
500,0.0,0.1107343,0.0633727,0.0737981,0.1090934,0.0886078,0.0710014,0.2099222,0.1335729,
501,0.0,0.0779787,0.0378859,0.0428707,0.2647746,0.1289958,0.0711641,0.1758197,0.1161968,
502,0.0,0.0871204,0.0752841,0.0592798,0.1826631,0.0638659,0.0485688,0.1022918,0.1545786,
503,0.0,0.071121,0.070138,0.052919,0.1017914,0.0734809,0.0465985,0.1214457,0.0920439,
504,0.0,0.061305,0.0577916,0.0869658,0.0907422,0.0716712,0.0502711,0.1156818,0.1161929,
505,0.0,0.0504938,0.0511798,0.1149521,0.0239129,0.0687729,0.0582106,0.0631412,0.068758,
506,0.0,0.0418217,0.0699094,0.0827331,0.0486277,0.0504914,0.0602313,0.0843281,0.1056767,
507,0.0,0.0947632,0.0767306,0.0769013,0.0535409,0.0542812,0.0372659,0.0833918,0.1127991,
508,0.0,0.0882895,0.0891042,0.0731741,0.0722499,0.0718138,0.0474489,0.0845389,0.082549,
509,0.0,0.0395885,0.0664891,0.0725899,0.0604304,0.0711391,0.0320834,0.0486533,0.075605,
510,0.0,0.0366924,0.037938,0.0402752,0.0683121,0.0670442,0.0428657,0.058283,0.0795617,
511,0.0,0.0200525,0.0552557,0.0633423,0.1104858,0.0843376,0.0421744,0.0684684,0.0768346,
512,0.0,0.0255634,0.0515438,0.062808,0.1002538,0.0562925,0.0598382,0.0608506,0.0851882,
513,0.0,0.0503155,0.0346538,0.0477013,0.0722241,0.0955609,0.0731843,0.0512669,0.0743384,
514,0.0,0.0236983,0.026615,0.0610708,0.09451,0.0687748,0.0491314,0.0556498,0.0777952,
515,0.0,0.0189322,0.0439544,0.0600154,0.1566605,0.0862668,0.0395561,0.0519294,0.0774483,
516,0.0,0.0234871,0.0659718,0.0438578,0.1547472,0.0866223,0.0558889,0.0682476,0.0943345,
517,0.0,0.0401233,0.057421,0.062824,0.1575138,0.0502743,0.0102884,0.0213406,0.100358,
518,0.0,0.0310574,0.0560919,0.0724729,0.2007389,0.049184,0.0165498,0.0260675,0.0730325,
519,0.0,0.031462,0.0914237,0.0423118,0.1904402,0.0689964,0.0181084,0.0643497,0.1357813,
520,0.0,0.015351,0.0957192,0.0105896,0.1776357,0.0564258,0.038147,0.08095,0.1377604,
521,0.0,0.0694817,0.0889944,0.0887455,0.2546576,0.0184694,0.0132278,0.0342568,0.1117985,
522,0.0,0.0568622,0.055509,0.0606296,0.1770278,0.0433565,0.0356954,0.0602229,0.1116857,
523,0.0,0.0226148,0.0203274,0.0791013,0.1340931,0.0445581,0.0321432,0.0201108,0.0801085,
524,0.0,0.0518619,0.0736893,0.0897733,0.1288972,0.032577,0.0653759,0.0218254,0.0839899,
525,0.0,0.0268499,0.0715746,0.1135231,0.1295308,0.046788,0.0855685,0.0421536,0.0750378,
526,0.0,0.014233,0.0710897,0.1292863,0.1305014,0.0532814,0.0802398,0.0315606,0.0538128,
527,0.0,0.0541297,0.1143236,0.1486359,0.1352667,0.0332941,0.0955758,0.061589,0.0463641,
528,0.0,0.0539519,0.0770586,0.1180802,0.1447666,0.0692207,0.1107749,0.1477011,0.1357301,
529,0.0,0.0665238,0.0930096,0.1519807,0.1326323,0.1532757,0.069821,0.0163428,0.0489352,
530,0.0,0.099301,0.1288092,0.1943682,0.0274951,0.1750233,0.0681269,0.0996897,0.1018817,
531,0.0,0.0784977,0.1086695,0.1411578,0.0674185,0.1356765,0.0832031,0.1167482,0.0991949,
532,0.0,0.053582,0.131476,0.1412583,0.1081711,0.1609661,0.1250746,0.1551973,0.1386879,
533,0.0,0.0535095,0.1270618,0.1193951,0.0988172,0.0980746,0.1440924,0.1299632,0.1756405,
534,0.0,0.0522401,0.1507935,0.1367428,0.1916116,0.1228848,0.178332,0.2630105,0.2463684,
535,0.0,0.088606,0.1260886,0.162403,0.1164941,0.1133345,0.1258212,0.145496,0.1671598,
536,0.0,0.0742228,0.0802431,0.1174103,0.0493129,0.1032557,0.1284626,0.13521,0.1232941,
537,0.0,0.0618002,0.1539131,0.1220357,0.069373,0.1235765,0.1835002,0.1633786,0.1236797,
538,0.0,0.0777619,0.2047689,0.1197793,0.06973,0.1481025,0.2144777,0.2230567,0.1129997,
539,0.0,0.1103582,0.1454605,0.0689156,0.0488231,0.1154201,0.1277091,0.1886821,0.1111092,
540,0.0,0.0784314,0.0924601,0.0914774,0.0393402,0.0979145,0.0530846,0.1136872,0.1635134,
541,0.0,0.0878083,0.1454727,0.1204145,0.1245705,0.1135511,0.0057059,0.1276861,0.1594473,
542,0.0,0.064709,0.1477124,0.0990304,0.1197391,0.1916977,0.0247,0.104355,0.1530954,
543,0.0,0.0554701,0.1064033,0.0470274,0.1180904,0.1229616,0.027529,0.1116365,0.0818228,
544,0.0,0.057119,0.1309679,0.0925641,0.1542102,0.1042017,0.0362001,0.1038207,0.088332,
545,0.0,0.0549723,0.0841186,0.0975699,0.0482399,0.1444628,0.0462993,0.0989275,0.0430378,
546,0.0,0.057407,0.1034343,0.1147245,0.0590603,0.1191126,0.0313284,0.1132099,0.0651614,
547,0.0,0.0770658,0.1429809,0.0894289,0.0558377,0.0558066,0.0877986,0.1595067,0.0599545,
548,0.0,0.0808175,0.1466294,0.0711,0.0636396,0.0762448,0.164579,0.1506846,0.1125056,
549,0.0,0.0720496,0.1457087,0.0998162,0.0923446,0.0775911,0.1901321,0.1743385,0.1517327,
550,0.0,0.0605615,0.141558,0.1040124,0.1155129,0.1020733,0.0501641,0.2328518,0.202052,
551,0.0,0.0599271,0.1704504,0.0675736,0.1402843,0.0632024,0.1412027,0.1779756,0.2754859,
552,0.0,0.0824257,0.1395596,0.0441077,0.0993508,0.0852776,0.1455532,0.1278027,0.2748271,
553,0.0,0.0867851,0.1463275,0.0903644,0.0755799,0.1284674,0.1289516,0.0784786,0.2687445,
554,0.0,0.0956714,0.1461061,0.089613,0.0904018,0.1158093,0.1535003,0.1039963,0.167295,
555,0.0,0.1189083,0.1587936,0.0885365,0.1638629,0.1187882,0.1476316,0.0643595,0.1097785,
556,0.0,0.1010974,0.1464623,0.0790838,0.1463377,0.1295546,0.1338525,0.0488627,0.0681009,
557,0.0,0.1668944,0.1461066,0.1291847,0.2219161,0.1479135,0.1471396,0.0759554,0.1123127,
558,0.0,0.1168238,0.0923524,0.1332669,0.260881,0.1497924,0.0949471,0.0666274,0.1639425,
559,0.0,0.0609358,0.0969147,0.0922363,0.2156193,0.161077,0.1012074,0.0599783,0.0979483,
560,0.0,0.0835248,0.1124268,0.0906483,0.194153,0.1242073,0.0967678,0.0739085,0.063455,
561,0.0,0.0927478,0.1083019,0.1050659,0.2506386,0.1560187,0.1598125,0.1369965,0.1509957,
562,0.0,0.0699425,0.1276081,0.0826215,0.2728494,0.1640629,0.1311504,0.1248612,0.1500983,
563,0.0,0.0477806,0.0874955,0.0462335,0.2151225,0.11194,0.0606688,0.0572094,0.0660285,
564,0.0,0.1075346,0.0469989,0.0901004,0.1442475,0.1532289,0.0362136,0.0666861,0.1038838,
565,0.0,0.0896831,0.052544,0.1001951,0.1407565,0.1619811,0.0590936,0.0875188,0.0968068,
566,0.0,0.1023641,0.0821614,0.1254982,0.128465,0.1105506,0.0644684,0.048561,0.0602559,
567,0.0,0.0721594,0.0861721,0.107816,0.0925545,0.1214741,0.0541099,0.0556874,0.0796456,
568,0.0,0.0518883,0.0802268,0.0933873,0.0834107,0.1278321,0.0675456,0.034367,0.0814033,
569,0.0,0.037608,0.0642492,0.1450956,0.0583664,0.1143695,0.0682703,0.0569865,0.0587529,
570,0.0,0.0377688,0.0233989,0.1316607,0.0768472,0.0859105,0.0812878,0.0239151,0.0336591,
571,0.0,0.0354858,0.0745337,0.125626,0.0413903,0.079093,0.0642853,0.0330781,0.0248118,
572,0.0,0.0097559,0.0902493,0.1045364,0.0400179,0.1005651,0.0701965,0.048491,0.0363915,
573,0.0,0.0482628,0.0677292,0.1109111,0.0625612,0.0476066,0.0755461,0.0449654,0.0584837,
574,0.0,0.0564787,0.1055129,0.1254317,0.0352377,0.0552003,0.0887707,0.0387815,0.0901313,
575,0.0,0.0360267,0.1235084,0.0892546,0.0335121,0.0521251,0.1001638,0.0730068,0.1085088,
576,0.0,0.0310144,0.1616637,0.0880671,0.0777676,0.0835467,0.068289,0.0518673,0.0966136,
577,0.0,0.0410322,0.1312004,0.1492016,0.0462576,0.1282278,0.1064897,0.0329295,0.1102652,
578,0.0,0.053869,0.0862869,0.1898485,0.0863955,0.1059628,0.1088064,0.046827,0.1172049,
579,0.0,0.0447312,0.1517849,0.2400814,0.1507095,0.0819657,0.137625,0.1168566,0.1295742,
580,0.0,0.0179007,0.1598586,0.2294496,0.1636737,0.1603361,0.1153088,0.1221015,0.1943751,
581,0.0,0.0198469,0.1252281,0.2140305,0.1347579,0.1684453,0.0801777,0.1257901,0.1965864,
582,0.0,0.0477014,0.1164204,0.2025468,0.1088704,0.1246478,0.1278141,0.0514533,0.1605666,
583,0.0,0.0626258,0.1392075,0.220443,0.1453294,0.138233,0.1662624,0.122778,0.225119,
584,0.0,0.0212937,0.1328833,0.1716427,0.1064781,0.1119243,0.2365523,0.1007726,0.2150575,
585,0.0,0.0320673,0.1693361,0.1668836,0.1264822,0.0513779,0.1036621,0.0825833,0.185979,
586,0.0,0.0367753,0.1412876,0.0909258,0.1305445,0.0423765,0.0738164,0.1031075,0.1569336,
587,0.0,0.0470685,0.1041266,0.0511553,0.1117684,0.0291143,0.0470384,0.0614954,0.0925068,
588,0.0,0.0263051,0.0615636,0.0508282,0.128297,0.1338266,0.0805399,0.0406576,0.1353383,
589,0.0,0.0902296,0.156653,0.0864274,0.2095376,0.109804,0.1496395,0.0564535,0.1795106,
590,0.0,0.0827959,0.1155856,0.066498,0.12486,0.0971758,0.1648933,0.0489788,0.1154426,
591,0.0,0.0623401,0.1083805,0.0465222,0.1200982,0.0539749,0.1620259,0.053201,0.1365999,
592,0.0,0.0733397,0.0966508,0.0478269,0.0672918,0.0297808,0.1398338,0.0644653,0.0685202,
593,0.0,0.029555,0.1198282,0.0585305,0.067597,0.025317,0.0854682,0.029848,0.0787536,
594,0.0,0.0524,0.0662924,0.0243093,0.0602319,0.0328619,0.0933541,0.0391394,0.0776148,
595,0.0,0.0216939,0.0299257,0.047907,0.0767944,0.0373971,0.0699559,0.054233,0.0703541,
596,0.0,0.0220381,0.051004,0.035205,0.0897995,0.074591,0.0609281,0.0363242,0.0728565,
597,0.0,0.0183792,0.0442775,0.0668128,0.0719933,0.1047216,0.0876411,0.0494701,0.1238457,
598,0.0,0.0559229,0.0660129,0.0933402,0.0409114,0.0882399,0.0952401,0.0528008,0.1297463,
599,0.0,0.0653101,0.0776486,0.0758906,0.1069058,0.1010732,0.0874127,0.0661206,0.1334811,
600,0.0,0.0445211,0.0594053,0.0295496,0.0788227,0.1019085,0.1118458,0.0507516,0.1083723,
601,0.0,0.0302816,0.0423054,0.0202306,0.0795317,0.0889896,0.0701296,0.0403472,0.1013314,
602,0.0,0.023814,0.0455092,0.0395313,0.0695787,0.0678586,0.0497837,0.0463001,0.0808284,
603,0.0,0.0353204,0.0511624,0.0260943,0.0850228,0.0589915,0.0733069,0.088747,0.0442898,
604,0.0,0.0484326,0.050269,0.057506,0.0696859,0.0462407,0.0838849,0.0761734,0.0177159,
605,0.0,0.0418731,0.0421541,0.0547362,0.0560731,0.0660127,0.0681503,0.0758482,0.0246742,
606,0.0,0.0421671,0.078778,0.0961452,0.0817126,0.0504695,0.1094433,0.0951243,0.0416533,
607,0.0,0.0353049,0.0904281,0.1181703,0.0593074,0.0445916,0.117331,0.0969447,0.054881,
608,0.0,0.0517712,0.0609267,0.1144235,0.065993,0.0428791,0.1533193,0.0675314,0.0496433,
609,0.0,0.0471597,0.0661699,0.1191117,0.0729812,0.0783807,0.1181803,0.1418,0.0671728,
610,0.0,0.0554796,0.0684753,0.1538807,0.1135349,0.1212896,0.0402492,0.123958,0.0726692,
611,0.0,0.0290247,0.1134968,0.139854,0.1074598,0.1158679,0.0824249,0.052264,0.0545877,
612,0.0,0.0456708,0.1136183,0.142175,0.1480853,0.1370776,0.0961648,0.0226491,0.1292679,
