#Time_ps,0,10,20,30,50,100,300,500,1000,
1,0.0,0.0280633,0.0684961,0.0709074,0.0501845,0.0450383,0.1168045,0.1253979,0.1728308,
2,0.0,0.0602734,0.0818565,0.0244626,0.0325063,0.0509987,0.0589644,0.0944066,0.0648337,
3,0.0,0.0595844,0.1013579,0.0667146,0.0261754,0.0614516,0.0571527,0.0876102,0.0513557,
4,0.0,0.0438221,0.0669327,0.0225458,0.0166616,0.0436602,0.0652117,0.122693,0.0265398,
5,0.0,0.0709566,0.0498788,0.0246793,0.0713103,0.0496313,0.0645655,0.0756982,0.0170723,
6,0.0,0.0708249,0.0279597,0.0493648,0.0894879,0.0471145,0.0505771,0.0617808,0.033898,
7,0.0,0.0260162,0.0367798,0.0595132,0.0914369,0.0317762,0.0731437,0.0071917,0.0382177,
8,0.0,0.0274764,0.0482639,0.0603707,0.0753843,0.0328455,0.0942958,0.0388463,0.0488796,
9,0.0,0.0662378,0.0343558,0.0624308,0.0918782,0.0752487,0.0963085,0.01846,0.0426693,
10,0.0,0.0727384,0.0460907,0.0752151,0.0847845,0.071564,0.0762716,0.0426807,0.029895,
11,0.0,0.0577345,0.0582443,0.0959105,0.092064,0.0884981,0.0890006,0.0533822,0.0547437,
12,0.0,0.1076276,0.036572,0.0617934,0.1196551,0.0998842,0.0828657,0.0558242,0.1267006,
13,0.0,0.0974472,0.0634619,0.0434461,0.0694807,0.0845361,0.0399315,0.037478,0.0446936,
14,0.0,0.0668799,0.0476945,0.0332063,0.0888994,0.0393598,0.0758132,0.0217856,0.0396455,
15,0.0,0.1065855,0.0927278,0.0713359,0.0556063,0.0737375,0.0295502,0.1261611,0.0239023,
16,0.0,0.0051721,0.056371,0.0360886,0.0488617,0.0527464,0.026277,0.0852494,0.0603035,
17,0.0,0.0156991,0.0748205,0.0117632,0.0386629,0.0968746,0.0446163,0.0555069,0.0802653,
18,0.0,0.0133141,0.048505,0.0400991,0.0295809,0.0233779,0.0373925,0.0561416,0.0916479,
19,0.0,0.0503077,0.049241,0.0233555,0.0538405,0.0278614,0.0209766,0.0467133,0.084017,
20,0.0,0.0789289,0.0438768,0.0218723,0.0486537,0.0238756,0.0419962,0.1114283,0.0619277,
21,0.0,0.0878618,0.0872843,0.0425608,0.0552202,0.0423991,0.0311164,0.1351638,0.0583754,
22,0.0,0.0907839,0.0705568,0.0882724,0.1403018,0.0799402,0.1109772,0.1421209,0.0354638,
23,0.0,0.1112402,0.1233738,0.0657562,0.1040113,0.0934307,0.1153482,0.2472695,0.1127193,
24,0.0,0.2371278,0.0675052,0.1233538,0.0847381,0.1264166,0.1194203,0.184362,0.0272042,
25,0.0,0.0690982,0.0326454,0.0982899,0.0877375,0.1484974,0.0779195,0.1343222,0.0296977,
26,0.0,0.0613591,0.0914003,0.0457057,0.083116,0.1361127,0.0969402,0.1159992,0.0751342,
27,0.0,0.0596311,0.0803379,0.0624577,0.0574979,0.1158815,0.0979816,0.0831923,0.0421102,
28,0.0,0.0616953,0.0348825,0.0438457,0.0668995,0.0056934,0.0373573,0.0239432,0.0428437,
29,0.0,0.0383525,0.0456583,0.0170288,0.0618417,0.0357241,0.0694402,0.0167304,0.0453831,
30,0.0,0.0459296,0.0311404,0.0141677,0.0288418,0.0622623,0.0747155,0.0421827,0.0514037,
31,0.0,0.0490046,0.0479702,0.0550784,0.0364612,0.0653919,0.0445152,0.0422361,0.0323877,
32,0.0,0.0476713,0.0510776,0.0343981,0.0583884,0.1209282,0.0543985,0.0406194,0.0366507,
33,0.0,0.0441154,0.0493904,0.1142768,0.0915085,0.1251893,0.1384533,0.0452067,0.064457,
34,0.0,0.0684753,0.100278,0.1411006,0.1168682,0.081769,0.1273461,0.0991664,0.056023,
35,0.0,0.0613428,0.0382787,0.1157079,0.066067,0.0869429,0.1073757,0.0318725,0.0306504,
36,0.0,0.0682512,0.0507209,0.0598316,0.0717201,0.0482086,0.0844923,0.0326579,0.0597522,
37,0.0,0.0133461,0.0389242,0.0525959,0.0367167,0.0469371,0.072465,0.039436,0.056383,
38,0.0,0.0284119,0.032037,0.0280115,0.0239642,0.0192764,0.1273645,0.0810882,0.0774918,
39,0.0,0.0465466,0.0877897,0.0495379,0.023618,0.0463965,0.1138886,0.0777895,0.0494734,
40,0.0,0.0499148,0.0811255,0.0759295,0.0866371,0.0727347,0.0570453,0.0672831,0.0482706,
41,0.0,0.0645769,0.1399948,0.1208013,0.1531525,0.116617,0.080059,0.1082198,0.0490384,
42,0.0,0.0544476,0.078339,0.1040231,0.1632796,0.1181531,0.0771326,0.0902546,0.0537254,
43,0.0,0.0803561,0.0867098,0.1537145,0.2083171,0.0948557,0.1022268,0.1442003,0.0349697,
44,0.0,0.1177327,0.0870086,0.1930048,0.2299714,0.0723661,0.0882771,0.2052399,0.0384479,
45,0.0,0.1053918,0.0422315,0.202104,0.1804929,0.0643383,0.1246504,0.1400294,0.0780494,
46,0.0,0.1460143,0.1075436,0.2397241,0.2486704,0.0378484,0.1692514,0.1826321,0.1650327,
47,0.0,0.1535801,0.0861669,0.2738982,0.276262,0.0401535,0.205112,0.2877933,0.1568203,
48,0.0,0.1487682,0.107217,0.256261,0.247309,0.0403965,0.1664093,0.2165846,0.1792519,
49,0.0,0.1364713,0.1125439,0.1943425,0.1787439,0.0367832,0.1998756,0.1940521,0.1531781,
50,0.0,0.1794,0.143345,0.2247522,0.2198128,0.0950769,0.2083972,0.2108255,0.1914799,
51,0.0,0.1771855,0.1730416,0.2525237,0.1980043,0.1179538,0.2824264,0.2104053,0.1899666,
52,0.0,0.1433205,0.1501175,0.1582495,0.1703269,0.1234049,0.2024188,0.2292104,0.1339915,
53,0.0,0.1196259,0.1475433,0.1656225,0.2107102,0.0688214,0.1680079,0.2113101,0.1096197,
54,0.0,0.0786755,0.1048031,0.1563342,0.2023522,0.0776678,0.1109186,0.1353734,0.0980386,
55,0.0,0.1030466,0.1196633,0.2015379,0.218466,0.079377,0.25618,0.1406391,0.1242924,
56,0.0,0.1332375,0.1621776,0.1663985,0.2203995,0.0814396,0.233977,0.1892066,0.1395868,
57,0.0,0.1076144,0.0552476,0.1702555,0.1283931,0.0818714,0.1673512,0.1490187,0.1063557,
58,0.0,0.0948532,0.0830939,0.1581956,0.1386852,0.0905927,0.1601049,0.1535756,0.1139161,
59,0.0,0.0908783,0.1044555,0.1961206,0.1609081,0.0710239,0.1416513,0.1365702,0.0991728,
60,0.0,0.083246,0.1037526,0.1584132,0.0133857,0.0401576,0.1144114,0.0637427,0.211481,
61,0.0,0.0348059,0.1133889,0.1102775,0.0703026,0.0525264,0.1485686,0.1095479,0.1714945,
62,0.0,0.0855355,0.1231339,0.1150294,0.1142484,0.1365844,0.1298425,0.1120729,0.1152845,
63,0.0,0.0653454,0.093748,0.1177668,0.1031076,0.1838896,0.1312222,0.101837,0.0640779,
64,0.0,0.0958489,0.0769607,0.09473,0.0996531,0.2277974,0.1926123,0.092229,0.0813349,
65,0.0,0.0659773,0.0850589,0.104109,0.1033859,0.1687914,0.1665829,0.0942182,0.0429207,
66,0.0,0.0526017,0.0516263,0.074075,0.1002008,0.1333367,0.1349868,0.1294177,0.0774327,
67,0.0,0.0657459,0.0625823,0.0439528,0.0707246,0.0664773,0.0910227,0.1080301,0.0910319,
68,0.0,0.0750931,0.0792499,0.0335875,0.0640271,0.0634356,0.0607233,0.0770433,0.0511828,
69,0.0,0.0417676,0.090637,0.0299336,0.1067018,0.0503408,0.0541798,0.0748192,0.0614001,
70,0.0,0.0291325,0.1291001,0.0116476,0.1098822,0.0716445,0.0972562,0.0814241,0.115367,
71,0.0,0.2175156,0.2526675,0.0433031,0.1193564,0.1338986,0.169169,0.0173807,0.1764058,
72,0.0,0.1184652,0.2152834,0.0799265,0.228018,0.1516546,0.2374082,0.1711242,0.137434,
73,0.0,0.0577906,0.1346938,0.0692482,0.19233,0.1034153,0.1685464,0.1161906,0.1334151,
74,0.0,0.0558034,0.0832693,0.0744533,0.1724807,0.1027585,0.0760779,0.1366701,0.0811089,
75,0.0,0.0835769,0.0931508,0.0880729,0.1021511,0.1101824,0.1033425,0.1191419,0.0650471,
76,0.0,0.0675099,0.0395922,0.0809228,0.1716576,0.1638061,0.1454787,0.0378815,0.2075561,
77,0.0,0.0620116,0.0635897,0.0573063,0.1488813,0.1267643,0.1287613,0.0437226,0.1473491,
78,0.0,0.0728665,0.0710982,0.1023948,0.2103299,0.1257199,0.1362499,0.0637091,0.0691955,
79,0.0,0.0898658,0.1201534,0.1356079,0.1387869,0.1972461,0.1635646,0.068963,0.0949179,
80,0.0,0.1085459,0.0974892,0.1815134,0.0980699,0.1709869,0.1091671,0.0260118,0.1138951,
81,0.0,0.097547,0.0419909,0.1255288,0.1015759,0.1321099,0.1176922,0.0404445,0.0943675,
82,0.0,0.0785416,0.0464852,0.1131543,0.0793779,0.0586334,0.0876951,0.0538174,0.0894867,
83,0.0,0.081354,0.0513072,0.1180085,0.0637525,0.0794776,0.069964,0.0553514,0.0864053,
84,0.0,0.0582269,0.0140699,0.0728911,0.0256858,0.0678615,0.0740312,0.0394695,0.0975891,
85,0.0,0.0219135,0.0158615,0.0523207,0.0244639,0.0423712,0.0786597,0.0428008,0.0416582,
86,0.0,0.0343103,0.0308318,0.0539793,0.0360225,0.0319719,0.0404774,0.0244855,0.0578143,
87,0.0,0.0566485,0.0457542,0.0487495,0.0694462,0.0338675,0.0966062,0.0412754,0.0901526,
88,0.0,0.062597,0.0386858,0.0650947,0.040242,0.0390361,0.1019383,0.0443609,0.1160995,
89,0.0,0.0886996,0.036775,0.0961001,0.0777761,0.099734,0.1260963,0.0340306,0.0847833,
90,0.0,0.066387,0.024306,0.1415735,0.1306389,0.1319271,0.1256459,0.0459464,0.0743752,
91,0.0,0.0866653,0.0573367,0.1333719,0.1110699,0.0691629,0.1335579,0.0434028,0.0678906,
92,0.0,0.0778368,0.0481078,0.1491077,0.154596,0.0694637,0.0812278,0.0684203,0.1635407,
93,0.0,0.0219651,0.0822086,0.1436713,0.1032566,0.0346782,0.0890562,0.111978,0.1614076,
94,0.0,0.0204784,0.0475001,0.12488,0.0885113,0.0902909,0.1232994,0.1131659,0.1150575,
95,0.0,0.0384487,0.062598,0.0737452,0.0757468,0.1138885,0.0914778,0.0999158,0.0810846,
96,0.0,0.0308304,0.1071268,0.0920507,0.095704,0.1108733,0.1044922,0.1189833,0.0509209,
97,0.0,0.0475161,0.085228,0.0916617,0.0879512,0.1340507,0.0855784,0.1027617,0.0505775,
98,0.0,0.0712818,0.048981,0.1003485,0.0716161,0.1339307,0.0725736,0.0974928,0.0593517,
99,0.0,0.0847079,0.0940854,0.0424905,0.056632,0.1668864,0.060718,0.0592781,0.1065022,
100,0.0,0.0757922,0.0835175,0.0762068,0.0439063,0.165432,0.050267,0.0804506,0.029697,
101,0.0,0.0389837,0.0729478,0.0532528,0.0627671,0.1417366,0.0512129,0.043693,0.0459153,
102,0.0,0.0438938,0.0888052,0.020877,0.0187517,0.1265449,0.0985542,0.0631496,0.0242547,
103,0.0,0.0673767,0.0861622,0.0553209,0.0460599,0.1273784,0.1055013,0.024152,0.0280113,
104,0.0,0.0632595,0.0924947,0.0603184,0.0617378,0.0489469,0.0701824,0.0794294,0.0450505,
105,0.0,0.1387249,0.0768526,0.087837,0.0642236,0.0358868,0.0561627,0.0911925,0.0285121,
106,0.0,0.0941281,0.0748942,0.1378509,0.0495177,0.0876504,0.0640306,0.0838112,0.0477589,
107,0.0,0.1049132,0.069177,0.1153135,0.0483791,0.0788841,0.0659172,0.0507456,0.0393575,
108,0.0,0.0701553,0.1038389,0.1065418,0.0979586,0.0710629,0.0493716,0.0254664,0.0543739,
109,0.0,0.0739424,0.0981736,0.1113203,0.1176347,0.0381179,0.0555804,0.0654122,0.0547992,
110,0.0,0.0695704,0.0415896,0.0659738,0.0828726,0.0543192,0.0526769,0.0377454,0.0497892,
111,0.0,0.0262709,0.04012,0.0711023,0.0447364,0.0489317,0.038008,0.0339907,0.0286697,
112,0.0,0.0233414,0.0471604,0.0394683,0.0450121,0.0419086,0.028448,0.0221825,0.0425565,
113,0.0,0.0106473,0.0617898,0.030355,0.0521497,0.0226042,0.0454324,0.043177,0.0425858,
114,0.0,0.0131228,0.0489903,0.0447988,0.007393,0.0564612,0.0374264,0.0613181,0.0380886,
115,0.0,0.0886111,0.0577133,0.0454388,0.0726438,0.0731119,0.0307642,0.0636727,0.0440725,
116,0.0,0.0823551,0.0534466,0.0172405,0.0870528,0.0297719,0.045636,0.0864031,0.0459448,
117,0.0,0.0355824,0.077571,0.0150644,0.0489007,0.0279123,0.0872172,0.0667757,0.0302926,
118,0.0,0.0643504,0.1073479,0.034098,0.0739524,0.0260198,0.0662665,0.0628763,0.0360695,
119,0.0,0.126626,0.1728768,0.0284794,0.17103,0.0504244,0.1111883,0.0800486,0.0613899,
120,0.0,0.1099874,0.1679486,0.0339636,0.1639268,0.0543048,0.0709143,0.0361779,0.0406163,
121,0.0,0.0416746,0.0920032,0.0344365,0.1129635,0.0789241,0.0290216,0.0601408,0.1081631,
122,0.0,0.0367838,0.08389,0.0306704,0.0698889,0.0787851,0.0396761,0.0797899,0.0718714,
123,0.0,0.0460845,0.0252179,0.0169952,0.0118821,0.0571181,0.0436719,0.0333835,0.0535204,
124,0.0,0.0535974,0.0463137,0.0350464,0.0354295,0.0648194,0.0216219,0.0335486,0.0616998,
125,0.0,0.0198625,0.0296341,0.0301483,0.0402921,0.0584136,0.0730662,0.0415835,0.046044,
126,0.0,0.0262403,0.02271,0.0184803,0.0386833,0.0484186,0.0555876,0.0907444,0.0414332,
127,0.0,0.0370298,0.0698494,0.0118851,0.032782,0.0244618,0.0574999,0.0500974,0.0126498,
128,0.0,0.0344013,0.0147139,0.0313918,0.0222789,0.0604838,0.0607889,0.0303162,0.0166016,
129,0.0,0.0474014,0.0322606,0.0438057,0.0204861,0.0963385,0.0674496,0.0523398,0.034359,
130,0.0,0.0436186,0.0497836,0.0570564,0.0879344,0.0805749,0.0630353,0.0477135,0.0577142,
131,0.0,0.0539131,0.0778479,0.0659192,0.0481569,0.0293685,0.0854586,0.0700429,0.0353228,
132,0.0,0.0650741,0.0915336,0.0652217,0.054996,0.0546967,0.0632827,0.1165905,0.0518939,
133,0.0,0.0632441,0.0907187,0.0287025,0.0827561,0.0424257,0.0447659,0.0929427,0.1005704,
134,0.0,0.0134582,0.046048,0.050368,0.0674358,0.0424703,0.0329549,0.1045758,0.0872969,
135,0.0,0.0414502,0.0566521,0.0236543,0.0610922,0.0698584,0.0848227,0.1294338,0.1031553,
136,0.0,0.0540623,0.039945,0.034226,0.0361982,0.0320023,0.0956654,0.1019233,0.1348817,
137,0.0,0.092417,0.0159205,0.0463044,0.1026687,0.0303048,0.0915631,0.0973298,0.150744,
138,0.0,0.0781161,0.0339023,0.0674922,0.0960446,0.0888377,0.0356463,0.0955946,0.1080438,
139,0.0,0.0580239,0.0318416,0.0464016,0.1008304,0.0660931,0.0456696,0.0586459,0.0671104,
140,0.0,0.0794785,0.0492663,0.0669898,0.1392632,0.0839189,0.081951,0.0492736,0.0774274,
141,0.0,0.0902541,0.0548679,0.0623124,0.0629921,0.0819507,0.1013883,0.0518403,0.0442277,
142,0.0,0.0886595,0.1032724,0.0772877,0.0909161,0.0712158,0.0796858,0.0540428,0.0971327,
143,0.0,0.1085021,0.0956429,0.151195,0.0966017,0.048911,0.0302935,0.0427829,0.1373966,
144,0.0,0.0890915,0.0300195,0.0377582,0.0065312,0.0162487,0.0388448,0.0701246,0.0255743,
145,0.0,0.0527332,0.0650058,0.0569253,0.0630175,0.0129126,0.0625539,0.0715064,0.0144328,
146,0.0,0.0577061,0.0504065,0.0304137,0.0518405,0.0523527,0.0407979,0.051902,0.0352702,
147,0.0,0.0143434,0.0433096,0.0238064,0.0519167,0.0593695,0.0319571,0.0692726,0.0428451,
148,0.0,0.0319613,0.0465651,0.0365458,0.0525462,0.0196621,0.0182038,0.0744226,0.0502446,
149,0.0,0.0273943,0.0633837,0.0369653,0.053256,0.0280267,0.0545358,0.0586761,0.0569229,
150,0.0,0.0468372,0.0733154,0.0173049,0.0353704,0.0568453,0.0414713,0.0731229,0.004163,
151,0.0,0.0228093,0.0707401,0.0701026,0.0568685,0.053141,0.0269107,0.041837,0.0152499,
152,0.0,0.0510036,0.0468986,0.084624,0.0373196,0.057534,0.1102053,0.0385125,0.0288152,
153,0.0,0.0885251,0.0597663,0.0829996,0.1347113,0.2504979,0.1673489,0.0895565,0.083807,
154,0.0,0.0841713,0.0552844,0.0584523,0.0713802,0.199801,0.1562506,0.0814414,0.1198256,
155,0.0,0.0946131,0.0643485,0.0644309,0.0383429,0.3032075,0.159511,0.1165083,0.1111957,
156,0.0,0.0763513,0.0471738,0.0513024,0.0626138,0.164097,0.1339541,0.1370706,0.0646887,
157,0.0,0.0770243,0.0513027,0.0618639,0.0324756,0.1361247,0.0740562,0.0680064,0.0247687,
158,0.0,0.0724105,0.0434722,0.0156712,0.0563186,0.0809436,0.0703168,0.0777521,0.0364645,
159,0.0,0.05292,0.0963272,0.0444471,0.0293791,0.0502025,0.0300139,0.0793073,0.0198762,
160,0.0,0.0522715,0.0808757,0.0497114,0.0362556,0.0336138,0.0347779,0.0472708,0.0232205,
161,0.0,0.0440155,0.0494836,0.0303793,0.0540087,0.0186513,0.0459039,0.035399,0.0788651,
162,0.0,0.0327577,0.028148,0.04084,0.0596554,0.0294799,0.0198802,0.0374392,0.0543982,
163,0.0,0.0522316,0.0491707,0.0500199,0.0553075,0.0281487,0.0320405,0.0418796,0.0826886,
164,0.0,0.0616033,0.0865418,0.0617708,0.0918554,0.0975144,0.0612132,0.0437357,0.0952208,
165,0.0,0.0899912,0.0929331,0.0203941,0.0825536,0.0749187,0.0722666,0.0740369,0.094492,
166,0.0,0.0796311,0.0874631,0.0368153,0.0963515,0.0515096,0.0639816,0.0807676,0.1509798,
167,0.0,0.0762988,0.1346776,0.0126168,0.1002396,0.0708454,0.0702777,0.0875331,0.182558,
168,0.0,0.0742081,0.180778,0.0519815,0.0843097,0.0587801,0.0643852,0.1063771,0.1780971,
169,0.0,0.1339334,0.1635414,0.0947939,0.0966022,0.0361112,0.0186743,0.0477706,0.1484272,
170,0.0,0.1268972,0.0838734,0.0497353,0.0975459,0.0912933,0.0323403,0.0843284,0.1447911,
171,0.0,0.0775385,0.0569846,0.0091248,0.0871944,0.0797626,0.0513738,0.0557267,0.1690118,
172,0.0,0.0441423,0.0457159,0.0097118,0.073285,0.0620858,0.0475871,0.0760994,0.1101568,
173,0.0,0.0519014,0.0629398,0.0447813,0.0480411,0.0432736,0.0628452,0.1021467,0.0878919,
174,0.0,0.0643037,0.0737921,0.0576997,0.0314501,0.0411052,0.0995193,0.0607253,0.0806906,
175,0.0,0.0305871,0.0519997,0.0386365,0.0336144,0.0455149,0.0384633,0.0497566,0.0517627,
176,0.0,0.0331399,0.0564499,0.0236787,0.0382427,0.0340482,0.0420328,0.0452484,0.066894,
177,0.0,0.057134,0.0474254,0.0274772,0.0276815,0.029097,0.0380578,0.0620594,0.081241,
178,0.0,0.0482445,0.04763,0.0590151,0.0514919,0.0748495,0.0369563,0.0647795,0.0995705,
179,0.0,0.0450242,0.0457794,0.0675465,0.0484595,0.0689211,0.0373291,0.0359961,0.0666387,
180,0.0,0.033042,0.0574738,0.0525475,0.0353973,0.0517034,0.0518819,0.0461086,0.0822402,
181,0.0,0.0374176,0.0515711,0.0606639,0.0237687,0.0744168,0.0604071,0.0389057,0.1083674,
182,0.0,0.0472769,0.0563825,0.0832844,0.0442606,0.0785123,0.0471472,0.0291641,0.0241517,
183,0.0,0.0721962,0.0674731,0.1200462,0.0308848,0.0366944,0.0449791,0.071159,0.0290342,
184,0.0,0.0881835,0.0670405,0.1595746,0.0633985,0.0313328,0.0890505,0.1136255,0.0963471,
185,0.0,0.1374034,0.0802845,0.1118563,0.078022,0.0162804,0.1401761,0.1257512,0.0481001,
186,0.0,0.1747993,0.1098855,0.1273251,0.0741558,0.0434498,0.1209832,0.182694,0.0498997,
187,0.0,0.1313623,0.1707386,0.097958,0.1365529,0.0604984,0.1212947,0.2408654,0.1009022,
188,0.0,0.1469296,0.168624,0.1816965,0.1770583,0.0822512,0.1626294,0.1196279,0.076534,
189,0.0,0.2161103,0.1878299,0.2083823,0.1763388,0.0737401,0.1913465,0.1872376,0.1510827,
190,0.0,0.2722015,0.164408,0.2286193,0.2141339,0.1719141,0.1986331,0.2156582,0.1389375,
191,0.0,0.3392701,0.2463383,0.2757761,0.2402943,0.2398292,0.3553306,0.3160396,0.1673695,
192,0.0,0.2799999,0.1215731,0.1331876,0.0788516,0.1552786,0.2867457,0.2396147,0.1077204,
193,0.0,0.2460769,0.0305627,0.0668881,0.0498935,0.1867797,0.3428375,0.2348145,0.040453,
194,0.0,0.1156722,0.0406397,0.0902642,0.0691797,0.0796935,0.2219982,0.3076072,0.0848796,
195,0.0,0.0726124,0.0257446,0.1098233,0.0706108,0.0526261,0.0898896,0.1315066,0.084653,
196,0.0,0.1254381,0.04775,0.0777917,0.0585281,0.1506363,0.1338388,0.0735726,0.1306253,
197,0.0,0.0510718,0.0971882,0.0178723,0.0061592,0.1213757,0.0741377,0.0992956,0.1016236,
198,0.0,0.0887403,0.0501175,0.0274094,0.0453607,0.123529,0.0664268,0.0741451,0.1087152,
199,0.0,0.0899766,0.066483,0.0454767,0.0521806,0.1166283,0.0595076,0.0467436,0.1183683,
200,0.0,0.0317841,0.0612315,0.0612002,0.0262998,0.1009445,0.0923731,0.0409333,0.0924768,
201,0.0,0.0457834,0.0352883,0.0503284,0.0103401,0.0523419,0.0449564,0.0551772,0.1284266,
202,0.0,0.0349495,0.042343,0.0275827,0.0210993,0.0926192,0.03581,0.0265296,0.1308662,
203,0.0,0.0315517,0.0421203,0.0224993,0.0393907,0.0667765,0.0551886,0.0419156,0.0712991,
204,0.0,0.0331801,0.0341104,0.0418303,0.02122,0.0210695,0.0763221,0.0188531,0.1097333,
205,0.0,0.0251144,0.0259691,0.0343315,0.036887,0.0292347,0.0991197,0.0190897,0.1032008,
206,0.0,0.0596003,0.0251261,0.0335636,0.0547583,0.0360907,0.1120754,0.0288234,0.0899653,
207,0.0,0.020641,0.0315949,0.0396399,0.0708495,0.0428506,0.1327084,0.0315328,0.0508671,
208,0.0,0.0300356,0.0452744,0.0265561,0.0644677,0.035023,0.0758763,0.0423372,0.0704886,
209,0.0,0.062138,0.0644007,0.0166025,0.0583083,0.0424182,0.0819843,0.0721711,0.0942531,
210,0.0,0.0247917,0.0543095,0.0184646,0.0488666,0.0591842,0.1149179,0.0757111,0.093509,
211,0.0,0.0578873,0.0926744,0.0286654,0.0428271,0.1092437,0.1161069,0.076235,0.0951492,
212,0.0,0.1278125,0.1301354,0.0299687,0.0349859,0.0816628,0.0899516,0.0833974,0.0823179,
213,0.0,0.0914103,0.1161535,0.060173,0.0521362,0.0614332,0.1354279,0.0937327,0.0756089,
214,0.0,0.099284,0.1318803,0.0527565,0.0640073,0.0367149,0.1510104,0.0898486,0.1011898,
215,0.0,0.1413802,0.1565556,0.0374466,0.06549,0.0279281,0.1070679,0.1392378,0.0786929,
216,0.0,0.0936098,0.0676427,0.0199866,0.0331439,0.0618186,0.1233198,0.0481282,0.121352,
217,0.0,0.1167555,0.0309371,0.0244396,0.0183681,0.078755,0.1096707,0.1210596,0.1187441,
218,0.0,0.0990735,0.0301972,0.0258998,0.0636906,0.0897363,0.1189616,0.108953,0.0681462,
219,0.0,0.0965272,0.0559614,0.0513776,0.0644475,0.0596308,0.1380101,0.0595979,0.0828705,
220,0.0,0.0975107,0.0701231,0.0709103,0.0977666,0.0681841,0.1593864,0.0578251,0.1554039,
221,0.0,0.1002248,0.0678179,0.0241941,0.0976427,0.0787509,0.1217493,0.0337456,0.1595017,
222,0.0,0.1226378,0.0543617,0.0415543,0.0759594,0.0663653,0.1635634,0.0924795,0.1517902,
223,0.0,0.1372634,0.0379994,0.037267,0.0734942,0.0572691,0.1403084,0.1116095,0.1592443,
224,0.0,0.173624,0.0440679,0.0457436,0.130133,0.0850095,0.1668334,0.136268,0.1973279,
225,0.0,0.0944266,0.0335138,0.0531997,0.1074143,0.0917188,0.1032686,0.144246,0.2014369,
226,0.0,0.1042765,0.0795973,0.0389556,0.1232928,0.0941139,0.1078678,0.109473,0.2287622,
227,0.0,0.0840236,0.0906318,0.0331473,0.1600621,0.0756046,0.0593842,0.1197839,0.2131406,
228,0.0,0.0742821,0.1027034,0.1026093,0.1353742,0.1103787,0.0942811,0.1314283,0.2526154,
229,0.0,0.1237702,0.0528767,0.1080669,0.1235114,0.0731212,0.0954936,0.0868716,0.2085279,
230,0.0,0.0842379,0.0754628,0.1140843,0.1216868,0.0990855,0.0616684,0.0643832,0.1847539,
231,0.0,0.0964328,0.1450815,0.1335754,0.1572518,0.1734211,0.1165062,0.1170074,0.1478976,
232,0.0,0.0849148,0.1197105,0.1099185,0.2102686,0.154486,0.0466607,0.2448809,0.2371913,
233,0.0,0.1007125,0.1251522,0.0970797,0.1608796,0.1222364,0.1373038,0.2555498,0.3244985,
234,0.0,0.0993921,0.1204602,0.0369091,0.1235328,0.0847604,0.1983354,0.0699675,0.1707238,
235,0.0,0.0919195,0.1431008,0.1561672,0.2102443,0.0639668,0.1633843,0.1324661,0.2481112,
236,0.0,0.0771429,0.0959834,0.0729485,0.2093487,0.0355825,0.1061353,0.1483451,0.2143154,
237,0.0,0.0892759,0.0854807,0.0687712,0.1758982,0.0853635,0.0981855,0.1292368,0.173995,
238,0.0,0.0460796,0.0656155,0.0140713,0.103705,0.0900371,0.1091784,0.0810098,0.1594076,
239,0.0,0.0774625,0.0544435,0.0715669,0.0912927,0.049036,0.1193957,0.0729902,0.1480775,
240,0.0,0.058764,0.0629405,0.0656432,0.0610691,0.1287148,0.1080369,0.0873639,0.1278177,
241,0.0,0.0216066,0.0847007,0.0315505,0.0349808,0.1366021,0.0535195,0.1821296,0.1568899,
242,0.0,0.024023,0.0928167,0.0280337,0.0655836,0.1253368,0.0293513,0.2093317,0.1301155,
243,0.0,0.0539489,0.112088,0.0533875,0.0301102,0.2112553,0.0382645,0.1755869,0.1171865,
244,0.0,0.080947,0.0565745,0.052015,0.0913968,0.2023549,0.0728747,0.1452083,0.1487449,
245,0.0,0.086532,0.0898499,0.0747954,0.1272003,0.1644476,0.0767151,0.1436839,0.1530308,
246,0.0,0.0671921,0.0426639,0.0784774,0.086221,0.1147592,0.0702911,0.1320537,0.1281815,
247,0.0,0.0649027,0.0521608,0.058651,0.027007,0.107766,0.0978946,0.1030923,0.1598861,
248,0.0,0.071009,0.0326089,0.0496036,0.0364037,0.072477,0.1288755,0.0895885,0.14163,
249,0.0,0.0624223,0.0523527,0.0710941,0.0587169,0.0654165,0.1011758,0.0548878,0.1382942,
250,0.0,0.0785711,0.0752251,0.0577391,0.0732959,0.0834215,0.1044643,0.0713969,0.0684373,
251,0.0,0.0529638,0.089226,0.1042478,0.0523894,0.0751154,0.0803747,0.0933024,0.1335173,
252,0.0,0.0544871,0.0848823,0.1469609,0.0627906,0.0558247,0.0544781,0.1271278,0.1214948,
253,0.0,0.0470295,0.0635086,0.068695,0.0524096,0.0725706,0.0591009,0.1251619,0.1299244,
254,0.0,0.0264737,0.0556019,0.057044,0.0427227,0.0684307,0.1129141,0.0724243,0.1691132,
255,0.0,0.0628693,0.0498975,0.0686719,0.0364327,0.0746972,0.0508226,0.15081,0.1647487,
256,0.0,0.0968674,0.0430146,0.0344232,0.0255847,0.0521803,0.0422354,0.1366106,0.1541568,
257,0.0,0.116177,0.087046,0.024525,0.0425149,0.1003038,0.0751549,0.057685,0.1522385,
258,0.0,0.1212346,0.1058253,0.0734164,0.0125693,0.0874868,0.1008634,0.0673103,0.206902,
259,0.0,0.0669132,0.0895158,0.0477981,0.051151,0.0899837,0.1176378,0.0919609,0.2012519,
260,0.0,0.0678907,0.0812017,0.0523476,0.0615813,0.0790479,0.1155219,0.0885493,0.2008979,
261,0.0,0.0516566,0.0591187,0.0138456,0.0104762,0.0828299,0.1030629,0.0604271,0.172013,
262,0.0,0.0534182,0.0405224,0.043725,0.0349731,0.1007261,0.1532481,0.0483492,0.1748632,
263,0.0,0.0889015,0.0493232,0.0291316,0.0322196,0.0787611,0.1376296,0.0280475,0.1283769,
264,0.0,0.0351147,0.0601658,0.032653,0.0238846,0.0722029,0.1034026,0.0221476,0.1203716,
265,0.0,0.0642925,0.074918,0.0233306,0.0402895,0.0685303,0.1024988,0.0418162,0.126632,
266,0.0,0.0899882,0.0452398,0.0082392,0.0797018,0.0835444,0.1090821,0.0510106,0.1179283,
267,0.0,0.0828691,0.0623363,0.0376911,0.0871079,0.0400976,0.1137713,0.041669,0.1085519,
268,0.0,0.0877384,0.0631018,0.0465996,0.107538,0.0627971,0.082023,0.0843856,0.0847246,
269,0.0,0.1266226,0.0595632,0.0563734,0.0658237,0.0497818,0.1087364,0.0870466,0.1067387,
270,0.0,0.175106,0.0590718,0.0537706,0.0872813,0.0260834,0.0823164,0.0593471,0.1464439,
271,0.0,0.1389077,0.0535466,0.0651275,0.0645079,0.0856483,0.1105746,0.0702928,0.0829399,
272,0.0,0.1449651,0.0663727,0.0168487,0.082871,0.0967015,0.1009493,0.0728891,0.0972419,
273,0.0,0.1615506,0.1229769,0.0863329,0.1276995,0.0877175,0.133614,0.0962926,0.13711,
274,0.0,0.1455524,0.1776833,0.0934108,0.1075244,0.1311651,0.1931147,0.0977851,0.0857196,
275,0.0,0.1650908,0.139605,0.0733695,0.1170805,0.1591233,0.1773668,0.1119685,0.076222,
276,0.0,0.143167,0.0138969,0.0684422,0.1338126,0.1308293,0.1803445,0.1499031,0.0539359,
277,0.0,0.1388434,0.1172584,0.0921101,0.1051236,0.1421992,0.1460363,0.1057685,0.1195921,
278,0.0,0.1363764,0.039989,0.1324763,0.10467,0.0235399,0.1470397,0.1969806,0.0836104,
279,0.0,0.1322747,0.0362833,0.1127681,0.0437331,0.0761111,0.1410873,0.1066154,0.0742971,
280,0.0,0.0760968,0.0427549,0.063683,0.0327158,0.0924098,0.1005516,0.0489343,0.0615649,
281,0.0,0.0418926,0.0386944,0.0616902,0.0291664,0.1040892,0.0921999,0.0582711,0.107754,
282,0.0,0.0559602,0.0230075,0.0531261,0.0444852,0.108492,0.109461,0.0678407,0.1456943,
283,0.0,0.062535,0.1005072,0.0904824,0.0320837,0.1897494,0.1395271,0.0398942,0.1259003,
284,0.0,0.0523942,0.0432379,0.0330558,0.0726742,0.1234327,0.1482821,0.0468675,0.1092653,
285,0.0,0.0359571,0.0373508,0.0587988,0.0744075,0.1041397,0.1578491,0.0609034,0.0978851,
286,0.0,0.0712732,0.0473525,0.0359913,0.1135639,0.1012899,0.1533945,0.0572218,0.0812063,
287,0.0,0.0865787,0.0228857,0.0331464,0.124113,0.0379612,0.1543841,0.0327368,0.0755314,
288,0.0,0.0511605,0.0199559,0.0400298,0.1105142,0.0681992,0.1045718,0.0439267,0.0577622,
289,0.0,0.0449327,0.0381446,0.0619146,0.0278057,0.0530478,0.0671181,0.0394203,0.058143,
290,0.0,0.0146756,0.0202523,0.0470464,0.05858,0.057265,0.0640635,0.0548936,0.0631894,
291,0.0,0.0431424,0.0325046,0.0689924,0.0231144,0.0609539,0.0690053,0.0636424,0.0343587,
292,0.0,0.046004,0.0485098,0.0263426,0.0372017,0.0600894,0.0987245,0.0678955,0.0642999,
293,0.0,0.0342591,0.0280549,0.0528118,0.0311861,0.0537418,0.1188443,0.0875727,0.0870859,
294,0.0,0.055313,0.0264587,0.0435455,0.0213386,0.0452042,0.0940495,0.080947,0.0708829,
295,0.0,0.0303478,0.0699051,0.0476878,0.0215702,0.0375106,0.062342,0.0709802,0.0808526,
296,0.0,0.0597314,0.0711758,0.0208237,0.0164762,0.070936,0.0454454,0.0969291,0.0843432,
297,0.0,0.0885022,0.0617178,0.0365492,0.055296,0.0770907,0.0707476,0.0778234,0.0382202,
298,0.0,0.0579494,0.0229017,0.0653265,0.06689,0.0450764,0.039478,0.0911052,0.0763995,
299,0.0,0.0582226,0.0684874,0.092123,0.0357392,0.0507473,0.025585,0.1051613,0.0852134,
300,0.0,0.0640463,0.0794507,0.0906213,0.0354737,0.0142993,0.021303,0.0523875,0.0832136,
301,0.0,0.0631765,0.0921986,0.0912757,0.015068,0.0605654,0.0368304,0.10104,0.0619987,
302,0.0,0.1031317,0.1418263,0.1384387,0.0084338,0.0550865,0.035732,0.1476729,0.0993128,
303,0.0,0.0307554,0.1008555,0.1200368,0.0500092,0.0567169,0.0364211,0.0899266,0.1012524,
304,0.0,0.0477646,0.0635088,0.1381705,0.0393466,0.0660542,0.0420493,0.0779319,0.1017684,
305,0.0,0.0642556,0.0719078,0.1364185,0.0976273,0.1177668,0.0371384,0.0710235,0.1023056,
306,0.0,0.0391791,0.0705471,0.1226419,0.1376868,0.1661026,0.1681611,0.0745297,0.1648805,
307,0.0,0.0728098,0.0226924,0.042422,0.0589167,0.1096785,0.1007199,0.1198928,0.1332482,
308,0.0,0.0671375,0.0549693,0.0119409,0.0503126,0.1088954,0.0605164,0.0772537,0.0810738,
309,0.0,0.0531288,0.0755443,0.0174416,0.0532883,0.0760469,0.0544362,0.062931,0.0766049,
310,0.0,0.061475,0.0476402,0.0535897,0.0622561,0.0494812,0.0688931,0.0870553,0.0614624,
311,0.0,0.0540239,0.0459222,0.0540116,0.067803,0.0776002,0.0482613,0.0634784,0.0444861,
312,0.0,0.0207024,0.024429,0.0493101,0.0465856,0.0382472,0.0343983,0.0336204,0.0239953,
313,0.0,0.0258037,0.0397679,0.0578181,0.0266721,0.059039,0.042994,0.024988,0.0393873,
314,0.0,0.0386721,0.0037065,0.0474392,0.0345097,0.0459252,0.0489136,0.0142727,0.0350651,
315,0.0,0.0432241,0.01038,0.05096,0.0464945,0.0466029,0.052908,0.0247692,0.0381137,
316,0.0,0.0675406,0.040839,0.0642138,0.0502539,0.0977359,0.0388368,0.0403045,0.0490799,
317,0.0,0.0625083,0.0510206,0.0769645,0.0915475,0.1103761,0.0923984,0.0443991,0.0248673,
318,0.0,0.0543849,0.0108201,0.0782267,0.1147474,0.101848,0.1156701,0.0562406,0.0395705,
319,0.0,0.047703,0.0127998,0.0553605,0.1129465,0.0923676,0.0526005,0.0459604,0.0371972,
320,0.0,0.0356517,0.0251466,0.0461867,0.0800615,0.0800192,0.0451897,0.0369145,0.07122,
321,0.0,0.0422927,0.0223084,0.0556324,0.0781965,0.0805864,0.0669836,0.0548136,0.0904762,
322,0.0,0.0381045,0.026836,0.0771922,0.0551211,0.0845466,0.0685911,0.0790691,0.1089484,
323,0.0,0.0508273,0.0276171,0.0738079,0.0739176,0.0775454,0.0695866,0.124775,0.1067303,
324,0.0,0.0247815,0.0850309,0.0775013,0.085229,0.0589651,0.0448671,0.1043004,0.0981696,
325,0.0,0.0466552,0.0739986,0.0758162,0.0783957,0.0513262,0.0471488,0.0823199,0.12168,
326,0.0,0.0325252,0.0793514,0.0614762,0.076965,0.037562,0.0552151,0.024277,0.0857102,
327,0.0,0.0381897,0.0633228,0.0777434,0.0662478,0.124078,0.0524611,0.0360251,0.13523,
328,0.0,0.0759587,0.0790902,0.0702688,0.080063,0.1352531,0.0920347,0.0486502,0.1349559,
329,0.0,0.108744,0.1141685,0.1423105,0.0900734,0.1849186,0.19899,0.0751078,0.2277603,
330,0.0,0.1164008,0.2035604,0.2112878,0.1020889,0.194543,0.0881727,0.0847065,0.1907711,
331,0.0,0.0703358,0.0545936,0.0854503,0.0628139,0.1568242,0.087673,0.0769703,0.1975913,
332,0.0,0.0725247,0.0330625,0.0996795,0.0996108,0.1359588,0.075645,0.0352525,0.1896425,
333,0.0,0.0276253,0.0478169,0.0927373,0.0700954,0.0948812,0.0592386,0.0468168,0.1258045,
334,0.0,0.0184076,0.0423413,0.0760111,0.0666031,0.0835919,0.0634996,0.0570181,0.0541855,
335,0.0,0.0514459,0.0533703,0.0718197,0.098809,0.0616291,0.0273148,0.0186023,0.0702472,
336,0.0,0.0343473,0.0694727,0.0707626,0.0975699,0.0711823,0.0443677,0.0309068,0.0167828,
337,0.0,0.0335042,0.0847375,0.0872733,0.0806565,0.0602527,0.0668168,0.0555625,0.1012677,
338,0.0,0.0316074,0.0779904,0.0750344,0.1069888,0.0951786,0.0729401,0.0759212,0.1186564,
339,0.0,0.0389138,0.0315813,0.0701376,0.0834407,0.1066201,0.1437389,0.1087612,0.2404149,
340,0.0,0.047053,0.0277188,0.0788772,0.0890538,0.0761177,0.1321151,0.1043899,0.2136332,
341,0.0,0.060087,0.0235307,0.0863331,0.082198,0.0680929,0.1058004,0.0589147,0.1423191,
342,0.0,0.0432459,0.0400013,0.1077158,0.0869299,0.0816231,0.0857285,0.0377325,0.0858263,
343,0.0,0.0352948,0.0627416,0.0952118,0.0753731,0.0835652,0.0691323,0.0124558,0.0474188,
344,0.0,0.0281707,0.0362842,0.0614483,0.0592209,0.0763131,0.0782313,0.0218019,0.0628185,
345,0.0,0.0621329,0.0401451,0.040087,0.0414886,0.1081155,0.1015678,0.0379323,0.117668,
346,0.0,0.044196,0.0758525,0.0621122,0.0471954,0.0866324,0.1379344,0.0489362,0.1335713,
347,0.0,0.0506588,0.0703675,0.0567074,0.0371204,0.0590682,0.1387406,0.0483868,0.1997624,
348,0.0,0.0244438,0.0664168,0.0125032,0.0839392,0.0561898,0.1354388,0.0635747,0.126214,
349,0.0,0.0312745,0.0635904,0.0625713,0.1294258,0.1657937,0.1259787,0.0857773,0.1660841,
350,0.0,0.0507576,0.0388947,0.07267,0.1032178,0.1516369,0.1243972,0.0916368,0.2384666,
351,0.0,0.0757307,0.0561412,0.0683243,0.0779993,0.1299917,0.1282181,0.0900859,0.2631305,
352,0.0,0.0551002,0.0339774,0.0685811,0.059427,0.1107388,0.0914237,0.0794802,0.3187568,
353,0.0,0.0860856,0.0782923,0.0715737,0.0409659,0.1249944,0.1402868,0.1627378,0.2803964,
354,0.0,0.0902641,0.06624,0.0916791,0.0275236,0.1091375,0.1648466,0.1387472,0.2843657,
355,0.0,0.0761859,0.0426002,0.0960023,0.0272822,0.0649838,0.1569806,0.1099484,0.3317605,
356,0.0,0.1216404,0.0911181,0.132302,0.0875476,0.0842201,0.1516423,0.1323147,0.4063951,
357,0.0,0.120771,0.0661263,0.156425,0.0957532,0.1211371,0.1328652,0.1146706,0.3960677,
358,0.0,0.115198,0.053738,0.1592436,0.0608486,0.0901903,0.1224332,0.1378261,0.3014076,
359,0.0,0.1070633,0.0561575,0.1650226,0.0996411,0.1582593,0.1498753,0.167424,0.3070761,
360,0.0,0.0497393,0.022181,0.1075086,0.1005938,0.1505381,0.1165367,0.1615409,0.2344269,
361,0.0,0.1548916,0.146614,0.2229263,0.1070181,0.2493179,0.1440912,0.1718356,0.2562055,
362,0.0,0.077583,0.1802584,0.2167881,0.095685,0.2673414,0.0720854,0.1415553,0.3379485,
363,0.0,0.1133865,0.1336284,0.1133538,0.0633752,0.2068008,0.0606639,0.1471146,0.2943663,
364,0.0,0.1202694,0.1299749,0.1219867,0.0540482,0.260514,0.0559732,0.2044314,0.256272,
365,0.0,0.0864563,0.070674,0.1580635,0.0843532,0.170116,0.0670793,0.2952744,0.3365652,
366,0.0,0.0966011,0.0290036,0.1715845,0.1655922,0.181813,0.0756294,0.2971397,0.4214782,
367,0.0,0.1288917,0.0839196,0.1462437,0.1685148,0.2073973,0.1109145,0.1510355,0.3164831,
368,0.0,0.0673233,0.1032001,0.2089727,0.2037227,0.2562113,0.1115885,0.0375049,0.2260162,
369,0.0,0.0700925,0.081822,0.2244115,0.1765913,0.1670347,0.1179837,0.0837377,0.1217279,
370,0.0,0.0642471,0.1044403,0.2011595,0.2077005,0.1964613,0.107722,0.0753369,0.0586481,
371,0.0,0.0612846,0.0616728,0.1377853,0.1463778,0.1853953,0.1259385,0.0639154,0.160793,
372,0.0,0.1011143,0.0387183,0.0734942,0.0698208,0.1306348,0.1501275,0.0481959,0.0963029,
373,0.0,0.0498504,0.0554737,0.0841417,0.0634824,0.113064,0.1417049,0.0584342,0.0805064,
374,0.0,0.0510776,0.0762438,0.1126462,0.0790535,0.0466229,0.1006208,0.0553075,0.1365537,
375,0.0,0.0551221,0.0460101,0.1223482,0.0937283,0.0442166,0.0601532,0.1065591,0.1692858,
376,0.0,0.068847,0.0608369,0.1137706,0.0919449,0.0410433,0.0581395,0.2222109,0.1462869,
377,0.0,0.0917467,0.0946255,0.1331151,0.141351,0.0805119,0.1145538,0.2245243,0.336216,
378,0.0,0.0509532,0.1258231,0.1314962,0.1450869,0.0799781,0.0870978,0.2109724,0.2914522,
379,0.0,0.0532512,0.1278601,0.1320844,0.0873268,0.0712475,0.0412518,0.2902772,0.275673,
380,0.0,0.0821045,0.0574416,0.1334504,0.0770289,0.0510668,0.0429121,0.1754899,0.2679286,
381,0.0,0.081223,0.0565212,0.1050383,0.0534968,0.1156164,0.061225,0.1025351,0.2291483,
382,0.0,0.0833102,0.0414198,0.1065786,0.0630369,0.1271699,0.0591276,0.0860802,0.2082822,
383,0.0,0.0826511,0.0309811,0.1088436,0.0774916,0.1133575,0.1109315,0.0831392,0.1376354,
384,0.0,0.068317,0.0300473,0.1248804,0.0905302,0.1156006,0.1376064,0.0616798,0.1702715,
385,0.0,0.0637668,0.0442754,0.1153681,0.099312,0.1876208,0.1084064,0.0795974,0.1826887,
386,0.0,0.1104536,0.0461659,0.0979166,0.1041706,0.1202153,0.1374541,0.0385354,0.1204127,
387,0.0,0.1327943,0.041716,0.1490497,0.1107268,0.1083528,0.1344226,0.0329552,0.156221,
388,0.0,0.0341644,0.0373724,0.094922,0.125896,0.1038359,0.0597297,0.1206082,0.1605118,
389,0.0,0.0288138,0.0861099,0.0173138,0.1140998,0.1916964,0.0509305,0.0955221,0.1970723,
390,0.0,0.0671954,0.0945802,0.0516408,0.0725721,0.0777964,0.0385311,0.0295131,0.1553776,
391,0.0,0.0181469,0.0611858,0.0348134,0.0536942,0.0650155,0.0356989,0.0391272,0.1281202,
392,0.0,0.0256686,0.0709463,0.0447961,0.0562103,0.0586096,0.0556604,0.0607822,0.1082146,
393,0.0,0.1089205,0.0409909,0.120375,0.0927409,0.0597552,0.130512,0.0832987,0.082915,
394,0.0,0.0921276,0.0336526,0.110904,0.1009637,0.0807166,0.1111063,0.0852181,0.1206327,
395,0.0,0.0823375,0.0185643,0.0717823,0.1156612,0.0675816,0.1227432,0.0586129,0.1200397,
396,0.0,0.0695259,0.0253133,0.0788905,0.072316,0.078762,0.1465801,0.0599689,0.1841706,
397,0.0,0.0554853,0.0249633,0.1037395,0.0804476,0.0456166,0.0956137,0.0589547,0.2130758,
398,0.0,0.0578444,0.0375662,0.0996185,0.1170065,0.0529743,0.0836278,0.0301713,0.2515988,
399,0.0,0.0444578,0.080053,0.1201934,0.1399126,0.0952666,0.1047273,0.0219755,0.2163219,
400,0.0,0.044804,0.0452923,0.0996758,0.14095,0.1422437,0.1275066,0.0591534,0.221902,
401,0.0,0.0284853,0.0574675,0.0718448,0.0982484,0.1531156,0.0935832,0.0688362,0.2088651,
402,0.0,0.0321553,0.0240639,0.0793785,0.1016381,0.1748523,0.1184056,0.0650795,0.3216413,
403,0.0,0.0293704,0.065517,0.1009338,0.0780483,0.0725744,0.1607971,0.0371372,0.1316746,
404,0.0,0.0166522,0.056923,0.0996691,0.0585512,0.1069817,0.1605463,0.0570032,0.1239703,
405,0.0,0.0091502,0.0501778,0.0844691,0.0544139,0.0722042,0.1248781,0.0786683,0.0614418,
406,0.0,0.0345228,0.0484287,0.101199,0.071138,0.0828838,0.0677247,0.0545927,0.0920579,
407,0.0,0.0221434,0.0802712,0.069793,0.0641293,0.0780887,0.0947833,0.039982,0.0285459,
408,0.0,0.0317986,0.0476795,0.0294374,0.0345286,0.0695386,0.0797524,0.0529212,0.0976637,
409,0.0,0.0384242,0.0639444,0.0262326,0.0312049,0.0455023,0.0523386,0.038132,0.0815271,
410,0.0,0.0344797,0.0762844,0.0225867,0.0321915,0.0445078,0.1076394,0.0798798,0.0591558,
411,0.0,0.0640438,0.0228892,0.019906,0.0660554,0.0512615,0.1279464,0.0717538,0.0656052,
412,0.0,0.0742069,0.0534107,0.0514409,0.0413263,0.0789034,0.0796663,0.0360015,0.0718382,
413,0.0,0.0572863,0.0141979,0.0680894,0.0942532,0.0506687,0.0281447,0.0897255,0.0793201,
414,0.0,0.0337631,0.0326418,0.1446145,0.0934587,0.0561499,0.0549327,0.1313711,0.0774916,
415,0.0,0.0685258,0.0685459,0.1473868,0.0645446,0.1005782,0.0885304,0.1431351,0.0430205,
416,0.0,0.033943,0.0588377,0.0983724,0.0333888,0.0420505,0.0731171,0.1014026,0.0372595,
417,0.0,0.0214737,0.0400283,0.0679557,0.0186811,0.0539764,0.0355479,0.0994347,0.0221441,
418,0.0,0.0245635,0.0518099,0.0635184,0.0296466,0.0379305,0.0403078,0.0776786,0.0271327,
419,0.0,0.0482085,0.0255335,0.0597595,0.0236544,0.0396382,0.0612797,0.0503731,0.0230341,
420,0.0,0.0324802,0.0198036,0.0324606,0.0317751,0.0567304,0.0725043,0.0770675,0.0248364,
421,0.0,0.016425,0.0571996,0.0335135,0.0580473,0.0484208,0.0692094,0.0957383,0.0228233,
422,0.0,0.0444907,0.0556802,0.0764675,0.0553086,0.0561716,0.0522445,0.0932065,0.0118798,
423,0.0,0.0434899,0.0339017,0.0640534,0.0592963,0.0710605,0.0624987,0.0879075,0.0525303,
424,0.0,0.0705101,0.0543505,0.0933928,0.0653276,0.0509759,0.0613538,0.0726822,0.0476233,
425,0.0,0.0619176,0.0540649,0.1156978,0.0737324,0.0685796,0.1361626,0.0681021,0.0223628,
426,0.0,0.0491705,0.0296555,0.0693052,0.0458426,0.1092398,0.0404817,0.1229586,0.0147102,
427,0.0,0.0255806,0.053288,0.0377632,0.0507063,0.0946424,0.1551993,0.0546749,0.020928,
428,0.0,0.0329427,0.038905,0.0766095,0.0556827,0.0457462,0.1005124,0.0331427,0.1100431,
429,0.0,0.03304,0.0332936,0.1325071,0.0381638,0.0409774,0.0998463,0.0753777,0.0882786,
430,0.0,0.0406925,0.0233476,0.0526031,0.0644806,0.0325526,0.0597589,0.0486045,0.0941283,
431,0.0,0.0257853,0.0345256,0.0610351,0.0338061,0.0445468,0.0610126,0.0617501,0.0390908,
432,0.0,0.0590227,0.0146959,0.0547201,0.0165329,0.0272832,0.0413563,0.0675589,0.0342761,
433,0.0,0.009661,0.0262555,0.068514,0.0415743,0.037083,0.0647056,0.0592957,0.0298456,
434,0.0,0.0220808,0.0271947,0.0422606,0.0471267,0.0711432,0.0739549,0.076617,0.0398217,
435,0.0,0.0172983,0.0578794,0.146284,0.0554325,0.0971372,0.0460927,0.0990546,0.0494662,
436,0.0,0.0436516,0.0576327,0.0908122,0.0383306,0.0757537,0.0712592,0.1172906,0.0480873,
437,0.0,0.0410633,0.0557107,0.0609882,0.0246594,0.0611427,0.057801,0.0816255,0.065601,
438,0.0,0.0429876,0.039722,0.0646209,0.0206906,0.0337566,0.0656885,0.1154149,0.0930697,
439,0.0,0.0326681,0.0514142,0.0637964,0.0478271,0.0277511,0.1072973,0.1156766,0.0499868,
440,0.0,0.026095,0.0524417,0.0471464,0.0424287,0.0303809,0.0982476,0.0992281,0.1137732,
441,0.0,0.0285512,0.0550169,0.0424147,0.0409085,0.0334676,0.0781959,0.088444,0.1180611,
442,0.0,0.0372521,0.086142,0.0603583,0.0485036,0.0469393,0.0602569,0.1054174,0.0972189,
443,0.0,0.0437704,0.0806006,0.0896123,0.0334032,0.0259047,0.060931,0.1179404,0.1053696,
444,0.0,0.0576803,0.0360726,0.0743254,0.0696439,0.0424139,0.0658847,0.0894363,0.0910822,
445,0.0,0.0314268,0.0408885,0.0710459,0.0348874,0.0338893,0.0343664,0.0922148,0.0741225,
446,0.0,0.0711971,0.0555342,0.0699212,0.0409827,0.0815474,0.0251384,0.1125849,0.0362427,
447,0.0,0.0667775,0.0877521,0.0784345,0.0600742,0.0887363,0.0320971,0.0853583,0.0236302,
448,0.0,0.0268973,0.0466366,0.1533542,0.1083587,0.1520915,0.1086996,0.1940005,0.0137588,
449,0.0,0.0944829,0.0747971,0.1695089,0.1077931,0.1883493,0.1529978,0.2938191,0.0248405,
450,0.0,0.1109449,0.0642492,0.0397671,0.0392809,0.0841322,0.0253867,0.1083586,0.0633465,
451,0.0,0.0460313,0.0105365,0.0343738,0.0309743,0.0571367,0.0245121,0.0796771,0.0668701,
452,0.0,0.0356924,0.0439307,0.0398525,0.0412837,0.0243673,0.0528102,0.0460833,0.0450109,
453,0.0,0.052983,0.0382878,0.0487369,0.0475451,0.043772,0.0369983,0.0304041,0.0301266,
454,0.0,0.0395676,0.0260749,0.0195196,0.0553434,0.0368179,0.0447179,0.0407779,0.0096436,
455,0.0,0.0631792,0.0499293,0.0446206,0.0204458,0.0212462,0.0675628,0.0501712,0.0333335,
456,0.0,0.0491743,0.0174739,0.0410163,0.0322053,0.0529869,0.0769174,0.0579923,0.0498391,
457,0.0,0.0316777,0.0319754,0.0342624,0.039009,0.0549215,0.0845021,0.0503129,0.0255444,
458,0.0,0.0520152,0.0367951,0.0877727,0.0482371,0.0831896,0.0531744,0.0304813,0.0179838,
459,0.0,0.0490523,0.0605071,0.1064439,0.0833863,0.1002898,0.0613765,0.0891999,0.1384415,
460,0.0,0.0734585,0.0758118,0.1528497,0.0976338,0.121495,0.0875717,0.1367612,0.1868989,
461,0.0,0.0721981,0.0732124,0.1552308,0.1289586,0.1243485,0.0621023,0.0923746,0.2053996,
462,0.0,0.0173879,0.0676152,0.0871185,0.0914254,0.0996937,0.0428438,0.1048995,0.1023884,
463,0.0,0.0075904,0.0316406,0.0639077,0.064863,0.0810429,0.0530646,0.082868,0.0585883,
464,0.0,0.0251869,0.0426117,0.0262353,0.0197287,0.0575005,0.118165,0.0647299,0.0445923,
465,0.0,0.0477511,0.0432982,0.0512089,0.0432459,0.0336146,0.1102637,0.0404417,0.0709643,
466,0.0,0.0583421,0.020668,0.0521074,0.0362983,0.052089,0.1127346,0.0426735,0.067095,
467,0.0,0.0436206,0.0391826,0.0330292,0.0528332,0.0580015,0.0438817,0.0344044,0.060302,
468,0.0,0.0468608,0.0224564,0.0295188,0.0368673,0.01692,0.0388497,0.0357404,0.0610415,
469,0.0,0.0622974,0.0770669,0.0163038,0.0339859,0.0267162,0.0400323,0.0360696,0.0677862,
470,0.0,0.0452209,0.0674739,0.0178523,0.0200875,0.025328,0.0575486,0.0507624,0.0705037,
471,0.0,0.0327106,0.0475937,0.058094,0.0314665,0.0321709,0.0755855,0.0767593,0.068815,
472,0.0,0.0494387,0.0110191,0.0681245,0.0833876,0.0290653,0.1657267,0.0859347,0.1590762,
473,0.0,0.0835859,0.0904396,0.0576965,0.0253055,0.0510407,0.1620678,0.0551234,0.1392268,
474,0.0,0.0506061,0.09556,0.0958987,0.0734782,0.1054924,0.1637149,0.0698391,0.1556897,
475,0.0,0.0456357,0.0627922,0.0841187,0.0441583,0.1157501,0.2578672,0.0509963,0.1355397,
476,0.0,0.0530456,0.1250769,0.1215803,0.0284574,0.1347353,0.2049673,0.068062,0.1398748,
477,0.0,0.0735688,0.0503077,0.0543317,0.0431451,0.0529804,0.0847146,0.0410582,0.1300137,
478,0.0,0.0488006,0.0659413,0.0231226,0.0324667,0.0362824,0.0693098,0.0735941,0.1209781,
479,0.0,0.0296659,0.0515657,0.0231498,0.0584389,0.0234536,0.0673006,0.0614747,0.1058602,
480,0.0,0.0713847,0.034111,0.0679744,0.0382811,0.0184467,0.0277802,0.0369849,0.0935111,
481,0.0,0.0463562,0.0375982,0.046781,0.02488,0.015462,0.0322338,0.0482314,0.0832217,
482,0.0,0.0246954,0.0828911,0.0334716,0.0658264,0.0267721,0.0549911,0.0593312,0.0886669,
483,0.0,0.0100937,0.0935454,0.0053273,0.0561731,0.0421678,0.0283364,0.0668627,0.1012169,
484,0.0,0.0522908,0.0943573,0.0651206,0.0661891,0.0910443,0.0698113,0.0536932,0.0980806,
485,0.0,0.0433682,0.0860696,0.0327431,0.0584921,0.0285404,0.0407264,0.050463,0.1217573,
486,0.0,0.0381081,0.0424963,0.0664274,0.054931,0.0155393,0.0473332,0.059608,0.0844851,
487,0.0,0.0234883,0.0277703,0.073486,0.0819329,0.0208505,0.0491571,0.0658715,0.0664628,
488,0.0,0.0207673,0.0334737,0.0635758,0.0816636,0.0255359,0.0718078,0.0826052,0.0902687,
489,0.0,0.0275675,0.0671141,0.0500822,0.0470296,0.0823267,0.068595,0.0878435,0.0937754,
490,0.0,0.0329838,0.0795959,0.1050359,0.0373201,0.1097632,0.1112592,0.114735,0.0981571,
491,0.0,0.026605,0.0773501,0.0757967,0.0408549,0.0868301,0.0620001,0.0545778,0.1023967,
492,0.0,0.0655069,0.039275,0.0503616,0.0453395,0.0778595,0.0421068,0.0906856,0.1355982,
493,0.0,0.0623426,0.0376553,0.0550608,0.0537726,0.0920007,0.0899835,0.0600617,0.184257,
494,0.0,0.1045016,0.0336373,0.1160584,0.0618131,0.1215078,0.1072708,0.0514093,0.3023843,
495,0.0,0.0960755,0.0497315,0.1311568,0.0462213,0.1139088,0.1172229,0.1166646,0.3305804,
496,0.0,0.0658365,0.0102451,0.106568,0.0515851,0.1399615,0.1607959,0.1242237,0.3922874,
497,0.0,0.0352847,0.0854045,0.1547875,0.0498306,0.1884431,0.1935812,0.1678614,0.3220415,
498,0.0,0.0764986,0.0606484,0.0900454,0.0221134,0.039413,0.1673847,0.1284551,0.1594469,
499,0.0,0.0642493,0.0499397,0.1018121,0.0665786,0.0823711,0.2919097,0.1954516,0.1295571,
500,0.0,0.0673361,0.0742163,0.0872184,0.0344182,0.0731172,0.2412047,0.0871541,0.0415165,
501,0.0,0.0659498,0.0484066,0.0522161,0.0800322,0.0310528,0.1979701,0.0861477,0.159717,
502,0.0,0.0369991,0.1665241,0.0708911,0.1101838,0.0713461,0.0353119,0.1037341,0.1374122,
503,0.0,0.0473087,0.0700585,0.0901178,0.1266036,0.0249028,0.0599762,0.0529707,0.0551249,
504,0.0,0.0398125,0.0374669,0.1008116,0.0914859,0.0293516,0.0621021,0.0877453,0.152507,
505,0.0,0.0563254,0.038296,0.0881347,0.0899569,0.025584,0.0851753,0.0643226,0.1301807,
506,0.0,0.0756809,0.0537286,0.0893957,0.0725127,0.0390553,0.093598,0.0348579,0.075138,
507,0.0,0.0540721,0.059156,0.0720714,0.0521627,0.0430833,0.0974865,0.0239467,0.0428081,
508,0.0,0.0593754,0.0255631,0.077023,0.0505651,0.0356154,0.0904888,0.0210344,0.0600225,
509,0.0,0.0524254,0.0243911,0.0431313,0.0585474,0.0176495,0.0857563,0.069038,0.0193989,
510,0.0,0.0690359,0.0380172,0.0388263,0.0851521,0.03069,0.0470197,0.0752034,0.0438964,
511,0.0,0.0640607,0.0491435,0.0395046,0.1023982,0.0382806,0.0576635,0.0509891,0.0583948,
512,0.0,0.0375325,0.0371488,0.040994,0.1050744,0.0337014,0.0624058,0.0434517,0.0508098,
513,0.0,0.0502965,0.0404071,0.030901,0.1111956,0.0577398,0.0676101,0.0601681,0.0751626,
514,0.0,0.0540462,0.0430729,0.0698875,0.1082558,0.0569769,0.0819138,0.0654369,0.0831989,
515,0.0,0.0580219,0.0448324,0.0601163,0.1165157,0.0425399,0.0830808,0.1141844,0.0766628,
516,0.0,0.0256523,0.0477589,0.0540345,0.1176713,0.0892568,0.078375,0.0974162,0.0603343,
517,0.0,0.076936,0.045174,0.0860053,0.1531545,0.0775356,0.0725906,0.0952884,0.0846104,
518,0.0,0.065556,0.0666108,0.1139559,0.143236,0.1267575,0.0640517,0.0702717,0.0948048,
519,0.0,0.0795677,0.0877026,0.0810574,0.1615911,0.1682926,0.0934275,0.056127,0.0796578,
520,0.0,0.0918373,0.1030725,0.1199618,0.1717042,0.1572734,0.1020982,0.0857361,0.085262,
521,0.0,0.0547083,0.0657711,0.1497144,0.2423591,0.2866085,0.0571624,0.1038888,0.189194,
522,0.0,0.0727367,0.0471043,0.0964212,0.2279467,0.1669701,0.0645778,0.1249796,0.1304148,
523,0.0,0.0595291,0.0423301,0.1224682,0.1909528,0.1480062,0.0606038,0.1228218,0.0927007,
524,0.0,0.0918116,0.0349446,0.0782024,0.2018102,0.1655703,0.0631348,0.1202859,0.1253612,
525,0.0,0.0897269,0.0708902,0.0915649,0.191873,0.0968263,0.0195672,0.1301654,0.1259382,
526,0.0,0.0533285,0.0922953,0.0948516,0.1771323,0.1093163,0.119,0.1206511,0.1305923,
527,0.0,0.0850253,0.0454931,0.1343227,0.1531188,0.1151436,0.146075,0.1472283,0.1417319,
528,0.0,0.1330284,0.0900506,0.0999969,0.1365472,0.1370625,0.164534,0.1590093,0.148091,
529,0.0,0.1449426,0.1166764,0.095713,0.1552824,0.1141913,0.1768209,0.1596857,0.1219912,
530,0.0,0.1443371,0.0608909,0.1049562,0.1719465,0.1176868,0.1936332,0.130911,0.1210271,
531,0.0,0.1145002,0.0378288,0.0822791,0.1433607,0.0989391,0.1125051,0.0947432,0.1827341,
532,0.0,0.1470856,0.0229168,0.0826933,0.1356351,0.1294224,0.0854693,0.1148629,0.1404576,
533,0.0,0.2242178,0.0623487,0.10441,0.1145838,0.1597227,0.0883331,0.1347346,0.163798,
534,0.0,0.2095736,0.0496383,0.0784775,0.1089414,0.1507998,0.1947017,0.1595673,0.1664128,
535,0.0,0.1798567,0.0297833,0.0620905,0.1008333,0.1394968,0.1372783,0.1627719,0.1768136,
536,0.0,0.1830175,0.0259253,0.074916,0.0819535,0.144023,0.0846368,0.1394068,0.1523219,
537,0.0,0.1654295,0.0810004,0.0727454,0.0401637,0.149009,0.090522,0.1562101,0.0848173,
538,0.0,0.1809023,0.1050786,0.0704582,0.0779875,0.2283394,0.129324,0.1328357,0.1406134,
539,0.0,0.1422851,0.0735506,0.0514755,0.0764228,0.2289758,0.1351038,0.1219214,0.1104573,
540,0.0,0.1424464,0.0613288,0.0657962,0.0918867,0.1429989,0.0862631,0.0591396,0.0895391,
541,0.0,0.1361098,0.0758365,0.0721102,0.0976631,0.1592412,0.1266289,0.117281,0.1520424,
542,0.0,0.1597572,0.0716603,0.0757599,0.1205857,0.1164696,0.1475667,0.1804384,0.2193797,
543,0.0,0.0455349,0.0475853,0.0938264,0.128132,0.0225799,0.0835027,0.1284748,0.195437,
544,0.0,0.0268049,0.0607535,0.090803,0.1444965,0.0457096,0.0998449,0.0649396,0.0823485,
545,0.0,0.0729293,0.0474401,0.096954,0.1008941,0.0401084,0.1006036,0.0382238,0.0608912,
546,0.0,0.0806057,0.0690178,0.0879716,0.0483256,0.0426348,0.0929318,0.0406597,0.0540314,
547,0.0,0.0525784,0.0526754,0.049855,0.0651366,0.0539907,0.1218312,0.0533441,0.0681704,
548,0.0,0.0967879,0.0712509,0.0776064,0.1006201,0.0791439,0.1287163,0.0666261,0.0636038,
549,0.0,0.0529655,0.087018,0.0809361,0.1083079,0.0652545,0.1364917,0.0462196,0.0759136,
550,0.0,0.0198128,0.1204045,0.0711913,0.1237724,0.089096,0.1351704,0.0602756,0.0881416,
551,0.0,0.0868612,0.1437425,0.0668726,0.1036676,0.0574532,0.1083303,0.0725175,0.1452822,
552,0.0,0.0615462,0.1053674,0.0243792,0.0902504,0.1143898,0.0663772,0.0355363,0.1403563,
553,0.0,0.1163642,0.0708542,0.0499979,0.1364227,0.0987293,0.0991554,0.0344066,0.1584873,
554,0.0,0.1118081,0.072329,0.040096,0.1032364,0.0899038,0.0877345,0.0275932,0.1691553,
555,0.0,0.076771,0.100387,0.0570664,0.0641762,0.1342595,0.0659307,0.024723,0.1224166,
556,0.0,0.0433992,0.0943532,0.078492,0.0545246,0.1256052,0.1010623,0.0687363,0.0549617,
557,0.0,0.095823,0.0937002,0.0560044,0.0564601,0.1466957,0.1214307,0.0675466,0.082519,
558,0.0,0.0920172,0.1456235,0.0934823,0.1338686,0.1224359,0.1220647,0.0603288,0.1137925,
559,0.0,0.0493445,0.1451888,0.0654514,0.1146538,0.1103687,0.1299276,0.0704166,0.092804,
560,0.0,0.0881732,0.0985399,0.0468504,0.1085474,0.1066877,0.1571608,0.0669959,0.110759,
561,0.0,0.1077302,0.1063589,0.0941875,0.1352623,0.1743298,0.2200483,0.1144997,0.1450842,
562,0.0,0.1179454,0.1837225,0.0585902,0.1199924,0.143302,0.1914178,0.1396488,0.1672932,
563,0.0,0.1082634,0.148605,0.0579448,0.1458217,0.1398169,0.2293631,0.1529106,0.0736174,
564,0.0,0.1246364,0.1162945,0.0558046,0.1478532,0.108478,0.2567098,0.1375237,0.0834714,
565,0.0,0.129036,0.0588751,0.0353388,0.1118889,0.1572456,0.2025864,0.1491449,0.0805288,
566,0.0,0.1117933,0.0605524,0.0321604,0.030822,0.158562,0.2209985,0.1044387,0.0825711,
567,0.0,0.1020298,0.0526825,0.0666271,0.0268326,0.0881178,0.1761499,0.0667277,0.0728549,
568,0.0,0.0971171,0.040996,0.0603744,0.0338978,0.1165507,0.2261198,0.0787463,0.0705969,
569,0.0,0.0824686,0.0071728,0.0732326,0.0440409,0.1249447,0.1921359,0.0716547,0.1002567,
570,0.0,0.0816991,0.019131,0.0924943,0.0906889,0.0800703,0.0904741,0.0506351,0.0679774,
571,0.0,0.0703245,0.0331538,0.1004634,0.0960642,0.085007,0.1420868,0.0878413,0.0686128,
572,0.0,0.0714055,0.0243849,0.1185165,0.1245282,0.0845231,0.1377106,0.1123486,0.1082389,
573,0.0,0.0702178,0.0413938,0.1109895,0.1458218,0.0871261,0.1085928,0.1188704,0.08437,
574,0.0,0.0494727,0.0576032,0.1009013,0.1596688,0.0560986,0.1331259,0.1281805,0.0886426,
575,0.0,0.0700333,0.0474815,0.1275618,0.1823415,0.045536,0.1459511,0.1428062,0.0895609,
576,0.0,0.0620482,0.0374237,0.1418433,0.2027176,0.0714075,0.1451506,0.1445971,0.0718515,
577,0.0,0.0390769,0.0366459,0.0835787,0.1684652,0.0645471,0.1447081,0.1553002,0.0957855,
578,0.0,0.0178179,0.0554506,0.0699968,0.1626347,0.0703716,0.1283806,0.161828,0.1300925,
579,0.0,0.0690945,0.0649406,0.1107998,0.201629,0.0985914,0.2215609,0.1118216,0.1363346,
580,0.0,0.0574711,0.0754851,0.0483564,0.2079745,0.1677963,0.1796558,0.0699579,0.193949,
581,0.0,0.054782,0.1574852,0.07059,0.2309113,0.1855189,0.2192424,0.1300493,0.1969935,
582,0.0,0.0508716,0.1158296,0.0570167,0.2485851,0.1643838,0.2420103,0.1314718,0.2161798,
583,0.0,0.0805286,0.1658184,0.0743982,0.2719704,0.1532412,0.2466265,0.2054496,0.2040377,
584,0.0,0.0820262,0.1187674,0.1904053,0.3028016,0.1495834,0.378787,0.0376375,0.260464,
585,0.0,0.0584327,0.0839367,0.0385561,0.2644624,0.1194433,0.2134513,0.067567,0.2377135,
586,0.0,0.0656216,0.0405363,0.0357448,0.2157988,0.1294448,0.0758753,0.0728858,0.1274996,
587,0.0,0.0612157,0.0329778,0.0514987,0.2154935,0.1293091,0.0649877,0.0927072,0.119901,
588,0.0,0.071699,0.0287343,0.053372,0.216678,0.1325118,0.0702001,0.0954,0.1055135,
589,0.0,0.0580097,0.0320003,0.0819808,0.2469537,0.1555237,0.0600998,0.0695918,0.105467,
590,0.0,0.0626975,0.0378043,0.0328324,0.1988383,0.1455425,0.0972863,0.0901152,0.1425606,
591,0.0,0.0622581,0.0604035,0.033993,0.2232798,0.1445819,0.1337233,0.0917632,0.1580824,
592,0.0,0.0673569,0.0469492,0.0217383,0.1771329,0.1148105,0.1125794,0.0702155,0.1610904,
593,0.0,0.0879654,0.0291122,0.0400214,0.1372972,0.0889504,0.076911,0.1081831,0.1122204,
594,0.0,0.0688517,0.0296054,0.0117035,0.100426,0.0437001,0.0853596,0.0890239,0.0506101,
595,0.0,0.0709805,0.0500037,0.0517767,0.0607247,0.0194691,0.0938299,0.0981404,0.0256404,
596,0.0,0.0681074,0.0423232,0.0577741,0.0377615,0.0361168,0.033586,0.076161,0.0295479,
597,0.0,0.0466649,0.0416162,0.0252367,0.0328001,0.0493949,0.0721542,0.0642474,0.0224623,
598,0.0,0.0244944,0.0443809,0.0553761,0.0715972,0.0406774,0.0595259,0.0550321,0.0345665,
599,0.0,0.0763391,0.0364454,0.0708721,0.1046182,0.0408839,0.0881895,0.0560282,0.0800968,
600,0.0,0.06784,0.0306861,0.0631673,0.1068717,0.0749153,0.0848955,0.0169253,0.0718723,
601,0.0,0.0383759,0.0305882,0.0470362,0.0967997,0.0585505,0.0723755,0.0346795,0.0491277,
602,0.0,0.0444333,0.0941341,0.0317333,0.1378047,0.0546115,0.0498692,0.0211625,0.0753692,
603,0.0,0.0825966,0.1227282,0.0461445,0.12483,0.0838659,0.0478528,0.0585853,0.0387076,
604,0.0,0.0554841,0.021409,0.0553762,0.1008131,0.0748251,0.0372178,0.0531005,0.0619618,
605,0.0,0.0238333,0.0790599,0.0332884,0.0499415,0.0586535,0.0475678,0.0579004,0.0379572,
606,0.0,0.0465946,0.1089372,0.0593001,0.0945507,0.0781969,0.0659326,0.158885,0.150107,
607,0.0,0.0748294,0.0832445,0.0413398,0.1103322,0.0823913,0.1156343,0.1742133,0.1580091,
608,0.0,0.0955979,0.0489473,0.0996634,0.1064302,0.0732389,0.2945217,0.2402156,0.2509132,
609,0.0,0.1132261,0.0480022,0.0953509,0.0931164,0.0708295,0.1931626,0.1181352,0.146074,
610,0.0,0.0331456,0.0403546,0.0448071,0.0825892,0.0718271,0.0449486,0.0688587,0.0679458,
611,0.0,0.024669,0.0279445,0.0750068,0.1631011,0.1009767,0.0500668,0.1052282,0.0226186,
612,0.0,0.0984359,0.0278733,0.0684135,0.1779539,0.1037095,0.0705293,0.0708954,0.1541148,
