#Time_ps,0,10,20,30,50,100,300,500,1000,
1,1e-07,0.1070039,0.0696784,0.0414855,0.0550543,0.1043996,0.1090663,0.0326325,0.1023585,
2,1e-07,0.0933149,0.0872467,0.0278985,0.0657047,0.0823364,0.0507986,0.0714292,0.0653144,
3,1e-07,0.0669944,0.0387003,0.0119935,0.0327327,0.0745708,0.0836641,0.0622851,0.0692192,
4,1e-07,0.0473114,0.0212808,0.013979,0.0422885,0.0594501,0.0881517,0.0615072,0.0368953,
5,0.0,0.0444522,0.0252516,0.0344595,0.0379757,0.0420183,0.0334126,0.0732267,0.0454151,
6,1e-07,0.0746613,0.0450661,0.1192029,0.0784084,0.0712135,0.0424083,0.0608368,0.0321397,
7,1e-07,0.0570873,0.0728178,0.052625,0.0341588,0.0455736,0.0526404,0.0231515,0.0323143,
8,1e-07,0.0226812,0.0499849,0.055234,0.0423052,0.0577914,0.0552113,0.0735992,0.0096853,
9,1e-07,0.0169465,0.0656142,0.0811474,0.0661472,0.049203,0.0531981,0.0834968,0.0406157,
10,0.0,0.0301568,0.0374945,0.0598477,0.0905812,0.0443652,0.0616453,0.0776626,0.0270906,
11,0.0,0.020595,0.0445077,0.0756816,0.0753132,0.0388421,0.1080822,0.0621617,0.0463224,
12,1e-07,0.1076625,0.1433979,0.0987965,0.0705856,0.0670613,0.0565349,0.0646763,0.0464438,
13,0.0,0.0954339,0.0974857,0.0263333,0.0219909,0.0936297,0.0643524,0.0719638,0.0406904,
14,0.0,0.0287678,0.024447,0.0361779,0.0211548,0.0655193,0.0285882,0.0416623,0.0417021,
15,0.0,0.0912358,0.098673,0.0614364,0.0552292,0.064399,0.0630562,0.0265357,0.0577142,
16,0.0,0.0393392,0.0487748,0.0672129,0.0430125,0.0701584,0.086351,0.0402705,0.019395,
17,0.0,0.0349448,0.0444584,0.0665144,0.0290706,0.0542462,0.0234521,0.0858716,0.0311135,
18,1e-07,0.0124794,0.0294623,0.0369605,0.0457879,0.0471449,0.0409627,0.0781801,0.0348867,
19,1e-07,0.0167769,0.0330082,0.0286262,0.0712746,0.0512178,0.0984515,0.0707726,0.0736355,
20,1e-07,0.0240845,0.0411961,0.0552896,0.0653367,0.0520504,0.0986856,0.0656259,0.0594827,
21,1e-07,0.0521958,0.0499165,0.0607967,0.0278561,0.0797095,0.1084767,0.0593941,0.0840264,
22,1e-07,0.0842638,0.1414419,0.0522791,0.0794089,0.0681285,0.0990995,0.0862888,0.054478,
23,2e-07,0.1619239,0.1629924,0.0504855,0.118024,0.0397032,0.1903335,0.117916,0.1995035,
24,2e-07,0.168173,0.1581109,0.0358324,0.0616546,0.1205589,0.1114903,0.1520163,0.2155235,
25,2e-07,0.0431784,0.1242253,0.0429035,0.0557598,0.070187,0.0402036,0.0525425,0.119834,
26,1e-07,0.0318672,0.0536814,0.032311,0.0987729,0.0655149,0.0685271,0.0378416,0.077419,
27,1e-07,0.0254856,0.0272881,0.0397969,0.0769816,0.0667788,0.0821604,0.0616573,0.0530801,
28,1e-07,0.0616856,0.0225882,0.0374308,0.0384887,0.0747546,0.0601854,0.0397524,0.0407051,
29,0.0,0.0915714,0.0257973,0.0521157,0.0890298,0.1034947,0.0392339,0.0195049,0.0415456,
30,0.0,0.0316129,0.0174161,0.0649804,0.060418,0.0372619,0.058357,0.0254659,0.0441503,
31,0.0,0.0227112,0.0142997,0.0584696,0.0283487,0.0257967,0.0624284,0.0254026,0.0103748,
32,1e-07,0.0289272,0.0477441,0.0639554,0.047725,0.0847899,0.0640847,0.0265414,0.0333013,
33,1e-07,0.0404588,0.1039675,0.072943,0.0796009,0.1055515,0.0232456,0.0377679,0.0636776,
34,1e-07,0.0570325,0.0668408,0.0274455,0.074139,0.0450237,0.0359379,0.0377323,0.0515076,
35,1e-07,0.0387149,0.0598346,0.0404788,0.0507846,0.0686013,0.0521587,0.0287643,0.0474331,
36,0.0,0.0290045,0.0475296,0.0321987,0.0530444,0.0607658,0.0586978,0.0649614,0.0247393,
37,0.0,0.0371146,0.0260268,0.0377094,0.0358174,0.0616083,0.060987,0.0554424,0.0470891,
38,0.0,0.0256764,0.0612931,0.0416615,0.0454986,0.069656,0.0378587,0.0332416,0.0454815,
39,0.0,0.0420571,0.0293336,0.0428087,0.065131,0.0568874,0.0698398,0.0236702,0.0522287,
40,0.0,0.0539072,0.0951052,0.0692786,0.1051714,0.0452471,0.0480789,0.0428947,0.0620018,
41,1e-07,0.0532866,0.0943198,0.0463974,0.0726808,0.0417092,0.0463952,0.0723202,0.0328521,
42,1e-07,0.0253518,0.1118202,0.0646248,0.0558495,0.0391011,0.0760442,0.0822483,0.0550963,
43,1e-07,0.0455355,0.1351278,0.070762,0.0612915,0.0542702,0.070161,0.1222652,0.0774362,
44,1e-07,0.0500367,0.096591,0.0613754,0.0433243,0.0941831,0.0693215,0.1592786,0.1153206,
45,2e-07,0.0760241,0.1487048,0.0717794,0.1049882,0.0784751,0.1682739,0.1801384,0.0970483,
46,2e-07,0.0444551,0.1506329,0.0688742,0.0950749,0.0894886,0.2779224,0.3060182,0.0598911,
47,2e-07,0.1225935,0.1140425,0.1529456,0.1391307,0.1673848,0.384012,0.2936093,0.0497169,
48,2e-07,0.0611385,0.1361538,0.1377016,0.1266305,0.1553732,0.3123173,0.1585654,0.0550502,
49,1e-07,0.0456037,0.1329205,0.1223319,0.022596,0.0675776,0.1529177,0.1040438,0.0709448,
50,1e-07,0.0487969,0.1240222,0.1100744,0.0271968,0.0665464,0.0850533,0.1145631,0.0684192,
51,1e-07,0.0828382,0.1643931,0.1406589,0.0633283,0.0894112,0.1194049,0.1079347,0.1069469,
52,1e-07,0.0948702,0.1472236,0.1392046,0.0868615,0.0220397,0.1492043,0.1219265,0.0863602,
53,0.0,0.0827963,0.1330195,0.1461225,0.1094795,0.0675338,0.1715404,0.1989624,0.0694868,
54,0.0,0.0981875,0.1220909,0.1202077,0.1325241,0.1050645,0.1460135,0.1565888,0.0395081,
55,0.0,0.1096004,0.1565102,0.1221734,0.1387092,0.1681676,0.2289431,0.1152672,0.0693421,
56,0.0,0.0926938,0.1637078,0.1259338,0.1690475,0.0250775,0.3011819,0.1523819,0.0696941,
57,1e-07,0.0885182,0.115506,0.1172324,0.1633044,0.0441526,0.219543,0.1895775,0.0585559,
58,0.0,0.0554341,0.1192595,0.0972083,0.1726111,0.0698665,0.1145925,0.1321778,0.0747234,
59,0.0,0.0466456,0.1052205,0.0816717,0.2061715,0.153385,0.1836522,0.144558,0.0782317,
60,1e-07,0.1081204,0.0518439,0.1348759,0.1412013,0.1092279,0.1699284,0.1000457,0.0677864,
61,1e-07,0.1032627,0.0533528,0.1592171,0.1582587,0.1497328,0.1533885,0.0838148,0.1178703,
62,1e-07,0.0813094,0.0680731,0.1190179,0.1291995,0.1123001,0.131477,0.0837143,0.1604156,
63,1e-07,0.0663592,0.0784545,0.0225489,0.1289789,0.098788,0.1372117,0.0557067,0.1347157,
64,1e-07,0.1366443,0.0843134,0.0344922,0.1578005,0.1130502,0.1105597,0.0437154,0.1348227,
65,1e-07,0.0635495,0.0737761,0.0517721,0.137388,0.1104515,0.1422506,0.1066791,0.1467645,
66,1e-07,0.0339215,0.0593723,0.0639608,0.0476777,0.0437752,0.1206694,0.0941928,0.0867318,
67,1e-07,0.0185226,0.0604491,0.0736643,0.0480058,0.0482287,0.1045377,0.1153775,0.1075329,
68,1e-07,0.005632,0.0458902,0.0435448,0.0902318,0.026775,0.0830969,0.1230668,0.0850131,
69,1e-07,0.0562738,0.058836,0.0451255,0.0829505,0.0294835,0.081091,0.1174279,0.0727161,
70,1e-07,0.0398281,0.0295273,0.07582,0.0578128,0.0139921,0.0635012,0.1353406,0.1687297,
71,1e-07,0.0369905,0.061583,0.096356,0.0494367,0.0343905,0.0730177,0.0713763,0.1941882,
72,1e-07,0.0551796,0.0615566,0.128295,0.1918059,0.2182816,0.3519889,0.4428235,0.0630817,
73,1e-07,0.0350575,0.0503261,0.0833896,0.1379797,0.1699972,0.1965773,0.2998185,0.125178,
74,1e-07,0.0418931,0.0563805,0.0441837,0.0839377,0.0769689,0.164501,0.2659485,0.0540891,
75,1e-07,0.0249186,0.0809681,0.066788,0.1385828,0.05524,0.1200848,0.0899911,0.0543344,
76,1e-07,0.0323919,0.023879,0.0524151,0.1397458,0.0274034,0.1036794,0.0661307,0.0510299,
77,0.0,0.0552572,0.0446119,0.0557805,0.1458163,0.0283148,0.080399,0.0641839,0.042096,
78,0.0,0.0864134,0.1053376,0.0403937,0.1078064,0.0501176,0.0735739,0.0752788,0.0606226,
79,0.0,0.0668374,0.0883647,0.0356795,0.0806419,0.0600232,0.1015833,0.0876677,0.117177,
80,0.0,0.0640663,0.1022162,0.1056731,0.083427,0.1056991,0.0740602,0.0891366,0.0948664,
81,0.0,0.0637957,0.107641,0.1191522,0.0758662,0.0617995,0.0525913,0.0671132,0.0729289,
82,0.0,0.0245274,0.1334605,0.0819308,0.0663514,0.0932338,0.0116257,0.0639918,0.0243633,
83,1e-07,0.0828782,0.0874347,0.0603729,0.0520049,0.1306546,0.0260759,0.0593155,0.0307461,
84,1e-07,0.0676967,0.0538167,0.0733085,0.048216,0.072345,0.1123211,0.104613,0.022142,
85,0.0,0.0413794,0.081057,0.0847132,0.0675149,0.0526051,0.0565212,0.0826037,0.0413455,
86,0.0,0.0362005,0.0874316,0.0537686,0.0811536,0.0636513,0.0253117,0.0165958,0.0182204,
87,0.0,0.0226084,0.0143003,0.0468999,0.0824387,0.0923151,0.0197859,0.0292694,0.0443409,
88,0.0,0.0315802,0.0246538,0.0354604,0.0503367,0.0738555,0.0142218,0.0450558,0.0427386,
89,0.0,0.0473317,0.0529911,0.0487058,0.0693448,0.0957199,0.0368625,0.0680272,0.0268844,
90,0.0,0.0454514,0.0675014,0.0571325,0.1033397,0.092694,0.0253809,0.0634465,0.0496428,
91,0.0,0.0559502,0.0730476,0.0445337,0.1024305,0.0453636,0.0366907,0.0650321,0.0578665,
92,0.0,0.0398266,0.0612939,0.0593741,0.1155899,0.0502188,0.067347,0.0693203,0.0617276,
93,0.0,0.0325606,0.0660208,0.1044437,0.1220759,0.0276449,0.0772511,0.0917907,0.0298401,
94,0.0,0.051801,0.0578259,0.0822599,0.1330463,0.043227,0.067629,0.0436241,0.0309969,
95,0.0,0.0598825,0.066193,0.0751677,0.0884029,0.0546435,0.0748272,0.031114,0.0162073,
96,0.0,0.1387495,0.1130206,0.0627037,0.1062658,0.0404531,0.1278268,0.0500492,0.0217163,
97,0.0,0.0480576,0.132277,0.0214297,0.0830501,0.0863213,0.0813254,0.0660363,0.0560436,
98,1e-07,0.0562224,0.0960592,0.0252329,0.0422837,0.0672905,0.0553157,0.0905156,0.0521487,
99,1e-07,0.0284657,0.1095386,0.0798417,0.0321197,0.0693249,0.0967075,0.0567493,0.0544202,
100,1e-07,0.024,0.1013489,0.0763146,0.0489498,0.055183,0.1306468,0.0472339,0.1074721,
101,1e-07,0.0302561,0.0871184,0.06895,0.0357209,0.0763534,0.1121757,0.0512144,0.112103,
102,1e-07,0.0226685,0.0506407,0.0789756,0.0343783,0.0729708,0.1193145,0.0551584,0.0773302,
103,1e-07,0.0576978,0.0432203,0.0704763,0.0453464,0.0272855,0.1480624,0.0507465,0.0667537,
104,1e-07,0.0496873,0.0096707,0.0429228,0.0115425,0.0296748,0.0654696,0.0304717,0.0691469,
105,1e-07,0.0244692,0.0619832,0.0738288,0.022899,0.0469039,0.0397852,0.040673,0.1089767,
106,1e-07,0.0219,0.0591265,0.0412568,0.0502016,0.1121192,0.0649039,0.0612124,0.1542439,
107,1e-07,0.0470639,0.0648459,0.1022489,0.0412432,0.1320594,0.0699203,0.0557113,0.1512364,
108,1e-07,0.0388627,0.0456985,0.0624253,0.0348317,0.0777562,0.0674695,0.055224,0.0855149,
109,1e-07,0.0266427,0.0519022,0.0423573,0.0572339,0.0776561,0.0678408,0.0488886,0.1053683,
110,1e-07,0.0136733,0.0364303,0.0369698,0.0425492,0.0651486,0.0498782,0.0409651,0.0957672,
111,1e-07,0.0183026,0.049571,0.0418965,0.0257417,0.0574545,0.0314133,0.0345515,0.0626458,
112,1e-07,0.0269521,0.038165,0.015678,0.033896,0.0662191,0.0398217,0.0222405,0.074911,
113,1e-07,0.0226767,0.0455812,0.0180962,0.080509,0.0675981,0.051119,0.045513,0.0299353,
114,0.0,0.0537558,0.0690714,0.0340848,0.0631488,0.0947608,0.0498984,0.0562447,0.0383434,
115,0.0,0.0376111,0.0627111,0.0694596,0.0510766,0.0648589,0.093618,0.0301878,0.0558344,
116,1e-07,0.0261746,0.0448978,0.0607483,0.0481751,0.0709651,0.0860729,0.0283846,0.0965481,
117,1e-07,0.0195575,0.0264255,0.0509023,0.0356419,0.0791652,0.079824,0.0266196,0.0996173,
118,1e-07,0.0219691,0.0478402,0.0627163,0.0438688,0.0667126,0.0769338,0.022782,0.0854658,
119,1e-07,0.0473779,0.0788055,0.0784163,0.065826,0.0313059,0.0988383,0.049132,0.1979674,
120,1e-07,0.0324892,0.0964753,0.0671534,0.040724,0.0476111,0.0696333,0.0454287,0.0243154,
121,1e-07,0.0583241,0.0423432,0.0434315,0.0620503,0.0370015,0.077974,0.0273874,0.0548117,
122,1e-07,0.0473693,0.0508882,0.041716,0.052672,0.0470786,0.0665433,0.0544287,0.0331134,
123,1e-07,0.0417604,0.0687554,0.0673229,0.0397253,0.0643663,0.0502657,0.0702571,0.0995383,
124,1e-07,0.0477135,0.0811133,0.0235501,0.016783,0.1020975,0.092412,0.0778885,0.0891459,
125,0.0,0.0701485,0.0422625,0.034464,0.0215199,0.0979889,0.0743903,0.0658519,0.0585102,
126,0.0,0.0759402,0.0274254,0.0304159,0.0137848,0.0946192,0.0628354,0.082333,0.0322852,
127,0.0,0.0642731,0.0361756,0.0431631,0.0209188,0.0847683,0.0735678,0.0864853,0.0488581,
128,0.0,0.0268328,0.0212486,0.0255273,0.0180106,0.0909798,0.0611463,0.0699297,0.0813193,
129,1e-07,0.0155593,0.0196623,0.0384191,0.0041569,0.1134464,0.034544,0.0575556,0.1030978,
130,1e-07,0.0322253,0.0408853,0.0618449,0.0272243,0.0905922,0.043489,0.0533079,0.0735438,
131,1e-07,0.0255086,0.0585172,0.0690926,0.0472018,0.0973149,0.0702984,0.076649,0.0512566,
132,1e-07,0.0589185,0.06868,0.0566716,0.0631948,0.0829143,0.0827636,0.0816713,0.0831391,
133,1e-07,0.0328589,0.0701885,0.0567925,0.038641,0.0699803,0.0359703,0.1008166,0.0590358,
134,1e-07,0.0500729,0.0761883,0.0781303,0.0305347,0.0688078,0.0206433,0.0593568,0.1046456,
135,0.0,0.0776166,0.061568,0.0604984,0.077431,0.0992051,0.0329186,0.0361739,0.1047052,
136,0.0,0.0477671,0.0046757,0.0801132,0.0455402,0.1060782,0.0358566,0.0498413,0.1021727,
137,0.0,0.0618821,0.030202,0.0909707,0.0460169,0.1245449,0.0636319,0.0477995,0.0587188,
138,0.0,0.0607782,0.0737222,0.0769821,0.0460486,0.1185592,0.1098567,0.064529,0.0322542,
139,1e-07,0.0460126,0.0652034,0.0529933,0.0547377,0.1209109,0.0897114,0.0634761,0.0297458,
140,1e-07,0.0301574,0.0735562,0.0164856,0.0308021,0.0547402,0.0312992,0.0722475,0.0492188,
141,1e-07,0.0740577,0.0794853,0.0467698,0.0232442,0.0660884,0.0540289,0.0514674,0.0974905,
142,1e-07,0.1920026,0.1718589,0.1910186,0.1356927,0.0745075,0.0873319,0.0649077,0.1129406,
143,1e-07,0.1379637,0.1329885,0.1359534,0.0554743,0.0833654,0.1641853,0.0549337,0.0504784,
144,1e-07,0.0290937,0.0223317,0.0529861,0.0398364,0.0529285,0.0714242,0.0291951,0.0425723,
145,1e-07,0.0281723,0.0124125,0.0521675,0.0454433,0.0983305,0.059605,0.0099113,0.0319363,
146,0.0,0.0075617,0.0229867,0.0434742,0.0348657,0.0887777,0.0407059,0.0207028,0.0337432,
147,0.0,0.0154587,0.0406657,0.0485141,0.0460503,0.062171,0.0876303,0.0360323,0.0281481,
148,0.0,0.0108865,0.0254776,0.0236392,0.0425449,0.0658469,0.0745317,0.0711117,0.0180986,
149,1e-07,0.0451323,0.0298822,0.040543,0.0372798,0.0603845,0.0559395,0.0682108,0.0273577,
150,1e-07,0.0637821,0.0608573,0.0377947,0.0232577,0.0466148,0.0279238,0.0715781,0.0218702,
151,1e-07,0.0255546,0.0370008,0.0347424,0.0275628,0.0753381,0.0192104,0.0543535,0.0481978,
152,1e-07,0.0419959,0.0677797,0.0552799,0.078993,0.1098661,0.0468142,0.0233503,0.0957116,
153,1e-07,0.0891262,0.0922117,0.0809772,0.1446022,0.1500862,0.2085982,0.0434944,0.0729956,
154,1e-07,0.0608795,0.1230019,0.0540675,0.1496588,0.0995207,0.2276776,0.0418515,0.0244031,
155,1e-07,0.0355011,0.1175843,0.1029019,0.0590013,0.1748469,0.4349696,0.0467653,0.0482014,
156,1e-07,0.0659231,0.0729543,0.0698371,0.0359115,0.1168345,0.2283358,0.0408571,0.0328945,
157,1e-07,0.0536609,0.0720921,0.0532176,0.0569916,0.0988285,0.1228103,0.0380869,0.0702237,
158,1e-07,0.0216499,0.0556989,0.0427776,0.0508829,0.0807937,0.0276833,0.051315,0.053331,
159,1e-07,0.0233712,0.0321783,0.0745491,0.021757,0.0659536,0.0303174,0.0901453,0.0721464,
160,1e-07,0.031274,0.0173262,0.0600345,0.0209534,0.0515146,0.0245969,0.06579,0.0869073,
161,1e-07,0.0308833,0.0122364,0.0472477,0.0507179,0.0437337,0.0678366,0.0445621,0.0609458,
162,0.0,0.0565111,0.0294399,0.0683676,0.0349482,0.0508196,0.0636372,0.0242032,0.039254,
163,0.0,0.0479721,0.0287189,0.0553905,0.0311775,0.080506,0.0719868,0.0276282,0.0502201,
164,0.0,0.0104274,0.0187407,0.0995944,0.0356149,0.0552914,0.01379,0.0380805,0.0686194,
165,1e-07,0.0485023,0.0449182,0.069178,0.0257533,0.0495512,0.0420581,0.0287485,0.0785676,
166,1e-07,0.0286033,0.0517041,0.0751287,0.0287159,0.0623957,0.0211624,0.0568709,0.1662177,
167,1e-07,0.0311346,0.1101097,0.0770111,0.0653206,0.1156213,0.0813141,0.0614994,0.2149995,
168,1e-07,0.0639404,0.1772824,0.1122722,0.116257,0.1327257,0.1080321,0.0823222,0.2281219,
169,1e-07,0.0434369,0.0957488,0.0878372,0.0898523,0.154736,0.0767891,0.0954926,0.2216203,
170,1e-07,0.0275127,0.1640643,0.0506699,0.1529772,0.1691111,0.0856386,0.1022226,0.227768,
171,0.0,0.0115791,0.0487369,0.0770742,0.0463601,0.0864751,0.0904469,0.0783396,0.1197753,
172,0.0,0.0284084,0.0232372,0.0864556,0.0432174,0.0785518,0.0612108,0.0596691,0.0741322,
173,0.0,0.0524516,0.0226732,0.0861923,0.0455496,0.0444421,0.0517711,0.0564782,0.105646,
174,0.0,0.0488247,0.0370053,0.1214899,0.0795045,0.0693724,0.0459802,0.0522314,0.0852234,
175,1e-07,0.0409383,0.0521784,0.0820394,0.0337948,0.0327443,0.0228863,0.0592536,0.0556939,
176,1e-07,0.0464861,0.0320048,0.1015271,0.0391156,0.0566327,0.0584066,0.0708743,0.0453293,
177,1e-07,0.0677599,0.0330255,0.0690585,0.0872939,0.0358108,0.0685349,0.0793832,0.0643778,
178,1e-07,0.0466709,0.0854634,0.0882962,0.1018055,0.0433428,0.0698909,0.0885267,0.0574816,
179,1e-07,0.0249024,0.0660005,0.1096551,0.0623222,0.0167847,0.0909079,0.0742712,0.0250552,
180,1e-07,0.074387,0.0300717,0.0970735,0.0561664,0.0234376,0.0766913,0.0833064,0.0538468,
181,1e-07,0.0646094,0.0432508,0.1073144,0.0547504,0.030419,0.0356785,0.073628,0.0586604,
182,1e-07,0.0449301,0.0529049,0.0838023,0.0474006,0.0476211,0.0211241,0.0761067,0.0985994,
183,1e-07,0.0727748,0.0663115,0.0565029,0.0762728,0.0615648,0.0250484,0.1178125,0.1123991,
184,1e-07,0.0970284,0.0235598,0.0485453,0.0828092,0.0427226,0.1825378,0.056983,0.0947297,
185,0.0,0.0776436,0.0809862,0.0781716,0.0971704,0.0541296,0.1486257,0.1039409,0.0458066,
186,0.0,0.0398399,0.1039313,0.0838863,0.099594,0.0327949,0.1483877,0.0895089,0.0719161,
187,0.0,0.0307769,0.1173823,0.1045159,0.1082347,0.0458263,0.0636624,0.0661215,0.0931498,
188,0.0,0.0861466,0.1835043,0.0868226,0.1526647,0.065855,0.0549799,0.0572419,0.0402244,
189,1e-07,0.1514736,0.1467665,0.0829936,0.1301907,0.1054267,0.0675172,0.1111411,0.0556771,
190,1e-07,0.2274342,0.0975947,0.0634223,0.1202977,0.109636,0.121462,0.1369557,0.0644093,
191,1e-07,0.3222067,0.1142612,0.092718,0.1671424,0.2689314,0.1164679,0.0557641,0.1542133,
192,0.0,0.1121047,0.1021563,0.1089223,0.1384335,0.1875653,0.1080646,0.1025709,0.0803852,
193,0.0,0.0577892,0.0877943,0.0983383,0.0668966,0.233277,0.1199949,0.1872021,0.0841364,
194,0.0,0.0759955,0.0945826,0.0855494,0.1124513,0.179121,0.085547,0.1367725,0.0404522,
195,1e-07,0.0964704,0.1364247,0.1191279,0.0516879,0.1508735,0.0642637,0.2001183,0.1304742,
196,1e-07,0.1093287,0.1609673,0.0963163,0.0702248,0.1861432,0.0340296,0.104837,0.1127267,
197,1e-07,0.0268687,0.1338382,0.0746561,0.1015991,0.1434084,0.0322369,0.064677,0.0850093,
198,1e-07,0.0335589,0.0766747,0.0598811,0.0826241,0.0633459,0.0454237,0.0772383,0.0725481,
199,1e-07,0.0285871,0.0857977,0.093507,0.06747,0.0442788,0.0631928,0.0624343,0.0800005,
200,1e-07,0.0473875,0.0558002,0.0833269,0.0562078,0.0383798,0.0927385,0.058535,0.050825,
201,1e-07,0.0523899,0.0844327,0.051152,0.0561595,0.0236939,0.0725267,0.067014,0.0398376,
202,2e-07,0.0417294,0.0909535,0.010541,0.0611485,0.0374193,0.0399671,0.034247,0.0607822,
203,1e-07,0.0270302,0.0570593,0.0220322,0.0595943,0.0595408,0.02537,0.0423481,0.0450565,
204,1e-07,0.0513144,0.0463709,0.0343969,0.0367583,0.0698522,0.0374292,0.0386531,0.0331631,
205,2e-07,0.0307088,0.0604387,0.033448,0.028742,0.0650967,0.0616069,0.018191,0.0536628,
206,2e-07,0.0323148,0.0841955,0.047255,0.0402773,0.0791325,0.0936172,0.0150448,0.0670997,
207,1e-07,0.0629099,0.0555892,0.0490626,0.0410731,0.0894171,0.0568018,0.0397934,0.0614879,
208,1e-07,0.050351,0.0352746,0.0623657,0.0499256,0.0904817,0.0843819,0.0334277,0.0848304,
209,2e-07,0.0560512,0.0497015,0.0318953,0.0143508,0.0861084,0.1135427,0.0170723,0.1574217,
210,1e-07,0.074328,0.0776754,0.0819895,0.0228747,0.0838789,0.0751267,0.072207,0.1432879,
211,1e-07,0.0364908,0.0570582,0.0532129,0.0382188,0.085218,0.0849388,0.0479975,0.1090228,
212,2e-07,0.0284832,0.0586665,0.0342796,0.012577,0.0785472,0.1410742,0.0467162,0.0793237,
213,2e-07,0.1189245,0.04851,0.0549577,0.0507478,0.1219919,0.0780388,0.0546995,0.0940711,
214,1e-07,0.0453247,0.057573,0.0675251,0.0282898,0.1642936,0.1182835,0.1150391,0.137122,
215,1e-07,0.0966101,0.0672661,0.1269816,0.0581527,0.2065376,0.087674,0.1910613,0.2574539,
216,1e-07,0.0820324,0.0664976,0.0908904,0.0344438,0.0566156,0.0854145,0.0516307,0.0644316,
217,1e-07,0.101152,0.0856322,0.1038965,0.0354014,0.0897856,0.128508,0.0643283,0.086452,
218,1e-07,0.0653846,0.0840782,0.1317948,0.0459474,0.0973706,0.1133628,0.0868136,0.0821491,
219,1e-07,0.0307512,0.0981454,0.1102954,0.0735316,0.0998692,0.1071653,0.0501389,0.1054883,
220,2e-07,0.0395695,0.0420545,0.134898,0.0602446,0.1065446,0.1158966,0.0175907,0.0907776,
221,2e-07,0.0338474,0.0351559,0.1374042,0.0530011,0.1072495,0.1194616,0.0498228,0.0864332,
222,2e-07,0.0369697,0.0218421,0.1389988,0.0229973,0.1334483,0.0711077,0.0528748,0.0909857,
223,2e-07,0.0264327,0.0215621,0.1013192,0.1360938,0.0560419,0.1303037,0.0842516,0.1021815,
224,2e-07,0.0483724,0.0535061,0.1118012,0.1660814,0.0650443,0.1691001,0.0627734,0.1206147,
225,2e-07,0.0497707,0.0938575,0.162241,0.0999288,0.0450789,0.1744013,0.0527063,0.0996264,
226,2e-07,0.0484712,0.0852157,0.11442,0.0557388,0.06839,0.1154882,0.1002463,0.0439457,
227,2e-07,0.056302,0.0372143,0.0822966,0.0155388,0.0506142,0.1082723,0.0794166,0.0737142,
228,2e-07,0.0899298,0.0835977,0.1305028,0.0360108,0.0843839,0.19222,0.1232902,0.1632691,
229,2e-07,0.0439036,0.0672045,0.1316701,0.0355831,0.1061878,0.2136653,0.084931,0.1705655,
230,2e-07,0.049182,0.0831113,0.0811112,0.0571219,0.0326617,0.1441139,0.0622311,0.1201674,
231,2e-07,0.0475551,0.0922869,0.0768756,0.0770198,0.0641982,0.1720199,0.0364334,0.1545451,
232,2e-07,0.070418,0.0873917,0.0820034,0.1063935,0.1220909,0.2609618,0.0825291,0.1773896,
233,2e-07,0.1054771,0.0772661,0.1065058,0.0544021,0.0569539,0.1636876,0.0814718,0.1173521,
234,2e-07,0.0411583,0.0620543,0.1025171,0.0695487,0.0629029,0.0486451,0.0521095,0.0475441,
235,1e-07,0.0542968,0.0535005,0.1158507,0.076986,0.1005012,0.1265859,0.2045487,0.0715741,
236,1e-07,0.0756019,0.0896428,0.1426345,0.0718166,0.1001277,0.0801283,0.2472356,0.0863793,
237,1e-07,0.0496334,0.1135824,0.1378731,0.0675674,0.0383696,0.0832879,0.1960286,0.0906258,
238,1e-07,0.0354365,0.123602,0.1248952,0.0581949,0.0706407,0.1080664,0.0967563,0.0582107,
239,1e-07,0.0591973,0.0881058,0.1097534,0.056047,0.0491962,0.0707596,0.1074845,0.0668322,
240,1e-07,0.0166251,0.0724778,0.1070033,0.0500002,0.0428618,0.0929738,0.0934172,0.0544776,
241,2e-07,0.0551787,0.0713848,0.085399,0.0249586,0.0733651,0.1325594,0.0474775,0.1301941,
242,2e-07,0.0632895,0.0743847,0.0791818,0.0641688,0.0506286,0.1302145,0.0440276,0.1142349,
243,2e-07,0.0437414,0.0842936,0.0787028,0.0891761,0.0526653,0.1167056,0.0595941,0.1318689,
244,2e-07,0.0574382,0.1096238,0.0444875,0.1221923,0.0581243,0.1472751,0.0926997,0.1568107,
245,2e-07,0.0330767,0.0672155,0.076903,0.0399435,0.0952779,0.1213441,0.064304,0.1394467,
246,2e-07,0.0592513,0.0371381,0.1000672,0.0379789,0.0899681,0.1132298,0.0644954,0.1055565,
247,2e-07,0.0819236,0.0584565,0.1205931,0.0377395,0.111687,0.1029941,0.0669173,0.1075673,
248,2e-07,0.0469531,0.0885393,0.1357876,0.0477794,0.1541619,0.107846,0.0617081,0.0665508,
249,2e-07,0.0385378,0.0625678,0.0891581,0.0669118,0.0992228,0.0927098,0.0889248,0.1287143,
250,2e-07,0.0701226,0.1008688,0.0838719,0.0635168,0.0938618,0.0424574,0.0726832,0.0949028,
251,2e-07,0.0744901,0.1250665,0.1154195,0.071201,0.12953,0.0605681,0.1433608,0.1183225,
252,2e-07,0.0496973,0.1262269,0.0939653,0.0419901,0.1537934,0.0557176,0.1141468,0.1433177,
253,2e-07,0.0733937,0.0752282,0.0162259,0.0603578,0.1380479,0.0423814,0.0624606,0.1238818,
254,2e-07,0.0747785,0.0490062,0.0449322,0.088129,0.109196,0.1034518,0.1649474,0.0984433,
255,2e-07,0.0488401,0.1070136,0.0793437,0.0961213,0.1388007,0.1055449,0.2389164,0.1333902,
256,2e-07,0.0730962,0.1161745,0.0719159,0.0721575,0.1092409,0.0927272,0.2155847,0.1423218,
257,2e-07,0.1113344,0.0750178,0.0489583,0.1229948,0.119797,0.1025959,0.1622069,0.2033503,
258,2e-07,0.1264648,0.0923224,0.0991643,0.1333748,0.0774244,0.1200496,0.1792713,0.1523077,
259,2e-07,0.0568347,0.0607166,0.1013682,0.0638613,0.0773018,0.1340623,0.1340503,0.1504048,
260,2e-07,0.0416366,0.0709711,0.0611225,0.0527615,0.074756,0.1460872,0.1237417,0.1101826,
261,2e-07,0.0250324,0.070569,0.0537838,0.0424111,0.081099,0.1179737,0.1051118,0.0751093,
262,2e-07,0.0069148,0.0556386,0.0547123,0.0489531,0.0442418,0.0981674,0.1006112,0.0437055,
263,2e-07,0.046738,0.0518294,0.1019191,0.0187098,0.0594389,0.0812259,0.0894176,0.055226,
264,2e-07,0.0481197,0.0817478,0.0861536,0.0401187,0.0857887,0.0666274,0.090592,0.0589835,
265,2e-07,0.0501186,0.0623429,0.0812482,0.0294627,0.0263981,0.0731031,0.0931467,0.0316789,
266,2e-07,0.0388577,0.0854527,0.0975313,0.0390351,0.0702013,0.0932171,0.0879544,0.0588025,
267,2e-07,0.0318034,0.0830073,0.1010909,0.0607572,0.0922785,0.0902056,0.0590638,0.0730237,
268,2e-07,0.027076,0.0935344,0.0881849,0.03165,0.0678731,0.0687822,0.070826,0.06037,
269,2e-07,0.0504685,0.0774724,0.0663127,0.0544145,0.0420546,0.0953755,0.1003657,0.0930491,
270,2e-07,0.0530024,0.0634699,0.0802296,0.0302126,0.0159995,0.1188178,0.1246002,0.1221347,
271,1e-07,0.0349881,0.070882,0.0793128,0.0254772,0.0458071,0.1377005,0.1959329,0.1655222,
272,1e-07,0.1472219,0.1411018,0.0845007,0.0216363,0.059827,0.152044,0.2395231,0.16634,
273,1e-07,0.1810269,0.1742651,0.097017,0.0181154,0.0996149,0.3053931,0.3412813,0.2666988,
274,1e-07,0.1315636,0.1422368,0.0885453,0.021532,0.1710758,0.4504018,0.4797904,0.4222808,
275,1e-07,0.0584915,0.1104905,0.0697234,0.0430465,0.1444188,0.2247171,0.2519347,0.210793,
276,1e-07,0.0708776,0.0800664,0.0710827,0.0447657,0.1170379,0.1468012,0.1037561,0.1963316,
277,1e-07,0.0498172,0.1126229,0.1279764,0.1290859,0.1969396,0.2028745,0.2090802,0.2567059,
278,0.0,0.0406259,0.1155862,0.1445103,0.0659403,0.1974579,0.1212432,0.217381,0.2418686,
279,1e-07,0.0537072,0.1250361,0.1501908,0.0495159,0.1666851,0.1202212,0.1196247,0.2057426,
280,1e-07,0.0654103,0.0675286,0.1139778,0.0366916,0.1134299,0.0595179,0.1045142,0.1025827,
281,1e-07,0.1135644,0.039679,0.0695638,0.0411765,0.1271229,0.0657398,0.0718451,0.067614,
282,1e-07,0.1315643,0.0981646,0.0618776,0.0600794,0.1529466,0.0658959,0.0806312,0.0846006,
283,0.0,0.1419706,0.1300018,0.0561517,0.0491455,0.1075663,0.1213438,0.1339469,0.078165,
284,0.0,0.0842288,0.0856074,0.0879922,0.0431885,0.1255114,0.0704025,0.0533497,0.0521717,
285,0.0,0.0180404,0.0528336,0.1028148,0.0625959,0.0525116,0.0567229,0.0240498,0.068866,
286,1e-07,0.0335603,0.030035,0.0706506,0.0539891,0.0369086,0.0579503,0.0310321,0.0651964,
287,1e-07,0.0446002,0.0757716,0.0553092,0.0413966,0.0678119,0.0644564,0.0299469,0.101393,
288,1e-07,0.0630125,0.0340537,0.0717132,0.0439658,0.0669637,0.0828891,0.0325524,0.0748419,
289,1e-07,0.056596,0.0521929,0.0466517,0.0479491,0.0746266,0.0397129,0.0530836,0.0574052,
290,1e-07,0.0253875,0.034221,0.0497394,0.0604967,0.1046678,0.0229041,0.0460825,0.0670784,
291,1e-07,0.0203413,0.0574399,0.0326052,0.0927847,0.0794924,0.0096082,0.0216565,0.0737649,
292,1e-07,0.0647826,0.0649032,0.0346835,0.0466665,0.0533165,0.0477735,0.0477211,0.0723608,
293,2e-07,0.0572094,0.080737,0.0535618,0.0339391,0.0575695,0.0535707,0.0324507,0.1247731,
294,2e-07,0.0521267,0.0707098,0.0425869,0.0257853,0.0374524,0.0695473,0.0323088,0.1555857,
295,1e-07,0.0792098,0.038324,0.0474222,0.0255144,0.0367448,0.0391641,0.0365311,0.0845686,
296,1e-07,0.087116,0.0683588,0.0817578,0.045582,0.0567245,0.0396603,0.0228766,0.0938155,
297,2e-07,0.0830347,0.0691811,0.0402273,0.044826,0.0831818,0.0662366,0.017922,0.1114041,
298,1e-07,0.0501197,0.0793201,0.0291257,0.0505086,0.0912074,0.0878687,0.0363044,0.1098322,
299,1e-07,0.045306,0.0662461,0.0697436,0.0391106,0.0772125,0.078208,0.0263889,0.0966094,
300,1e-07,0.078393,0.0515103,0.1179039,0.013864,0.0663553,0.0457883,0.0384862,0.1166581,
301,2e-07,0.0832786,0.0623143,0.069382,0.0323649,0.0828641,0.0803306,0.0368057,0.1029407,
302,1e-07,0.0583785,0.065164,0.0547016,0.083068,0.1122835,0.099297,0.0495221,0.0795161,
303,2e-07,0.0707332,0.1139694,0.0935574,0.1010536,0.120041,0.0848889,0.02351,0.0545312,
304,1e-07,0.1098151,0.0899476,0.0646618,0.1014792,0.0943591,0.0313537,0.0451966,0.0802075,
305,1e-07,0.0835173,0.0706303,0.071514,0.0909463,0.0884441,0.0427641,0.0545354,0.0700949,
306,1e-07,0.0332151,0.1636592,0.0959898,0.114796,0.1072497,0.0252449,0.0652782,0.1255661,
307,1e-07,0.0434975,0.1421422,0.0462216,0.06458,0.0849549,0.0854656,0.0619179,0.0759516,
308,1e-07,0.0656879,0.1309856,0.0493246,0.0835186,0.0973866,0.0914591,0.062336,0.0628496,
309,1e-07,0.0343238,0.1050215,0.0450057,0.0774592,0.0778219,0.0364072,0.0691809,0.0453461,
310,1e-07,0.0237429,0.0771487,0.0448207,0.0648322,0.0861706,0.0268699,0.0906642,0.0299281,
311,1e-07,0.0319511,0.089192,0.0426327,0.0781617,0.1085244,0.0568229,0.0970783,0.0224502,
312,1e-07,0.0363778,0.0649912,0.017001,0.0469344,0.1312061,0.0526856,0.1027183,0.0337921,
313,0.0,0.0437121,0.0843744,0.0565694,0.050802,0.0739036,0.0627727,0.0252763,0.02055,
314,1e-07,0.041995,0.0632077,0.0723224,0.0853371,0.0669214,0.0450506,0.0354378,0.0541094,
315,0.0,0.0609896,0.0465629,0.0608809,0.0996061,0.0627755,0.0608121,0.058664,0.0138444,
316,0.0,0.0479785,0.0601672,0.0863799,0.0569165,0.0871415,0.0314622,0.0636518,0.0376173,
317,0.0,0.0248162,0.0652735,0.0834809,0.0847756,0.0772593,0.0440267,0.066195,0.0404497,
318,0.0,0.0529244,0.0863337,0.0861127,0.0542316,0.0627124,0.0927403,0.0653227,0.0382241,
319,0.0,0.077445,0.0902952,0.0979782,0.0670528,0.0197907,0.0239709,0.0959066,0.0458921,
320,0.0,0.0474889,0.0717952,0.0877121,0.0740726,0.0486428,0.0563045,0.1073539,0.0709575,
321,0.0,0.0306776,0.1452295,0.0927909,0.1287351,0.0583769,0.1188615,0.0942218,0.1074208,
322,0.0,0.0629456,0.0881291,0.0838341,0.0527896,0.073336,0.0379134,0.0834634,0.0805527,
323,1e-07,0.0471997,0.1010992,0.0806269,0.0797453,0.0610476,0.0201554,0.0205347,0.0850507,
324,1e-07,0.0401658,0.0903096,0.0617449,0.077087,0.0625087,0.0413305,0.0333889,0.0704668,
325,1e-07,0.0277014,0.085391,0.0765376,0.0751881,0.0924476,0.0315741,0.0417753,0.081199,
326,1e-07,0.052695,0.104274,0.0475782,0.0528029,0.1037361,0.0285565,0.0322453,0.1127582,
327,1e-07,0.0487325,0.0979916,0.0532623,0.0315868,0.1703397,0.0422942,0.0325385,0.1358419,
328,1e-07,0.0355608,0.0924459,0.0528773,0.0766168,0.1637518,0.039814,0.0746853,0.1349642,
329,2e-07,0.0772261,0.0790412,0.0742179,0.1662173,0.2014208,0.1306292,0.2096839,0.174226,
330,2e-07,0.1193134,0.0773488,0.0845143,0.1645875,0.2168206,0.0878003,0.1407973,0.1827245,
331,1e-07,0.0594664,0.1095418,0.0877408,0.0812322,0.1359444,0.0603426,0.0526437,0.122089,
332,1e-07,0.075728,0.0884475,0.1046098,0.0169693,0.1425065,0.0246885,0.0533011,0.1212594,
333,1e-07,0.0690675,0.0663244,0.057163,0.0075871,0.0459002,0.0384433,0.0437519,0.0829177,
334,1e-07,0.0586937,0.0563732,0.0653171,0.0356063,0.0401011,0.0760266,0.0335086,0.0766278,
335,0.0,0.0306238,0.0764394,0.026544,0.0416348,0.0595968,0.040433,0.0612442,0.05843,
336,0.0,0.0233966,0.0825456,0.0538815,0.0383571,0.0588,0.0747664,0.077965,0.0538762,
337,0.0,0.0162325,0.069691,0.0610483,0.0476321,0.1007251,0.0826152,0.0817886,0.0583775,
338,0.0,0.0341903,0.0891644,0.0437409,0.0669379,0.0926853,0.0753401,0.0933934,0.0679654,
339,1e-07,0.0326458,0.1004089,0.0566664,0.0783607,0.0696519,0.0936789,0.0545842,0.0858567,
340,0.0,0.0386316,0.076228,0.0521821,0.0920014,0.1519153,0.0513575,0.0473893,0.0421799,
341,0.0,0.0429744,0.0688814,0.0319507,0.0905621,0.1693828,0.0205654,0.0329104,0.077677,
342,0.0,0.0375997,0.0524918,0.0547402,0.0729192,0.1174543,0.061486,0.0467559,0.015164,
343,0.0,0.0777843,0.0339294,0.0642696,0.0656378,0.084618,0.0462122,0.0734845,0.0458208,
344,0.0,0.0947142,0.0495385,0.0256312,0.0394189,0.0757482,0.1188894,0.0813048,0.0410185,
345,0.0,0.0445235,0.0295018,0.0254871,0.0651225,0.054648,0.0627127,0.085942,0.0442166,
346,0.0,0.0234273,0.0315068,0.0209958,0.0561111,0.0730636,0.0513508,0.0390738,0.0508715,
347,0.0,0.0464086,0.0560214,0.0878363,0.0750501,0.0650569,0.0845162,0.0137912,0.1124948,
348,1e-07,0.0403731,0.0864971,0.0955319,0.0852353,0.0584231,0.0352982,0.0519695,0.1363008,
349,1e-07,0.0455113,0.1041574,0.0809218,0.0658517,0.0580436,0.0280061,0.041724,0.1209515,
350,1e-07,0.0285995,0.1440572,0.1376237,0.0727777,0.0631722,0.035804,0.0466543,0.1308208,
351,2e-07,0.0396467,0.2381928,0.152335,0.0575209,0.0866901,0.0802762,0.0202732,0.1600125,
352,2e-07,0.0354511,0.3592604,0.2316912,0.1241415,0.0753977,0.0738912,0.0326493,0.1502946,
353,2e-07,0.0424155,0.376686,0.2468324,0.127368,0.0343988,0.0480637,0.0424595,0.1735152,
354,1e-07,0.0340602,0.2419477,0.146767,0.0910617,0.0594331,0.0622754,0.0431695,0.1619957,
355,1e-07,0.1000402,0.1783969,0.1037513,0.0917733,0.0410951,0.0849713,0.0726603,0.1319726,
356,1e-07,0.0887053,0.1884251,0.1040487,0.150704,0.071442,0.0732196,0.0722101,0.1223823,
357,1e-07,0.092573,0.2068308,0.1101707,0.1721524,0.1123412,0.0534084,0.0650943,0.1725725,
358,0.0,0.0957014,0.2024067,0.0779855,0.1886769,0.1191228,0.0501756,0.130328,0.1512867,
359,0.0,0.0837782,0.1988832,0.1121606,0.1895015,0.1091908,0.0601027,0.0868793,0.0665293,
360,0.0,0.0778936,0.0780895,0.0565117,0.1576103,0.0783685,0.0710106,0.0811676,0.075816,
361,0.0,0.0742228,0.1820262,0.0637029,0.1879889,0.1822442,0.1364117,0.084132,0.0731816,
362,0.0,0.1072474,0.2509555,0.0821938,0.210915,0.19153,0.085551,0.0990181,0.1070867,
363,0.0,0.0936485,0.185438,0.0842382,0.1511497,0.1300106,0.094853,0.0849456,0.1227806,
364,0.0,0.109697,0.1651838,0.0610251,0.1425612,0.1316494,0.1077835,0.0557881,0.0943654,
365,0.0,0.162016,0.2164224,0.0876475,0.1576127,0.1559266,0.1529636,0.0567133,0.079369,
366,1e-07,0.1428108,0.2350565,0.0993249,0.050344,0.1689761,0.1520511,0.0735462,0.1275664,
367,1e-07,0.089812,0.2080745,0.0749862,0.030206,0.1502343,0.1319902,0.1049353,0.1085821,
368,1e-07,0.0358985,0.1050687,0.0444323,0.0638548,0.1855568,0.1301984,0.1028784,0.0944759,
369,1e-07,0.0252016,0.111987,0.0182001,0.0383396,0.21836,0.1321588,0.0824322,0.1642062,
370,1e-07,0.0254378,0.0920786,0.0020085,0.049568,0.2177142,0.1049002,0.069975,0.1668186,
371,1e-07,0.0407512,0.1412234,0.0292426,0.1114242,0.2055176,0.063816,0.0702637,0.077455,
372,1e-07,0.0223703,0.1138826,0.0367923,0.0689516,0.192707,0.0848249,0.0490411,0.1099945,
373,1e-07,0.0306074,0.1401023,0.0441671,0.0410242,0.1641659,0.0460565,0.021636,0.0995533,
374,1e-07,0.0471944,0.1430944,0.0679017,0.0505871,0.1325174,0.0474369,0.0386018,0.0924655,
375,1e-07,0.0314404,0.1644385,0.0986253,0.0516598,0.1226137,0.044184,0.0728092,0.089523,
376,1e-07,0.0800471,0.1763453,0.1414883,0.1048318,0.1073296,0.0771307,0.0712631,0.1563928,
377,1e-07,0.1725838,0.2507844,0.2282743,0.2021928,0.1556913,0.0819986,0.1400878,0.2687827,
378,1e-07,0.092362,0.2972201,0.2357244,0.1654013,0.2141948,0.0644405,0.0979332,0.0937601,
379,1e-07,0.112635,0.2281493,0.1461277,0.0439249,0.2157442,0.0643531,0.1311563,0.1077131,
380,1e-07,0.0963359,0.2017412,0.08682,0.0671931,0.1770763,0.0402453,0.0803689,0.1012904,
381,1e-07,0.0603031,0.1595404,0.0864024,0.0778281,0.1671767,0.0586471,0.0656841,0.1060753,
382,1e-07,0.0588174,0.1583309,0.072662,0.1524183,0.1642452,0.0872519,0.0893896,0.1275995,
383,0.0,0.0690532,0.1053097,0.0759918,0.0723097,0.1497749,0.0950057,0.0743312,0.1320352,
384,0.0,0.0695402,0.1130379,0.0831669,0.1021015,0.1548633,0.058046,0.0482419,0.1077638,
385,0.0,0.050552,0.1137333,0.100754,0.0904331,0.1292632,0.1026043,0.0663546,0.1269601,
386,0.0,0.0951305,0.0919419,0.0561818,0.1549173,0.1151252,0.059932,0.0468283,0.1485315,
387,1e-07,0.0654415,0.0518588,0.031061,0.1883041,0.1180483,0.0439497,0.0444249,0.1351763,
388,1e-07,0.0592922,0.0590209,0.0547337,0.1687278,0.0766522,0.0980644,0.0612898,0.0763831,
389,1e-07,0.0945418,0.0973056,0.0381773,0.1574167,0.2469519,0.0492494,0.067888,0.0845718,
390,1e-07,0.0711668,0.0738616,0.0763568,0.1057852,0.1054647,0.0822717,0.0982954,0.0519103,
391,1e-07,0.0650389,0.0470932,0.0305064,0.1027343,0.0462211,0.0989416,0.0916996,0.0326108,
392,0.0,0.0498858,0.0278977,0.0540209,0.1076855,0.0920305,0.1008489,0.0715681,0.0475542,
393,0.0,0.0400564,0.0536604,0.0519788,0.0976829,0.0981373,0.0825937,0.0990894,0.0697335,
394,0.0,0.0304599,0.0712027,0.0403044,0.1114133,0.0996661,0.048733,0.083572,0.06441,
395,0.0,0.0335691,0.0543985,0.0331438,0.0756634,0.1120911,0.0450686,0.0818503,0.0726269,
396,0.0,0.0527472,0.0674845,0.0496824,0.0883066,0.1256884,0.0462817,0.0446254,0.1006087,
397,0.0,0.0654279,0.091597,0.1088332,0.1208017,0.1476283,0.0429249,0.0242296,0.0834646,
398,0.0,0.052345,0.0989676,0.1622953,0.2197488,0.2650537,0.1175542,0.0271782,0.109215,
399,0.0,0.0499866,0.1217317,0.0384705,0.1722033,0.1625732,0.1343854,0.0317669,0.092831,
400,0.0,0.0823067,0.1275231,0.0473388,0.1618622,0.1043146,0.1636146,0.0256341,0.0881303,
401,0.0,0.0511486,0.0989592,0.0650148,0.0763311,0.0905444,0.0713858,0.041234,0.1015005,
402,0.0,0.0647906,0.1368523,0.1095349,0.0958861,0.0614062,0.1583236,0.0683633,0.1559347,
403,0.0,0.0558764,0.1410279,0.0869991,0.0493771,0.0573976,0.0451323,0.0812361,0.1024621,
404,1e-07,0.0458398,0.0965942,0.0489383,0.0390233,0.0449314,0.050122,0.0377235,0.0698295,
405,1e-07,0.0399879,0.0966469,0.0343391,0.0652313,0.0687166,0.0488572,0.0501667,0.0891691,
406,1e-07,0.0621739,0.103545,0.0221276,0.0900168,0.0671291,0.0666867,0.0417314,0.092851,
407,1e-07,0.1104267,0.1011548,0.0777632,0.0581543,0.0488169,0.0468028,0.0749027,0.0516898,
408,1e-07,0.0687743,0.0997679,0.1013473,0.0889799,0.083883,0.0571343,0.0914063,0.0449563,
409,1e-07,0.0207968,0.0614242,0.070564,0.0873702,0.0744087,0.0542359,0.0825922,0.090363,
410,1e-07,0.0502954,0.075804,0.061547,0.095486,0.0772424,0.0897379,0.080776,0.0641456,
411,1e-07,0.0396579,0.1019078,0.0331464,0.0649189,0.0912866,0.0904128,0.0644443,0.0662224,
412,1e-07,0.0550071,0.0582689,0.0633011,0.0640857,0.0879762,0.0309808,0.0903044,0.0830688,
413,1e-07,0.0562375,0.0375795,0.0493496,0.0985572,0.0944951,0.0774406,0.0739255,0.094266,
414,1e-07,0.0599679,0.0722494,0.0613578,0.0441614,0.0952156,0.029386,0.0477697,0.0663599,
415,1e-07,0.079119,0.033049,0.0555374,0.028165,0.0831821,0.0878012,0.0634181,0.0305587,
416,1e-07,0.0477266,0.0374152,0.0490437,0.0449582,0.0507368,0.0300216,0.0661147,0.0354954,
417,1e-07,0.0296297,0.0431164,0.0645936,0.0399421,0.0648251,0.052003,0.0225939,0.0481158,
418,1e-07,0.0163344,0.0601567,0.0554533,0.0505857,0.0616631,0.0142097,0.0513637,0.045897,
419,1e-07,0.0419331,0.0598372,0.0449874,0.0481414,0.0489502,0.0090063,0.0479814,0.0396874,
420,0.0,0.0655023,0.068772,0.0459713,0.0236721,0.0374945,0.0428421,0.0583236,0.0193318,
421,0.0,0.0723976,0.0676297,0.0566574,0.0768473,0.0504729,0.0685159,0.0761417,0.0721211,
422,1e-07,0.0621045,0.0661642,0.0520163,0.0776946,0.0811317,0.063389,0.0672489,0.0693361,
423,1e-07,0.0209991,0.0430118,0.0366624,0.0695601,0.0386763,0.0316978,0.0074405,0.0792329,
424,1e-07,0.0301425,0.0583104,0.0570158,0.0657595,0.1205605,0.0592013,0.0240199,0.1015097,
425,1e-07,0.0871945,0.0590395,0.0383546,0.0963984,0.1777904,0.123469,0.0459294,0.19727,
426,1e-07,0.1155474,0.0514433,0.0532636,0.0918474,0.141226,0.0619689,0.0559892,0.2136014,
427,1e-07,0.0639772,0.0294425,0.0252516,0.1223276,0.0945486,0.0433249,0.0245035,0.096308,
428,1e-07,0.0310122,0.090749,0.0441262,0.084546,0.0175133,0.0662919,0.0214031,0.1106937,
429,1e-07,0.0393227,0.0880387,0.0472531,0.0709064,0.0657321,0.0934318,0.0198498,0.1012989,
430,1e-07,0.0466283,0.0590734,0.0464406,0.0539228,0.0938633,0.0488952,0.0177872,0.0517691,
431,0.0,0.0312776,0.0606417,0.0411207,0.063395,0.057268,0.0536475,0.0233077,0.0349195,
432,0.0,0.015735,0.0527398,0.0258027,0.0510322,0.0590559,0.0440342,0.0855264,0.0322165,
433,0.0,0.0530312,0.0651363,0.0354175,0.0301875,0.0407485,0.0695761,0.0961948,0.020459,
434,0.0,0.0559877,0.0594858,0.0296168,0.0545252,0.0722172,0.0603151,0.0887164,0.0629232,
435,1e-07,0.0632128,0.0128683,0.0479022,0.0876787,0.0785439,0.0460306,0.061739,0.0770238,
436,1e-07,0.0353269,0.0765122,0.0441191,0.0402578,0.0763694,0.0550857,0.0697312,0.0435236,
437,1e-07,0.0523052,0.0520746,0.0637339,0.069632,0.0927308,0.0349633,0.0427856,0.0673776,
438,1e-07,0.0249106,0.0507927,0.0326625,0.0718773,0.1011031,0.0694383,0.0722162,0.0741091,
439,1e-07,0.0240341,0.0516278,0.0281606,0.075747,0.1135223,0.0427093,0.0564306,0.0580713,
440,1e-07,0.0160235,0.0642392,0.0328993,0.049777,0.0905624,0.0905469,0.0247243,0.0356948,
441,1e-07,0.0174865,0.0640453,0.049303,0.0095761,0.0651621,0.0897106,0.0450928,0.0281159,
442,0.0,0.0518203,0.0544995,0.0141833,0.0473492,0.04983,0.0444309,0.0793048,0.0835711,
443,0.0,0.0653039,0.0677967,0.0223028,0.0479743,0.0975775,0.0366113,0.0755192,0.0965947,
444,0.0,0.0325059,0.0677754,0.0415276,0.0405851,0.0901691,0.052908,0.0990484,0.0766299,
445,1e-07,0.0627028,0.0320082,0.0571447,0.018902,0.1037706,0.0526066,0.0096147,0.0447123,
446,1e-07,0.0986283,0.0305639,0.0852551,0.0514434,0.1158472,0.066631,0.0598064,0.0299034,
447,1e-07,0.0876268,0.0616881,0.0619448,0.0427041,0.1074213,0.0966601,0.0499605,0.0438122,
448,1e-07,0.0875813,0.0447329,0.035183,0.0584415,0.0794982,0.1166827,0.0296956,0.0631857,
449,1e-07,0.0907637,0.0120396,0.0480285,0.0954502,0.0803781,0.1366748,0.0359958,0.0691017,
450,1e-07,0.0817452,0.0360401,0.0420838,0.0342641,0.0780752,0.0739298,0.0794177,0.0346782,
451,1e-07,0.0702798,0.0247305,0.0565403,0.0445394,0.0473409,0.0581604,0.0373161,0.0477775,
452,0.0,0.0762513,0.0585799,0.0478562,0.0552855,0.040525,0.0344811,0.0287188,0.0426222,
453,0.0,0.0468806,0.0144505,0.0462431,0.0529017,0.0354643,0.0215943,0.030316,0.0528237,
454,0.0,0.0350877,0.0789036,0.0557995,0.0444298,0.0359841,0.047127,0.0387196,0.0264194,
455,1e-07,0.0237938,0.0717496,0.054449,0.0562504,0.1204977,0.0457029,0.0539694,0.0081649,
456,1e-07,0.0272269,0.075047,0.1116883,0.0339355,0.0268913,0.0251314,0.0518945,0.0339157,
457,1e-07,0.0269005,0.0516337,0.1113565,0.0546623,0.0362646,0.0448872,0.0833859,0.0263061,
458,1e-07,0.0502883,0.096359,0.0616208,0.0580021,0.0279429,0.0816627,0.0788159,0.0370526,
459,1e-07,0.0851227,0.0954329,0.0838604,0.0510306,0.0872139,0.1465314,0.029644,0.1134341,
460,2e-07,0.0787205,0.088015,0.0699714,0.0637088,0.1047074,0.152547,0.073744,0.1118621,
461,1e-07,0.0895247,0.1019963,0.0675061,0.0861393,0.1051287,0.1692067,0.069934,0.0764914,
462,1e-07,0.0966127,0.0837455,0.048736,0.0727332,0.0469024,0.0581265,0.0363781,0.0496654,
463,1e-07,0.0963638,0.0889873,0.068843,0.1054174,0.0455948,0.0246692,0.0329342,0.0405375,
464,1e-07,0.0890258,0.1095836,0.0885339,0.1103706,0.0537885,0.0410425,0.0496276,0.0458124,
465,1e-07,0.0449135,0.0741548,0.0968474,0.04599,0.0626959,0.0474943,0.0340321,0.0643551,
466,1e-07,0.0156028,0.0483477,0.0687226,0.0718289,0.1073929,0.0421636,0.0546484,0.0545348,
467,1e-07,0.015953,0.0463407,0.0647744,0.0917914,0.0857885,0.0297297,0.0462247,0.0097308,
468,0.0,0.0333654,0.0602716,0.0743664,0.0759163,0.0264118,0.048448,0.0185314,0.0379982,
469,0.0,0.0488588,0.0605644,0.0662334,0.0580952,0.0487786,0.0564482,0.0563592,0.040798,
470,0.0,0.0322381,0.0580955,0.0663984,0.0120099,0.0618714,0.0630787,0.0778008,0.0425655,
471,1e-07,0.0216924,0.0704332,0.0500593,0.0209897,0.0434676,0.038452,0.049886,0.0505862,
472,1e-07,0.046386,0.085388,0.0244445,0.0858473,0.0587346,0.0348082,0.04855,0.0732202,
473,1e-07,0.0397734,0.1220699,0.0356408,0.1242361,0.1212724,0.0507654,0.0839265,0.0721318,
474,1e-07,0.0202976,0.1333032,0.0560734,0.1547646,0.1371343,0.095766,0.0919021,0.0815826,
475,1e-07,0.0319091,0.0842728,0.0570569,0.1054351,0.1528674,0.1088083,0.0662865,0.0882139,
476,1e-07,0.0226533,0.0843092,0.0736265,0.1050838,0.1099223,0.1051005,0.0570198,0.1488262,
477,0.0,0.0325979,0.0874493,0.0507354,0.0599548,0.0801137,0.0848951,0.0543685,0.092923,
478,0.0,0.0321102,0.0985503,0.0777536,0.0513291,0.0661323,0.0510434,0.0617598,0.08446,
479,0.0,0.0140916,0.0897007,0.0494878,0.0280923,0.0809271,0.0677957,0.0625536,0.0551881,
480,0.0,0.0708182,0.0828123,0.0264222,0.0281645,0.0875292,0.0634946,0.0341965,0.0522399,
481,1e-07,0.0182845,0.0633908,0.0501702,0.0688699,0.0901717,0.06389,0.0393344,0.0419858,
482,1e-07,0.010061,0.0592719,0.0545358,0.0917237,0.085847,0.0464136,0.0330208,0.0347035,
483,1e-07,0.0373944,0.0583538,0.087957,0.0840426,0.076283,0.0465786,0.0441144,0.041292,
484,1e-07,0.0273196,0.0630196,0.0605447,0.0834137,0.0797097,0.078961,0.0954689,0.0762486,
485,1e-07,0.0468156,0.0819305,0.0909177,0.0675152,0.0989795,0.0566714,0.0855256,0.0600733,
486,1e-07,0.0577372,0.0976468,0.0695119,0.0634071,0.1089348,0.0991681,0.0626186,0.0794792,
487,1e-07,0.0690761,0.0873362,0.0484738,0.0514335,0.1095145,0.099986,0.025675,0.1019419,
488,1e-07,0.039356,0.017911,0.0286537,0.0739716,0.1236129,0.0364014,0.0241773,0.066204,
489,1e-07,0.0268439,0.0799176,0.0582269,0.0730874,0.1845177,0.0866837,0.0446142,0.0228826,
490,1e-07,0.062481,0.0984613,0.0689221,0.1102179,0.2084231,0.0528505,0.0515051,0.0861571,
491,0.0,0.0729503,0.0919164,0.0696239,0.120659,0.1000757,0.0873905,0.0253197,0.0305514,
492,0.0,0.0577336,0.0713953,0.0957852,0.1542095,0.0962324,0.0721475,0.0817012,0.0184521,
493,0.0,0.0650004,0.0708851,0.0593186,0.0968338,0.0739823,0.0824578,0.0779881,0.0533106,
494,0.0,0.0688165,0.1004741,0.0516009,0.1053513,0.0494292,0.0777293,0.0700359,0.1008336,
495,1e-07,0.0606677,0.1243944,0.1066933,0.1498744,0.1520131,0.1744012,0.0889735,0.0888108,
496,1e-07,0.0454891,0.1137728,0.1294296,0.1900688,0.1924872,0.1901097,0.0935657,0.0897376,
497,1e-07,0.0260786,0.0876074,0.1214206,0.1896959,0.2249957,0.1105041,0.0622376,0.0929781,
498,0.0,0.0541188,0.0659693,0.0815813,0.186493,0.1700501,0.0687665,0.0910025,0.0215778,
499,0.0,0.0637329,0.035784,0.0642618,0.1580304,0.1329577,0.0640176,0.1458467,0.1220218,
500,0.0,0.0537254,0.0431905,0.177989,0.0739977,0.0933164,0.0660857,0.1587844,0.1246356,
501,1e-07,0.0448052,0.0844766,0.0793711,0.135565,0.1586826,0.0657901,0.1219822,0.1390304,
502,1e-07,0.070089,0.0752824,0.1777635,0.2305811,0.2247408,0.0872798,0.0404329,0.1761269,
503,1e-07,0.1027061,0.0443129,0.1422239,0.1633597,0.1710594,0.0526903,0.0344816,0.1250823,
504,1e-07,0.0796741,0.0241748,0.1619577,0.0946898,0.0998022,0.0821857,0.0752733,0.0579499,
505,1e-07,0.0889649,0.0483162,0.0977457,0.0392594,0.0634228,0.0774239,0.0507606,0.0447609,
506,1e-07,0.1338835,0.0336458,0.0943943,0.0362011,0.0415114,0.0364227,0.0203264,0.0623465,
507,1e-07,0.1301663,0.0382116,0.1247508,0.0677837,0.0317073,0.0815464,0.0248264,0.0730606,
508,2e-07,0.1094876,0.0388811,0.1187616,0.0449665,0.0813185,0.0584309,0.0336517,0.0818465,
509,1e-07,0.058313,0.0235098,0.0532488,0.0215249,0.0398308,0.0743633,0.0210834,0.0803278,
510,1e-07,0.0674746,0.0344292,0.0675264,0.0194411,0.026252,0.041966,0.0193668,0.0395777,
511,2e-07,0.0777636,0.0377069,0.0693314,0.0462554,0.0794172,0.0445055,0.0481623,0.0279476,
512,2e-07,0.0379209,0.0672848,0.0526153,0.039639,0.0705073,0.0818729,0.0521433,0.0693815,
513,1e-07,0.0271052,0.0612996,0.0491812,0.0274709,0.0561719,0.0908773,0.0371582,0.0281814,
514,1e-07,0.0457637,0.0421395,0.0550099,0.0745031,0.0572947,0.086398,0.0519735,0.0308567,
515,2e-07,0.0738218,0.0672922,0.0410344,0.0908932,0.0682955,0.1016986,0.0811435,0.0146688,
516,1e-07,0.0403471,0.0645752,0.0254555,0.0533304,0.0388561,0.075686,0.0513708,0.034291,
517,1e-07,0.0655037,0.0576855,0.0230933,0.0452477,0.0667632,0.0632731,0.0751941,0.0539168,
518,2e-07,0.0476453,0.0817507,0.0224387,0.0530137,0.1751866,0.1085377,0.1228828,0.0492927,
519,2e-07,0.0483026,0.0612046,0.030618,0.0585684,0.1341462,0.1030888,0.1046004,0.0832287,
520,1e-07,0.030259,0.0787622,0.0634041,0.1113745,0.1182273,0.0892724,0.0456338,0.0572732,
521,1e-07,0.0946258,0.0591725,0.0916515,0.0828178,0.1137301,0.0922464,0.0653108,0.0525451,
522,1e-07,0.1745573,0.0598047,0.0780346,0.0949558,0.1521762,0.1396675,0.1143837,0.1007364,
523,2e-07,0.132612,0.0528389,0.0649426,0.1157044,0.1482975,0.1047435,0.1395414,0.1166872,
524,1e-07,0.0570531,0.1101943,0.0893063,0.1229883,0.1443073,0.0711682,0.145832,0.0133873,
525,1e-07,0.0763312,0.1172336,0.1134415,0.1238794,0.125177,0.0830897,0.1193366,0.0428535,
526,2e-07,0.0545396,0.0887687,0.0688016,0.1836018,0.1263813,0.0270845,0.1065708,0.0703358,
527,2e-07,0.1137578,0.0928099,0.0430284,0.152117,0.1290712,0.0162184,0.0791088,0.074072,
528,2e-07,0.1719993,0.0303629,0.0707236,0.1785897,0.1104073,0.0827611,0.0705299,0.0683979,
529,2e-07,0.1509896,0.0832467,0.0600445,0.0756201,0.1287898,0.1011173,0.0730135,0.0362006,
530,2e-07,0.1057562,0.0907929,0.0419221,0.0325235,0.1254197,0.1389366,0.1156009,0.0550584,
531,2e-07,0.0509591,0.0657956,0.0237329,0.0668827,0.0734181,0.123531,0.209057,0.0417635,
532,2e-07,0.0444349,0.0654678,0.1221347,0.0660812,0.1449588,0.1386606,0.1241717,0.0512283,
533,2e-07,0.0492489,0.038543,0.1292806,0.0999405,0.1411523,0.1461961,0.0422889,0.0191714,
534,2e-07,0.0533569,0.0895805,0.0734069,0.0356394,0.1006962,0.1642178,0.058247,0.0965034,
535,2e-07,0.0332592,0.1240795,0.0561598,0.0466616,0.1153881,0.1595021,0.0547699,0.1081077,
536,2e-07,0.0134564,0.1107644,0.0929228,0.0470721,0.089552,0.1521687,0.06228,0.1007538,
537,2e-07,0.0393778,0.1188118,0.0851324,0.055946,0.0873091,0.1899846,0.077072,0.0559618,
538,2e-07,0.083925,0.0766632,0.0869494,0.0470116,0.1600786,0.2530816,0.0693041,0.0713811,
539,2e-07,0.0674249,0.1073873,0.0942883,0.0696666,0.0650545,0.2413335,0.1347038,0.0969443,
540,2e-07,0.0497681,0.0807968,0.116256,0.092562,0.0357792,0.2471977,0.0565866,0.1183549,
541,1e-07,0.0884171,0.1387443,0.1989298,0.0837566,0.0643343,0.1903897,0.0677234,0.2267016,
542,1e-07,0.0912577,0.098683,0.2015063,0.0670141,0.0381597,0.1501859,0.0791376,0.2333465,
543,1e-07,0.1402489,0.0204298,0.1387595,0.1319956,0.0639729,0.1849378,0.0563709,0.141008,
544,1e-07,0.0850938,0.0467673,0.1285318,0.1080772,0.0881409,0.1334818,0.0576676,0.0413484,
545,1e-07,0.0837301,0.0426944,0.1215202,0.0536678,0.0910712,0.1298959,0.0368736,0.0369603,
546,1e-07,0.07534,0.0168182,0.1653057,0.0518919,0.1565385,0.1470929,0.0406325,0.0256935,
547,2e-07,0.0886884,0.0304128,0.1267616,0.1062743,0.1808258,0.1267714,0.0346477,0.0332712,
548,2e-07,0.0583163,0.045274,0.1311648,0.0852785,0.1523327,0.10371,0.0505008,0.0313254,
549,2e-07,0.1010303,0.0250589,0.1721747,0.0837362,0.1821645,0.0733192,0.0925818,0.0566512,
550,2e-07,0.0722269,0.0672695,0.1593309,0.096398,0.1926264,0.071362,0.1552413,0.0703386,
551,2e-07,0.0600857,0.0571012,0.0988142,0.0815335,0.1394533,0.0823136,0.1391377,0.0757834,
552,2e-07,0.0760062,0.0310698,0.0957297,0.0337211,0.1007314,0.0994847,0.0872703,0.0495944,
553,2e-07,0.0779944,0.0417311,0.0531446,0.0196034,0.1102742,0.0788514,0.1297151,0.0318748,
554,2e-07,0.0941148,0.0395991,0.0586103,0.0174702,0.1349003,0.0816185,0.1478305,0.0419951,
555,2e-07,0.0685423,0.0362269,0.0862611,0.06794,0.1132352,0.0492499,0.100553,0.0471236,
556,2e-07,0.0399853,0.068036,0.0949157,0.0934631,0.1137299,0.0737678,0.0879981,0.0466298,
557,2e-07,0.0923471,0.0588369,0.1692865,0.1397319,0.1553091,0.0618916,0.1760329,0.078699,
558,2e-07,0.0592119,0.0664442,0.1270006,0.0815712,0.1472593,0.0424119,0.0939974,0.0810392,
559,2e-07,0.056666,0.0658255,0.0541989,0.072338,0.1270341,0.0304351,0.1005408,0.0692731,
560,2e-07,0.0652491,0.0677938,0.0687269,0.1346903,0.1470989,0.068401,0.083693,0.0771013,
561,2e-07,0.1168856,0.1540944,0.0667673,0.1668688,0.1591773,0.075493,0.0787975,0.085503,
562,2e-07,0.0627001,0.184418,0.0589552,0.1692488,0.133841,0.0465019,0.1730135,0.1174276,
563,2e-07,0.1122037,0.0688094,0.0134831,0.1476007,0.134543,0.0974849,0.1272838,0.1105521,
564,2e-07,0.1296654,0.0662981,0.1226229,0.2091683,0.1414444,0.0473429,0.0862813,0.1482278,
565,2e-07,0.0244256,0.0813942,0.1251052,0.132,0.1491231,0.0548428,0.1033076,0.111544,
566,2e-07,0.0448629,0.0393833,0.0904964,0.1074191,0.1767619,0.0605732,0.132948,0.0902841,
567,2e-07,0.0765777,0.0212736,0.0522907,0.1168219,0.1327478,0.0683156,0.1530061,0.0481923,
568,2e-07,0.0629796,0.0256082,0.044975,0.0866207,0.1570303,0.0713032,0.0994039,0.09048,
569,2e-07,0.078284,0.0507747,0.0650881,0.0956808,0.1524936,0.0674329,0.1285637,0.036737,
570,2e-07,0.0608967,0.063067,0.033323,0.1247535,0.1305457,0.0419113,0.1241194,0.0595686,
571,2e-07,0.0703362,0.0573653,0.0400459,0.0679177,0.1136581,0.04407,0.0791794,0.067963,
572,2e-07,0.0654041,0.095579,0.0479467,0.0627926,0.1118268,0.0622028,0.0942808,0.050625,
573,2e-07,0.0578719,0.0788066,0.0531176,0.1082439,0.107811,0.0723464,0.122649,0.0664399,
574,2e-07,0.0255688,0.0825812,0.0548545,0.0562433,0.049457,0.0729482,0.0871715,0.0451769,
575,2e-07,0.0594372,0.1067697,0.0552628,0.0457869,0.108803,0.0657746,0.0972974,0.057624,
576,2e-07,0.0749348,0.0903673,0.0585644,0.0416901,0.1374916,0.0516339,0.1082906,0.0925394,
577,1e-07,0.0522968,0.0982137,0.0528047,0.0544269,0.0996709,0.0785649,0.1251031,0.0843232,
578,1e-07,0.0656025,0.0623727,0.0560695,0.0569889,0.0579051,0.0779086,0.0763992,0.0742324,
579,1e-07,0.1482106,0.0864793,0.0674256,0.0695538,0.1003383,0.1001957,0.1719197,0.0527557,
580,1e-07,0.1060573,0.1035899,0.0863565,0.0910046,0.1354918,0.0908448,0.2526184,0.1350156,
581,1e-07,0.114293,0.1055572,0.0898791,0.0754512,0.096138,0.0434853,0.3002962,0.1616722,
582,1e-07,0.0939189,0.1050497,0.0740635,0.0764282,0.089072,0.1064165,0.2669724,0.0268142,
583,1e-07,0.0919136,0.1283539,0.0577066,0.1630218,0.0929662,0.1177865,0.234228,0.2052064,
584,0.0,0.0800383,0.1397189,0.0578283,0.167361,0.1281984,0.1267208,0.2587112,0.218525,
585,1e-07,0.0614516,0.1198573,0.0622715,0.0794319,0.0991406,0.0870306,0.187723,0.0746359,
586,1e-07,0.0326329,0.0964923,0.0524759,0.043638,0.103072,0.0991665,0.0525895,0.0336928,
587,1e-07,0.0451301,0.0781083,0.0799717,0.0511699,0.0971293,0.126714,0.0846632,0.0526448,
588,1e-07,0.0598072,0.1060686,0.0727949,0.0802412,0.1720485,0.1321309,0.0905787,0.0817142,
589,0.0,0.061169,0.0854954,0.0430462,0.0816297,0.1746018,0.0947602,0.0947658,0.1219545,
590,0.0,0.0282334,0.0803492,0.0511598,0.1162621,0.1167716,0.0590732,0.0548389,0.077203,
591,0.0,0.0229876,0.0723549,0.0511605,0.1165594,0.0317265,0.0969123,0.0618096,0.081159,
592,1e-07,0.0413111,0.0514484,0.0695157,0.084695,0.036565,0.143025,0.0610058,0.0577259,
593,1e-07,0.0318939,0.0391683,0.0591675,0.0188425,0.0238585,0.0727011,0.0122166,0.0556444,
594,1e-07,0.0410257,0.0323237,0.0402091,0.0410436,0.0350732,0.1049819,0.0507417,0.1054891,
595,1e-07,0.0903753,0.0246558,0.0618529,0.0265404,0.0478905,0.0729386,0.035525,0.0793734,
596,1e-07,0.0714135,0.0320773,0.0453063,0.0193756,0.0492083,0.0802239,0.0456251,0.0868997,
597,1e-07,0.0496042,0.0367979,0.03906,0.031837,0.0495079,0.0835633,0.0586915,0.0787557,
598,1e-07,0.0377625,0.0282019,0.0549499,0.0444951,0.0461787,0.111978,0.0518717,0.0187747,
599,2e-07,0.0349968,0.0432086,0.0291604,0.0657204,0.0511595,0.1118731,0.0623417,0.0293137,
600,2e-07,0.0466349,0.0626557,0.0326204,0.0516518,0.073347,0.1434447,0.0944681,0.0236084,
601,1e-07,0.0510365,0.0433058,0.0378658,0.0387951,0.0638844,0.1177982,0.0775155,0.0207958,
602,1e-07,0.0726217,0.0379599,0.036455,0.0773175,0.0496091,0.0100516,0.0663769,0.0146169,
603,2e-07,0.0425651,0.043598,0.0391579,0.07365,0.0472636,0.0863662,0.046077,0.0342397,
604,1e-07,0.0429102,0.0341591,0.0477143,0.0868062,0.0387207,0.0834527,0.038648,0.0821719,
605,1e-07,0.0201601,0.0608946,0.0376397,0.0809924,0.0572067,0.0505344,0.0457888,0.0763521,
606,2e-07,0.0741815,0.0328842,0.0612468,0.0621886,0.0607135,0.0550605,0.0375637,0.0587247,
607,2e-07,0.0725918,0.0336306,0.0637644,0.1070406,0.028281,0.1082607,0.0766267,0.0494643,
608,2e-07,0.0617581,0.0810666,0.0729303,0.1317293,0.116764,0.0869636,0.0709839,0.0710379,
609,2e-07,0.0998493,0.0897886,0.1543033,0.0713557,0.1398625,0.0571052,0.0530047,0.0657157,
610,2e-07,0.0957915,0.114263,0.1840957,0.0915674,0.1661861,0.1472261,0.103227,0.1570514,
611,1e-07,0.0942409,0.0550974,0.1133777,0.1295255,0.0374506,0.130109,0.1646369,0.200654,
612,1e-07,0.0597192,0.0495489,0.1547371,0.1316433,0.088085,0.1569867,0.1839527,0.1780298,
