#Time_ps,0,10,20,30,50,100,300,500,1000,
1,1e-07,0.0543338,0.0820988,0.1407309,0.0866603,0.1476355,0.0462159,0.1283983,0.0852425,
2,1e-07,0.0738653,0.0464973,0.0623638,0.0490861,0.1202513,0.1003027,0.1308731,0.0939819,
3,1e-07,0.0425762,0.0405432,0.0672851,0.0721431,0.122562,0.0679989,0.1396792,0.097957,
4,1e-07,0.0419268,0.0259276,0.0368557,0.0699343,0.052693,0.0445282,0.0685358,0.0956631,
5,0.0,0.0134369,0.0488725,0.0595761,0.0472404,0.0404551,0.1136667,0.0423486,0.0853099,
6,0.0,0.0355754,0.0571369,0.0879406,0.0666741,0.1220886,0.0927684,0.0556013,0.0876034,
7,0.0,0.0525393,0.0660559,0.0628953,0.0615834,0.1209641,0.0591875,0.0297951,0.0786397,
8,1e-07,0.0557994,0.0167256,0.024837,0.0415407,0.106653,0.051937,0.0245983,0.0851083,
9,1e-07,0.0647657,0.0400409,0.0306392,0.0526765,0.0877575,0.0673655,0.0431188,0.0937702,
10,1e-07,0.044147,0.0295084,0.0390405,0.0299172,0.0545155,0.0558385,0.0612382,0.1146958,
11,1e-07,0.0281729,0.0107455,0.0770819,0.0227171,0.072965,0.0489545,0.0357602,0.0944615,
12,1e-07,0.0709353,0.0392742,0.0810141,0.0370901,0.084316,0.1171215,0.063437,0.1021792,
13,1e-07,0.0681214,0.0269993,0.058012,0.055697,0.082229,0.1165861,0.0601535,0.0833054,
14,1e-07,0.0886519,0.0302183,0.0698479,0.0690642,0.0950064,0.0387284,0.0323302,0.0871528,
15,1e-07,0.0954701,0.1045466,0.0529008,0.0907035,0.1067775,0.0389173,0.0171286,0.0451611,
16,1e-07,0.0685837,0.0658905,0.053784,0.0756731,0.1194799,0.0567914,0.0395514,0.0644486,
17,2e-07,0.0800061,0.0656172,0.0555413,0.0613818,0.1002626,0.0660768,0.0490417,0.0759072,
18,2e-07,0.0651188,0.0617262,0.0458379,0.0621372,0.0908396,0.0650723,0.0501495,0.0935788,
19,2e-07,0.0809282,0.0793722,0.0435976,0.0772301,0.1384562,0.1013298,0.1039031,0.0708627,
20,2e-07,0.0574689,0.0577636,0.0608712,0.0676273,0.111549,0.0681845,0.0934405,0.0647483,
21,3e-07,0.0524623,0.0598041,0.1028606,0.0666119,0.173365,0.115781,0.1235787,0.041113,
22,3e-07,0.0314338,0.068563,0.089742,0.1127248,0.1910453,0.173549,0.1552637,0.0394445,
23,3e-07,0.0467143,0.0571896,0.2641902,0.1440345,0.3198797,0.241561,0.1431494,0.0847105,
24,3e-07,0.0543298,0.0671248,0.1327962,0.1602173,0.136484,0.2043646,0.1571694,0.1180709,
25,3e-07,0.0427167,0.0550621,0.110818,0.1739801,0.1663308,0.1250104,0.1487702,0.0466663,
26,2e-07,0.0549085,0.0756975,0.0616906,0.146515,0.1681203,0.122635,0.1396155,0.0914409,
27,2e-07,0.0269002,0.0657593,0.0589021,0.0768446,0.1145627,0.0835885,0.1174755,0.0970666,
28,2e-07,0.0606786,0.0548663,0.023715,0.0250513,0.0680238,0.0809989,0.0623782,0.0810227,
29,2e-07,0.0992087,0.0416256,0.0321019,0.0525288,0.0525025,0.0622396,0.0605062,0.0716897,
30,2e-07,0.0301589,0.0383445,0.0492333,0.067318,0.0536027,0.045271,0.0205342,0.0640788,
31,2e-07,0.0269497,0.0481375,0.0659488,0.0492226,0.0756136,0.0603688,0.0317118,0.0621089,
32,3e-07,0.0359915,0.0333963,0.0571304,0.0612146,0.0879724,0.0787108,0.0586698,0.1139219,
33,3e-07,0.0274928,0.0292018,0.0563077,0.0161173,0.0798477,0.1039197,0.0601444,0.1031737,
34,3e-07,0.0205364,0.0320069,0.1078026,0.0271649,0.0996937,0.0710338,0.0807594,0.1297069,
35,3e-07,0.0410774,0.065934,0.0728143,0.036088,0.0860889,0.0754518,0.0850646,0.1081536,
36,2e-07,0.0370131,0.0744135,0.0698363,0.0225232,0.0642544,0.0682279,0.0438603,0.0618906,
37,2e-07,0.017491,0.0705767,0.0525043,0.0585438,0.0624961,0.0964406,0.0349426,0.06345,
38,3e-07,0.033763,0.0434915,0.0517154,0.0727961,0.0423635,0.0900188,0.0685733,0.0841394,
39,2e-07,0.0545387,0.0121511,0.061646,0.0897644,0.0644753,0.0838284,0.0678408,0.0846212,
40,3e-07,0.0456448,0.0307118,0.0618599,0.096587,0.1048884,0.0844565,0.0573472,0.0808148,
41,2e-07,0.0356966,0.0339895,0.0128231,0.1236007,0.0908422,0.0840653,0.0565686,0.0948592,
42,3e-07,0.0402177,0.063726,0.0470552,0.107309,0.1029132,0.096699,0.1212551,0.0576819,
43,3e-07,0.0101957,0.0706913,0.0769071,0.1317653,0.1319077,0.1424955,0.1500958,0.0214189,
44,3e-07,0.0293043,0.0436925,0.0991211,0.1879324,0.1781287,0.1339284,0.173254,0.0339369,
45,2e-07,0.0352711,0.1133376,0.1117841,0.231487,0.1789082,0.1783176,0.1611282,0.0803951,
46,2e-07,0.1179448,0.2253145,0.1930705,0.2591092,0.1804453,0.1409696,0.1096816,0.0929433,
47,2e-07,0.1526242,0.2766176,0.2064086,0.263082,0.1953758,0.1861375,0.1028012,0.045725,
48,2e-07,0.1378552,0.1664436,0.1508696,0.2232196,0.1666495,0.1722637,0.1111921,0.0379451,
49,2e-07,0.100438,0.0855475,0.1770168,0.1861976,0.2182054,0.1389538,0.0806536,0.1214267,
50,2e-07,0.0783135,0.1051085,0.1569582,0.1529404,0.2043726,0.241692,0.0698125,0.0986558,
51,2e-07,0.0948857,0.105759,0.1380285,0.1386348,0.1377031,0.2838293,0.1072392,0.1723598,
52,2e-07,0.0803164,0.1400291,0.1013333,0.1432003,0.0937014,0.2316858,0.1280155,0.1982144,
53,2e-07,0.0575482,0.0733719,0.1162463,0.1645443,0.123444,0.2069925,0.1294109,0.1760878,
54,3e-07,0.07273,0.0557046,0.1122496,0.1576579,0.1116222,0.1262976,0.1288994,0.0996108,
55,3e-07,0.1043047,0.061777,0.1448832,0.148956,0.1115137,0.1017432,0.1370623,0.1498216,
56,3e-07,0.0905046,0.025963,0.1046581,0.151096,0.1620779,0.0996455,0.1299623,0.1449982,
57,3e-07,0.0771531,0.0206083,0.1439813,0.1708477,0.1405044,0.104883,0.1264488,0.1577193,
58,3e-07,0.0688238,0.0549816,0.0851746,0.1580432,0.0945083,0.1164042,0.1193995,0.1253395,
59,3e-07,0.0998072,0.0407687,0.0702035,0.1629116,0.1155137,0.1299631,0.0875462,0.1192917,
60,3e-07,0.0802709,0.0376084,0.1187229,0.1618295,0.1804405,0.1236996,0.0946392,0.1153656,
61,3e-07,0.0651474,0.0550669,0.0831112,0.1464998,0.1433609,0.1446589,0.1444799,0.0362319,
62,3e-07,0.1013916,0.1106607,0.0610549,0.1213732,0.1299212,0.0670002,0.2283524,0.0755062,
63,3e-07,0.1113142,0.0718875,0.0654245,0.1168918,0.11913,0.0951027,0.1801887,0.0299628,
64,3e-07,0.0968996,0.083541,0.0650973,0.0612051,0.1409801,0.1055289,0.069434,0.0810807,
65,3e-07,0.0918755,0.0308897,0.0438482,0.1238777,0.1322989,0.1229875,0.0901393,0.0782973,
66,3e-07,0.0797384,0.0365174,0.0622312,0.0202278,0.1352099,0.1327111,0.0882915,0.0436313,
67,3e-07,0.0563418,0.0564263,0.0639387,0.0271871,0.1553634,0.064909,0.0699346,0.0533737,
68,3e-07,0.0416375,0.0671923,0.0681018,0.0688941,0.1518768,0.0908955,0.0505118,0.08281,
69,3e-07,0.042095,0.0765955,0.0863031,0.0768833,0.1453106,0.1219103,0.0396988,0.061873,
70,3e-07,0.0555228,0.0766678,0.0929089,0.0798193,0.142314,0.1064725,0.0410033,0.0666024,
71,2e-07,0.1103999,0.124446,0.0753287,0.0871354,0.1859806,0.1608986,0.0424368,0.0109774,
72,2e-07,0.1033034,0.133259,0.1668144,0.1063942,0.1810641,0.2015117,0.2281168,0.0980628,
73,3e-07,0.0766828,0.0806211,0.0983179,0.1915516,0.2084322,0.2408483,0.2222367,0.0838397,
74,3e-07,0.0493829,0.1096008,0.1163969,0.1460898,0.2237633,0.1670763,0.1019169,0.0782493,
75,3e-07,0.0582577,0.0605518,0.0978865,0.0797131,0.2050302,0.0929171,0.0726596,0.0735837,
76,3e-07,0.0749146,0.0371236,0.1013763,0.1405479,0.1768848,0.109171,0.1234764,0.1645191,
77,3e-07,0.0867337,0.0359961,0.1113355,0.1084006,0.0730595,0.1275276,0.1265876,0.153167,
78,3e-07,0.091773,0.0468713,0.104526,0.1163454,0.035633,0.1423955,0.15675,0.2008113,
79,3e-07,0.0558576,0.0714477,0.0988938,0.1008836,0.0475994,0.1232229,0.1565332,0.1531089,
80,3e-07,0.0929617,0.0690446,0.0615565,0.1515747,0.0417792,0.1110849,0.1270071,0.0942411,
81,3e-07,0.106419,0.0397842,0.1021196,0.1528817,0.0593367,0.1242625,0.1241202,0.0616101,
82,3e-07,0.0879009,0.0128644,0.0495713,0.1019524,0.0248205,0.0480579,0.1107662,0.0548979,
83,3e-07,0.0938867,0.0529706,0.0253495,0.102042,0.0654832,0.0356419,0.1448403,0.0906297,
84,2e-07,0.1138812,0.0983011,0.0484954,0.061565,0.0717186,0.0532857,0.0505464,0.0991782,
85,2e-07,0.083407,0.094013,0.0427678,0.0948536,0.0649832,0.0334502,0.0499451,0.0665375,
86,3e-07,0.0736056,0.0576655,0.0404374,0.1174092,0.0329305,0.0628034,0.0646313,0.0475325,
87,3e-07,0.1110203,0.0392082,0.0345213,0.1066409,0.0136465,0.0965271,0.0639244,0.0468251,
88,3e-07,0.0934159,0.0496402,0.0248591,0.1015796,0.0057594,0.1186196,0.064546,0.0450025,
89,3e-07,0.0769734,0.0566985,0.0446222,0.0665868,0.0196929,0.0828168,0.0756904,0.0881721,
90,3e-07,0.0308987,0.0454834,0.0755484,0.0620297,0.0227271,0.1036588,0.0911844,0.1202975,
91,3e-07,0.0591269,0.0349202,0.061325,0.0970949,0.1074613,0.08081,0.0725973,0.1367744,
92,3e-07,0.0974943,0.0314055,0.0971923,0.1639591,0.1433118,0.0525417,0.086087,0.1488654,
93,3e-07,0.0775732,0.0360453,0.0974135,0.1092951,0.2317095,0.1323746,0.1297777,0.1374906,
94,3e-07,0.0347144,0.0202913,0.0817629,0.033191,0.2308503,0.0609001,0.1215155,0.1381532,
95,3e-07,0.0602093,0.0310889,0.0708591,0.0441728,0.1258466,0.0570146,0.0671144,0.0863142,
96,2e-07,0.0485278,0.0586509,0.1110606,0.09828,0.055462,0.070966,0.0669536,0.1364882,
97,2e-07,0.0392025,0.0824759,0.0575721,0.0836557,0.1074558,0.0703525,0.0225331,0.1942531,
98,2e-07,0.071943,0.0723701,0.0364202,0.0575777,0.1395355,0.0829176,0.0421506,0.1095863,
99,1e-07,0.0699446,0.0610311,0.0138386,0.0639592,0.1099848,0.0528633,0.0446633,0.1035464,
100,1e-07,0.0232769,0.0821208,0.0223592,0.0856607,0.1107289,0.044024,0.0465612,0.0791058,
101,2e-07,0.0091384,0.0544118,0.0384182,0.0847848,0.085048,0.0420281,0.0622656,0.0596969,
102,2e-07,0.049603,0.0504072,0.0676361,0.0678192,0.0687545,0.0372865,0.0202083,0.0730017,
103,2e-07,0.0964655,0.0498467,0.0774174,0.0706329,0.0675109,0.0687686,0.0271309,0.0499515,
104,1e-07,0.0240777,0.0323913,0.0834519,0.0467223,0.0845836,0.0918119,0.0389773,0.0598734,
105,1e-07,0.0711733,0.0352235,0.0709033,0.0691588,0.0672021,0.0736912,0.0905565,0.043527,
106,1e-07,0.0683291,0.0612841,0.0798438,0.1186805,0.0653425,0.0161888,0.0894129,0.0979185,
107,1e-07,0.0568404,0.0743269,0.0882014,0.1146482,0.0896649,0.0819311,0.0603957,0.0603054,
108,1e-07,0.0245919,0.0778582,0.1353431,0.0341906,0.079781,0.0969743,0.0740049,0.0249768,
109,1e-07,0.0771724,0.121656,0.1310081,0.1006363,0.1084879,0.0734723,0.0719645,0.0859396,
110,1e-07,0.0706,0.0447787,0.0621858,0.0563121,0.0749542,0.0137705,0.0600289,0.0866606,
111,1e-07,0.0605046,0.0516061,0.0390203,0.0567323,0.0719699,0.0733094,0.0652495,0.0888368,
112,1e-07,0.0465254,0.0642419,0.0512608,0.0349064,0.0793623,0.0870584,0.0361108,0.0995252,
113,1e-07,0.0392195,0.0471502,0.0560812,0.0482006,0.0691676,0.0369227,0.0158417,0.0865502,
114,1e-07,0.0461647,0.0656232,0.0498841,0.017917,0.0458579,0.0630028,0.040198,0.0620234,
115,1e-07,0.0499459,0.0293004,0.0350953,0.032623,0.0431776,0.0561231,0.0383879,0.0696122,
116,1e-07,0.0736317,0.0674427,0.0550573,0.0183013,0.0442957,0.0407338,0.0398669,0.0266354,
117,1e-07,0.0712928,0.0445499,0.0521791,0.0472337,0.0634866,0.0724837,0.0405071,0.0447873,
118,1e-07,0.0578515,0.0637616,0.0372159,0.0142265,0.0900645,0.0903687,0.068786,0.0605826,
119,2e-07,0.1103352,0.0779683,0.0507566,0.0764811,0.083451,0.08632,0.1116942,0.1383041,
120,2e-07,0.127734,0.080711,0.041733,0.0594382,0.0473812,0.0980764,0.068462,0.0679912,
121,1e-07,0.0793549,0.0438498,0.0471012,0.0561322,0.0755773,0.0885466,0.1416719,0.1371211,
122,1e-07,0.0569743,0.0833773,0.1061787,0.0302512,0.0823348,0.0713501,0.0660842,0.1696518,
123,1e-07,0.067595,0.0639006,0.032581,0.0668525,0.0998294,0.0285218,0.0463774,0.1543964,
124,0.0,0.0530418,0.0524982,0.0361654,0.0206947,0.0623817,0.0358982,0.039827,0.0316305,
125,0.0,0.0193767,0.0345057,0.0210068,0.0724759,0.0399257,0.0488984,0.0137631,0.0448568,
126,0.0,0.0626249,0.0536389,0.0327692,0.081889,0.0235079,0.0512665,0.0498935,0.0832422,
127,0.0,0.0703447,0.0667522,0.0107041,0.1085118,0.0580072,0.0426972,0.0558015,0.0944499,
128,1e-07,0.0864699,0.0577604,0.0172583,0.0799564,0.0618642,0.0505168,0.0371804,0.1077696,
129,1e-07,0.0805654,0.0666602,0.0290276,0.0888071,0.0489604,0.0532062,0.0292092,0.0494193,
130,1e-07,0.0501303,0.0210005,0.1009789,0.0778443,0.0471119,0.0350407,0.0491759,0.0717838,
131,1e-07,0.0445705,0.0791794,0.0402743,0.0395294,0.0566399,0.1145687,0.0530232,0.0584431,
132,1e-07,0.075751,0.0652921,0.0556037,0.0344918,0.0799545,0.118505,0.0976565,0.0552636,
133,1e-07,0.0559845,0.0808208,0.0512363,0.0381973,0.0648898,0.0943913,0.1153084,0.0645336,
134,1e-07,0.0357922,0.0375056,0.0383144,0.0448556,0.0908173,0.071587,0.0692953,0.0416983,
135,1e-07,0.0301465,0.0378887,0.0405321,0.0192216,0.1150361,0.0825085,0.0966874,0.0584653,
136,1e-07,0.0649029,0.0298215,0.045074,0.065913,0.0789961,0.0613848,0.106424,0.0402405,
137,1e-07,0.061209,0.034792,0.0366612,0.0881439,0.0837407,0.0847277,0.0782847,0.0630327,
138,1e-07,0.0469948,0.0439639,0.0266023,0.0520803,0.0804991,0.1127072,0.102386,0.0726775,
139,1e-07,0.0645929,0.0238387,0.0624619,0.0409745,0.0657477,0.0795832,0.0931544,0.0197279,
140,1e-07,0.0583058,0.0308678,0.0636054,0.0760323,0.0580407,0.0742245,0.0574293,0.0203062,
141,1e-07,0.064845,0.0542854,0.0672122,0.107093,0.0724822,0.0751122,0.0722624,0.0644028,
142,1e-07,0.0323534,0.0562809,0.0856275,0.1744061,0.1212533,0.0909912,0.1047782,0.0360029,
143,1e-07,0.0449722,0.1005583,0.0779062,0.0715095,0.1027819,0.0611419,0.0397968,0.0721981,
144,1e-07,0.0733698,0.0428037,0.0445042,0.0532417,0.0719352,0.0477197,0.0352211,0.0678241,
145,1e-07,0.092454,0.017135,0.0187583,0.0528199,0.0604151,0.0514484,0.0466926,0.0609275,
146,1e-07,0.0272724,0.0299434,0.0211745,0.0432256,0.0673662,0.0496536,0.0730454,0.0530118,
147,1e-07,0.0515603,0.0318345,0.0185104,0.0126927,0.0497728,0.0617399,0.0783479,0.0366106,
148,1e-07,0.0529423,0.0708487,0.0245696,0.0429134,0.0911691,0.0543052,0.0504518,0.0514509,
149,1e-07,0.0717901,0.0595578,0.0253642,0.0700108,0.1072659,0.0724249,0.0636727,0.070774,
150,1e-07,0.0312381,0.0976071,0.0212243,0.0290167,0.0714777,0.0335592,0.0434174,0.126795,
151,1e-07,0.0253952,0.0452807,0.0429543,0.0448928,0.034831,0.0258107,0.0434775,0.1125294,
152,1e-07,0.050556,0.0183371,0.0387103,0.0750493,0.0814944,0.0248266,0.0213804,0.0935088,
153,1e-07,0.0401961,0.0408768,0.0480623,0.0925795,0.0912824,0.0805689,0.054284,0.1370228,
154,1e-07,0.0643337,0.0917087,0.0960582,0.0589489,0.147495,0.1082526,0.0376885,0.152917,
155,1e-07,0.0374274,0.081778,0.1080047,0.0636149,0.1605183,0.0989947,0.0411873,0.1056268,
156,1e-07,0.0480195,0.0495483,0.0372738,0.0825127,0.0996316,0.0355584,0.0377122,0.087635,
157,1e-07,0.0543112,0.0219508,0.0237088,0.0501393,0.0691122,0.0344745,0.0160968,0.0864515,
158,1e-07,0.0519824,0.0650827,0.0667219,0.0314005,0.068417,0.0578646,0.0665702,0.0966055,
159,1e-07,0.0539856,0.0359584,0.0650728,0.0371929,0.0724773,0.0708026,0.0563428,0.084267,
160,1e-07,0.0377351,0.0735793,0.0841829,0.0504277,0.1385685,0.0652289,0.0932497,0.0904229,
161,1e-07,0.0586216,0.0335352,0.0739198,0.0720004,0.0546757,0.0573802,0.1061544,0.0552109,
162,1e-07,0.0564459,0.0224988,0.0651371,0.0359086,0.035137,0.0625917,0.0772981,0.0324857,
163,1e-07,0.0701609,0.038893,0.0471475,0.0546586,0.0258788,0.0707635,0.0398666,0.0468324,
164,1e-07,0.0929815,0.0366504,0.0644641,0.058967,0.0867437,0.0434957,0.0522247,0.0420666,
165,0.0,0.1093246,0.0764125,0.0609575,0.0812358,0.1006393,0.0589038,0.0360881,0.0505801,
166,1e-07,0.1103215,0.047357,0.0621483,0.0976259,0.1210334,0.038959,0.0273054,0.0805095,
167,1e-07,0.1120977,0.1013205,0.1066498,0.1023059,0.1566668,0.0671043,0.059479,0.0646398,
168,1e-07,0.1777855,0.1496195,0.1171416,0.1181756,0.1869411,0.0938606,0.0808778,0.0693853,
169,2e-07,0.1430592,0.1887774,0.129159,0.0793603,0.1894935,0.1015911,0.0659214,0.0863342,
170,1e-07,0.148442,0.1531723,0.0897506,0.0548191,0.1274513,0.0973956,0.0371536,0.055093,
171,1e-07,0.076367,0.0778935,0.0698343,0.0836266,0.0869783,0.048836,0.0526407,0.045099,
172,1e-07,0.0714713,0.0452757,0.0372695,0.0670935,0.0481963,0.0746016,0.0372453,0.0456754,
173,1e-07,0.0665632,0.0350722,0.0226941,0.0568568,0.070392,0.0697779,0.0615739,0.0131234,
174,2e-07,0.0592096,0.0317567,0.0616782,0.0443517,0.0329966,0.0384942,0.0624219,0.0264147,
175,2e-07,0.077194,0.0464391,0.0592836,0.0736858,0.0471129,0.0445543,0.0824778,0.0283765,
176,1e-07,0.086098,0.0430286,0.0545678,0.0499133,0.0413695,0.1020203,0.0701902,0.0458072,
177,1e-07,0.1459974,0.0376377,0.058139,0.0484629,0.0314109,0.100794,0.0538822,0.0821299,
178,3e-07,0.1472546,0.1046855,0.099052,0.0303186,0.0489535,0.1080381,0.0958922,0.0881472,
179,2e-07,0.1631455,0.1018605,0.0859821,0.0400394,0.0509004,0.104488,0.0630766,0.0576266,
180,2e-07,0.106748,0.0467821,0.0680605,0.1613745,0.0659074,0.0851917,0.0372355,0.0525105,
181,2e-07,0.0917015,0.0633991,0.0709481,0.0771255,0.0613044,0.0293818,0.0507154,0.0567689,
182,2e-07,0.0744157,0.0628422,0.0495112,0.0444685,0.0709417,0.0463462,0.0719003,0.0321691,
183,2e-07,0.0722643,0.0859541,0.0514844,0.0672631,0.0950394,0.0561399,0.0730674,0.0608762,
184,2e-07,0.088558,0.1130942,0.0912704,0.1553283,0.1370582,0.144157,0.0804897,0.1133936,
185,2e-07,0.0821837,0.0863012,0.1104387,0.1270425,0.0880248,0.0778559,0.1132452,0.1142002,
186,2e-07,0.0975111,0.0789019,0.0789864,0.1345838,0.084412,0.0952314,0.1462349,0.1124853,
187,2e-07,0.0486653,0.085108,0.0764835,0.1019436,0.0949719,0.0934431,0.110765,0.1075472,
188,2e-07,0.0945258,0.1228267,0.2077051,0.2293314,0.1466717,0.0777411,0.1377859,0.0510212,
189,2e-07,0.1695213,0.1718739,0.2384539,0.2721228,0.2307022,0.0833172,0.1120749,0.0545318,
190,2e-07,0.1579272,0.1567977,0.2396059,0.287994,0.2017414,0.0926612,0.111569,0.1015856,
191,2e-07,0.2310762,0.1811812,0.2503822,0.3388437,0.1957975,0.1851182,0.1725037,0.2208814,
192,2e-07,0.086784,0.0759776,0.1421832,0.2267708,0.2130865,0.1479667,0.1406335,0.2259575,
193,3e-07,0.0768893,0.1379562,0.0721115,0.1618638,0.2886854,0.2461478,0.0952737,0.1666931,
194,3e-07,0.0550981,0.1108555,0.0478254,0.0250848,0.2164467,0.215817,0.0858416,0.0946792,
195,3e-07,0.0780781,0.0743036,0.1051811,0.0749202,0.206447,0.165461,0.1079565,0.0995731,
196,3e-07,0.1208314,0.1666366,0.1768069,0.140394,0.204416,0.0651129,0.3145809,0.2049251,
197,2e-07,0.0426143,0.0656233,0.062326,0.0554049,0.1325731,0.0826878,0.2344248,0.0972074,
198,2e-07,0.0495953,0.0438125,0.0330131,0.063766,0.0872,0.1109435,0.1379057,0.0165397,
199,2e-07,0.0416423,0.0322275,0.0655065,0.0843325,0.0531853,0.121219,0.0607391,0.0383765,
200,2e-07,0.0267955,0.0163041,0.075887,0.0878428,0.0700149,0.1053831,0.0753726,0.0228549,
201,1e-07,0.0466253,0.0413184,0.0553982,0.079826,0.0640349,0.0651181,0.0774631,0.0193202,
202,1e-07,0.0340443,0.0380193,0.0692906,0.1061275,0.1037782,0.0706396,0.0527191,0.0356788,
203,1e-07,0.0415066,0.0303645,0.0515558,0.0721926,0.0800958,0.0864673,0.0463105,0.0461513,
204,1e-07,0.0253573,0.0141479,0.0436427,0.0383581,0.0674827,0.0464333,0.0235312,0.019791,
205,1e-07,0.0479653,0.0125242,0.0437545,0.0742949,0.0440689,0.0584113,0.0323036,0.0411263,
206,1e-07,0.0538065,0.0427387,0.0395986,0.0622836,0.0427164,0.0814465,0.0197337,0.0411739,
207,1e-07,0.0397646,0.0450777,0.035626,0.0322889,0.04929,0.0698904,0.0263551,0.0302862,
208,1e-07,0.0388669,0.0253711,0.0326434,0.040578,0.0302311,0.077528,0.0371734,0.0454728,
209,1e-07,0.0358287,0.017457,0.0100484,0.0601754,0.0377365,0.0894337,0.0533862,0.0724516,
210,1e-07,0.0658382,0.0317988,0.0202409,0.0379995,0.0229683,0.0645856,0.0481541,0.0564911,
211,1e-07,0.0447058,0.0511869,0.0291001,0.0937239,0.0063611,0.0386428,0.0714146,0.0751965,
212,1e-07,0.0388745,0.0533007,0.0178688,0.1492578,0.0197663,0.0558649,0.0910208,0.0911618,
213,1e-07,0.0309905,0.0387793,0.0298917,0.1415334,0.026456,0.0617234,0.1479841,0.0930076,
214,1e-07,0.0228138,0.0477484,0.0658734,0.1752922,0.0144147,0.0661534,0.1660708,0.1011837,
215,2e-07,0.0600042,0.0890952,0.048905,0.1706015,0.0726145,0.0444299,0.1142434,0.1762012,
216,1e-07,0.0386161,0.0684699,0.0848498,0.1171298,0.062117,0.0576679,0.0659811,0.0689541,
217,1e-07,0.0495159,0.1009546,0.0784081,0.1865649,0.0388302,0.0812025,0.0724534,0.0947869,
218,2e-07,0.0816422,0.0924353,0.0572965,0.2167872,0.119403,0.1300965,0.0739562,0.1293032,
219,2e-07,0.1009201,0.0466435,0.0465093,0.1935873,0.1055422,0.0784006,0.0520051,0.1351532,
220,2e-07,0.0624007,0.0218479,0.0777941,0.1658577,0.1091302,0.0342674,0.1124485,0.1097235,
221,2e-07,0.0491037,0.0215499,0.0796467,0.1558674,0.1799578,0.0708854,0.1821509,0.1207435,
222,2e-07,0.0664406,0.0709401,0.1471752,0.1547864,0.2545521,0.0745634,0.1729687,0.1427092,
223,2e-07,0.0932375,0.1766652,0.2068887,0.1733269,0.2682545,0.1555897,0.2106003,0.1860858,
224,2e-07,0.0823788,0.0867902,0.1657816,0.2188125,0.2232359,0.1554329,0.1682516,0.1861184,
225,2e-07,0.0628163,0.0541712,0.1089717,0.2227704,0.2108361,0.1422178,0.1509345,0.0441556,
226,2e-07,0.0758857,0.1030193,0.0766579,0.2282551,0.2222582,0.091662,0.1372477,0.1426217,
227,3e-07,0.0930091,0.0929934,0.0938259,0.2203062,0.2175665,0.0541188,0.0815813,0.1478485,
228,3e-07,0.0807499,0.0823384,0.0980502,0.220093,0.2812165,0.1024096,0.0761008,0.0819854,
229,3e-07,0.0965213,0.1205069,0.0992626,0.1839336,0.2471312,0.0818301,0.1457338,0.0815456,
230,3e-07,0.0602713,0.0691577,0.089714,0.1330053,0.1678243,0.0435362,0.0914893,0.0755803,
231,3e-07,0.049414,0.0615807,0.0890838,0.1967101,0.1923103,0.0769171,0.1202947,0.091673,
232,3e-07,0.0722372,0.0849745,0.1030433,0.1410978,0.2273254,0.0968098,0.1569631,0.1367402,
233,3e-07,0.0500425,0.0284462,0.0815069,0.1484428,0.1385915,0.0912056,0.1602664,0.1386641,
234,3e-07,0.0725331,0.1045572,0.0394682,0.139191,0.0948985,0.1059009,0.1507515,0.0569873,
235,3e-07,0.0740078,0.0702956,0.0543573,0.1458556,0.0945155,0.1403534,0.2273644,0.1538914,
236,3e-07,0.093477,0.0626333,0.0643622,0.2171027,0.1167995,0.0592434,0.2148396,0.2044232,
237,3e-07,0.0951526,0.0763038,0.045578,0.0959925,0.089151,0.1054934,0.1220122,0.1001261,
238,3e-07,0.0422036,0.0592673,0.0361095,0.1186969,0.0730395,0.1296232,0.056185,0.0489693,
239,2e-07,0.0660851,0.0466314,0.0699184,0.1135074,0.0468487,0.1056688,0.0724362,0.0926772,
240,2e-07,0.0837863,0.0755062,0.0655406,0.1734398,0.0494176,0.1128204,0.127705,0.110236,
241,2e-07,0.0575754,0.0375092,0.0524029,0.188251,0.1531121,0.0745628,0.1137716,0.0951001,
242,2e-07,0.0434805,0.0530582,0.0454617,0.2140278,0.113885,0.0895648,0.0930111,0.0971277,
243,2e-07,0.0810158,0.0403458,0.1379038,0.2126689,0.2162958,0.0814338,0.0575866,0.0676467,
244,2e-07,0.0521,0.0210169,0.1416804,0.1452941,0.1819211,0.0628321,0.0500337,0.1020926,
245,1e-07,0.0209662,0.0138424,0.1012077,0.0982799,0.197288,0.0484105,0.0294078,0.1105194,
246,2e-07,0.0296788,0.0569919,0.1175948,0.1542124,0.2009511,0.046495,0.0214817,0.1039549,
247,1e-07,0.0389033,0.0315098,0.1488913,0.1608293,0.2220389,0.0946215,0.0379385,0.0875791,
248,1e-07,0.0411833,0.0193539,0.0962617,0.0888257,0.2621673,0.0848313,0.0687095,0.0995666,
249,1e-07,0.0478672,0.0638998,0.0641155,0.1206535,0.19711,0.0494765,0.0628267,0.0858051,
250,1e-07,0.0235536,0.0610959,0.0381841,0.1084179,0.0791774,0.0471158,0.0265982,0.0912961,
251,1e-07,0.0416081,0.0688988,0.0889868,0.0795884,0.1657478,0.0948266,0.0225787,0.1037741,
252,1e-07,0.0579589,0.0473772,0.0936002,0.0298329,0.1463993,0.0348756,0.0148539,0.0819432,
253,1e-07,0.0570585,0.0368972,0.0785033,0.0810669,0.0767608,0.0413725,0.0288102,0.0858627,
254,1e-07,0.0596869,0.0617911,0.0454474,0.0831271,0.1061311,0.1301141,0.0304515,0.0941882,
255,1e-07,0.0643579,0.0449649,0.0616451,0.0367986,0.1293316,0.1480702,0.0566966,0.0557616,
256,1e-07,0.0596209,0.039851,0.0735501,0.0742767,0.0756311,0.1183142,0.1230413,0.0197157,
257,1e-07,0.0421077,0.0666781,0.0339903,0.1041581,0.0591263,0.0586651,0.1639075,0.0474729,
258,1e-07,0.0508739,0.0915609,0.0564637,0.1231388,0.0652715,0.1105998,0.1497811,0.0586695,
259,1e-07,0.039605,0.1003875,0.0743554,0.121801,0.0725135,0.0972429,0.1294276,0.0601324,
260,1e-07,0.0573843,0.0866387,0.0321096,0.141911,0.1302169,0.106868,0.1184969,0.0811533,
261,1e-07,0.031056,0.0707396,0.0382603,0.1367835,0.1293204,0.1155024,0.1016392,0.1130051,
262,1e-07,0.0836098,0.0545428,0.060941,0.1663109,0.1530465,0.114229,0.1595628,0.1216544,
263,2e-07,0.0712425,0.0288216,0.1122019,0.1624925,0.138323,0.0589443,0.1200097,0.1200972,
264,1e-07,0.0256287,0.0119337,0.0734494,0.1230356,0.0851217,0.0528828,0.0835725,0.0813168,
265,1e-07,0.0470098,0.0295822,0.0536973,0.1396971,0.1339975,0.0639424,0.09565,0.0858897,
266,2e-07,0.0498171,0.0441826,0.0889001,0.1702376,0.1564874,0.0800092,0.1533343,0.1264425,
267,2e-07,0.0447555,0.0471481,0.0838047,0.1686834,0.1344983,0.0530451,0.1197099,0.0651956,
268,2e-07,0.0979064,0.0164188,0.0497065,0.1351224,0.0936868,0.030996,0.0891779,0.0706171,
269,2e-07,0.0968795,0.0435254,0.1195535,0.1728846,0.1608417,0.0802475,0.0938663,0.0875539,
270,2e-07,0.0861502,0.0851513,0.1275334,0.1450202,0.154355,0.0835168,0.1395589,0.1483889,
271,2e-07,0.1061747,0.1004902,0.1119053,0.1398633,0.1546283,0.0744081,0.1557095,0.1239132,
272,2e-07,0.1345174,0.0504541,0.0837324,0.1130531,0.1623442,0.1489943,0.1557969,0.1253483,
273,2e-07,0.1064723,0.0576896,0.1302167,0.1113291,0.2107754,0.1811823,0.2570314,0.2229619,
274,2e-07,0.1175531,0.0425706,0.1232147,0.0982397,0.1857405,0.0701475,0.3245052,0.2620189,
275,2e-07,0.1270158,0.0758511,0.0410516,0.1745421,0.1896341,0.2043462,0.1673337,0.2447018,
276,2e-07,0.117867,0.0876106,0.0444636,0.224122,0.1863424,0.4072315,0.1853846,0.1829325,
277,2e-07,0.137314,0.2488066,0.0517995,0.2760864,0.2865471,0.4485398,0.5670564,0.239865,
278,2e-07,0.1497646,0.3220563,0.06338,0.2960708,0.2878481,0.3407004,0.2108765,0.1374595,
279,2e-07,0.1192456,0.2283579,0.0765729,0.2272357,0.0997589,0.163992,0.0853824,0.143683,
280,2e-07,0.0260729,0.0891456,0.0524014,0.1562987,0.0645987,0.1012475,0.106576,0.0641746,
281,1e-07,0.0384965,0.0548769,0.0313875,0.0836317,0.091588,0.0989676,0.0980753,0.0744037,
282,1e-07,0.0311414,0.0393879,0.0173743,0.0823909,0.1022658,0.1249211,0.1217901,0.0915226,
283,1e-07,0.0604711,0.0310232,0.0612689,0.1783748,0.216054,0.2177708,0.1921315,0.0963655,
284,1e-07,0.028401,0.0559958,0.0220439,0.1732916,0.1185685,0.1902904,0.0686851,0.0976936,
285,2e-07,0.0366199,0.0516883,0.0480283,0.1870754,0.0521765,0.1942558,0.0526446,0.1182053,
286,1e-07,0.0434679,0.0491698,0.0765713,0.0781346,0.0341107,0.1312208,0.0478236,0.0633593,
287,1e-07,0.019038,0.0639338,0.0843828,0.0876442,0.0565201,0.1001463,0.0488691,0.0906119,
288,1e-07,0.0241601,0.0261005,0.0626563,0.1067019,0.0882675,0.0655813,0.0634948,0.0831584,
289,1e-07,0.0206931,0.03658,0.0400412,0.0801626,0.0745929,0.0825963,0.0435744,0.0592243,
290,1e-07,0.0617777,0.0411722,0.0250026,0.0854601,0.0652284,0.1085368,0.039633,0.0951783,
291,1e-07,0.0450844,0.0385191,0.0247801,0.0818673,0.0963504,0.101031,0.0422788,0.0725199,
292,1e-07,0.0609264,0.0506364,0.0346472,0.0809011,0.0944851,0.0856493,0.0228219,0.0949961,
293,1e-07,0.0244377,0.0343246,0.0266186,0.0698418,0.0815476,0.0730173,0.0587877,0.1016318,
294,0.0,0.035014,0.0581445,0.0249923,0.0400121,0.0685655,0.0485219,0.0355418,0.1306853,
295,0.0,0.0591237,0.0604947,0.0235776,0.044985,0.0628544,0.0534084,0.0190229,0.1408608,
296,0.0,0.0720517,0.0574808,0.0222084,0.071821,0.0264812,0.0654757,0.027874,0.1108341,
297,0.0,0.0710261,0.0651228,0.0509443,0.0521267,0.0171354,0.0804817,0.0297646,0.1132604,
298,0.0,0.0577986,0.0714462,0.0301018,0.0605641,0.0543365,0.0786066,0.0332831,0.1144036,
299,0.0,0.0606113,0.054028,0.026779,0.067448,0.0615094,0.0769456,0.0528989,0.1048957,
300,1e-07,0.0721876,0.0348907,0.0631281,0.0891538,0.0621774,0.0631158,0.089299,0.0940868,
301,1e-07,0.0723001,0.0464122,0.0913861,0.0940093,0.0622179,0.0698781,0.0878798,0.1308427,
302,1e-07,0.0702499,0.0502947,0.0392807,0.0493418,0.0677029,0.022771,0.0956566,0.088184,
303,1e-07,0.0695481,0.0407822,0.0458923,0.0958481,0.0896299,0.0737338,0.1014965,0.0679236,
304,1e-07,0.0761639,0.014712,0.0392784,0.0875752,0.0744559,0.0681234,0.0746588,0.0413416,
305,1e-07,0.1193913,0.1045502,0.0847013,0.0760469,0.1580184,0.0333094,0.0954212,0.0282116,
306,1e-07,0.0812506,0.135489,0.1282399,0.0772817,0.1243598,0.1107148,0.1027421,0.0713995,
307,1e-07,0.1286785,0.0786859,0.0434722,0.0599666,0.0524061,0.0146321,0.0827631,0.0659427,
308,1e-07,0.1214483,0.0607225,0.0536289,0.0909326,0.0251026,0.0797229,0.0872844,0.0782789,
309,1e-07,0.0669119,0.0498995,0.0310801,0.0839803,0.0211545,0.1076739,0.0365072,0.0525879,
310,1e-07,0.0331764,0.0580569,0.0338281,0.0624138,0.0425203,0.0769561,0.0122648,0.0860212,
311,1e-07,0.0216303,0.0700301,0.0477979,0.0491183,0.0751414,0.0812259,0.0202857,0.0629526,
312,0.0,0.0330686,0.0632983,0.0156987,0.0449621,0.0902871,0.0725084,0.0251183,0.0568149,
313,0.0,0.0197649,0.0463211,0.0214535,0.0212936,0.0641704,0.0816505,0.0311376,0.0482221,
314,1e-07,0.006266,0.0657763,0.037864,0.0263048,0.0766562,0.0554357,0.0348664,0.0611706,
315,1e-07,0.0311533,0.0784983,0.0420258,0.0240893,0.0484004,0.0643572,0.0486846,0.0738134,
316,1e-07,0.0229407,0.0625535,0.0216612,0.0257861,0.05905,0.0283584,0.0348073,0.0903377,
317,1e-07,0.0495293,0.1135268,0.0436702,0.0417573,0.0446776,0.0471401,0.0269354,0.101137,
318,1e-07,0.0730478,0.096695,0.0437226,0.0861452,0.0431804,0.0871015,0.0351819,0.1261757,
319,1e-07,0.067123,0.0703177,0.0686712,0.0679886,0.0472215,0.0403366,0.0715712,0.1247678,
320,1e-07,0.0331057,0.0728305,0.0857806,0.0180146,0.0401866,0.0623105,0.0699817,0.0786582,
321,1e-07,0.0111152,0.0503921,0.1080104,0.090406,0.0433742,0.0656507,0.0471699,0.081145,
322,1e-07,0.0497095,0.0357468,0.1098415,0.0567453,0.0205699,0.059134,0.0765772,0.0453892,
323,1e-07,0.0475354,0.0392183,0.0422846,0.0601943,0.0280402,0.0718395,0.0545256,0.0466918,
324,2e-07,0.0279294,0.0396729,0.0347356,0.0731551,0.064581,0.1182081,0.055005,0.0633723,
325,2e-07,0.0537205,0.0237965,0.0166412,0.086253,0.0329805,0.1040263,0.0951143,0.0853823,
326,2e-07,0.056634,0.0526148,0.0227001,0.0609372,0.0429399,0.0674421,0.1274611,0.086963,
327,3e-07,0.0879065,0.1079221,0.0913133,0.0608962,0.0759328,0.0796117,0.170474,0.1306655,
328,3e-07,0.0487626,0.1353852,0.1095589,0.0434564,0.1131764,0.0758784,0.2302951,0.1291772,
329,3e-07,0.0797773,0.2180499,0.1461876,0.0721201,0.1762762,0.2063424,0.3431965,0.1221255,
330,3e-07,0.0930564,0.2289535,0.1381792,0.253485,0.254501,0.0840345,0.3458089,0.2037506,
331,3e-07,0.0678688,0.1224581,0.0780039,0.1415643,0.1445719,0.0554206,0.230361,0.1151213,
332,1e-07,0.0960907,0.0876207,0.0855527,0.0617141,0.1068213,0.0840533,0.1685903,0.0945154,
333,2e-07,0.0322412,0.047289,0.0292186,0.0727635,0.1015983,0.0641767,0.1389678,0.1026836,
334,2e-07,0.0348448,0.0339584,0.0430057,0.0566622,0.0704624,0.0687208,0.0604482,0.0628195,
335,2e-07,0.0995362,0.0457855,0.0386123,0.0339818,0.0519419,0.0687105,0.0713497,0.0558764,
336,2e-07,0.0550262,0.0524965,0.0780082,0.0558167,0.0501243,0.0608735,0.0534068,0.0705297,
337,2e-07,0.0670875,0.0532846,0.0608764,0.0374335,0.0451777,0.0826994,0.0817002,0.076303,
338,2e-07,0.0942363,0.0760044,0.0790235,0.0388073,0.0608387,0.1074182,0.0663062,0.0437256,
339,3e-07,0.1031499,0.0982069,0.1188048,0.1846135,0.0566075,0.1754649,0.100207,0.030154,
340,3e-07,0.1027618,0.0998052,0.0985828,0.0208401,0.1710788,0.1035251,0.1102024,0.074095,
341,3e-07,0.0772355,0.0633203,0.0458521,0.0291657,0.0700738,0.0600459,0.08312,0.0932883,
342,2e-07,0.0689825,0.051269,0.034674,0.0351035,0.0663428,0.0721248,0.0917236,0.0996806,
343,2e-07,0.0463041,0.0457824,0.027663,0.0351913,0.0975895,0.0980955,0.0767424,0.0752343,
344,1e-07,0.0233694,0.0881122,0.0805613,0.0385139,0.1016588,0.0746281,0.0502858,0.0930191,
345,2e-07,0.0526122,0.0749491,0.0930126,0.0411437,0.085609,0.0620789,0.0421819,0.1064119,
346,2e-07,0.0546624,0.0382663,0.1145772,0.0438813,0.0956014,0.0820673,0.0938491,0.112143,
347,2e-07,0.0468185,0.0603159,0.0825725,0.058495,0.1049804,0.0747453,0.1207141,0.1240818,
348,3e-07,0.014282,0.0661941,0.0866199,0.074789,0.1257223,0.0499638,0.1245989,0.0896753,
349,3e-07,0.0804884,0.0511936,0.0586638,0.0327261,0.1319427,0.0500882,0.1487859,0.1589555,
350,2e-07,0.1188035,0.0809788,0.0927038,0.0615285,0.183163,0.0656791,0.2053812,0.1877158,
351,2e-07,0.1241923,0.0758155,0.102805,0.1088936,0.1673062,0.139957,0.2179991,0.1512788,
352,2e-07,0.0456453,0.1241595,0.1421935,0.1770925,0.1401496,0.2869774,0.3076038,0.1201859,
353,2e-07,0.0524502,0.1231954,0.1617841,0.1963665,0.1509045,0.288718,0.2672476,0.0873039,
354,2e-07,0.0764637,0.0926548,0.1409139,0.1534384,0.1473471,0.1314304,0.1405105,0.1164849,
355,2e-07,0.0774342,0.1252885,0.1355887,0.1663251,0.1513906,0.1013932,0.1863048,0.0663628,
356,2e-07,0.0710065,0.0985261,0.1481589,0.1868216,0.2010444,0.1343458,0.2856583,0.0416831,
357,2e-07,0.0655101,0.1034179,0.1855898,0.1716537,0.1937306,0.0731576,0.2607833,0.147427,
358,2e-07,0.1116213,0.1267909,0.1012761,0.1328782,0.1663325,0.1112939,0.1320476,0.0525831,
359,2e-07,0.0841842,0.1047199,0.0599448,0.0984384,0.1915672,0.1110531,0.1479499,0.1926311,
360,3e-07,0.0781605,0.0844456,0.1242118,0.1081102,0.1456909,0.0845201,0.1471045,0.3398491,
361,3e-07,0.0662838,0.0865786,0.1604694,0.1701838,0.2549468,0.1017669,0.1000498,0.2790863,
362,3e-07,0.0748367,0.0527478,0.1574254,0.1662105,0.2819683,0.1197725,0.1042173,0.2310858,
363,3e-07,0.0878338,0.0654149,0.0759616,0.1038535,0.124165,0.1152982,0.1242479,0.2938218,
364,3e-07,0.0879842,0.0604132,0.0501964,0.1685594,0.1362604,0.049598,0.0983585,0.3207949,
365,3e-07,0.0759189,0.0892952,0.2022528,0.1794552,0.1397022,0.0672124,0.0919104,0.2098963,
366,3e-07,0.1454008,0.1207661,0.23435,0.1448501,0.1311611,0.0700224,0.133871,0.3171547,
367,3e-07,0.093501,0.0918472,0.1692464,0.1303359,0.1211585,0.0829071,0.0841708,0.2159734,
368,3e-07,0.0991698,0.1434323,0.10387,0.0892245,0.0844913,0.0354579,0.0919253,0.1454774,
369,3e-07,0.0988033,0.133321,0.0837172,0.0365011,0.1205231,0.0305753,0.080435,0.0903445,
370,3e-07,0.0869714,0.1614726,0.0879037,0.078935,0.1330022,0.0931421,0.1116554,0.1437492,
371,3e-07,0.0644485,0.1319535,0.0897564,0.0683006,0.1140737,0.1017858,0.0893835,0.1125869,
372,3e-07,0.0630477,0.1271009,0.0607467,0.0798339,0.1283622,0.083749,0.0669738,0.0756144,
373,2e-07,0.0434102,0.1241884,0.0651325,0.107754,0.0987114,0.1028306,0.1183237,0.0731004,
374,3e-07,0.0336808,0.0801507,0.0215735,0.0716669,0.0275633,0.1173044,0.0880663,0.1111064,
375,3e-07,0.0558575,0.0591269,0.0518884,0.0603913,0.0639215,0.1240597,0.0703631,0.1041354,
376,2e-07,0.1198606,0.0826642,0.0609184,0.1275862,0.0569594,0.1504266,0.0575437,0.1171956,
377,1e-07,0.3005361,0.3055727,0.0451402,0.270229,0.094546,0.2551623,0.0731337,0.1350717,
378,2e-07,0.220036,0.128627,0.1719428,0.2096968,0.1098869,0.0989694,0.1321008,0.1094944,
379,2e-07,0.1177025,0.022218,0.1569272,0.1021733,0.0633021,0.09086,0.1320718,0.0966701,
380,3e-07,0.0428707,0.092925,0.0755304,0.074862,0.0669424,0.147298,0.149647,0.0891269,
381,3e-07,0.0825981,0.1207197,0.0719804,0.0782365,0.0668373,0.1468321,0.135836,0.0819673,
382,3e-07,0.0961811,0.1097365,0.0724063,0.0272818,0.1190758,0.1632834,0.2393261,0.0877331,
383,3e-07,0.0936959,0.0855169,0.0669725,0.0592205,0.10823,0.130193,0.1385944,0.1005646,
384,3e-07,0.115389,0.0508066,0.0769642,0.0830065,0.0798445,0.1294963,0.0980109,0.1020834,
385,3e-07,0.1213294,0.0866983,0.1350201,0.0764235,0.0279905,0.0840234,0.1233167,0.0918706,
386,3e-07,0.0953502,0.1083042,0.1506485,0.0226496,0.0607635,0.0668058,0.1600339,0.0748699,
387,3e-07,0.1096412,0.1114094,0.1180831,0.0262029,0.1527576,0.0745559,0.1011184,0.0624064,
388,3e-07,0.0956672,0.0518963,0.0609495,0.0560681,0.1717693,0.0904524,0.083851,0.090121,
389,3e-07,0.107183,0.1439675,0.0818068,0.0956392,0.1328812,0.1259436,0.0826013,0.0895701,
390,2e-07,0.1340081,0.1199873,0.0666364,0.0470493,0.1071705,0.0870669,0.081031,0.0492889,
391,2e-07,0.0737919,0.032388,0.0650345,0.0449234,0.0976057,0.0431878,0.0769733,0.055884,
392,3e-07,0.0370069,0.0633637,0.0708624,0.0148605,0.1090837,0.0893031,0.0751362,0.0369604,
393,3e-07,0.0381543,0.0645197,0.0896446,0.0284065,0.1558015,0.0778408,0.0888151,0.0877915,
394,3e-07,0.0616556,0.0738773,0.0696054,0.0355111,0.1242018,0.0390157,0.0661246,0.1082541,
395,3e-07,0.0561175,0.0557052,0.0726655,0.0263165,0.0879987,0.0638404,0.0721485,0.0996851,
396,3e-07,0.0957665,0.0629138,0.0085477,0.0188912,0.0957508,0.151577,0.0869827,0.0701015,
397,2e-07,0.0691987,0.0548517,0.0755261,0.0357858,0.1106322,0.1458599,0.1146249,0.0765841,
398,3e-07,0.0741643,0.0927592,0.0628445,0.0338521,0.1098822,0.1826354,0.1241582,0.095642,
399,3e-07,0.0611328,0.052073,0.03414,0.1019982,0.0878788,0.1659648,0.1360146,0.0819211,
400,3e-07,0.0524389,0.0664475,0.034225,0.0914711,0.0322105,0.116074,0.101305,0.0839193,
401,2e-07,0.0393739,0.059285,0.0767829,0.0865564,0.0493452,0.1042559,0.0454167,0.0546034,
402,2e-07,0.1620105,0.1138945,0.0567898,0.1358774,0.0954882,0.0994494,0.0902067,0.0897888,
403,2e-07,0.066242,0.1041112,0.1226183,0.1232182,0.200968,0.1289068,0.0816164,0.1038686,
404,2e-07,0.0634812,0.1125741,0.1096951,0.1217996,0.1237279,0.0887125,0.0920263,0.0703068,
405,1e-07,0.038994,0.1150925,0.0955011,0.0861355,0.1017971,0.0913732,0.0464719,0.0870517,
406,1e-07,0.1086111,0.0900125,0.0479849,0.1211642,0.0572368,0.0945328,0.0190266,0.0980267,
407,1e-07,0.1073871,0.0665025,0.0575725,0.1080917,0.042918,0.1039114,0.0294836,0.0611732,
408,2e-07,0.0789583,0.0681666,0.0544019,0.1118774,0.0742135,0.0941094,0.0827818,0.0714797,
409,2e-07,0.0788697,0.0760778,0.0422631,0.0937544,0.0562737,0.0699441,0.1063872,0.0971516,
410,1e-07,0.0615977,0.0512681,0.0572361,0.0469942,0.072581,0.0628857,0.0731689,0.0819388,
411,1e-07,0.0707328,0.0473059,0.0653125,0.0494122,0.0523772,0.045626,0.0969058,0.0888226,
412,1e-07,0.0746353,0.0958269,0.0829348,0.0485913,0.057139,0.0486877,0.1270689,0.1316172,
413,1e-07,0.0787563,0.0760781,0.0777825,0.0688749,0.0347678,0.034171,0.0581896,0.1695138,
414,1e-07,0.0525728,0.0409919,0.0585513,0.0279121,0.0439985,0.0417179,0.0593413,0.0776378,
415,1e-07,0.0504307,0.0509189,0.0619218,0.0092027,0.0501313,0.0446993,0.0559186,0.0523199,
416,1e-07,0.074782,0.0503049,0.0383378,0.0467318,0.0486265,0.0364548,0.0535664,0.0541706,
417,1e-07,0.0792084,0.057698,0.0528497,0.0257325,0.0429915,0.0395444,0.0506537,0.0621699,
418,1e-07,0.0446247,0.0569691,0.0405099,0.0470963,0.0454811,0.0610853,0.0528434,0.0417377,
419,1e-07,0.0614152,0.0517134,0.0321762,0.032532,0.0350973,0.0434896,0.0454796,0.0396305,
420,1e-07,0.0554071,0.0599487,0.0483956,0.0581877,0.0973655,0.0317049,0.0297016,0.0241322,
421,1e-07,0.0573972,0.0475776,0.0580629,0.0656784,0.0717748,0.0386483,0.0688337,0.0265,
422,1e-07,0.0479647,0.0170283,0.0283756,0.0494697,0.0916212,0.0144057,0.0731819,0.0343131,
423,1e-07,0.0279476,0.0457507,0.0289161,0.0778699,0.0793887,0.0316252,0.068887,0.0335122,
424,1e-07,0.0505719,0.0300384,0.0439479,0.0658924,0.0668758,0.0917512,0.1079128,0.0423897,
425,2e-07,0.0884093,0.0392204,0.054522,0.1250013,0.0775657,0.1557938,0.0770809,0.0922508,
426,2e-07,0.0288001,0.0814692,0.0589882,0.0945864,0.0770951,0.1430851,0.0652746,0.0733031,
427,1e-07,0.0210774,0.0659912,0.0457313,0.0555203,0.1366764,0.0558669,0.0258051,0.057925,
428,1e-07,0.0095955,0.0384692,0.0310083,0.0821356,0.0904068,0.027275,0.0412606,0.0674511,
429,1e-07,0.0166143,0.0226469,0.0259031,0.0764743,0.07742,0.0198963,0.0680534,0.0855366,
430,0.0,0.0133567,0.014737,0.0480218,0.0705095,0.0501928,0.0287194,0.0361312,0.1105727,
431,0.0,0.0517182,0.0422512,0.0406993,0.0269797,0.0792174,0.0458097,0.0280129,0.0711221,
432,0.0,0.0521438,0.0603132,0.0304642,0.0316766,0.0788897,0.0501951,0.0464964,0.0741747,
433,1e-07,0.0592067,0.0558039,0.0614136,0.0456772,0.0768329,0.0633833,0.0413695,0.0414095,
434,1e-07,0.0686372,0.0455609,0.0708575,0.07754,0.0847675,0.0270205,0.0544239,0.0363907,
435,1e-07,0.0636084,0.0129488,0.0535492,0.1431141,0.1027297,0.065703,0.063284,0.0787292,
436,1e-07,0.0761741,0.0585945,0.0479205,0.0995896,0.0685397,0.0325246,0.0800396,0.0845378,
437,1e-07,0.079883,0.0590036,0.0354345,0.0187512,0.0958513,0.0597613,0.098679,0.1210526,
438,1e-07,0.0716136,0.0488189,0.0678438,0.0396223,0.0974984,0.0941931,0.1143069,0.1365392,
439,2e-07,0.0918069,0.0546586,0.0800523,0.0385932,0.0915068,0.1542153,0.127413,0.0879938,
440,2e-07,0.0829519,0.0160808,0.0625466,0.0452169,0.0658748,0.0602009,0.1092727,0.0591032,
441,1e-07,0.0702226,0.0778981,0.0834308,0.0474884,0.0752718,0.0249167,0.097568,0.0707295,
442,1e-07,0.0745224,0.0608328,0.0574637,0.0736991,0.0723255,0.0202659,0.0758061,0.0803282,
443,1e-07,0.0538641,0.0614121,0.0335489,0.0600018,0.0407883,0.0616837,0.0757807,0.068429,
444,1e-07,0.0614764,0.0424644,0.038145,0.0677334,0.0487829,0.0505823,0.0565671,0.0670238,
445,1e-07,0.0726528,0.0399445,0.0182046,0.0545946,0.0804723,0.0443112,0.0654398,0.0653634,
446,1e-07,0.0790582,0.0557889,0.0275266,0.0430979,0.1067986,0.0552894,0.0720269,0.0218439,
447,1e-07,0.0998525,0.0758204,0.0163741,0.0467394,0.0969025,0.0606108,0.0938705,0.0538176,
448,1e-07,0.0879095,0.0859984,0.0637904,0.0689589,0.1202911,0.1315001,0.0501596,0.0692709,
449,1e-07,0.0631047,0.0585189,0.065555,0.0521935,0.0755546,0.1243614,0.1184422,0.1154778,
450,1e-07,0.078113,0.0594969,0.0362338,0.0441434,0.0632254,0.0870241,0.0757581,0.0458797,
451,1e-07,0.0433864,0.0311928,0.0201212,0.0150464,0.0571858,0.0724173,0.0383522,0.0695134,
452,1e-07,0.0293702,0.0412805,0.0429138,0.0322431,0.0581244,0.0699715,0.0203454,0.0679767,
453,1e-07,0.0652839,0.011393,0.0321546,0.0391678,0.077091,0.070268,0.0249281,0.0738725,
454,1e-07,0.0190054,0.0252188,0.0688821,0.0506929,0.1026826,0.0690058,0.0625736,0.03518,
455,1e-07,0.0450129,0.0272197,0.0542446,0.0269824,0.0936171,0.0447283,0.0639193,0.0491213,
456,1e-07,0.0760855,0.0435462,0.0431335,0.0475313,0.0350044,0.062701,0.0493281,0.065204,
457,1e-07,0.0365265,0.0483878,0.0523785,0.1152281,0.055888,0.0700218,0.0510701,0.0818807,
458,1e-07,0.0505219,0.0632577,0.0400376,0.1071476,0.0708337,0.0690816,0.0389693,0.0510366,
459,1e-07,0.0418233,0.0563427,0.074863,0.108593,0.0857343,0.0178226,0.0708967,0.0592857,
460,1e-07,0.0733194,0.0459548,0.0756635,0.1008334,0.0871659,0.0468127,0.0302403,0.073568,
461,1e-07,0.1959549,0.0759141,0.0583021,0.1431015,0.1067443,0.0451316,0.0193367,0.0697623,
462,1e-07,0.1087179,0.1452733,0.0434945,0.1364737,0.0911084,0.0383768,0.0670241,0.0538409,
463,1e-07,0.1092588,0.1420147,0.0503782,0.0716037,0.0583723,0.0607336,0.0688277,0.0470229,
464,1e-07,0.0885229,0.0400415,0.0426553,0.0843117,0.0826738,0.0683395,0.068156,0.052594,
465,1e-07,0.0793164,0.0303918,0.0608269,0.0559408,0.0590862,0.0594349,0.0849148,0.0656566,
466,1e-07,0.0644181,0.0261725,0.0504916,0.0482292,0.0771156,0.0486555,0.070163,0.0381286,
467,1e-07,0.0706386,0.0395595,0.0550953,0.0489377,0.1006809,0.055987,0.0307178,0.0275489,
468,1e-07,0.0638572,0.033592,0.0841066,0.0339122,0.1054941,0.043796,0.0269311,0.0454323,
469,1e-07,0.0749016,0.0321829,0.0693144,0.0475033,0.0774956,0.0143557,0.1095716,0.0545879,
470,2e-07,0.0296058,0.0466625,0.0800754,0.0513314,0.0525571,0.0555786,0.0890846,0.0364462,
471,2e-07,0.0179996,0.0569276,0.0736181,0.1332627,0.0553018,0.0558017,0.0831645,0.0790618,
472,1e-07,0.0710943,0.0381155,0.0430495,0.1075666,0.0863464,0.0554193,0.0914418,0.0763902,
473,2e-07,0.1046947,0.0328321,0.0268914,0.0732463,0.0717734,0.041107,0.1161683,0.0658476,
474,3e-07,0.1082332,0.0312931,0.0898125,0.0491277,0.1414747,0.0672721,0.1871261,0.1093764,
475,2e-07,0.1027939,0.0655444,0.0885029,0.068084,0.1359426,0.0885139,0.1423433,0.1006739,
476,1e-07,0.0738241,0.0798495,0.0354218,0.0864922,0.1229767,0.0911681,0.1143385,0.0437101,
477,1e-07,0.1010609,0.048657,0.0515122,0.0577162,0.0792206,0.0807719,0.1209218,0.0550698,
478,1e-07,0.0583004,0.0475602,0.0825141,0.0569643,0.0679688,0.0254371,0.0847431,0.0288229,
479,1e-07,0.0303011,0.0406162,0.0439887,0.0740733,0.0644402,0.0247239,0.0554783,0.0386859,
480,2e-07,0.0357108,0.043815,0.0564512,0.0519138,0.0298761,0.0534384,0.1010504,0.0700793,
481,2e-07,0.0700181,0.0205497,0.0795699,0.0447482,0.0935872,0.0581675,0.0257857,0.0498901,
482,2e-07,0.0634876,0.032618,0.0395162,0.039506,0.0622091,0.0488942,0.0521237,0.0822435,
483,2e-07,0.0528641,0.0857278,0.0390377,0.0281243,0.0651007,0.0591689,0.0841262,0.0876525,
484,3e-07,0.1006638,0.1560589,0.0431206,0.043925,0.0385016,0.0884575,0.0806216,0.0980392,
485,2e-07,0.1175925,0.1539418,0.0719198,0.0532092,0.0549632,0.0951095,0.0496696,0.0570795,
486,2e-07,0.0719524,0.0672127,0.0751612,0.0661874,0.0914761,0.0537112,0.0367563,0.0732104,
487,2e-07,0.0510056,0.0348493,0.0662334,0.0360161,0.0664639,0.0639317,0.0264865,0.0524235,
488,2e-07,0.0504595,0.009254,0.0527514,0.047694,0.0543963,0.0736268,0.0470614,0.0085491,
489,2e-07,0.0486912,0.010882,0.0514864,0.0117827,0.0853664,0.0819275,0.0735866,0.0379472,
490,2e-07,0.0059376,0.0282123,0.1371145,0.0335359,0.0823907,0.1237763,0.0822233,0.1082895,
491,2e-07,0.0426045,0.0406102,0.1198929,0.0607001,0.0561893,0.0974118,0.085397,0.0887908,
492,2e-07,0.0476057,0.0766237,0.128713,0.0617602,0.0837665,0.0744706,0.1054963,0.0974373,
493,2e-07,0.048589,0.0531597,0.1219831,0.0954267,0.0934429,0.0456548,0.1155578,0.0741515,
494,2e-07,0.0889322,0.0228724,0.1665669,0.074515,0.1409974,0.0694127,0.1016801,0.1273585,
495,2e-07,0.0783438,0.0770913,0.071992,0.1051393,0.1532237,0.1378448,0.2156622,0.1517668,
496,2e-07,0.085033,0.0433481,0.0784557,0.0660448,0.1794491,0.1269586,0.2082534,0.1510742,
497,2e-07,0.0850378,0.0527577,0.0926986,0.094878,0.1923245,0.1380968,0.1888707,0.1744561,
498,2e-07,0.0629757,0.0587692,0.0377388,0.0767342,0.0439372,0.0895426,0.108165,0.1179004,
499,2e-07,0.1410069,0.0936977,0.0500974,0.1231187,0.0559088,0.0623331,0.1586009,0.1259532,
500,3e-07,0.1581676,0.0750125,0.0902101,0.1699761,0.0706645,0.1250476,0.3101093,0.1616052,
501,3e-07,0.0757196,0.0617541,0.1084883,0.10708,0.0628093,0.1770404,0.217972,0.4328645,
502,3e-07,0.0497405,0.0557787,0.0818698,0.0961013,0.1003506,0.2220349,0.0992441,0.4344709,
503,2e-07,0.0573879,0.0542959,0.0650723,0.0995458,0.13141,0.2262139,0.1326465,0.2649496,
504,2e-07,0.0283849,0.0646315,0.0353314,0.0939821,0.2094552,0.1598088,0.0331946,0.1565307,
505,2e-07,0.0599873,0.0983942,0.0347797,0.0756378,0.1392523,0.1401112,0.0372225,0.1373563,
506,2e-07,0.0338543,0.0792854,0.0403759,0.0728612,0.131624,0.1232898,0.0451589,0.1388411,
507,1e-07,0.0329709,0.0448326,0.0504305,0.0588266,0.0926731,0.0760115,0.0662685,0.1160803,
508,1e-07,0.0330031,0.0354935,0.0543991,0.0925819,0.0774554,0.0836738,0.0705509,0.0821075,
509,1e-07,0.0271515,0.032791,0.0308657,0.0948909,0.052258,0.095367,0.0559651,0.0614085,
510,1e-07,0.0480905,0.0298068,0.0340785,0.0893768,0.0427569,0.0928074,0.0476526,0.0693593,
511,1e-07,0.0323914,0.0231009,0.061155,0.0859973,0.0476792,0.0685451,0.0650287,0.0644425,
512,1e-07,0.0151369,0.0279198,0.0617816,0.0612896,0.0177045,0.0952756,0.0373037,0.0722187,
513,1e-07,0.0257274,0.0296854,0.0390787,0.1021859,0.0360412,0.0921935,0.0409816,0.0681832,
514,1e-07,0.0307495,0.0377237,0.0717909,0.0872052,0.0446211,0.0744703,0.0608889,0.0528955,
515,1e-07,0.0261621,0.041001,0.0730023,0.0559843,0.0566745,0.0962095,0.0612115,0.0685108,
516,1e-07,0.0319965,0.0509714,0.0582841,0.0824413,0.0820857,0.0910228,0.0771671,0.0974221,
517,1e-07,0.0346538,0.0621851,0.0318234,0.1386997,0.0883077,0.0885925,0.0580426,0.1037306,
518,1e-07,0.0461349,0.069156,0.03855,0.1354958,0.0887907,0.092369,0.0525267,0.1094448,
519,1e-07,0.0611797,0.0955267,0.0263662,0.1170569,0.0807655,0.1203815,0.0670101,0.1298747,
520,1e-07,0.0537779,0.0922815,0.0471167,0.1350427,0.0814778,0.0643656,0.0887464,0.1278242,
521,2e-07,0.1503044,0.0942044,0.0741595,0.1521842,0.0761779,0.0513016,0.1059888,0.2104133,
522,2e-07,0.1358869,0.0456345,0.1238456,0.1304136,0.0787077,0.1137552,0.1148743,0.1725745,
523,1e-07,0.1338747,0.0567898,0.0817564,0.1362798,0.0626986,0.1160491,0.0356172,0.1310314,
524,2e-07,0.1299582,0.0769017,0.1259668,0.1736798,0.0580258,0.1248271,0.0276169,0.0806793,
525,2e-07,0.1132422,0.0729111,0.1307622,0.1549516,0.0779429,0.1261988,0.0327872,0.0785053,
526,2e-07,0.1374963,0.0335415,0.1271657,0.1267562,0.0807395,0.1110507,0.0678494,0.0986823,
527,2e-07,0.1296683,0.0262196,0.1752931,0.1606826,0.0923569,0.0931619,0.100953,0.0426561,
528,2e-07,0.1205021,0.1112735,0.1848137,0.1692995,0.1387144,0.1477241,0.120963,0.0713341,
529,2e-07,0.0765752,0.0695921,0.1869923,0.1564898,0.1267108,0.1525259,0.1087537,0.0884585,
530,2e-07,0.0697,0.0832533,0.1920638,0.1468821,0.146413,0.1719128,0.100256,0.111836,
531,2e-07,0.0551662,0.0651596,0.1773505,0.134017,0.1977797,0.1881019,0.104943,0.112437,
532,2e-07,0.0623246,0.0438225,0.1755449,0.114442,0.2335725,0.222344,0.116121,0.1698425,
533,2e-07,0.0840824,0.0394007,0.2043045,0.1138622,0.2480426,0.207569,0.1093719,0.1982928,
534,3e-07,0.174413,0.0426453,0.1482316,0.1770219,0.2989822,0.2097331,0.1621443,0.2124765,
535,3e-07,0.1696957,0.0770686,0.1610497,0.1661815,0.2579302,0.1869112,0.160288,0.1823698,
536,3e-07,0.1046971,0.017871,0.1466374,0.1415115,0.2111619,0.163468,0.1434942,0.1748423,
537,3e-07,0.1384462,0.0373474,0.1243123,0.1433894,0.2447193,0.1755571,0.1591117,0.1701018,
538,3e-07,0.2231613,0.0695876,0.1989824,0.15428,0.2583852,0.2109083,0.2315765,0.1639057,
539,3e-07,0.1854516,0.0707277,0.158194,0.1509312,0.227142,0.1827445,0.2252948,0.1972927,
540,3e-07,0.074863,0.0754123,0.0415717,0.1170954,0.1743738,0.1717105,0.0546088,0.198318,
541,3e-07,0.044767,0.0620155,0.1138955,0.0904329,0.1870845,0.164784,0.1751367,0.1793962,
542,3e-07,0.0395366,0.0409808,0.1277338,0.1657117,0.161671,0.1088073,0.1098331,0.20107,
543,3e-07,0.0341394,0.034085,0.115126,0.1498612,0.16214,0.121257,0.1263237,0.1857268,
544,3e-07,0.0184734,0.0628299,0.0326261,0.0603496,0.1717501,0.1683401,0.0773019,0.2210061,
545,2e-07,0.0196982,0.0539719,0.0216676,0.068551,0.1524201,0.139716,0.0665543,0.1564696,
546,2e-07,0.0196136,0.0647352,0.0274089,0.079388,0.1483948,0.1819372,0.0547128,0.1194929,
547,2e-07,0.0394217,0.085184,0.0838461,0.0974686,0.1757564,0.176758,0.1462504,0.126053,
548,2e-07,0.0885432,0.070625,0.0791287,0.1175746,0.1784317,0.1554041,0.1588004,0.131869,
549,2e-07,0.1329335,0.0764369,0.1370097,0.0977549,0.2727306,0.1848061,0.188231,0.0743527,
550,2e-07,0.0711482,0.0505093,0.1292991,0.1390402,0.1573541,0.1793778,0.1037072,0.0476404,
551,1e-07,0.0644867,0.0760635,0.1284318,0.0965557,0.2078324,0.1264761,0.1222495,0.0697727,
552,1e-07,0.0451069,0.0991044,0.1274026,0.0850784,0.1290006,0.1455233,0.0931868,0.095633,
553,1e-07,0.0660323,0.0767999,0.1224158,0.1253088,0.1358005,0.0675833,0.1082263,0.0952213,
554,1e-07,0.0476284,0.1198575,0.1237467,0.1453934,0.1666839,0.0733876,0.1096717,0.1037412,
555,1e-07,0.0328255,0.1504934,0.0771448,0.0803894,0.0990545,0.0790343,0.0813558,0.0912381,
556,1e-07,0.0315648,0.1169931,0.0127271,0.0515856,0.1047771,0.0625326,0.0798139,0.0290213,
557,1e-07,0.0266301,0.1759926,0.0881377,0.0956806,0.1261155,0.0469455,0.0764479,0.1353323,
558,1e-07,0.0649178,0.1300659,0.0883349,0.0382354,0.1199841,0.0696284,0.0649821,0.1490892,
559,1e-07,0.0174355,0.0670218,0.0168374,0.0501074,0.1038491,0.0634792,0.045716,0.0988045,
560,1e-07,0.0379178,0.0677455,0.0399355,0.1206235,0.1187445,0.0435294,0.0082754,0.0738303,
561,1e-07,0.0516014,0.0906482,0.0656553,0.1066461,0.1342739,0.0303768,0.058457,0.0737459,
562,1e-07,0.047677,0.079294,0.0730941,0.1037337,0.1047909,0.0845813,0.0421468,0.0595335,
563,1e-07,0.0316931,0.0779884,0.0828395,0.1168546,0.0943185,0.0581261,0.0505379,0.1332044,
564,1e-07,0.0413577,0.0842264,0.0633227,0.1125398,0.0818747,0.0517351,0.1169635,0.130329,
565,1e-07,0.0512094,0.038048,0.1232414,0.124418,0.0895026,0.0525221,0.0989743,0.0827914,
566,1e-07,0.0597644,0.0829083,0.1446343,0.1251241,0.099316,0.0288682,0.0429889,0.0760826,
567,1e-07,0.0444608,0.0321496,0.0934575,0.1156857,0.1261095,0.0682561,0.0410629,0.0580342,
568,1e-07,0.0342318,0.0233801,0.1048974,0.1265198,0.1446027,0.0966332,0.0300894,0.046795,
569,2e-07,0.067209,0.0559123,0.0973365,0.1411594,0.1052286,0.1152062,0.0499226,0.0304309,
570,1e-07,0.0607568,0.0686736,0.0716647,0.1260257,0.0815196,0.096433,0.0437278,0.02204,
571,1e-07,0.0216967,0.0400011,0.072224,0.1205534,0.1137858,0.0927892,0.0464094,0.0264283,
572,2e-07,0.0249409,0.074626,0.1243592,0.0773885,0.1444203,0.1072987,0.0882332,0.0435638,
573,2e-07,0.0429428,0.0575423,0.1078221,0.0676719,0.1072502,0.0938749,0.0736308,0.0803464,
574,2e-07,0.0240486,0.0346262,0.1058128,0.0985044,0.0933212,0.0709503,0.0383935,0.0885325,
575,2e-07,0.0678165,0.05889,0.1471074,0.1039396,0.1403236,0.0758087,0.0517456,0.0980884,
576,2e-07,0.1291874,0.061779,0.1565631,0.1058594,0.1469358,0.122546,0.0233882,0.0980583,
577,2e-07,0.093015,0.0780521,0.1700493,0.0965975,0.1000624,0.1029121,0.0230361,0.0821726,
578,2e-07,0.1215764,0.0842219,0.1863612,0.0878465,0.070992,0.0729495,0.0154626,0.1223412,
579,2e-07,0.19739,0.0511835,0.1529113,0.1212697,0.1429481,0.1227106,0.0272066,0.1429694,
580,2e-07,0.2292582,0.0781992,0.2004934,0.0567445,0.2197186,0.1497628,0.0704695,0.0795734,
581,2e-07,0.1632555,0.0649675,0.1800358,0.0191231,0.2894412,0.2265534,0.0573224,0.0779078,
582,2e-07,0.1643953,0.13785,0.1581513,0.1364127,0.2385658,0.1820808,0.0966433,0.0844886,
583,2e-07,0.2494876,0.2999294,0.2642888,0.2059831,0.3177863,0.2107429,0.08443,0.0815168,
584,2e-07,0.2823747,0.23377,0.1545056,0.1299898,0.1237634,0.2435915,0.0589099,0.121037,
585,2e-07,0.1953471,0.0704226,0.130984,0.1180419,0.0693024,0.1826458,0.0085689,0.0990461,
586,2e-07,0.130822,0.0205887,0.0665941,0.1050205,0.1165113,0.0867289,0.0289987,0.1036531,
587,1e-07,0.1039336,0.0591552,0.036222,0.1102764,0.0785743,0.0561409,0.0703884,0.0842223,
588,1e-07,0.0305395,0.0658937,0.0646108,0.0929985,0.0902206,0.0457698,0.0680791,0.0889055,
589,1e-07,0.0848005,0.0515131,0.0646028,0.1236892,0.1117404,0.0416481,0.0686276,0.1047917,
590,1e-07,0.0754791,0.0275181,0.0257847,0.1388785,0.1168555,0.1177077,0.0173767,0.0671692,
591,2e-07,0.0810998,0.0139255,0.0484823,0.1383895,0.0858195,0.1433465,0.0458497,0.0802044,
592,1e-07,0.0970472,0.0613044,0.0734578,0.1209474,0.0911245,0.1535503,0.0445285,0.0857331,
593,1e-07,0.0819228,0.0264816,0.0712116,0.1205153,0.0378923,0.1364512,0.0445089,0.0735061,
594,1e-07,0.0549405,0.0381132,0.0535978,0.1084895,0.0810789,0.1771854,0.0535125,0.1004724,
595,1e-07,0.0571301,0.0339894,0.0444657,0.0874761,0.081427,0.1406395,0.0225469,0.1074321,
596,1e-07,0.0511236,0.0222879,0.0430177,0.1218152,0.0896244,0.1076441,0.0693192,0.1129057,
597,1e-07,0.0402116,0.0411808,0.0649653,0.1110483,0.0585164,0.0763097,0.0438389,0.0612078,
598,1e-07,0.0466036,0.0604284,0.0346249,0.0984533,0.0633816,0.10444,0.0383912,0.0295977,
599,0.0,0.0321659,0.0509057,0.0366863,0.070404,0.0738643,0.1091515,0.0858697,0.0603037,
600,0.0,0.0239679,0.0384114,0.0485814,0.0799366,0.0703152,0.1405794,0.0808909,0.0640997,
601,0.0,0.0521227,0.0467633,0.046794,0.1048475,0.0781655,0.0982621,0.0454906,0.0578595,
602,0.0,0.0450196,0.011692,0.0517581,0.0317199,0.0495363,0.1030328,0.0267508,0.1043468,
603,0.0,0.0265328,0.0243188,0.0466483,0.0401082,0.0663597,0.1104361,0.041363,0.1163547,
604,0.0,0.0327841,0.0317862,0.0464744,0.0247275,0.1231873,0.1011577,0.0808207,0.0521187,
605,0.0,0.0357365,0.0727651,0.074324,0.0465615,0.1004209,0.1028233,0.0623622,0.0532964,
606,1e-07,0.0430113,0.0918797,0.0724074,0.0804812,0.0504369,0.0973716,0.0403742,0.0218069,
607,1e-07,0.0615955,0.0744763,0.0643699,0.0866845,0.0868015,0.1770023,0.0907588,0.0357519,
608,1e-07,0.0722394,0.0185622,0.0607496,0.0985818,0.1001537,0.1381159,0.0562678,0.1046463,
609,1e-07,0.0607909,0.0796496,0.0306066,0.0958454,0.1539634,0.1309263,0.0769735,0.0837612,
610,1e-07,0.0533906,0.0355025,0.0320778,0.0354338,0.0554948,0.170365,0.0399332,0.0690091,
611,1e-07,0.0491283,0.0719414,0.0399372,0.0835762,0.0940089,0.0711425,0.0471274,0.0840827,
612,1e-07,0.11664,0.0751915,0.0563018,0.1159513,0.2186681,0.0503084,0.0674646,0.1186161,
