#Time_ps,0,10,20,30,50,100,300,500,1000,
1,2e-07,0.049534,0.1213899,0.1197322,0.0837679,0.0582411,0.0577203,0.0906672,0.072849,
2,1e-07,0.0495986,0.1022208,0.102354,0.0479556,0.0729432,0.0586204,0.0476509,0.0562735,
3,1e-07,0.0396285,0.0833427,0.0907499,0.0306752,0.0372517,0.0643267,0.0413747,0.1049428,
4,0.0,0.039683,0.0585165,0.075151,0.0131309,0.0333204,0.0411823,0.0429674,0.0466164,
5,0.0,0.0379653,0.0728259,0.053248,0.006388,0.0348307,0.0423625,0.066351,0.0297235,
6,0.0,0.1069944,0.0690186,0.0622782,0.0216533,0.0309614,0.053211,0.1011437,0.0187461,
7,0.0,0.0797647,0.0801318,0.0180611,0.0143378,0.0503562,0.0486288,0.0992019,0.1224893,
8,1e-07,0.0640418,0.0412011,0.0172142,0.054094,0.0779124,0.0349171,0.0829668,0.1217136,
9,0.0,0.0527304,0.0554202,0.0214745,0.0218649,0.0910641,0.0531106,0.0875847,0.072555,
10,0.0,0.0270893,0.0791594,0.050543,0.0451662,0.0246587,0.0472352,0.0749809,0.0745846,
11,0.0,0.0322678,0.0779435,0.0361789,0.0406076,0.0195756,0.0509879,0.0610887,0.0839962,
12,0.0,0.0270607,0.0613979,0.0379178,0.0303998,0.0425065,0.037059,0.03321,0.1084477,
13,1e-07,0.0233568,0.046635,0.0416784,0.0312911,0.0613116,0.0628942,0.0311026,0.0800232,
14,1e-07,0.0220324,0.0462832,0.0337604,0.0435861,0.0496882,0.0675141,0.0414049,0.0883432,
15,1e-07,0.0462442,0.0675522,0.0956361,0.0589339,0.0740176,0.0631026,0.0398442,0.0881237,
16,1e-07,0.0658094,0.0643485,0.0507809,0.0880753,0.0443884,0.0370044,0.0307934,0.0548041,
17,1e-07,0.0213786,0.051079,0.0420015,0.0132907,0.0409452,0.0348223,0.0365085,0.0432161,
18,1e-07,0.0460514,0.0616632,0.0561702,0.0196303,0.1009429,0.0469264,0.0382808,0.0514494,
19,1e-07,0.0340253,0.0618317,0.0438693,0.0245425,0.1045709,0.0703713,0.0484599,0.0828159,
20,1e-07,0.0877314,0.103971,0.0299257,0.0548903,0.0944261,0.0959041,0.0302933,0.0937432,
21,3e-07,0.1363413,0.1294119,0.0444746,0.0663771,0.0961957,0.0959057,0.0374952,0.1036103,
22,3e-07,0.1845955,0.1924414,0.0874054,0.1371066,0.1007145,0.0712231,0.0261124,0.1007699,
23,3e-07,0.2368605,0.260633,0.1529046,0.253277,0.115056,0.1766783,0.0303392,0.1717153,
24,3e-07,0.203956,0.2216684,0.1879242,0.2803186,0.1445912,0.2846657,0.0355797,0.1778319,
25,3e-07,0.1782908,0.1447765,0.1210035,0.1085014,0.0654162,0.092708,0.0453911,0.120474,
26,3e-07,0.1077151,0.1280138,0.0776218,0.0190353,0.0487474,0.0876476,0.0703754,0.1039338,
27,2e-07,0.0445857,0.0688194,0.0371663,0.0088893,0.0822273,0.0738951,0.0418394,0.1169756,
28,1e-07,0.014646,0.0495449,0.0363247,0.0228481,0.090355,0.0553735,0.0662012,0.0680262,
29,1e-07,0.0724392,0.0986454,0.0307178,0.0289714,0.1160036,0.0245178,0.0769191,0.0410526,
30,1e-07,0.0660819,0.079926,0.0394743,0.0460241,0.0445328,0.0312641,0.0530696,0.0732499,
31,1e-07,0.0765747,0.0858065,0.0470097,0.0459454,0.0353876,0.0567032,0.0701556,0.0502939,
32,1e-07,0.0449283,0.1075478,0.0470538,0.0995915,0.0544482,0.0297571,0.0524341,0.0817905,
33,1e-07,0.0840896,0.1298391,0.0167054,0.1084749,0.1373,0.0411252,0.0781965,0.11,
34,1e-07,0.07633,0.1325834,0.0436614,0.0771976,0.0945862,0.134669,0.0650099,0.0729986,
35,1e-07,0.069314,0.1379503,0.0461773,0.0959355,0.0643754,0.0942258,0.1233766,0.0567278,
36,1e-07,0.0511961,0.0979851,0.0188087,0.0808985,0.0325411,0.0834461,0.0733969,0.0538729,
37,1e-07,0.0550571,0.0950648,0.0344766,0.0572188,0.0367238,0.0435483,0.0628877,0.0436379,
38,2e-07,0.0565033,0.0677701,0.0123434,0.0494223,0.0868843,0.0720178,0.0982092,0.0281428,
39,2e-07,0.0725788,0.0886419,0.0386797,0.0590895,0.0873071,0.0698312,0.0930366,0.0338357,
40,2e-07,0.0700438,0.0798991,0.0540599,0.0731602,0.0781127,0.0230769,0.1313111,0.0726391,
41,3e-07,0.0676316,0.083815,0.0852051,0.0681729,0.124796,0.047919,0.1338053,0.1039251,
42,3e-07,0.1148095,0.0738339,0.0690385,0.0197651,0.1137173,0.0761195,0.1025664,0.0734658,
43,3e-07,0.1611875,0.098588,0.0857197,0.0904154,0.1206957,0.0841895,0.0992921,0.1053438,
44,3e-07,0.1384625,0.1002072,0.0443439,0.1361737,0.1338294,0.0588646,0.0894172,0.1227191,
45,3e-07,0.1509566,0.1153862,0.0920188,0.1678152,0.1000092,0.0678628,0.0956981,0.1043486,
46,3e-07,0.1689031,0.1406863,0.0843845,0.1797102,0.1217159,0.0687152,0.154305,0.1476825,
47,3e-07,0.1895767,0.1592156,0.0552221,0.1673853,0.0946255,0.0219699,0.1528289,0.1186105,
48,3e-07,0.1720426,0.0985636,0.0496281,0.0342949,0.0734172,0.0832263,0.1297936,0.1547138,
49,3e-07,0.0954722,0.070563,0.0518817,0.0496719,0.0685228,0.0989211,0.1511565,0.1686916,
50,3e-07,0.064275,0.0515814,0.0376529,0.0279974,0.1390389,0.1581164,0.1663901,0.2230396,
51,3e-07,0.0906351,0.0869997,0.058943,0.0805514,0.1956466,0.1073911,0.1992481,0.2521009,
52,3e-07,0.0979692,0.0595808,0.115568,0.0750123,0.2458608,0.032105,0.2331664,0.1218565,
53,3e-07,0.1333413,0.0083873,0.1133421,0.1215355,0.2492768,0.0609672,0.2448428,0.1987033,
54,3e-07,0.093313,0.060457,0.1018634,0.103823,0.1906861,0.032626,0.1860092,0.1350227,
55,3e-07,0.1028816,0.1720095,0.0999057,0.122866,0.3267857,0.0620224,0.2121723,0.1350182,
56,3e-07,0.1561885,0.2174763,0.1199104,0.0857575,0.1730483,0.053575,0.2648707,0.1548493,
57,3e-07,0.1652442,0.1743597,0.1405004,0.0696178,0.1334234,0.0513682,0.1773696,0.115144,
58,3e-07,0.1814209,0.2179725,0.1429818,0.0701501,0.1023574,0.0188722,0.2284012,0.0914435,
59,3e-07,0.1683619,0.3504383,0.0939137,0.0627881,0.1176653,0.0213208,0.2556092,0.1945743,
60,3e-07,0.1656959,0.410209,0.1092483,0.1371044,0.0342519,0.0480736,0.2392347,0.3686742,
61,3e-07,0.1519126,0.3403047,0.1683882,0.145104,0.0840464,0.0626481,0.2185717,0.244159,
62,3e-07,0.136762,0.3460563,0.1698586,0.0587137,0.1422761,0.0638482,0.2241702,0.169615,
63,3e-07,0.0771439,0.2176143,0.0543149,0.06374,0.0898185,0.0138572,0.1346983,0.1445356,
64,3e-07,0.0398173,0.2222577,0.1146558,0.0189903,0.11601,0.0349691,0.1988163,0.1984483,
65,3e-07,0.1087129,0.2596046,0.080223,0.107964,0.1245923,0.0488771,0.1411292,0.1360735,
66,3e-07,0.1130098,0.1590431,0.0766904,0.0931248,0.1412959,0.0803569,0.208327,0.1493303,
67,3e-07,0.1034793,0.1150212,0.0565576,0.0484325,0.1587801,0.0863463,0.1851493,0.2057257,
68,1e-07,0.0774501,0.1277513,0.0342457,0.0396482,0.0933131,0.0765718,0.0475448,0.0968185,
69,2e-07,0.0628222,0.098862,0.0248355,0.0571765,0.07919,0.0886596,0.0624789,0.074695,
70,1e-07,0.1300919,0.0882628,0.0436039,0.0642255,0.1687406,0.1140121,0.065694,0.0883004,
71,1e-07,0.1731202,0.1936936,0.0649495,0.1706902,0.1918343,0.0860428,0.0310367,0.3392,
72,1e-07,0.2460899,0.1999891,0.0872954,0.1475097,0.2121624,0.2210193,0.0669074,0.3731196,
73,2e-07,0.1134056,0.0927006,0.078646,0.14389,0.1832343,0.1187765,0.1346359,0.1451655,
74,2e-07,0.1007954,0.0531408,0.080009,0.1544053,0.1244348,0.0561628,0.1117215,0.0620573,
75,1e-07,0.0218714,0.0806333,0.0168582,0.1484879,0.076216,0.119047,0.0845705,0.0468644,
76,1e-07,0.0668144,0.2175658,0.1107727,0.1423537,0.1094667,0.1501923,0.1180597,0.1014344,
77,2e-07,0.0823946,0.187087,0.075509,0.0753721,0.0861555,0.1155578,0.0953802,0.0833992,
78,2e-07,0.0839817,0.1905364,0.0712409,0.0555665,0.0845849,0.0739695,0.0938777,0.053139,
79,2e-07,0.080944,0.2006088,0.0481033,0.0360455,0.0811309,0.0699699,0.0818129,0.0648991,
80,2e-07,0.0532412,0.2304732,0.0373541,0.0753912,0.0996376,0.0567173,0.0682638,0.0434559,
81,2e-07,0.0827131,0.1286228,0.0625092,0.0661033,0.0808147,0.1141371,0.1517597,0.0523336,
82,2e-07,0.0969593,0.1436045,0.1179879,0.0891069,0.0775093,0.1393679,0.1508087,0.0119323,
83,2e-07,0.1247546,0.1335821,0.1752777,0.1838825,0.0899862,0.0860452,0.1337939,0.1309042,
84,2e-07,0.1320492,0.1104003,0.034933,0.1066416,0.1004125,0.1255205,0.1385398,0.1041217,
85,2e-07,0.1176247,0.1296315,0.1209852,0.0673169,0.0675496,0.038602,0.1110022,0.0426932,
86,2e-07,0.1003483,0.1097561,0.128054,0.0518253,0.0594069,0.0299712,0.0931469,0.0499503,
87,2e-07,0.0934393,0.1349531,0.0517311,0.0938349,0.0714286,0.0523012,0.1380175,0.064598,
88,2e-07,0.0805629,0.1374489,0.0741255,0.0975267,0.0578522,0.0611675,0.1210394,0.0734707,
89,2e-07,0.065439,0.1526609,0.0658622,0.0773937,0.0803471,0.0784185,0.0986458,0.0777018,
90,2e-07,0.0938266,0.1473166,0.0386375,0.0666978,0.0895668,0.0658561,0.1020039,0.0481677,
91,1e-07,0.0930812,0.1696055,0.0656426,0.0995561,0.0928615,0.0964293,0.0963917,0.0426243,
92,1e-07,0.0595707,0.2150494,0.1266753,0.1155303,0.0528961,0.1288231,0.1036911,0.0568156,
93,1e-07,0.1498118,0.1398721,0.0371373,0.0670777,0.0981288,0.1128203,0.0727214,0.1643852,
94,1e-07,0.1263033,0.1342909,0.0342505,0.068385,0.0954171,0.0301391,0.0949648,0.1498485,
95,1e-07,0.0941539,0.0950932,0.0353336,0.1386514,0.0552504,0.0437079,0.0480914,0.0450951,
96,1e-07,0.0924138,0.10694,0.0357006,0.2171701,0.0996704,0.0628152,0.1341528,0.0501268,
97,1e-07,0.090916,0.1001111,0.0641592,0.079854,0.0798426,0.0138618,0.061361,0.0800749,
98,1e-07,0.0657783,0.1128928,0.0303913,0.0818213,0.0867417,0.0405071,0.0510608,0.0775257,
99,1e-07,0.0420898,0.1181215,0.0518271,0.0587296,0.1405779,0.0460071,0.053932,0.0546323,
100,1e-07,0.0262598,0.0822616,0.0840181,0.0503602,0.1144434,0.0397061,0.0667922,0.0556875,
101,1e-07,0.0393495,0.0486079,0.097935,0.0393538,0.0690091,0.0385055,0.0823045,0.0435367,
102,2e-07,0.0241517,0.0628417,0.0687413,0.0485271,0.0857352,0.0445628,0.0535292,0.0536154,
103,2e-07,0.0213635,0.1051074,0.0582466,0.0363413,0.0837027,0.1212551,0.0560116,0.097793,
104,2e-07,0.031676,0.0745401,0.03017,0.0300936,0.0604504,0.1211456,0.1110633,0.0903561,
105,2e-07,0.0208303,0.036404,0.0631667,0.0724122,0.0419205,0.1118531,0.1315682,0.0611439,
106,2e-07,0.0788707,0.0425699,0.1000928,0.096844,0.0200419,0.1843732,0.1554859,0.0563334,
107,2e-07,0.1184144,0.0331906,0.0930177,0.1037057,0.0989481,0.1203636,0.0860069,0.0571157,
108,2e-07,0.0595008,0.043257,0.0887575,0.0481024,0.0668948,0.0744954,0.102085,0.0949444,
109,2e-07,0.031094,0.0415364,0.1177197,0.0451974,0.065379,0.0190434,0.0647376,0.0875034,
110,1e-07,0.0195271,0.0274049,0.0981631,0.0751827,0.0651283,0.0601593,0.0690681,0.0763705,
111,1e-07,0.0293407,0.0285897,0.0882518,0.0321836,0.0826155,0.0510896,0.0591948,0.0970768,
112,1e-07,0.0234369,0.0492167,0.0667397,0.0396252,0.041101,0.041323,0.0314306,0.0872662,
113,1e-07,0.0506739,0.0145995,0.0515035,0.0293965,0.0610204,0.0378495,0.0321242,0.0989324,
114,1e-07,0.0613953,0.0534363,0.0510709,0.0450805,0.0687287,0.0413594,0.0233091,0.0575476,
115,1e-07,0.0275474,0.0484295,0.0425594,0.0366265,0.0219777,0.0632324,0.0352642,0.0565805,
116,1e-07,0.0232385,0.0269382,0.041494,0.0327808,0.0401971,0.011443,0.023982,0.0573382,
117,1e-07,0.0208168,0.0177829,0.0384549,0.0272514,0.04753,0.0171867,0.0273071,0.0650091,
118,2e-07,0.0263175,0.0400173,0.0623787,0.0167944,0.045959,0.0634115,0.0427526,0.0823174,
119,2e-07,0.0417325,0.0366486,0.0803997,0.0633182,0.0296593,0.0653441,0.055412,0.0771671,
120,1e-07,0.0409076,0.051243,0.0752494,0.0877907,0.0322411,0.0703119,0.0256974,0.062212,
121,1e-07,0.0539639,0.089665,0.0412807,0.0381452,0.0156023,0.0281011,0.0251694,0.0645758,
122,1e-07,0.0562614,0.075228,0.0399195,0.0401165,0.059631,0.1038419,0.0551665,0.069704,
123,1e-07,0.0258992,0.0608321,0.0591293,0.0108148,0.0590722,0.1014915,0.1077556,0.0629076,
124,1e-07,0.0237299,0.0778754,0.0492732,0.0460237,0.0072432,0.0350121,0.0675017,0.0448356,
125,0.0,0.0308073,0.0750868,0.0552889,0.0306672,0.0254867,0.0227521,0.0405661,0.0591329,
126,0.0,0.0686577,0.0399513,0.0472801,0.0298954,0.0236701,0.0288921,0.0309707,0.089019,
127,0.0,0.0754289,0.0161985,0.0515596,0.0266316,0.0451703,0.0202316,0.0311094,0.0973963,
128,1e-07,0.0696391,0.0312587,0.0677615,0.0208941,0.0560374,0.0354135,0.0583103,0.1075872,
129,1e-07,0.0576745,0.0355974,0.0674834,0.0421681,0.0538791,0.0151922,0.0056288,0.1323097,
130,1e-07,0.0499876,0.0199295,0.0339535,0.0220251,0.0386844,0.0490702,0.0453733,0.0762753,
131,1e-07,0.0423865,0.0454354,0.0360783,0.0265624,0.0323265,0.0761394,0.0467942,0.0916597,
132,1e-07,0.1074957,0.0408804,0.0608772,0.0380858,0.0523032,0.0872132,0.0772396,0.0833851,
133,1e-07,0.0858504,0.0682435,0.0809155,0.0666134,0.0560003,0.0960909,0.0655145,0.0666955,
134,1e-07,0.0460873,0.0655443,0.0640008,0.0407155,0.0277645,0.0904522,0.0757716,0.0907424,
135,1e-07,0.0608981,0.060874,0.0405992,0.0411625,0.0506486,0.0644447,0.069751,0.0815407,
136,1e-07,0.0646773,0.0192468,0.0467029,0.0438009,0.0431306,0.0682342,0.0153817,0.0991031,
137,1e-07,0.0584398,0.0393564,0.0539834,0.0260059,0.0568303,0.1108677,0.0886691,0.0843674,
138,1e-07,0.0800921,0.0396151,0.0238074,0.0138523,0.0508129,0.0434463,0.0843625,0.0592915,
139,1e-07,0.0240277,0.0429003,0.0121545,0.0441593,0.0323138,0.0600937,0.0289242,0.0358071,
140,1e-07,0.0135883,0.0357156,0.0129634,0.0437253,0.0444096,0.0519696,0.0461797,0.0912526,
141,2e-07,0.0423681,0.0365557,0.0308767,0.0646114,0.0582228,0.0232343,0.0397018,0.0857336,
142,2e-07,0.0921583,0.0467378,0.0828364,0.0614244,0.1304689,0.0895705,0.1069429,0.0692842,
143,2e-07,0.1333889,0.0459257,0.1142723,0.0393476,0.0895468,0.0914743,0.0730565,0.0669293,
144,1e-07,0.059409,0.0392054,0.0729117,0.0377554,0.0512685,0.0527149,0.0343741,0.0771116,
145,1e-07,0.0441608,0.0510798,0.0605239,0.0522193,0.1075424,0.0539011,0.03456,0.0870168,
146,1e-07,0.037946,0.0590023,0.0422708,0.0628535,0.1309863,0.0415502,0.0271054,0.081984,
147,1e-07,0.0528472,0.0241244,0.026436,0.0508079,0.0728334,0.0254927,0.0337652,0.0551826,
148,1e-07,0.0359721,0.0244039,0.0280792,0.0349429,0.0504468,0.0245919,0.0230212,0.0529788,
149,1e-07,0.0313305,0.0437408,0.0212487,0.0522761,0.0544522,0.0571888,0.0310024,0.0432177,
150,1e-07,0.0375961,0.0456304,0.0558161,0.01452,0.0373371,0.0231417,0.0211298,0.0877473,
151,1e-07,0.0468769,0.0434852,0.0397897,0.0470655,0.0267295,0.0426871,0.0771567,0.0851227,
152,1e-07,0.0554366,0.041498,0.0237272,0.0937433,0.0371488,0.0606252,0.0773343,0.0655206,
153,1e-07,0.0339492,0.0380659,0.0735179,0.1006896,0.0475822,0.0775694,0.088264,0.0701343,
154,1e-07,0.0396943,0.0564838,0.0534176,0.078483,0.0471012,0.0778423,0.0658093,0.0922864,
155,1e-07,0.0280113,0.0467891,0.0710939,0.0602334,0.0238986,0.0889635,0.0750555,0.1194917,
156,1e-07,0.0204916,0.0399388,0.0744763,0.0544121,0.0476933,0.0423618,0.0843076,0.0783115,
157,1e-07,0.0345099,0.0579683,0.0605676,0.0533618,0.0236253,0.037573,0.0728272,0.0608798,
158,1e-07,0.014516,0.0478731,0.0793322,0.020402,0.0462915,0.0370695,0.091525,0.086281,
159,1e-07,0.0322831,0.047449,0.0522309,0.0242308,0.0558983,0.0639108,0.074063,0.1209017,
160,1e-07,0.0199661,0.0408836,0.0295107,0.0423213,0.0278766,0.0605844,0.1060194,0.1309843,
161,1e-07,0.0198438,0.0116427,0.0403788,0.0614477,0.0301375,0.063748,0.0500815,0.0469883,
162,1e-07,0.0254708,0.0273777,0.05238,0.0600022,0.0351039,0.0335022,0.0555292,0.0272257,
163,1e-07,0.024861,0.03143,0.0343257,0.0474871,0.0578602,0.0649853,0.0368412,0.0417996,
164,2e-07,0.0692125,0.0716607,0.0877486,0.0288942,0.060154,0.0867888,0.0981001,0.0478005,
165,2e-07,0.071865,0.0943763,0.0647276,0.030876,0.0785658,0.0779382,0.094483,0.0445569,
166,1e-07,0.0750989,0.0932689,0.0647719,0.063474,0.048513,0.0796485,0.1204482,0.0550869,
167,2e-07,0.0604986,0.1072103,0.0839491,0.0472525,0.0403894,0.0873651,0.125887,0.0558902,
168,2e-07,0.0239622,0.1561775,0.1130756,0.0839135,0.0344817,0.0908096,0.1750544,0.1101973,
169,1e-07,0.0708911,0.1420448,0.1829405,0.0803168,0.0583199,0.0868892,0.1614467,0.1251201,
170,1e-07,0.083328,0.1082948,0.1739062,0.1104243,0.0802868,0.120487,0.2112332,0.1106573,
171,1e-07,0.065258,0.068153,0.0981331,0.0424941,0.0246512,0.1331195,0.0834066,0.0419203,
172,1e-07,0.0651806,0.0640157,0.0399174,0.0472204,0.0382338,0.090065,0.0627644,0.0239562,
173,1e-07,0.084349,0.0263491,0.0416941,0.055172,0.0311081,0.0577613,0.0451982,0.0122124,
174,2e-07,0.0879696,0.0559872,0.0736074,0.0227056,0.0595358,0.0523225,0.0814176,0.057659,
175,2e-07,0.0670308,0.046066,0.0390672,0.0590799,0.0241365,0.0607613,0.0841997,0.0302539,
176,1e-07,0.047264,0.0330927,0.0426021,0.0475569,0.0290019,0.0671333,0.0870648,0.0463144,
177,1e-07,0.0504662,0.0981474,0.0304263,0.0525878,0.0822091,0.0695355,0.0987737,0.0975582,
178,2e-07,0.0934798,0.1005596,0.0143374,0.0512014,0.0754466,0.094198,0.0954544,0.07512,
179,2e-07,0.0969962,0.1192798,0.062325,0.0641633,0.0260248,0.069414,0.110823,0.1902803,
180,2e-07,0.0923276,0.0985675,0.0681405,0.0436974,0.0312161,0.0485043,0.1045884,0.1355468,
181,2e-07,0.0914366,0.0610737,0.0161522,0.0361762,0.0584584,0.078714,0.106383,0.1168984,
182,2e-07,0.0657796,0.1004984,0.0522614,0.0577802,0.0583277,0.089412,0.1245944,0.0615735,
183,2e-07,0.0329111,0.1371416,0.0897534,0.0514692,0.0796212,0.0656528,0.143343,0.0575676,
184,2e-07,0.0566541,0.1257478,0.1061047,0.0922985,0.0647329,0.0597762,0.2135137,0.0476142,
185,2e-07,0.0426733,0.0729998,0.0961815,0.0463221,0.0929351,0.0620285,0.1780124,0.0787747,
186,2e-07,0.0563816,0.0938424,0.0964835,0.046447,0.1074444,0.026568,0.0862423,0.058502,
187,2e-07,0.0853152,0.0418682,0.070335,0.0314003,0.0880566,0.0319218,0.1163696,0.0820448,
188,3e-07,0.1021632,0.09856,0.0836912,0.0673897,0.1553665,0.0882272,0.1129791,0.1403439,
189,3e-07,0.155131,0.0991548,0.1652346,0.1354696,0.2647696,0.243346,0.1473762,0.1084162,
190,3e-07,0.1582923,0.1325171,0.1638616,0.1429339,0.3104726,0.2619446,0.1476772,0.1027475,
191,3e-07,0.1811012,0.119481,0.1873069,0.1961039,0.3293056,0.3647408,0.1730427,0.1289006,
192,2e-07,0.1472256,0.1019118,0.1853655,0.2148338,0.2642499,0.2460673,0.1053168,0.1333469,
193,2e-07,0.1080641,0.1058102,0.2001804,0.3468218,0.2649993,0.3072453,0.1517654,0.1972646,
194,2e-07,0.1179838,0.0717527,0.2246986,0.208691,0.1434179,0.1122365,0.1497482,0.1957774,
195,2e-07,0.1527164,0.1044578,0.1572985,0.2005066,0.2507479,0.0580409,0.1331917,0.1624114,
196,1e-07,0.2120516,0.1063388,0.0683724,0.118539,0.3084771,0.0549595,0.1114574,0.1755675,
197,1e-07,0.1012633,0.0777449,0.0468753,0.0350413,0.1415078,0.0875846,0.0554352,0.1526979,
198,1e-07,0.068017,0.0817744,0.0502948,0.0726223,0.0595024,0.0735592,0.1123392,0.1506386,
199,1e-07,0.0237527,0.0931739,0.0692163,0.0887443,0.0537103,0.0775801,0.0644104,0.0792243,
200,1e-07,0.0293377,0.063615,0.04682,0.0911562,0.0469985,0.0471919,0.0735509,0.0416811,
201,1e-07,0.0326741,0.0467468,0.050891,0.0880955,0.0548409,0.0433423,0.0260006,0.0362042,
202,1e-07,0.0437323,0.0811243,0.0483169,0.0813416,0.0979737,0.0649693,0.0204479,0.0304801,
203,1e-07,0.0116806,0.1060599,0.0364011,0.0798982,0.0383332,0.0794933,0.0184127,0.0877003,
204,1e-07,0.0360273,0.0953597,0.0347253,0.0676925,0.0545575,0.0674557,0.0224756,0.0813721,
205,1e-07,0.0383225,0.0927122,0.0340903,0.0705996,0.0604235,0.0511295,0.0429176,0.0323672,
206,1e-07,0.0551406,0.0792497,0.0729484,0.0725355,0.0823431,0.0643405,0.0193899,0.0282512,
207,1e-07,0.0256657,0.0663682,0.0687255,0.051889,0.0981215,0.0671026,0.0235735,0.0395443,
208,1e-07,0.0491112,0.0228055,0.0795916,0.0667039,0.0764325,0.085479,0.0841849,0.0333216,
209,1e-07,0.0652259,0.0390908,0.094858,0.051339,0.0732073,0.0850742,0.0730128,0.0213306,
210,1e-07,0.0681987,0.045811,0.0984958,0.0422475,0.0601384,0.1014384,0.0610952,0.0447399,
211,1e-07,0.0425564,0.0495732,0.1005297,0.0439603,0.0678605,0.1116012,0.0973936,0.0553397,
212,1e-07,0.0523152,0.107004,0.0870996,0.0625023,0.0606334,0.1263614,0.0949571,0.0284041,
213,1e-07,0.0404316,0.1226823,0.0852729,0.0605667,0.0921414,0.0851236,0.0437226,0.0337158,
214,1e-07,0.0561131,0.1100421,0.0954446,0.052356,0.0957342,0.0805489,0.0758542,0.0608648,
215,2e-07,0.1069387,0.1076451,0.1784641,0.1660485,0.1676082,0.1050478,0.1244734,0.1737681,
216,2e-07,0.1631846,0.167094,0.1878316,0.223198,0.1113071,0.1390994,0.0926655,0.1719135,
217,1e-07,0.0811403,0.107482,0.1015715,0.0739909,0.0196377,0.1153499,0.0658744,0.1226949,
218,1e-07,0.08513,0.1501944,0.110211,0.0683964,0.0691248,0.1297763,0.0951751,0.1651795,
219,1e-07,0.0572917,0.1132661,0.1157132,0.1093048,0.0888442,0.1085193,0.118341,0.1467171,
220,1e-07,0.0676244,0.1066629,0.0694376,0.1009034,0.0719283,0.093152,0.1164023,0.0880214,
221,1e-07,0.0340229,0.1175836,0.1110512,0.1030478,0.0412205,0.0505214,0.1641511,0.1202497,
222,2e-07,0.0373575,0.0577209,0.1189282,0.1177288,0.0920326,0.0351739,0.1367395,0.2085072,
223,2e-07,0.0700433,0.0854836,0.1435951,0.0735824,0.1609135,0.0582085,0.1883958,0.2332254,
224,2e-07,0.0587499,0.0991835,0.2320912,0.1901334,0.1742985,0.0794946,0.2818829,0.3155183,
225,2e-07,0.064619,0.0656077,0.1950261,0.0978324,0.0718877,0.1042328,0.1935962,0.1818813,
226,2e-07,0.0634071,0.0809734,0.1641834,0.1081224,0.0246841,0.1454845,0.2058395,0.1959867,
227,2e-07,0.0613047,0.0733475,0.1350931,0.0675194,0.0390102,0.15842,0.2007515,0.2121208,
228,2e-07,0.0542851,0.1346386,0.1450151,0.1163193,0.1636412,0.1596121,0.2551804,0.2827725,
229,2e-07,0.1171545,0.1429801,0.1553151,0.1479047,0.1780366,0.1066213,0.0832597,0.2720536,
230,1e-07,0.0768186,0.1409774,0.1189893,0.1586898,0.0559672,0.0902013,0.1115502,0.1966146,
231,2e-07,0.0814341,0.1250957,0.1275935,0.1308404,0.1240154,0.0592404,0.175031,0.1765651,
232,2e-07,0.0955832,0.1438213,0.1488119,0.0998836,0.1944468,0.0239748,0.1496033,0.2084597,
233,1e-07,0.0451148,0.1889649,0.1042151,0.1708503,0.0645077,0.093169,0.1398108,0.1497548,
234,2e-07,0.0536801,0.1658201,0.1080299,0.2139923,0.0922318,0.134047,0.1514894,0.1379967,
235,2e-07,0.0455129,0.1737004,0.1709701,0.1565276,0.0735112,0.0967389,0.1373128,0.2051556,
236,1e-07,0.0357598,0.1863325,0.1574322,0.0732776,0.0712221,0.0692575,0.1655007,0.2073446,
237,1e-07,0.0301453,0.0995659,0.0711195,0.0983016,0.0760938,0.0571699,0.0900683,0.1935919,
238,1e-07,0.0440629,0.0893005,0.0738447,0.116184,0.0947216,0.037819,0.0949315,0.0712721,
239,2e-07,0.0490993,0.0479763,0.0630295,0.0896483,0.0729946,0.0460531,0.0859759,0.0346739,
240,2e-07,0.0934038,0.0742659,0.059539,0.0999056,0.0779285,0.0613913,0.1216361,0.0299072,
241,2e-07,0.086884,0.0952687,0.0901305,0.125455,0.0568448,0.0329087,0.1105527,0.0787643,
242,2e-07,0.0704798,0.1234977,0.1129781,0.0720318,0.051269,0.0723591,0.1277947,0.1049064,
243,2e-07,0.0738222,0.1597576,0.1912187,0.0476285,0.0565112,0.1312422,0.2470102,0.1586085,
244,2e-07,0.0979761,0.1305202,0.2562832,0.0345526,0.0747835,0.0855291,0.2856152,0.1714693,
245,2e-07,0.0777807,0.1295376,0.2285137,0.055206,0.0796064,0.2362103,0.1960806,0.1656126,
246,2e-07,0.0790669,0.0657071,0.13367,0.077878,0.0809668,0.1928758,0.1357187,0.1104661,
247,2e-07,0.0837622,0.0376065,0.1056873,0.0796613,0.1125288,0.1763197,0.1575917,0.0808954,
248,2e-07,0.0859839,0.0464157,0.1563623,0.0543476,0.1067759,0.2217428,0.1745867,0.1328469,
249,2e-07,0.0346958,0.041092,0.1554413,0.0579778,0.0842492,0.0628225,0.1402008,0.1167081,
250,2e-07,0.0178599,0.0410271,0.0923361,0.0349472,0.0964402,0.1008275,0.1208114,0.1002066,
251,2e-07,0.0398244,0.0795267,0.1317585,0.1133571,0.0905335,0.2288991,0.136512,0.0750305,
252,2e-07,0.0803927,0.0572467,0.1525542,0.1025652,0.0923993,0.2225515,0.1402721,0.0770086,
253,2e-07,0.0682688,0.083187,0.1311005,0.0730783,0.0951278,0.2123893,0.1247428,0.0852654,
254,2e-07,0.0196319,0.0872516,0.0930561,0.0936709,0.0814339,0.193713,0.1230729,0.0560677,
255,2e-07,0.0536572,0.1193368,0.1401808,0.0652186,0.1277477,0.2572768,0.1292123,0.0637733,
256,2e-07,0.0784676,0.1357752,0.1725445,0.1277028,0.135509,0.2635655,0.12197,0.0809233,
257,2e-07,0.0636426,0.0971705,0.1478686,0.1123322,0.1253975,0.1593018,0.108898,0.0472253,
258,2e-07,0.0681868,0.0842153,0.1055783,0.0888465,0.112306,0.0763457,0.1291632,0.075344,
259,2e-07,0.0820604,0.0621106,0.0867542,0.10403,0.0877397,0.1208937,0.1344337,0.0604582,
260,2e-07,0.0678474,0.0760569,0.0725493,0.0973033,0.0456258,0.129397,0.1257036,0.1177319,
261,2e-07,0.0194299,0.0542527,0.0563615,0.0528387,0.0426071,0.1284894,0.1332458,0.1153284,
262,2e-07,0.0462134,0.0664722,0.0768074,0.1041184,0.0104594,0.1143543,0.1801721,0.0991411,
263,2e-07,0.0526906,0.1218238,0.0387109,0.1008053,0.0179874,0.1116928,0.1820791,0.1116756,
264,1e-07,0.0195116,0.1170867,0.029645,0.0874666,0.0204251,0.0970925,0.1530696,0.0918264,
265,1e-07,0.0485596,0.1327625,0.0459473,0.0986031,0.0402399,0.0798716,0.1567957,0.0824379,
266,1e-07,0.0400782,0.1493221,0.0920582,0.0886865,0.0430625,0.0811108,0.1668199,0.105859,
267,1e-07,0.0344502,0.121852,0.1041804,0.0819679,0.0656641,0.0829541,0.1471121,0.1122438,
268,1e-07,0.0562625,0.1141504,0.0816493,0.0940876,0.0517949,0.0773861,0.0919669,0.0956358,
269,1e-07,0.0438326,0.1553575,0.148396,0.1123589,0.093167,0.0665285,0.1085405,0.084676,
270,1e-07,0.0586942,0.1001654,0.1587692,0.1218659,0.0984957,0.067113,0.128882,0.1451159,
271,1e-07,0.0579521,0.0905388,0.1330407,0.1023372,0.0730977,0.1014887,0.0965014,0.1467409,
272,1e-07,0.0541566,0.1183708,0.0879813,0.121466,0.075942,0.071264,0.10239,0.1374778,
273,1e-07,0.0595175,0.1597787,0.1574958,0.1919019,0.1163527,0.0558624,0.0989256,0.071353,
274,1e-07,0.0523048,0.0615386,0.2106504,0.1654504,0.1289828,0.0687078,0.0553972,0.1903567,
275,1e-07,0.0383086,0.0973365,0.1977076,0.1853734,0.1004362,0.1585531,0.031195,0.2626814,
276,1e-07,0.0468201,0.0970961,0.2019711,0.2043576,0.0929101,0.1648744,0.0752944,0.2204664,
277,0.0,0.0668404,0.1002259,0.2255959,0.2048305,0.0496654,0.2425684,0.128178,0.3545685,
278,1e-07,0.0986758,0.1409344,0.274322,0.2137825,0.1962713,0.2053305,0.0502255,0.3540006,
279,1e-07,0.0948428,0.1052144,0.2336599,0.2057363,0.0268852,0.0667026,0.0479089,0.2193579,
280,1e-07,0.0583058,0.0978629,0.1800846,0.0902684,0.0783984,0.0626899,0.076489,0.1339678,
281,1e-07,0.0345871,0.0997589,0.1438925,0.0643803,0.0825556,0.0799353,0.1417141,0.1456062,
282,1e-07,0.0466568,0.1626935,0.1460289,0.0281987,0.0601214,0.0610904,0.214215,0.1003779,
283,1e-07,0.0572851,0.1684649,0.2534022,0.024324,0.1064598,0.0956677,0.3143616,0.0584299,
284,0.0,0.0582853,0.109696,0.1615803,0.017365,0.0377347,0.0822588,0.159124,0.0925324,
285,0.0,0.0927843,0.0787737,0.0943831,0.0508727,0.0271247,0.08333,0.0952956,0.1087085,
286,0.0,0.0526905,0.0690578,0.0387371,0.0655939,0.0276934,0.0782943,0.1198164,0.1242931,
287,1e-07,0.0185782,0.0752681,0.0715034,0.0303191,0.0377251,0.054375,0.1349703,0.1103171,
288,1e-07,0.028863,0.0764395,0.0426236,0.0424363,0.0403832,0.0499785,0.0910446,0.1268632,
289,1e-07,0.0272362,0.0926341,0.0438722,0.0582605,0.039451,0.0572425,0.0328531,0.0876995,
290,1e-07,0.0411154,0.0649526,0.0506163,0.0771932,0.0531753,0.0765263,0.0287962,0.1669404,
291,1e-07,0.0706695,0.0469926,0.0318575,0.0706667,0.0815422,0.0762879,0.057094,0.119672,
292,1e-07,0.0630806,0.0492455,0.0653199,0.0853006,0.0895314,0.0706011,0.0442907,0.1197268,
293,1e-07,0.0590991,0.0802567,0.0918228,0.0776882,0.0985487,0.0440814,0.0412922,0.0724982,
294,1e-07,0.0751338,0.0686901,0.1045616,0.0934258,0.0436982,0.0599273,0.0205013,0.0577237,
295,1e-07,0.0486512,0.0596479,0.0703976,0.0827021,0.0419327,0.0819197,0.0175544,0.0539383,
296,1e-07,0.0416143,0.0712998,0.0707193,0.0462319,0.0364573,0.0564922,0.0474145,0.0562505,
297,1e-07,0.0340093,0.079581,0.0853171,0.0454635,0.037404,0.0303457,0.0418584,0.0430007,
298,1e-07,0.0459709,0.0934085,0.0624926,0.039064,0.0214179,0.0498964,0.0458695,0.0783317,
299,1e-07,0.0092512,0.103409,0.0777653,0.0437059,0.0325191,0.0491767,0.0866096,0.0789302,
300,1e-07,0.0134436,0.1149156,0.0704148,0.0849146,0.0074079,0.0671205,0.053755,0.0240317,
301,1e-07,0.0240719,0.1333191,0.062753,0.1009623,0.065835,0.1023538,0.108931,0.0105821,
302,1e-07,0.0617161,0.1249809,0.0546613,0.0861583,0.0407396,0.0733355,0.0494933,0.0514278,
303,1e-07,0.0737542,0.1293803,0.0554855,0.0583902,0.0719395,0.0829671,0.0546838,0.0546174,
304,1e-07,0.083378,0.1506432,0.0967691,0.1133104,0.1735845,0.1317867,0.0499522,0.1538992,
305,1e-07,0.0474916,0.0937079,0.0396098,0.0790671,0.1005867,0.1315541,0.0731394,0.0788169,
306,1e-07,0.0536821,0.1144815,0.0441129,0.0511144,0.1495966,0.1420946,0.1548201,0.213196,
307,1e-07,0.0542094,0.0534896,0.0691394,0.0331907,0.0184651,0.0861714,0.0464909,0.0575462,
308,1e-07,0.0533422,0.0677293,0.07238,0.0642371,0.0154134,0.0136642,0.0289949,0.0334498,
309,1e-07,0.0445761,0.0608114,0.0871387,0.0488602,0.0568986,0.024903,0.0035749,0.0178942,
310,0.0,0.0405664,0.0616347,0.1032089,0.0427875,0.0380875,0.0631756,0.0418338,0.0808059,
311,0.0,0.0346902,0.1109214,0.1061869,0.046803,0.0430053,0.0564099,0.0159522,0.0864455,
312,0.0,0.0613023,0.0422138,0.055143,0.0416323,0.0567509,0.0461761,0.0154949,0.0810409,
313,0.0,0.0608637,0.0663267,0.0608967,0.0352692,0.0827725,0.0711857,0.0343498,0.0545567,
314,1e-07,0.0465023,0.0537551,0.0687432,0.0315028,0.0498713,0.0682471,0.0509578,0.0562059,
315,0.0,0.0277151,0.0519418,0.0343999,0.0211206,0.030678,0.0890737,0.0563222,0.0673676,
316,0.0,0.0183984,0.0636284,0.0297223,0.0306744,0.0340499,0.0882333,0.080906,0.0983095,
317,0.0,0.0259939,0.0839574,0.0593169,0.034786,0.0166105,0.0359584,0.0655748,0.1001995,
318,0.0,0.0351717,0.0828541,0.0614061,0.0378692,0.0231954,0.0461057,0.0535735,0.0864045,
319,1e-07,0.0200191,0.0571988,0.0261054,0.0271448,0.0616031,0.0648059,0.0391246,0.0503273,
320,1e-07,0.0286328,0.0910293,0.0418642,0.0129093,0.058614,0.043616,0.0873897,0.0487165,
321,1e-07,0.0616171,0.1239733,0.0901995,0.0363612,0.0345286,0.0156851,0.1432411,0.1226828,
322,1e-07,0.0856013,0.0963373,0.0456409,0.0442444,0.0318049,0.0468685,0.0911251,0.0543352,
323,1e-07,0.0614073,0.0861505,0.0667563,0.0290974,0.0463064,0.0551088,0.0950558,0.0375717,
324,1e-07,0.0585952,0.0845754,0.0601312,0.0332198,0.0610774,0.0743345,0.1207421,0.0459339,
325,1e-07,0.0545861,0.0655855,0.0357216,0.0453464,0.0619197,0.0992299,0.1353296,0.084408,
326,1e-07,0.0547924,0.0730659,0.0469901,0.0543268,0.0773916,0.0876214,0.1256304,0.0864813,
327,3e-07,0.0751218,0.0730899,0.0968439,0.0449543,0.1073276,0.0639286,0.1721868,0.1623983,
328,3e-07,0.0883731,0.1314531,0.1438752,0.0407382,0.1000314,0.0480873,0.187162,0.230647,
329,3e-07,0.0575845,0.1047325,0.1864425,0.0566943,0.2833566,0.1231547,0.3062585,0.273457,
330,3e-07,0.1210909,0.112913,0.1754352,0.0372213,0.2302831,0.0273225,0.2051003,0.2341937,
331,3e-07,0.0472142,0.0726537,0.0523968,0.0826627,0.0594634,0.067871,0.1686355,0.1311574,
332,3e-07,0.039054,0.0341026,0.0693884,0.0693206,0.0548745,0.0953219,0.1636645,0.1204796,
333,2e-07,0.0490826,0.0298314,0.0205073,0.0575007,0.0255012,0.068145,0.1042175,0.1045496,
334,1e-07,0.03464,0.0185547,0.0224956,0.0482685,0.0232467,0.0557314,0.1004764,0.0573635,
335,1e-07,0.0398209,0.0861426,0.0573886,0.0528482,0.0455765,0.0478462,0.0937183,0.0575734,
336,1e-07,0.0505793,0.0805954,0.0345428,0.0455971,0.0344896,0.0347802,0.0501957,0.0254747,
337,1e-07,0.0896326,0.0996714,0.0742483,0.0454362,0.0818713,0.0195175,0.1026575,0.0321169,
338,1e-07,0.0729975,0.0772247,0.0239514,0.033297,0.0243638,0.0487433,0.0723059,0.0413637,
339,1e-07,0.0699166,0.1019748,0.0277042,0.100404,0.1881358,0.1447298,0.058957,0.0422426,
340,1e-07,0.078411,0.1102384,0.0416312,0.0413441,0.0840716,0.045886,0.0636902,0.0167602,
341,1e-07,0.0668183,0.094645,0.0740396,0.0156305,0.1104775,0.0096954,0.0850116,0.0255205,
342,1e-07,0.0857072,0.1191582,0.0935077,0.0355088,0.0999877,0.0311682,0.0891303,0.0296735,
343,1e-07,0.0475488,0.088916,0.0693436,0.0449903,0.057112,0.0112939,0.062108,0.037275,
344,2e-07,0.0437295,0.0574677,0.0473663,0.0446709,0.0154553,0.0687398,0.0801718,0.0433679,
345,2e-07,0.0386528,0.0867779,0.0442625,0.0665314,0.0469647,0.0739327,0.1055526,0.0642545,
346,2e-07,0.0257157,0.0934467,0.0379736,0.068341,0.0498838,0.050307,0.1342561,0.0793459,
347,3e-07,0.0334831,0.1002492,0.0457393,0.0736058,0.0873599,0.0463485,0.1258751,0.094911,
348,3e-07,0.0362116,0.101024,0.0426882,0.0632707,0.0871848,0.0614863,0.1510029,0.0875831,
349,3e-07,0.0529985,0.1093333,0.0548483,0.0384371,0.0820982,0.0871017,0.1706457,0.0834592,
350,3e-07,0.0384458,0.1193905,0.0608259,0.0749645,0.0876672,0.0802619,0.2572944,0.119663,
351,3e-07,0.0730018,0.0636954,0.0859184,0.0701487,0.1005888,0.119372,0.3330682,0.1258042,
352,3e-07,0.1003052,0.0650119,0.0702256,0.0729972,0.1309308,0.1501285,0.2938977,0.3606677,
353,3e-07,0.1006328,0.084567,0.0703849,0.0916902,0.1738456,0.2385323,0.3168756,0.4920315,
354,3e-07,0.0776706,0.0913726,0.0578205,0.0882308,0.1310455,0.2033248,0.2545142,0.2620814,
355,3e-07,0.0800407,0.0974358,0.066875,0.0786318,0.1336772,0.0629716,0.1411281,0.1557169,
356,3e-07,0.0777477,0.1395511,0.0641182,0.1279262,0.2113663,0.0936011,0.1624295,0.2342415,
357,3e-07,0.0968801,0.1364273,0.0369816,0.2109059,0.1743698,0.1377579,0.1576353,0.2773328,
358,3e-07,0.1426426,0.2258147,0.0633419,0.2679388,0.2481138,0.1835727,0.1050649,0.1844232,
359,3e-07,0.149334,0.225034,0.0760585,0.2817482,0.202349,0.1658281,0.1181718,0.1788919,
360,3e-07,0.0515347,0.1819412,0.0570701,0.134402,0.1434472,0.0821819,0.1327008,0.1801624,
361,3e-07,0.0405852,0.2149511,0.0849566,0.103109,0.1418742,0.0793289,0.2105303,0.2302919,
362,3e-07,0.051062,0.2469252,0.1394342,0.1112208,0.1528353,0.0620441,0.2841055,0.202782,
363,3e-07,0.0731268,0.2008275,0.1131942,0.1036928,0.189137,0.0486865,0.2612207,0.2110998,
364,3e-07,0.0676712,0.1793983,0.0886848,0.087032,0.1049744,0.0583165,0.1313611,0.1659121,
365,3e-07,0.0779325,0.2263948,0.1255135,0.0831695,0.1505564,0.1024817,0.1853149,0.2531022,
366,3e-07,0.0635922,0.2028528,0.1777275,0.1224151,0.1989378,0.0888164,0.2425064,0.3158971,
367,3e-07,0.0678843,0.1803866,0.1671773,0.121953,0.1571391,0.0722679,0.243092,0.2354933,
368,3e-07,0.0766068,0.1774683,0.1495492,0.1427516,0.1619704,0.0290259,0.2547908,0.2290378,
369,3e-07,0.0598359,0.1572542,0.1690673,0.1103551,0.1439007,0.0307937,0.2611585,0.1908217,
370,3e-07,0.0631883,0.2139913,0.1623049,0.1016545,0.1847455,0.02776,0.2054569,0.149843,
371,3e-07,0.1080561,0.160473,0.2047938,0.0844517,0.1607274,0.0367924,0.2036975,0.2039865,
372,3e-07,0.1123457,0.143228,0.1532576,0.037512,0.1189416,0.0537275,0.1629366,0.147147,
373,3e-07,0.1225983,0.1280537,0.1199418,0.0622664,0.1066887,0.0813752,0.1677549,0.1475101,
374,1e-07,0.1229054,0.1113812,0.0658278,0.0413533,0.0837086,0.0544001,0.1316431,0.0740798,
375,1e-07,0.0872299,0.1132576,0.0600062,0.0534638,0.0858151,0.0444228,0.1522488,0.0855229,
376,1e-07,0.1194003,0.1339718,0.1522941,0.0606987,0.0854936,0.0982351,0.1833437,0.2354609,
377,1e-07,0.1602749,0.1536747,0.1268204,0.145769,0.1865335,0.2371542,0.1938321,0.2543353,
378,1e-07,0.1689195,0.1904609,0.0989321,0.0646169,0.1796674,0.2409087,0.194071,0.2078021,
379,2e-07,0.1741009,0.2037095,0.0824159,0.092241,0.0265396,0.0415604,0.2324803,0.0603255,
380,2e-07,0.1111868,0.1933739,0.1003459,0.0692215,0.048188,0.0298233,0.24259,0.0438159,
381,1e-07,0.0765706,0.1668442,0.1215487,0.0797719,0.0539684,0.0513315,0.2273288,0.0594237,
382,1e-07,0.0857801,0.1696894,0.1575169,0.1109256,0.0782028,0.0872991,0.2390552,0.0623412,
383,2e-07,0.0927958,0.1621073,0.1522983,0.0796291,0.0245526,0.057249,0.2101869,0.1133538,
384,2e-07,0.0783083,0.1749271,0.1276841,0.0397716,0.0362086,0.1200432,0.1463872,0.1196904,
385,2e-07,0.1123218,0.1475714,0.1310523,0.0546317,0.0419686,0.1127363,0.1241611,0.1482221,
386,2e-07,0.0963433,0.1234813,0.0978934,0.0223395,0.0524305,0.087116,0.0952369,0.0354219,
387,2e-07,0.0886617,0.1969173,0.106188,0.0959995,0.0417277,0.0886285,0.1413728,0.0699282,
388,2e-07,0.0927822,0.2026204,0.0980666,0.0552271,0.0462693,0.1042039,0.1411793,0.0698605,
389,2e-07,0.0297753,0.1434053,0.05311,0.0794172,0.0305639,0.0982938,0.1418747,0.0794989,
390,2e-07,0.0393502,0.1080707,0.0563446,0.0781869,0.0351549,0.0991937,0.0816834,0.1264669,
391,2e-07,0.048534,0.1198201,0.0352169,0.0672922,0.0369599,0.1172441,0.0389222,0.0699194,
392,2e-07,0.0252294,0.1177819,0.078806,0.0603603,0.0249509,0.0714053,0.0692141,0.0909789,
393,2e-07,0.0511933,0.0945579,0.0790763,0.0565485,0.0556208,0.0820764,0.0780607,0.0543036,
394,2e-07,0.0806272,0.1458987,0.1092693,0.041722,0.0524205,0.0492987,0.0924711,0.0417387,
395,2e-07,0.0956367,0.1308958,0.1077155,0.0590206,0.0962094,0.0513905,0.1070692,0.0405897,
396,2e-07,0.0986464,0.1135181,0.0781021,0.0416184,0.0374174,0.0419389,0.1453585,0.0467969,
397,1e-07,0.0915743,0.1217424,0.0776645,0.0803856,0.0310675,0.086855,0.1556995,0.0409421,
398,1e-07,0.1211578,0.135256,0.1155295,0.1122223,0.0507288,0.13535,0.1549282,0.044808,
399,1e-07,0.1266476,0.1063657,0.0731367,0.1232081,0.0552203,0.145257,0.1355614,0.0452065,
400,1e-07,0.0249822,0.1024314,0.035996,0.0762449,0.0787563,0.0999056,0.0979288,0.0549092,
401,1e-07,0.0771012,0.0765837,0.0780816,0.0991949,0.0725223,0.0769543,0.1430039,0.08489,
402,1e-07,0.0341705,0.072029,0.1285601,0.140481,0.0337817,0.0500114,0.1917049,0.1311139,
403,1e-07,0.0704094,0.0842972,0.0860183,0.1262154,0.0328681,0.0378885,0.1647026,0.1447872,
404,1e-07,0.0694237,0.0981896,0.0710016,0.0794793,0.0573164,0.0504729,0.0997039,0.1074555,
405,1e-07,0.0484324,0.1246836,0.0640484,0.0834057,0.0377634,0.060374,0.0972747,0.1300471,
406,1e-07,0.0471724,0.1017112,0.0576052,0.0583227,0.0379993,0.1249197,0.0892412,0.1211386,
407,1e-07,0.0427289,0.0703124,0.0235378,0.0913167,0.0481391,0.1087731,0.0347478,0.1267007,
408,1e-07,0.0294599,0.0807725,0.0254136,0.0810379,0.0681579,0.0939929,0.044979,0.1118438,
409,2e-07,0.0299597,0.0556529,0.0487256,0.0396783,0.0791515,0.1134641,0.0779064,0.0924463,
410,2e-07,0.0382674,0.0605132,0.0482191,0.0329278,0.1026473,0.1418766,0.0977015,0.0821601,
411,2e-07,0.0568664,0.0700554,0.0357848,0.030149,0.0887325,0.1087858,0.1100841,0.0408585,
412,2e-07,0.0456184,0.0720697,0.0777686,0.0614535,0.0666517,0.0421395,0.1036296,0.0446913,
413,2e-07,0.0646436,0.0860215,0.067573,0.0827641,0.0975133,0.0896421,0.0773039,0.0275237,
414,2e-07,0.0865976,0.1108354,0.0502863,0.0417756,0.0970396,0.0623032,0.0695333,0.1030528,
415,1e-07,0.1586876,0.1073837,0.0431255,0.0392187,0.1150384,0.0923314,0.058623,0.0892465,
416,1e-07,0.056631,0.0963017,0.0636333,0.0437308,0.0923136,0.0512502,0.0826027,0.0633339,
417,1e-07,0.0238039,0.0988088,0.0777118,0.0360641,0.0898846,0.0818287,0.0521264,0.0452825,
418,1e-07,0.012504,0.095484,0.0366852,0.018054,0.0682452,0.0296179,0.0671926,0.0608342,
419,1e-07,0.0496429,0.0841206,0.0471529,0.0504401,0.0676319,0.0225606,0.0500239,0.0541897,
420,1e-07,0.0383698,0.0689081,0.0226476,0.0400842,0.0887773,0.0318138,0.0496174,0.0348458,
421,1e-07,0.0168909,0.0815469,0.0393087,0.0309671,0.0454602,0.037195,0.0653493,0.0330404,
422,1e-07,0.0177013,0.0946217,0.048944,0.0364821,0.047626,0.022414,0.0472442,0.0631599,
423,1e-07,0.0465163,0.109016,0.045386,0.0380321,0.0450493,0.0312752,0.0540548,0.0741108,
424,2e-07,0.0341926,0.1157146,0.0273349,0.0348296,0.0309294,0.0102443,0.1536791,0.1011303,
425,2e-07,0.1027353,0.1522224,0.0536179,0.0543999,0.0549841,0.1077696,0.2866052,0.1101912,
426,1e-07,0.0669486,0.1062914,0.0433267,0.0096542,0.0658642,0.1288042,0.1922545,0.05581,
427,1e-07,0.0893319,0.106159,0.0618092,0.0549038,0.0701267,0.0657788,0.0342872,0.0560551,
428,1e-07,0.0879796,0.0917564,0.0654236,0.0589157,0.0459507,0.0469275,0.0965156,0.0551564,
429,1e-07,0.0556423,0.0842229,0.0595341,0.0369107,0.044385,0.0738476,0.1746985,0.1134266,
430,1e-07,0.0468797,0.0762936,0.0495372,0.0208319,0.0597485,0.0820328,0.0730862,0.1051234,
431,0.0,0.0407951,0.0888455,0.0726125,0.0113627,0.0380875,0.0838045,0.034123,0.1073816,
432,0.0,0.0557711,0.0677104,0.0457929,0.0147066,0.0450199,0.0423802,0.0323054,0.0624342,
433,0.0,0.0656104,0.0670675,0.0595983,0.0398854,0.056862,0.0520352,0.0298779,0.0579983,
434,1e-07,0.0648089,0.0731127,0.0666275,0.022501,0.0832522,0.0502677,0.0400576,0.0720138,
435,1e-07,0.0633151,0.103298,0.1055408,0.0143791,0.0990048,0.0443312,0.0740441,0.062306,
436,1e-07,0.0823389,0.1142311,0.0561247,0.0313882,0.0851053,0.0341659,0.0323198,0.0671912,
437,1e-07,0.063739,0.1082105,0.0365586,0.0297263,0.0868923,0.066117,0.0230432,0.0619592,
438,1e-07,0.1162497,0.1328124,0.0976519,0.024921,0.11985,0.0413893,0.0232429,0.0522476,
439,1e-07,0.0615353,0.0776878,0.0956199,0.0706465,0.079688,0.0245956,0.0568297,0.0246384,
440,1e-07,0.0402502,0.0337453,0.0560534,0.0725567,0.0381089,0.0556739,0.0465438,0.0163016,
441,1e-07,0.0270384,0.0794606,0.0586832,0.0483928,0.0365426,0.0343199,0.0456473,0.0324462,
442,1e-07,0.0455651,0.0805374,0.0594746,0.0346198,0.0389989,0.0571381,0.04572,0.0821161,
443,1e-07,0.0340007,0.0828888,0.1390555,0.057242,0.0319123,0.0743421,0.0971666,0.0517262,
444,1e-07,0.0600173,0.1039765,0.0728705,0.0727393,0.0393936,0.0865757,0.0908547,0.0941167,
445,1e-07,0.0465891,0.0934229,0.0682631,0.0611618,0.039277,0.037968,0.0598476,0.0385497,
446,1e-07,0.0465344,0.0869017,0.0683118,0.0376055,0.049223,0.0180226,0.0388189,0.0189125,
447,2e-07,0.0246721,0.1169318,0.1177849,0.0360207,0.0504507,0.0304109,0.0834901,0.0348679,
448,2e-07,0.0429995,0.1728169,0.1233181,0.0647987,0.0869234,0.0472484,0.096569,0.0526996,
449,2e-07,0.0510834,0.1748449,0.0973805,0.0389613,0.0669557,0.0524203,0.0872797,0.0400916,
450,1e-07,0.0674506,0.0809721,0.0428856,0.0151135,0.0321725,0.0524391,0.0628093,0.0518604,
451,1e-07,0.0657353,0.0486768,0.0136389,0.0057316,0.0369298,0.0452639,0.0603724,0.0449477,
452,1e-07,0.0541408,0.0198799,0.0331938,0.0208848,0.0456336,0.0728696,0.0753545,0.0298893,
453,1e-07,0.0461877,0.0403743,0.0135222,0.0285888,0.0530785,0.0696939,0.0673951,0.0396411,
454,1e-07,0.0508266,0.0299465,0.0370527,0.0183172,0.0553758,0.0564913,0.0353102,0.0649102,
455,1e-07,0.0675531,0.0554947,0.0114717,0.0668121,0.0377347,0.0327628,0.0330889,0.0279372,
456,1e-07,0.0449972,0.0422832,0.032269,0.042565,0.0492497,0.0570909,0.0619476,0.0743114,
457,1e-07,0.0560501,0.0860721,0.0533582,0.0545717,0.0427905,0.0404687,0.0722393,0.1217552,
458,1e-07,0.0491753,0.0720353,0.0636744,0.0545631,0.0500875,0.0883353,0.0869253,0.1279735,
459,1e-07,0.0518096,0.0752114,0.1025264,0.0515992,0.1267063,0.1002027,0.0876171,0.1078599,
460,1e-07,0.0557959,0.0556189,0.070314,0.0577631,0.1092665,0.1157011,0.0618316,0.0359071,
461,1e-07,0.0456808,0.0689115,0.0767822,0.0993469,0.079471,0.0927929,0.0818301,0.0969633,
462,1e-07,0.0740586,0.0786851,0.0682148,0.0478483,0.0748127,0.1080683,0.1037048,0.1228935,
463,1e-07,0.0666917,0.1040049,0.0449555,0.0544321,0.0643844,0.1170283,0.0337053,0.0900399,
464,1e-07,0.0373628,0.0618337,0.0497712,0.0679294,0.0471423,0.0879067,0.0429466,0.1005646,
465,1e-07,0.0203394,0.0493028,0.0577688,0.0654895,0.0790852,0.0690529,0.0584356,0.0555266,
466,1e-07,0.0452176,0.0358973,0.0303158,0.0510317,0.0441647,0.1166973,0.1000309,0.0247281,
467,1e-07,0.0577093,0.0785011,0.0456337,0.0514356,0.0428144,0.0745353,0.0486546,0.0427704,
468,1e-07,0.0477644,0.0287362,0.0453074,0.0357429,0.0554438,0.0822694,0.0462887,0.0204059,
469,1e-07,0.0430003,0.0375515,0.0341998,0.0390993,0.0458077,0.0884372,0.0693163,0.0539133,
470,2e-07,0.0138909,0.0645742,0.0511832,0.0369944,0.0366686,0.0916569,0.0817854,0.1030671,
471,2e-07,0.0089164,0.0475498,0.0873287,0.0272546,0.0737405,0.0568722,0.1518557,0.1360904,
472,2e-07,0.0388935,0.0672241,0.140745,0.0245842,0.0898089,0.0373129,0.1548862,0.0810147,
473,2e-07,0.0632747,0.0692175,0.1417843,0.0256565,0.1241055,0.0610579,0.1530212,0.0648993,
474,2e-07,0.0791309,0.1030497,0.195135,0.1064436,0.1590291,0.11723,0.0792347,0.0417309,
475,1e-07,0.1333182,0.0684572,0.216555,0.0991338,0.0500158,0.092883,0.0628365,0.020275,
476,1e-07,0.152642,0.0423062,0.1241645,0.0612154,0.0761939,0.0080957,0.0830586,0.0167946,
477,1e-07,0.0641406,0.040381,0.0948752,0.0505979,0.0574995,0.0193599,0.076816,0.0243249,
478,1e-07,0.0604409,0.0539431,0.0573845,0.0532513,0.0551298,0.0242785,0.0680547,0.0818633,
479,1e-07,0.0756534,0.060231,0.0503288,0.023175,0.0540563,0.0632336,0.0957693,0.072997,
480,2e-07,0.0251899,0.046929,0.0485999,0.0139166,0.0655915,0.0893344,0.0528791,0.0871994,
481,2e-07,0.0308194,0.0697782,0.0313063,0.0477209,0.0667159,0.1065255,0.055324,0.0487103,
482,1e-07,0.0334755,0.1229096,0.0520841,0.054401,0.0885324,0.131823,0.0708756,0.0577554,
483,1e-07,0.0418796,0.1154718,0.0579253,0.0607157,0.0844352,0.13357,0.0648039,0.0459126,
484,2e-07,0.0756413,0.0985799,0.0706499,0.0593306,0.0676292,0.1460731,0.0622943,0.0601139,
485,2e-07,0.0482242,0.1130611,0.070034,0.0566651,0.0708185,0.1377473,0.0589839,0.0076668,
486,2e-07,0.048587,0.0892706,0.0574514,0.0404649,0.0578282,0.0675114,0.0832462,0.0403233,
487,2e-07,0.0532748,0.0929163,0.0601161,0.0708458,0.0443042,0.0510609,0.0922705,0.0929043,
488,2e-07,0.0275519,0.0568708,0.0312004,0.0290194,0.064478,0.0683595,0.0584569,0.0679815,
489,2e-07,0.0494812,0.0594189,0.0595775,0.0310473,0.0461919,0.120002,0.0613995,0.0375063,
490,2e-07,0.0752418,0.0755877,0.0522533,0.0438551,0.0544408,0.1150439,0.0734058,0.0182167,
491,2e-07,0.0555696,0.1793136,0.049103,0.0372089,0.055531,0.0917974,0.0880683,0.0299094,
492,2e-07,0.0704986,0.2040532,0.0615478,0.0796707,0.0815872,0.1045588,0.2067391,0.1153475,
493,2e-07,0.065803,0.1553683,0.0650012,0.1010829,0.0599405,0.1254864,0.1525086,0.1326386,
494,3e-07,0.0319965,0.1196083,0.1025703,0.1258814,0.1064197,0.0738782,0.0667083,0.1201256,
495,3e-07,0.0604807,0.0920242,0.0325461,0.1154839,0.1827111,0.1479919,0.2065424,0.2372727,
496,3e-07,0.0810913,0.1345395,0.0972582,0.116389,0.2830851,0.180253,0.3043568,0.2567997,
497,3e-07,0.098931,0.1544064,0.1120279,0.090781,0.1424509,0.1748225,0.5284089,0.4220014,
498,2e-07,0.099664,0.1428789,0.1000697,0.1012576,0.0809647,0.0932441,0.3781614,0.3827682,
499,2e-07,0.0902214,0.190781,0.1148499,0.0894795,0.1398418,0.1019968,0.39661,0.4183156,
500,2e-07,0.0479353,0.1228895,0.1130394,0.086094,0.1038326,0.1118454,0.3094513,0.2073971,
501,2e-07,0.0601571,0.0973604,0.0995923,0.0870577,0.1194512,0.0861114,0.1936536,0.1166892,
502,2e-07,0.0389944,0.0853565,0.1787211,0.1728715,0.1142118,0.2480991,0.0509281,0.0461618,
503,1e-07,0.0872142,0.0915176,0.120889,0.1003172,0.0917941,0.1503319,0.086657,0.0570221,
504,1e-07,0.1157305,0.1046766,0.0430724,0.0238851,0.0809155,0.115086,0.0610138,0.0626623,
505,1e-07,0.0918884,0.0942319,0.0486378,0.0336624,0.0721717,0.0973697,0.0438694,0.0917288,
506,1e-07,0.09274,0.1232461,0.0508529,0.0639564,0.0724204,0.0925306,0.0683805,0.0937796,
507,1e-07,0.0708331,0.109734,0.0434494,0.0585283,0.0621943,0.0386166,0.0801567,0.0858174,
508,1e-07,0.0651157,0.1034572,0.0667719,0.0918873,0.0515599,0.0555614,0.072983,0.0684148,
509,1e-07,0.0536613,0.107746,0.0607782,0.0933,0.0459148,0.0491751,0.0676892,0.0588737,
510,1e-07,0.0649335,0.0979733,0.0411534,0.0524981,0.0438191,0.0190691,0.0219893,0.036138,
511,1e-07,0.0560728,0.09482,0.0398123,0.0669277,0.0510637,0.0478312,0.0962616,0.0635434,
512,1e-07,0.0236664,0.1038095,0.0274542,0.0762946,0.0624753,0.0517763,0.0780968,0.0782316,
513,1e-07,0.0491703,0.0789138,0.0277519,0.0710747,0.0818406,0.0376892,0.0520944,0.0343915,
514,1e-07,0.0791415,0.0661458,0.0314781,0.0747059,0.0448798,0.0483021,0.0405836,0.0435888,
515,1e-07,0.0630735,0.0676034,0.0356326,0.0862832,0.0668035,0.0339697,0.0702572,0.0576507,
516,1e-07,0.0629596,0.0561832,0.0382352,0.0823286,0.0178877,0.0322861,0.0772975,0.0451083,
517,1e-07,0.0689984,0.0421605,0.0381813,0.0953446,0.0362482,0.0733934,0.0184377,0.0264238,
518,1e-07,0.0733263,0.05172,0.0475197,0.1277781,0.0648036,0.0607635,0.1058002,0.0676786,
519,1e-07,0.0865559,0.0601817,0.0467736,0.1106105,0.0406185,0.0660732,0.1294692,0.0622587,
520,2e-07,0.1466617,0.0659633,0.0604636,0.1422629,0.0121792,0.0512693,0.1112916,0.0456868,
521,2e-07,0.1687775,0.0342208,0.0816339,0.2033555,0.0713311,0.0445178,0.1356159,0.0790711,
522,1e-07,0.1568134,0.0493294,0.0506671,0.1166165,0.0453381,0.0494218,0.1201315,0.0792976,
523,1e-07,0.130237,0.0396759,0.0815619,0.1054294,0.0555769,0.0826977,0.1120975,0.1040079,
524,1e-07,0.1476651,0.0481753,0.0878807,0.091036,0.0907473,0.0782881,0.1455884,0.0778021,
525,1e-07,0.130886,0.0800478,0.051229,0.1058666,0.0753074,0.0511052,0.1556911,0.1057924,
526,1e-07,0.0843049,0.0891849,0.0475637,0.1027217,0.0787405,0.0520454,0.1035226,0.1086377,
527,1e-07,0.0963053,0.0694348,0.037781,0.1051821,0.0248422,0.0893936,0.1165359,0.0499317,
528,2e-07,0.1974605,0.021847,0.0501687,0.1378769,0.0689367,0.2711518,0.1841992,0.0965696,
529,2e-07,0.1486452,0.0614961,0.0133565,0.1199449,0.06496,0.1860381,0.1629233,0.13005,
530,2e-07,0.1531558,0.0851429,0.0315251,0.2009632,0.0536046,0.1546572,0.1432941,0.3019123,
531,2e-07,0.1078917,0.1475535,0.0215251,0.1008503,0.0680511,0.1400103,0.1233856,0.1219953,
532,2e-07,0.1440319,0.1990739,0.024761,0.0988858,0.1051137,0.1383041,0.1180586,0.0933396,
533,2e-07,0.1448133,0.217482,0.0336102,0.0604077,0.0705833,0.123061,0.1583785,0.108657,
534,2e-07,0.1728649,0.2281765,0.0333214,0.1064415,0.0863913,0.102205,0.1134996,0.0603832,
535,2e-07,0.1393329,0.1868339,0.0384739,0.1353997,0.079403,0.1263506,0.0710482,0.0707549,
536,1e-07,0.1269608,0.1827296,0.0673037,0.1043241,0.0714904,0.0661825,0.1626742,0.099167,
537,2e-07,0.1382591,0.1666077,0.049694,0.0973123,0.0834114,0.047245,0.1641572,0.0581684,
538,2e-07,0.1390177,0.1613584,0.0548054,0.1566733,0.0851298,0.1316727,0.1596673,0.0985358,
539,2e-07,0.0943493,0.1529443,0.0603161,0.1058073,0.0648135,0.0763998,0.1865174,0.0720307,
540,2e-07,0.0893593,0.1195159,0.0666638,0.0362156,0.0375094,0.071317,0.1584974,0.1347433,
541,2e-07,0.1199541,0.1125549,0.0419141,0.0607536,0.0359128,0.1736858,0.1828882,0.1344332,
542,2e-07,0.1040406,0.1125995,0.0445333,0.1236935,0.0734327,0.1938159,0.1115426,0.1783583,
543,1e-07,0.0633059,0.0918047,0.0560757,0.1145964,0.0935032,0.1894795,0.0564117,0.1486539,
544,1e-07,0.102997,0.1044505,0.0353834,0.0687974,0.1073206,0.1655594,0.0556683,0.1084045,
545,2e-07,0.0964005,0.105619,0.0458995,0.0642018,0.0361069,0.0804342,0.0539337,0.1210099,
546,2e-07,0.0833759,0.1014732,0.0568308,0.0184912,0.0430959,0.0507856,0.0592523,0.1178166,
547,2e-07,0.1115629,0.1912535,0.0618701,0.0274573,0.0472575,0.0239196,0.039527,0.1077146,
548,2e-07,0.1088189,0.1959074,0.0815196,0.0400167,0.0377195,0.0321191,0.0825998,0.0784152,
549,2e-07,0.1554316,0.2325033,0.0624175,0.014353,0.0845551,0.0613117,0.0462253,0.0796626,
550,2e-07,0.1749362,0.3154993,0.108675,0.0546225,0.1364521,0.1794371,0.0310582,0.0764053,
551,2e-07,0.0890805,0.2506606,0.0959149,0.0850702,0.149394,0.2072061,0.0439006,0.1761434,
552,2e-07,0.0681478,0.1616595,0.1030798,0.0906004,0.1110908,0.147918,0.0758649,0.1501552,
553,2e-07,0.0563934,0.1672409,0.0738327,0.083207,0.0593953,0.127863,0.0953358,0.1301106,
554,2e-07,0.0792659,0.1895493,0.0187601,0.1448794,0.0762279,0.1118108,0.1240918,0.1905208,
555,2e-07,0.0867189,0.1595831,0.0132078,0.1320532,0.0962704,0.1035308,0.066878,0.1122985,
556,2e-07,0.0734382,0.1506101,0.0315205,0.1335589,0.0959448,0.1086636,0.060607,0.0914549,
557,2e-07,0.0656709,0.2113872,0.0619111,0.1151434,0.1013622,0.2011382,0.1455953,0.0992428,
558,2e-07,0.0897648,0.2205051,0.110496,0.1125942,0.111234,0.1894076,0.1536522,0.2417503,
559,2e-07,0.0170067,0.1609168,0.1325972,0.1263032,0.0748627,0.0764794,0.1302472,0.1245799,
560,2e-07,0.0558919,0.1353697,0.1229771,0.1095523,0.0753287,0.072304,0.1322534,0.1233337,
561,2e-07,0.0687408,0.1118825,0.1016293,0.077052,0.1675571,0.0434704,0.1228466,0.2643901,
562,2e-07,0.0357104,0.108852,0.074136,0.0868019,0.0982877,0.0265708,0.1095014,0.1484986,
563,2e-07,0.0785029,0.1257124,0.0465734,0.1112868,0.0302561,0.0512885,0.1338162,0.1014334,
564,2e-07,0.1055086,0.157923,0.073098,0.1174606,0.1038293,0.0526479,0.1495652,0.1244928,
565,2e-07,0.0302587,0.133163,0.052526,0.0809569,0.0595952,0.0866656,0.1296515,0.0894317,
566,2e-07,0.039092,0.1229484,0.0971821,0.0703263,0.0590158,0.0640194,0.091669,0.1063049,
567,2e-07,0.0474021,0.0918695,0.094405,0.105357,0.0348011,0.0606951,0.0320584,0.0685371,
568,2e-07,0.0873176,0.1257179,0.0905317,0.0919489,0.0253992,0.0371384,0.0742308,0.0749618,
569,2e-07,0.0574492,0.0976085,0.0604944,0.0947797,0.0425876,0.0406707,0.0893817,0.0650009,
570,2e-07,0.0695071,0.0913339,0.0618712,0.1129618,0.0631908,0.0136066,0.1094844,0.0697224,
571,1e-07,0.0582139,0.1312655,0.0516037,0.1015503,0.0554983,0.0416336,0.1088913,0.0575075,
572,2e-07,0.0495275,0.1335324,0.0381986,0.1262206,0.0593442,0.042193,0.1107101,0.050413,
573,1e-07,0.0542902,0.1081109,0.059028,0.0971536,0.0211563,0.0371927,0.076171,0.0578941,
574,1e-07,0.056623,0.1252309,0.0487385,0.1073548,0.0347216,0.0382245,0.0786397,0.0393819,
575,1e-07,0.0557807,0.1270464,0.0521484,0.11654,0.0670823,0.0691114,0.0817037,0.0370817,
576,1e-07,0.0548984,0.1435299,0.0690894,0.1176649,0.1029814,0.0640166,0.1128145,0.0301859,
577,1e-07,0.1073734,0.1058172,0.0450057,0.1072844,0.069543,0.0691687,0.1010227,0.063728,
578,1e-07,0.1401656,0.0845924,0.0609758,0.1186691,0.0862655,0.0723524,0.107889,0.0593701,
579,1e-07,0.142547,0.0972845,0.0633102,0.1891409,0.134422,0.0514595,0.1692463,0.0815218,
580,1e-07,0.2151493,0.1155718,0.0499192,0.1697834,0.1766682,0.103924,0.2376453,0.0963125,
581,1e-07,0.2533992,0.0483138,0.0671349,0.1315693,0.1287251,0.0925171,0.2153392,0.1191569,
582,1e-07,0.0455132,0.0464375,0.1035601,0.0421048,0.0663776,0.0264447,0.1924781,0.1780729,
583,0.0,0.083116,0.048578,0.1487523,0.0417072,0.0818107,0.1388861,0.1770666,0.3379304,
584,1e-07,0.1441823,0.0667782,0.1353835,0.0461707,0.0206838,0.0818568,0.1883611,0.0873123,
585,1e-07,0.0528537,0.0484793,0.0541701,0.0331289,0.0606968,0.059154,0.1727023,0.1476529,
586,1e-07,0.1107197,0.0470928,0.1078095,0.042014,0.035749,0.0865268,0.0913112,0.1251165,
587,1e-07,0.1015665,0.065052,0.0688824,0.0872818,0.0162331,0.0471974,0.0231511,0.0784523,
588,1e-07,0.0799964,0.0628681,0.0993635,0.0811989,0.0471791,0.0439139,0.0558668,0.0998006,
589,1e-07,0.1215622,0.0888093,0.0784943,0.0866071,0.032618,0.1077605,0.04891,0.1208295,
590,0.0,0.1092165,0.0741871,0.0849733,0.0781245,0.0951909,0.0757255,0.079682,0.0663281,
591,0.0,0.1247454,0.1045218,0.0613995,0.0806395,0.0654744,0.0576895,0.0655585,0.0919613,
592,0.0,0.0990572,0.0677538,0.0763622,0.0760418,0.0637236,0.0800977,0.0836509,0.1073391,
593,1e-07,0.0806057,0.1020185,0.0349958,0.0813275,0.0801867,0.0898098,0.095224,0.1275413,
594,1e-07,0.0608769,0.1421086,0.0366146,0.095006,0.090272,0.0564229,0.0631044,0.1098516,
595,1e-07,0.0545973,0.0993613,0.0352324,0.0721761,0.0988192,0.071116,0.0177254,0.0655407,
596,1e-07,0.0270171,0.061391,0.0547504,0.0684632,0.1161602,0.0819027,0.0737841,0.0240557,
597,1e-07,0.0291167,0.0919865,0.0719033,0.0585173,0.0699023,0.0612552,0.0600559,0.0444584,
598,1e-07,0.0237674,0.1106066,0.0804817,0.0346618,0.0681254,0.0382459,0.0800071,0.0654948,
599,1e-07,0.0380578,0.0751345,0.0675759,0.0420603,0.0560441,0.0509457,0.062362,0.0850055,
600,1e-07,0.0327587,0.0912218,0.0649548,0.0431899,0.0420792,0.046035,0.0560704,0.0869502,
601,1e-07,0.0348875,0.0704081,0.0653923,0.0385509,0.0553088,0.053273,0.0589701,0.0696266,
602,1e-07,0.0559338,0.0595496,0.0543423,0.0089991,0.0663794,0.081299,0.0616588,0.0556789,
603,1e-07,0.0751947,0.0428117,0.0760953,0.0357776,0.0576609,0.085379,0.0594957,0.0666391,
604,1e-07,0.0503919,0.082375,0.0954384,0.0596009,0.0390501,0.0338525,0.0434257,0.0953391,
605,1e-07,0.0146357,0.0131089,0.1055084,0.0878654,0.0550661,0.0396308,0.0429789,0.0975157,
606,1e-07,0.0477705,0.0450385,0.1056653,0.0854537,0.0205603,0.1054402,0.094955,0.1015104,
607,1e-07,0.0771359,0.1262437,0.0983826,0.0522667,0.0613948,0.1550973,0.1511721,0.1928208,
608,1e-07,0.102878,0.0477482,0.0882646,0.0067303,0.0303139,0.1563339,0.0417805,0.1464153,
609,1e-07,0.0543904,0.0548894,0.1037632,0.0722765,0.0523573,0.1040546,0.0309993,0.0579644,
610,1e-07,0.1312525,0.1118104,0.1434883,0.155864,0.1163358,0.1216155,0.0256756,0.123712,
611,1e-07,0.0604679,0.0766761,0.0790091,0.1330877,0.1265262,0.1426933,0.0447754,0.0819481,
612,1e-07,0.0482653,0.0732459,0.0637075,0.1003823,0.1995647,0.1444305,0.0473818,0.1348614,
